140121200211	桃园村委会	112.294000	37.639841	0	30	72	村庄
140181203206	大应寒村委会	111.895740	37.849060	0	25	43	村庄
140106004013	并州路二社区居委会	112.564310	37.846490	1	80	95	政府机构
140109002010	后王社区居委会	112.511720	37.852009	1	80	97	政府机构
140107003004	东仓巷社区居委会	112.565105	37.877899	1	80	95	政府机构
140121203201	大寨村委会	112.477575	37.566172	1	80	100	政府机构
140123100223	杜家岭村委会	111.813154	38.060077	0	18	66	乡镇
140110003207	东关村村委会	112.482046	37.728779	1	80	97	政府机构
140121100213	陈家庄村委会	112.362821	37.597797	1	80	100	政府机构
140110101226	吴家峪村委会	112.383290	37.708960	0	30	72	村庄
140121204205	贾村堡村委会	112.575181	37.555204	0	18	35	村庄
140105001009	并州南路二社区居委会	112.575970	37.820549	1	80	95	政府机构
140106100220	孟家井村委会	112.692657	37.881202	0	60	80	UNKNOWN
140108002003	七府坟南街二社区居委会	112.557208	37.933893	1	90	95	政府机构
140109006004	虎峪街社区居委会	112.411237	37.837880	1	90	95	政府机构
140110001001	一巷社区居委会	112.509875	37.809414	1	90	95	政府机构
140122103220	赤泥社村委会	112.543980	38.088861	0	25	43	乡镇
140121103203	东罗村委会	112.404984	37.501584	0	18	66	乡镇
140181100214	院家峁村委会	112.316520	37.965730	0	30	72	村庄
140181204202	科头村委会	112.043280	37.803049	0	25	70	村庄
140105002019	王村社区居委会	112.580558	37.826358	1	90	95	政府机构
140121204213	西贾村委会	112.581495	37.546226	1	80	100	政府机构
140121100205	大北村委会	112.362842	37.621738	0	25	70	乡镇
140181001008	河南社区居委会	112.203587	37.918036	1	80	97	政府机构
140108001005	虹桥社区居委会	112.564487	37.917777	1	80	97	政府机构
140181204214	西庄头村委会	112.071250	37.825301	0	30	72	村庄
140181100202	河下村委会	112.244870	37.927161	0	30	72	村庄
140121103215	北东社村委会	112.404984	37.501584	0	18	49	乡镇
140107007006	赛马场社区居委会	112.591981	37.886770	1	80	95	地产小区
140109005002	新建社区居委会	112.512119	37.886497	1	90	97	政府机构
140106003001	庙前街社区居委会	112.556549	37.866029	1	80	97	政府机构
140105100215	代家堡村委会	112.553384	37.644972	0	18	66	乡镇
140108006001	大同路南社区居委会	112.537915	37.920529	1	80	95	政府机构
140107010002	城东社区居委会	112.625410	37.878440	1	80	97	政府机构
140123101218	新庄子村委会	111.832269	38.162611	0	25	70	乡镇
140181203210	新房村委会	111.862970	37.815100	0	30	72	村庄
140121200207	刘家元村委会	112.285865	37.695258	0	18	66	村庄
140181102004	武家庄社区居委会	112.032992	37.852821	1	80	100	政府机构
140109002006	南内环西街社区居委会	112.511720	37.852009	1	80	97	政府机构
140106004005	南内环街二社区居委会	112.564310	37.846490	1	80	95	政府机构
140123102208	程家岭村委会	111.955097	38.023045	0	18	66	乡镇
140181200200	阁上村委会	112.152810	38.098559	0	25	70	村庄
140108001402	太钢居委会	112.564487	37.917777	1	80	97	政府机构
140110003211	梁家寨村委会	112.482046	37.728779	1	80	97	政府机构
140109014003	义井西街社区居委会	112.489894	37.812338	1	80	97	政府机构
140109004003	荔梅社区居委会	112.522100	37.885560	1	80	100	政府机构
140181101203	城家曲村委会	112.176000	37.906901	0	14	29	区县
140121102214	崔家山村委会	112.227984	37.629029	0	18	66	乡镇
140107006007	白龙庙社区居委会	112.597268	37.876374	1	80	95	政府机构
140121101204	西北坊村委会	112.480863	37.537702	0	18	40	乡镇
140181102213	孙家圪垛村委会	112.004883	37.855542	0	16	38	乡镇
140181206205	陈家社村委会	112.187689	37.798871	0	25	47	乡镇
140107002013	桃园二巷西社区居委会	112.551250	37.876431	1	80	95	政府机构
140181201201	咀头村委会	112.099480	37.991549	0	25	70	乡镇
140122200208	西南窊村委会	112.650971	38.189656	0	18	35	乡镇
140109013007	小王社区居民委员会	112.521122	37.821034	1	80	94	政府机构
140106005004	桥东南社区居委会	112.563000	37.863200	0	16	28	区县
140109003007	北二条社区居委会	112.496369	37.861571	0	80	94	政府机构
140110001200	南堰村委会	112.509875	37.809414	1	90	97	政府机构
140107001003	大北门西社区居委会	112.561660	37.893570	1	80	95	政府机构
140121100012	南门社区	112.362842	37.621738	0	25	70	乡镇
140121201206	新堡村委会	112.331680	37.542309	0	30	72	村庄
140109200009	后西岭社区居委会	112.330127	37.904355	0	18	49	村庄
140123100219	凤凰村委会	111.832320	38.021301	0	30	72	村庄
140108002202	光社村委会	112.559156	37.938503	1	90	100	政府机构
140109010001	化客头社区居委会	112.394020	37.881509	1	80	97	政府机构
140106006002	老军营小区一社区居委会	112.555385	37.837910	1	75	92	地产小区
140108004006	朝阳社区居委会	112.532132	37.956844	1	80	97	政府机构
140123101222	阳坡村委会	111.832269	38.162611	0	25	70	乡镇
140121202200	西谷村委会	112.406398	37.575504	1	80	100	政府机构
140107002005	金刚堰东社区居委会	112.551250	37.876431	1	80	97	政府机构
140109003011	窊流社区居委会	112.496369	37.861557	1	80	97	政府机构
140106005012	双塔寺街二社区居委会	112.579331	37.845969	0	40	65	道路
140109013011	长兴南街社区居民委员会	112.521122	37.821034	1	80	94	政府机构
140108007016	滨丰苑社区居委会	112.528649	37.893968	1	80	95	地产小区
140121201210	成子村委会	112.323521	37.520068	0	18	40	村庄
140181202207	杏林坪村委会	112.149230	37.989059	0	30	72	村庄
140121100004	迎新社区	112.362842	37.621738	0	25	70	乡镇
140107001015	富力华庭社区居委会	112.561660	37.893570	1	80	97	政府机构
140123204219	西舍沟村委会	111.911187	37.941844	0	16	33	乡镇
140181205203	寺行村委会	112.095445	37.773043	0	18	66	村庄
140171404209	庄子营村委会	112.563000	37.873500	0	0	8	省
140121102202	东高白村委会	112.227984	37.629029	0	18	35	乡镇
140109007005	新胜社区居委会	112.440780	37.837495	1	80	97	政府机构
140106001006	海子边东街社区居委会	112.565895	37.869133	1	90	97	政府机构
140108101218	司徒洼村委会	112.611003	38.012790	1	80	100	政府机构
140108003002	华北工学院社区居委会	112.454005	38.007222	1	80	94	政府机构
140107010203	石柱沟村委会	112.625410	37.878440	1	80	97	政府机构
140181206213	瓦屋沟村委会	112.187689	37.798871	0	25	47	乡镇
140181102205	营立村委会	112.001090	37.848257	1	80	100	政府机构
140107005001	新民北街社区居委会	112.569456	37.879972	1	80	97	政府机构
140121101212	北郜村委会	112.480863	37.537702	0	18	35	乡镇
140123102212	龙尾头村委会	111.955097	38.023045	0	18	66	乡镇
140105006001	通达街社区居委会	112.569964	37.729925	1	80	97	政府机构
140107003008	西羊市社区居委会	112.565105	37.877899	1	80	95	政府机构
140122202203	湾里村委会	112.960620	38.057331	0	30	72	村庄
140105005011	郑村社区居委会	112.608750	37.780231	1	80	97	政府机构
140123101202	河岔村委会	111.832269	38.162611	0	25	70	乡镇
140110102001	姚村社区居委会	112.390284	37.650152	0	30	72	商圈
140108008005	芮城社区居委会	112.489723	37.938220	1	80	95	政府机构
140122201213	上阳寨村委会	112.718113	37.995969	0	16	38	村庄
140107009002	长沟社区居委会	112.575100	37.914999	1	80	97	政府机构
140105002015	长治路三社区居委会	112.580558	37.826358	1	90	95	政府机构
140110100207	西峪村委会	112.498681	37.781680	0	18	66	乡镇
140123202210	择石村委会	111.661159	38.088567	0	16	38	乡镇
140181002002	迎宾路社区居委会	112.174167	37.915644	1	80	100	政府机构
140122102201	故县村委会	112.791575	38.068867	0	16	38	乡镇
140107201210	东坪村委会	112.645051	37.942879	0	18	66	村庄
140105001005	坞城南路社区居委会	112.575970	37.820549	1	80	95	政府机构
140121204209	东贾村委会	112.575181	37.555204	0	18	66	村庄
140121102222	阎庄村委会	112.256280	37.642610	0	30	72	村庄
140123201200	边家庄村委会	111.721468	38.038097	0	25	70	乡镇
140122101211	移动新村村委会	112.778569	38.189633	0	18	40	乡镇
140122205207	贾家庄村委会	112.994189	38.007976	1	80	100	政府机构
140123202206	南峪村委会	111.661159	38.088567	0	16	65	乡镇
140121101224	杜村村委会	112.473463	37.477859	1	80	100	政府机构
140121103219	新营村委会	112.343950	37.470750	0	30	72	村庄
140107009014	东山社区居委会	112.575100	37.914999	1	80	97	政府机构
140105002003	东岗路二社区居委会	112.580558	37.826358	1	90	95	政府机构
140107201206	窑头村委会	112.637760	37.941709	0	30	72	村庄
140123201216	杜家庄村委会	111.577620	37.968321	0	30	72	村庄
140121100209	上固驿村委会	112.362842	37.621738	0	25	43	乡镇
140105001013	开元社区居委会	112.575970	37.820549	1	80	97	政府机构
140123100002	娄烦村第二社区居委会	111.854069	38.096762	0	30	72	村庄
140108100203	西留庄村委会	112.524500	37.993730	0	30	72	村庄
140181001004	青年路社区居委会	112.203587	37.918036	1	80	95	政府机构
140122104005	首邑南路社区居委会	112.664697	38.051189	0	40	77	道路
140122101207	东南窊村委会	112.778569	38.189633	0	18	35	乡镇
140106100001	朝阳一社区居委会	112.575304	37.867656	1	80	95	地产小区
140123102204	庄儿上村委会	111.955097	38.023045	0	18	66	乡镇
140105006017	真武南路社区居委会	112.569964	37.729925	1	80	95	政府机构
140181003202	李家社村委会	112.176000	37.906901	0	14	29	区县
140123101214	新开村委会	111.736010	38.144859	0	30	72	村庄
140122201205	西黄水村委会	112.643650	38.002550	0	60	80	UNKNOWN
140106004009	双塔西街三社区居委会	112.564310	37.846490	1	80	97	政府机构
140122104402	城南街社区居委会	112.670299	38.050851	0	40	77	道路
140108200201	甘草卯村委会	112.392412	37.968152	0	18	35	乡镇
140122100206	小屯庄村委会	112.668068	38.096770	0	18	66	乡镇
140108101202	河底村委会	112.611850	38.020881	0	30	72	村庄
140109009001	铝厂社区居委会	112.488999	37.886776	1	80	95	政府机构
140171402001	中环社区	112.563000	37.873500	0	0	10	省
140181206209	宋家庄村委会	112.187689	37.798871	0	25	70	乡镇
140110102200	高家堡村委会	112.389192	37.671653	0	18	66	乡镇
140122103216	南路村委会	112.543980	38.088861	0	25	70	乡镇
140107200207	谷旦村委会	112.575902	37.924758	0	25	47	乡镇
140106100216	小山岩村委会	112.682235	37.862369	0	18	49	乡镇
140105003002	田和社区居委会	112.603391	37.787327	1	90	97	政府机构
140171404213	南录树村委会	112.563000	37.873500	0	0	9	省
140121100225	油房堡村委会	112.362842	37.621738	0	25	47	乡镇
140121102218	六段地村委会	112.227984	37.629029	0	18	40	乡镇
140123203207	青羊沟村委会	111.678659	37.921506	0	16	38	乡镇
140108201200	东关口村委会	112.460980	38.064381	0	50	73	UNKNOWN
140106005008	并州东街二社区居委会	112.580701	37.851669	0	40	65	道路
140122200204	南白村委会	112.662680	38.181211	1	80	100	政府机构
140105004006	水总社区居委会	112.554880	37.818340	1	80	97	政府机构
140123100215	向阳村委会	111.869110	38.066130	0	30	72	村庄
140109200005	上南山社区居委会	112.330127	37.904355	0	18	49	村庄
140123204203	下冶南村委会	111.911187	37.941844	0	16	47	乡镇
140121200227	程家沟村委会	112.285865	37.695258	0	18	66	村庄
140171405005	横河社区居委会	112.563000	37.873500	0	0	11	省
140110100006	木厂头居委会	112.498681	37.781680	0	18	49	乡镇
140181001205	高五足村委会	112.203587	37.918036	1	80	94	政府机构
140123204215	石家岩村委会	111.911187	37.941844	0	16	38	乡镇
140109200013	堡山社区居委会	112.330127	37.904355	0	18	49	村庄
140105004010	二零七所社区居委会	112.554880	37.818340	1	80	95	政府机构
140123100203	姚罗村委会	111.807214	38.067555	1	80	100	政府机构
140122203202	韩庄村委会	112.332921	38.119699	0	30	72	村庄
140108202206	陈家窑村委会	112.543643	38.013081	0	25	70	乡镇
140171401400	浓木场居委会	112.563000	37.873500	0	0	9	省
140110100010	金胜新苑社区居委会	112.489516	37.778544	0	30	72	商圈
140107002009	旱西关东社区居委会	112.551250	37.876431	1	80	97	政府机构
140121200231	西圪台头村委会	112.285865	37.695258	0	18	40	村庄
140122204206	扫峪村委会	112.296580	38.238993	0	18	40	乡镇
140108101214	岗底村委会	112.591428	38.006280	0	18	66	乡镇
140122100210	中社村委会	112.668068	38.096770	0	18	66	乡镇
140123200201	上庙湾村委会	111.928458	38.129301	0	18	66	村庄
140108008212	下槐村委会	112.489723	37.938220	1	80	94	政府机构
140121103223	南程村委会	112.404984	37.501584	0	18	66	乡镇
140181102209	康家梁村委会	112.176000	37.906901	0	14	29	区县
140107200211	西岭村委会	112.575902	37.924758	0	25	70	乡镇
140181003003	千佛路社区居委会	112.168730	37.906650	0	50	82	道路
140122103200	泥屯村委会	112.543980	38.088861	0	25	70	乡镇
140123203211	国练村委会	111.678659	37.921506	0	16	38	乡镇
140110101206	花塔村委会	112.432400	37.700637	0	18	40	乡镇
140171401007	下庄社区居委会	112.563000	37.873500	0	0	10	省
140171404205	南格村委会	112.563000	37.873500	0	0	10	省
140107008003	敦化坊社区居委会	112.578100	37.894409	1	80	97	政府机构
140105003014	岗头社区居委会	112.603391	37.787327	1	90	97	政府机构
140107200210	长沟村委会	112.606750	37.939221	0	30	72	村庄
140181003002	当中街社区居委会	112.170100	37.909920	0	50	82	道路
140122103201	思西村委会	112.543980	38.088861	0	25	70	乡镇
140123203210	曹家掌村委会	111.678659	37.921506	0	16	38	乡镇
140110101207	赤桥村委会	112.432400	37.700637	0	18	66	乡镇
140171401006	化章堡社区居委会	112.591173	37.718485	0	80	97	UNKNOWN
140171404204	张花营村委会	112.550400	37.621681	0	30	72	村庄
140107008002	河北里社区居委会	112.577696	37.897896	0	30	58	乡镇
140105003015	道把社区居委会	112.603391	37.787327	1	90	97	政府机构
140108101215	郭家窑村委会	112.569310	38.004609	1	80	100	政府机构
140122100211	北塔地村委会	112.668068	38.096770	0	18	35	乡镇
140123200200	常家坡村委会	111.928458	38.129301	0	18	40	村庄
140108008213	柏崖头村委会	112.489723	37.938220	1	80	94	政府机构
140121103222	北程村委会	112.404984	37.501584	0	18	66	乡镇
140181102208	南家山村委会	112.176000	37.906901	0	14	37	区县
140122203203	官庄村委会	112.317900	38.130880	0	30	72	村庄
140171401401	园区社区	112.563000	37.873500	0	0	10	省
140110100011	南阜社区居委会	112.489516	37.778544	0	30	58	商圈
140107002008	旱西关西社区居委会	112.546983	37.879576	1	75	95	地产小区
140105007001	北畔社区居委会	112.607960	37.778681	1	80	97	政府机构
140181001204	马连岩村委会	112.203587	37.918036	1	80	94	政府机构
140110003226	田家庄村村委会	112.482046	37.728779	1	80	94	政府机构
140181004006	鹿庄社区居委会	112.107670	37.901450	1	80	95	政府机构
140123204214	顺道村委会	111.911187	37.941844	0	16	38	乡镇
140121100009	南二街社区	112.460800	37.581919	0	50	100	道路
140109200012	周家山社区居委会	112.330127	37.904355	0	18	66	村庄
140123100202	童子崖村委会	111.782708	38.062337	0	60	80	UNKNOWN
140105004011	六九零四社区居委会	112.554880	37.818340	1	80	95	政府机构
140181002202	永树曲村委会	112.168348	37.912666	1	80	97	政府机构
140171405004	东温庄社区居民委员会	112.647577	37.720670	0	30	58	村庄
140121200226	武家崖村委会	112.285865	37.695258	0	18	40	村庄
140110100007	西寨社区居委会	112.498681	37.781680	0	18	66	乡镇
140108201201	西关口村委会	112.471824	38.046895	0	18	40	村庄
140106005009	并州东街三社区居委会	112.580701	37.851669	0	40	77	道路
140122200205	西兴庄村委会	112.644340	38.195659	0	30	72	村庄
140123100214	蒲峪村委会	111.813154	38.060077	0	18	40	乡镇
140105004007	汽造社区居委会	112.554880	37.818340	1	80	95	政府机构
140109200004	东河社区居委会	112.330127	37.904355	0	18	66	村庄
140123204202	河北村委会	111.881492	37.935067	0	30	72	村庄
140122103217	岔上村委会	112.512560	38.199299	0	30	58	村庄
140107008014	富力城社区居委会	112.578100	37.894409	1	80	95	政府机构
140105003003	许坦社区居委会	112.603391	37.787327	1	90	97	政府机构
140106100217	前麻地沟村委会	112.682235	37.862369	0	18	66	乡镇
140171404212	董家营村委会	112.563000	37.873500	0	0	10	省
140171401010	梧桐社区居委会	111.114509	37.514064	0	80	100	政府机构
140121102219	黑岔村委会	112.227984	37.629029	0	18	40	乡镇
140121100224	柴家寨村委会	112.362842	37.621738	0	25	47	乡镇
140110101211	小站营村委会	112.472253	37.707305	0	50	73	UNKNOWN
140123203206	娄儿上村委会	111.678659	37.921506	0	16	47	乡镇
140122100207	大屯庄村委会	112.702040	38.063150	1	80	100	政府机构
140108101203	北山头村委会	112.591428	38.006280	0	18	66	乡镇
140181206208	师家山村委会	112.187689	37.798871	0	25	70	乡镇
140110102201	姚村村委会	112.394757	37.646428	1	80	100	政府机构
140123101215	常庄村委会	111.813120	38.143011	0	30	72	村庄
140122201204	青龙村委会	112.718113	37.995969	0	16	47	村庄
140106004008	双塔西街二社区居委会	112.564310	37.846490	1	80	95	政府机构
140122104403	东北街社区居委会	112.679680	38.062130	0	40	77	道路
140108200200	马头水村委会	112.414830	37.957540	1	80	100	政府机构
140105006016	贾家寨社区居委会	112.569964	37.729925	1	80	95	政府机构
140123102205	罗家曲村委会	111.955097	38.023045	0	18	35	乡镇
140181003203	梁庄村委会	112.133860	37.885370	0	30	72	村庄
140121100208	平泉村委会	112.355497	37.626776	1	80	100	政府机构
140105001012	国际大都会社区居委会	112.575970	37.820549	1	80	95	政府机构
140123100003	娄烦村第三社区居委会	111.854069	38.096762	0	30	72	村庄
140109008001	太白街社区居委会	112.476270	37.865091	1	80	95	政府机构
140108100202	中下温村委会	112.514230	37.981749	0	30	72	村庄
140122104004	首邑北路社区居委会	112.671199	38.061311	0	30	72	道路
140181001005	义学路社区居委会	112.203587	37.918036	1	80	95	政府机构
140122101206	大泉沟村委会	112.739430	38.149440	0	30	72	村庄
140123202207	寺头村委会	111.617710	38.067029	1	80	100	政府机构
140121103218	冀家堡村委会	112.404984	37.501584	0	18	35	乡镇
140121101225	南宜武村委会	112.480863	37.537702	0	18	35	乡镇
140105002002	东岗路一社区居委会	112.580558	37.826358	1	90	95	政府机构
140107201207	水沟村委会	112.630730	37.940789	0	30	72	村庄
140105100218	梁家庄村委会	112.553384	37.644972	0	18	66	乡镇
140105001004	许坦西街社区居委会	112.575970	37.820549	1	80	95	政府机构
140121204208	东楚王村委会	112.575181	37.555204	0	18	49	村庄
140121102223	大旺村委会	112.227984	37.629029	0	18	66	乡镇
140123201201	河家兰村委会	111.672650	38.021619	1	80	100	政府机构
140122101210	棘针沟村委会	112.778569	38.189633	0	18	40	乡镇
140122205206	杨家掌村委会	112.896010	38.248431	0	25	47	村庄
140107009003	东岗社区居委会	112.575100	37.914999	1	80	97	政府机构
140105002014	长治路二社区居委会	112.580558	37.826358	1	90	94	政府机构
140181002003	滨河北路社区居委会	112.174156	37.915635	1	80	100	政府机构
140122102200	东黄水村委会	112.784590	38.070081	0	50	73	UNKNOWN
140107201211	后沟村委会	112.591775	37.956196	1	80	100	政府机构
140123101203	西六度村委会	111.832269	38.162611	0	25	43	乡镇
140105005010	北营社区居委会	112.608750	37.780231	1	80	97	政府机构
140108008004	营村社区居委会	112.489723	37.938220	1	80	97	政府机构
140122201212	店子底村委会	112.718113	37.995969	0	16	38	村庄
140122202202	大方上村委会	112.948329	38.076297	0	16	47	乡镇
140106001007	开化寺街南社区居委会	112.565895	37.869133	1	90	95	政府机构
140108003003	寒泉社区居委会	112.454005	38.007222	1	80	95	政府机构
140107010202	小窑头村委会	112.625410	37.878440	1	80	97	政府机构
140181206212	上庄村委会	112.127360	37.708541	0	30	72	村庄
140181102204	下石沟村委会	112.004883	37.855542	0	16	38	乡镇
140121101213	南郜村委会	112.480863	37.537702	0	18	35	乡镇
140171404208	小北格村委会	112.550040	37.651021	0	30	72	村庄
140181205202	下白泉村委会	112.176000	37.906901	0	14	46	区县
140107006010	建设北路南社区居委会	112.597268	37.876374	1	80	95	政府机构
140121102203	中高白村委会	112.227984	37.629029	0	18	35	乡镇
140109003010	南社社区居委会	112.496369	37.861557	1	80	95	政府机构
140106005013	双塔寺街三社区居委会	112.579331	37.845969	0	40	77	道路
140109013010	南屯社区居民委员会	112.524784	37.817126	1	80	92	地产小区
140108007017	小东流社区居委会	112.515260	37.899869	1	80	97	生活服务
140121201211	常丰村委会	112.299260	37.489361	0	30	72	村庄
140181202206	九龙塔村委会	112.106116	37.972467	0	18	49	村庄
140121100005	葡乡社区	112.362842	37.621738	0	25	70	乡镇
140107001014	西苑社区居委会	112.561660	37.893570	1	80	97	政府机构
140123204218	东沟塔村委会	111.911187	37.941844	0	16	38	乡镇
140105201201	王吴村委会	112.435362	37.614474	0	50	73	UNKNOWN
140106006003	老军营小区三社区居委会	112.555385	37.837910	1	75	95	地产小区
140108004007	新华社区居委会	112.532132	37.956844	1	80	97	政府机构
140123101223	梁儿上村委会	111.832269	38.162611	0	25	47	乡镇
140121202201	东木庄村委会	112.394408	37.590217	1	80	100	政府机构
140107002004	金刚堰西社区居委会	112.551250	37.876431	1	80	95	政府机构
140181100002	汾水社区居委会	112.245921	37.998369	0	16	65	乡镇
140122200209	马坡村委会	112.750597	38.007700	1	80	100	政府机构
140109013006	西岸社区居委会	112.521122	37.821034	1	80	97	政府机构
140106005005	东岗社区居委会	112.563000	37.863200	0	16	33	区县
140109003006	康乐社区居委会	112.496369	37.861557	1	80	97	政府机构
140110001201	北堰村委会	112.501441	37.806672	1	80	100	政府机构
140107001002	大北门东社区居委会	112.561660	37.893570	1	80	95	政府机构
140121100013	清源路社区	112.360659	37.609812	0	40	100	道路
140109200008	前西岭社区居委会	112.321666	37.893030	0	30	72	村庄
140121201207	西青堆村委会	112.328795	37.552999	1	80	100	政府机构
140108007001	友喜社区居委会	112.515358	37.892964	1	90	100	政府机构
140123100218	小泉沟村委会	111.813154	38.060077	0	18	40	乡镇
140107002012	三桥街社区居委会	112.551250	37.876431	1	80	97	政府机构
140181201200	冶元村委会	112.099480	37.991549	0	25	47	乡镇
140121101205	北关村委会	112.515371	37.564789	0	30	72	村庄
140108008209	小石河村委会	112.489723	37.938220	1	80	97	政府机构
140181102212	武家坡村委会	112.004883	37.855542	0	16	65	乡镇
140181206204	中社村委会	112.187689	37.798871	0	25	70	乡镇
140106002001	文庙社区居委会	112.580236	37.863754	1	80	97	政府机构
140109014002	西峪社区居委会	112.489894	37.812338	1	80	95	政府机构
140105200001	武宿社区居委会	112.647904	37.757265	1	80	100	政府机构
140109004002	竹杏社区居委会	112.515949	37.877624	1	100	97	政府机构
140181101202	上雁门村委会	112.053987	37.959479	1	80	100	政府机构
140107006006	五龙口社区居委会	112.597268	37.876374	1	80	95	政府机构
140121102215	太平庄村委会	112.234100	37.625650	0	30	72	村庄
140123102209	常里岩村委会	111.955097	38.023045	0	18	49	乡镇
140181200201	猫儿尖村委会	112.152810	38.098559	0	25	47	村庄
140108001403	龙城社区居委会	112.564487	37.917777	1	80	97	政府机构
140110003210	庞家寨村委会	112.482046	37.728779	1	80	97	政府机构
140107010003	剪子湾社区居委会	112.625410	37.878440	1	80	97	政府机构
140123101219	山庄头村委会	111.776130	38.149091	0	30	72	村庄
140181203211	席麻沟村委会	111.873150	37.820851	0	30	72	村庄
140121200206	西梁泉村委会	112.285865	37.695258	0	18	35	村庄
140109002007	迎泽桥西社区居委会	112.511720	37.852009	1	80	94	政府机构
140106004004	南内环街一社区居委会	112.564310	37.846490	1	80	95	政府机构
140122201208	洛阳村委会	112.718113	37.995969	0	16	65	村庄
140108001004	新兴商贸社区居委会	112.564487	37.917777	1	80	95	政府机构
140181204215	辛庄村委会	112.089630	37.832339	0	30	72	村庄
140181100203	寨上村委会	112.222250	37.919539	0	30	72	村庄
140107007007	赛马场西社区居委会	112.588420	37.890680	1	80	93	政府机构
140121103214	车南安村委会	112.404984	37.501584	0	18	49	乡镇
140109005003	东风社区居民委员会	112.512119	37.886497	1	90	94	政府机构
140121204212	大常村委会	112.600563	37.546656	1	80	100	政府机构
140121100204	六合村委会	112.330204	37.609068	1	80	100	政府机构
140181001009	铁磨沟社区居委会	112.203587	37.918036	1	80	97	政府机构
140121103202	西罗村委会	112.404984	37.501584	0	18	66	乡镇
140181100215	吾儿峁村委会	112.245921	37.998369	0	16	38	乡镇
140181204203	郭家梁村委会	112.043280	37.803049	0	25	70	村庄
140181201001	加乐泉社区居委会	112.099480	37.991549	0	25	55	乡镇
140105002018	平阳路三社区居委会	112.580558	37.826358	1	90	95	政府机构
140105100202	郜村村委会	112.603139	37.648772	1	80	100	政府机构
140110101227	明马村委会	112.432400	37.700637	0	18	40	乡镇
140121100212	西木庄村委会	112.373230	37.598371	1	80	100	政府机构
140107004001	西华门社区居委会	112.572655	37.875209	1	75	95	地产小区
140121204204	史家社村委会	112.575181	37.555204	0	18	35	村庄
140106100221	柳沟村委会	112.682235	37.862369	0	18	66	乡镇
140105001008	并州南路一社区居委会	112.575970	37.820549	1	80	95	政府机构
140108002002	七府坟南街一社区居委会	112.557208	37.933893	1	90	95	政府机构
140109006005	煤源社区居委会	112.411237	37.837880	1	90	97	政府机构
140122103221	龙泉村委会	112.427640	38.243361	0	30	72	村庄
140107003005	奶生堂社区居委会	112.565105	37.877899	1	80	95	政府机构
140121203200	王答村委会	112.474429	37.592839	0	30	72	村庄
140123100222	四家坪村委会	111.813154	38.060077	0	18	66	乡镇
140109011001	闫家沟社区居委会	112.497988	37.857887	1	80	95	地产小区
140110003206	古城营村委会	112.482046	37.728779	1	80	94	政府机构
140109001001	公园路社区居委会	112.515333	37.864765	1	80	100	政府机构
140121200210	西沟村委会	112.285865	37.695258	0	18	66	村庄
140181203207	寨底村委会	111.895740	37.849060	0	25	70	村庄
140106004012	并州路一社区居委会	112.564310	37.846490	1	80	95	政府机构
140121100022	旭升南社区	112.362842	37.621738	0	25	55	乡镇
140106100011	赵北峰社区居委会	112.616675	37.842811	0	60	87	UNKNOWN
140105006007	巩家堡社区居委会	112.569629	37.722834	1	80	100	政府机构
140122202205	后街村委会	112.939860	38.057199	0	30	72	村庄
140108008003	三给社区居委会	112.489723	37.938220	1	80	95	政府机构
140123101204	曼咀岩村委会	111.832269	38.162611	0	25	47	乡镇
140109009206	王家庄村委会	112.488999	37.886776	1	80	97	政府机构
140108200211	北石槽村委会	112.392412	37.968152	0	18	66	乡镇
140121103209	杨房村委会	112.364585	37.487849	0	30	72	村庄
140107009004	七府园社区居委会	112.575100	37.914999	1	80	95	政府机构
140105002013	长治路一社区居委会	112.580558	37.826358	1	90	94	政府机构
140181204208	南头村委会	112.019990	37.781100	0	30	72	村庄
140105100209	东蒲村委会	112.529150	37.673960	0	30	72	村庄
140122102207	马驼村委会	112.791575	38.068867	0	16	38	乡镇
140181002004	滩上社区居委会	112.168348	37.912666	1	80	95	政府机构
140121100219	吴村村委会	112.330065	37.563373	1	80	100	政府机构
140121102224	新立村委会	112.234760	37.594751	0	30	72	村庄
140123201206	新城村村委会	111.723160	38.025450	0	30	58	村庄
140105001003	八一社区居委会	112.575970	37.820549	1	80	97	政府机构
140109008010	朝北街社区居委会	112.476270	37.865091	1	80	95	政府机构
140122205201	水头村委会	112.875370	38.234129	0	30	72	村庄
140107009012	花南社区居委会	112.575100	37.914999	1	80	95	政府机构
140105002005	并州南路二社区居委会	112.580558	37.826358	1	90	95	政府机构
140123202200	王光塔村委会	111.746066	38.083993	1	80	100	政府机构
140181100208	沟底村委会	112.245921	37.998369	0	16	65	乡镇
140121101222	南内道村委会	112.480863	37.537702	0	18	40	乡镇
140109005008	和平苑社区居委会	112.512119	37.886497	1	90	97	政府机构
140122102211	红沟村委会	112.791575	38.068867	0	16	65	乡镇
140107201200	小返村委会	112.616836	37.949530	0	40	65	商圈
140123100004	城东区社区居委会	111.813154	38.060077	0	18	49	乡镇
140105001015	锦绣社区居委会	112.575970	37.820549	1	80	97	政府机构
140123201210	蔡家庄村委会	111.659719	38.019577	1	80	100	政府机构
140122101201	南高庄村委会	112.727230	38.193871	0	30	72	村庄
140181004200	风坪岭村委会	112.107670	37.901450	1	80	93	政府机构
140181001002	建设路社区居委会	112.184449	37.904361	1	80	100	政府机构
140122104003	南坡街社区居委会	112.670544	38.058068	1	80	100	政府机构
140108100205	新翟村委会	112.506984	37.995836	0	20	41	乡镇
140109008006	西矿街北社区居委会	112.476270	37.865091	1	80	95	政府机构
140123102202	小河沟村委会	111.955097	38.023045	0	18	66	乡镇
140105006011	李家庄社区居委会	112.569964	37.729925	1	80	97	政府机构
140106100007	枣园社区居委会	112.682235	37.862369	0	18	66	乡镇
140110101001	晋祠社区居委会	112.452177	37.705300	0	30	72	商圈
140181003204	高升村委会	112.118011	37.859485	1	80	100	政府机构
140107010008	杨家峪居委会	112.625410	37.878440	1	80	97	政府机构
140105005001	教育学院社区居委会	112.608750	37.780231	1	80	95	政府机构
140123101212	辽庄村委会	111.750839	38.169591	1	80	100	政府机构
140108200207	梁背后村委会	112.392412	37.968152	0	18	40	乡镇
140122104404	文明街社区居委会	112.668669	38.055952	0	50	82	道路
140108101204	棋子山村委会	112.591428	38.006280	0	18	66	乡镇
140122100200	黄寨村委会	112.670827	38.066900	1	80	100	政府机构
140108008202	西张村村委会	112.489723	37.938220	1	80	97	政府机构
140110102206	固驿村委会	112.389192	37.671653	0	18	40	乡镇
140123200211	神足底村委会	111.928458	38.129301	0	18	40	村庄
140109004009	和泽苑社区居委会	112.515949	37.877624	1	100	95	政府机构
140122103210	阳坡村委会	112.574664	38.049104	1	80	100	政府机构
140181101209	台盘村委会	112.176000	37.906901	0	14	32	区县
140110101216	万花堡村委会	112.432400	37.700637	0	18	35	乡镇
140121100223	牛家寨村委会	112.362842	37.621738	0	25	70	乡镇
140123203201	康家沟村委会	111.654721	37.903452	1	80	100	政府机构
140106100210	松庄村委会	112.682235	37.862369	0	18	66	乡镇
140107008013	晋安西街社区居委会	112.580928	37.898067	1	75	95	地产小区
140105003004	晋瑞苑社区居委会	112.603391	37.787327	1	90	97	政府机构
140171404215	桃园堡村委会	111.762674	37.163800	0	80	100	政府机构
140122200202	王文岭村委会	112.650971	38.189656	0	18	49	乡镇
140108201206	岗北村委会	112.471824	38.046895	0	18	66	村庄
140107001009	小北关社区居委会	112.561660	37.893570	1	80	97	政府机构
140121100018	永定街社区	112.346100	37.608200	0	40	100	道路
140123204205	孔河沟村委会	111.911187	37.941844	0	16	47	乡镇
140123100213	西街村委会	111.860910	38.085809	0	30	72	村庄
140171403211	水泉村委会	112.673000	38.058301	0	14	29	区县
140109200003	城封社区居委会	112.330127	37.904355	0	18	66	村庄
140105007010	易城社区居委会	112.607960	37.778681	1	80	95	政府机构
140121200221	西石窖村委会	112.285865	37.695258	0	18	35	村庄
140171405003	后所营居民委员会	112.612747	37.727919	0	80	95	政府机构
140181004001	康乐苑社区居委会	112.107670	37.901450	1	80	95	政府机构
140110003221	店头村村委会	112.482046	37.728779	1	80	97	政府机构
140181001203	许家山村委会	112.203587	37.918036	1	80	97	政府机构
140106005018	迎宾社区居委会	112.563000	37.863200	0	16	33	区县
140109200015	马矢山社区居委会	112.330127	37.904355	0	18	66	村庄
140171403207	侯村村委会	112.673000	38.058301	0	14	32	区县
140123100205	新良庄村委会	111.815800	38.075120	0	30	58	村庄
140123204213	陈家庄村委会	111.911187	37.941844	0	16	65	乡镇
140108009002	东方社区居委会	112.546486	37.951023	1	90	97	政府机构
140108202200	西高庄村委会	112.532730	38.037520	0	30	72	村庄
140122203204	岭底村委会	112.422250	38.136071	0	25	70	乡镇
140181003402	福康苑社区	112.169562	37.890836	0	60	100	地产小区
140106006008	桃园南路二社区居委会	112.547298	37.842327	1	90	95	政府机构
140105007006	新营社区居委会	112.607960	37.778681	1	80	97	政府机构
140122100216	录古咀村委会	112.668068	38.096770	0	18	35	乡镇
140122204200	北小店村委会	112.307328	38.220979	1	80	100	政府机构
140108101212	西岗村委会	112.616900	37.970360	0	30	72	村庄
140107010209	山庄头村委会	112.625410	37.878440	1	80	97	政府机构
140123200207	东窑上村委会	111.928458	38.129301	0	18	66	村庄
140110102210	黄楼村委会	112.394150	37.664689	0	30	72	村庄
140121101218	南尹村委会	112.480863	37.537702	0	18	66	乡镇
140122103206	中兵村委会	112.543980	38.088861	0	25	47	乡镇
140181003005	青山路社区居委会	112.176000	37.906901	0	14	37	区县
140171404203	张花村委会	112.566777	37.615788	0	80	100	政府机构
140181205209	赵河口村委会	112.224315	37.926298	1	80	100	政府机构
140171401001	城西社区居委会	113.274785	35.775360	0	80	100	政府机构
140107008005	太铁二社区居委会	112.578100	37.894409	1	80	94	政府机构
140105003012	南坪头社区居委会	112.603391	37.787327	1	90	95	政府机构
140121102208	口儿村委会	112.227984	37.629029	0	18	40	乡镇
140181203200	岔口村委会	111.895740	37.849060	0	25	70	村庄
140121200217	西迎南风村委会	112.285865	37.695258	0	18	49	村庄
140123101208	步斗村委会	111.832269	38.162611	0	25	47	乡镇
140107010012	长江社区居委会	112.625410	37.878440	1	80	97	政府机构
140106004015	青年路三社区居委会	112.564310	37.846490	1	80	97	政府机构
140121203207	红城村委会	112.488026	37.590095	0	18	66	村庄
140123100225	我家村委会	111.813154	38.060077	0	18	40	乡镇
140108005001	迎新街道青楼社区居委会	112.535840	37.955861	0	50	68	道路
140107003002	西缉虎营社区居委会	112.561400	37.875470	1	80	97	政府机构
140110003201	东街村村委会	112.482046	37.728779	1	80	95	政府机构
140109001006	瓦窑社区居委会	112.514420	37.862779	1	80	97	政府机构
140122202209	西汉湖村委会	112.948329	38.076297	0	16	33	乡镇
140109011006	长风北社区居委会	112.506542	37.859380	1	90	94	政府机构
140108002005	建工街一社区居委会	112.557208	37.933893	1	90	94	政府机构
140106100226	占道村委会	112.682235	37.862369	0	18	40	乡镇
140107004006	杏花岭社区居委会	112.578951	37.870499	1	80	100	政府机构
140121100215	温南社村委会	112.362842	37.621738	0	25	55	乡镇
140110101220	牛家口村委会	112.432400	37.700637	0	18	40	乡镇
140110001007	南一巷一社区居委会	112.509107	37.810079	1	70	92	地产小区
140109006002	河涝湾社区居委会	112.411237	37.837880	1	90	95	政府机构
140181204204	水益村委会	111.970139	37.751546	1	80	100	政府机构
140107009008	新店社区居委会	112.575100	37.914999	1	80	97	政府机构
140181100212	大坡村委会	112.231620	38.001380	0	30	72	村庄
140121103205	尧城村委会	112.404984	37.501584	0	18	40	乡镇
140106003011	水西关街一社区居委会	112.556549	37.866029	1	80	95	政府机构
140121204215	代李青村委会	112.575181	37.555204	0	18	35	村庄
140108100209	下薛村委会	112.506984	37.995836	0	20	67	乡镇
140110001011	华都社区居委会	112.509875	37.809414	1	90	95	政府机构
140121103213	齐南安村委会	112.404984	37.501584	0	18	49	乡镇
140181100204	磨石村委会	112.245921	37.998369	0	16	65	乡镇
140108001003	大型社区居委会	112.564487	37.917777	1	80	97	政府机构
140108004201	圪垛村村委会	112.532132	37.956844	1	80	97	政府机构
140105002009	体育路一社区居委会	112.580558	37.826358	1	90	95	政府机构
140181204212	端端圪垛村委会	112.043280	37.803049	0	25	55	村庄
140106003007	桃园路一社区居委会	112.556549	37.866029	1	80	94	政府机构
140105100213	同过村委会	112.496530	37.644890	1	80	100	政府机构
140110002001	第一社区居委会	112.485411	37.767956	1	80	97	政府机构
140181102002	西塔社区居委会	112.004883	37.855542	0	16	47	乡镇
140107010004	道场沟社区居委会	112.625410	37.878440	1	80	97	政府机构
140108006007	翠馨苑社区居委会	112.537915	37.920529	1	80	97	政府机构
140121200201	仁义村委会	112.332261	37.626159	0	30	72	村庄
140106004003	解放南路二社区居委会	112.564310	37.846490	1	80	95	政府机构
140109007202	白家庄村委会	112.440780	37.837495	1	80	97	政府机构
140121203211	马家庄村委会	112.459980	37.582839	0	30	72	村庄
140109011010	下元社区居委会	112.506775	37.853346	1	70	92	地产小区
140109001010	理工大社区居民委员会	112.514420	37.862779	1	80	94	政府机构
140110003217	周家庄村委会	112.482046	37.728779	1	80	97	政府机构
140109004005	漪汾苑社区居委会	112.515949	37.877624	1	100	97	政府机构
140109014005	寨沟社区居民委员会	112.489894	37.812338	1	80	95	政府机构
140106002006	新城北街社区居委会	112.580236	37.863754	1	80	97	政府机构
140171404219	西辽西村委会	112.563000	37.873500	0	0	8	省
140105003008	山毛社区居委会	112.601154	37.790170	1	70	92	地产小区
140121102212	南岭村委会	112.190470	37.636391	0	30	72	村庄
140107006001	新源里北社区居委会	112.597399	37.876387	1	80	100	政府机构
140181101205	八字山村委会	112.176000	37.906901	0	14	46	区县
140108101208	寨上村委会	112.599300	37.968411	0	30	72	村庄
140181206203	龙子村委会	112.187689	37.798871	0	25	70	乡镇
140121101202	南关村委会	112.480863	37.537702	0	18	66	乡镇
140105201210	西柳林村委会	112.462537	37.659373	0	25	55	旅游景点
140109010011	九龙社区居委会	112.394020	37.881509	1	80	97	政府机构
140181201207	杏树坪村委会	112.099480	37.991549	0	25	70	乡镇
140107002015	桃园二巷南社区居委会	112.551250	37.876431	1	80	95	政府机构
140109003001	新建西社区居委会	112.496369	37.861557	1	80	95	政府机构
140109006203	小虎峪村委会	112.411237	37.837880	1	90	95	政府机构
140106005002	南官坊社区居委会	112.563000	37.863200	0	16	30	区县
140109013001	晋祠路社区居委会	112.521122	37.821034	1	80	97	政府机构
140121201200	北社村委会	112.323521	37.520068	0	18	66	村庄
140108007006	新兴社区居委会	112.522795	37.897408	1	80	97	政府机构
140123204209	鹰落沟村委会	111.911187	37.941844	0	16	33	乡镇
140121100014	通湖路社区	112.360609	37.604132	0	40	100	道路
140107001005	北大街东社区居委会	112.561660	37.893570	1	80	97	政府机构
140106006004	新建南路一社区居委会	112.547298	37.842327	1	90	95	政府机构
140109010007	大窳社区居委会	112.394020	37.881509	1	80	95	政府机构
140110002200	棘针村委会	112.485411	37.767956	1	80	94	政府机构
140105201206	西里解村委会	112.458503	37.639950	0	60	80	UNKNOWN
140107002003	新建北路社区居委会	112.551250	37.876431	1	80	97	政府机构
140123101224	井子村委会	111.832269	38.162611	0	25	70	乡镇
140121202206	东罗白村委会	112.405877	37.572833	0	20	36	村庄
140106005014	南内环街社区居委会	112.585876	37.841986	1	80	100	政府机构
140107001013	胜利桥东社区居委会	112.561660	37.893570	1	80	95	政府机构
140121100002	贯中社区	112.362842	37.621738	0	25	70	乡镇
140108007010	兴华东社区居委会	112.522795	37.897408	1	80	95	政府机构
140123100209	西果园村委会	111.813154	38.060077	0	18	66	乡镇
140181202201	炉峪口村委会	112.106116	37.972467	0	18	49	村庄
140106002010	五龙口二社区居委会	112.586849	37.862880	1	80	95	UNKNOWN
140121102204	西高白村委会	112.227984	37.629029	0	18	35	乡镇
140107008009	背圪洞社区居委会	112.578100	37.894409	1	80	95	政府机构
140181205205	姚家社村委会	112.095445	37.773043	0	18	35	村庄
140109012201	西铭村委会	112.439140	37.862950	1	80	95	政府机构
140109007003	二中社区居委会	112.440780	37.837495	1	80	95	政府机构
140107005007	坝陵北街社区居委会	112.569456	37.879972	1	80	97	政府机构
140121101214	北内道村委会	112.480863	37.537702	0	18	40	乡镇
140181102203	北社村委会	112.176000	37.906901	0	14	29	区县
140181206215	新华村委会	112.311229	37.808711	0	30	72	村庄
140106001001	察院后社区居委会	112.565895	37.869133	1	90	95	政府机构
140109007002	五三街社区居委会	112.440780	37.837495	1	80	95	政府机构
140121101215	西楚王村委会	112.480863	37.537702	0	18	49	乡镇
140107005006	五一路北社区居委会	112.573057	37.885154	1	70	92	地产小区
140181102202	南龙沟村委会	112.176000	37.906901	0	14	37	区县
140181206214	关头村委会	112.187689	37.798871	0	25	70	乡镇
140106002011	五龙口三社区居委会	112.580236	37.863754	1	80	95	政府机构
140121102205	新民村委会	112.246029	37.607771	0	30	72	村庄
140107008008	卧虎山社区居委会	112.578100	37.894409	1	80	97	政府机构
140181205204	白岸村委会	112.087780	37.802769	1	80	100	政府机构
140106005015	建南铁路社区居委会	112.586142	37.855749	0	50	82	UNKNOWN
140107001012	程家村西社区居委会	112.561660	37.893570	1	80	97	政府机构
140121100003	康乐社区	112.362842	37.621738	0	25	70	乡镇
140108007011	集祥社区居委会	112.522795	37.897408	1	80	95	政府机构
140123100208	城北村委会	111.828005	38.086168	0	30	72	村庄
140181202200	梭峪村委会	112.087260	37.945019	1	80	100	政府机构
140106006005	新建南路二社区居委会	112.547298	37.842327	1	90	95	政府机构
140109010006	赛庄社区居委会	112.394020	37.881509	1	80	95	政府机构
140110002201	罗城村委会	112.485411	37.767956	1	80	97	政府机构
140105201207	河滩村委会	112.451329	37.638303	0	18	66	乡镇
140107002002	胜利桥社区居委会	112.551250	37.876431	1	80	95	政府机构
140123101225	半沟村委会	111.832269	38.162611	0	25	70	乡镇
140108004001	江阳社区居委会	112.532132	37.956844	1	80	95	政府机构
140121202207	柳湾村委会	112.405877	37.572833	0	20	67	村庄
140109006202	大虎峪村委会	112.411237	37.837880	1	90	97	政府机构
140106005003	桥东北社区居委会	112.563000	37.863200	0	16	33	区县
140121201201	东南社村委会	112.335122	37.523927	1	80	95	政府机构
140108007007	兴华西社区居委会	112.522795	37.897408	1	80	95	政府机构
140123204208	天池店村委会	111.911187	37.941844	0	16	33	乡镇
140121100015	城东社区	112.362842	37.621738	0	25	70	乡镇
140107001004	营坊街社区居委会	112.561660	37.893570	1	80	95	政府机构
140105201211	监军庄村委会	112.451329	37.638303	0	18	66	乡镇
140109010010	西沟社区居委会	112.394020	37.881509	1	80	97	政府机构
140181201206	阳岩村委会	112.099480	37.991549	0	25	47	乡镇
140107002014	桃园二巷北社区居委会	112.549919	37.871930	1	80	100	政府机构
140108101209	蝎子寨村委会	112.591428	38.006280	0	18	40	乡镇
140181206202	刘庄村委会	112.187809	37.779411	0	30	72	村庄
140121101203	西南坊村委会	112.480863	37.537702	0	18	35	乡镇
140105200007	高中社区居委会	112.620940	37.717175	0	18	49	乡镇
140110003001	晋源社区居委会	112.484247	37.728295	1	80	100	政府机构
140109004004	永乐苑社区居委会	112.523109	37.881608	1	70	92	地产小区
140109014004	聂家山社区居民委员会	112.489894	37.812338	1	80	95	政府机构
140106002007	建设北路社区居委会	112.580236	37.863754	1	80	97	政府机构
140171404218	中辽西村委会	112.563000	37.873500	0	0	8	省
140108005201	南固碾村委会	112.517228	37.959619	1	90	100	政府机构
140105003009	许西社区居委会	112.603391	37.787327	1	90	97	政府机构
140121102213	花塔村委会	112.227984	37.629029	0	18	40	乡镇
140181101204	阴家沟村委会	112.176000	37.906901	0	14	46	区县
140121203210	北尹村委会	112.488026	37.590095	0	18	66	村庄
140109011011	小井峪社区居委会	112.506542	37.859380	1	90	97	政府机构
140110003216	北河下村委会	112.482046	37.728779	1	80	97	政府机构
140181102003	马兰社区居委会	112.004883	37.855542	0	16	47	乡镇
140107010005	享堂社区居委会	112.625410	37.878440	1	80	97	政府机构
140108006006	大同路北社区居委会	112.537915	37.920529	1	80	95	政府机构
140121200200	李家楼村委会	112.326790	37.642449	0	30	72	村庄
140106004002	解放南路一社区居委会	112.564310	37.846490	1	80	95	政府机构
140109012001	狮头苑社区居委会	112.439140	37.862950	1	80	95	政府机构
140109002001	大众街社区居委会	112.514719	37.848151	1	75	95	地产小区
140109007203	九院村委会	112.440780	37.837495	1	80	94	政府机构
140107007001	迎春社区居委会	112.588420	37.890680	1	80	97	政府机构
140121103212	禅房村委会	112.404984	37.501584	0	18	66	乡镇
140181100205	耿家庄村委会	112.245921	37.998369	0	16	65	乡镇
140108001002	利民社区居委会	112.564487	37.917777	1	80	97	政府机构
140108004200	南寨村村委会	112.532132	37.956844	1	80	95	政府机构
140105002008	并州南路西二巷社区居委会	112.580558	37.826358	1	90	97	政府机构
140181204213	麻家口村委会	112.043280	37.803049	0	25	47	村庄
140105100212	侯家寨村委会	112.553384	37.644972	0	18	66	乡镇
140106003006	新建路二社区居委会	112.558771	37.864610	1	80	95	地产小区
140109005005	安广社区居委会	112.512119	37.886497	1	90	97	政府机构
140108006401	辰憬社区居委会	112.537915	37.920529	1	80	97	政府机构
140105001018	云水明珠社区居委会	112.575970	37.820549	1	80	95	政府机构
140121204214	姚家堡村委会	112.575181	37.555204	0	18	40	村庄
140181202001	长峁社区居委会	112.085233	37.949723	1	80	95	地产小区
140108100208	向阳村委会	112.502140	37.998330	1	80	100	政府机构
140110001010	吴家堡社区居委会	112.509875	37.809414	1	90	95	政府机构
140181204205	龙庄沟村委会	112.043280	37.803049	0	25	47	村庄
140107009009	迎春苑社区居委会	112.575100	37.914999	1	80	97	政府机构
140181100213	石堂河村委会	112.245921	37.998369	0	16	38	乡镇
140121103204	小武村委会	112.404984	37.501584	0	18	66	乡镇
140106003010	桃园路四社区居委会	112.556549	37.866029	1	80	95	政府机构
140121204202	王坊村委会	112.575181	37.555204	0	18	66	村庄
140108002004	七府坟西街社区居委会	112.557208	37.933893	1	90	97	政府机构
140106100227	张家河村委会	112.682235	37.862369	0	18	66	乡镇
140110101221	青阳河村委会	112.432400	37.700637	0	18	40	乡镇
140121100214	罗家庄村委会	112.352260	37.589711	1	80	100	政府机构
140107004007	天地坛社区居委会	112.570322	37.873829	1	75	95	地产小区
140110001006	南三巷社区居委会	112.509875	37.809414	1	90	95	政府机构
140109006003	虎胜街社区居委会	112.411237	37.837880	1	90	97	政府机构
140121203206	赵家堡村委会	112.521800	37.615929	1	80	100	政府机构
140123100224	红崖头村委会	111.813154	38.060077	0	18	66	乡镇
140107003003	府东街社区居委会	112.565105	37.877899	1	80	97	政府机构
140110003200	西街村村委会	112.482046	37.728779	1	80	95	政府机构
140109001007	移村社区居委会	112.514420	37.862779	1	80	97	政府机构
140122202208	坡里村委会	112.948329	38.076297	0	16	65	乡镇
140109011007	龙腾社区居委会	112.506542	37.859380	1	90	97	政府机构
140181203201	提子头村委会	111.895740	37.849060	0	25	47	村庄
140121200216	东迎南风村委会	112.322540	37.652310	1	80	100	政府机构
140108006010	名都社区居委会	112.537915	37.920529	1	80	97	政府机构
140123101209	下龙泉村委会	111.832269	38.162611	0	25	47	乡镇
140107010013	敦化坊社区居委会	112.625410	37.878440	1	80	95	政府机构
140106004014	并州路三社区居委会	112.564310	37.846490	1	80	97	政府机构
140122103207	东青善村委会	112.541065	38.054755	1	80	100	政府机构
140181003004	桃园路社区居委会	112.172120	37.910333	1	80	100	政府机构
140107200216	瓦窑头村委会	112.618800	37.908840	0	30	72	村庄
140181205208	胡家峪村委会	112.095445	37.773043	0	18	66	村庄
140171404202	三贤村委会	112.563000	37.873500	0	0	10	省
140107008004	太铁一社区居委会	112.578100	37.894409	1	80	94	政府机构
140105003013	西峰社区居委会	112.603391	37.787327	1	90	95	政府机构
140110101201	索村村委会	112.431583	37.698027	1	80	100	政府机构
140122204201	大卜村委会	112.296580	38.238993	0	18	66	乡镇
140108101213	欢嘴村委会	112.591428	38.006280	0	18	40	乡镇
140107010208	河里头村委会	112.625410	37.878440	1	80	97	政府机构
140123200206	双井村委会	111.928470	38.110630	0	30	72	村庄
140121103224	韩武村委会	112.404984	37.501584	0	18	40	乡镇
140121101219	丰润村委会	112.480863	37.537702	0	18	40	乡镇
140110102211	蚕石村委会	112.389192	37.671653	0	18	40	乡镇
140108202201	东高庄村委会	112.541859	38.035921	0	30	72	村庄
140122203205	伙路坪村委会	112.422250	38.136071	0	25	55	乡镇
140106006009	滨河东路一社区居委会	112.547298	37.842327	1	90	95	政府机构
140105007007	小马社区居委会	112.607960	37.778681	1	80	97	政府机构
140110003220	黄冶村村委会	112.482046	37.728779	1	80	94	政府机构
140181001202	神堂岩村委会	112.203587	37.918036	1	80	93	政府机构
140106005019	太堡社区居委会	112.593007	37.820283	1	80	95	地产小区
140109200014	莲叶塔社区居委会	112.295854	37.859702	0	30	72	村庄
140123100204	河家庄村委会	111.813154	38.060077	0	18	66	乡镇
140105004017	大马社区居委会	112.554880	37.818340	1	80	97	政府机构
140123204212	大娄则村委会	111.911187	37.941844	0	16	33	乡镇
140108009003	新星社区居委会	112.544803	37.951061	1	80	100	政府机构
140110100001	一电社区居委会	112.498681	37.781680	0	18	49	乡镇
140105007011	首开社区居委会	112.607960	37.778681	1	80	97	政府机构
140171405002	田庄社区居委会	112.563000	37.873500	0	0	11	省
140121200220	东石窖村委会	112.285865	37.695258	0	18	35	村庄
140122200203	北白村委会	112.667970	38.188291	0	50	73	UNKNOWN
140107001008	沙河堡社区居委会	112.554661	37.889297	1	75	95	UNKNOWN
140121100019	西门坡社区	112.344635	37.610773	0	30	100	村庄
140123204204	上冶南村委会	111.911187	37.941844	0	16	47	乡镇
140123100212	任家沟村委会	111.813154	38.060077	0	18	66	乡镇
140105004001	南环社区居委会	112.554880	37.818340	1	80	97	政府机构
140171403210	西万寿村委会	112.705920	38.021789	0	30	72	村庄
140109200002	圪垛社区居委会	112.330127	37.904355	0	18	49	村庄
140109004008	建机巷社区居委会	112.515949	37.877624	1	100	97	政府机构
140122103211	苏村村委会	112.494541	38.069092	1	80	100	政府机构
140181101208	山头村委会	112.038071	37.924419	0	30	72	村庄
140121100222	郝闫村委会	112.362842	37.621738	0	25	55	乡镇
140110101217	三家村村委会	112.450657	37.689720	1	80	100	政府机构
140123203200	独石河村委会	111.631016	37.881369	1	80	100	政府机构
140107008012	矿机社区居委会	112.578100	37.894409	1	80	95	政府机构
140105003005	常青藤社区居委会	112.603391	37.787327	1	90	97	政府机构
140106100211	水峪村委会	112.682235	37.862369	0	18	66	乡镇
140105006207	孙家寨村委会	112.569964	37.729925	1	80	95	政府机构
140171404214	同戈站村委会	112.563000	37.873500	0	0	8	省
140108101205	皇后园村委会	112.572995	37.963799	0	60	80	地产小区
140122100201	官圪垛村委会	112.675170	38.092671	1	70	88	UNKNOWN
140110102207	大元村委会	112.392170	37.639059	0	30	72	村庄
140108008203	杨家村村委会	112.489723	37.938220	1	80	97	政府机构
140123200210	圪塔上村委会	111.928458	38.129301	0	18	66	村庄
140123201401	尖山铁矿社区	111.716709	38.027553	1	80	100	UNKNOWN
140107010009	淖马社区居委会	112.625410	37.878440	1	80	95	政府机构
140123101213	赤土华村委会	111.813000	38.165096	0	16	38	乡镇
140108200206	窑儿上村委会	112.392412	37.968152	0	18	66	乡镇
140122201202	石城村委会	112.673540	38.001821	0	30	72	村庄
140122104405	大运路社区居委会	112.673126	38.062342	0	40	77	道路
140105006010	小店社区居委会	112.569964	37.729925	1	80	95	政府机构
140123102203	杜交曲村委会	111.955097	38.023045	0	18	35	乡镇
140106100006	店坡社区居委会	112.620625	37.826881	1	80	100	政府机构
140181003205	石家河村委会	112.147140	37.906300	0	30	72	村庄
140122202212	安塘村委会	112.948329	38.076297	0	16	65	乡镇
140123100005	城中区社区居委会	111.813154	38.060077	0	18	49	乡镇
140105001014	坞城社区居委会	112.575970	37.820549	1	80	97	政府机构
140123201211	河北庄村委会	111.721468	38.038097	0	25	70	乡镇
140108009202	东张村村委会	112.546486	37.951023	1	90	97	政府机构
140122101200	大盂村委会	112.723940	38.177411	0	30	72	村庄
140122104002	商贸新街社区居委会	112.674398	38.057980	1	80	100	政府机构
140181001003	川东社区居委会	112.203587	37.918036	1	80	95	政府机构
140109008007	朝阳街社区居委会	112.476270	37.865091	1	80	97	政府机构
140108100204	兰岗村委会	112.531780	38.011351	1	80	100	政府机构
140107009013	耐火西巷社区居委会	112.575100	37.914999	1	80	95	政府机构
140105002004	并州南路一社区居委会	112.580558	37.826358	1	90	95	政府机构
140123202201	寺明庄村委会	111.661159	38.088567	0	16	47	乡镇
140181100209	神堂坪村委会	111.804600	37.877465	1	80	100	政府机构
140121101223	北宜武村委会	112.480863	37.537702	0	18	35	乡镇
140109005009	彭村社区居委会	112.512497	37.879758	1	80	100	政府机构
140122102210	吉家岗村委会	112.788291	38.036802	1	80	100	政府机构
140107201201	庄子上村委会	112.645051	37.942879	0	18	66	村庄
140121100218	西范庄村委会	112.362842	37.621738	0	25	70	乡镇
140123201207	马家庄村委会	111.724070	38.037650	0	30	72	村庄
140105001002	山西大学社区居委会	112.588528	37.802726	1	80	100	政府机构
140109008011	西华苑东社区居委会	112.476270	37.865091	1	80	95	政府机构
140122205200	杨兴村委会	112.896010	38.248431	0	25	70	村庄
140121103208	鹅池村委会	112.404984	37.501584	0	18	40	乡镇
140107009005	锦绣苑社区居委会	112.575100	37.914999	1	80	95	政府机构
140105002012	南内环街二社区居委会	112.580558	37.826358	1	90	94	政府机构
140181204209	曲坪村委会	112.043280	37.803049	0	25	47	村庄
140122102206	河上咀村委会	112.791575	38.068867	0	16	33	乡镇
140181002005	西曲社区居委会	112.171226	37.916190	1	80	100	政府机构
140108008002	摄乐社区居委会	112.489723	37.938220	1	80	97	政府机构
140123101205	新庄村委会	111.858210	38.206049	0	30	72	村庄
140109009207	上庄村委会	112.488999	37.886776	1	80	95	政府机构
140122201214	西龙庄村委会	112.718113	37.995969	0	16	38	村庄
140108200210	南石槽村委会	112.395450	37.984359	0	30	72	村庄
140121100023	北关社区	112.362842	37.621738	0	25	70	乡镇
140106100010	新沟社区居委会	112.682235	37.862369	0	18	49	乡镇
140105006006	大村社区居委会	112.569964	37.729925	1	80	97	政府机构
140107200001	中涧河社区居委会	112.578563	37.915877	0	40	77	UNKNOWN
140122202204	凌井店村委会	112.932121	38.047768	1	80	100	政府机构
140123203215	晋阳掌村委会	111.678659	37.921506	0	16	33	乡镇
140110101202	东院村委会	112.432400	37.700637	0	18	66	乡镇
140171404201	辛村村委会	112.575167	37.648196	0	80	100	政府机构
140171401003	南畔社区居委会	112.600600	37.740642	0	80	95	地产小区
140105003010	许东社区居委会	112.603391	37.787327	1	90	97	政府机构
140107008007	机床东社区居委会	112.578100	37.894409	1	80	95	政府机构
140122103204	伽东村委会	112.543980	38.088861	0	25	47	乡镇
140123200205	水峪村委会	111.928458	38.129301	0	18	66	村庄
140110102212	槐树底村委会	112.389192	37.671653	0	18	66	乡镇
140122204202	神堂沟村委会	112.296580	38.238993	0	18	40	乡镇
140108101210	峰西村委会	112.591428	38.006280	0	18	40	乡镇
140122100214	宋庄村委会	112.668068	38.096770	0	18	66	乡镇
140121202208	西罗白村委会	112.405877	37.572833	0	20	36	村庄
140105007004	西吴社区居委会	112.607960	37.778681	1	80	97	政府机构
140122203206	峁上村委会	112.396740	38.008209	0	30	72	村庄
140109010009	宋家山社区居委会	112.394020	37.881509	1	80	95	政府机构
140105201208	刘家堡村委会	112.476390	37.648030	1	80	100	政府机构
140108202202	西焉村委会	112.543643	38.013081	0	25	47	乡镇
140123204211	兑集沟村委会	111.911187	37.941844	0	16	47	乡镇
140123100207	三元村村委会	111.822023	38.081580	1	80	100	政府机构
140105004014	杨家堡社区居委会	112.548147	37.818711	1	80	100	政府机构
140110003223	王家庄村村委会	112.482046	37.728779	1	80	94	政府机构
140181004003	木瓜会社区居委会	112.107670	37.901450	1	80	97	政府机构
140181001201	西岭头村委会	112.203587	37.918036	1	80	97	政府机构
140105007012	红寺社区居委会	112.607960	37.778681	1	80	97	政府机构
140171405001	西温庄社区居委会	112.563000	37.873500	0	0	10	省
140121200223	水峪村委会	112.285865	37.695258	0	18	66	村庄
140181201209	明家洼村委会	112.099480	37.991549	0	25	47	乡镇
140110100002	金胜社区居委会	112.498681	37.781680	0	18	49	乡镇
140108007008	兴华苑社区居委会	112.522795	37.897408	1	80	97	政府机构
140123100211	范家村村委会	111.847823	38.114944	1	80	100	政府机构
140105004002	平北西一社区居委会	112.554880	37.818340	1	80	95	政府机构
140171403213	南郑村委会	112.703340	38.046809	0	30	72	村庄
140109200001	王封社区居委会	112.355224	37.898367	0	50	82	UNKNOWN
140123204207	南岔村委会	111.911187	37.941844	0	16	65	乡镇
140108201204	上薛村委会	112.494511	38.017973	1	80	100	政府机构
140122200200	高村村委会	112.686137	38.164718	1	80	100	政府机构
140105003006	南站东社区居委会	112.603391	37.787327	1	90	95	政府机构
140107008011	机床西社区居委会	112.578100	37.894409	1	80	97	政府机构
140106100212	港道村委会	112.643257	37.852213	0	50	73	UNKNOWN
140171404217	良隆村委会	112.563000	37.873500	0	0	9	省
140121100221	张闫村委会	112.362842	37.621738	0	25	55	乡镇
140110101214	新庄村委会	112.439630	37.658730	0	30	72	村庄
140123203203	柴厂村委会	111.677608	37.938932	1	80	100	政府机构
140122103212	付家窑村委会	112.543980	38.088861	0	25	47	乡镇
140105200008	薛店社区居委会	112.620940	37.717175	0	18	49	乡镇
140106002008	幸福社区居委会	112.580236	37.863754	1	80	97	政府机构
140107200203	丈子头村委会	112.609046	37.924943	0	40	65	UNKNOWN
140110102204	田村村委会	112.422381	37.657654	1	80	100	政府机构
140108008200	大留村村委会	112.489723	37.938220	1	80	97	政府机构
140122100202	柏井村委会	112.705310	38.102040	1	80	100	政府机构
140108101206	黄花园村委会	112.591428	38.006280	0	18	66	乡镇
140108200205	银角村村委会	112.389722	37.933837	1	80	100	政府机构
140171403403	民营迎泽区生活区	112.563000	37.863200	0	16	65	区县
140108006009	赵庄兴龙社区居委会	112.537915	37.920529	1	80	97	政府机构
140123101210	上龙泉村委会	111.789935	38.175622	1	80	100	政府机构
140105005003	农科南路二社区居委会	112.608750	37.780231	1	80	95	政府机构
140122202211	河村村委会	112.888209	38.038301	1	80	100	政府机构
140110003219	鹅归店村委会	112.482046	37.728779	1	80	97	政府机构
140181003206	东大岭村委会	112.092081	37.853919	0	30	72	村庄
140110101003	小站社区居委会	112.432400	37.700637	0	18	49	乡镇
140105006013	西桥社区居委会	112.569964	37.729925	1	80	97	政府机构
140123102200	新建村村委会	111.928647	38.068459	1	80	100	政府机构
140106100005	马庄社区居委会	112.627410	37.829009	1	80	100	政府机构
140109008004	河南街社区居委会	112.476270	37.865091	1	80	97	政府机构
140108100207	西村村委会	112.465437	38.003982	1	80	100	政府机构
140122101203	沙河村委会	112.735320	38.211540	0	30	72	村庄
140122104001	新阳东街社区居委会	112.679830	38.058800	1	80	100	政府机构
140123201212	罗家岔村委会	111.621087	38.005587	1	80	100	政府机构
140108009201	赵道峪村委会	112.546486	37.951023	1	90	97	政府机构
140123100006	城西区社区居委会	111.813154	38.060077	0	18	49	乡镇
140105001017	北张社区居委会	112.575970	37.820549	1	80	97	政府机构
140107201202	榆林坪村委会	112.675030	37.936760	0	30	72	村庄
140106003009	桃园路三社区居委会	112.542823	37.868222	1	80	100	政府机构
140123202202	万子村村委会	111.691630	38.115674	1	80	100	政府机构
140121101220	高花村委会	112.466410	37.522349	0	30	72	村庄
140105002007	并州南路西一巷社区居委会	112.580558	37.826358	1	90	97	政府机构
140107009010	柏桦苑社区居委会	112.575100	37.914999	1	80	97	政府机构
140110001009	义井社区居委会	112.509875	37.809414	1	90	97	政府机构
140109008012	南寒社区居民委员会	112.476270	37.865091	1	80	95	政府机构
140122205203	鄯都村委会	112.896010	38.248431	0	25	47	村庄
140105001001	师范街社区居委会	112.575970	37.820549	1	80	95	政府机构
140107004008	国师街社区居委会	112.568679	37.874744	1	75	95	地产小区
140123201204	大圣堂村委会	111.717016	38.006912	1	80	100	政府机构
140105002011	南内环街一社区居委会	112.580558	37.826358	1	90	94	政府机构
140107009006	柏杨树社区居委会	112.575100	37.914999	1	80	97	政府机构
140108200213	庄头村委会	112.392412	37.968152	0	18	66	乡镇
140109009204	南寨村委会	112.488999	37.886776	1	80	97	政府机构
140123101206	东六度村委会	111.832269	38.162611	0	25	43	乡镇
140105005015	窑子上社区居委会	112.608750	37.780231	1	80	97	政府机构
140121200219	涧沟村委会	112.285865	37.695258	0	18	66	村庄
140108008001	柴村社区居委会	112.483096	37.936457	1	80	100	政府机构
140109001008	前北屯社区居委会	112.514420	37.862779	1	80	97	政府机构
140109011008	西矿街社区居委会	112.506542	37.859380	1	90	97	政府机构
140107200002	七府坟社区居委会	112.555880	37.932470	0	30	72	UNKNOWN
140122202207	蒿子坡村委会	112.948329	38.076297	0	16	65	乡镇
140106100013	朝阳四社区居委会	112.682235	37.862369	0	18	49	乡镇
140105003207	西家凹村委会	112.603391	37.787327	1	90	94	政府机构
140121203209	常家庄村委会	112.488026	37.590095	0	18	66	村庄
140121100020	醋都社区	112.362842	37.621738	0	25	70	乡镇
140107010207	东沟村委会	112.625410	37.878440	1	80	97	政府机构
140181206217	康家社村委会	112.189956	37.805352	1	80	100	政府机构
140121101216	张楚王村委会	112.480863	37.537702	0	18	49	乡镇
140107005005	坝陵南街社区居委会	112.569456	37.879972	1	80	97	政府机构
140181102201	康庄村委会	111.956650	37.847460	0	30	72	村庄
140123200209	走马湾村委会	111.910271	38.155439	0	30	72	村庄
140109007001	五四街社区居委会	112.440780	37.837495	1	80	95	政府机构
140109012203	风声河村委会	112.439140	37.862950	1	80	94	政府机构
140106001002	宁化府社区居委会	112.565895	37.869133	1	90	97	政府机构
140181205207	兆峰村委会	112.095445	37.773043	0	18	40	村庄
140181101211	西岩村委会	112.176000	37.906901	0	14	46	区县
140121102206	方山村委会	112.232960	37.603781	0	30	72	村庄
140122103208	西青善村委会	112.543980	38.088861	0	25	43	乡镇
140106002012	双塔寺一社区居委会	112.575304	37.867656	1	80	95	地产小区
140108007012	丰颂苑社区居委会	112.522795	37.897408	1	80	95	政府机构
140105004018	长治路社区居委会	112.554880	37.818340	1	80	97	政府机构
140171403209	桥沟村委会	112.673000	38.058301	0	14	32	区县
140181202203	李家沟村委会	112.099040	37.963319	0	30	72	村庄
140107001011	程家村东社区居委会	112.561660	37.893570	1	80	97	政府机构
140106005016	双塔北路社区居委会	112.591300	37.854930	0	40	77	道路
140105007008	嘉节社区居委会	112.607960	37.778681	1	80	95	政府机构
140108004002	轨枕社区居委会	112.532132	37.956844	1	80	95	政府机构
140121202204	南云支村委会	112.405877	37.572833	0	20	36	村庄
140107002001	黑龙潭社区居委会	112.551250	37.876431	1	80	97	政府机构
140110002202	王家坟村委会	112.485411	37.767956	1	80	97	政府机构
140105201204	石沟村委会	112.451329	37.638303	0	18	66	乡镇
140106006006	新建南路三社区居委会	112.547298	37.842327	1	90	97	政府机构
140109010005	北头社区居委会	112.394020	37.881509	1	80	95	政府机构
140121100016	春苑社区	112.362842	37.621738	0	25	70	乡镇
140107001007	北大街西社区居委会	112.561660	37.893570	1	80	97	政府机构
140121201202	乔武村委会	112.323521	37.520068	0	18	40	村庄
140108007004	选煤社区居委会	112.522795	37.897408	1	80	97	政府机构
140109013003	长风南社区居委会	112.521122	37.821034	1	80	94	政府机构
140109003003	重院社区居委会	112.496369	37.861557	1	80	95	政府机构
140109006201	河龙湾村委会	112.411237	37.837880	1	90	94	政府机构
140181201205	盘道村委会	112.099480	37.991549	0	25	70	乡镇
140106006010	劲松社区	112.547298	37.842327	1	90	97	政府机构
140105201212	西草寨村委会	112.495497	37.671259	1	80	100	政府机构
140121101200	东北坊村委会	112.514818	37.560550	1	80	100	政府机构
140110102208	洞儿沟村委会	112.389192	37.671653	0	18	66	乡镇
140181206201	西峪沟村委会	112.183642	37.809894	1	80	100	政府机构
140110101218	东庄营村委会	112.432400	37.700637	0	18	40	乡镇
140107006003	大东关南社区居委会	112.597268	37.876374	1	80	95	政府机构
140121102210	武家坡村委会	112.216080	37.599819	1	80	100	政府机构
140181101207	独兰村委会	112.176000	37.906901	0	14	32	区县
140181205211	下石沙村委会	112.176000	37.906901	0	14	46	区县
140108005202	下兰村委会	112.516824	37.949924	1	90	100	政府机构
140109014007	国兴社区居民委员会	112.489894	37.812338	1	80	94	政府机构
140106002004	上马街二社区居委会	112.580236	37.863754	1	80	95	政府机构
140110003002	新城社区居委会	112.482046	37.728779	1	80	97	政府机构
140109004007	滨汾苑社区居委会	112.515949	37.877624	1	100	97	政府机构
140109011012	大井峪社区居委会	112.506542	37.859380	1	90	95	政府机构
140106100009	东太堡社区居委会	112.593007	37.820283	1	80	95	地产小区
140181200204	狮子村委会	112.101090	38.118039	0	30	72	村庄
140121203213	郝村村委会	112.475402	37.616325	1	80	100	政府机构
140109002002	气化街社区居委会	112.511720	37.852009	1	80	97	政府机构
140108200209	珍珠峁村委会	112.392412	37.968152	0	18	35	乡镇
140106004001	双塔西街一社区居委会	112.564310	37.846490	1	80	95	政府机构
140109012002	电石苑社区居民委员会	112.439140	37.862950	1	80	95	政府机构
140107010006	小枣沟社区居委会	112.625410	37.878440	1	80	95	政府机构
140108006005	滨河路南社区居委会	112.537915	37.920529	1	80	94	政府机构
140121200203	西马峪村委会	112.308770	37.620151	1	80	100	政府机构
140181203214	麻会村委会	111.895740	37.849060	0	25	47	村庄
140110002003	第三社区居委会	112.485411	37.767956	1	80	97	政府机构
140109005006	兴汾苑社区居委会	112.512119	37.886497	1	90	95	政府机构
140105100211	南蒲村委会	112.553384	37.644972	0	18	66	乡镇
140106003005	新建路一社区居委会	112.556549	37.866029	1	80	95	政府机构
140108001001	花园社区居委会	112.564487	37.917777	1	80	97	政府机构
140181204210	水圪垛村委会	112.043280	37.803049	0	25	55	村庄
140107007002	响水湾社区居委会	112.588420	37.890680	1	80	95	政府机构
140121103211	西营村委会	112.355440	37.495201	0	30	72	村庄
140181100206	大南坪村委会	112.245921	37.998369	0	16	65	乡镇
140110001013	绿地一社区居委会	112.509107	37.810079	1	70	92	地产小区
140109008008	西华苑社区居委会	112.476270	37.865091	1	80	95	政府机构
140181202002	狮河口社区居委会	112.106116	37.972467	0	18	49	村庄
140121204217	杨李青村委会	112.575181	37.555204	0	18	40	村庄
140106003013	水西关街三社区居委会	112.556549	37.866029	1	80	97	政府机构
140122102209	大汉村委会	112.791575	38.068867	0	16	38	乡镇
140181100210	解家塔村委会	112.245921	37.998369	0	16	38	乡镇
140121103207	北里旺村委会	112.435310	37.520441	0	30	72	村庄
140181204206	小娄峰村委会	111.976620	37.770329	1	80	100	政府机构
140110001005	南一条社区居委会	112.509875	37.809414	1	90	95	政府机构
140123201208	西会村委会	111.686870	38.028193	1	80	100	政府机构
140110101222	窑头村委会	112.392180	37.716789	0	30	72	村庄
140121100217	东范庄村委会	112.362842	37.621738	0	25	70	乡镇
140107004004	东华门社区居委会	112.578481	37.874240	1	80	97	UNKNOWN
140121204201	小王村委会	112.575181	37.555204	0	18	66	村庄
140106100224	西祁家山村委会	112.682235	37.862369	0	18	49	乡镇
140109011004	三益社区居委会	112.506542	37.859380	1	90	95	政府机构
140109001004	迎泽南社区居委会	112.514420	37.862779	1	80	95	政府机构
140110003203	北瓦窑村委会	112.482046	37.728779	1	80	97	政府机构
140105006009	人民南路社区居委会	112.570185	37.729632	1	80	100	政府机构
140108005003	一零二社区居委会	112.512794	37.960379	0	25	47	乡镇
140109009208	大岩村委会	112.488999	37.886776	1	80	97	政府机构
140121101001	社区居委会	112.480863	37.537702	0	18	66	乡镇
140181203202	周山庄村委会	111.938575	37.846585	1	80	92	地产小区
140121200215	杏旺村委会	112.285865	37.695258	0	18	40	村庄
140107010010	伞儿树社区居委会	112.625410	37.878440	1	80	95	政府机构
140109009209	石马村委会	112.488999	37.886776	1	80	97	政府机构
140181203203	安家沟村委会	111.895740	37.849060	0	25	70	村庄
140121200214	黄土坡村委会	112.285865	37.695258	0	18	66	村庄
140107010011	耙儿沟社区居委会	112.625410	37.878440	1	80	94	政府机构
140109011005	光华街社区居委会	112.506542	37.859380	1	90	97	政府机构
140109001005	迎泽北社区居委会	112.514420	37.862779	1	80	94	政府机构
140110003202	南街村村委会	112.482046	37.728779	1	80	95	政府机构
140107003001	东缉虎营社区居委会	112.567888	37.877945	1	80	100	政府机构
140121203204	北录树村委会	112.488026	37.590095	0	18	35	村庄
140105006008	恒大社区居委会	112.569964	37.729925	1	80	95	政府机构
140108005002	红楼社区居委会	112.512794	37.960379	0	25	55	乡镇
140110001004	西峪街二社区居委会	112.509875	37.809414	1	90	95	政府机构
140109006001	西园社区居委会	112.411237	37.837880	1	90	97	政府机构
140123201209	武家梁村委会	111.721468	38.038097	0	25	47	乡镇
140107004005	精营东边街社区居委会	112.576031	37.874999	1	80	100	政府机构
140121100216	孔村村委会	112.367189	37.581754	1	80	100	政府机构
140110101223	下石村委会	112.432400	37.700637	0	18	66	乡镇
140171404220	靳村村委会	112.576561	37.574837	0	80	100	政府机构
140121204200	集义村委会	112.570820	37.549449	0	30	72	村庄
140108002006	建工街二社区居委会	112.557208	37.933893	1	90	94	政府机构
140106100225	东祁家山村委会	112.599225	37.854942	0	40	65	商圈
140106003012	水西关街二社区居委会	112.558771	37.864610	1	80	95	地产小区
140122102208	范庄村委会	112.791575	38.068867	0	16	65	乡镇
140181100211	曹坪村委会	112.211549	37.995986	1	80	100	政府机构
140121103206	南里旺村委会	112.442700	37.514490	0	30	72	村庄
140181204207	睦联坡村委会	112.043280	37.803049	0	25	47	村庄
140110001012	格林社区居委会	112.509875	37.809414	1	90	97	政府机构
140109008009	铁北社区居委会	112.476270	37.865091	1	80	97	政府机构
140121204216	邓桥村委会	112.594271	37.587671	0	30	72	村庄
140110002002	第二社区居委会	112.485411	37.767956	1	80	97	政府机构
140109005007	晋机西社区居委会	112.512119	37.886497	1	90	95	政府机构
140106003004	南海街二社区居委会	112.558771	37.864610	1	80	95	地产小区
140105100210	西蒲村委会	112.516481	37.679119	0	30	72	村庄
140181204211	张山圪垛村委会	112.043280	37.803049	0	25	47	村庄
140121103210	西堡村委会	112.404984	37.501584	0	18	66	乡镇
140107007003	洋灰桥社区居委会	112.588420	37.890680	1	80	95	政府机构
140181100207	小南坪村委会	112.245921	37.998369	0	16	65	乡镇
140109002003	众纺路社区居委会	112.511720	37.852009	1	80	97	政府机构
140109007201	桃杏村委会	112.440780	37.837495	1	80	94	政府机构
140108200208	马吉掌村委会	112.392412	37.968152	0	18	35	乡镇
140107010007	五龙湾社区居委会	112.625410	37.878440	1	80	95	政府机构
140108006004	赵庄社区居委会	112.537915	37.920529	1	80	97	政府机构
140121200202	东马峪村委会	112.326234	37.623840	0	50	73	UNKNOWN
140181203215	梁儿上村委会	111.915702	37.872294	0	30	58	村庄
140181102001	利民社区居委会	112.004883	37.855542	0	16	65	乡镇
140110003214	武家寨村委会	112.482046	37.728779	1	80	97	政府机构
140109011013	十二院城社区居民委员会	112.506542	37.859380	1	90	94	政府机构
140106100008	王家峰社区居委会	112.600339	37.841552	0	50	82	UNKNOWN
140121203212	龙家营村委会	112.488026	37.590095	0	18	40	村庄
140121102211	刘家峁村委会	112.211301	37.618499	0	30	72	村庄
140107006002	新源里南社区居委会	112.600124	37.877841	1	70	88	UNKNOWN
140110101219	野庄村委会	112.463090	37.678126	1	80	100	政府机构
140181101206	赤泥岩村委会	112.176000	37.906901	0	14	29	区县
140181205210	上石沙村委会	112.054820	37.720570	0	30	72	村庄
140105006209	杜家寨村委会	112.569964	37.729925	1	80	97	政府机构
140109014006	黄坡社区居民委员会	112.489894	37.812338	1	80	94	政府机构
140106002005	山佑巷社区居委会	112.580236	37.863754	1	80	97	政府机构
140110003003	南城角社区居委会	112.482046	37.728779	1	80	95	政府机构
140109004006	滨河社区居委会	112.515949	37.877624	1	100	97	政府机构
140110102209	南峪村委会	112.389192	37.671653	0	18	66	乡镇
140121101201	东南坊村委会	112.516921	37.554549	1	80	100	政府机构
140181206200	邢家社村委会	112.187689	37.798871	0	25	43	乡镇
140181201204	郝家曲村委会	112.099480	37.991549	0	25	43	乡镇
140105201213	东草寨村委会	112.500435	37.673579	0	30	58	村庄
140121100017	育青北社区	112.362842	37.621738	0	25	55	乡镇
140107001006	北大街中社区居委会	112.567165	37.886794	1	80	95	地产小区
140121201203	柳杜村委会	112.335122	37.523927	1	80	100	政府机构
140108007005	槐园社区居委会	112.522795	37.897408	1	80	95	政府机构
140106005001	桥东新街社区居委会	112.584034	37.855506	1	80	100	政府机构
140109013002	地矿社区居委会	112.521122	37.821034	1	80	95	政府机构
140109003002	西线社区居委会	112.496369	37.861557	1	80	95	政府机构
140105007009	范家堡社区居委会	112.607960	37.778681	1	80	95	政府机构
140108004003	七平社区居委会	112.532132	37.956844	1	80	95	政府机构
140121202205	碱场营村委会	112.408671	37.535538	1	80	100	政府机构
140110002203	闫家坟村委会	112.485411	37.767956	1	80	93	政府机构
140105201205	东里解村委会	112.464083	37.638406	1	70	88	UNKNOWN
140106006007	桃园南路一社区居委会	112.547298	37.842327	1	90	95	政府机构
140109010004	大卧龙社区居委会	112.394020	37.881509	1	80	97	政府机构
140108007013	华硕苑社区居委会	112.522795	37.897408	1	80	95	政府机构
140105004019	平阳景苑社区居委会	112.554880	37.818340	1	80	97	政府机构
140181202202	会立村委会	112.106116	37.972467	0	18	40	村庄
140171403208	赵庄村委会	112.680800	38.035430	0	30	72	村庄
140107001010	上北关社区居委会	112.568584	37.890903	1	80	100	政府机构
140121100001	清泉湖社区	112.369019	37.619671	0	25	100	村庄
140106005017	南巷社区居委会	112.563000	37.863200	0	16	33	区县
140106100209	郝家沟村委会	112.682235	37.862369	0	18	66	乡镇
140181205206	张家山村委会	112.072671	38.076606	1	80	100	政府机构
140181101210	佛罗汉村委会	112.176000	37.906901	0	14	37	区县
140121102207	马家坡村委会	112.227984	37.629029	0	18	66	乡镇
140109004010	后北屯社区居委会	112.515949	37.877624	1	100	97	政府机构
140122103209	芦家河村委会	112.543980	38.088861	0	25	70	乡镇
140106002013	双塔寺二社区居委会	112.580236	37.863754	1	80	95	政府机构
140181206216	郑家庄村委会	112.187689	37.798871	0	25	70	乡镇
140107005004	新开巷社区居委会	112.569456	37.879972	1	80	95	政府机构
140121101217	桃花营村委会	112.480863	37.537702	0	18	40	乡镇
140181102200	姬家庄村委会	112.073030	37.878071	1	80	100	政府机构
140123200208	雷家庄村委会	111.928458	38.129301	0	18	66	村庄
140109012202	小西铭村委会	112.439140	37.862950	1	80	94	政府机构
140106001003	柴市巷社区居委会	112.565895	37.869133	1	90	97	政府机构
140109001009	金玉社区居民委员会	112.514420	37.862779	1	80	94	政府机构
140109011009	红旗社区居委会	112.506542	37.859380	1	90	97	政府机构
140107200003	东涧河社区居委会	112.594660	37.913540	0	50	82	UNKNOWN
140122202206	西头村委会	112.948329	38.076297	0	16	65	乡镇
140106100012	双塔社区居委会	112.590765	37.844498	1	90	100	政府机构
140105006004	永康北路社区居委会	112.569964	37.729925	1	80	97	政府机构
140121203208	黑城营村委会	112.488026	37.590095	0	18	35	村庄
140121100021	育青南社区	112.362842	37.621738	0	25	55	乡镇
140108200212	横岭村委会	112.423900	37.988461	0	30	72	村庄
140109009205	下庄村委会	112.488999	37.886776	1	80	97	政府机构
140105005014	马练营社区居委会	112.608750	37.780231	1	80	95	政府机构
140123101207	峰岭底村委会	111.864858	38.163829	1	80	100	政府机构
140121200218	后窑村委会	112.315650	37.665500	0	30	72	村庄
140105002010	体育路二社区居委会	112.580558	37.826358	1	90	95	政府机构
140107009007	同煦苑社区居委会	112.570387	37.918651	1	70	92	地产小区
140171405201	南王名村委会	112.645649	37.731215	0	60	80	UNKNOWN
140110100202	贾家庄村委会	112.498681	37.781680	0	18	66	乡镇
140110001008	南一巷二社区居委会	112.509875	37.809414	1	90	94	政府机构
140109008013	北寒社区居委会	112.458579	37.853978	1	80	97	政府机构
140108100210	南翟村村委会	112.484191	38.007186	1	80	100	政府机构
140122205202	坪里村委会	112.918810	38.265700	0	30	72	村庄
140123201205	张家庄村委会	111.728180	38.014879	0	30	72	村庄
140107201203	野鸡庄村委会	112.645051	37.942879	0	18	66	村庄
140106003008	桃园路二社区居委会	112.558771	37.864610	1	80	95	地产小区
140123202203	周家窑村委会	111.673924	38.115991	1	80	100	政府机构
140110100214	石庄头村委会	112.458507	37.786345	1	80	100	政府机构
140121101221	宁家营村委会	112.480863	37.537702	0	18	40	乡镇
140105002006	并州南路三社区居委会	112.580558	37.826358	1	90	97	政府机构
140107009011	涧河社区居委会	112.575100	37.914999	1	80	97	政府机构
140108100206	横渠村委会	112.506984	37.995836	0	20	67	乡镇
140109008005	西矿街南社区居委会	112.476270	37.865091	1	80	95	政府机构
140122101202	上原村委会	112.778569	38.189633	0	18	40	乡镇
140181001001	新村街社区居委会	112.184461	37.904369	1	80	100	政府机构
140123201213	都交曲村委会	111.603258	38.008254	1	80	100	政府机构
140105001016	南中环社区居委会	112.575970	37.820549	1	80	95	政府机构
140122202210	尧沟村委会	112.948329	38.076297	0	16	65	乡镇
140110003218	箱子村村委会	112.482046	37.728779	1	80	95	政府机构
140110101002	晋祠一社区居委会	112.452177	37.705300	0	30	58	商圈
140123102201	下石家庄村委会	111.955097	38.023045	0	18	40	乡镇
140105006012	东桥社区居委会	112.569964	37.729925	1	80	97	政府机构
140106100004	郝庄社区居委会	112.599225	37.854942	0	40	77	商圈
140108200204	马角村村委会	112.394260	37.933796	1	80	100	政府机构
140108006008	滨河新村社区居委会	112.526554	37.929294	1	80	100	政府机构
140105005002	农科南路一社区居委会	112.608750	37.780231	1	80	95	政府机构
140123101211	新舍科村委会	111.832269	38.162611	0	25	47	乡镇
140108008201	呼延村村委会	112.489723	37.938220	1	80	94	政府机构
140110102205	西邵村委会	112.389192	37.671653	0	18	66	乡镇
140123200212	赤泥泉村委会	111.928458	38.129301	0	18	66	村庄
140122100203	小牛站村委会	112.668068	38.096770	0	18	40	乡镇
140108101207	沟南村委会	112.596920	37.965681	0	30	72	村庄
140106100213	观家峪村委会	112.653877	37.855466	0	60	80	UNKNOWN
140105003007	电修社区居委会	112.603391	37.787327	1	90	97	政府机构
140107008010	机车社区居委会	112.578100	37.894409	1	80	95	政府机构
140171404216	东辽西村委会	112.563000	37.873500	0	0	8	省
140110101215	东庄村委会	112.462649	37.691915	0	30	72	村庄
140121100220	上闫村委会	112.362842	37.621738	0	25	55	乡镇
140123203202	郭家庄村委会	111.664018	37.918487	1	80	100	政府机构
140122103213	杨家井村委会	112.476177	38.073802	1	80	100	政府机构
140106002009	五龙口一社区居委会	112.586849	37.862880	1	80	95	UNKNOWN
140107200202	牛驼村委会	112.621410	37.912180	0	50	73	UNKNOWN
140108007009	汇丰苑社区居委会	112.523860	37.893840	1	70	92	地产小区
140105004003	平北西二社区居委会	112.554880	37.818340	1	80	94	政府机构
140123100210	尹家窑村委会	111.851075	38.094878	1	80	100	政府机构
140171403212	盘威村委会	112.673000	38.058301	0	14	29	区县
140123204206	窑儿上村委会	111.865195	38.173131	1	80	100	政府机构
140108201205	宇文村委会	112.509029	38.016387	1	80	100	政府机构
140122200201	辛庄村委会	112.695930	38.190269	0	30	72	村庄
140121200222	碾底村委会	112.304189	37.680141	1	80	100	政府机构
140181201208	佛堂坪村委会	111.855976	37.961489	1	80	100	政府机构
140110100003	电西巷社区居委会	112.486170	37.786272	0	40	77	道路
140123204210	韩家沟村委会	111.911187	37.941844	0	16	65	乡镇
140108009001	新城社区居委会	112.546486	37.951023	1	90	97	政府机构
140105004015	殷家堡社区居委会	112.554880	37.818340	1	80	97	政府机构
140123100206	官庄村委会	111.817880	38.079781	0	30	72	村庄
140181004002	屯乐苑社区居委会	112.107670	37.901450	1	80	97	政府机构
140110003222	赵家山村委会	112.482046	37.728779	1	80	97	政府机构
140181001200	芦子足村委会	112.203587	37.918036	1	80	93	政府机构
140105007005	新庄社区居委会	112.606792	37.779389	1	80	100	政府机构
140109010008	白道社区居委会	112.394020	37.881509	1	80	95	政府机构
140181003401	马兰滩社区	112.156501	37.917620	0	50	100	UNKNOWN
140105201209	东柳林村委会	112.479900	37.652751	0	30	72	村庄
140108202203	赵家山村委会	112.543643	38.013081	0	25	70	乡镇
140123200204	阳圈庄村委会	111.928458	38.129301	0	18	35	村庄
140110102213	杏坪村委会	112.389192	37.671653	0	18	66	乡镇
140107005008	绿苑社区居委会	112.569456	37.879972	1	80	97	政府机构
140122204203	海子湾村委会	112.296580	38.238993	0	18	66	乡镇
140108101211	风格梁村委会	112.591428	38.006280	0	18	35	乡镇
140122100215	大直峪村委会	112.653779	38.099937	1	80	95	UNKNOWN
140123203214	岔儿上村委会	111.747128	37.955448	1	80	100	政府机构
140110101203	南大寺村委会	112.455940	37.701169	1	80	100	政府机构
140171401002	龙飞社区居委会	112.600933	37.740633	0	80	95	地产小区
140105003011	龙堡社区居委会	112.603391	37.787327	1	90	97	政府机构
140107008006	七一社区居委会	112.578100	37.894409	1	80	97	政府机构
140107200214	瓜地沟村委会	112.575902	37.924758	0	25	70	乡镇
140122103205	代庄村委会	112.543980	38.088861	0	25	55	乡镇
140181102207	七佛沟村委会	112.058179	37.865750	1	80	100	政府机构
140107005003	小东门社区居委会	112.569456	37.879972	1	80	97	政府机构
140107010201	大窑头村委会	112.625410	37.878440	1	80	95	政府机构
140181206211	油房坪村委会	112.280990	37.783709	0	30	72	村庄
140106001004	校蔚营社区居委会	112.565895	37.869133	1	90	94	政府机构
140121102200	东于村委会	112.227984	37.629029	0	18	66	乡镇
140110101208	西镇村委会	112.454850	37.727179	0	25	55	乡镇
140181205201	上白泉村委会	112.095445	37.773043	0	18	66	村庄
140171401009	杨庄社区居委会	112.605959	37.724706	0	80	100	政府机构
140121100006	金沙滩社区	112.362842	37.621738	0	25	70	乡镇
140108007014	大东流社区居委会	112.518122	37.894976	1	90	100	政府机构
140181202205	长港村委会	112.128989	37.967851	0	30	72	村庄
140106005010	并州东街四社区居委会	112.583328	37.851378	1	80	96	道路
140181100001	扫石社区居委会	112.245921	37.998369	0	16	65	乡镇
140107002007	金刚里社区居委会	112.551250	37.876431	1	80	97	政府机构
140108004004	兴安苑社区居委会	112.537528	37.954184	1	75	95	地产小区
140123101220	岩头村委会	111.760250	38.144821	0	30	72	村庄
140121202202	长头村委会	112.405877	37.572833	0	20	67	村庄
140109010003	新道社区居委会	112.394020	37.881509	1	80	95	政府机构
140110002204	开化村委会	112.485411	37.767956	1	80	97	政府机构
140105201202	南马村委会	112.438079	37.622557	1	80	100	政府机构
140121201204	西宁安村委会	112.323521	37.520068	0	18	35	村庄
140108007002	欣园社区居委会	112.522795	37.897408	1	80	97	政府机构
140108002200	新店村委会	112.557208	37.933893	1	90	97	政府机构
140105004008	文华苑社区居委会	112.554880	37.818340	1	80	97	政府机构
140107001001	胜利西街社区居委会	112.561660	37.893570	1	80	97	政府机构
140121100010	东湖社区	112.362842	37.621738	0	25	70	乡镇
140109003005	前进路北社区居委会	112.504542	37.862674	1	80	100	政府机构
140109013005	新庄社区居委会	112.521122	37.821034	1	80	97	政府机构
140106005006	营盘社区居委会	112.582580	37.852104	1	80	100	购物
140121200229	麦地掌村委会	112.285865	37.695258	0	18	40	村庄
140181201203	象儿足村委会	112.099480	37.991549	0	25	47	乡镇
140110100008	城北社区居委会	112.498681	37.781680	0	18	66	乡镇
140107002011	桃园北路东社区居委会	112.551250	37.876431	1	80	97	政府机构
140181206207	草庄头村委会	112.187689	37.798871	0	25	55	乡镇
140105002021	寇庄社区居委会	112.580558	37.826358	1	90	97	政府机构
140121101206	新庄村委会	112.522240	37.561639	0	30	72	村庄
140181102211	白草塔村委会	112.004883	37.855542	0	16	38	乡镇
140122100208	北郑村委会	112.687540	38.064039	0	30	72	村庄
140106100218	后麻地沟村委会	112.699673	37.850910	0	30	72	村庄
140123203209	白刁岭村委会	111.705936	37.929411	1	80	100	政府机构
140181101201	长足上村委会	112.039123	37.966074	0	30	58	村庄
140107006005	建设北路北社区居委会	112.597268	37.876374	1	80	95	政府机构
140121102216	申家山村委会	112.222570	37.634959	1	80	100	政府机构
140105200002	西拈社区居委会	112.620940	37.717175	0	18	49	乡镇
140109004001	千峰北路社区居委会	112.517584	37.883556	1	80	95	地产小区
140110003004	五府营社区居委会	112.482046	37.728779	1	80	95	政府机构
140122103218	石家庄村委会	112.519160	38.237699	0	30	72	村庄
140107200209	耿家庄村委会	112.600984	37.938197	1	90	100	政府机构
140106002002	五一东社区居委会	112.580236	37.863754	1	80	95	政府机构
140109014001	神堂沟社区居委会	112.489894	37.812338	1	80	97	政府机构
140109011014	御德苑社区居民委员会	112.506542	37.859380	1	90	93	政府机构
140110003213	南瓦窑村委会	112.482046	37.728779	1	80	94	政府机构
140121102001	东于社区居委会	112.227984	37.629029	0	18	49	乡镇
140181200202	西岔村委会	112.059080	38.147521	0	30	72	村庄
140106004007	南内环街四社区居委会	112.584468	37.839021	1	80	96	道路
140109002004	纺织苑东社区居委会	112.511720	37.852009	1	80	97	政府机构
140108006003	森园南街社区居委会	112.537915	37.920529	1	80	95	政府机构
140108003201	土堂村委会	112.454005	38.007222	1	80	94	政府机构
140181203212	杜里沟村委会	111.895740	37.849060	0	25	43	村庄
140121200205	东梁泉村委会	112.285865	37.695258	0	18	35	村庄
140105100217	流涧村委会	112.553384	37.644972	0	18	40	乡镇
140106003003	南海街一社区居委会	112.556549	37.866029	1	80	95	政府机构
140107201208	南坪梁村委会	112.645051	37.942879	0	18	35	村庄
140181100200	河口村委会	112.224315	37.926298	1	80	100	政府机构
140107007004	太行路社区居委会	112.588420	37.890680	1	80	95	政府机构
140121103217	韩武堡村委会	112.404984	37.501584	0	18	40	乡镇
140123202208	榆树掌村委会	111.661159	38.088567	0	16	33	乡镇
140108001007	钢东社区居委会	112.564487	37.917777	1	80	95	政府机构
140110001015	兰亭御湖城社区	112.509875	37.809414	1	90	100	政府机构
140122101209	金家岗村委会	112.753087	38.127190	1	80	100	政府机构
140121100207	北营村委会	112.362842	37.621738	0	25	70	乡镇
140181204200	常安村委会	112.043280	37.803049	0	25	70	村庄
140181201002	铁炉沟社区居委会	112.099480	37.991549	0	25	55	乡镇
140121103201	闫家营村委会	112.404984	37.501584	0	18	66	乡镇
140110100209	冶峪村委会	112.471561	37.794178	0	50	73	UNKNOWN
140181100216	后沟村委会	112.245921	37.998369	0	16	65	乡镇
140109006006	葡萄苑社区居民委员会	112.411237	37.837880	1	90	94	政府机构
140122103222	权庄村委会	112.543980	38.088861	0	25	70	乡镇
140110001003	西峪街一社区居委会	112.509107	37.810079	1	70	92	地产小区
140106100222	捐子沟村委会	112.682235	37.862369	0	18	35	乡镇
140108002001	简易社区居委会	112.557208	37.933893	1	90	97	政府机构
140110101224	三泉头村委会	112.402410	37.717849	0	30	72	村庄
140121100211	猫儿梁村委会	112.362842	37.621738	0	25	70	乡镇
140107004002	山医大二院社区居委会	112.570991	37.873119	1	80	94	政府机构
140105200203	北王名村委会	112.646280	37.736100	1	80	100	政府机构
140109011002	沙沟社区居委会	112.506542	37.859380	1	90	97	政府机构
140108005005	北固碾社区居委会	112.519743	37.965712	1	80	100	政府机构
140123100221	第二足村委会	111.813154	38.060077	0	18	35	乡镇
140107003006	半坡东街社区居委会	112.565105	37.877899	1	80	95	政府机构
140106004011	青年路二社区居委会	112.564310	37.846490	1	80	95	政府机构
140121200213	枣坪村委会	112.381535	37.679127	1	80	100	政府机构
140181203204	随公沟村委会	111.895740	37.849060	0	25	43	村庄
140171401005	南黑窑社区居委会	112.593228	37.739986	0	50	82	UNKNOWN
140171404207	西北格村委会	112.535740	37.641411	0	30	72	村庄
140105003016	老峰社区居委会	112.603391	37.787327	1	90	95	政府机构
140107008001	胜利东街社区居委会	112.578100	37.894409	1	80	97	政府机构
140123203213	下石村委会	111.678659	37.921506	0	16	65	乡镇
140110101204	长巷村委会	112.445350	37.699040	0	30	72	村庄
140181003001	腾飞路社区居委会	112.150831	37.915759	0	40	77	道路
140122103202	归朝村委会	112.543980	38.088861	0	25	70	乡镇
140107200213	王家山村委会	112.575902	37.924758	0	25	70	乡镇
140108009401	不锈钢园区居委会	112.546486	37.951023	1	90	95	政府机构
140123200203	盐市崖村委会	111.928458	38.129301	0	18	35	村庄
140121103221	杨家堡村委会	112.404984	37.501584	0	18	66	乡镇
140108008210	寺头村委会	112.489723	37.938220	1	80	97	政府机构
140110102214	圪塔村委会	112.352493	37.684439	0	30	72	村庄
140122100212	南留南村委会	112.668068	38.096770	0	18	40	乡镇
140122204204	箭杆村委会	112.296580	38.238993	0	18	40	乡镇
140108101216	晋庄村委会	112.563823	37.991900	1	80	100	政府机构
140106001008	铁匠巷社区居委会	112.565895	37.869133	1	90	95	政府机构
140105007002	大吴社区居委会	112.607960	37.778681	1	80	97	政府机构
140108004008	兴安社区居委会	112.532132	37.956844	1	80	97	政府机构
140110100012	电南社区居委会	112.498681	37.781680	0	18	40	乡镇
140108202204	中焉村委会	112.543643	38.013081	0	25	47	乡镇
140122203200	西凌井村委会	112.422250	38.136071	0	25	43	乡镇
140109200011	小卧龙社区居委会	112.380301	37.881580	1	80	97	政府机构
140123100201	娄家庄村委会	111.813154	38.060077	0	18	66	乡镇
140105004012	前机社区居委会	112.554880	37.818340	1	80	95	政府机构
140123204217	圪垛村委会	111.911187	37.941844	0	16	65	乡镇
140110003225	程家峪村村委会	112.482046	37.728779	1	80	94	政府机构
140181004005	冷泉社区居委会	112.107670	37.901450	1	80	95	政府机构
140110100004	武家庄社区居委会	112.498681	37.781680	0	18	66	乡镇
140121200225	寺家坪村委会	112.285865	37.695258	0	18	66	村庄
140181002201	石炭咀村委会	112.168348	37.912666	1	80	94	政府机构
140123204201	大树村委会	111.902876	37.934151	1	80	100	政府机构
140123100217	塔圪垛村委会	111.813154	38.060077	0	18	49	乡镇
140105004004	长风社区居委会	112.554880	37.818340	1	80	95	政府机构
140121201208	东青堆村委会	112.335122	37.523927	1	80	95	政府机构
140109200007	冀家沟社区居委会	112.330127	37.904355	0	18	49	村庄
140109013009	丽华社区居民委员会	112.521122	37.821034	1	80	94	政府机构
140122200206	河庄村委会	112.633440	38.206439	1	80	100	政府机构
140108201202	镇城村委会	112.471824	38.046895	0	18	40	村庄
140107006009	红沟路社区居委会	112.597268	37.876374	1	80	97	政府机构
140110101212	王郭村委会	112.451637	37.675809	1	80	100	政府机构
140123203205	石峪村委会	111.678659	37.921506	0	16	65	乡镇
140106100214	董家庄村委会	112.682235	37.862369	0	18	66	乡镇
140171404211	刘村庄村委会	111.052919	35.224132	0	80	100	政府机构
140122103214	张家庄村委会	112.525700	38.069639	0	30	72	村庄
140110102202	北邵村委会	112.409099	37.651405	1	80	100	政府机构
140105005212	五龙沟村委会	112.608750	37.780231	1	80	97	政府机构
140109009003	枣尖梁社区居民委员会	112.488999	37.886776	1	80	93	政府机构
140108101200	阳曲村委会	112.591428	38.006280	0	18	40	乡镇
140122100204	城晋驿村委会	112.712370	38.093060	0	50	73	UNKNOWN
140108200203	下水峪村委会	112.392412	37.968152	0	18	66	乡镇
140109002008	鸿苑社区居委会	112.511720	37.852009	1	80	95	政府机构
140122201207	张拔村委会	112.718113	37.995969	0	16	65	村庄
140122104400	新安东街社区居委会	112.681820	38.061130	0	50	82	道路
140121200209	圪垛儿村委会	112.285865	37.695258	0	18	35	村庄
140123101216	秦家崖村委会	111.808100	38.140950	0	30	72	村庄
140105005005	民航社区居委会	112.608750	37.780231	1	80	97	政府机构
140181003200	郝家庄村委会	112.167940	37.884560	1	80	100	政府机构
140106100003	朝阳三社区居委会	112.592877	37.854814	1	80	95	地产小区
140105006015	温家堡社区居委会	112.569964	37.729925	1	80	97	政府机构
140123102206	银洞咀村委会	111.955097	38.023045	0	18	40	乡镇
140181001006	汾西苑社区居委会	112.208154	37.920572	1	70	92	地产小区
140122101205	李家沟村委会	112.739190	38.162837	1	80	100	政府机构
140109008002	建筑街社区居委会	112.476270	37.865091	1	80	95	政府机构
140108100201	北下温村委会	112.516010	37.984489	0	30	72	村庄
140105001011	学府街东社区居委会	112.575970	37.820549	1	80	95	政府机构
140123201214	柳林寺村委会	111.569810	38.008080	1	80	100	政府机构
140107201204	前李家山村委会	112.645051	37.942879	0	18	40	村庄
140105002001	南十方张家巷社区居委会	112.580558	37.826358	1	90	94	政府机构
140123202204	新窑上村委会	111.663415	38.107650	1	80	100	政府机构
140107007008	北沙河社区居委会	112.588422	37.890593	1	80	100	政府机构
140121101226	西怀远村委会	112.480863	37.537702	0	18	49	乡镇
140110100213	新村村委会	112.474189	37.785947	1	80	100	政府机构
140109008014	红沟社区居民委员会	112.476270	37.865091	1	80	94	政府机构
140122205205	温川村委会	112.896010	38.248431	0	25	47	村庄
140181001010	长峪沟社区居委会	112.203587	37.918036	1	80	95	政府机构
140121102220	洛池渠村委会	112.227984	37.629029	0	18	35	乡镇
140123201202	苇院坪村村委会	111.702289	38.028811	0	30	58	村庄
140105001007	坞城路西社区居委会	112.575970	37.820549	1	80	95	政府机构
140122102203	洛阴村委会	112.791575	38.068867	0	16	38	乡镇
140105002017	平阳路二社区居委会	112.580558	37.826358	1	90	94	政府机构
140108101001	阳曲社区居委会	112.591428	38.006280	0	18	49	乡镇
140109009202	圪僚沟村委会	112.488999	37.886776	1	80	95	政府机构
140122201211	小岗头村委会	112.670100	37.985251	0	30	72	村庄
140123101200	下静游村委会	111.840304	38.161299	1	80	100	政府机构
140105005013	黄陵社区居委会	112.608750	37.780231	1	80	95	政府机构
140181203208	大济沟村委会	111.858006	37.829274	0	30	58	村庄
140122202201	西郭湫村委会	112.948329	38.076297	0	16	33	乡镇
140107200004	柏杨树社区居委会	112.574671	37.924416	0	30	72	地产小区
140110003209	北庄头村委会	112.482046	37.728779	1	80	97	政府机构
140105006003	汾东南路社区居委会	112.566239	37.735238	1	80	100	政府机构
140123102210	强家庄村委会	111.955097	38.023045	0	18	40	乡镇
140106100015	太堡二社区居委会	112.682235	37.862369	0	18	40	乡镇
140122202200	东郭湫村委会	112.948329	38.076297	0	16	33	乡镇
140107200005	南窊社区居委会	112.575902	37.924758	0	25	55	乡镇
140110003208	东城角村委会	112.482046	37.728779	1	80	93	政府机构
140123102211	策马村委会	111.955097	38.023045	0	18	40	乡镇
140105006002	康宁街社区居委会	112.569964	37.729925	1	80	95	政府机构
140106100014	南巷二社区居委会	112.558771	37.864610	1	80	95	地产小区
140109009203	袁家庄村委会	112.488999	37.886776	1	80	97	政府机构
140122201210	黄道沟村委会	112.718113	37.995969	0	16	38	村庄
140108008006	柴村中心社区居委会	112.489723	37.938220	1	80	97	政府机构
140105005012	东峰社区居委会	112.608750	37.780231	1	80	95	政府机构
140123101201	上静游村委会	111.826989	38.170811	0	60	80	UNKNOWN
140181203209	小济沟村委会	111.895740	37.849060	0	25	47	村庄
140181002001	矾石沟社区居委会	112.168348	37.912666	1	80	95	政府机构
140122102202	西殿村委会	112.791575	38.068867	0	16	38	乡镇
140105002016	平阳路一社区居委会	112.580558	37.826358	1	90	94	政府机构
140107009001	同乐苑社区居委会	112.573500	37.914609	1	80	95	地产小区
140122205204	石槽村委会	112.979890	38.284150	0	30	72	村庄
140121102221	果子园村委会	112.227984	37.629029	0	18	66	乡镇
140123201203	潘家庄村委会	111.721468	38.038097	0	25	70	乡镇
140105001006	坞城路东社区居委会	112.575970	37.820549	1	80	97	政府机构
140107201205	后李家山村委会	112.645051	37.942879	0	18	40	村庄
140123202205	盖家庄村委会	111.661159	38.088567	0	16	65	乡镇
140110100212	董茹村委会	112.496258	37.784938	1	80	100	政府机构
140107007009	小东关社区居委会	112.588420	37.890680	1	80	95	政府机构
140121101227	清德铺村委会	112.503855	37.499632	1	80	100	政府机构
140181001007	小峪沟社区居委会	112.203587	37.918036	1	80	95	政府机构
140122101204	景庄村委会	112.778569	38.189633	0	18	66	乡镇
140108100200	南下温村委会	112.516110	37.976669	0	30	72	村庄
140109008003	康乐苑社区居委会	112.476270	37.865091	1	80	95	政府机构
140105001010	太航社区居委会	112.578075	37.821970	1	80	100	政府机构
140123100001	娄烦村第一社区居委会	111.854069	38.096762	0	30	72	村庄
140123201215	进善村村委会	111.607403	37.996232	1	80	100	政府机构
140181003201	麻坪岭村委会	112.176000	37.906901	0	14	32	区县
140106100002	朝阳二社区居委会	112.682235	37.862369	0	18	66	乡镇
140123102207	庆山村委会	111.955097	38.023045	0	18	66	乡镇
140105006014	宋环社区居委会	112.569964	37.729925	1	80	97	政府机构
140108200202	上水峪村委会	112.392412	37.968152	0	18	40	乡镇
140109002009	大王社区居委会	112.511720	37.852009	1	80	95	政府机构
140122201206	尧子尚村委会	112.650340	37.989520	1	80	100	政府机构
140122104401	城东路社区居委会	112.682290	38.063060	0	50	82	道路
140121200208	梁泉岭村委会	112.285865	37.695258	0	18	49	村庄
140105005004	煤机社区居委会	112.608750	37.780231	1	80	97	政府机构
140123101217	河杨树底村委会	111.832269	38.162611	0	25	47	乡镇
140171403404	民营杏花岭区社区	112.570000	37.893899	0	16	100	区县
140110102203	枣元头村委会	112.411780	37.661940	1	80	100	政府机构
140108101201	马坡村委会	112.591428	38.006280	0	18	66	乡镇
140109009002	东社社区居民委员会	112.488999	37.886776	1	80	95	政府机构
140122100205	莎沟村委会	112.668068	38.096770	0	18	40	乡镇
140110101213	张村村委会	112.436537	37.663708	1	80	100	政府机构
140107006008	白龙花园社区居委会	112.597268	37.876374	1	80	95	政府机构
140121100226	贾兆村委会	112.362842	37.621738	0	25	47	乡镇
140123203204	米峪镇村委会	111.681040	37.944729	0	25	55	乡镇
140106100215	小山沟村委会	112.682235	37.862369	0	18	66	乡镇
140105003001	山针社区居委会	112.598187	37.789869	1	80	100	政府机构
140171404210	刘村村委会	112.541025	37.587207	0	80	100	政府机构
140122103215	松树村委会	112.543980	38.088861	0	25	70	乡镇
140123204200	王家崖村委会	111.916510	37.936662	1	80	100	政府机构
140105004005	滨东社区居委会	112.554880	37.818340	1	80	95	政府机构
140123100216	席岭村委会	111.813154	38.060077	0	18	40	乡镇
140109200006	榆树峁社区居委会	112.330127	37.904355	0	18	49	村庄
140121201209	南青堆村委会	112.323521	37.520068	0	18	35	村庄
140109013008	南上庄社区居民委员会	112.521122	37.821034	1	80	95	政府机构
140122200207	北社村委会	112.650971	38.189656	0	18	66	乡镇
140108201203	柏板村委会	112.484541	38.023566	1	80	95	购物
140110100005	古寨社区居委会	112.498681	37.781680	0	18	66	乡镇
140121200224	东圪台头村委会	112.285865	37.695258	0	18	40	村庄
140181002200	港立村委会	112.168348	37.912666	1	80	94	政府机构
140109200010	磺厂社区居委会	112.335020	37.889529	0	30	72	UNKNOWN
140105004013	亲贤社区居委会	112.554880	37.818340	1	80	97	政府机构
140123100200	大夫庄村委会	111.813154	38.060077	0	18	66	乡镇
140123204216	白家滩村委会	111.911187	37.941844	0	16	65	乡镇
140181004004	屯村社区居委会	112.107670	37.901450	1	80	97	政府机构
140110003224	要子庄村村委会	112.482046	37.728779	1	80	95	政府机构
140108100001	向阳社区居委会	112.506984	37.995836	0	20	67	乡镇
140121200232	张家山村委会	112.285865	37.695258	0	18	66	村庄
140105007003	小吴社区居委会	112.601439	37.778566	1	80	100	政府机构
140110100013	圣湖社区居委会	112.498681	37.781680	0	18	66	乡镇
140108202205	东焉村委会	112.543643	38.013081	0	25	43	乡镇
140122203201	西庄村委会	112.418855	38.140824	1	80	100	政府机构
140123200202	庙湾村委会	111.896654	38.095591	1	80	100	政府机构
140121103220	师家堡村委会	112.404984	37.501584	0	18	66	乡镇
140108008211	小塔村委会	112.489723	37.938220	1	80	97	政府机构
140122100213	北留村委会	112.668068	38.096770	0	18	40	乡镇
140122204205	六固村委会	112.296580	38.238993	0	18	66	乡镇
140108101217	新兴村委会	112.605490	38.019991	0	30	72	村庄
140106001009	起凤街社区居委会	112.565895	37.869133	1	90	97	政府机构
140171401004	鸿洋社区居委会	112.563000	37.873500	0	0	9	省
140171404206	北格村委会	112.538760	37.637401	0	30	72	村庄
140105003017	黑驼社区居委会	112.603391	37.787327	1	90	97	政府机构
140123203212	兴旺庄村委会	111.706670	37.976411	0	30	72	村庄
140110101205	北大寺村委会	112.432400	37.700637	0	18	40	乡镇
140122103203	白家社村委会	112.543980	38.088861	0	25	43	乡镇
140107200212	下岭村委会	112.575902	37.924758	0	25	70	乡镇
140106004010	青年路一社区居委会	112.564310	37.846490	1	80	95	政府机构
140121200212	阳圈峁村委会	112.285865	37.695258	0	18	35	村庄
140181203205	关头村委会	111.895740	37.849060	0	25	70	村庄
140105200202	寺庄村委会	112.620940	37.717175	0	18	66	乡镇
140110003204	北街村村委会	112.482046	37.728779	1	80	95	政府机构
140109011003	前进路南社区居委会	112.506542	37.859380	1	90	95	政府机构
140108005004	大同路社区居委会	112.512794	37.960379	0	25	55	乡镇
140123100220	白道村委会	111.813154	38.060077	0	18	40	乡镇
140107003007	半坡西街社区居委会	112.565105	37.877899	1	80	97	政府机构
140181101001	镇城底社区居委会	112.088190	37.949389	0	60	87	UNKNOWN
140109006007	苹果苑社区居民委员会	112.411237	37.837880	1	90	94	政府机构
140110001002	二巷社区居委会	112.509875	37.809414	1	90	95	政府机构
140106100223	沟北村委会	112.706330	37.897069	0	30	72	村庄
140107004003	省军区社区居委会	112.570991	37.873119	1	80	95	政府机构
140121100210	大峪村委会	112.362842	37.621738	0	25	70	乡镇
140110101225	五坡村委会	112.432400	37.700637	0	18	66	乡镇
140106003014	水西关街四社区居委会	112.550307	37.864678	1	80	96	道路
140181204201	东塔村委会	112.043280	37.803049	0	25	70	村庄
140110100208	上冶峪村委会	112.514068	37.806782	1	80	100	政府机构
140121103200	孟封村委会	112.404984	37.501584	0	18	40	乡镇
140181100217	栲栳村委会	112.169557	37.967997	1	80	100	政府机构
140110001014	阳光汾河湾社区	112.509875	37.809414	1	90	97	政府机构
140122101208	北家庄村委会	112.778569	38.189633	0	18	66	乡镇
140121100206	小北村委会	112.309670	37.602361	0	30	72	村庄
140121204210	温李青村委会	112.575181	37.555204	0	18	35	村庄
140106003002	海边街社区居委会	112.556549	37.866029	1	80	97	政府机构
140105100216	南代家堡村委会	112.494088	37.618436	1	80	94	UNKNOWN
140107201209	麦坪村委会	112.645051	37.942879	0	18	66	村庄
140109005001	和平社区居委会	112.512119	37.886497	1	90	97	政府机构
140110002004	第四社区居委会	112.485411	37.767956	1	80	97	政府机构
140181100201	火山村委会	112.192716	37.917031	1	80	100	政府机构
140121103216	南东社村委会	112.404984	37.501584	0	18	49	乡镇
140107007005	新村社区居委会	112.599431	37.886931	0	50	68	道路
140123202209	孔家峪村委会	111.661159	38.088567	0	16	65	乡镇
140108001006	恒山社区居委会	112.564487	37.917777	1	80	97	政府机构
140106004006	南内环街三社区居委会	112.564310	37.846490	1	80	97	政府机构
140109002005	纺织苑西社区居委会	112.511720	37.852009	1	80	95	政府机构
140108006002	古城社区居委会	112.537915	37.920529	1	80	97	政府机构
140108003200	上兰村委会	112.454005	38.007222	1	80	97	政府机构
140107010001	东华苑社区居委会	112.625410	37.878440	1	80	97	政府机构
140181203213	石相沟村委会	111.895740	37.849060	0	25	43	村庄
140121200204	都沟村委会	112.285865	37.695258	0	18	40	村庄
140110003212	晋阳堡村委会	112.482046	37.728779	1	80	97	政府机构
140108001401	太钢小区社区	112.564487	37.917777	1	80	97	政府机构
140121203214	闫家营村委会	112.488026	37.590095	0	18	66	村庄
140181200203	红梁岩村委会	112.152810	38.098559	0	25	47	村庄
140106100219	大窑脑村委会	112.682235	37.862369	0	18	35	乡镇
140123203208	窑庄村委会	111.678659	37.921506	0	16	65	乡镇
140181101200	下雁门村委会	112.176000	37.906901	0	14	46	区县
140121102217	赵家山村委会	112.417763	37.783142	1	80	100	政府机构
140107006004	大东关北社区居委会	112.597268	37.876374	1	80	95	政府机构
140105200003	西贾社区居委会	112.620940	37.717175	0	18	49	乡镇
140110003005	龙滩社区居委会	112.482046	37.728779	1	80	95	政府机构
140122103219	耀子沟村委会	112.543980	38.088861	0	25	43	乡镇
140107200208	枣沟村委会	112.575902	37.924758	0	25	47	乡镇
140106002003	上马街一社区居委会	112.575304	37.867656	1	80	95	地产小区
140181206206	阳屋上村委会	112.187689	37.798871	0	25	55	乡镇
140105002020	狄村社区居委会	112.580558	37.826358	1	90	97	政府机构
140121101207	庄子村委会	112.480863	37.537702	0	18	66	乡镇
140181102210	十字岩村委会	112.004883	37.855542	0	16	33	乡镇
140121200228	陈家坪村委会	112.285865	37.695258	0	18	66	村庄
140181201202	南村村委会	112.091739	38.010094	1	80	100	政府机构
140110100009	北阜社区居委会	112.489516	37.778544	0	30	58	商圈
140107002010	桃园北路西社区居委会	112.543052	37.875839	1	80	100	政府机构
140121201205	拔奎村委会	112.319243	37.526956	1	80	100	政府机构
140108007003	乾泽园社区居委会	112.522795	37.897408	1	80	95	政府机构
140108002201	杜家村村委会	112.557208	37.933893	1	90	97	政府机构
140105004009	中辐院社区居委会	112.554880	37.818340	1	80	97	政府机构
140121100011	白衣庵社区	112.362842	37.621738	0	25	70	乡镇
140109003004	和平北路西巷社区居委	112.496369	37.861557	1	80	95	政府机构
140109013004	义井东街社区居委会	112.521122	37.821034	1	80	97	政府机构
140106005007	并州东街一社区居委会	112.580701	37.851669	0	40	65	道路
140107002006	柳溪街社区居委会	112.551250	37.876431	1	80	97	政府机构
140108004005	二电社区居委会	112.532132	37.956844	1	80	95	政府机构
140123101221	石槽村委会	111.832269	38.162611	0	25	70	乡镇
140121202203	北云支村委会	112.405877	37.572833	0	20	36	村庄
140109010002	大虎沟社区居委会	112.394020	37.881509	1	80	95	政府机构
140106006001	老军营小区二社区居委会	112.555385	37.837910	1	75	92	地产小区
140110002205	寺底村委会	112.485411	37.767956	1	80	97	政府机构
140105201203	洛阳村委会	112.451329	37.638303	0	18	66	乡镇
140121100007	市楼社区	112.347107	37.614307	1	90	100	UNKNOWN
140108007015	西流社区居委会	112.522795	37.897408	1	80	97	政府机构
140181202204	白家沟村委会	112.106116	37.972467	0	18	66	村庄
140106005011	双塔寺街一社区居委会	112.579331	37.845969	0	40	65	道路
140109003012	玉河社区居民委员会	112.496369	37.861557	1	80	94	政府机构
140110101209	杨家村村委会	112.466657	37.730499	1	80	100	政府机构
140121102201	水屯营村委会	112.227984	37.629029	0	18	35	乡镇
140181205200	原相村委会	112.095445	37.773043	0	18	40	村庄
140171401008	疙瘩营社区居委会	112.563000	37.873500	0	0	9	省
140181102206	西沟村委会	112.011490	37.849624	1	80	100	政府机构
140107005002	教场巷社区居委会	112.569456	37.879972	1	80	95	政府机构
140121101211	武家庄村委会	112.502050	37.573180	0	30	72	村庄
140108003001	太纸社区社区居委会	112.447392	38.009785	1	70	92	地产小区
140181206210	南沟村委会	112.141670	37.702090	0	30	72	村庄
140109012204	南峪村委会	112.439140	37.862950	1	80	97	政府机构
140106001005	海子边西街社区居委会	112.565895	37.869133	1	90	97	政府机构
140109007006	官地社区居委会	112.440780	37.837495	1	80	95	政府机构
