140681103204	后村村委会	113.228643	39.928695	1	80	100	政府机构
140621100213	米庄窝村委会	112.582975	39.674600	1	80	100	政府机构
140603205220	索家窑村委会	112.119311	39.870027	0	16	38	乡镇
140621103203	兰园村委会	112.819080	39.520369	0	30	72	村庄
140681100214	石井村委会	113.022640	39.851891	0	30	72	村庄
140623200221	沈家窑村委会	112.533616	40.082911	0	16	65	乡镇
140603209203	下梨园村委会	112.289000	39.511400	0	14	37	区县
140681204202	南米庄村委会	113.329276	39.847667	0	18	40	乡镇
140621207215	帐头铺村委会	112.875097	39.312576	1	80	100	政府机构
140622208205	高庄村委会	113.529350	39.451019	0	30	72	村庄
140603200219	卧场村委会	112.307931	39.453085	0	18	40	村庄
140603202224	王家窑村委会	112.083761	39.532266	0	16	65	乡镇
140623205218	二十一村委会	112.502937	40.221914	0	16	38	乡镇
140603210219	中石湖村委会	112.502220	39.576720	0	30	72	村庄
140621200211	黄草梁村委会	112.488463	39.652344	0	18	40	乡镇
140681203206	上海子村委会	113.201770	39.793649	0	18	66	乡镇
140602100208	毛道村委会	112.633746	39.390582	0	16	38	乡镇
140602001002	北关路社区	112.435707	39.319079	1	80	100	政府机构
140602004200	李家河村委会	112.436990	39.355370	1	80	97	政府机构
140623100223	南街村委会	112.461133	39.972694	0	30	72	村庄
140621203201	河头村委会	112.921885	39.554678	0	18	49	地产小区
140602101225	西驼梁村委会	112.150993	39.345369	0	16	33	乡镇
140681203210	黎寨村委会	113.201770	39.793649	0	18	66	乡镇
140621200207	郭家窑村委会	112.784325	39.559837	1	80	100	政府机构
140623103225	下吴村委会	112.585683	39.774455	0	25	70	乡镇
140623101218	马营河村委会	112.388207	40.188311	0	50	73	UNKNOWN
140602002004	庙前社区	112.412980	39.308781	1	80	97	政府机构
140622201209	南沙城村委会	113.280359	39.663529	0	16	65	村庄
140602204208	神武村委会	112.580650	39.169419	0	30	72	村庄
140681200200	何家堡村委会	113.074630	39.813030	0	25	70	乡镇
140623102208	棋杆村村委会	112.361510	39.953691	0	25	70	地产小区
140602004216	牛家店村委会	112.436990	39.355370	1	80	97	政府机构
140602001014	万和社区	112.435707	39.319079	1	80	97	政府机构
140602101233	赤谷村村委会	112.135620	39.354621	0	30	58	村庄
140622202219	东坝村委会	113.068624	39.628981	0	16	65	乡镇
140602207218	趄坡村委会	112.362370	39.208731	0	25	47	乡镇
140622208244	安乐泉村委会	113.424900	39.406660	0	25	47	乡镇
140603206226	赵小村委会	112.277501	39.679694	0	16	38	乡镇
140621100205	南祖村委会	112.615400	39.672900	0	25	43	乡镇
140681103212	王家堡村委会	113.152917	39.881828	1	80	100	政府机构
140622207220	北高庄村委会	113.464600	39.518449	0	30	72	村庄
140602202221	刘家湾村委会	112.620560	39.335230	0	30	72	村庄
140603101220	周花板村委会	112.235445	39.808609	1	80	100	政府机构
140621207203	西沙堆村委会	112.873638	39.287595	0	16	47	村庄
140681204214	安寺村委会	113.329276	39.847667	0	18	66	乡镇
140681100202	北窑村委会	113.063280	39.857410	0	30	72	村庄
140621103215	夏家窑村委会	112.750478	39.534508	0	16	38	乡镇
140622208213	正南沟村委会	113.424900	39.406660	0	25	70	乡镇
140602204224	下寨村委会	112.695050	39.211359	0	25	70	乡镇
140602206219	下沙塄河村委会	112.495690	39.197940	0	25	43	乡镇
140622203218	郑庄村委会	113.129333	39.515043	1	80	100	政府机构
140602208207	南西沟村委会	112.198700	39.264010	0	30	72	村庄
140681100015	云城街社区居委会	113.094490	39.817061	0	25	55	乡镇
140623205222	金家元村委会	112.502937	40.221914	0	16	38	乡镇
140603210223	石峰村委会	112.454885	39.594876	1	80	100	政府机构
140623101234	廿五湾村委会	112.351460	40.162630	0	25	55	乡镇
140621202216	下立羊泉村委会	112.664309	39.595011	0	25	55	乡镇
140681201201	南辛村委会	112.966879	39.761391	0	30	72	村庄
140602205209	化庄村委会	112.536843	39.263596	0	18	66	村庄
140622200208	城下庄村委会	113.158464	39.410583	1	80	97	政府机构
140602003005	啤酒厂社区	112.557190	39.366330	1	80	97	政府机构
140623102224	花家寺村委会	112.285755	39.836891	1	80	100	政府机构
140623100219	大蒋家屯村委会	112.492107	39.994920	0	16	38	乡镇
140681202211	万金桥村委会	113.090445	39.724552	0	18	40	村庄
140621201206	后石门村委会	112.702289	39.719386	0	16	65	村庄
140602200230	霍庄村委会	112.359798	39.371593	0	18	66	乡镇
140681101203	窑子头村委会	112.871284	39.772113	0	18	66	乡镇
140603204237	头墩村委会	112.040071	39.732919	0	25	70	村庄
140621102214	西小河村委会	112.949175	39.447474	0	16	65	乡镇
140602004001	御龙社区	112.436990	39.355370	1	80	97	政府机构
140603208214	井儿上村委会	112.089860	39.464089	0	25	70	乡镇
140621206202	西寺院村委会	112.766150	39.400813	0	18	40	乡镇
140603100221	大白洋洼村委会	112.269697	39.538169	0	18	35	乡镇
140681205215	百谷寨村委会	113.300677	39.743380	0	18	35	村庄
140602203220	白圐圙村委会	112.647212	39.273857	0	18	35	乡镇
140622206221	书堂崖村委会	113.186400	39.418320	0	25	43	村庄
140621101204	辛留村委会	112.849620	39.586061	0	30	72	村庄
140603207227	李家堡村委会	112.556445	39.507877	0	16	65	乡镇
140681102213	尚南头村委会	112.923930	39.637550	0	30	72	村庄
140621205212	河阳堡村委会	112.816450	39.473709	0	25	43	村庄
140602200226	松子咀村委会	112.359798	39.371593	0	18	35	乡镇
140681205203	小昌城村委会	113.300677	39.743380	0	18	35	村庄
140621206214	双寨村委会	112.766150	39.400813	0	18	66	乡镇
140603208202	白殿沟村委会	112.089860	39.464089	0	25	43	乡镇
140621102202	王庄村委会	112.978100	39.442210	0	30	72	村庄
140622208229	董家沟村委会	113.365020	39.370129	0	30	72	村庄
140621205204	安良铺村委会	112.816450	39.473709	0	25	43	村庄
140623202230	东窑头村委会	112.517570	39.798979	0	30	72	村庄
140681102205	禅房村委会	112.913848	39.674475	0	16	65	乡镇
140621101212	郭庄村委会	112.783709	39.697041	0	30	72	村庄
140602100224	新文村委会	112.633746	39.390582	0	16	65	乡镇
140602208211	山青梁村委会	112.334621	39.288579	0	25	43	乡镇
140681201217	新家园村委会	112.994870	39.753849	0	30	72	村庄
140621202200	下喇叭村委会	112.664309	39.595011	0	25	43	乡镇
140623101222	花柳沟村委会	112.461450	40.139769	0	30	72	村庄
140623205234	应洲湾村委会	112.428818	40.207546	1	80	100	政府机构
140681100003	北坛东街社区居委会	113.106793	39.831038	0	50	82	道路
140603202208	上水头村委会	112.083761	39.532266	0	16	65	乡镇
140602101209	梁井沟村委会	112.150993	39.345369	0	16	33	乡镇
140622202223	胡家岭村委会	113.068624	39.628981	0	16	65	乡镇
140602207222	下坡村委会	112.362370	39.208731	0	25	70	乡镇
140621201210	腰寨村委会	112.702289	39.719386	0	16	38	村庄
140681202207	安大庄村委会	113.090445	39.724552	0	18	66	村庄
140623102232	毛家岭村委会	112.361510	39.953691	0	25	70	地产小区
140623204219	黄家窑村委会	112.320790	40.110330	0	25	70	地产小区
140603203225	顾家店村委会	112.098514	39.636739	0	16	65	村庄
140623202210	古城堡村委会	112.454101	39.796749	0	25	70	乡镇
140621209207	许家洼村委会	112.983421	39.367870	0	18	66	乡镇
140681100218	南街村委会	113.037270	39.867390	0	30	72	村庄
140603207211	杏园村委会	112.556445	39.507877	0	16	65	乡镇
140622208209	小西铺村委会	113.424900	39.406660	0	25	70	乡镇
140622102201	赵堡村委会	113.302482	39.523482	0	18	66	地产小区
140622206217	箭杆村委会	113.186400	39.418320	0	25	47	村庄
140602203216	计庄村委会	112.647212	39.273857	0	18	66	乡镇
140603100217	小木瓜界村委会	112.269697	39.538169	0	18	35	乡镇
140623201200	白头里村委会	112.499586	39.904351	1	80	100	政府机构
140621102222	羊圈头村委会	113.022120	39.443621	0	30	72	村庄
140681103208	杨谷庄村委会	113.277240	39.920250	0	25	55	乡镇
140622101211	西崔庄村委会	113.260424	39.466745	0	16	65	乡镇
140621002005	惠丰社区居委会	112.809596	39.517284	1	80	100	政府机构
140622205207	小寨河村委会	113.115070	39.401149	0	25	70	乡镇
140602200206	全武营村委会	112.380000	39.402020	0	30	72	村庄
140623102212	树儿照村委会	112.361510	39.953691	0	25	43	地产小区
140602101229	小北岔村委会	112.150993	39.345369	0	16	38	乡镇
140622202203	薛家营村委会	113.068624	39.628981	0	16	38	乡镇
140602207202	丰予村村委会	112.363790	39.231861	0	30	58	村庄
140623101202	下元村委会	112.351460	40.162630	0	25	70	乡镇
140623205214	林家堡村委会	112.502937	40.221914	0	16	65	乡镇
140603200215	曹庄村委会	112.311409	39.477801	0	30	72	村庄
140602100204	东神头村委会	112.578813	39.389478	1	80	100	政府机构
140622201213	大圐圙村委会	113.280359	39.663529	0	16	38	村庄
140602204212	梁地村委会	112.695050	39.211359	0	25	47	乡镇
140623102204	徐家村村委会	112.361510	39.953691	0	25	70	地产小区
140622208248	奋地村委会	113.412032	39.431445	1	80	100	政府机构
140602207214	沙河村委会	112.342640	39.129559	0	30	72	村庄
140622202215	花红村委会	112.982260	39.562630	0	30	72	村庄
140603200203	安太堡村委会	112.307931	39.453085	0	18	40	村庄
140623205202	周光录村委会	112.502937	40.221914	0	16	33	乡镇
140602002008	南关路社区	112.412980	39.308781	1	80	97	政府机构
140623101214	黑洲湾村委会	112.351460	40.162630	0	25	47	乡镇
140603210203	石井沟村委会	112.393360	39.563729	0	30	72	村庄
140603204240	小郭家窑村委会	112.040071	39.732919	0	25	43	村庄
140602204204	东梁洼村委会	112.695050	39.211359	0	25	43	乡镇
140622201205	西店村委会	113.197990	39.664731	0	30	72	村庄
140602100212	野场村委会	112.633746	39.390582	0	16	65	乡镇
140621103219	上沙河村委会	112.750478	39.534508	0	16	65	乡镇
140603207207	朱家嘴村委会	112.556445	39.507877	0	16	65	乡镇
140623202206	大川村委会	112.423969	39.707231	0	30	72	村庄
140621209211	大柴棚村委会	112.983421	39.367870	0	18	35	乡镇
140603209219	东平太村委会	112.408300	39.649560	0	30	72	村庄
140622206201	钗里村委会	113.186400	39.418320	0	25	55	村庄
140621001003	和顺社区居委会	112.826001	39.525170	0	30	72	乡镇
140621100209	沈庄窝村委会	112.615400	39.672900	0	25	43	乡镇
140623101243	朱家窑村委会	112.351460	40.162630	0	25	70	乡镇
140623201216	张化村村委会	112.424850	39.875961	0	30	58	村庄
140623100002	玉河社区居民委员会	112.492107	39.994920	0	16	38	乡镇
140603100201	堡子沟村委会	112.269697	39.538169	0	18	66	乡镇
140602200210	秋寺院村委会	112.359798	39.371593	0	18	49	乡镇
140622205211	刘海窑村委会	113.115070	39.401149	0	25	43	乡镇
140622101207	鲍堡村委会	113.260424	39.466745	0	16	38	乡镇
140602101213	蒋家峪村委会	112.150993	39.345369	0	16	38	乡镇
140622200204	西辉耀村委会	113.223622	39.593641	1	80	100	政府机构
140602205205	高升庄村委会	112.536843	39.263596	0	18	35	村庄
140622208264	蔺家渠村委会	113.424900	39.406660	0	25	47	乡镇
140623100215	西丁村村委会	112.376411	39.998959	1	80	100	政府机构
140623102228	刘家窑村委会	112.361510	39.953691	0	25	70	地产小区
140623204203	火烧滩村委会	112.320790	40.110330	0	25	47	地产小区
140602003009	三泉湾社区	112.557190	39.366330	1	80	95	政府机构
140603201202	歇马关村委会	112.477525	39.429247	1	80	100	政府机构
140622203214	丰黄巍村委会	113.068968	39.546424	0	18	49	乡镇
140602206215	小涂皋村委会	112.495690	39.197940	0	25	43	乡镇
140623101238	康家湾村委会	112.363980	40.195461	0	30	72	村庄
140623103205	西洲里村委会	112.585683	39.774455	0	25	55	乡镇
140603202212	东昌峪村委会	112.083761	39.532266	0	16	33	乡镇
140622208233	洪水河村委会	113.424900	39.406660	0	25	47	乡镇
140622100206	六里庄村委会	113.163571	39.588284	1	80	100	政府机构
140622204210	安营村委会	113.094922	39.457344	0	18	66	村庄
140602201211	上泉观村委会	112.493428	39.388167	0	18	35	乡镇
140603101200	凤凰城村委会	112.184665	39.760891	0	25	70	乡镇
140623200217	细家沟村委会	112.533616	40.082911	0	16	33	乡镇
140621101208	永静城村委会	112.826723	39.623068	1	80	100	政府机构
140603205216	闫哱啰村委会	112.119311	39.870027	0	16	38	乡镇
140622207200	大临河村委会	113.393387	39.559007	0	16	38	乡镇
140602202201	滋润村委会	112.704467	39.309433	0	16	38	村庄
140623203207	辛窑村委会	112.202366	39.983021	0	16	65	乡镇
140621208210	羊十二庄村委会	112.787983	39.261875	1	80	100	政府机构
140603206206	西夹道村委会	112.277501	39.679694	0	16	65	乡镇
140621102218	北盐池村委会	112.905312	39.465700	1	80	100	政府机构
140621100225	西石人坡村委会	112.615400	39.672900	0	25	55	乡镇
140602201207	祝家庄村委会	112.531419	39.348171	1	80	100	政府机构
140622204206	辛坊村委会	113.094922	39.457344	0	18	40	村庄
140622100210	吴庄村委会	113.161690	39.609160	0	30	72	村庄
140603205200	高石庄村委会	112.119311	39.870027	0	16	47	乡镇
140621103223	鸳鸯会村委会	112.750478	39.534508	0	16	33	乡镇
140681102209	胡寨村委会	112.913848	39.674475	0	16	65	乡镇
140623200201	甘泉庄村委会	112.533616	40.082911	0	16	38	乡镇
140603209223	小川村委会	112.362636	39.622285	0	16	65	乡镇
140621205208	大羊村委会	112.816450	39.473709	0	25	70	村庄
140602202217	里磨疃村委会	112.704467	39.309433	0	16	33	村庄
140622207216	北小寨村委会	113.393387	39.559007	0	16	65	乡镇
140603206210	魏庄村委会	112.208320	39.635519	0	30	72	村庄
140623203211	青草湾村委会	112.202366	39.983021	0	16	65	乡镇
140621208206	油坊村委会	112.777477	39.196679	0	30	72	村庄
140621206218	老羊寨铺村委会	112.766150	39.400813	0	18	40	乡镇
140602205213	太平窑村委会	112.536843	39.263596	0	18	40	村庄
140622200212	小东滩村委会	113.289879	39.577993	0	18	66	乡镇
140602101205	南庄村委会	112.134680	39.283391	0	30	72	村庄
140623204215	金牛庄村委会	112.330643	40.120280	1	80	100	政府机构
140621400504	山阴农牧场四分场	112.810927	39.372630	0	18	66	UNKNOWN
140602004220	照什八庄村委会	112.436990	39.355370	1	80	92	政府机构
140623100203	上堡村委会	112.477120	39.993081	0	30	72	村庄
140602206203	扒齿沟村委会	112.495690	39.197940	0	25	47	乡镇
140622203202	颉庄村委会	113.068968	39.546424	0	18	40	乡镇
140602100228	沙疃村委会	112.633746	39.390582	0	16	38	乡镇
140603202204	下石窑村委会	112.083761	39.532266	0	16	38	乡镇
140602206202	石城庄村委会	112.495690	39.197940	0	25	43	乡镇
140622203203	圪塔村委会	113.114461	39.586419	0	30	72	村庄
140602100229	峪沟村委会	112.633746	39.390582	0	16	65	乡镇
140603202205	下井村委会	112.126150	39.508231	0	30	72	村庄
140623103212	大油坊头村委会	112.585683	39.774455	0	25	55	乡镇
140602205212	乔家梁村委会	112.536843	39.263596	0	18	40	村庄
140602101204	海子堰村委会	112.150993	39.345369	0	16	38	乡镇
140621400505	山阴农牧场五分场	112.810927	39.372630	0	18	66	UNKNOWN
140602004221	二十里铺村委会	112.436990	39.355370	1	80	97	政府机构
140623100202	余官屯村委会	112.526891	39.998495	1	80	100	政府机构
140603100001	古城社区居委会	112.269697	39.538169	0	18	66	乡镇
140602202216	东王圐圙村委会	112.704467	39.309433	0	16	33	村庄
140622207217	圣水塘村委会	113.352565	39.559567	1	80	100	政府机构
140623203210	后鹰卧山村委会	112.202366	39.983021	0	16	30	乡镇
140621208207	西察罕铺村委会	112.812953	39.247817	0	18	35	乡镇
140602201206	担水沟村委会	112.493428	39.388167	0	18	40	乡镇
140622204207	下甘港村委会	113.094922	39.457344	0	18	35	村庄
140622100211	东朱庄村委会	113.156581	39.594427	1	80	100	政府机构
140622208224	山岔村委会	113.424900	39.406660	0	25	70	乡镇
140603205201	詹家窑村委会	112.119311	39.870027	0	16	33	乡镇
140621103222	甘庄村委会	112.760297	39.564616	1	80	100	政府机构
140681102208	孟庄村委会	112.913848	39.674475	0	16	65	乡镇
140623200200	牛心堡村委会	112.533616	40.082911	0	16	38	乡镇
140603209222	北汉井村委会	112.362636	39.622285	0	16	33	乡镇
140621205209	小羊村委会	112.816450	39.473709	0	25	47	村庄
140603101217	小庄窝村委会	112.184665	39.760891	0	25	70	乡镇
140622207201	碾子沟村委会	113.393387	39.559007	0	16	65	乡镇
140681205218	李家小村委会	113.300677	39.743380	0	18	40	村庄
140623203206	大沙口村委会	112.202366	39.983021	0	16	65	乡镇
140621208211	林桥村委会	112.845720	39.272591	0	30	72	村庄
140621100224	东石人坡村委会	112.615400	39.672900	0	25	43	乡镇
140621102219	李珠庄村委会	112.949175	39.447474	0	16	33	乡镇
140622208232	马岚村委会	113.424900	39.406660	0	25	70	乡镇
140622100207	苏寨村委会	113.200841	39.570263	1	80	100	政府机构
140622204211	旧堡村委会	113.143889	39.460811	0	30	72	村庄
140602201210	大平易村委会	112.493428	39.388167	0	18	49	乡镇
140603101201	黄家楼村委会	112.184665	39.760891	0	25	70	乡镇
140623200216	盘石岭村委会	112.533616	40.082911	0	16	38	乡镇
140621101209	李家窑村委会	112.817709	39.570758	1	80	100	政府机构
140603205217	蒋家坪村委会	112.094771	39.913259	0	30	72	村庄
140622203215	张坊村委会	113.096100	39.520461	0	30	72	村庄
140602206214	大涂皋村委会	112.495690	39.197940	0	25	43	乡镇
140623103204	胡家村村委会	112.585683	39.774455	0	25	70	乡镇
140602101212	兰家窑村委会	112.150993	39.345369	0	16	38	乡镇
140622200205	魏庄村委会	113.249760	39.575260	0	30	72	村庄
140602205204	朱庄村委会	112.570340	39.234989	0	30	72	村庄
140623102229	候林村村委会	112.336751	39.874681	0	30	58	村庄
140623100214	袁家村村委会	112.395556	39.981292	1	80	100	政府机构
140602003008	神头车站社区	112.557190	39.366330	1	80	95	政府机构
140623204202	周二堡村委会	112.320790	40.110330	0	25	47	地产小区
140603201203	前南沟村委会	112.454931	39.427989	0	30	72	村庄
140603204216	红山村委会	111.970710	39.738469	0	30	72	村庄
140621100208	口前村委会	112.615400	39.672900	0	25	70	乡镇
140623201217	滴水沿村委会	112.509745	39.922702	0	16	38	乡镇
140623101242	王四窑村委会	112.351460	40.162630	0	25	43	乡镇
140623100003	银河社区居民委员会	112.492107	39.994920	0	16	38	乡镇
140603100200	井坪村委会	112.269697	39.538169	0	18	40	乡镇
140602200211	上庄头村委会	112.359798	39.371593	0	18	66	乡镇
140622205210	东安峪村委会	113.115070	39.401149	0	25	43	乡镇
140622101206	小石村委会	113.260424	39.466745	0	16	65	乡镇
140621103218	关岱岳村委会	112.805235	39.502556	0	60	80	UNKNOWN
140603207206	抢风岭村委会	112.556445	39.507877	0	16	47	乡镇
140623202207	山岔村委会	112.454101	39.796749	0	25	70	乡镇
140621209210	小柴棚村委会	112.983421	39.367870	0	18	35	乡镇
140603209218	西钟牌村委会	112.362636	39.622285	0	16	33	乡镇
140602203201	福善庄村委会	112.647212	39.273857	0	18	40	乡镇
140622206200	南泉村委会	113.194881	39.420332	1	80	100	政府机构
140621001002	兴隆社区居委会	112.826001	39.525170	0	30	72	乡镇
140603200202	施庄村委会	112.307931	39.453085	0	18	66	村庄
140602002009	育新街社区	112.412980	39.308781	1	80	97	政府机构
140623205203	柴掌沟村委会	112.502937	40.221914	0	16	33	乡镇
140603210202	上梨园村委会	112.440077	39.561111	0	18	66	村庄
140623101215	北辛窑村委会	112.351460	40.162630	0	25	43	乡镇
140603204241	高家窑村委会	112.040071	39.732919	0	25	70	村庄
140602204205	大莲花村委会	112.695050	39.211359	0	25	47	乡镇
140622201204	北张寨村委会	113.216163	39.704279	1	80	100	政府机构
140622100010	应山路社区居委会	113.175366	39.561475	0	50	82	道路
140602100213	烟墩村委会	112.540390	39.336081	0	30	72	村庄
140603203212	东水洼村委会	112.098514	39.636739	0	16	47	村庄
140623102205	方家堡村委会	112.395607	39.927061	1	80	100	政府机构
140602207215	青圪塔村委会	112.362370	39.208731	0	25	47	乡镇
140622208249	新建坪村委会	113.424900	39.406660	0	25	47	乡镇
140622202214	大营村委会	113.031069	39.599151	0	30	72	村庄
140623101203	红旗口村委会	112.351460	40.162630	0	25	43	乡镇
140623205215	暖泉村委会	112.502937	40.221914	0	16	65	乡镇
140603200214	细水村委会	112.307931	39.453085	0	18	40	村庄
140602100205	吉庄村委会	112.588452	39.388284	1	80	100	政府机构
140622100006	东城社区居委会	113.171314	39.571616	0	18	66	乡镇
140622201212	白塘村委会	113.280359	39.663529	0	16	65	村庄
140602204213	保全庄村委会	112.695050	39.211359	0	25	47	乡镇
140623102213	进士湾村委会	112.361510	39.953691	0	25	70	地产小区
140603203204	雄沟梁村委会	112.098514	39.636739	0	16	33	村庄
140602101228	大碓臼沟村委会	112.150993	39.345369	0	16	33	乡镇
140622202202	韩家坊村委会	113.068624	39.628981	0	16	65	乡镇
140602207203	裕民村委会	112.367460	39.242831	0	30	72	村庄
140603100216	大木瓜界村委会	112.269697	39.538169	0	18	35	乡镇
140623201201	赵官屯村委会	112.498067	39.888067	1	80	100	政府机构
140621102223	羊圈铺村委会	112.949175	39.447474	0	16	33	乡镇
140603204200	阻虎村委会	112.040071	39.732919	0	25	47	村庄
140681103209	南彦庄村委会	113.277240	39.920250	0	25	55	乡镇
140621002004	幸福社区居委会	112.812868	39.520462	1	80	100	政府机构
140622101210	东崔庄村委会	113.260424	39.466745	0	16	65	乡镇
140622205206	段庄村委会	113.106640	39.414659	0	30	72	村庄
140602200207	小堡村委会	112.359798	39.371593	0	18	66	乡镇
140623202211	东碾头村委会	112.454101	39.796749	0	25	70	乡镇
140621209206	吴家铺村委会	112.983421	39.367870	0	18	66	乡镇
140681100219	北街村委会	113.094490	39.817061	0	25	70	乡镇
140622102200	李堡村委会	113.302482	39.523482	0	18	66	地产小区
140622206216	清凉庄村委会	113.224112	39.427533	1	80	100	政府机构
140602203217	东孙家咀村委会	112.647212	39.273857	0	18	66	乡镇
140602101208	山王庄村委会	112.071000	39.280451	0	30	72	村庄
140622202222	帖庄村委会	113.068624	39.628981	0	16	38	乡镇
140621201211	陆家窑村委会	112.702289	39.719386	0	16	65	村庄
140681202206	石庄村委会	113.055560	39.722759	0	30	72	村庄
140623204218	刘贵窑村委会	112.320790	40.110330	0	25	43	地产小区
140602100225	肖西河底村委会	112.693410	39.376809	0	30	58	UNKNOWN
140602208210	峙庄村委会	112.334621	39.288579	0	25	47	乡镇
140681201216	陈家堡村委会	112.904616	39.711297	1	80	100	政府机构
140621202201	蓿麻沟村委会	112.681130	39.611040	0	30	72	村庄
140623101223	八里铺村委会	112.376085	40.124519	1	80	100	政府机构
140603202209	另山村委会	112.083761	39.532266	0	16	65	乡镇
140681100002	二道坡北路社区居委会	113.093300	39.830171	1	80	100	政府机构
140622208228	柴树沟村委会	113.424900	39.406660	0	25	47	乡镇
140621205205	四铺村委会	112.816450	39.473709	0	25	47	村庄
140623202231	上柳沟村委会	112.415710	39.733000	0	30	72	村庄
140681102204	马庄村委会	113.036520	39.634140	0	30	72	村庄
140603207230	江坪村委会	112.556445	39.507877	0	16	65	乡镇
140621101213	西杨庄村委会	112.828470	39.597880	0	25	70	乡镇
140602200227	马营堡村委会	112.359798	39.371593	0	18	35	乡镇
140681205202	东寺庄村委会	113.276320	39.750891	1	80	100	政府机构
140621206215	双寨铺村委会	112.766150	39.400813	0	18	35	乡镇
140603208203	打草坪村委会	112.089860	39.464089	0	25	70	乡镇
140621102203	胡町村委会	112.949175	39.447474	0	16	38	乡镇
140603204220	二道洼村委会	112.040071	39.732919	0	25	70	村庄
140622206220	窝卜沟村委会	113.186400	39.418320	0	25	47	村庄
140621101205	安岸庄村委会	112.828470	39.597880	0	25	43	乡镇
140603207226	宋红沟村委会	112.615370	39.462661	0	30	72	村庄
140681102212	一间房村委会	112.913848	39.674475	0	16	65	乡镇
140623202227	沟北村委会	112.412050	39.710400	0	30	72	村庄
140621205213	东鄯河村委会	112.816450	39.473709	0	25	43	村庄
140622101226	大穗稔村委会	113.157910	39.501880	0	30	58	UNKNOWN
140681101202	峙峰山村委会	112.871284	39.772113	0	18	49	乡镇
140621102215	东小河村委会	112.949175	39.447474	0	16	38	乡镇
140621206203	卢岭村委会	112.766150	39.400813	0	18	40	乡镇
140603100220	小白洋洼村委会	112.269697	39.538169	0	18	35	乡镇
140681205214	张家堡村委会	113.300677	39.743380	0	18	66	村庄
140602205208	老君庙村委会	112.536843	39.263596	0	18	66	村庄
140622200209	泉子头村委会	113.191000	39.554100	0	14	29	区县
140602003004	狮头集团社区	112.557190	39.366330	1	80	97	政府机构
140623100218	梁家店村委会	112.492107	39.994920	0	16	65	乡镇
140681202210	薛家店村委会	113.090445	39.724552	0	18	40	村庄
140621201207	张家沟村委会	112.753211	39.707319	0	30	72	村庄
140602206218	上沙塄河村委会	112.495690	39.197940	0	25	43	乡镇
140602204225	沙洼村委会	112.723473	39.221722	0	30	72	村庄
140622201224	于嘴村委会	113.280359	39.663529	0	16	65	村庄
140602208206	魏家庄村委会	112.334621	39.288579	0	25	55	乡镇
140681100014	军营路社区居委会	113.101314	39.841709	0	50	82	道路
140623205223	范家窑村委会	112.502937	40.221914	0	16	65	乡镇
140623101235	十八户营村委会	112.351460	40.162630	0	25	43	乡镇
140603210222	回回沟村委会	112.467110	39.608780	0	30	72	村庄
140623103208	增子坊村委会	112.585683	39.774455	0	25	43	乡镇
140621202217	柳沟村委会	112.676910	39.517830	0	30	72	村庄
140681201200	北辛村委会	112.963829	39.767991	0	30	72	村庄
140621207202	辛立庄村委会	112.873638	39.287595	0	16	65	村庄
140681204215	鲁沟村委会	113.329276	39.847667	0	18	40	乡镇
140603209214	郝小峰村委会	112.362636	39.622285	0	16	47	乡镇
140681100203	南窑村委会	113.064650	39.851320	0	30	72	村庄
140621103214	七里沟村委会	112.750478	39.534508	0	16	65	乡镇
140622208212	王麻庄村委会	113.424900	39.406660	0	25	55	乡镇
140603206227	新荣村委会	112.258720	39.749650	0	30	72	村庄
140621100204	水泉村委会	112.595850	39.651151	0	30	72	村庄
140681103213	柳东营村委会	113.277240	39.920250	0	25	55	乡镇
140622207221	康峪村委会	113.393387	39.559007	0	16	38	乡镇
140602202220	清河寺村委会	112.704467	39.309433	0	16	65	村庄
140681200201	悟道村委会	113.074630	39.813030	0	25	47	乡镇
140623102209	沿山吾村委会	112.361510	39.953691	0	25	43	地产小区
140602004217	胡家窑村委会	112.436990	39.355370	1	80	97	政府机构
140623204222	西六里村委会	112.293744	40.110601	0	25	47	地产小区
140602101232	鸦儿沟村委会	112.150993	39.345369	0	16	65	乡镇
140622202218	张家营村委会	113.068624	39.628981	0	16	65	乡镇
140622208245	黑土湾村委会	113.424900	39.406660	0	25	70	乡镇
140602207219	上圪姥村委会	112.362370	39.208731	0	25	47	乡镇
140681203211	高镇子村委会	113.201770	39.793649	0	18	49	乡镇
140621200206	尖山村委会	112.541740	39.633631	0	30	72	村庄
140623101219	北草场村委会	112.351460	40.162630	0	25	70	乡镇
140623103224	大马营村委会	112.585683	39.774455	0	25	70	乡镇
140602002005	站南社区	112.412980	39.308781	1	80	95	政府机构
140622201208	北杨庄村委会	113.280359	39.663529	0	16	65	村庄
140602204209	青钟村委会	112.695050	39.211359	0	25	47	乡镇
140603203208	白辛窑村委会	112.098514	39.636739	0	16	38	村庄
140602001003	开发路社区	112.435707	39.319079	1	80	100	政府机构
140602004201	张家河村委会	112.436990	39.355370	1	80	97	政府机构
140623100222	小蒋家屯村委会	112.492107	39.994920	0	16	38	乡镇
140621203200	合盛堡村委会	112.921885	39.554678	0	18	35	地产小区
140622208253	北柴树村委会	113.424900	39.406660	0	25	43	乡镇
140602101224	暖崖村委会	112.176840	39.382470	0	30	72	村庄
140603200218	打英沟村委会	112.307931	39.453085	0	18	35	村庄
140623205219	破虎堡村委会	112.502937	40.221914	0	16	38	乡镇
140603210218	东石湖村委会	112.511300	39.573989	0	30	72	村庄
140621200210	前榆林村委会	112.488463	39.652344	0	18	49	乡镇
140681203207	下海子村委会	113.201770	39.793649	0	18	66	乡镇
140602100209	西神头村委会	112.633746	39.390582	0	16	33	乡镇
140603205221	石湾村委会	112.119311	39.870027	0	16	65	乡镇
140621103202	化家岭村委会	112.750478	39.534508	0	16	38	乡镇
140681100215	北信庄村委会	113.094490	39.817061	0	25	43	乡镇
140623200220	魏安窑村委会	112.533616	40.082911	0	16	33	乡镇
140603209202	马家洼村委会	112.362636	39.622285	0	16	65	乡镇
140681204203	马港村委会	113.329276	39.847667	0	18	40	乡镇
140621207214	元营村委会	112.873638	39.287595	0	16	38	村庄
140681201001	小峪口社区居委会	112.994710	39.754419	0	25	55	乡镇
140622208204	鹞子沟村委会	113.424900	39.406660	0	25	70	乡镇
140681103205	边店村委会	113.277240	39.920250	0	25	70	乡镇
140621100212	老庄窝村委会	112.615400	39.672900	0	25	70	乡镇
140623202216	庄旺坡村委会	112.454101	39.796749	0	25	55	乡镇
140621209201	八里庄村委会	112.966789	39.403481	0	30	72	村庄
140603207217	白家梁村委会	112.507186	39.476099	1	80	100	政府机构
140621103209	小快乐村委会	112.750478	39.534508	0	16	33	乡镇
140681204208	智民庄村委会	113.291408	39.806892	1	80	100	政府机构
140622206211	小峪村委会	113.186400	39.418320	0	25	70	村庄
140602203210	辛村村委会	112.647212	39.273857	0	18	66	乡镇
140622102207	丁堡村委会	113.302482	39.523482	0	18	66	地产小区
140623201206	霸王店村委会	112.516540	39.944429	0	30	72	村庄
140621102224	前皇台村委会	112.949175	39.447474	0	16	33	乡镇
140621100219	杨家岭村委会	112.545716	39.724480	1	80	100	政府机构
140603100211	寺怀村委会	112.269697	39.538169	0	18	40	乡镇
140623100012	文苑社区居民委员会	112.492107	39.994920	0	16	38	乡镇
140622205201	马岚庄村委会	113.115070	39.401149	0	25	47	乡镇
140622101217	长彦村委会	113.260424	39.466745	0	16	38	乡镇
140621002003	德望社区居委会	112.813202	39.527886	0	30	58	乡镇
140602001008	市府南社区	112.435707	39.319079	1	80	95	政府机构
140603203203	吴家窑村委会	112.098514	39.636739	0	16	65	村庄
140623100229	常青村村委会	112.492107	39.994920	0	16	65	乡镇
140623102214	新墩湾村委会	112.361510	39.953691	0	25	47	地产小区
140622202205	曹娘村委会	113.095454	39.623263	1	80	100	政府机构
140602207204	瓦窑头村委会	112.330930	39.216609	0	30	72	村庄
140622208258	化沟村委会	113.424900	39.406660	0	25	70	乡镇
140602002018	怡家苑社区	112.412980	39.308781	1	80	97	政府机构
140623205212	官屯堡村委会	112.502937	40.221914	0	16	65	乡镇
140603200213	陶卜洼村委会	112.307931	39.453085	0	18	40	村庄
140623101204	李家堡村委会	112.351460	40.162630	0	25	70	乡镇
140603210213	南窑村委会	112.440930	39.584850	0	30	72	村庄
140622201215	六福堂村委会	113.280359	39.663529	0	16	38	村庄
140602204214	野猪洼村委会	112.695050	39.211359	0	25	47	乡镇
140602100202	小泊村委会	112.633746	39.390582	0	16	65	乡镇
140622100001	东关社区居委会	113.171314	39.571616	0	18	66	乡镇
140623102202	东王庄村委会	112.361510	39.953691	0	25	70	地产小区
140621201220	魏家沟村委会	112.702289	39.719386	0	16	65	村庄
140602207212	后寨村委会	112.362370	39.208731	0	25	70	乡镇
140622202213	屯儿村委会	113.068624	39.628981	0	16	38	乡镇
140623101212	北元村委会	112.351460	40.162630	0	25	70	乡镇
140603210205	南水村委会	112.399840	39.540609	0	30	72	村庄
140623205204	东窑沟村委会	112.401670	40.220179	0	30	72	村庄
140602100214	东邵庄村委会	112.563210	39.335610	0	30	72	村庄
140602204202	下疃村委会	112.695050	39.211359	0	25	70	乡镇
140622201203	南柳会村委会	113.280359	39.663529	0	16	33	村庄
140621207209	苏庄村委会	112.860130	39.278640	0	30	72	村庄
140681100208	城内村委会	113.094490	39.817061	0	25	70	乡镇
140603207201	赵山村委会	112.556445	39.507877	0	16	47	乡镇
140623202200	高家堡村委会	112.454101	39.796749	0	25	70	乡镇
140621209217	南口前村委会	112.983421	39.367870	0	18	40	乡镇
140622102211	石庄村委会	113.284732	39.558385	1	80	100	政府机构
140621001005	南街社区居委会	112.826001	39.525170	0	30	72	乡镇
140622208219	寺儿沟村委会	113.424900	39.406660	0	25	70	乡镇
140602203206	下水村委会	112.647212	39.273857	0	18	66	乡镇
140622206207	瓦窑沟村委会	113.181830	39.386120	0	30	72	村庄
140623100004	绿缘社区居民委员会	112.492107	39.994920	0	16	38	乡镇
140603100207	中红沟村委会	112.201420	39.552030	0	30	72	村庄
140603204211	白兰沟村委会	112.012991	39.793252	1	80	100	政府机构
140623201210	秦家滩村委会	112.509745	39.922702	0	16	38	乡镇
140622101201	杨街村委会	113.260424	39.466745	0	16	65	乡镇
140602200216	下磨石沟村委会	112.359798	39.371593	0	18	40	乡镇
140622205217	台子底村委会	113.115070	39.401149	0	25	47	乡镇
140622200202	北马庄村委会	113.289554	39.602384	1	80	100	政府机构
140602205203	北曹村委会	112.536843	39.263596	0	18	66	村庄
140622208262	刘庄村委会	113.440538	39.333727	1	80	100	政府机构
140602101215	岭东村委会	112.150993	39.345369	0	16	65	乡镇
140623204205	榆林村委会	112.320790	40.110330	0	25	55	地产小区
140603201204	后南沟村委会	112.450891	39.436739	0	30	72	村庄
140603100010	北坪社区居委会	112.269697	39.538169	0	18	49	乡镇
140623100213	马官屯村委会	112.492107	39.994920	0	16	65	乡镇
140622203212	东辛寨村委会	113.026413	39.506645	1	80	100	政府机构
140602206213	西关井村委会	112.495690	39.197940	0	25	47	乡镇
140623205228	张家湾村委会	112.506030	40.173210	0	30	72	村庄
140603202214	下乃河村委会	112.083761	39.532266	0	16	33	乡镇
140623103203	阳全洼村委会	112.585683	39.774455	0	25	43	乡镇
140622204216	贺家地村委会	113.094922	39.457344	0	18	66	村庄
140602201217	元子河村委会	112.493428	39.388167	0	18	35	乡镇
140622208235	房子沟村委会	113.424900	39.406660	0	25	70	乡镇
140622100200	东关村委会	113.171314	39.571616	0	18	66	乡镇
140623200211	消息屯村委会	112.533616	40.082911	0	16	38	乡镇
140603205210	二墩村委会	112.119311	39.870027	0	16	65	乡镇
140681102219	翰林庄村委会	112.984010	39.651470	0	30	72	村庄
140603101206	店坪村委会	112.147498	39.725102	1	80	100	政府机构
140622207206	安乐营村委会	113.393387	39.559007	0	16	33	乡镇
140602202207	旧营村委会	112.735490	39.311672	1	80	100	政府机构
140623203201	石仁湾村委会	112.202366	39.983021	0	16	38	乡镇
140603206200	西水界村委会	112.277501	39.679694	0	16	33	乡镇
140621100223	马家洼村委会	112.615400	39.672900	0	25	70	乡镇
140621206208	沙岭村委会	112.843230	39.444164	1	80	100	政府机构
140622100216	王庄村委会	113.144680	39.533961	0	30	72	村庄
140622208223	天井村委会	113.424900	39.406660	0	25	70	乡镇
140602201201	小平易村委会	112.493428	39.388167	0	18	49	乡镇
140622204200	杏寨村委会	113.094922	39.457344	0	18	40	村庄
140603209225	程村村委会	112.362636	39.622285	0	16	65	乡镇
140603205206	泉子坡村委会	112.068649	39.801933	1	80	100	政府机构
140621103225	兰家窑村委会	112.750478	39.534508	0	16	38	乡镇
140621101218	上神泉村委会	112.828470	39.597880	0	25	55	乡镇
140623200207	何家村村委会	112.533616	40.082911	0	16	65	乡镇
140602202211	里沿疃村委会	112.704467	39.309433	0	16	33	村庄
140622207210	东辛村委会	113.393387	39.559007	0	16	65	乡镇
140603208208	蒜畔沟村委会	112.089860	39.464089	0	25	55	乡镇
140681205209	大滩头村委会	113.300677	39.743380	0	18	40	村庄
140621102208	芦岭村委会	112.887880	39.484410	0	30	72	村庄
140603206216	担子山村委会	112.260539	39.614208	1	80	100	政府机构
140623203217	后胡彩沟村委会	112.202366	39.983021	0	16	33	乡镇
140621208200	张家庄村委会	112.798770	39.263080	0	30	72	村庄
140602101203	东庄村委会	112.130090	39.316531	0	30	72	村庄
140623100205	七里铺村委会	112.492107	39.994920	0	16	65	乡镇
140623102238	王家堡村委会	112.361510	39.953691	0	25	70	地产小区
140603100006	西泉社区居委会	112.269697	39.538169	0	18	66	乡镇
140603201212	王高登村委会	112.420905	39.475381	0	18	35	村庄
140623204213	魏家堡村委会	112.320790	40.110330	0	25	47	地产小区
140621400502	山阴农牧场二分场	112.810927	39.372630	0	18	66	UNKNOWN
140602206205	张家咀村委会	112.495690	39.197940	0	25	70	乡镇
140622203204	栗家坊村委会	113.068968	39.546424	0	18	35	乡镇
140623101228	咀流屯村委会	112.351460	40.162630	0	25	43	乡镇
140623103215	腊几屯村委会	112.585683	39.774455	0	25	47	乡镇
140603202202	石洼村委会	112.083761	39.532266	0	16	65	乡镇
140681100009	六小路社区居委会	113.105940	39.816750	1	80	100	政府机构
140621100215	千井村委会	112.538545	39.661047	1	80	100	政府机构
140603206236	铺上村委会	112.279090	39.569999	0	30	72	村庄
140681103202	裴家窑村委会	113.277240	39.920250	0	25	70	乡镇
140602003202	司马泊村委会	112.557190	39.366330	1	80	93	政府机构
140622207230	柳坪村委会	113.393387	39.559007	0	16	65	乡镇
140603209205	小庄村委会	112.400010	39.617519	0	30	72	村庄
140621207213	南万庄村委会	112.873638	39.287595	0	16	65	村庄
140681201006	元丰湾社区居委会	112.994710	39.754419	0	25	55	乡镇
140681204204	小盐坊村委会	113.329276	39.847667	0	18	40	乡镇
140681100212	羊圈沟村委会	113.084392	39.838874	1	80	100	政府机构
140621103205	花园村委会	112.827700	39.517270	0	30	72	村庄
140622208203	北马圈村委会	113.552380	39.430030	0	30	72	村庄
140623101208	八里庄村委会	112.423460	40.156791	0	30	72	村庄
140681203200	海北头村委会	113.192220	39.805130	0	30	72	村庄
140602002014	西关路社区	112.412980	39.308781	1	80	97	政府机构
140602204218	牛圈梁村委会	112.677180	39.167370	0	30	58	UNKNOWN
140622201219	北冯庄村委会	113.281364	39.687049	1	80	100	政府机构
140623102218	双合屯村委会	112.361510	39.953691	0	25	70	地产小区
140623100225	北街村委会	112.492107	39.994920	0	16	65	乡镇
140621203207	西双山村委会	112.921885	39.554678	0	18	66	地产小区
140602004206	新安庄村委会	112.436990	39.355370	1	80	97	政府机构
140602001004	建设路社区	112.435707	39.319079	1	80	97	政府机构
140602101223	贺庄村委会	112.150993	39.345369	0	16	65	乡镇
140622208254	道回峪村委会	113.424900	39.406660	0	25	47	乡镇
140602207208	麻子沟村委会	112.362370	39.208731	0	25	70	乡镇
140622202209	刘霍庄村委会	113.068624	39.628981	0	16	47	乡镇
140602002002	体育社区	112.412980	39.308781	1	80	97	政府机构
140623205208	永胜园村委会	112.502937	40.221914	0	16	38	乡镇
140603200209	党家沟村委会	112.289000	39.511400	0	14	29	区县
140621200201	大洼村委会	112.518455	39.652690	1	80	100	政府机构
140623103223	红寺洼村委会	112.585683	39.774455	0	25	55	乡镇
140603210209	梨阳坡村委会	112.126297	39.717447	1	80	100	政府机构
140602100218	八里铺村委会	112.633746	39.390582	0	16	65	乡镇
140602001012	敬德社区	112.435707	39.319079	1	80	97	政府机构
140602004210	泥河村委会	112.436990	39.355370	1	80	95	政府机构
140603201224	石西村委会	112.396790	39.447069	0	30	72	村庄
140603203219	南仗村委会	112.098514	39.636739	0	16	65	村庄
140681200206	跃进村委会	113.074630	39.813030	0	25	70	乡镇
140621203211	常辛村村委会	112.909473	39.523791	1	80	100	政府机构
140622208242	赵家窑村委会	113.377284	39.465771	1	80	100	政府机构
140602101235	前丰予村委会	112.150993	39.345369	0	16	33	乡镇
140623203221	程家窑村委会	112.202366	39.983021	0	16	65	乡镇
140623101249	沙梁村委会	112.324580	40.203939	0	30	72	村庄
140681103214	里八庄村委会	113.190309	39.907121	1	80	100	政府机构
140603206220	前沙城村委会	112.277501	39.679694	0	16	65	乡镇
140621100203	王老沟村委会	112.615400	39.672900	0	25	47	乡镇
140623100008	滨河社区居民委员会	112.492107	39.994920	0	16	38	乡镇
140622207226	四道沟村委会	113.393387	39.559007	0	16	65	乡镇
140602202227	下辛庄村委会	112.704467	39.309433	0	16	65	村庄
140621103213	北王庄村委会	112.859205	39.536741	1	80	100	政府机构
140681100204	于家园村委会	113.094490	39.817061	0	25	70	乡镇
140681204212	杨岭村委会	113.329276	39.847667	0	18	66	乡镇
140603101226	屯军沟村委会	112.184665	39.760891	0	25	43	乡镇
140621207205	前张堡村委会	112.835970	39.326540	0	30	72	村庄
140603209213	刘小峰村委会	112.362636	39.622285	0	16	33	乡镇
140622100220	蒯庄村委会	113.175361	39.530319	0	30	72	村庄
140602208201	张蔡庄村委会	112.336260	39.288609	0	30	72	村庄
140602204222	南白庄村委会	112.695050	39.211359	0	25	47	乡镇
140622201223	楼子沟村委会	113.280359	39.663529	0	16	65	村庄
140623101232	中元村委会	112.351460	40.162630	0	25	70	乡镇
140681201207	新圳村委会	112.994710	39.754419	0	25	70	乡镇
140621202210	黑龙池村委会	112.664309	39.595011	0	25	70	乡镇
140681100013	怀河街社区居委会	113.110799	39.810765	0	50	82	道路
140603202218	只泥泉村委会	111.962650	39.485620	0	30	72	村庄
140623205224	黄家湾村委会	112.502937	40.221914	0	16	65	乡镇
140602101219	西辛庄村委会	112.189640	39.296801	0	30	72	村庄
140623102222	台子村村委会	112.361510	39.953691	0	25	70	地产小区
140621201200	马营村委会	112.722790	39.721251	0	30	72	村庄
140603201208	白土窑村委会	112.420905	39.475381	0	18	40	村庄
140602003003	电建社区	112.557190	39.366330	1	80	97	政府机构
140623204209	道阳村委会	112.320790	40.110330	0	25	47	地产小区
140622101221	南曹山村委会	113.193130	39.457180	0	30	58	村庄
140681205213	王皓疃村委会	113.338542	39.764349	1	80	100	政府机构
140621206204	辛兴铺村委会	112.766150	39.400813	0	18	35	乡镇
140603204231	达达井村委会	112.005317	39.704626	1	80	100	政府机构
140621102212	马梁村委会	112.949175	39.447474	0	16	38	乡镇
140681101205	红山峪村委会	112.871284	39.772113	0	18	66	乡镇
140602004007	民福社区	112.436990	39.355370	1	80	97	政府机构
140681203001	同仁社区居委会	113.201770	39.793649	0	18	66	乡镇
140681102215	田庄村委会	112.970030	39.676061	0	30	72	村庄
140621101202	郑庄村委会	112.860370	39.614340	0	30	72	村庄
140603207221	冯家岭村委会	112.556445	39.507877	0	16	65	乡镇
140623202220	麻黄头村委会	112.454101	39.796749	0	25	47	乡镇
140602200220	仓房坪村委会	112.359798	39.371593	0	18	40	乡镇
140602004011	厚德社区	112.436990	39.355370	1	80	97	政府机构
140621102204	上河西村委会	112.949175	39.447474	0	16	65	乡镇
140603204227	暖会村委会	112.040071	39.732919	0	25	47	村庄
140621206212	西李庄村委会	112.818700	39.366619	0	30	72	村庄
140681205205	中柳会村委会	113.300677	39.743380	0	18	35	村庄
140603208204	口前村委会	112.089860	39.464089	0	25	70	乡镇
140621209221	故驿村委会	112.983421	39.367870	0	18	40	乡镇
140602002203	东关村委会	112.412980	39.308781	1	80	97	政府机构
140621101214	柏坡村委会	112.828470	39.597880	0	25	70	乡镇
140681102203	魏庄村委会	112.803140	39.704550	0	30	72	村庄
140621205202	贺家窑村委会	112.799035	39.482868	1	80	100	政府机构
140603209229	前梁村委会	112.294770	39.605460	0	30	72	村庄
140602206209	南坪村委会	112.380661	39.144337	0	30	72	村庄
140602100222	马跳庄村委会	112.633746	39.390582	0	16	33	乡镇
140602208217	大虫窝村委会	112.334621	39.288579	0	25	70	乡镇
140623205232	西十五沟村委会	112.414385	40.280892	1	80	95	政府机构
140681100005	花园街社区居委会	113.094490	39.817061	0	25	70	乡镇
140621202206	口子梁村委会	112.664309	39.595011	0	25	47	乡镇
140681201211	郝家坪村委会	112.994710	39.754419	0	25	70	乡镇
140623103219	蔡家堡村委会	112.585683	39.774455	0	25	70	乡镇
140623101224	草沟堡村委会	112.351460	40.162630	0	25	47	乡镇
140622202225	小刘霍庄村委会	113.068624	39.628981	0	16	47	乡镇
140603203223	前马亮沟村委会	112.098514	39.636739	0	16	33	村庄
140681202201	下湿庄村委会	113.090445	39.724552	0	18	40	村庄
140621201216	山峡村委会	112.702289	39.719386	0	16	65	村庄
140623100209	下堡村委会	112.492107	39.994920	0	16	65	乡镇
140622202224	小清水河村委会	113.068624	39.628981	0	16	33	乡镇
140603203222	三角嘴村委会	112.098514	39.636739	0	16	65	村庄
140681202200	清水河村委会	113.090445	39.724552	0	18	66	村庄
140621201217	庄窝村委会	112.702289	39.719386	0	16	65	村庄
140623100208	段家山村委会	112.492107	39.994920	0	16	65	乡镇
140622203209	西辛村委会	113.068968	39.546424	0	18	35	乡镇
140602206208	三甲村村委会	112.493703	39.227882	1	80	100	政府机构
140602100223	水磨头村委会	112.633746	39.390582	0	16	65	乡镇
140602208216	冯庄村委会	112.284280	39.290309	0	30	72	村庄
140623205233	东十五沟村委会	112.503072	40.221913	0	16	47	乡镇
140681100004	北坛西街社区居委会	113.102023	39.831565	0	50	82	道路
140621202207	冻牛坡村委会	112.664309	39.595011	0	25	55	乡镇
140681201210	小峪口村委会	112.994710	39.754419	0	25	70	乡镇
140623101225	红土堡村委会	112.351460	40.162630	0	25	47	乡镇
140621209220	胡峪口村委会	112.983421	39.367870	0	18	49	乡镇
140602002202	西街村委会	112.418096	39.318753	1	80	100	政府机构
140621101215	张庄村委会	112.767250	39.651980	0	30	72	村庄
140681102202	刘晏庄村委会	112.913848	39.674475	0	16	47	乡镇
140621205203	八步堰村委会	112.816450	39.473709	0	25	43	村庄
140622205220	木井村委会	113.115070	39.401149	0	25	70	乡镇
140602200221	大禹坪村委会	112.359798	39.371593	0	18	35	乡镇
140602004010	长宁街社区	112.436990	39.355370	1	80	97	政府机构
140621102205	西盐池村委会	112.949175	39.447474	0	16	38	乡镇
140603204226	南窑村委会	112.000591	39.681190	0	30	72	村庄
140621206213	黑圪塔村委会	112.867061	39.369579	0	30	72	村庄
140681205204	蒲里村委会	113.300677	39.743380	0	18	49	村庄
140603208205	富家坪村委会	112.089860	39.464089	0	25	70	乡镇
140622208238	麻会村委会	113.424900	39.406660	0	25	47	乡镇
140622206226	石栈村委会	113.186400	39.418320	0	25	47	村庄
140681102214	日中城村委会	112.913848	39.674475	0	16	33	乡镇
140621101203	二铺村委会	112.828470	39.597880	0	25	70	乡镇
140603207220	北烟墩村委会	112.556445	39.507877	0	16	38	乡镇
140623202221	上泥沟村委会	112.454101	39.796749	0	25	47	乡镇
140603208213	白道沟村委会	112.089860	39.464089	0	25	47	乡镇
140681205212	王庄村委会	113.325760	39.753091	0	30	72	村庄
140621206205	小村村委会	112.766150	39.400813	0	18	66	乡镇
140621102213	杨村村委会	112.965885	39.467503	1	80	100	政府机构
140681101204	东山村委会	112.893960	39.798011	0	30	72	村庄
140602004006	滨河社区	112.436990	39.355370	1	80	97	政府机构
140602101218	口外村委会	112.150993	39.345369	0	16	65	乡镇
140623102223	耿家沟村委会	112.361510	39.953691	0	25	70	地产小区
140621201201	上石井村委会	112.702289	39.719386	0	16	65	村庄
140603201209	卢家窑村委会	112.420905	39.475381	0	18	66	村庄
140623204208	双扣子村委会	112.320790	40.110330	0	25	43	地产小区
140602003002	二电厂社区	112.557190	39.366330	1	80	97	政府机构
140602204223	陈家窑村委会	112.695050	39.211359	0	25	70	乡镇
140623101233	联丰村委会	112.356710	40.164180	0	30	72	村庄
140681201206	段家堡村委会	112.994710	39.754419	0	25	47	乡镇
140621202211	小庄窝村委会	112.664309	39.595011	0	25	70	乡镇
140681100012	云州西街社区居委会	113.095630	39.827951	0	50	82	道路
140623205225	崔家沟村委会	112.502937	40.221914	0	16	65	乡镇
140623200230	集贤庄村委会	112.533616	40.082911	0	16	38	乡镇
140621103212	解庄村委会	112.750478	39.534508	0	16	65	乡镇
140681100205	西小寨村委会	113.094490	39.817061	0	25	70	乡镇
140681204213	杜庄村委会	113.377420	39.858331	0	30	72	村庄
140621207204	后张堡村委会	112.827900	39.345270	0	30	72	村庄
140603209212	张小峰村委会	112.362636	39.622285	0	16	47	乡镇
140622100221	三里寨村委会	113.171314	39.571616	0	18	40	乡镇
140623203220	张二窑村委会	112.202366	39.983021	0	16	33	乡镇
140681103215	东作里村委会	113.277240	39.920250	0	25	55	乡镇
140603206221	骆驼山村委会	112.277501	39.679694	0	16	65	乡镇
140621100202	东庄村委会	112.619760	39.634410	0	30	72	村庄
140623100009	玉龙苑社区居民委员会	112.449474	39.990486	0	50	73	地产小区
140622207227	三合村委会	113.393387	39.559007	0	16	65	乡镇
140602202226	里仁村村委会	112.704467	39.309433	0	16	65	村庄
140602001013	平安社区	112.435707	39.319079	1	80	97	政府机构
140602004211	曹沙会村委会	112.436990	39.355370	1	80	97	政府机构
140603203218	大有坪村委会	112.202480	39.595280	1	80	100	政府机构
140681200207	全福寨村委会	113.072465	39.813838	0	30	58	村庄
140621203210	北郭庄村委会	112.921885	39.554678	0	18	66	地产小区
140622208243	黑峪村委会	113.424900	39.406660	0	25	70	乡镇
140602101234	梁家窑村委会	112.150993	39.345369	0	16	65	乡镇
140623205209	大庙山村委会	112.502937	40.221914	0	16	65	乡镇
140602002003	操场街社区	112.426489	39.318590	1	80	100	政府机构
140603200208	上黑水村委会	112.307931	39.453085	0	18	40	村庄
140621200200	吴马营村委会	112.794270	39.475974	1	80	100	政府机构
140671400220	穆寨村委会	112.456647	39.348567	1	80	92	政府机构
140603210208	韩村村委会	112.477839	39.532567	1	80	100	政府机构
140602100219	郭家窑村委会	112.633746	39.390582	0	16	65	乡镇
140623100224	东街村委会	112.498603	39.994796	0	30	72	村庄
140623102219	范家堡村委会	112.361510	39.953691	0	25	70	地产小区
140621203206	东双山村委会	112.921885	39.554678	0	18	66	地产小区
140602004207	厦阁村委会	112.436990	39.355370	1	80	94	政府机构
140602001005	西兴街社区	112.435707	39.319079	1	80	97	政府机构
140602101222	井儿上村委会	112.150993	39.345369	0	16	65	乡镇
140602207209	梨元头村委会	112.362370	39.208731	0	25	55	乡镇
140622208255	庞家套村委会	113.424900	39.406660	0	25	43	乡镇
140622202208	下桥头村委会	113.068624	39.628981	0	16	65	乡镇
140623101209	黑流堡村委会	112.351460	40.162630	0	25	47	乡镇
140681203201	新发村委会	113.163376	39.845943	1	80	100	政府机构
140602002015	家和苑社区	112.412980	39.308781	1	80	100	政府机构
140602204219	王化庄村委会	112.695050	39.211359	0	25	70	乡镇
140622201218	柴庄村委会	113.280359	39.663529	0	16	65	村庄
140603209204	宋井沟村委会	112.362636	39.622285	0	16	33	乡镇
140621207212	北万庄村委会	112.806443	39.332935	1	80	100	政府机构
140681204205	大盐坊村委会	113.329276	39.847667	0	18	40	乡镇
140681100213	窑子头村委会	113.094490	39.817061	0	25	70	乡镇
140621103204	梁山村委会	112.835708	39.522672	1	80	100	政府机构
140622208202	三条岭村委会	113.074115	39.629695	1	80	100	政府机构
140621100214	盘道村委会	112.615400	39.672900	0	25	70	乡镇
140681103203	前村村委会	113.229060	39.918743	1	80	100	政府机构
140602202230	南西河底村委会	112.704467	39.309433	0	16	47	村庄
140622207231	峰沟村委会	113.393387	39.559007	0	16	38	乡镇
140602206204	郝家沟村委会	112.495690	39.197940	0	25	70	乡镇
140622203205	曹庄铺村委会	113.068968	39.546424	0	18	35	乡镇
140623103214	沟儿里村委会	112.585683	39.774455	0	25	47	乡镇
140623101229	蔡家屯村委会	112.406573	40.053297	1	80	100	政府机构
140681100008	云中西街社区居委会	113.100120	39.827880	0	40	77	道路
140603202203	上石窑村委会	112.083761	39.532266	0	16	38	乡镇
140602101202	东堡村委会	112.127230	39.315691	0	30	72	村庄
140623100204	石头河村委会	112.499961	40.008555	1	80	100	政府机构
140603100007	勤易社区居委会	112.269697	39.538169	0	18	66	乡镇
140603201213	光明村委会	112.417750	39.459261	0	30	72	村庄
140623204212	小蒲州营村委会	112.320790	40.110330	0	25	41	地产小区
140621400503	山阴农牧场三分场	112.810927	39.372630	0	18	66	UNKNOWN
140602202210	乔庄村委会	112.704467	39.309433	0	16	65	村庄
140622207211	留义村委会	113.372033	39.536937	1	80	100	政府机构
140603208209	黑土嘴村委会	112.089860	39.464089	0	25	43	乡镇
140681205208	闫家堡村委会	113.300677	39.743380	0	18	40	村庄
140621102209	安居坊村委会	112.949175	39.447474	0	16	33	乡镇
140623203216	中胡彩沟村委会	112.168720	39.939910	0	30	58	村庄
140621208201	旧广武村委会	112.812953	39.247817	0	18	35	乡镇
140622100217	李庄村委会	113.152760	39.536441	0	30	72	村庄
140622204201	赤堡村委会	113.125936	39.446753	1	80	100	政府机构
140603209224	左小峰村委会	112.362636	39.622285	0	16	47	乡镇
140603205207	周家庄村委会	112.119311	39.870027	0	16	65	乡镇
140621101219	燕庄村委会	112.828470	39.597880	0	25	70	乡镇
140621103224	郭家窑村委会	112.784325	39.559837	1	80	100	政府机构
140623200206	云阳堡村委会	112.533616	40.082911	0	16	33	乡镇
140622207207	北丰疃村委会	113.393387	39.559007	0	16	33	乡镇
140602202206	河淋禽村委会	112.704467	39.309433	0	16	38	村庄
140623203200	丁家窑村委会	112.202366	39.983021	0	16	65	乡镇
140603206201	后沙城村委会	112.277501	39.679694	0	16	47	乡镇
140621100222	一堵墙村委会	112.615400	39.672900	0	25	70	乡镇
140621206209	庞家堡村委会	112.766150	39.400813	0	18	66	乡镇
140622204217	大东庄村委会	113.094922	39.457344	0	18	66	村庄
140602201216	东赵家口村委会	112.493428	39.388167	0	18	35	乡镇
140622208234	河蛟村委会	113.424900	39.406660	0	25	47	乡镇
140622100201	东南角村委会	113.171314	39.571616	0	18	40	乡镇
140623200210	寺儿湾村委会	112.533616	40.082911	0	16	65	乡镇
140603205211	八墩村委会	112.119311	39.870027	0	16	65	乡镇
140681102218	韭畦村委会	112.913848	39.674475	0	16	38	乡镇
140603101207	六百户村委会	112.184665	39.760891	0	25	70	乡镇
140603209232	西平太村委会	112.362636	39.622285	0	16	33	乡镇
140622203213	北湛村委会	113.039274	39.509806	1	80	100	政府机构
140602206212	东关井村委会	112.436259	39.255247	1	80	100	政府机构
140623205229	算帐堡村委会	112.502937	40.221914	0	16	38	乡镇
140603202215	中井村委会	112.155630	39.507579	0	30	72	村庄
140623103202	小马营村委会	112.585683	39.774455	0	25	70	乡镇
140622200203	东辉耀村委会	113.191000	39.554100	0	14	29	区县
140602205202	南曹村委会	112.536843	39.263596	0	18	66	村庄
140602101214	勒马沟村委会	112.077770	39.326180	0	30	72	村庄
140623204204	二道梁村委会	112.320790	40.110330	0	25	70	地产小区
140603201205	西家寨村委会	112.420905	39.475381	0	18	35	村庄
140623100212	麻家滩村委会	112.492107	39.994920	0	16	38	乡镇
140623100005	交通苑社区居民委员会	112.470560	39.987780	1	80	92	地产小区
140603100206	上称沟村委会	112.269697	39.538169	0	18	35	乡镇
140603204210	迎恩堡村委会	112.040071	39.732919	0	25	43	村庄
140623201211	郝家村村委会	112.509745	39.922702	0	16	65	乡镇
140622101200	西堡村委会	113.260424	39.466745	0	16	65	乡镇
140602200217	大白坡村委会	112.359798	39.371593	0	18	66	乡镇
140622205216	团城村委会	113.166470	39.337089	0	30	72	村庄
140621207208	南洲庄村委会	112.873638	39.287595	0	16	33	村庄
140681100209	东关村委会	113.094490	39.817061	0	25	70	乡镇
140603207200	下面高村委会	112.517990	39.492882	1	80	100	政府机构
140623202201	宋官屯村委会	112.454101	39.796749	0	25	47	乡镇
140621209216	东沙堆村委会	112.983421	39.367870	0	18	49	乡镇
140621001004	北街社区居委会	112.826001	39.525170	0	30	72	乡镇
140622102210	牛槽峪村委会	113.302482	39.523482	0	18	35	地产小区
140602203207	白庄村委会	112.647212	39.273857	0	18	66	乡镇
140622206206	西贾庄村委会	113.160590	39.395740	0	30	72	村庄
140603210204	北水村委会	112.440077	39.561111	0	18	66	村庄
140623101213	西窑沟村委会	112.351460	40.162630	0	25	70	乡镇
140623205205	盆儿洼村委会	112.502937	40.221914	0	16	38	乡镇
140602208220	狼儿村村委会	112.323930	39.231450	0	30	58	村庄
140602100215	西影寺村委会	112.593672	39.336691	0	25	55	旅游景点
140602204203	三泉村委会	112.695050	39.211359	0	25	70	乡镇
140622201202	大柳树村委会	113.244460	39.669690	0	30	72	村庄
140623102203	肖家村村委会	112.361510	39.953691	0	25	70	地产小区
140621201221	梁头村委会	112.702289	39.719386	0	16	65	村庄
140603203214	刘井沟村委会	112.098514	39.636739	0	16	33	村庄
140602207213	梵王寺村委会	112.333753	39.135796	0	25	55	旅游景点
140622202212	肖寨村委会	113.068624	39.628981	0	16	65	乡镇
140623205213	八墩沟村委会	112.502937	40.221914	0	16	38	乡镇
140602002019	居然之家社区	112.412980	39.308781	1	80	97	政府机构
140603200212	东易村委会	112.307931	39.453085	0	18	66	村庄
140603210212	西梁村委会	112.424599	39.583161	0	30	72	村庄
140623101205	南梁村委会	112.377000	40.148910	0	30	72	村庄
140622201214	和平村委会	113.256880	39.621220	0	30	72	村庄
140602204215	西村村委会	112.695050	39.211359	0	25	55	乡镇
140602100203	吴佑庄村委会	112.608450	39.380431	0	30	58	村庄
140602001009	市府西社区	112.435707	39.319079	1	80	95	政府机构
140623102215	白塘村委会	112.361510	39.953691	0	25	70	地产小区
140622202204	北贾寨村委会	113.068624	39.628981	0	16	33	乡镇
140622208259	界河村委会	113.424900	39.406660	0	25	70	乡镇
140602207205	井子洼村委会	112.362370	39.208731	0	25	47	乡镇
140623201207	杨村村委会	112.509745	39.922702	0	16	65	乡镇
140621100218	吴家坪村委会	112.615400	39.672900	0	25	70	乡镇
140621102225	后皇台村委会	112.949175	39.447474	0	16	33	乡镇
140603204206	前暖沟村委会	112.040071	39.732919	0	25	43	村庄
140603100210	高家坡村委会	112.269697	39.538169	0	18	66	乡镇
140622205200	下马峪村委会	113.115070	39.401149	0	25	43	乡镇
140602200201	下团堡村委会	112.359798	39.371593	0	18	35	乡镇
140621002002	集贤社区居委会	112.813202	39.527886	0	30	72	乡镇
140623202217	曹村村委会	112.454101	39.796749	0	25	70	乡镇
140621209200	马营庄村村委会	112.992801	39.368369	0	30	58	村庄
140623102242	康平村委会	112.361510	39.953691	0	25	70	地产小区
140603207216	小岭村委会	112.556445	39.507877	0	16	65	乡镇
140621103208	安祥寺村委会	112.750478	39.534508	0	16	33	乡镇
140681204209	马庄村委会	113.309214	39.810930	1	80	100	政府机构
140671400001	穆寨居委会	112.456647	39.348567	1	80	93	政府机构
140622206210	小山门村委会	113.186400	39.418320	0	25	47	村庄
140602203211	东小寨村委会	112.609859	39.281331	0	30	72	村庄
140622102206	杨堡村委会	113.302482	39.523482	0	18	66	地产小区
140603202200	下水头村委会	112.083761	39.532266	0	16	65	乡镇
140623103217	辛屯村委会	112.585683	39.774455	0	25	70	乡镇
140621202208	后山村委会	112.608600	39.575451	0	30	72	村庄
140602206207	河汇村委会	112.495690	39.197940	0	25	47	乡镇
140622203206	南贾寨村委会	113.068968	39.546424	0	18	66	乡镇
140602208219	黄儿庄村委会	112.334621	39.288579	0	25	43	乡镇
140621400500	山阴农牧场总场	112.810927	39.372630	0	18	66	UNKNOWN
140623204211	新坊村委会	112.300370	40.048121	0	30	72	村庄
140623100207	贾家窑村委会	112.492107	39.994920	0	16	38	乡镇
140621201218	戈道村委会	112.702289	39.719386	0	16	38	村庄
140603100004	安南社区居委会	112.269697	39.538169	0	18	66	乡镇
140602101201	利民村委会	112.150993	39.345369	0	16	47	乡镇
140603204229	兔儿水村委会	112.040071	39.732919	0	25	47	村庄
140603206214	泉子上村委会	112.277501	39.679694	0	16	38	乡镇
140621208202	新广武村委会	112.812953	39.247817	0	18	35	乡镇
140623203215	白家窑村委会	112.202366	39.983021	0	16	65	乡镇
140602202213	三家店村委会	112.704467	39.309433	0	16	65	村庄
140622207212	王家窑村委会	113.393387	39.559007	0	16	65	乡镇
140621103227	移民新村	112.908872	39.713944	1	80	100	地产小区
140603205204	黑家窑村委会	112.119311	39.870027	0	16	38	乡镇
140623200205	曹家梁村委会	112.533616	40.082911	0	16	65	乡镇
140603209227	泉儿沟村委会	112.362636	39.622285	0	16	38	乡镇
140603101212	麻黄头村委会	112.184665	39.760891	0	25	47	乡镇
140602201203	张家口村委会	112.493428	39.388167	0	18	66	乡镇
140622204202	小南头村委会	113.094922	39.457344	0	18	66	村庄
140622100214	胡寨村委会	113.171314	39.571616	0	18	66	乡镇
140602004009	友谊街社区	112.436990	39.355370	1	80	100	政府机构
140623203203	常坪窑村委会	112.202366	39.983021	0	16	33	乡镇
140621100221	宋家沟村委会	112.537690	39.731421	0	30	72	村庄
140603206202	大石湖村委会	112.255950	39.712331	0	30	72	村庄
140622207204	罗庄村委会	113.402778	39.570315	1	80	100	政府机构
140602202205	姚庄村委会	112.696171	39.298389	0	30	72	村庄
140603101204	郑家营村委会	112.137749	39.763850	1	80	100	政府机构
140623200213	山岔沟村委会	112.533616	40.082911	0	16	65	乡镇
140603205212	毛家窑村委会	112.119311	39.870027	0	16	65	乡镇
140622208237	葱坪村委会	113.424900	39.406660	0	25	47	乡镇
140622100202	东北角村委会	113.171314	39.571616	0	18	40	乡镇
140622204214	南湛村委会	113.094922	39.457344	0	18	40	村庄
140602201215	梁坡村委会	112.493428	39.388167	0	18	66	乡镇
140681501598	金沙滩林场虚拟生活区	112.940851	39.682118	1	80	95	UNKNOWN
140681201209	小峪村委会	112.994710	39.754419	0	25	70	乡镇
140623103201	元堡子村委会	112.585683	39.774455	0	25	55	乡镇
140602002020	水乡湾社区	112.412980	39.308781	1	80	97	政府机构
140603202216	祝马会村委会	112.083761	39.532266	0	16	38	乡镇
140622203210	梁亭村委会	113.068968	39.546424	0	18	40	乡镇
140602206211	一半村村委会	112.479270	39.248961	0	30	58	村庄
140623100211	南草场村委会	112.492107	39.994920	0	16	65	乡镇
140623204207	曹家堡村委会	112.320790	40.110330	0	25	70	地产小区
140602101217	口里村委会	112.150993	39.345369	0	16	38	乡镇
140622200200	镇子梁村委会	113.191000	39.554100	0	14	32	区县
140622208260	大石堡村委会	113.442582	39.346129	1	80	100	政府机构
140602205201	贾庄村委会	112.539300	39.243441	0	30	72	村庄
140602200214	上磨石沟村委会	112.359798	39.371593	0	18	40	乡镇
140602202229	大霍家营村委会	112.745880	39.300199	0	30	72	村庄
140622205215	安和岭村委会	113.115070	39.401149	0	25	43	乡镇
140622207228	黑拉桥村委会	113.393387	39.559007	0	16	38	乡镇
140622101203	东堡村委会	113.267779	39.485681	0	30	72	村庄
140603204213	掌柜窑村委会	112.040071	39.732919	0	25	47	村庄
140623201212	庞家堡村委会	112.509745	39.922702	0	16	65	乡镇
140623101247	姬家沟村委会	112.351460	40.162630	0	25	70	乡镇
140623100006	长虹社区居民委员会	112.492107	39.994920	0	16	38	乡镇
140603100205	乱榆卜村委会	112.269697	39.538169	0	18	40	乡镇
140602203204	大岱堡村委会	112.647212	39.273857	0	18	35	乡镇
140622206205	东贾庄村委会	113.170071	39.407019	0	30	72	村庄
140622102213	姜庄村委会	113.302482	39.523482	0	18	66	地产小区
140603207203	张崖沟村委会	112.556445	39.507877	0	16	33	乡镇
140621101220	苑家辛庄村委会	112.815671	39.649319	0	30	72	村庄
140621209215	西安峪村委会	112.983421	39.367870	0	18	35	乡镇
140623202202	西窑头村委会	112.454101	39.796749	0	25	70	乡镇
140622201201	范店村委会	113.280359	39.663529	0	16	65	村庄
140602100216	下西关村委会	112.633746	39.390582	0	16	38	乡镇
140603200207	下黑水村委会	112.289000	39.511400	0	14	37	区县
140623205206	火烧岭村委会	112.502937	40.221914	0	16	65	乡镇
140603210207	薛高登村委会	112.440077	39.561111	0	18	35	村庄
140623101210	南元村委会	112.351460	40.162630	0	25	70	乡镇
140602207210	前寨村委会	112.362370	39.208731	0	25	70	乡镇
140622202211	石桥村委会	113.109370	39.688869	0	30	72	村庄
140623102200	威远村委会	112.361510	39.953691	0	25	70	地产小区
140681200208	磨道河村委会	113.074630	39.813030	0	25	43	乡镇
140622100003	塔前街社区居委会	113.189870	39.564890	0	50	82	道路
140622201217	周庄村委会	113.272320	39.637421	0	30	72	村庄
140602204216	辛寨村委会	112.695050	39.211359	0	25	47	乡镇
140603210211	东梁村委会	112.455630	39.582159	0	30	72	村庄
140623101206	头水泉村委会	112.351460	40.162630	0	25	55	乡镇
140623205210	马堡村委会	112.502937	40.221914	0	16	38	乡镇
140603200211	西易村委会	112.307931	39.453085	0	18	40	村庄
140622202207	上桥头村委会	113.068624	39.628981	0	16	65	乡镇
140602207206	上中坡村委会	112.362370	39.208731	0	25	70	乡镇
140621203209	大虫堡村委会	112.921885	39.554678	0	18	40	地产小区
140623102216	古城村委会	112.361510	39.953691	0	25	70	地产小区
140602004208	野狐涧村委会	112.436990	39.355370	1	80	97	政府机构
140621002001	广益社区居委会	112.813202	39.527886	0	30	58	乡镇
140622101215	白滩村委会	113.260424	39.466745	0	16	65	乡镇
140622205203	下王庄村委会	113.107696	39.424025	1	80	100	政府机构
140602200202	下窑村委会	112.359798	39.371593	0	18	66	乡镇
140623100010	紫林苑社区居民委员会	112.491151	39.995069	1	80	92	地产小区
140623201204	崔家堡村委会	112.509745	39.922702	0	16	38	乡镇
140622102205	辛圐圙村委会	113.302482	39.523482	0	18	35	地产小区
140622206213	茹越口村委会	113.186400	39.418320	0	25	47	村庄
140602203212	里林庄村委会	112.605608	39.297340	1	80	100	政府机构
140671400002	红旗牧场居委会	112.456647	39.348567	1	80	93	政府机构
140623200229	杨家窑村委会	112.533616	40.082911	0	16	65	乡镇
140621209203	云水庄村委会	112.983421	39.367870	0	18	40	乡镇
140623202214	西碾头村委会	112.382330	39.831710	0	30	72	村庄
140603207215	铁佐沟村委会	112.556445	39.507877	0	16	38	乡镇
140681102221	向阳村委会	112.993970	39.699279	0	30	72	村庄
140603100008	馨苑社区居委会	112.269697	39.538169	0	18	49	乡镇
140681202203	冯庄村委会	113.103480	39.741560	0	30	72	村庄
140621201214	芍药沟村委会	112.702289	39.719386	0	16	65	村庄
140603203221	黑家辛庄村委会	112.098514	39.636739	0	16	47	村庄
140622202227	吴家岭村委会	113.068624	39.628981	0	16	65	乡镇
140621202204	罗庄村委会	112.704269	39.598329	1	80	100	政府机构
140681201213	大峪口村委会	112.994710	39.754419	0	25	70	乡镇
140623101226	善家堡村委会	112.351460	40.162630	0	25	47	乡镇
140623205230	姚家窑村委会	112.502937	40.221914	0	16	33	乡镇
140681100007	农贸西街社区居委会	113.094490	39.817061	0	25	55	乡镇
140602100220	大夫庄村委会	112.633746	39.390582	0	16	65	乡镇
140602208215	寇庄村委会	112.299350	39.269161	0	30	72	村庄
140621205200	安荣村委会	112.816450	39.473709	0	25	70	村庄
140623200209	黄土坡村委会	112.533616	40.082911	0	16	65	乡镇
140602002201	南街村委会	112.412980	39.308781	1	80	97	政府机构
140621101216	贺庄村委会	112.828470	39.597880	0	25	70	乡镇
140603205208	上窑村委会	112.114160	39.784910	0	30	72	村庄
140681102201	南家堡村委会	112.913848	39.674475	0	16	33	乡镇
140622100218	南杨庄村委会	113.171314	39.571616	0	18	66	乡镇
140621206210	河曲堡村委会	112.801550	39.444720	0	30	58	UNKNOWN
140681205207	新桥村委会	113.269136	39.778104	1	80	100	政府机构
140603208206	辛安庄村委会	112.089860	39.464089	0	25	70	乡镇
140603206218	小破石村委会	112.233613	39.703605	1	80	95	UNKNOWN
140603204225	阻堡村委会	112.040071	39.732919	0	25	47	村庄
140621102206	南盐池村委会	112.949175	39.447474	0	16	65	乡镇
140602200222	筷子坪村委会	112.359798	39.371593	0	18	40	乡镇
140681102217	安宿疃村委会	112.913848	39.674475	0	16	38	乡镇
140603207223	寺儿窑村委会	112.556445	39.507877	0	16	38	乡镇
140621101200	北周庄村委会	112.822377	39.597356	1	80	100	政府机构
140623202222	何庄村委会	112.454101	39.796749	0	25	70	乡镇
140603101208	三百户村委会	112.184665	39.760891	0	25	70	乡镇
140622206225	东楼固村委会	113.186400	39.418320	0	25	43	村庄
140622204218	小东庄村委会	113.094922	39.457344	0	18	66	村庄
140621102210	洪济屯村委会	112.949175	39.447474	0	16	38	乡镇
140603204233	港子村委会	112.040071	39.732919	0	25	47	村庄
140602004005	北邢家河社区	112.436990	39.355370	1	80	95	政府机构
140603208210	蒿沟村委会	112.089860	39.464089	0	25	70	乡镇
140681205211	小滩头村委会	113.300677	39.743380	0	18	40	村庄
140621206206	豆庄村委会	112.753461	39.358239	0	30	72	村庄
140602202209	官地村委会	112.735651	39.336123	0	30	72	村庄
140622207208	小临河村委会	113.393387	39.559007	0	16	47	乡镇
140622101223	上甘港村委会	113.260424	39.466745	0	16	33	乡镇
140602003001	一电厂社区	112.557190	39.366330	1	80	97	政府机构
140623102220	常门铺村委会	112.361510	39.953691	0	25	43	地产小区
140621201202	下石井村委会	112.702289	39.719386	0	16	65	村庄
140681202215	曹四老庄村委会	113.090445	39.724552	0	18	49	村庄
140681100011	迎宾西街社区居委会	113.094472	39.817471	0	40	77	道路
140623205226	庄窝村委会	112.502937	40.221914	0	16	65	乡镇
140623101230	魏家山村委会	112.351460	40.162630	0	25	70	乡镇
140681201205	赵麻寨村委会	112.994710	39.754419	0	25	43	乡镇
140621202212	刘家窑村委会	112.588220	39.558790	0	30	72	村庄
140602204220	正峪村委会	112.695050	39.211359	0	25	47	乡镇
140622201221	岑嘴村委会	113.280359	39.663529	0	16	38	村庄
140602208203	九圪塔村委会	112.334621	39.288579	0	25	47	乡镇
140622208217	鹊儿沟村委会	113.424900	39.406660	0	25	43	乡镇
140622100222	席家堡村委会	113.196930	39.524740	1	80	100	政府机构
140622206209	品泉沟村委会	113.186400	39.418320	0	25	43	村庄
140602203208	安子村委会	112.647212	39.273857	0	18	66	乡镇
140681204210	仝庄村委会	113.329276	39.847667	0	18	66	乡镇
140621207207	安乐庄村委会	112.873638	39.287595	0	16	65	村庄
140603101224	张小村村委会	112.184665	39.760891	0	25	70	乡镇
140603209211	铺上村委会	112.279090	39.569999	0	30	72	村庄
140621209219	南辛寨村委会	112.939769	39.338124	1	80	100	政府机构
140623200233	石塘村委会	112.536080	40.087871	0	30	72	村庄
140621103211	刘家岭村委会	112.750478	39.534508	0	16	65	乡镇
140681100206	甄庄村委会	113.116640	39.879729	0	30	72	村庄
140622207224	兴盛堡村委会	113.393387	39.559007	0	16	38	乡镇
140622205219	双沟村委会	113.219780	39.322090	0	30	72	村庄
140602202225	夏关城村委会	112.704467	39.309433	0	16	47	村庄
140602200218	李家窑村委会	112.359798	39.371593	0	18	66	乡镇
140623203223	骆驼嘴村委会	112.202366	39.983021	0	16	38	乡镇
140681103216	新铺村委会	113.180130	39.890419	0	30	72	村庄
140621100201	水头村委会	112.603760	39.628991	0	30	72	村庄
140603206222	孙家狮村委会	112.277501	39.679694	0	16	38	乡镇
140602101237	范家岭村委会	112.150993	39.345369	0	16	65	乡镇
140622208240	李子沟村委会	113.424900	39.406660	0	25	70	乡镇
140681200204	芦子沟村委会	113.074630	39.813030	0	25	70	乡镇
140621203213	兴盛堡村委会	112.921885	39.554678	0	18	40	地产小区
140623100231	官屯新村村委会	112.492107	39.994920	0	16	38	乡镇
140602001010	市府街社区	112.423110	39.326501	1	80	100	政府机构
140602004212	七里河村委会	112.436990	39.355370	1	80	97	政府机构
140621200203	东短川村委会	112.488463	39.652344	0	18	35	乡镇
140623103221	元墩子村委会	112.585683	39.774455	0	25	55	乡镇
140622208256	圪坨林村委会	113.424900	39.406660	0	25	43	乡镇
140602101221	鱼渠岭村委会	112.150993	39.345369	0	16	33	乡镇
140602004204	雒儿庄村委会	112.436990	39.355370	1	80	93	政府机构
140602001006	古西北社区	112.435707	39.319079	1	80	95	政府机构
140621203205	黄巍村委会	112.905525	39.551149	1	80	100	政府机构
140602002016	职教社区	112.412980	39.308781	1	80	97	政府机构
140681203202	清泉村委会	113.224091	39.805173	1	80	100	政府机构
140622102209	南丰疃村委会	113.316169	39.521771	1	80	100	政府机构
140622208201	黄土嘴村委会	113.424900	39.406660	0	25	70	乡镇
140681100210	西关村委会	113.094490	39.817061	0	25	70	乡镇
140621103207	阎家巷村委会	112.830854	39.520722	0	50	73	道路
140603207219	范庄村委会	112.556445	39.507877	0	16	65	乡镇
140623202218	马良村村委会	112.454101	39.796749	0	25	70	乡镇
140603209207	赵庄村委会	112.438810	39.618460	0	30	72	村庄
140681201004	八四街社区居委会	112.994710	39.754419	0	25	55	乡镇
140621207211	庙家窑村委会	112.873638	39.287595	0	16	33	村庄
140681204206	古家坡村委会	113.329276	39.847667	0	18	40	乡镇
140622207232	栗窑村委会	113.393387	39.559007	0	16	38	乡镇
140622101219	王宜庄村委会	113.221563	39.441674	1	80	100	政府机构
140603206234	五元井村委会	112.321690	39.741780	0	30	72	村庄
140603204209	刘货郎村委会	112.004028	39.776102	1	80	100	政府机构
140621100217	史家屯村委会	112.554294	39.699704	1	80	100	政府机构
140681103200	毛家皂村委会	113.277240	39.920250	0	25	43	乡镇
140623201208	野场村委会	112.509745	39.922702	0	16	65	乡镇
140602003200	大洼村委会	112.557190	39.366330	1	80	97	政府机构
140622101218	北曹山村委会	113.202791	39.475128	1	80	100	政府机构
140603204208	闫家窑村委会	112.055837	39.771777	0	30	72	村庄
140603206235	田家大屯村委会	112.277501	39.679694	0	16	38	乡镇
140621100216	窝棚沟村委会	112.635189	39.647941	1	80	100	政府机构
140681103201	温庄村委会	113.277240	39.920250	0	25	70	乡镇
140623201209	马村村委会	112.444763	39.885202	1	80	100	政府机构
140602003201	王圐圙村委会	112.557190	39.366330	1	80	93	政府机构
140622102208	大石口村委会	113.302482	39.523482	0	18	66	地产小区
140622208200	白马石村委会	113.422111	39.405978	1	80	100	政府机构
140681100211	王卞庄村委会	113.084395	39.838871	1	80	100	政府机构
140621103206	堡子巷村委会	112.823205	39.532343	1	80	100	政府机构
140603207218	韩佐沟村委会	112.556445	39.507877	0	16	33	乡镇
140623202219	沙家寺村委会	112.402967	39.859038	0	25	55	旅游景点
140603209206	杨树坡村委会	112.362636	39.622285	0	16	65	乡镇
140681201005	新胜街社区居委会	112.994710	39.754419	0	25	55	乡镇
140621207210	水峪口村委会	112.873638	39.287595	0	16	65	村庄
140681204207	海子洼村委会	113.329276	39.847667	0	18	66	乡镇
140603202221	南辛庄村委会	112.083761	39.532266	0	16	65	乡镇
140602002017	金沙园社区	112.410328	39.314600	1	70	100	地产小区
140681203203	陈庄村委会	113.216840	39.838311	0	30	72	村庄
140621200214	西短川村委会	112.488463	39.652344	0	18	35	乡镇
140622208257	柴林嘴村委会	113.424900	39.406660	0	25	43	乡镇
140602101220	安子坪村委会	112.150993	39.345369	0	16	65	乡镇
140602004205	南泉村委会	112.436990	39.355370	1	80	97	政府机构
140602001007	古北东社区	112.435707	39.319079	1	80	95	政府机构
140621203204	康庄村委会	112.921885	39.554678	0	18	66	地产小区
140621200202	屯港村委会	112.488463	39.652344	0	18	40	乡镇
140602101236	后丰予村委会	112.150993	39.345369	0	16	33	乡镇
140622208241	杨欠村委会	113.382882	39.457550	1	80	100	政府机构
140681200205	宋家庄村委会	113.074630	39.813030	0	25	70	乡镇
140621203212	高山町村委会	112.921885	39.554678	0	18	35	地产小区
140623100230	富民苑新村村委会	112.492107	39.994920	0	16	47	乡镇
140602001011	东兴街社区	112.435707	39.319079	1	80	97	政府机构
140602004213	贺家河村委会	112.436990	39.355370	1	80	97	政府机构
140622205218	黑石村委会	113.115070	39.401149	0	25	70	乡镇
140622207225	长城沟村委会	113.393387	39.559007	0	16	38	乡镇
140602200219	小白坡村委会	112.359798	39.371593	0	18	66	乡镇
140602202224	陈庄村委会	112.717990	39.272151	0	30	72	村庄
140681103217	支家小村村委会	113.214395	39.902795	1	80	100	政府机构
140621100200	玉井村委会	112.626777	39.670497	1	80	100	政府机构
140603206223	西井村委会	112.357130	39.747261	0	30	72	村庄
140622208216	黄杨树村委会	113.424900	39.406660	0	25	47	乡镇
140622100223	龙泉村委会	113.225590	39.531009	0	30	72	村庄
140622206208	窨子沟村委会	113.186400	39.418320	0	25	70	村庄
140602203209	黄水河村委会	112.647212	39.273857	0	18	66	乡镇
140681204211	大井村委会	113.366860	39.871199	0	30	72	村庄
140621207206	辛兴庄村委会	112.833360	39.310850	0	30	72	村庄
140603101225	刘五窑村委会	112.184665	39.760891	0	25	43	乡镇
140603209210	中钟牌村委会	112.311030	39.568791	0	30	58	村庄
140623200232	寺儿山村委会	112.533616	40.082911	0	16	38	乡镇
140621209218	高庄村委会	112.970060	39.352751	0	30	72	村庄
140621103210	麻疃村委会	112.750478	39.534508	0	16	38	乡镇
140681100207	管庄村委会	113.148692	39.810506	1	80	100	政府机构
140681100010	五里滩社区居委会	113.108520	39.807599	1	80	100	政府机构
140623205227	黄家窑村委会	112.502937	40.221914	0	16	65	乡镇
140623101231	宛家庄村委会	112.351460	40.162630	0	25	47	乡镇
140681201204	北铺村委会	112.994710	39.754419	0	25	70	乡镇
140621202213	吴庄村委会	112.580000	39.561929	0	30	72	村庄
140602204221	南辛寨村委会	112.695050	39.211359	0	25	70	乡镇
140622201220	水沟门村委会	113.291179	39.619876	1	80	100	政府机构
140602208202	膏腴村村委会	112.334621	39.288579	0	25	47	乡镇
140621201203	观音堂村委会	112.702289	39.719386	0	16	65	村庄
140681202214	晏头村委会	113.090445	39.724552	0	18	40	村庄
140621102211	小圪塔村委会	112.949175	39.447474	0	16	38	乡镇
140603204232	四洼村委会	112.040071	39.732919	0	25	70	村庄
140602004004	平朔生活区第二社区	112.444405	39.357607	1	75	95	地产小区
140603208211	上木角村委会	112.089860	39.464089	0	25	70	乡镇
140681205210	兴旺村委会	113.295231	39.780649	0	30	72	村庄
140621206207	白坊村委会	112.766150	39.400813	0	18	66	乡镇
140602202208	小霍家营村委会	112.754700	39.317539	0	30	72	村庄
140622207209	东上寨村委会	113.406891	39.549879	0	30	72	村庄
140622101222	中曹山村委会	113.197420	39.459340	1	80	100	政府机构
140681102216	干沟村委会	112.975990	39.689610	0	30	72	村庄
140603207222	花圪坨村委会	112.580860	39.484859	0	30	72	村庄
140621101201	棋道地村委会	112.828470	39.597880	0	25	55	乡镇
140623202223	杨家后山村委会	112.454320	39.747589	0	30	72	村庄
140602201218	西赵家口村委会	112.493428	39.388167	0	18	35	乡镇
140622206224	梨树坪村委会	113.288580	39.347359	0	30	72	村庄
140621206211	老羊寨村委会	112.766150	39.400813	0	18	66	乡镇
140681205206	旧站村委会	113.250830	39.756560	0	30	72	村庄
140603208207	西沟村委会	112.089860	39.464089	0	25	70	乡镇
140623203218	刘家窑村委会	112.212559	40.002286	0	30	72	村庄
140602004012	华源社区	112.436990	39.355370	1	80	97	政府机构
140603204224	柴家窑村委会	112.040071	39.732919	0	25	47	村庄
140621102207	快乐村委会	112.949175	39.447474	0	16	38	乡镇
140602200223	武家庄村委会	112.357550	39.333471	0	30	72	村庄
140621205201	西沟村委会	112.816450	39.473709	0	25	70	村庄
140623200208	裴家窑村委会	112.533616	40.082911	0	16	65	乡镇
140621209222	南李庄村委会	112.944560	39.345549	0	30	72	村庄
140602002200	南关村委会	112.412980	39.308781	1	80	97	政府机构
140621101217	白殿沟村委会	112.828470	39.597880	0	25	43	乡镇
140603205209	上水泊村委会	112.119311	39.870027	0	16	38	乡镇
140681102200	第三作村委会	112.913848	39.674475	0	16	33	乡镇
140622100219	小穗稔村委会	113.171314	39.571616	0	18	40	乡镇
140621202205	上喇叭村委会	112.664309	39.595011	0	25	47	乡镇
140681201212	路庄村委会	112.994710	39.754419	0	25	70	乡镇
140623101227	高墙框村委会	112.397410	40.072518	1	80	100	政府机构
140623205231	大坡新村村委会	112.502937	40.221914	0	16	65	乡镇
140681100006	气象街社区居委会	113.094490	39.817061	0	25	70	乡镇
140602100221	红壕头村委会	112.633746	39.390582	0	16	33	乡镇
140602208214	西新村村委会	112.334621	39.288579	0	25	70	乡镇
140681202202	周家窑村委会	113.090445	39.724552	0	18	66	村庄
140603100009	桃园社区居委会	112.269697	39.538169	0	18	66	乡镇
140621201215	梁家店村委会	112.702289	39.719386	0	16	65	村庄
140623102237	郭家堡村委会	112.361510	39.953691	0	25	70	地产小区
140603203220	乔沟村委会	112.098514	39.636739	0	16	65	村庄
140622202226	北官庄村委会	113.068624	39.628981	0	16	65	乡镇
140622102204	前堡村委会	113.302482	39.523482	0	18	66	地产小区
140622206212	南上寨村委会	113.254310	39.405410	0	30	72	村庄
140602203213	西郡村委会	112.647212	39.273857	0	18	35	乡镇
140623102240	中陵村委会	112.361510	39.953691	0	25	70	地产小区
140621209202	下疃村委会	112.983421	39.367870	0	18	66	乡镇
140623202215	中碾头村委会	112.454101	39.796749	0	25	43	乡镇
140603207214	王家湾村委会	112.537900	39.485291	0	30	72	村庄
140681102220	曹庄村委会	112.958750	39.635261	0	30	72	村庄
140622101214	狼峪村委会	113.260424	39.466745	0	16	38	乡镇
140622205202	张庄村委会	113.134530	39.424321	0	30	72	村庄
140602200203	刘家口村委会	112.359798	39.371593	0	18	40	乡镇
140603100212	徐辛窑村委会	112.269697	39.538169	0	18	49	乡镇
140623100011	宏峰社区居民委员会	112.492107	39.994920	0	16	38	乡镇
140623201205	东史村村委会	112.514127	39.929969	1	80	100	政府机构
140623101250	东兴村村委会	112.351460	40.162630	0	25	70	乡镇
140603204204	小干沟村委会	112.040071	39.732919	0	25	70	村庄
140622202206	水磨村委会	113.064900	39.656670	0	30	72	村庄
140602207207	官堡沟村委会	112.362370	39.208731	0	25	43	乡镇
140621203208	上小河村委会	112.921885	39.554678	0	18	66	地产小区
140623102217	后所堡村委会	112.361510	39.953691	0	25	47	地产小区
140602004209	南磨村委会	112.436990	39.355370	1	80	97	政府机构
140603203200	双碾村委会	112.098514	39.636739	0	16	65	村庄
140602100201	马邑村委会	112.633746	39.390582	0	16	38	乡镇
140622100002	东南角社区居委会	113.171314	39.571616	0	18	49	乡镇
140622201216	边耀村委会	113.297309	39.662641	1	80	100	政府机构
140602204217	寺台村委会	112.695050	39.211359	0	25	70	乡镇
140623101207	三里庄村委会	112.387300	40.155139	0	30	72	村庄
140623205211	后沟村委会	112.483129	40.250391	0	30	72	村庄
140603200210	石崖湾村委会	112.307931	39.453085	0	18	40	村庄
140602207211	稻畦村委会	112.362370	39.208731	0	25	47	乡镇
140622202210	温家坊村委会	113.068624	39.628981	0	16	38	乡镇
140603203216	扒齿沟村委会	112.118293	39.704728	0	30	58	村庄
140623102201	威坪堡村委会	112.361510	39.953691	0	25	43	地产小区
140681500598	金沙滩农牧场虚拟生活区	112.929671	39.671117	1	80	95	UNKNOWN
140681200209	郝家寨村委会	113.074630	39.813030	0	25	70	乡镇
140602204201	东村村委会	112.695050	39.211359	0	25	55	乡镇
140622201200	义井村委会	113.280359	39.663529	0	16	65	村庄
140602100217	长村村委会	112.580097	39.354101	0	30	72	村庄
140603200206	马蹄沟村委会	112.307931	39.453085	0	18	66	村庄
140623205207	魏家堡村委会	112.502937	40.221914	0	16	38	乡镇
140623101211	五里庄村委会	112.325961	40.143270	0	30	72	村庄
140603210206	北岭村委会	112.440077	39.561111	0	18	66	村庄
140602203205	长润村委会	112.647212	39.273857	0	18	40	乡镇
140622206204	西窑村委会	113.154380	39.386601	0	30	72	村庄
140622102212	保安庄村委会	113.306956	39.554285	1	80	100	政府机构
140603207202	上面高村委会	112.556445	39.507877	0	16	33	乡镇
140621209214	陈庄村委会	112.998781	39.360969	0	30	72	村庄
140623202203	李官屯村委会	112.454101	39.796749	0	25	70	乡镇
140602202228	五花营村委会	112.704467	39.309433	0	16	38	村庄
140602200215	白家窑村委会	112.359798	39.371593	0	18	66	乡镇
140622207229	东林庄村委会	113.438640	39.481691	0	30	72	村庄
140622205214	马岚口村委会	113.115070	39.401149	0	25	47	乡镇
140622101202	中堡村委会	113.260424	39.466745	0	16	65	乡镇
140603204212	二道梁村委会	112.002003	39.793205	1	80	100	政府机构
140623201213	周鱼儿村委会	112.509745	39.922702	0	16	33	乡镇
140623100007	益民苑社区居民委员会	112.492107	39.994920	0	16	38	乡镇
140603100204	大梁村委会	112.269697	39.538169	0	18	66	乡镇
140623100210	馒头庄村委会	112.492107	39.994920	0	16	33	乡镇
140623204206	陆家庄村委会	112.320790	40.110330	0	25	70	地产小区
140603201207	太庄村委会	112.420905	39.475381	0	18	66	村庄
140602101216	菜沟村委会	112.150993	39.345369	0	16	65	乡镇
140622200201	南马庄村委会	113.265516	39.560139	1	80	100	政府机构
140622208261	将台背村委会	113.424900	39.406660	0	25	43	乡镇
140681201208	王坪村委会	112.913680	39.759391	0	30	72	村庄
140623103200	董半川村委会	112.574171	39.778150	1	75	92	UNKNOWN
140602002021	汇富苑社区	112.412980	39.308781	1	80	97	政府机构
140603202217	南坪村委会	112.039490	39.548209	0	30	72	村庄
140622203211	辛义村委会	113.068968	39.546424	0	18	40	乡镇
140602206210	官地村委会	112.561170	39.187780	0	30	72	村庄
140603101205	安架山村委会	112.289000	39.511400	0	14	37	区县
140623200212	施官屯村委会	112.473350	40.043500	0	30	72	村庄
140603205213	店湾村委会	112.119311	39.870027	0	16	65	乡镇
140622100203	西关村村委会	113.171314	39.571616	0	18	66	乡镇
140622204215	郭家庄村委会	113.094922	39.457344	0	18	66	村庄
140602201214	安庄村委会	112.493428	39.388167	0	18	66	乡镇
140623203202	旺家窑村委会	112.202366	39.983021	0	16	33	乡镇
140602004008	安泰街社区	112.436990	39.355370	1	80	100	政府机构
140621100220	范家屯村委会	112.615400	39.672900	0	25	70	乡镇
140603206203	大路庄村委会	112.223033	39.683946	1	80	100	政府机构
140622207205	东小寨村委会	113.400000	39.587880	0	30	72	村庄
140602202204	十里后村委会	112.704467	39.309433	0	16	47	村庄
140621103226	贾家窑村委会	112.750478	39.534508	0	16	38	乡镇
140603205205	大新窑村委会	112.119311	39.870027	0	16	65	乡镇
140623200204	刘振抚村委会	112.533616	40.082911	0	16	33	乡镇
140603209226	缑村村委会	112.362636	39.622285	0	16	65	乡镇
140602201202	林家口村委会	112.493428	39.388167	0	18	66	乡镇
140622204203	望岩村委会	113.094922	39.457344	0	18	40	村庄
140622100215	寇寨村委会	113.171314	39.571616	0	18	66	乡镇
140622208220	双钱树村委会	113.347440	39.402819	0	30	72	村庄
140603206215	交界村委会	112.277501	39.679694	0	16	65	乡镇
140603204228	亥子峁村委会	112.040071	39.732919	0	25	47	村庄
140621208203	陆庄村委会	112.801061	39.297295	1	80	100	政府机构
140623203214	井沟村委会	112.202366	39.983021	0	16	65	乡镇
140602202212	石都庄村委会	112.704467	39.309433	0	16	33	村庄
140622207213	兴旺坡村委会	113.393387	39.559007	0	16	33	乡镇
140603201211	小尹庄村委会	112.426590	39.441441	0	30	72	村庄
140621400501	山阴农牧场一分场	112.810927	39.372630	0	18	66	UNKNOWN
140623204210	铁山村委会	112.320790	40.110330	0	25	55	地产小区
140623100206	张家店村委会	112.459300	39.999379	0	30	72	村庄
140621201219	青杨岭村委会	112.702289	39.719386	0	16	38	村庄
140603100005	安北社区居委会	112.269697	39.538169	0	18	49	乡镇
140603202201	大松沟村委会	112.083761	39.532266	0	16	38	乡镇
140623103216	梁信屯村委会	112.585683	39.774455	0	25	43	乡镇
140621202209	双井村委会	112.609999	39.542981	0	30	72	村庄
140602206206	野河村委会	112.487809	39.161321	0	30	72	村庄
140622203207	宋村村委会	113.065163	39.533696	0	30	72	村庄
140602208218	南洼村委会	112.232465	39.285499	0	30	72	村庄
140621201212	龙泉寺村委会	112.691400	39.685039	0	30	72	村庄
140681202205	田家坊村委会	113.121783	39.700521	1	80	100	政府机构
140623102230	后堡村委会	112.361510	39.953691	0	25	55	地产小区
140622202221	马庄村委会	113.042728	39.635329	1	80	100	政府机构
140602207220	西套村委会	112.362370	39.208731	0	25	70	乡镇
140623205236	薛家堡村委会	112.502937	40.221914	0	16	65	乡镇
140681100001	二道坡南路社区居委会	113.094490	39.817061	0	25	55	乡镇
140681201215	尚希庄村委会	112.928203	39.727397	1	80	100	政府机构
140621202202	榆树洼村委会	112.664309	39.595011	0	25	70	乡镇
140623101220	洞子沟村委会	112.351460	40.162630	0	25	70	乡镇
140602100226	陈西河底村委会	112.633746	39.390582	0	16	47	乡镇
140602208213	前村村委会	112.361459	39.280243	0	30	72	村庄
140623202232	小屯村委会	112.441940	39.856680	0	30	72	村庄
140681102207	铺上村委会	112.876970	39.704709	0	30	72	村庄
140621101210	白家堡村委会	112.853057	39.634159	1	80	95	UNKNOWN
140603207233	高阳坡村委会	112.556445	39.507877	0	16	38	乡镇
140603101218	三层洞村委会	112.184665	39.760891	0	25	43	乡镇
140621205206	岳庄村委会	112.816450	39.473709	0	25	70	村庄
140622204208	河疃村委会	113.094922	39.457344	0	18	66	村庄
140602201209	陡沟村委会	112.493428	39.388167	0	18	66	乡镇
140621208208	东察罕铺村委会	112.812953	39.247817	0	18	35	乡镇
140603204223	将军会村委会	112.040071	39.732919	0	25	43	村庄
140621102200	古城村委会	112.939739	39.437593	1	80	100	政府机构
140681205201	东昌城村委会	113.270621	39.772430	1	80	100	政府机构
140621206216	曹庄村委会	112.881740	39.380209	0	30	72	村庄
140603208200	下木角村委会	112.089860	39.464089	0	25	70	乡镇
140622207218	北楼口村委会	113.447850	39.515291	0	30	72	村庄
140602202219	新进疃村委会	112.704467	39.309433	0	16	33	村庄
140602200224	石庄窝村委会	112.359798	39.371593	0	18	35	乡镇
140621205210	下寨村委会	112.816450	39.473709	0	25	70	村庄
140603207225	东孙庄村委会	112.610640	39.477161	0	30	72	村庄
140603205218	响水营村委会	112.119311	39.870027	0	16	33	乡镇
140621101206	新岱岳村委会	112.828470	39.597880	0	25	43	乡镇
140681102211	小东庄村委会	112.913848	39.674475	0	16	65	乡镇
140623202224	金家花板村委会	112.454101	39.796749	0	25	47	乡镇
140623200219	沙家村村委会	112.533616	40.082911	0	16	65	乡镇
140622100208	五里寨村委会	113.191620	39.574167	1	80	100	政府机构
140621206200	薛圐圙村委会	112.801527	39.405673	1	80	100	政府机构
140681205217	朝阳村委会	113.301240	39.751070	0	30	72	村庄
140681101201	碗窑村委会	112.871284	39.772113	0	18	66	乡镇
140621102216	中小河村委会	112.949175	39.447474	0	16	38	乡镇
140603206208	上街村委会	112.277501	39.679694	0	16	47	乡镇
140602001201	小村村委会	112.435707	39.319079	1	80	97	政府机构
140623203209	前鹰卧山村委会	112.202366	39.983021	0	16	30	乡镇
140602004003	平朔生活区第一社区	112.444405	39.357607	1	75	95	地产小区
140622101225	南王庄村委会	113.200450	39.509451	0	30	72	村庄
140623102226	北十里铺村村委会	112.361510	39.953760	0	25	47	地产小区
140681202213	草地村委会	113.090445	39.724552	0	18	66	村庄
140621201204	五家沟村委会	112.702289	39.719386	0	16	65	村庄
140602003007	采石场社区	112.557190	39.366330	1	80	97	政府机构
140623101236	振兴村村委会	112.351460	40.162630	0	25	70	乡镇
140603210221	朝阳湾村委会	112.472577	39.613844	1	80	100	政府机构
140621202214	吴儿城村委会	112.664309	39.595011	0	25	47	乡镇
140681201203	南铺村委会	112.994710	39.754419	0	25	70	乡镇
140603200221	前进村委会	112.393640	39.459159	0	30	72	村庄
140623205220	邢家口村委会	112.502937	40.221914	0	16	38	乡镇
140602208205	露明村村委会	112.279540	39.278289	0	30	58	村庄
140602100230	地上村委会	112.692781	39.411039	0	30	72	村庄
140602204226	南磨石村委会	112.695050	39.211359	0	25	55	乡镇
140622208211	鹿圈掌村委会	113.424900	39.406660	0	25	43	乡镇
140622100224	八里坡村委会	113.218664	39.549146	1	80	100	政府机构
140623202208	边家堡村委会	112.454101	39.796749	0	25	70	乡镇
140681100200	三里庄村委会	113.131880	39.841220	0	30	72	村庄
140621103217	王家涧村委会	112.805709	39.514459	1	80	100	政府机构
140621207201	南辛庄村委会	112.908957	39.319544	1	80	100	政府机构
140603101222	艾家窑村委会	112.184665	39.760891	0	25	43	乡镇
140681204216	小村村委会	113.310371	39.883314	1	80	100	政府机构
140603209217	代井沟村委会	112.362636	39.622285	0	16	38	乡镇
140622207222	中和村委会	113.436850	39.538231	0	30	72	村庄
140602202223	汴子疃村委会	112.704467	39.309433	0	16	38	村庄
140622101209	接马峪村委会	113.237561	39.502329	0	30	58	UNKNOWN
140623201218	西史村村委会	112.409933	39.894557	1	80	100	政府机构
140621100207	王坪沟村委会	112.615400	39.672900	0	25	47	乡镇
140603206224	侯村村委会	112.277501	39.679694	0	16	65	乡镇
140603204219	刘家窑村委会	112.004449	39.663291	0	30	72	村庄
140681103210	霸王店村委会	113.155530	39.902471	0	30	72	村庄
140622208246	里坨村委会	113.424900	39.406660	0	25	47	乡镇
140602101231	蓬卜峪村委会	112.150993	39.345369	0	16	38	乡镇
140602004214	崔家窑村委会	112.436990	39.355370	1	80	97	政府机构
140623204221	火石沟村委会	112.320790	40.110330	0	25	70	地产小区
140603201220	刘高登村委会	112.420905	39.475381	0	18	35	村庄
140621203215	陈家岭村委会	112.921885	39.554678	0	18	66	地产小区
140681200202	赵庄村委会	113.033150	39.815501	0	30	72	村庄
140602002006	站北社区	112.412980	39.308781	1	80	97	政府机构
140681203212	郑庄村委会	113.205960	39.744251	0	30	72	村庄
140621200205	南屯村委会	112.514780	39.673579	0	30	72	村庄
140602101227	杨家圪台村委会	112.150993	39.345369	0	16	65	乡镇
140622208250	北辛庄村委会	113.416562	39.423917	1	80	100	政府机构
140623100221	东十里铺村委会	112.431662	39.949747	1	80	100	政府机构
140621203203	杨庄村委会	112.896361	39.602383	1	80	100	政府机构
140602004202	油房头村委会	112.436990	39.355370	1	80	95	政府机构
140622100009	南城社区居委会	113.171314	39.571616	0	18	66	乡镇
140602206221	下石碣峪村委会	112.495690	39.197940	0	25	41	乡镇
140621200213	包家岭村委会	112.488463	39.652344	0	18	66	乡镇
140681203204	下寨村委会	113.159099	39.828096	1	80	100	政府机构
140603202226	信虎辛窑村委会	112.083761	39.532266	0	16	47	乡镇
140602002010	上地嘉园社区	112.412980	39.308781	1	80	97	政府机构
140622208207	尧峪村委会	113.424900	39.406660	0	25	70	乡镇
140602203218	南辛庄村委会	112.688465	39.238207	1	80	100	政府机构
140603209201	大庄村委会	112.385530	39.617360	0	30	72	村庄
140681204200	马辛庄村委会	113.329276	39.847667	0	18	66	乡镇
140681201002	大东窑社区居委会	112.994710	39.754419	0	25	55	乡镇
140621103201	先进村委会	112.750478	39.534508	0	16	65	乡镇
140603205222	七墩村委会	112.119311	39.870027	0	16	38	乡镇
140681100216	小磨村委会	113.034230	39.892091	0	30	58	UNKNOWN
140621209209	东寨村委会	112.983421	39.367870	0	18	66	乡镇
140623200223	海子洼村委会	112.533616	40.082911	0	16	65	乡镇
140602200208	长头村委会	112.359798	39.371593	0	18	66	乡镇
140622205209	冀家窑村委会	113.115070	39.401149	0	25	70	乡镇
140603100219	上麻黄头村委会	112.269697	39.538169	0	18	35	乡镇
140681103206	李家场村委会	113.277240	39.920250	0	25	70	乡镇
140603206232	上徐伏村委会	112.277501	39.679694	0	16	33	乡镇
140621100211	董庄窝村委会	112.563905	39.671466	1	80	100	政府机构
140623103211	南花园村委会	112.585683	39.774455	0	25	70	乡镇
140603202206	白养沟村委会	112.083761	39.532266	0	16	38	乡镇
140602206201	王万庄村委会	112.495690	39.197940	0	25	47	乡镇
140622203200	大黄巍村委会	113.068968	39.546424	0	18	35	乡镇
140623100201	邓家村村委会	112.557825	39.997117	1	80	100	政府机构
140681202209	闫家寨村委会	113.090445	39.724552	0	18	49	村庄
140603100002	安东社区居委会	112.269697	39.538169	0	18	66	乡镇
140603201216	西孙庄村委会	112.473090	39.468980	0	30	72	村庄
140621400506	山阴农牧场六分场	112.810927	39.372630	0	18	66	UNKNOWN
140602004222	南邢家河村委会	112.436990	39.355370	1	80	94	政府机构
140602101207	东洼村委会	112.150993	39.345369	0	16	65	乡镇
140602205211	西小寨村委会	112.536843	39.263596	0	18	66	村庄
140622200210	吕花疃村委会	113.289879	39.577993	0	18	35	乡镇
140603206212	西村村委会	112.278500	39.668359	0	30	72	村庄
140621208204	水河铺村委会	112.797581	39.250590	1	80	100	政府机构
140623203213	胶泥沟村委会	112.202366	39.983021	0	16	65	乡镇
140602200228	上团堡村委会	112.359798	39.371593	0	18	35	乡镇
140602202215	高庄村委会	112.714070	39.291181	0	30	72	村庄
140622207214	长胜村委会	113.367540	39.523220	0	30	72	村庄
140603209221	南汉井村委会	112.362636	39.622285	0	16	33	乡镇
140603101214	大野庄村委会	112.184665	39.760891	0	25	70	乡镇
140621103221	新大滩村委会	112.853686	39.516660	1	80	100	政府机构
140603205202	连家窑村委会	112.119311	39.870027	0	16	38	乡镇
140623200203	缑家村村委会	112.533616	40.082911	0	16	65	乡镇
140622100212	西朱庄村委会	113.142787	39.605086	1	80	100	政府机构
140622208227	鸡儿沟村委会	113.424900	39.406660	0	25	47	乡镇
140602201205	新杨涧村委会	112.493428	39.388167	0	18	35	乡镇
140622204204	大西头村委会	113.094922	39.457344	0	18	66	村庄
140623203205	前胡彩沟村委会	112.202366	39.983021	0	16	33	乡镇
140603204239	杨家窑村委会	112.040071	39.732919	0	25	70	村庄
140603206204	小路庄村委会	112.193395	39.688459	1	80	100	政府机构
140622207202	寺庄村委会	113.393387	39.559007	0	16	65	乡镇
140602202203	大梁村委会	112.704467	39.309433	0	16	65	村庄
140623200215	欧家村村委会	112.533616	40.082911	0	16	65	乡镇
140681100220	中街村委会	113.044290	39.872370	0	30	72	村庄
140603205214	败虎村委会	112.119311	39.870027	0	16	38	乡镇
140603207229	燕家山村委会	112.556445	39.507877	0	16	65	乡镇
140623101001	翰林社区居委会	112.351460	40.162630	0	25	55	乡镇
140622204212	石店村委会	113.094922	39.457344	0	18	66	村庄
140602201213	刘家窑村委会	112.447771	39.413979	0	30	72	村庄
140622208231	龙王堂村委会	113.424900	39.406660	0	25	70	乡镇
140622100204	西南角村村委会	113.181220	39.558729	0	30	58	村庄
140603202210	口子上村委会	112.083761	39.532266	0	16	38	乡镇
140621202218	织女泉村委会	112.664309	39.595011	0	25	43	乡镇
140622203216	师家坊村委会	113.068968	39.546424	0	18	35	乡镇
140602206217	后圪塔村委会	112.495690	39.197940	0	25	70	乡镇
140602208209	高家庄村委会	112.334621	39.288579	0	25	70	乡镇
140623204201	新庙村委会	112.320790	40.110330	0	25	55	地产小区
140603201200	陶村村委会	112.420905	39.475381	0	18	66	村庄
140621201208	南河村委会	112.739420	39.702070	0	30	72	村庄
140623100217	郭敖屯村委会	112.492107	39.994920	0	16	33	乡镇
140622200206	郭家寨村委会	113.232864	39.561477	1	80	100	政府机构
140622208266	碓臼坪村委会	113.424900	39.406660	0	25	70	乡镇
140602205207	薛家庄村委会	112.536843	39.263596	0	18	66	村庄
140602101211	西郭家窑村委会	112.150993	39.345369	0	16	33	乡镇
140622101205	小石口村委会	113.328170	39.470651	0	30	72	村庄
140602200212	下庄头村委会	112.359798	39.371593	0	18	66	乡镇
140622205213	上马峪村委会	113.115070	39.401149	0	25	47	乡镇
140603100203	下红沟村委会	112.220800	39.569359	0	30	72	村庄
140603204215	寺怀村委会	112.040071	39.732919	0	25	47	村庄
140603206228	伙地村委会	112.277501	39.679694	0	16	38	乡镇
140623201214	北花园村委会	112.582740	39.910859	0	30	72	村庄
140623101241	胡四窑村委会	112.351460	40.162630	0	25	43	乡镇
140621001001	光明社区居委会	112.823399	39.532740	1	80	100	政府机构
140602203202	野狐梁村委会	112.647212	39.273857	0	18	40	乡镇
140622206203	下贾庄村委会	113.158970	39.409110	0	30	72	村庄
140603207205	红崖村委会	112.556445	39.507877	0	16	65	乡镇
140621209213	新马营村委会	113.015042	39.376275	1	80	100	政府机构
140623202204	布家村村委会	112.429605	39.814739	1	80	100	政府机构
140602100210	新磨村委会	112.633746	39.390582	0	16	38	乡镇
140602204206	何庄村委会	112.695050	39.211359	0	25	70	乡镇
140622201207	三门城村委会	113.214435	39.671967	1	80	100	政府机构
140603210201	马营村委会	112.385470	39.556720	0	30	72	村庄
140623101216	杀虎口村委会	112.321640	40.243950	0	30	72	村庄
140621200209	马家河村委会	112.462520	39.689469	0	30	72	村庄
140603200201	潘家窑村委会	112.307931	39.453085	0	18	40	村庄
140623205200	李达窑村委会	112.502937	40.221914	0	16	33	乡镇
140602207216	水泉梁村委会	112.362370	39.208731	0	25	47	乡镇
140622202217	张地村委会	113.068624	39.628981	0	16	65	乡镇
140623102206	六里庄村委会	112.380145	39.918061	1	80	100	政府机构
140603203211	曹井沟村委会	112.082295	39.663044	1	80	100	政府机构
140602004218	十里铺村委会	112.436990	39.355370	1	80	97	政府机构
140622201211	哑忽庄村委会	113.280359	39.663529	0	16	47	村庄
140602204210	芦子坝村委会	112.695050	39.211359	0	25	47	乡镇
140602100206	苗山村委会	112.633746	39.390582	0	16	65	乡镇
140622100005	西南角社区居委会	113.191250	39.549578	1	80	100	政府机构
140623205216	残虎堡村委会	112.502937	40.221914	0	16	38	乡镇
140603200217	元墩村委会	112.307931	39.453085	0	18	66	村庄
140681203208	黄庄村委会	113.257792	39.792003	1	80	100	政府机构
140623101200	联兴村委会	112.349900	40.163770	0	30	72	村庄
140622202201	花寨村委会	113.068624	39.628981	0	16	65	乡镇
140603203207	东港村委会	112.151660	39.644099	0	30	72	村庄
140623102210	牛家堡村委会	112.361510	39.953691	0	25	70	地产小区
140622205205	南旺庄村委会	113.107173	39.423985	1	80	100	政府机构
140602200204	店坪村委会	112.359798	39.371593	0	18	66	乡镇
140622101213	护驾岗村委会	113.260424	39.466745	0	16	33	乡镇
140623201202	马莲滩村委会	112.509745	39.922702	0	16	65	乡镇
140603204203	大干沟村委会	112.040071	39.732919	0	25	70	村庄
140621102220	后射躲村委会	112.949175	39.447474	0	16	33	乡镇
140622206215	观口前村委会	113.186400	39.418320	0	25	47	村庄
140602203214	寺科村委会	112.647212	39.273857	0	18	40	乡镇
140622102203	新堡村委会	113.302482	39.523482	0	18	66	地产小区
140621209205	沙家寺村委会	112.982802	39.321958	0	25	55	旅游景点
140623202212	下柳沟村委会	112.467000	39.988800	0	14	37	区县
140603207213	上街村委会	112.528060	39.492810	0	30	72	村庄
140622206214	教场村委会	113.265240	39.413021	0	30	72	UNKNOWN
140602203215	小坝村委会	112.594562	39.271088	1	80	100	政府机构
140622102202	丰寨村委会	113.302482	39.523482	0	18	66	地产小区
140621209204	苏家场村委会	112.983421	39.367870	0	18	40	乡镇
140623202213	刘虎狮村委会	112.454101	39.796749	0	25	47	乡镇
140603207212	赵家窑村委会	112.556445	39.507877	0	16	65	乡镇
140622205204	寨子村委会	113.124500	39.421830	0	30	72	村庄
140602200205	沙涧村委会	112.359798	39.371593	0	18	40	乡镇
140622101212	常乐村委会	113.260424	39.466745	0	16	65	乡镇
140623201203	康村村委会	112.509745	39.922702	0	16	65	乡镇
140621102221	前射躲村委会	112.949175	39.447474	0	16	33	乡镇
140622202200	藏寨村委会	113.068624	39.628981	0	16	65	乡镇
140602207201	窑子头村委会	112.362370	39.208731	0	25	70	乡镇
140603203206	侯港村委会	112.130649	39.661981	0	30	72	村庄
140623102211	南八里村委会	112.361510	39.953691	0	25	70	地产小区
140622201210	北沙城村委会	113.280359	39.663529	0	16	65	村庄
140602204211	徐村村委会	112.607920	39.172729	1	80	100	政府机构
140602100207	神西村委会	112.633746	39.390582	0	16	38	乡镇
140622100004	西关社区居委会	113.171314	39.571616	0	18	66	乡镇
140623205217	赵家窑村委会	112.502937	40.221914	0	16	65	乡镇
140603200216	窝窝会村委会	112.307931	39.453085	0	18	35	村庄
140681203209	丰火台村委会	113.201770	39.793649	0	18	35	乡镇
140623101201	乌林村村委会	112.351460	40.162630	0	25	70	乡镇
140602207217	下圪姥村委会	112.362370	39.208731	0	25	47	乡镇
140622202216	侯家岭村委会	113.068624	39.628981	0	16	65	乡镇
140623102207	火烧洼村委会	112.361510	39.953691	0	25	47	地产小区
140603203210	计家窑村委会	112.098514	39.636739	0	16	33	村庄
140602004219	北旺庄村委会	112.436990	39.355370	1	80	97	政府机构
140602100211	北邵庄村委会	112.558100	39.355580	0	30	72	村庄
140602204207	泉子沟村委会	112.695050	39.211359	0	25	47	乡镇
140622201206	东店村委会	113.280359	39.663529	0	16	65	村庄
140623101217	海子湾村委会	112.351460	40.162630	0	25	70	乡镇
140621200208	阎家窑村委会	112.488463	39.652344	0	18	66	乡镇
140603200200	白堂村委会	112.307931	39.453085	0	18	66	村庄
140623205201	厂湾村委会	112.502937	40.221914	0	16	65	乡镇
140622102214	唐庄村委会	113.302482	39.523482	0	18	66	地产小区
140602203203	小岱堡村委会	112.647212	39.273857	0	18	35	乡镇
140622206202	周家地村委会	113.186400	39.418320	0	25	70	村庄
140603207204	吴辛寨村委会	112.556445	39.507877	0	16	33	乡镇
140621209212	何庄村委会	112.983421	39.367870	0	18	66	乡镇
140623202205	下窑村委会	112.454101	39.796749	0	25	70	乡镇
140622101204	门寨村委会	113.260424	39.466745	0	16	38	乡镇
140602200213	峙峪村委会	112.359798	39.371593	0	18	66	乡镇
140622205212	水泉沟村委会	113.115070	39.401149	0	25	70	乡镇
140623100001	福星苑社区居民委员会	112.492107	39.994920	0	16	38	乡镇
140603100202	东洼村委会	112.269697	39.538169	0	18	66	乡镇
140623101240	二分关村委会	112.351460	40.162630	0	25	43	乡镇
140623201215	业家村村委会	112.503025	39.865510	1	80	100	政府机构
140623204200	杨千河村委会	112.320790	40.110330	0	25	43	地产小区
140603201201	陶西村委会	112.420905	39.475381	0	18	66	村庄
140621201209	东水泉村委会	112.702289	39.719386	0	16	65	村庄
140623100216	大堡村委会	112.363820	40.047001	0	30	72	村庄
140622200207	东张寨村委会	113.191000	39.554100	0	14	32	区县
140602205206	薛家店村委会	112.536843	39.263596	0	18	40	村庄
140602101210	张家窑村委会	112.150993	39.345369	0	16	65	乡镇
140603202211	窑上村委会	112.033270	39.551329	0	30	72	村庄
140623103206	元煤村村委会	112.585683	39.774455	0	25	47	乡镇
140622203217	康辛庄村委会	113.068968	39.546424	0	18	40	乡镇
140602206216	前圪塔村委会	112.495690	39.197940	0	25	70	乡镇
140602208208	张家堡村委会	112.334621	39.288579	0	25	70	乡镇
140623200214	东丁村村委会	112.533616	40.082911	0	16	65	乡镇
140681100221	南七里寨村委会	113.125446	39.810000	1	80	100	政府机构
140603207228	大石泉村委会	112.556445	39.507877	0	16	65	乡镇
140603205215	张家窑村委会	112.119311	39.870027	0	16	65	乡镇
140622204213	大刘庄村委会	113.094922	39.457344	0	18	66	村庄
140602201212	上马石村委会	112.451141	39.405919	0	30	72	村庄
140622208230	清佛庵村委会	113.327266	39.371383	0	30	72	村庄
140622100205	西北角村村委会	113.171314	39.571616	0	18	66	乡镇
140623203204	前窑子村委会	112.202366	39.983021	0	16	38	乡镇
140603206205	富足庄村委会	112.277501	39.679694	0	16	33	乡镇
140603204238	八十道洼村委会	112.040071	39.732919	0	25	43	村庄
140622207203	东乡寨村委会	113.393387	39.559007	0	16	38	乡镇
140602202202	王东庄村委会	112.704467	39.309433	0	16	65	村庄
140603101215	小野庄村委会	112.184665	39.760891	0	25	43	乡镇
140621103220	下沙河村委会	112.750478	39.534508	0	16	65	乡镇
140603205203	郭家窑村委会	112.119311	39.870027	0	16	65	乡镇
140623200202	张家窑村委会	112.533616	40.082911	0	16	65	乡镇
140622100213	城西铺村委会	113.171314	39.571616	0	18	35	乡镇
140602201204	魏家窑村委会	112.493428	39.388167	0	18	66	乡镇
140622204205	大北头村委会	113.086060	39.445741	0	30	72	村庄
140603206213	东村村委会	112.286590	39.669970	0	30	72	村庄
140621208205	山阴庄村委会	112.787853	39.290427	1	80	100	政府机构
140623203212	郝家湾村委会	112.202366	39.983021	0	16	65	乡镇
140602202214	永安庄村委会	112.704467	39.309433	0	16	65	村庄
140602200229	田家窑村委会	112.359798	39.371593	0	18	66	乡镇
140622207215	神峪村委会	113.393387	39.559007	0	16	65	乡镇
140623100200	亚别岭村委会	112.492107	39.994920	0	16	33	乡镇
140603100003	安西社区居委会	112.269697	39.538169	0	18	49	乡镇
140681202208	南阜村委会	113.054731	39.677109	0	30	72	村庄
140603201217	大尹庄村委会	112.418620	39.438931	0	30	72	村庄
140623204216	黑土窑村委会	112.320790	40.110330	0	25	70	地产小区
140602101206	石咀头村委会	112.150993	39.345369	0	16	65	乡镇
140602205210	辛庄村委会	112.502020	39.281690	0	30	72	村庄
140622200211	赵家湾村委会	113.285240	39.582109	0	30	72	村庄
140623103210	宣阳寨村委会	112.585683	39.774455	0	25	43	乡镇
140603202207	上井村委会	112.188379	39.489501	0	30	72	村庄
140622203201	秦庄村委会	113.068968	39.546424	0	18	66	乡镇
140602200209	铺上村委会	112.413500	39.387740	0	30	72	村庄
140622205208	武家店村委会	113.115070	39.401149	0	25	47	乡镇
140603100218	下麻黄头村委会	112.269697	39.538169	0	18	35	乡镇
140681103207	大寨村委会	113.298331	39.914959	0	30	72	村庄
140621100210	青杨沟村委会	112.621840	39.658680	0	30	72	村庄
140622208206	南李庄村委会	113.317070	39.378531	0	30	72	村庄
140602203219	北辛庄村委会	112.647212	39.273857	0	18	66	乡镇
140622206218	土巷村委会	113.186400	39.418320	0	25	70	村庄
140603209200	向阳堡村委会	112.362636	39.622285	0	16	65	乡镇
140681204201	下米庄村委会	113.329276	39.847667	0	18	49	乡镇
140681201003	芦子沟居委会	112.945167	39.835808	0	30	72	村庄
140621103200	南大道村委会	112.830564	39.513568	0	50	73	道路
140603205223	下水泊村委会	112.119311	39.870027	0	16	65	乡镇
140681100217	北七里寨村委会	113.094471	39.841294	0	25	43	乡镇
140623200222	夏家窑村委会	112.533616	40.082911	0	16	38	乡镇
140621209208	荆家庄村委会	112.971055	39.391761	1	80	100	政府机构
140622100008	西城社区居委会	113.171314	39.571616	0	18	66	乡镇
140602206220	上石碣峪村委会	112.495690	39.197940	0	25	41	乡镇
140621200212	后榆林村委会	112.488463	39.652344	0	18	49	乡镇
140681203205	西安堡村委会	113.265099	39.815621	0	30	72	村庄
140602002011	馨园社区	112.412980	39.308781	1	80	97	政府机构
140602101226	东驼梁村委会	112.150993	39.345369	0	16	33	乡镇
140622208251	麻燕寺村委会	113.418586	39.416498	1	80	100	政府机构
140623100220	梁家油坊村委会	112.492107	39.994920	0	16	38	乡镇
140621203202	来远村委会	112.921885	39.554678	0	18	66	地产小区
140602001001	马邑路社区	112.435707	39.319079	1	80	100	政府机构
140602004203	西什庄村委会	112.436990	39.355370	1	80	93	政府机构
140602002007	城壕堰社区	112.412980	39.308781	1	80	95	政府机构
140681203213	神嘴窝村委会	113.201770	39.793649	0	18	40	乡镇
140621200204	大坪村委会	112.519981	39.608909	0	30	72	村庄
140623103226	大磁窑新村村委会	112.585683	39.774455	0	25	47	乡镇
140602101230	黄土坡村委会	112.150993	39.345369	0	16	65	乡镇
140602004215	东富院村委会	112.436990	39.355370	1	80	93	政府机构
140623204220	后窑村村委会	112.320790	40.110330	0	25	55	地产小区
140603201221	一半岭村委会	112.465810	39.479710	0	30	72	村庄
140621203214	贺家堡村委会	112.921885	39.554678	0	18	66	地产小区
140681200203	楼子口村委会	113.074630	39.813030	0	25	47	乡镇
140622207223	北楼村委会	113.435180	39.530651	0	30	72	村庄
140602202222	北乔家梁村委会	112.704467	39.309433	0	16	33	村庄
140622101208	北河种村委会	113.260424	39.466745	0	16	33	乡镇
140621100206	北祖村委会	112.615400	39.672900	0	25	43	乡镇
140603204218	金家窑村委会	112.040071	39.732919	0	25	70	村庄
140603206225	小冲口村委会	112.277501	39.679694	0	16	47	乡镇
140681103211	秀女村村委会	113.202348	39.932439	1	80	100	政府机构
140622208210	长柴沟村委会	113.424900	39.406660	0	25	55	乡镇
140623200234	复兴村委会	112.533616	40.082911	0	16	47	乡镇
140623202209	张家山村委会	112.454101	39.796749	0	25	70	乡镇
140681100201	秦城村委会	113.094490	39.817061	0	25	70	乡镇
140603207208	李西沟村委会	112.477801	39.514172	1	80	100	政府机构
140621103216	上岱岳村委会	112.750478	39.534508	0	16	33	乡镇
140621207200	后所村委会	112.851269	39.311261	0	30	72	村庄
140603101223	张花板村委会	112.184665	39.760891	0	25	43	乡镇
140603209216	店梁村委会	112.362636	39.622285	0	16	38	乡镇
140603210220	西石湖村委会	112.489900	39.577871	0	30	72	村庄
140623101237	樊家窑村委会	112.351460	40.162630	0	25	70	乡镇
140621202215	上立羊泉村委会	112.664309	39.595011	0	25	55	乡镇
140681201202	庄头村委会	112.994710	39.754419	0	25	70	乡镇
140603200220	康家窑村委会	112.307931	39.453085	0	18	40	村庄
140623205221	二三墩村委会	112.502937	40.221914	0	16	33	乡镇
140602208204	牛家岭村委会	112.334621	39.288579	0	25	70	乡镇
140681202212	南晏庄村委会	113.090445	39.724552	0	18	40	村庄
140621201205	张家堡村委会	112.702289	39.719386	0	16	65	村庄
140602003006	肉联厂社区	112.557190	39.366330	1	80	97	政府机构
140603100222	北坪村村委会	112.269697	39.538169	0	18	66	乡镇
140621206201	罗庄村委会	112.769310	39.417570	0	30	72	村庄
140681205216	下峪村委会	113.300677	39.743380	0	18	40	村庄
140681101200	吴家窑村委会	112.871284	39.772113	0	18	66	乡镇
140621102217	东辛庄村委会	112.989991	39.475559	0	30	72	村庄
140603206209	小红沟村委会	112.201570	39.652190	0	30	72	村庄
140602001200	北关村委会	112.423017	39.326477	1	80	100	政府机构
140602004002	振华街社区	112.436990	39.355370	1	80	97	政府机构
140623203208	云石堡村委会	112.202366	39.983021	0	16	33	乡镇
140622101224	段寨村委会	113.199156	39.498944	1	80	100	政府机构
140621205211	西鄯河村委会	112.816450	39.473709	0	25	43	村庄
140603205219	赵家窑村委会	112.119311	39.870027	0	16	65	乡镇
140603207224	莺房沟村委会	112.556445	39.507877	0	16	47	乡镇
140621101207	下神泉村委会	112.828470	39.597880	0	25	55	乡镇
140681102210	盐丰营村委会	112.913848	39.674475	0	16	33	乡镇
140623200218	老墙框村委会	112.502600	40.114040	0	30	58	UNKNOWN
140623202225	下泥沟村委会	112.467000	39.988800	0	14	37	区县
140622100209	范寨村委会	113.171314	39.571616	0	18	66	乡镇
140623201223	昌里屯村委会	112.509745	39.922702	0	16	38	乡镇
140621208209	泉子沟村委会	112.812953	39.247817	0	18	40	乡镇
140603204222	榆卜洼村委会	112.040071	39.732919	0	25	47	村庄
140621102201	四里庄村委会	112.952657	39.424594	1	80	100	政府机构
140681205200	河头村委会	113.280190	39.742760	0	30	72	村庄
140621206217	大营村委会	112.883200	39.372339	0	30	72	村庄
140603208201	边庄村委会	112.089860	39.464089	0	25	70	乡镇
140622207219	徐峪村委会	113.393387	39.559007	0	16	38	乡镇
140602200225	四圣店村委会	112.359798	39.371593	0	18	66	乡镇
140602202218	罗疃村委会	112.704467	39.309433	0	16	38	村庄
140681102206	兴旺庄村委会	112.863180	39.650730	0	30	72	村庄
140621101211	王家堡村委会	112.828470	39.597880	0	25	70	乡镇
140603207232	圣东村委会	112.556445	39.507877	0	16	38	乡镇
140603101219	辛窑村委会	112.184665	39.760891	0	25	70	乡镇
140621205207	泥河村委会	112.759301	39.441215	1	80	100	政府机构
140622204209	冯庄村委会	113.093920	39.462441	0	30	72	村庄
140602201208	耿庄村委会	112.468990	39.385180	0	30	72	村庄
140681201214	滋润村委会	112.994710	39.754419	0	25	47	乡镇
140621202203	榆坪村委会	112.664309	39.595011	0	25	47	乡镇
140623101221	四台沟村委会	112.384620	40.259839	0	30	72	村庄
140602100227	东榆林村委会	112.633746	39.390582	0	16	65	乡镇
140602208212	后村村委会	112.334621	39.288579	0	25	70	乡镇
140621201213	偏岭村委会	112.787510	39.747991	0	30	72	村庄
140681202204	南小寨村委会	113.146521	39.730855	1	80	100	政府机构
140623102231	威东村委会	112.361510	39.953691	0	25	70	地产小区
140622202220	米寨村委会	113.068624	39.628981	0	16	38	乡镇
140602207221	马家梁村委会	112.307019	39.108591	0	30	72	村庄
