150103002016	吕祖庙街社区居委会	111.664581	40.803270	1	80	97	政府机构
150105103204	东五十家村民委员会	111.701999	40.792201	0	14	37	区县
150121104247	哈沙图村委会	111.556671	40.669659	0	25	47	乡镇
150123400503	四农场	111.796392	40.495125	0	18	66	工业园区
150124102202	红旗村委会	111.456740	40.088324	0	16	65	乡镇
150121100204	瓦窑村委会	111.147480	40.698220	0	30	72	村庄
150104006009	华宇社区居委会	111.581200	40.786632	0	50	68	道路
150122100227	格图营村民委员会	111.231500	40.270941	0	25	55	乡镇
150125100017	迎宾社区居民委员会	111.452594	41.095302	0	25	47	乡镇
150125211203	奎素村民委员会	110.989519	41.147151	0	30	72	UNKNOWN
150121207202	东南什轴村委会	111.344288	40.626574	0	16	33	乡镇
150102005001	艺术厅北街社区居委会	111.682020	40.826199	1	80	97	政府机构
150121101229	西梁村委会	111.356283	40.796664	0	16	65	乡镇
150121103214	小浑津村委会	111.162999	40.729501	0	14	37	区县
150102002005	中山里社区居委会	111.671560	40.834199	0	60	87	UNKNOWN
150121104210	得胜营村委会	111.556671	40.669659	0	25	47	乡镇
150125101201	圪料坝村民委员会	111.782310	41.270240	0	30	72	村庄
150124201210	北堡村委会	111.843940	39.656280	0	30	72	村庄
150123102209	黑石兔村民委员会	112.139508	40.232699	0	16	47	乡镇
150102001015	八一路社区居委会	111.667040	40.841739	1	80	97	政府机构
150104100207	班定营村委会	111.623250	40.765189	0	25	47	乡镇
150105008004	如意和社区居委会	111.701999	40.792201	0	14	29	区县
150125102207	红山子村民委员会	110.971720	41.113330	0	25	55	乡镇
150121104206	小一家村委会	111.556671	40.669659	0	25	43	乡镇
150123205219	马家夭村民委员会	111.762210	40.179281	0	25	55	乡镇
150124202216	对九沟村委会	111.908063	39.871701	0	16	38	乡镇
150105104216	河湾村民委员会	111.759360	40.746351	0	25	55	乡镇
150104007209	西源村委会	111.650707	40.782526	0	30	58	UNKNOWN
150125205201	上秃亥村民委员会	111.308500	41.186449	0	25	70	乡镇
150105008012	金隅社区居委会	111.701999	40.792201	0	14	29	区县
150104100211	讨尔号村委会	111.623250	40.765189	0	25	47	乡镇
150123100222	大梁村民委员会	111.743910	40.345970	0	30	72	UNKNOWN
150124201206	双碾儿村委会	111.844130	39.657100	0	25	43	村庄
150105103212	窑子什村民委员会	112.040892	40.722590	0	30	72	村庄
150121100212	尔胜村委会	111.168529	40.729191	0	25	47	乡镇
150125211215	厂汉此老村民委员会	110.723840	41.364060	0	25	55	乡镇
150104008001	南湖社区居委会	111.668900	40.764399	0	25	55	道路
150123208240	岱洲窑村民委员会	111.822000	40.378601	0	12	44	区县
150121103202	三间房村委会	111.162999	40.729501	0	14	46	区县
150124101204	巴兔也村委会	111.647000	39.920601	0	14	29	区县
150121207214	主根岱村委会	111.344288	40.626574	0	16	33	乡镇
150123101223	灯笼素村民委员会	111.897580	40.619040	0	25	55	乡镇
150124200207	阳坡村委会	111.437575	39.816122	0	30	72	村庄
150121106217	小庞家营村委会	111.162999	40.729501	0	14	37	区县
150105006020	炼化社区居民委员会	111.698279	40.803881	0	30	51	道路
150121105207	东河村委会	111.727571	40.507309	0	30	72	村庄
150121100005	中山路东居委会	111.125740	40.726440	0	30	58	道路
150102101208	奎素村委会	111.869311	41.005686	0	16	38	乡镇
150122104209	张宗圐圙村民委员会	111.352360	40.526071	0	25	70	乡镇
150121106240	站村村委会	110.928642	40.661470	1	80	100	政府机构
150124100205	庄古窑村委会	111.683080	39.925810	0	25	55	乡镇
150104100006	金和社区居委会	111.623250	40.765189	0	25	70	乡镇
150121102203	喇嘛营村委会	111.096680	40.533311	0	25	70	乡镇
150104008241	西庄村委会	111.668900	40.764399	0	25	55	道路
150105101203	什犋窑村民委员会	112.035936	40.878624	0	16	65	乡镇
150102007006	新春社区居委会	111.730495	40.838073	1	80	97	政府机构
150121101213	庆春园村委会	111.294029	40.734141	0	30	72	村庄
150122102220	什老二新营子村民委员会	111.232364	40.494290	0	30	72	村庄
150171400498	金海虚拟社区	111.612190	40.807212	1	80	94	UNKNOWN
150125213204	脑包村民委员会	110.836785	40.950286	0	16	47	乡镇
150121100228	五里坡村委会	111.168529	40.729191	0	25	70	乡镇
150121102215	大野场村委会	111.096680	40.533311	0	25	47	乡镇
150124100213	八龙湾村委会	111.679990	39.909229	0	25	67	乡镇
150121106256	贾家营村委会	111.685450	40.712586	1	80	100	政府机构
150105101215	三应窑村民委员会	112.033358	40.892124	1	80	97	UNKNOWN
150122101226	章盖营村民委员会	111.307541	40.315149	0	30	72	UNKNOWN
150125200202	乌兰不浪村民委员会	111.442200	41.004479	0	25	55	乡镇
150121101205	崞县村委会	111.356283	40.796664	0	16	38	乡镇
150124103203	营盘峁村委会	111.694860	39.666701	0	50	73	UNKNOWN
150102007010	水岸社区	111.730495	40.838073	1	80	97	政府机构
150121106201	铁门更村委会	111.162999	40.729501	0	14	29	区县
150121401498	金山区虚拟居委会	111.456315	40.751033	0	25	55	乡镇
150124200211	不灿洼村委会	111.439920	39.817069	0	25	47	村庄
150123101235	侯家梁村民委员会	111.897580	40.619040	0	25	55	乡镇
150121100013	水泥厂居委会	111.168529	40.729191	0	25	70	乡镇
150121105211	老龙不浪村委会	111.642348	40.549264	1	80	100	政府机构
150102003004	团结社区居委会	111.671110	40.819497	1	80	97	政府机构
150123100218	善喇嘛村民委员会	111.824190	40.401541	0	25	47	乡镇
150124203201	白旗夭村委会	111.782440	40.050500	0	25	43	乡镇
150103007003	未来城社区居委会	111.636869	40.813739	0	30	51	商圈
150125207206	小碱滩村民委员会	111.160040	40.999611	0	25	55	乡镇
150104006005	绿苑社区居委会	111.581200	40.786632	0	50	73	道路
150122102216	鸡咀营村民委员会	111.553771	40.461489	0	30	72	UNKNOWN
150121103218	沟门村委会	111.162999	40.729501	0	14	46	区县
150121101225	水磨村委会	111.356283	40.796664	0	16	65	乡镇
150105002002	内大社区居委会	111.692476	40.813789	1	80	100	政府机构
150105007200	后罗家营村民委员会	111.881533	40.877344	0	18	35	乡镇
150105103208	西讨速号村民委员会	111.985350	40.741259	0	25	55	乡镇
150122101206	乃莫营村民委员会	111.375991	40.247939	0	25	55	地产小区
150121100208	东王毕克齐村委会	111.168529	40.729191	0	25	43	乡镇
150123100003	团部社区居民委员会	111.824190	40.401541	0	25	47	乡镇
150102008003	呼哈路社区居委会	111.704299	40.878382	1	80	97	政府机构
150105008008	辛家营社区居委会	111.701999	40.792201	0	14	29	区县
150124100008	南园居委会	111.683080	39.925810	0	25	70	乡镇
150105006016	东黑河社区居委会	111.698279	40.803881	0	30	47	道路
150123102205	草夭子村民委员会	112.139508	40.232699	0	16	38	乡镇
150104008220	前桃花村委会	111.687896	40.725115	1	75	92	UNKNOWN
150122100010	双河社区居民委员会	111.231500	40.270941	0	25	47	乡镇
150121106221	西贾家营村委会	111.162999	40.729501	0	14	37	区县
150123205203	红山口村民委员会	111.762210	40.179281	0	25	55	乡镇
150123101215	郭家营村民委员会	111.897580	40.619040	0	25	55	乡镇
150123102213	山保岱村民委员会	112.139508	40.232699	0	16	47	乡镇
150123206205	五间房村民委员会	111.996790	40.130461	0	25	55	乡镇
150122100006	黄河社区居民委员会	111.231500	40.270941	0	25	47	乡镇
150105005010	春雨社区居委会	111.728880	40.818963	1	80	95	政府机构
150123205215	庙沟村民委员会	111.845380	40.327169	0	30	72	村庄
150121106237	沟门村委会	111.162999	40.729501	0	14	46	区县
150102400498	开发区虚拟居委会	111.665000	40.858199	0	16	33	区县
150122102200	镇村民委员会	111.194000	40.277399	0	14	46	区县
150103003021	电子路社区居委会	111.644420	40.824271	1	80	95	政府机构
150121207218	大圪贲村委会	111.344288	40.626574	0	16	33	乡镇
150124101208	栅梢也村委会	111.627090	40.071990	0	25	47	乡镇
150121101233	袄太村委会	111.356283	40.796664	0	16	38	乡镇
150122101210	黑水泉村民委员会	111.375991	40.247939	0	25	55	地产小区
150121102223	大沙金图村委会	111.096680	40.533311	0	25	43	乡镇
150121100009	全胜路东居委会	111.137730	40.715729	0	40	65	道路
150104100231	后毛道村委会	111.623250	40.765189	0	25	47	乡镇
150123100202	大南沟村民委员会	111.826920	40.340021	0	30	72	村庄
150102008202	代洲营村委会	111.704299	40.878382	1	80	94	政府机构
150103100001	金龙居委会	111.594690	40.833660	0	25	70	乡镇
150122104205	什力邓村民委员会	111.352360	40.526071	0	25	55	乡镇
150102101204	水泉村委会	111.988730	40.915000	0	30	72	村庄
150121104226	前一间房村委会	111.556671	40.669659	0	25	47	乡镇
150123207204	昆都仑村民委员会	112.093880	40.429999	0	25	55	乡镇
150105007001	民航北居民委员会	111.881533	40.877344	0	18	35	乡镇
150104006204	当浪土牧村委会	111.581200	40.786632	0	50	68	道路
150121207234	后朱堡村委会	111.344288	40.626574	0	16	33	乡镇
150125213208	后营子村民委员会	110.741439	41.017801	0	30	72	村庄
150122100211	苗家梁村民委员会	111.231500	40.270941	0	25	55	乡镇
150121100232	参将村委会	111.168529	40.729191	0	25	47	乡镇
150121208207	旗下营村委会	111.253540	40.572129	0	25	55	乡镇
150123203210	什八台村民委员会	111.632050	40.422000	0	25	55	乡镇
150124100209	曹家沟村委会	111.661650	39.827400	0	30	72	村庄
150122103201	树林子村民委员会	111.321960	40.356669	0	25	55	乡镇
150121207222	麻合理村委会	111.344288	40.626574	0	16	47	乡镇
150121101209	北园子村委会	111.356283	40.796664	0	16	65	乡镇
150122100207	只芨壕村民委员会	111.231500	40.270941	0	25	70	乡镇
150105003003	先锋路社区居委会	111.715594	40.824191	1	80	97	政府机构
150105006201	新营子村民委员会	111.698279	40.803881	0	30	47	道路
150121208211	铁帽村委会	111.253540	40.572129	0	25	47	乡镇
150121102219	陕西营村委会	111.096680	40.533311	0	25	70	乡镇
150121100224	多尔计村委会	111.168529	40.729191	0	25	47	乡镇
150104007004	兴旺社区居委会	111.650707	40.782526	0	30	58	UNKNOWN
150105101219	新地沟村民委员会	112.035936	40.878624	0	16	47	乡镇
150105103224	美岱村民委员会	111.985350	40.741259	0	25	70	乡镇
150102008214	讨思浩村委会	111.704299	40.878382	1	80	97	政府机构
150172405498	如意南区虚拟居委会	111.734942	40.546318	1	75	50	工业园区
150123100214	石咀子村民委员会	111.851210	40.202139	0	30	72	村庄
150104100227	百什户村委会	111.689334	40.698687	1	80	100	政府机构
150122104213	南台基村民委员会	111.352360	40.526071	0	25	55	乡镇
150105104220	旭泥板村民委员会	111.759360	40.746351	0	25	70	乡镇
150121104230	丰厚庄村委会	111.556671	40.669659	0	25	47	乡镇
150122102001	五申镇社区居民委员会	111.189835	40.442945	0	16	47	乡镇
150104003010	菩提塔东社区居委会	111.658565	40.795201	0	40	59	商圈
150121104231	南王毕克齐村委会	111.556671	40.669659	0	25	43	乡镇
150104003011	观音庙社区居委会	111.658565	40.795201	0	40	59	商圈
150103100016	刀刀板居委会	111.586287	40.810921	1	80	97	购物
150123100215	樊家夭村民委员会	111.824190	40.401541	0	25	55	乡镇
150104100226	郭家营村委会	111.623250	40.765189	0	25	70	乡镇
150122104212	塔布板申村民委员会	111.352360	40.526071	0	25	55	乡镇
150105104221	泉子什村民委员会	111.759360	40.746351	0	25	55	乡镇
150105003002	长乐宫社区居委会	111.707730	40.829811	1	80	100	政府机构
150121208210	七炭板村委会	111.253540	40.572129	0	25	43	乡镇
150123203207	韭菜沟村民委员会	111.686230	40.407310	0	30	72	村庄
150121100225	大阳村委会	111.168529	40.729191	0	25	70	乡镇
150121102218	独立坝村委会	111.096680	40.533311	0	25	47	乡镇
150105103225	集贤村民委员会	111.941419	40.795771	0	30	72	村庄
150105101218	前乃莫板村民委员会	112.035936	40.878624	0	16	38	乡镇
150121207223	百只户村委会	111.344288	40.626574	0	16	38	乡镇
150121101208	五道村委会	111.356283	40.796664	0	16	65	乡镇
150122100206	董家营村民委员会	111.203890	40.306270	0	30	72	村庄
150121100233	西河沿村委会	111.168529	40.729191	0	25	70	乡镇
150105008208	大厂库伦村民委员会	111.701999	40.792201	0	14	27	区县
150124100208	桦树沟村委会	111.683080	39.925810	0	25	70	乡镇
150121208206	铁旦板村委会	111.253540	40.572129	0	25	47	乡镇
150123203211	土不婵村民委员会	111.632050	40.422000	0	25	70	乡镇
150122103200	伍什家村民委员会	111.323020	40.356829	0	30	72	村庄
150121207235	苏庄村委会	111.455350	40.625181	0	30	72	村庄
150125213209	大庙村民委员会	110.693820	40.956291	0	30	72	村庄
150104004003	三里营西社区居委会	111.660856	40.788803	0	50	73	UNKNOWN
150122100210	郝家当铺梁村民委员会	111.231500	40.270941	0	25	55	乡镇
150121104227	后一间房村委会	111.582043	40.606973	1	80	100	政府机构
150123207205	前坝村民委员会	112.093880	40.429999	0	25	55	乡镇
150105400001	乌尼尔社区居委会	111.770248	40.707091	0	18	66	乡镇
150121100008	全胜路西居委会	111.134540	40.722481	1	80	97	UNKNOWN
150104100230	乌兰巴图村委会	111.623250	40.765189	0	25	43	乡镇
150123100203	小南沟村民委员会	111.852190	40.363489	0	30	72	村庄
150102008203	红山口村委会	111.704299	40.878382	1	80	94	政府机构
150122104204	白家营村民委员会	111.352360	40.526071	0	25	55	乡镇
150102101205	甲兰板村委会	111.869311	41.005686	0	16	33	乡镇
150122101211	乃同村民委员会	111.375991	40.247939	0	25	70	地产小区
150102008014	东河社区	111.704299	40.878382	1	80	97	政府机构
150121102222	小沙金图村委会	111.096680	40.533311	0	25	43	乡镇
150122102201	伞盖村民委员会	111.189835	40.442945	0	16	65	乡镇
150103003020	果园路社区居委会	111.644420	40.824271	1	80	97	政府机构
150121207219	小圪贲村委会	111.344288	40.626574	0	16	33	乡镇
150124101209	聚宝庄村委会	111.616404	40.023580	1	80	100	政府机构
150121101232	忽尔格气村委会	111.356283	40.796664	0	16	30	乡镇
150122100007	腾飞社区居民委员会	111.231500	40.270941	0	25	47	乡镇
150103004024	海拉尔西路社区居委会	111.641809	40.836681	1	80	97	政府机构
150104008237	新胜村委会	111.668900	40.764399	0	25	47	道路
150123205214	白其窑村民委员会	111.762210	40.179281	0	25	70	乡镇
150121106236	寿阳营村委会	111.162999	40.729501	0	14	32	区县
150104002006	丽景社区居委会	111.658791	40.796420	0	50	73	道路
150123102212	营盘梁村民委员会	112.139508	40.232699	0	16	47	乡镇
150105006001	大台什路社区居委会	111.698279	40.803881	0	30	51	道路
150123206204	石咀子村民委员会	112.033130	40.002839	0	30	72	村庄
150122100011	旧城居民委员会	111.231500	40.270941	0	25	47	乡镇
150121106220	刘保圪旦村委会	110.961110	40.562389	0	30	72	村庄
150123205202	三支树村民委员会	111.762210	40.179281	0	25	55	乡镇
150123101214	六犋牛村民委员会	111.897580	40.619040	0	25	55	乡镇
150172404498	虚拟创业园社区	111.749000	40.842400	0	10	25	城市
150104002010	西三里社区居委会	111.658791	40.796420	0	50	73	道路
150105008009	西把栅社区居委会	111.761843	40.788790	1	80	100	政府机构
150124100009	花园居委会	111.683080	39.925810	0	25	70	乡镇
150123102204	西沟子村民委员会	111.925180	40.363209	0	30	72	村庄
150105006017	东瓦窑社区居委会	111.695239	40.799963	0	30	72	UNKNOWN
150105103209	格此老村民委员会	111.985350	40.741259	0	25	55	乡镇
150104005014	梁山街社区居委会	111.661771	40.805110	0	40	77	道路
150122101207	缸房窑村民委员会	111.375991	40.247939	0	25	55	地产小区
150121100209	点什气村委会	111.178713	40.723579	1	80	100	政府机构
150123100002	衙门巷社区居民委员会	111.824190	40.401541	0	25	47	乡镇
150103100201	毫赖沟村委会	111.594690	40.833660	0	25	47	乡镇
150122102217	帐房坪村民委员会	111.189835	40.442945	0	16	47	乡镇
150121101224	大毕克齐村委会	111.356283	40.796664	0	16	33	乡镇
150105002003	师大社区居委会	111.689870	40.814390	0	30	51	道路
150105007201	罗家营村民委员会	111.852143	40.887512	1	80	97	UNKNOWN
150121100012	人民北路居委会	111.168529	40.729191	0	25	70	乡镇
150121105210	西朝鲁村委会	111.735320	40.545989	0	25	43	乡镇
150124203200	五良太村委会	111.782440	40.050500	0	25	43	乡镇
150123100219	下喇嘛盖村民委员会	111.824190	40.401541	0	25	47	乡镇
150103007002	阿拉善北路社区居委会	111.636869	40.813739	0	30	58	商圈
150125207207	黑沙图村民委员会	111.160040	40.999611	0	25	55	乡镇
150121106200	枳几梁村委会	111.162999	40.729501	0	14	32	区县
150123101234	巴旦沟村民委员会	111.897580	40.619040	0	25	55	乡镇
150124200210	栜木沟村委会	111.439920	39.817069	0	25	55	村庄
150125100201	福如东村民委员会	111.452594	41.095302	0	25	47	乡镇
150121101204	官保村委会	111.356283	40.796664	0	16	38	乡镇
150124103202	狮子梁村委会	111.647000	39.920601	0	14	29	区县
150121102214	南董家营村委会	111.162999	40.729501	0	14	37	区县
150121100229	缸房村委会	111.094710	40.693900	0	30	72	村庄
150105008212	东把栅村民委员会	111.815160	40.804650	0	30	72	UNKNOWN
150124100212	水门村委会	111.570000	39.879330	0	30	72	村庄
150102004001	东库街社区居委会	111.692727	40.823697	1	80	95	政府机构
150121106257	一前晌村委会	111.162999	40.729501	0	14	32	区县
150105101214	后乃莫板村民委员会	112.035936	40.878624	0	16	38	乡镇
150125200203	干只汗村民委员会	111.442200	41.004479	0	25	55	乡镇
150102007007	如意社区居委会	111.730495	40.838073	1	80	97	政府机构
150121101212	马王庙村委会	111.356283	40.796664	0	16	65	乡镇
150122102221	乃同营村民委员会	111.252890	40.451809	0	30	72	村庄
150125213205	榆树店村民委员会	110.836785	40.950286	0	16	47	乡镇
150121106241	什尼板申村委会	111.162999	40.729501	0	14	29	区县
150124100204	贺家山村委会	111.633096	39.989977	1	80	100	政府机构
150105008204	讨号板村民委员会	111.753460	40.817253	0	30	72	UNKNOWN
150121102202	五里桥村委会	111.096680	40.533311	0	25	70	乡镇
150104008240	贾家营村委会	111.685450	40.712586	1	80	100	政府机构
150105101202	东干丈村民委员会	112.069552	40.937901	1	80	97	UNKNOWN
150121105206	一间房村委会	111.735320	40.545989	0	25	70	乡镇
150121100004	中山路西居委会	111.125740	40.726440	0	30	58	道路
150102101209	面铺窑村委会	111.869311	41.005686	0	16	38	乡镇
150122104208	北崞县营村民委员会	111.352360	40.526071	0	25	43	乡镇
150124200206	塔尔梁村委会	111.439920	39.817069	0	25	43	村庄
150123101222	一家村村民委员会	111.888690	40.588031	0	30	72	村庄
150121106216	大庞家营村委会	111.162999	40.729501	0	14	37	区县
150125214201	耗赖山村民委员会	111.549797	41.306296	0	25	55	乡镇
150125211214	黑浪壕村民委员会	110.723840	41.364060	0	25	55	乡镇
150103001011	医学院社区居委会	111.655090	40.822778	0	50	82	UNKNOWN
150121103203	达尔架大东营村委会	111.563062	40.778588	1	70	88	UNKNOWN
150123208241	巧什营村民委员会	111.822000	40.378601	0	12	34	区县
150124101205	解放村委会	111.553710	40.000109	0	30	72	村庄
150121207215	圪什贵村委会	111.344288	40.626574	0	16	38	乡镇
150105103213	五犋窑村民委员会	111.985350	40.741259	0	25	55	乡镇
150121100213	兰灿村委会	111.168529	40.729191	0	25	47	乡镇
150105104217	班定营村民委员会	111.759360	40.746351	0	25	55	乡镇
150104007208	东源村委会	111.650707	40.782526	0	30	58	UNKNOWN
150122104224	南崞县营村民委员会	111.442390	40.428889	0	30	72	村庄
150104100210	东甲兰村委会	111.623250	40.765189	0	25	43	乡镇
150105008013	万正尚都社区居委会	111.748995	40.820744	0	50	82	地产小区
150124201207	三黄水村委会	111.844130	39.657100	0	25	55	村庄
150125102206	巨宝庄村民委员会	111.126730	41.189519	0	30	72	村庄
150121104207	白庙子村委会	111.566903	40.671940	0	30	72	村庄
150123205218	三道营村民委员会	111.762210	40.179281	0	25	55	乡镇
150125205216	麻迷图村民委员会	111.189171	41.177359	0	30	72	UNKNOWN
150123102208	前石门村民委员会	112.139508	40.232699	0	16	47	乡镇
150124201211	老牛坡村委会	111.844130	39.657100	0	25	70	村庄
150102001014	气象局东巷社区居委会	111.667040	40.841739	1	80	95	政府机构
150105008005	徐家沙梁社区居委会	111.735653	40.819156	0	30	72	UNKNOWN
150104100206	沙良子村委会	111.623250	40.765189	0	25	47	乡镇
150124202201	韮菜庄村委会	111.647000	39.920601	0	14	32	区县
150123101218	恼木七太村民委员会	111.897580	40.619040	0	25	70	乡镇
150121104211	刘王庄村委会	111.515780	40.672391	0	30	72	村庄
150104006008	牧科院社区居委会	111.581200	40.786632	0	50	82	道路
150122100226	皮条沟村民委员会	111.188585	40.249472	1	80	95	地产小区
150125100016	滨河社区居民委员会	111.452594	41.095302	0	25	47	乡镇
150125211202	蔺家圪卜村民委员会	110.723840	41.364060	0	25	55	乡镇
150121207203	西南什轴村委会	111.344288	40.626574	0	16	33	乡镇
150121103215	阳高村委会	111.162999	40.729501	0	14	46	区县
150121101228	老道沟村委会	111.356283	40.796664	0	16	65	乡镇
150103002017	贝尔路社区居委会	111.667181	40.816419	0	50	82	道路
150105103205	西五十家村民委员会	112.073417	40.746302	1	80	97	UNKNOWN
150123400502	三农场	111.796392	40.495125	0	18	66	工业园区
150121104246	东华营村委会	111.556671	40.669659	0	25	43	乡镇
150124102203	榆树湾村委会	111.456740	40.088324	0	16	65	乡镇
150121100205	西沟门村委会	111.120920	40.738429	1	80	100	政府机构
150122102210	三间房村民委员会	111.189835	40.442945	0	16	47	乡镇
150125211209	讨号图村民委员会	110.723840	41.364060	0	25	70	乡镇
150105007206	郭家营村民委员会	111.881533	40.877344	0	18	40	乡镇
150105002004	农大社区居委会	111.703159	40.808277	1	80	97	UNKNOWN
150121207208	新营子村委会	111.352647	40.643118	1	80	100	政府机构
150121101223	鸟尔素村委会	111.356283	40.796664	0	16	38	乡镇
150122101200	镇村民委员会	111.375991	40.247939	0	25	70	地产小区
150104005013	恒昌社区居委会	111.655920	40.798271	0	40	59	道路
150123100005	学府社区居民委员会	111.824190	40.401541	0	25	47	乡镇
150123400509	上土城村民委员会	111.796392	40.495125	0	18	49	工业园区
150124102208	落四坪村委会	111.456740	40.088324	0	16	47	乡镇
150105006010	双树街社区居委会	111.698279	40.803881	0	30	51	道路
150123102203	榆林城村民委员会	112.139508	40.232699	0	16	47	乡镇
150104004205	碱滩村委会	111.669910	40.798903	0	40	65	道路
150123101213	公喇嘛村民委员会	111.897580	40.619040	0	25	47	乡镇
150121106227	忻州营村委会	111.162999	40.729501	0	14	32	区县
150123205205	向阳沟村民委员会	111.763590	40.216421	0	30	72	村庄
150104007203	范家营村委会	111.639201	40.766910	1	80	100	政府机构
150102001009	内蒙古工业大学社区居委会	111.683800	40.847329	0	50	82	UNKNOWN
150123206203	泥合子村民委员会	111.996790	40.130461	0	25	70	乡镇
150121105221	小什拉乌素村委会	111.768449	40.615231	0	30	72	村庄
150105008018	怡水园社区居委会	111.777774	40.812996	0	60	87	地产小区
150105006006	水东社区居委会	111.698279	40.803881	0	30	51	道路
150123102215	新丰村民委员会	112.190650	40.217801	0	30	72	村庄
150123205213	榆树梁村民委员会	111.762210	40.179281	0	25	55	乡镇
150121106231	野场村委会	111.162999	40.729501	0	14	46	区县
150105005016	万达社区居委会	111.728880	40.818963	1	80	97	政府机构
150103003027	沿河社区居委会	111.644420	40.824271	1	80	97	政府机构
150122102206	左家营村民委员会	111.189835	40.442945	0	16	47	乡镇
150121103208	大瓦窑圪沁村委会	111.496530	40.781219	0	30	58	UNKNOWN
150121101235	小里堡村委会	111.352769	40.703771	1	80	100	政府机构
150105007210	圪老板村民委员会	111.881533	40.877344	0	18	40	乡镇
150105103218	赛音不浪村民委员会	111.985350	40.741259	0	25	55	乡镇
150122101216	东荒地窑村民委员会	111.375991	40.247939	0	25	55	地产小区
150121102225	周家明村委会	111.096680	40.533311	0	25	47	乡镇
150121100218	宿尼板村委会	111.174458	40.722900	1	80	100	政府机构
150102008013	成吉思汗北苑社区	111.704299	40.878382	1	80	94	政府机构
150103100210	元山子村委会	111.587420	40.860601	1	75	92	UNKNOWN
150105001002	地北社区居委会	111.679381	40.807419	0	30	47	道路
150123100204	陶家夭村民委员会	111.824190	40.401541	0	25	55	乡镇
150102008204	上新营村委会	111.704299	40.878382	1	80	95	政府机构
150103100007	什拉门更社区居民委员会	111.630948	40.823888	0	30	58	UNKNOWN
150122104203	东湾村民委员会	111.292570	40.556191	0	30	72	村庄
150122101001	新营子镇社区居民委员会	111.375991	40.247939	0	25	55	地产小区
150102101202	保合少村委会	111.665000	40.858199	0	16	33	区县
150105104230	羊盖板村民委员会	111.759360	40.746351	0	25	70	乡镇
150123101229	李家口口村民委员会	111.897580	40.619040	0	25	55	乡镇
150105400006	滨河社区居委会	111.770248	40.707091	0	18	66	乡镇
150172406498	白塔空港物流园区虚拟社区	111.812570	40.869500	1	80	67	工业园区
150121104220	四得堡村委会	111.556671	40.669659	0	25	43	乡镇
150123207202	窝铺村民委员会	112.104690	40.346950	0	30	72	UNKNOWN
150104006202	前八里庄村委会	111.581200	40.786632	0	50	73	道路
150121207232	店上村委会	111.421800	40.621610	0	30	72	村庄
150121101219	一间房村委会	111.356283	40.796664	0	16	65	乡镇
150122100217	中滩村民委员会	111.231500	40.270941	0	25	55	乡镇
150104004004	三里营东社区居委会	111.660856	40.788803	0	50	82	UNKNOWN
150121102209	南兵州亥村委会	111.400485	40.741805	1	80	100	政府机构
150121100234	那什图村委会	111.168529	40.729191	0	25	43	乡镇
150121208201	乃莫板村委会	111.253240	40.550379	0	30	58	UNKNOWN
150123203216	东营子村民委员会	111.578670	40.357231	0	30	72	村庄
150104007014	温都日乐社区居委会	111.650707	40.782526	0	30	51	UNKNOWN
150122103207	西荒地窑村民委员会	111.321960	40.356669	0	25	55	乡镇
150105101209	口可板村民委员会	112.035936	40.878624	0	16	65	乡镇
150124103209	中咀梁村委会	111.647000	39.920601	0	14	29	区县
150121207224	三两村委会	111.389585	40.585925	0	40	65	UNKNOWN
150122100201	前街村民委员会	111.175210	40.275810	0	30	72	村庄
150124100219	孔读林村委会	111.683080	39.925810	0	25	47	乡镇
150121208217	城留村委会	111.253540	40.572129	0	25	47	乡镇
150123203200	舍必崖村民委员会	111.632050	40.422000	0	25	55	乡镇
150121100222	西柜村委会	111.168529	40.729191	0	25	70	乡镇
150105008219	小厂库伦村民委员会	111.701999	40.792201	0	14	27	区县
150105003005	瑞光社区居委会	111.715594	40.824191	1	80	97	政府机构
150104007002	芦花园社区居委会	111.650707	40.782526	0	30	51	UNKNOWN
150122103211	哈达兔壕村民委员会	111.321960	40.356669	0	25	55	乡镇
150104002200	南茶坊村委会	111.658262	40.791831	1	80	95	餐饮
150104100221	田家营村委会	111.623250	40.765189	0	25	70	乡镇
150105008022	正泰社区居委会	111.701999	40.792201	0	14	29	区县
150102008212	塔利村委会	111.704299	40.878382	1	80	97	政府机构
150123100212	哈达少村民委员会	111.824190	40.401541	0	25	55	乡镇
150105104226	东黑炭村民委员会	111.759360	40.746351	0	25	55	乡镇
150122104215	西云寿村民委员会	111.352360	40.526071	0	25	55	乡镇
150121104236	大图利村委会	111.556671	40.669659	0	25	43	乡镇
150103004019	工农兵路社区居委会	111.641809	40.836681	1	80	97	政府机构
150105103202	石人湾村民委员会	111.985350	40.741259	0	25	55	乡镇
150124102204	樊山沟村委会	111.427200	40.066160	0	30	58	村庄
150123203220	挠尔板申村民委员会	111.778770	40.245560	0	30	72	UNKNOWN
150121100202	友好村委会	111.136105	40.714278	0	30	72	村庄
150121104241	旧圪力圪太村委会	111.556671	40.669659	0	25	47	乡镇
150123400505	克略村	111.796392	40.495125	0	18	100	工业园区
150123100009	和托路社区居民委员会	111.808791	40.378579	0	50	73	道路
150105001018	仕奇社区居委会	111.683115	40.798878	1	80	97	购物
150104008011	万锦社区居委会	111.668900	40.764399	0	25	47	道路
150125211205	花西村民委员会	110.723840	41.364060	0	25	55	乡镇
150122100221	什四份村民委员会	111.231500	40.270941	0	25	55	乡镇
150121103212	讨尔号大东营村委会	111.563062	40.778588	1	70	88	UNKNOWN
150121207204	沙梁子村委会	111.344288	40.626574	0	16	65	乡镇
150105002008	群英社区居委会	111.703159	40.808277	1	80	97	UNKNOWN
150123205209	王家二十号村民委员会	111.720486	40.096117	1	80	97	UNKNOWN
150102002003	三角线社区居委会	111.670331	40.817689	0	50	68	道路
150121104216	赵庄村委会	111.464159	40.662141	0	30	72	村庄
150124202206	十七沟村委会	111.908063	39.871701	0	16	38	乡镇
150103005014	县府街社区居委会	111.650440	40.811871	1	80	97	政府机构
150125101207	德胜营村民委员会	111.684008	41.214555	0	25	55	乡镇
150105104206	棚松营村民委员会	111.759360	40.746351	0	25	70	乡镇
150125205211	陆合营村民委员会	111.308500	41.186449	0	25	70	乡镇
150104100201	西二道河村委会	111.602839	40.762211	1	90	100	政府机构
150105008002	西古楼社区居委会	111.701999	40.792201	0	14	29	区县
150105004021	金宇文苑社区居民委员会	111.702037	40.817230	1	80	95	政府机构
150125102201	西乌兰不浪村民委员会	110.971720	41.113330	0	25	55	乡镇
150124202210	双井子村委会	111.908063	39.871701	0	16	65	乡镇
150123101209	古力半忽洞村民委员会	111.897580	40.619040	0	25	55	乡镇
150121104200	瓦房院村委会	111.556671	40.669659	0	25	70	乡镇
150122104223	西黑沙图村民委员会	111.352360	40.526071	0	25	55	乡镇
150125205207	蒙独脑包村民委员会	111.264420	41.124389	1	80	100	政府机构
150105104210	天平营村民委员会	111.745930	40.724030	0	60	87	UNKNOWN
150104100217	南营子村委会	111.623250	40.765189	0	25	70	乡镇
150105103214	老丈窑村民委员会	111.985350	40.741259	0	25	70	乡镇
150121100214	倘不浪村委会	111.219030	40.658941	0	30	72	村庄
150125211213	白彦花村民委员会	110.713570	41.190759	0	30	72	UNKNOWN
150104008007	南八里社区居委会	111.668900	40.764399	0	25	47	道路
150125100007	新西街社区居民委员会	111.452594	41.095302	0	25	47	乡镇
150103001016	战备路社区居委会	111.655681	40.823946	1	80	100	政府机构
150121207212	刘家营村委会	111.360582	40.679334	1	80	100	政府机构
150123208246	一间房村民委员会	112.110270	40.147950	0	30	72	村庄
150121101239	下十里坡村委会	111.356283	40.796664	0	16	47	乡镇
150121103204	达尔架小东营村委会	111.552433	40.777962	1	80	100	政府机构
150124101202	范四窑村委会	111.627090	40.071990	0	25	47	乡镇
150121106211	吴朋圪堆村委会	111.162999	40.729501	0	14	32	区县
150124200201	侯家圪洞村委会	111.439920	39.817069	0	25	47	村庄
150125214206	大沙窝村民委员会	111.549797	41.306296	0	25	55	乡镇
150121100003	西园东居委会	111.168529	40.729191	0	25	55	乡镇
150121105201	公布板村委会	111.735320	40.545989	0	25	43	乡镇
150121101242	店上村委会	111.326860	40.827079	0	30	72	村庄
150102008208	哈拉更村委会	111.704299	40.878382	1	80	93	政府机构
150123100208	九龙湾村民委员会	111.824190	40.401541	0	25	55	乡镇
150124100203	祁家沟村委会	111.683080	39.925810	0	25	70	乡镇
150121100238	恼木汗村委会	111.168529	40.729191	0	25	47	乡镇
150121102205	善岱村委会	111.096680	40.533311	0	25	47	乡镇
150121106246	图舍图村委会	111.162999	40.729501	0	14	32	区县
150105101205	三道沟村民委员会	112.035936	40.878624	0	16	47	乡镇
150121101215	南园子村委会	111.356283	40.796664	0	16	65	乡镇
150125213202	公忽洞村民委员会	110.934020	41.057071	0	30	72	村庄
150104004008	富丽社区居委会	111.638598	40.815154	0	60	87	地产小区
150105003009	草原研究所社区居委会	111.711988	40.822796	1	80	97	教育
150121106250	小万家沟村委会	111.162999	40.729501	0	14	46	区县
150105008215	六犋牛村民委员会	111.701999	40.792201	0	14	29	区县
150121102213	朝号村委会	111.096680	40.533311	0	25	43	乡镇
150124100215	杨家窑村委会	111.683080	39.925810	0	25	70	乡镇
150122101220	塔布峁村民委员会	111.375991	40.247939	0	25	55	地产小区
150125200204	大兴有村民委员会	111.514020	41.045311	0	30	72	UNKNOWN
150105101213	红吉村民委员会	112.035936	40.878624	0	16	47	乡镇
150121207228	侯家营村委会	111.344288	40.626574	0	16	65	乡镇
150121101203	曲房村委会	111.356283	40.796664	0	16	38	乡镇
150124103205	大岔梁村委会	111.587340	39.663241	1	80	95	UNKNOWN
150105005020	民航社区居委会	111.728880	40.818963	1	80	97	政府机构
150123101233	西沟门村民委员会	111.897580	40.619040	0	25	55	乡镇
150121106207	白银厂汉村委会	111.162999	40.729501	0	14	37	区县
150125214210	大豆铺村民委员会	111.549797	41.306296	0	25	55	乡镇
150125100206	大兴昌村民委员会	111.452594	41.095302	0	25	55	乡镇
150124203207	三十一号村委会	111.782440	40.050500	0	25	70	乡镇
150121105217	大阿哥村委会	111.735320	40.545989	0	25	47	乡镇
150102003002	迎宾南路社区居委会	111.671110	40.819497	1	80	97	政府机构
150122104219	缸房沟村民委员会	111.352360	40.526071	0	25	55	乡镇
150103007005	特弘社区居委会	111.636869	40.813739	0	30	72	商圈
150124203206	喇嘛庙村委会	111.782440	40.050500	0	25	70	乡镇
150121105216	小阿哥村委会	111.735320	40.545989	0	25	47	乡镇
150102003003	中山社区居委会	111.671110	40.819497	1	80	97	政府机构
150125207201	前窑子村民委员会	111.160040	40.999611	0	25	55	乡镇
150122104218	南的力图村民委员会	111.352360	40.526071	0	25	47	乡镇
150103007004	新华圆社区居委会	111.636869	40.813739	0	30	51	商圈
150123101232	郭家滩村民委员会	111.897580	40.619040	0	25	55	乡镇
150121106206	大崞县村委会	111.162999	40.729501	0	14	32	区县
150125100207	乌兰忽洞村民委员会	111.452594	41.095302	0	25	55	乡镇
150103004014	部队社区居委会	111.641809	40.836681	1	80	97	政府机构
150121207229	南小营村委会	111.409770	40.579881	0	30	72	村庄
150121101202	流水村委会	111.293429	40.734151	0	30	72	村庄
150124103204	石胡梁村委会	111.706269	39.960461	0	30	58	UNKNOWN
150105003008	武警社区居委会	111.702719	40.828296	1	80	100	政府机构
150121106251	白只户村委会	111.247654	40.613408	1	80	95	UNKNOWN
150121102212	沙梁村委会	111.055370	40.581021	0	30	72	村庄
150124100214	大湾村委会	111.766640	39.961131	0	30	72	村庄
150102004007	老缸房街社区居委会	111.692727	40.823697	1	80	97	政府机构
150125200205	五道沟村民委员会	111.585640	40.984551	0	30	72	村庄
150122101221	胡忽浪营村民委员会	111.375991	40.247939	0	25	70	地产小区
150105101212	前尔什村民委员会	112.030811	40.815500	1	80	97	UNKNOWN
150121101214	白庙村委会	111.294029	40.734141	0	30	72	村庄
150125213203	庙渠子村民委员会	110.836785	40.950286	0	16	47	乡镇
150124100202	南沟村委会	111.694880	39.904911	0	30	72	村庄
150121102204	保同河村委会	111.162999	40.729501	0	14	46	区县
150121100239	万家沟村委会	111.168529	40.729191	0	25	70	乡镇
150105008202	黑兰不塔村民委员会	111.731360	40.835519	0	25	70	村庄
150121106247	忽日格气村委会	111.162999	40.729501	0	14	27	区县
150105101204	陶卜齐村民委员会	112.088759	40.894430	1	80	97	政府机构
150121100002	西园西居委会	111.168529	40.729191	0	25	55	乡镇
150121105200	沙尔沁村委会	111.739104	40.557605	0	40	65	UNKNOWN
150121101243	彭顺营村委会	111.356283	40.796664	0	16	38	乡镇
150102008209	乌兰不浪村委会	111.704299	40.878382	1	80	97	政府机构
150123100209	新营子村民委员会	111.938390	40.409951	0	30	72	村庄
150105103002	红峡社区居委会	111.985350	40.741259	0	25	55	乡镇
150121106210	小八犋牛营村委会	111.162999	40.729501	0	14	32	区县
150124200200	窑沟村委会	111.422282	39.823433	1	80	100	政府机构
150123101224	郭宝营村民委员会	111.897580	40.619040	0	25	55	乡镇
150125214207	黄羊渠村民委员会	111.549797	41.306296	0	25	55	乡镇
150104008006	五里营社区居委会	111.668900	40.764399	0	25	55	道路
150125211212	姚家村村民委员会	110.755860	41.299890	0	30	72	村庄
150125100006	新东街社区居民委员会	111.452594	41.095302	0	25	47	乡镇
150121207213	点尔素村委会	111.344288	40.626574	0	16	38	乡镇
150121103205	达尔架大西营村委会	111.548370	40.772309	0	30	72	村庄
150121101238	上十里坡村委会	111.356283	40.796664	0	16	47	乡镇
150123208247	圪报村民委员会	111.822000	40.378601	0	12	44	区县
150124101203	高茂泉窑村委会	111.627090	40.071990	0	25	41	乡镇
150105103215	西黄合少村民委员会	112.010293	40.693716	1	80	97	UNKNOWN
150123400512	西窑子村民委员会	111.796392	40.495125	0	18	49	工业园区
150121100215	讨合气村委会	111.168529	40.729191	0	25	47	乡镇
150121208220	巴独户村委会	111.253540	40.572129	0	25	43	乡镇
150125205206	三间房村民委员会	111.308500	41.186449	0	25	55	乡镇
150122104222	满水井村民委员会	111.352360	40.526071	0	25	55	乡镇
150105104211	格尔图村民委员会	111.764272	40.746764	0	60	87	UNKNOWN
150124201201	阳湾子村委会	111.718091	39.759064	1	80	100	政府机构
150105008015	新华联雅园社区居委会	111.755443	40.808703	0	50	82	地产小区
150123101208	前公喇嘛村民委员会	111.897580	40.619040	0	25	43	乡镇
150124202211	盆地青村委会	111.908063	39.871701	0	16	33	乡镇
150121104201	碾房村委会	111.556671	40.669659	0	25	70	乡镇
150125101206	厂汉脑包村民委员会	111.684008	41.214555	0	25	47	乡镇
150105104207	舍必崖村民委员会	111.759360	40.746351	0	25	55	乡镇
150125205210	三道河村民委员会	111.308500	41.186449	0	25	55	乡镇
150124100003	永安居委会	111.683080	39.925810	0	25	70	乡镇
150102001012	长海社区居委会	111.667040	40.841739	1	80	97	政府机构
150105008003	什兰岱社区居委会	111.801880	40.841249	0	50	82	UNKNOWN
150104100200	东二道河村委会	111.623250	40.765189	0	25	43	乡镇
150103006005	友谊巷社区居委会	111.657650	40.812620	1	80	97	政府机构
150102002002	车站东街社区居委会	111.670331	40.817689	0	50	68	道路
150123205208	樊家十五号村民委员会	111.703692	40.141774	1	80	72	村庄
150121104217	张庄村委会	111.455020	40.658331	0	30	72	村庄
150124202207	榆树庄村委会	111.908063	39.871701	0	16	65	乡镇
150125211204	纳令河村民委员会	110.723840	41.364060	0	25	55	乡镇
150104008010	恒盛社区居委会	111.668900	40.764399	0	25	47	道路
150122100220	碾子湾村民委员会	111.231500	40.270941	0	25	55	乡镇
150102005006	星火巷社区居委会	111.682020	40.826199	1	80	97	政府机构
150121103213	西甲兰村委会	111.162999	40.729501	0	14	29	区县
150121207205	波林岱村委会	111.342920	40.616891	0	30	72	村庄
150105002009	学府花园社区居委会	111.703159	40.808277	1	80	97	UNKNOWN
150105103203	后夭子村民委员会	111.985350	40.741259	0	25	55	乡镇
150123203221	栽生沟村民委员会	111.632050	40.422000	0	25	47	乡镇
150102006016	祥园社区居委会	111.715517	40.837782	0	30	47	道路
150124102205	杨西梁村委会	111.436141	40.078509	0	30	58	UNKNOWN
150121100203	太平村委会	111.157153	40.725585	1	80	100	政府机构
150123400504	五农场	111.796392	40.495125	0	18	66	工业园区
150121104240	新圪力圪太村委会	111.556671	40.669659	0	25	47	乡镇
150102008008	府兴社区居委会	111.704299	40.878382	1	80	97	政府机构
150123100008	广场社区居民委员会	111.824190	40.401541	0	25	47	乡镇
150105001019	兴康社区居委会	111.679381	40.807419	0	30	47	道路
150121104237	古尔丹巴村委会	111.601974	40.636224	1	80	100	政府机构
150104006215	西瓦窑村委会	111.581200	40.786632	0	50	65	道路
150102008213	生盖营村委会	111.704299	40.878382	1	80	94	政府机构
150103100010	青山社区居民委员会	111.594690	40.833660	0	25	47	乡镇
150123100213	东沟子村民委员会	111.881819	40.384961	0	30	72	村庄
150105104227	西黑炭村民委员会	111.759360	40.746351	0	25	55	乡镇
150122104214	北台基村民委员会	111.352360	40.526071	0	25	47	乡镇
150121208216	锁号村委会	111.253540	40.572129	0	25	47	乡镇
150123203201	兰家窑村民委员会	111.632050	40.422000	0	25	55	乡镇
150124100218	西山沟村委会	111.683080	39.925810	0	25	70	乡镇
150121100223	红房子村委会	111.168529	40.729191	0	25	70	乡镇
150105008218	八拜村民委员会	111.803326	40.751650	0	75	95	UNKNOWN
150105003004	军区第三干休所社区居委会	111.715594	40.824191	1	80	94	政府机构
150105103223	黑沙图村民委员会	111.985350	40.741259	0	25	55	乡镇
150122103210	毡匠营村民委员会	111.321960	40.356669	0	25	55	乡镇
150124103208	徐家梁村委会	111.647000	39.920601	0	14	29	区县
150121207225	忻州营村委会	111.344288	40.626574	0	16	38	乡镇
150122100200	南街村民委员会	111.231500	40.270941	0	25	55	乡镇
150121100235	万庆村委会	111.168529	40.729191	0	25	70	乡镇
150121102208	安民村委会	111.148290	40.542390	0	30	72	村庄
150121208200	塔布赛村委会	111.253540	40.572129	0	25	47	乡镇
150123203217	西营子村民委员会	111.543220	40.356380	0	30	72	村庄
150122103206	刘家窑村民委员会	111.227980	40.380221	0	30	72	村庄
150104007015	怡景翠华林社区居委会	111.650707	40.782526	0	30	47	UNKNOWN
150105101208	潮岱村民委员会	112.050468	40.870033	1	80	97	UNKNOWN
150121207233	前朱堡村委会	111.344288	40.626574	0	16	33	乡镇
150121101218	北店村委会	111.356283	40.796664	0	16	65	乡镇
150104004005	五里营社区居委会	111.669910	40.798903	0	40	65	道路
150122100216	郝家窑村民委员会	111.231500	40.270941	0	25	55	乡镇
150123101228	哈拉沁村民委员会	111.897580	40.619040	0	25	55	乡镇
150121104221	三贤庄村委会	111.556671	40.669659	0	25	70	乡镇
150123207203	水磨村民委员会	112.065969	40.444671	0	30	72	村庄
150104006203	后八里庄村委会	111.581200	40.786632	0	50	73	道路
150105004016	望兴园社区居委会	111.702037	40.817230	1	80	97	政府机构
150123100205	郭家夭村民委员会	111.824190	40.401541	0	25	55	乡镇
150103100006	塔布板社区居民委员会	111.641289	40.849331	0	30	58	村庄
150102008205	下新营村委会	111.704299	40.878382	1	80	97	政府机构
150104100236	密密板村委会	111.623250	40.765189	0	25	43	乡镇
150122104202	南园子村民委员会	111.352360	40.526071	0	25	55	乡镇
150102101203	庄子村委会	111.869311	41.005686	0	16	65	乡镇
150105104231	什不斜气村民委员会	111.759360	40.746351	0	25	70	乡镇
150105103219	苏计村民委员会	111.985350	40.741259	0	25	55	乡镇
150122101217	燕山营村民委员会	111.425635	40.215626	1	80	97	UNKNOWN
150121100219	把什村委会	111.168529	40.729191	0	25	47	乡镇
150121102224	十二犋牛村委会	111.096680	40.533311	0	25	47	乡镇
150102008012	苏雅拉社区	111.704299	40.878382	1	80	95	政府机构
150122102207	两间房村民委员会	111.189835	40.442945	0	16	47	乡镇
150121101234	大里堡村委会	111.356283	40.796664	0	16	38	乡镇
150121103209	霍寨村委会	111.162999	40.729501	0	14	46	区县
150105007211	添密湾村民委员会	111.881533	40.877344	0	18	40	乡镇
150103004022	附件厂社区居委会	111.641809	40.836681	1	80	97	政府机构
150122100001	东胜社区居民委员会	111.182280	40.272760	1	80	95	政府机构
150123205212	新红村民委员会	111.797040	40.129779	0	30	72	村庄
150121106230	七股地村委会	111.162999	40.729501	0	14	32	区县
150105005017	展东路社区居委会	111.728880	40.818963	1	80	97	政府机构
150123101204	台几营村民委员会	111.897580	40.619040	0	25	70	乡镇
150123206202	圪洞坪村民委员会	111.996790	40.130461	0	25	55	乡镇
150102001008	体校巷社区居委会	111.705301	40.843956	0	25	43	道路
150121105220	西什拉乌素村委会	111.739621	40.624189	0	30	72	村庄
150105008019	锦泰榕城社区居委会	111.701999	40.792201	0	14	27	区县
150123102214	一间房村民委员会	112.110270	40.147950	0	30	72	村庄
150105006007	桥靠社区居委会	111.720810	40.811680	1	80	100	政府机构
150104001006	建华南街社区居委会	111.660571	40.798600	0	50	73	道路
150103006009	三顺店社区居委会	111.655872	40.816967	1	80	100	政府机构
150105005001	展览馆社区居委会	111.720241	40.830569	1	80	100	政府机构
150123101212	姑子板村民委员会	111.875033	40.636073	1	80	97	政府机构
150121106226	高泉营村委会	111.162999	40.729501	0	14	32	区县
150123205204	小缸房村民委员会	111.762210	40.179281	0	25	70	乡镇
150103005019	巴彦淖尔南路社区	111.650440	40.811871	1	80	100	政府机构
150123102202	新店子村民委员会	112.139508	40.232699	0	16	47	乡镇
150105006011	前巧报社区居委会	111.698279	40.803881	0	30	58	道路
150104005012	友谊社区居委会	111.655920	40.798271	0	40	65	道路
150122101201	碱沟子村民委员会	111.375991	40.247939	0	25	55	地产小区
150123100004	益民社区居民委员会	111.827268	40.377878	1	80	100	政府机构
150102008004	铁路小区社区居委会	111.704299	40.878382	1	80	95	政府机构
150123400508	白彦兔村民委员会	111.796392	40.495125	0	18	66	工业园区
150122102211	黑兰土力亥村民委员会	111.189835	40.442945	0	16	47	乡镇
150104006002	巴彦乌素社区居委会	111.581200	40.786632	0	50	68	道路
150125211208	南苏计村民委员会	110.723840	41.364060	0	25	55	乡镇
150103003030	巴彦淖尔北路社区居委会	111.644420	40.824271	1	80	95	政府机构
150105007207	白塔村民委员会	111.901960	40.848500	0	30	72	村庄
150105002005	新建东街社区居委会	111.703159	40.808277	1	80	97	UNKNOWN
150121207209	西红岱村委会	111.344288	40.626574	0	16	33	乡镇
150121101222	杨家堡村委会	111.356283	40.796664	0	16	65	乡镇
150125100208	定相营村民委员会	111.452594	41.095302	0	25	70	乡镇
150121104234	练家营村委会	111.556671	40.669659	0	25	43	乡镇
150121106209	大八犋牛营村委会	111.162999	40.729501	0	14	32	区县
150122104217	东云寿村民委员会	111.352360	40.526071	0	25	55	乡镇
150105104224	小一间房村民委员会	111.759360	40.746351	0	25	55	乡镇
150103100013	小府社区居民委员会	111.594690	40.833660	0	25	47	乡镇
150105004003	农大东社区居委会	111.702037	40.817230	1	80	95	政府机构
150123100210	胜利营村民委员会	111.824190	40.401541	0	25	55	乡镇
150105008020	西兴社区居委会	111.701999	40.792201	0	14	32	区县
150121105219	伍把什村委会	111.735320	40.545989	0	25	47	乡镇
150104100223	新村村委会	111.635926	40.710536	1	80	100	政府机构
150122103213	焦家一间房村民委员会	111.321960	40.356669	0	25	47	乡镇
150172402498	金川区虚拟居委会	102.194001	38.519999	0	12	44	区县
150123203202	兰家房村民委员会	111.632050	40.422000	0	25	55	乡镇
150121208215	章盖台村委会	111.253540	40.572129	0	25	47	乡镇
150102004008	河西社区居委会	111.692727	40.823697	1	80	97	政府机构
150121100220	古城村委会	111.064980	40.727269	0	30	72	村庄
150122100203	前狼窝壕村民委员会	111.231500	40.270941	0	25	55	乡镇
150121207226	西厂克村委会	111.344288	40.626574	0	16	33	乡镇
150122103205	狄士窑村民委员会	111.321960	40.356669	0	25	70	乡镇
150104007016	星河苑社区居委会	111.650707	40.782526	0	30	51	UNKNOWN
150121100236	二十家村委会	111.168529	40.729191	0	25	47	乡镇
150123203214	小甲赖村民委员会	111.632050	40.422000	0	25	55	乡镇
150121208203	黑河村委会	111.253540	40.572129	0	25	70	乡镇
150105003011	高院社区居委会	111.715594	40.824191	1	80	95	政府机构
150121106248	妥妥岱村委会	111.162999	40.729501	0	14	32	区县
150104004006	苁蓉社区居委会	111.676061	40.799609	1	80	100	政府机构
150122100215	霍家圪洞村民委员会	111.231500	40.270941	0	25	70	乡镇
150121207230	北得力图村委会	111.344288	40.626574	0	16	30	乡镇
150125214208	振兴元村民委员会	111.549797	41.306296	0	25	55	乡镇
150121104222	白皮营村委会	111.556671	40.669659	0	25	47	乡镇
150123207200	黑老夭村民委员会	112.093880	40.429999	0	25	70	乡镇
150105400004	阿拉坦社区居委会	111.770248	40.707091	0	18	49	乡镇
150103005020	阿吉拉沁社区	111.650440	40.811871	1	80	95	政府机构
150122104201	北斗林盖村民委员会	111.352360	40.526071	0	25	55	乡镇
150102101200	古路板村委会	111.869311	41.005686	0	16	33	乡镇
150104100235	连家营村委会	111.623250	40.765189	0	25	47	乡镇
150105004015	桃园社区居委会	111.702037	40.817230	1	80	97	政府机构
150123100206	保汉沟村民委员会	111.824190	40.401541	0	25	55	乡镇
150103100005	攸攸板社区居民委员会	111.612023	40.825775	0	30	58	商圈
150102008206	三卜树村委会	111.704299	40.878382	1	80	94	政府机构
150102008011	南苑社区居委会	111.704299	40.878382	1	80	97	政府机构
150121102227	小三和城村委会	111.096680	40.533311	0	25	55	乡镇
150104005007	小西街社区居委会	111.655920	40.798271	0	40	65	道路
150122101214	马士窑村民委员会	111.375991	40.247939	0	25	70	地产小区
150105002010	牧机所社区居委会	111.708036	40.796468	1	80	100	政府机构
150105007212	五路村民委员会	111.881533	40.877344	0	18	66	乡镇
150121101237	沟子板村委会	111.326130	40.689999	0	30	72	村庄
150122102204	崞县营村民委员会	111.194000	40.277399	0	14	46	区县
150103003025	龙翔苑社区居委会	111.640494	40.820354	1	70	92	地产小区
150104008009	沟子板社区居委会	111.668900	40.764399	0	25	47	道路
150105005014	中专路社区居委会	111.737916	40.823252	1	80	100	政府机构
150123101207	段家园村民委员会	111.897580	40.619040	0	25	55	乡镇
150123205211	张家四十一号村民委员会	111.819905	40.111988	1	80	72	村庄
150121106233	三卜树村委会	111.162999	40.729501	0	14	32	区县
150122100002	云中社区居民委员会	111.199870	40.273159	1	80	95	UNKNOWN
150103004021	金海路社区居委会	111.641809	40.836681	1	80	95	政府机构
150105006004	双树社区居委会	111.698279	40.803881	0	30	51	道路
150123206201	三十号村民委员会	111.996790	40.130461	0	25	55	乡镇
150121105223	六犋牛村委会	111.735320	40.545989	0	25	47	乡镇
150104007201	西水磨村委会	111.650707	40.782526	0	30	58	UNKNOWN
150125205209	五家村村民委员会	111.170590	41.132321	0	30	72	村庄
150121104218	三间房村委会	111.556671	40.669659	0	25	70	乡镇
150121106225	饭铺营村委会	111.162999	40.729501	0	14	32	区县
150123205207	郑家叁号村民委员会	111.762210	40.179281	0	25	70	乡镇
150123101211	大林坝村民委员会	111.897580	40.619040	0	25	55	乡镇
150124202208	狮子塔村委会	111.908063	39.871701	0	16	33	乡镇
150122100014	霍家圪洞健康路社区	111.231500	40.270941	0	25	55	乡镇
150104001005	建华北街社区居委会	111.660571	40.798600	0	50	68	道路
150123102201	店湾村民委员会	112.139508	40.232699	0	16	47	乡镇
150105006012	后巧报社区居委会	111.698279	40.803881	0	30	58	道路
150105104208	后白庙村民委员会	111.780300	40.727110	0	30	72	村庄
150105001016	水文社区居委会	111.679381	40.807419	0	30	47	道路
150123100007	棋盘营社区居民委员会	111.824190	40.401541	0	25	43	乡镇
150102008007	三合欣社区居委会	111.704299	40.878382	1	80	95	政府机构
150122101202	东马家圪堵村民委员会	111.404719	40.269700	0	80	97	UNKNOWN
150121101221	和顺店村委会	111.255160	40.698159	0	30	72	村庄
150105007204	腾家营村民委员会	111.881533	40.877344	0	18	40	乡镇
150105002006	兴安南路社区居委会	111.703159	40.808277	1	80	97	UNKNOWN
150122102212	祝乐泌村民委员会	111.194000	40.277399	0	14	46	区县
150105006100	税苑社区居委会	111.698279	40.803881	0	30	47	道路
150105104228	七圪台村民委员会	111.759360	40.746351	0	25	55	乡镇
150125207202	纳令沟村民委员会	111.182830	40.953710	0	30	72	村庄
150121105215	牌楼板村委会	111.735320	40.545989	0	25	55	乡镇
150124203205	厂汉沟村委会	111.782440	40.050500	0	25	47	乡镇
150125100204	天力木图村民委员会	111.452594	41.095302	0	25	47	乡镇
150103004017	赛罕路社区居委会	111.641809	40.836681	1	80	97	政府机构
150121106205	小崞县村委会	111.162999	40.729501	0	14	32	区县
150121104238	小图利村委会	111.556671	40.669659	0	25	47	乡镇
150123101231	新营子村民委员会	111.938390	40.409951	0	30	72	村庄
150121101201	解放村委会	111.293429	40.734151	0	30	72	村庄
150124103207	三台子村委会	111.647000	39.920601	0	14	37	区县
150105101211	红旗村民委员会	112.012850	40.814691	0	30	72	村庄
150125200206	坝顶村民委员会	111.442200	41.004479	0	25	55	乡镇
150122101222	西大圐圙村民委员会	111.375991	40.247939	0	25	47	地产小区
150105008217	前三富村民委员会	111.701999	40.792201	0	14	29	区县
150121102211	后善岱村委会	111.096680	40.533311	0	25	43	乡镇
150124100217	石湾子村委会	111.894738	39.977551	0	30	72	村庄
150121208219	苏卜盖村委会	111.253540	40.572129	0	25	47	乡镇
150121106252	哈素村委会	111.030210	40.602030	0	30	72	村庄
150122100219	把栅村民委员会	111.231500	40.270941	0	25	55	乡镇
150102007002	展北社区居委会	111.730495	40.838073	1	80	95	政府机构
150124103211	小阳塔村委会	111.647000	39.920601	0	14	27	区县
150121101217	大古城村委会	111.356283	40.796664	0	16	65	乡镇
150122103209	新河村民委员会	111.187260	40.349369	0	30	72	村庄
150105101207	河南村民委员会	112.060000	40.860191	0	30	72	村庄
150121106244	新营子村委会	111.352647	40.643118	1	80	100	政府机构
150105001020	电力家园社区居委会	111.685715	40.797409	0	50	82	地产小区
150123203218	柴六营村民委员会	111.507520	40.344550	0	30	72	村庄
150124100201	神池夭村委会	111.683080	39.925810	0	25	43	乡镇
150121102207	里素村委会	111.162999	40.729501	0	14	29	区县
150104100002	鑫盛社区居委会	111.623250	40.765189	0	25	55	乡镇
150105103001	红岗社区居委会	111.985350	40.741259	0	25	70	乡镇
150121101240	五里坡村委会	111.356283	40.796664	0	16	65	乡镇
150103100009	孔家营社区居民委员会	111.617190	40.803399	0	50	73	UNKNOWN
150121100001	大众路居委会	111.118660	40.718650	0	50	82	道路
150121105203	小西平村委会	111.735320	40.545989	0	25	70	乡镇
150125214204	圪顶盖村民委员会	111.549797	41.306296	0	25	70	乡镇
150124200203	柳青村委会	111.439920	39.817069	0	25	47	村庄
150123101227	北倒垃板村民委员会	111.897580	40.619040	0	25	55	乡镇
150121106213	北圪堆村委会	111.162999	40.729501	0	14	32	区县
150121103206	栽生村委会	111.485535	40.749204	1	75	100	政府机构
150123208244	猛独牧村民委员会	111.822000	40.378601	0	12	44	区县
150124101200	园子湾村委会	111.627090	40.071990	0	25	70	乡镇
150121207210	东红岱村委会	111.344288	40.626574	0	16	33	乡镇
150104008005	天骄社区居委会	111.668900	40.764399	0	25	47	道路
150125211211	黑沙图村民委员会	110.870909	41.281281	0	30	72	UNKNOWN
150103003029	富丽社区居委会	111.644420	40.824271	1	80	95	政府机构
150103001014	四合兴社区居委会	111.649877	40.816542	0	40	59	道路
150122102208	乃只盖村民委员会	111.194000	40.277399	0	14	46	区县
150121100216	山盖村委会	111.168529	40.729191	0	25	47	乡镇
150102006003	东影北街社区居委会	111.707380	40.834031	1	80	97	政府机构
150123400511	公布营村民委员会	111.796392	40.495125	0	18	49	工业园区
150105103216	东黄合少村民委员会	111.701999	40.792201	0	14	32	区县
150122101218	石匠营村民委员会	111.375991	40.247939	0	25	55	地产小区
150105008016	香格里社区居委会	111.765272	40.811725	0	50	82	地产小区
150102001007	哲里木路社区居委会	111.667040	40.841739	1	80	97	政府机构
150124201202	长沟门村委会	111.844130	39.657100	0	25	70	村庄
150105006008	大台社区居委会	111.698279	40.803881	0	30	47	道路
150105104212	章盖营村民委员会	111.798621	40.677799	1	80	100	政府机构
150125101213	卜圪素村民委员会	111.684008	41.214555	0	25	70	乡镇
150125205205	马王庙村民委员会	111.322160	41.197309	0	30	72	村庄
150122104221	什力圪图村民委员会	111.482137	40.490037	1	80	97	UNKNOWN
150121104202	什不更村委会	111.556671	40.669659	0	25	47	乡镇
150105005018	竹园社区居委会	111.728880	40.818963	1	80	97	政府机构
150124202212	三岔河村委会	111.908063	39.871701	0	16	65	乡镇
150103006010	义和巷居委会	111.657650	40.812620	1	80	97	政府机构
150125102203	什拉图村民委员会	110.971720	41.113330	0	25	47	乡镇
150124201214	丈房湾村委会	111.844130	39.657100	0	25	47	村庄
150125205213	七号村民委员会	111.308500	41.186449	0	25	55	乡镇
150125101205	根根渠村民委员会	111.727810	41.281439	0	30	72	UNKNOWN
150103005016	工人南村社区居委会	111.650440	40.811871	1	80	95	政府机构
150105104204	东达赖营村民委员会	111.759360	40.746351	0	25	47	乡镇
150124202204	前营盘村委会	111.908063	39.871701	0	16	38	乡镇
150102002001	车站西街社区居委会	111.660700	40.831560	1	80	100	政府机构
150121106229	大水桥村委会	110.999910	40.525780	0	30	72	村庄
150121104214	毛扣营村委会	111.556671	40.669659	0	25	47	乡镇
150121207206	赵家营村委会	111.344288	40.626574	0	16	65	乡镇
150105007208	舍必崖村民委员会	111.881533	40.877344	0	18	40	乡镇
150121103210	耿家营村委会	111.540836	40.745739	1	80	100	政府机构
150122100223	下什拉湖滩村民委员会	111.231500	40.270941	0	25	47	乡镇
150125100013	兴盛社区居民委员会	111.452594	41.095302	0	25	47	乡镇
150125211207	双玉城村民委员会	110.951511	41.317934	1	80	97	政府机构
150103100208	东棚子村委会	111.612023	40.825775	0	30	58	商圈
150123400507	台格斗村民委员会	111.796392	40.495125	0	18	40	工业园区
150121104243	小丹坝村委会	111.556671	40.669659	0	25	43	乡镇
150123203222	丈房沟村民委员会	111.632050	40.422000	0	25	55	乡镇
150102006015	兴安北社区居委会	111.707380	40.834031	1	80	94	政府机构
150124102206	前什拉村委会	111.456740	40.088324	0	16	33	乡镇
150121100200	西园村委会	111.116042	40.721146	1	80	100	政府机构
150105103200	南地村民委员会	111.701999	40.792201	0	14	37	区县
150121104242	耳林岱村委会	111.501090	40.552679	0	30	72	村庄
150103100209	段家窑村委会	111.579419	40.901671	0	30	72	村庄
150123400506	丹岱村	111.796392	40.495125	0	18	100	工业园区
150124102207	葆艳庄村委会	111.456740	40.088324	0	16	33	乡镇
150102006014	海东路社区居委会	111.707380	40.834031	1	80	97	政府机构
150123203223	董家营村民委员会	111.551731	40.341229	0	30	72	村庄
150121100201	中山村委会	111.120640	40.719560	0	30	72	村庄
150105103201	二十家村民委员会	112.026273	40.786635	1	70	92	UNKNOWN
150121207207	海流村委会	111.344288	40.626574	0	16	38	乡镇
150105007209	郜独利村民委员会	111.881533	40.877344	0	18	66	乡镇
150121103211	讨尔号庙营村委会	111.162999	40.729501	0	14	32	区县
150122100222	柳林滩村民委员会	111.231500	40.270941	0	25	55	乡镇
150104008012	听雅社区居委会	111.668900	40.764399	0	25	70	道路
150125211206	南湾村民委员会	110.723840	41.364060	0	25	70	乡镇
150124202205	北圪洞村委会	111.908063	39.871701	0	16	33	乡镇
150121104215	西王庄村委会	111.474670	40.661691	0	30	72	村庄
150121106228	鲁家营村委会	111.162999	40.729501	0	14	46	区县
150103006007	宽巷子社区居委会	111.657650	40.812620	1	80	95	政府机构
150102001010	公安厅社区居委会	111.667040	40.841739	1	80	95	政府机构
150105008001	后不塔气社区居委会	111.701999	40.792201	0	14	37	区县
150125205212	白泥壕村民委员会	111.308500	41.186449	0	25	55	乡镇
150103005017	西茶坊社区居委会	111.650440	40.811871	0	80	95	政府机构
150125101204	白沙泉村民委员会	111.737061	40.994739	0	30	72	UNKNOWN
150105104205	西达赖营村民委员会	111.759360	40.746351	0	25	47	乡镇
150121101001	毕克齐居委会	111.294840	40.728760	0	50	82	UNKNOWN
150121104203	新营子村委会	111.592579	40.670391	0	30	72	村庄
150124202213	座峰村委会	111.908063	39.871701	0	16	38	乡镇
150105005019	巨海社区居委会	111.728880	40.818963	1	80	97	政府机构
150121100240	丈房塔村委会	110.991467	40.761874	0	30	72	村庄
150125102202	圪妥村民委员会	110.835647	41.081096	1	80	97	UNKNOWN
150105008017	电力腾飞社区居委会	111.701999	40.792201	0	14	27	区县
150104100214	大库伦村委会	111.623250	40.765189	0	25	47	乡镇
150102001006	内蒙古军区社区居委会	111.667040	40.841739	1	80	95	政府机构
150105006009	小台社区居委会	111.736664	40.797731	0	30	72	UNKNOWN
150124201203	杜家沟村委会	111.844130	39.657100	0	25	70	村庄
150105104213	大一间房村民委员会	111.759360	40.746351	0	25	47	乡镇
150125101212	车铺村民委员会	111.684008	41.214555	0	25	55	乡镇
150122104220	乔富营村民委员会	111.352360	40.526071	0	25	70	乡镇
150125205204	黑沙图村民委员会	111.680620	41.206839	0	30	72	UNKNOWN
150121100217	东沟村委会	111.115650	40.790610	0	30	72	村庄
150102006002	芳汀花园社区居委会	111.707380	40.834031	1	80	97	政府机构
150123400510	保此老村民委员会	111.796392	40.495125	0	18	40	工业园区
150105103217	西梁村民委员会	112.016990	40.683060	0	30	72	村庄
150122101219	老杜营村民委员会	111.375991	40.247939	0	25	55	地产小区
150123208245	大新营村民委员会	111.572389	40.480633	1	80	97	政府机构
150121103207	小瓦窑圪沁村委会	111.473400	40.764501	0	30	58	UNKNOWN
150124101201	一间房村委会	111.653796	40.110401	1	80	100	政府机构
150121207211	后红岱村委会	111.344288	40.626574	0	16	33	乡镇
150125211210	奶母沟村民委员会	110.712770	41.225069	0	30	72	村庄
150104008004	兴兴社区居委会	111.668900	40.764399	0	25	47	道路
150125100004	西官井社区居民委员会	111.445605	41.099608	0	60	80	地产小区
150103001015	大庆路社区居委会	111.649877	40.816542	0	40	65	道路
150103003028	西铁社区居委会	111.644420	40.824271	1	80	97	政府机构
150122102209	一间房村民委员会	111.189835	40.442945	0	16	47	乡镇
150125214205	南房子村民委员会	111.549797	41.306296	0	25	55	乡镇
150124200202	道则石盘村委会	111.476230	39.834500	0	30	72	村庄
150121106212	平泉营村委会	111.162999	40.729501	0	14	29	区县
150121101241	讨合气村委会	111.356283	40.796664	0	16	38	乡镇
150103100008	倘不浪社区居民委员会	111.591249	40.804021	0	30	58	UNKNOWN
150105004018	乌兰社区居委会	111.702037	40.817230	1	80	97	政府机构
150121105202	大西平村委会	111.735320	40.545989	0	25	55	乡镇
150122103208	兴旺庄村民委员会	111.276960	40.394490	0	30	72	村庄
150105101206	石门沟村民委员会	112.035936	40.878624	0	16	47	乡镇
150121106245	上达赖村委会	111.162999	40.729501	0	14	29	区县
150105001021	富兴社区居委会	111.679381	40.807419	0	30	51	道路
150124100200	城关村委会	111.683080	39.925810	0	25	70	乡镇
150123203219	同昌营村民委员会	111.632050	40.422000	0	25	55	乡镇
150121102206	召上村委会	111.096680	40.533311	0	25	47	乡镇
150104100003	华美社区居委会	111.623250	40.765189	0	25	55	乡镇
150122100218	河上营村民委员会	111.231500	40.270941	0	25	55	乡镇
150125213201	哈拉合少村民委员会	110.923009	40.972941	0	50	82	UNKNOWN
150124103210	阳崖村委会	111.647000	39.920601	0	14	37	区县
150121101216	小古城村委会	111.356283	40.796664	0	16	65	乡镇
150105101210	苏木沁村民委员会	112.023369	40.834785	0	50	82	UNKNOWN
150122101223	小口子村民委员会	111.375991	40.247939	0	25	55	地产小区
150105008216	后三富村民委员会	111.701999	40.792201	0	14	29	区县
150121102210	什拉村委会	111.096680	40.533311	0	25	47	乡镇
150121208218	白庙子村委会	111.176500	40.628170	0	30	72	村庄
150124100216	韩庆坝村委会	111.683080	39.925810	0	25	47	乡镇
150121106253	前玛勒钦村委会	111.162999	40.729501	0	14	32	区县
150121101200	银匠房村委会	111.356283	40.796664	0	16	65	乡镇
150124103206	后阳塔村委会	111.647000	39.920601	0	14	29	区县
150125100205	三圣太村民委员会	111.452594	41.095302	0	25	55	乡镇
150121104239	潮忽闹村委会	111.556671	40.669659	0	25	47	乡镇
150121106204	秦家营村委会	111.162999	40.729501	0	14	46	区县
150123101230	喇嘛湾村民委员会	111.897580	40.619040	0	25	55	乡镇
150105104229	四间房村民委员会	111.847286	40.679476	1	80	97	政府机构
150103007006	西机务段社区居委会	111.636869	40.813739	0	30	51	商圈
150125207203	大路耗村民委员会	111.160040	40.999611	0	25	55	乡镇
150121105214	牛牛营村委会	111.735320	40.545989	0	25	43	乡镇
150102003001	新华社区居委会	111.671110	40.819497	1	80	97	政府机构
150124203204	康圣庄村委会	111.782440	40.050500	0	25	55	乡镇
150121101220	董家营村委会	111.356283	40.796664	0	16	65	乡镇
150102005008	艺术厅南街社区居委会	111.682020	40.826199	1	80	97	政府机构
150105007205	乔家营村民委员会	111.881533	40.877344	0	18	40	乡镇
150105002007	四千米社区居委会	111.685390	40.809159	1	80	100	政府机构
150172403498	出口加工区虚拟居委会	111.527130	40.779141	1	80	50	工业园区
150122102213	补还岱村民委员会	111.189835	40.442945	0	16	65	乡镇
150123100006	利民巷社区居民委员会	111.824190	40.401541	0	25	47	乡镇
150103100205	东乌素图村委会	111.578769	40.842616	1	80	100	政府机构
150102008006	麻花板社区居委会	111.670510	40.856758	0	30	51	道路
150122101203	豆腐窑村民委员会	111.375991	40.247939	0	25	55	地产小区
150105006013	正喇嘛营社区居委会	111.698279	40.803881	0	30	47	道路
150123102200	胶泥湾村民委员会	112.008359	40.236361	0	30	72	村庄
150105104209	前白庙村民委员会	111.792680	40.713619	0	30	72	村庄
150125101208	吾素图村民委员会	111.684008	41.214555	0	25	47	乡镇
150104002014	俪城社区居委会	111.658791	40.796420	0	50	68	道路
150121106224	梁页营村委会	111.162999	40.729501	0	14	32	区县
150121104219	四间房村委会	111.556671	40.669659	0	25	70	乡镇
150123205206	榆树沟村民委员会	111.810510	40.090370	0	30	72	村庄
150124202209	黑山子村委会	111.908063	39.871701	0	16	65	乡镇
150123101210	小林坝村民委员会	111.897580	40.619040	0	25	55	乡镇
150105005003	创业社区居委会	111.728880	40.818963	1	80	97	政府机构
150104001004	五塔寺前街社区居委会	111.660571	40.798600	0	50	73	道路
150105006005	金桥社区居委会	111.716360	40.772072	1	80	100	政府机构
150123206200	羊群沟村民委员会	111.996790	40.130461	0	25	55	乡镇
150121105222	东水泉村委会	111.739104	40.557605	0	40	65	UNKNOWN
150125205208	乌兰桃力盖村民委员会	111.308500	41.186449	0	25	47	乡镇
150104002002	大玉石巷社区居委会	111.658791	40.796420	0	50	73	道路
150123205210	苗家二十九号村民委员会	111.768173	40.100170	1	80	97	UNKNOWN
150121106232	五节桥村委会	111.162999	40.729501	0	14	46	区县
150122100003	南坪社区居民委员会	111.197870	40.273789	1	80	95	UNKNOWN
150103004020	综合路社区居委会	111.641809	40.836681	1	80	97	政府机构
150105007213	辛庄子村民委员会	111.881533	40.877344	0	18	40	乡镇
150121101236	阎桂房村委会	111.356283	40.796664	0	16	38	乡镇
150122102205	团结村民委员会	111.166160	40.437931	0	30	72	村庄
150103003024	金圆社区居委会	111.644420	40.824271	1	80	95	政府机构
150104008008	小黑河社区居委会	111.667912	40.763389	0	50	82	UNKNOWN
150102008010	一家村社区居委会	111.704299	40.878382	1	80	95	政府机构
150123100010	和清路社区居民委员会	111.811095	40.378090	0	30	58	道路
150105001001	健康社区居委会	111.676893	40.811720	1	80	100	政府机构
150121102226	大三和城村委会	111.096680	40.533311	0	25	43	乡镇
150122101215	合同营村民委员会	111.375991	40.247939	0	25	55	地产小区
150103002009	公园东路社区居委会	111.668991	40.810599	0	40	77	道路
150122104200	古城村民委员会	111.351180	40.532411	0	30	72	村庄
150102101201	野马图村委会	111.869311	41.005686	0	16	38	乡镇
150104100234	南台什村委会	111.672772	40.676091	1	80	100	政府机构
150123100207	武松村民委员会	111.824190	40.401541	0	25	55	乡镇
150102008207	哈拉沁村委会	111.704299	40.878382	1	80	94	政府机构
150103100004	西乌素图社区居民委员会	111.572310	40.834440	0	30	58	UNKNOWN
150125214209	大前地村民委员会	111.549797	41.306296	0	25	55	乡镇
150121104223	甲尔旦村委会	111.556671	40.669659	0	25	43	乡镇
150123207201	南夭子村民委员会	112.093880	40.429999	0	25	55	乡镇
150105400005	金桥社区居委会	111.716360	40.772072	1	80	100	政府机构
150122100214	大羊场村民委员会	111.270180	40.221800	1	70	92	UNKNOWN
150104004007	迎春社区居委会	111.669910	40.798903	0	40	65	道路
150121207231	哈力拜村委会	111.344288	40.626574	0	16	33	乡镇
150104007017	西岸社区居委会	111.650707	40.782526	0	30	51	UNKNOWN
150122103204	西大圪达村民委员会	111.321960	40.356669	0	25	47	乡镇
150121100237	善友板村委会	111.168529	40.729191	0	25	43	乡镇
150123203215	麻黄圪洞村民委员会	111.632050	40.422000	0	25	47	乡镇
150121208202	口肯板村委会	111.162999	40.729501	0	14	27	区县
150105003010	桥华社区居委会	111.718050	40.816440	1	80	100	政府机构
150121106249	祝拉沁村委会	111.162999	40.729501	0	14	32	区县
150122100202	北街村民委员会	111.231500	40.270941	0	25	55	乡镇
150121207227	东厂克村委会	111.344288	40.626574	0	16	33	乡镇
150104007001	西霞园社区居委会	111.650707	40.782526	0	30	58	UNKNOWN
150122103212	南杜家壕村民委员会	111.323020	40.356829	0	30	51	村庄
150102004009	东护城河南街社区居委会	111.692727	40.823697	1	80	97	政府机构
150123203203	西厂圪洞村民委员会	111.632050	40.422000	0	25	47	乡镇
150121208214	波勒圪沁村委会	111.253540	40.572129	0	25	43	乡镇
150121100221	沙尔沁村委会	111.168529	40.729191	0	25	47	乡镇
150122104216	永圣域村民委员会	111.352360	40.526071	0	25	47	乡镇
150105104225	曙光村民委员会	111.751810	40.674300	0	30	72	村庄
150103100012	厂汉板社区居民委员会	111.629630	40.847140	0	30	58	UNKNOWN
150102008211	沙梁村委会	111.704299	40.878382	1	80	95	政府机构
150123100211	二道沟村民委员会	112.063339	40.192741	0	30	72	村庄
150105004002	明和园社区居委会	111.702037	40.817230	1	80	95	政府机构
150104100222	讨不齐村委会	111.623250	40.765189	0	25	47	乡镇
150105008021	科尔沁社区居委会	111.701999	40.792201	0	14	29	区县
150121105218	西水泉村委会	111.701860	40.606641	0	30	72	村庄
150121106208	麻花村委会	111.162999	40.729501	0	14	32	区县
150121104235	补圪图村委会	111.556671	40.669659	0	25	43	乡镇
150125207204	东坡村民委员会	111.156860	40.963501	0	30	72	村庄
150103007001	咱家社区居委会	111.636869	40.813739	0	30	51	商圈
150124203203	菠菜营村委会	111.782440	40.050500	0	25	47	乡镇
150121100011	太平街居委会	111.649504	40.810202	1	80	100	政府机构
150104100229	茂林太村委会	111.623250	40.765189	0	25	43	乡镇
150121105213	二道凹村委会	111.738066	40.600427	1	80	100	政府机构
150125100202	大水圪洞村民委员会	111.452594	41.095302	0	25	55	乡镇
150123101237	南夭子村民委员会	111.897580	40.619040	0	25	55	乡镇
150124200213	对九也村委会	111.439920	39.817069	0	25	43	村庄
150121106203	西只几梁村委会	111.162999	40.729501	0	14	32	区县
150122100209	张家当铺梁村民委员会	111.231500	40.270941	0	25	47	乡镇
150125213210	腮忽洞村民委员会	110.836785	40.950286	0	16	47	乡镇
150121101207	脑包村委会	111.356283	40.796664	0	16	38	乡镇
150124103201	葬峁梁村委会	111.647000	39.920601	0	14	32	区县
150122101224	那木架村民委员会	111.375991	40.247939	0	25	70	地产小区
150105101217	古力板村民委员会	112.035936	40.878624	0	16	47	乡镇
150121106254	西玛勒钦村委会	111.162999	40.729501	0	14	29	区县
150121102217	公布村委会	111.096680	40.533311	0	25	47	乡镇
150124100211	只几也村委会	111.610011	39.916859	0	30	58	UNKNOWN
150102004002	内蒙党委社区居委会	111.692727	40.823697	1	80	94	政府机构
150123203208	台几村民委员会	111.632050	40.422000	0	25	70	乡镇
150125213206	庙沟村民委员会	110.836785	40.950286	0	16	47	乡镇
150122102222	万全店村民委员会	111.189835	40.442945	0	16	47	乡镇
150121101211	二道村委会	111.356283	40.796664	0	16	65	乡镇
150105101201	二道河村民委员会	112.035936	40.878624	0	16	47	乡镇
150121208209	雨施格气村委会	111.253540	40.572129	0	25	41	乡镇
150124100207	潘山沟村委会	111.683080	39.925810	0	25	47	乡镇
150104100004	祥和苑社区居委会	111.617989	40.753006	0	60	87	地产小区
150121102201	南淖村委会	111.162999	40.729501	0	14	29	区县
150121106242	乔庞家营子村委会	110.958469	40.645684	0	30	72	村庄
150121105205	小营子村委会	111.773470	40.514711	0	30	72	村庄
150121100007	站南街居委会	111.168529	40.729191	0	25	55	乡镇
150123208239	巴尔旦营村民委员会	111.822000	40.378601	0	12	34	区县
150125214202	大沙岱村民委员会	111.549797	41.306296	0	25	55	乡镇
150121106215	北官地村委会	111.162999	40.729501	0	14	32	区县
150121104228	吉牙图村委会	111.556671	40.669659	0	25	47	乡镇
150124200205	大井沟村委会	111.439920	39.817069	0	25	70	村庄
150123101221	东营子村民委员会	111.870420	40.578450	0	30	72	村庄
150121207216	前合理村委会	111.344288	40.626574	0	16	47	乡镇
150121103200	沙家营村委会	111.527279	40.764140	0	50	73	UNKNOWN
150123208242	讨速号村民委员会	111.822000	40.378601	0	12	44	区县
150124101206	胶泥峁村委会	111.627090	40.071990	0	25	70	乡镇
150104008003	农科院社区居委会	111.668900	40.764399	0	25	55	道路
150125402498	武川县经济开发区虚拟社区	111.478180	41.035500	0	30	58	乡镇
150125100003	东官井社区居民委员会	111.452594	41.095302	0	25	47	乡镇
150121100210	秃力亥村委会	111.168529	40.729191	0	25	47	乡镇
150102006005	丽苑社区居委会	111.707380	40.834031	1	80	97	政府机构
150105103210	麻什村民委员会	111.985350	40.741259	0	25	55	乡镇
150124201204	暖泉村委会	111.844130	39.657100	0	25	70	村庄
150123100220	榆西夭村民委员会	111.824190	40.401541	0	25	47	乡镇
150104100213	后本滩村委会	111.623250	40.765189	0	25	43	乡镇
150105008010	合林社区居委会	111.701999	40.792201	0	14	29	区县
150124100010	平安居委会	111.683080	39.925810	0	25	70	乡镇
150102001001	公主府社区居委会	111.667040	40.841739	1	80	95	政府机构
150125205203	小西滩村民委员会	111.308500	41.186449	0	25	55	乡镇
150105104214	甲拉营村民委员会	111.759360	40.746351	0	25	55	乡镇
150124202214	朱毛草村委会	111.908063	39.871701	0	16	38	乡镇
150121106239	道试村委会	111.162999	40.729501	0	14	32	区县
150121104204	东坝什村委会	111.556671	40.669659	0	25	43	乡镇
150122100008	中滩社区居民委员会	111.231500	40.270941	0	25	47	乡镇
150104008238	寇家营村委会	111.668900	40.764399	0	25	55	道路
150125102205	四大永村民委员会	110.847270	41.336870	0	30	72	UNKNOWN
150105008006	东古楼社区居委会	111.701999	40.792201	0	14	29	区县
150104100205	姜家营村委会	111.623250	40.765189	0	25	70	乡镇
150105006018	东喇嘛营社区居委会	111.698279	40.803881	0	30	47	道路
150124201212	桦树沟村委会	111.844130	39.657100	0	25	70	村庄
150125101203	旧营子村民委员会	111.696210	41.191800	0	30	72	村庄
150103005010	太平街社区居委会	111.650440	40.811871	1	80	97	政府机构
150125205215	圪奔村民委员会	111.405320	41.308931	0	30	72	村庄
150121104212	浑津桥村委会	111.491800	40.669199	0	30	72	村庄
150124202202	北槽碾村委会	111.908063	39.871701	0	16	33	乡镇
150102005003	西落凤街社区居委会	111.682020	40.826199	1	80	97	政府机构
150121103216	瓜房子村委会	111.162999	40.729501	0	14	46	区县
150121207200	北什轴村委会	111.344288	40.626574	0	16	33	乡镇
150125100015	金三角社区居民委员会	111.452594	41.095302	0	25	47	乡镇
150125211201	五份子村民委员会	110.723840	41.364060	0	25	55	乡镇
150122100225	东营子村民委员会	111.221160	40.215421	0	30	72	村庄
150122102218	黑兰圪力更村民委员会	111.189835	40.442945	0	16	47	乡镇
150123203224	黑麻洼村民委员会	111.632050	40.422000	0	25	55	乡镇
150102006013	光华街社区居委会	111.700461	40.834082	1	80	100	政府机构
150124102200	跃进村委会	111.456740	40.088324	0	16	65	乡镇
150104400498	虚拟裕隆社区	111.606452	40.745128	0	30	50	工业园区
150121100206	朱尔沟村委会	111.168529	40.729191	0	25	43	乡镇
150123400501	二农场	111.796392	40.495125	0	18	66	工业园区
150121104245	西华营村委会	111.556671	40.669659	0	25	47	乡镇
150103002014	中山西路社区居委会	111.660644	40.813459	1	80	100	政府机构
150105103206	新脑包村民委员会	111.985350	40.741259	0	25	47	乡镇
150122101208	范成滩窑村民委员会	111.375991	40.247939	0	25	47	地产小区
150122400498	园区虚拟居委会	111.194000	40.277399	0	14	37	区县
150121104232	阿林召村委会	111.556671	40.669659	0	25	43	乡镇
150105104222	茂盛营村民委员会	111.745590	40.752379	0	30	72	UNKNOWN
150102101210	大窑村委会	111.982181	40.949248	1	80	100	政府机构
150122104211	南斗林盖村民委员会	111.352360	40.526071	0	25	55	乡镇
150125207208	毛林坝村民委员会	111.160040	40.999611	0	25	55	乡镇
150104100225	西地村委会	111.623250	40.765189	0	25	70	乡镇
150103100015	西龙王庙居委会	111.629460	40.795560	0	25	70	旅游景点
150123100216	马群沟村民委员会	111.824190	40.401541	0	25	55	乡镇
150123203204	水口村民委员会	111.622760	40.368360	0	30	72	村庄
150121208213	杭盖村委会	111.253540	40.572129	0	25	47	乡镇
150121100226	云社堡村委会	111.168529	40.729191	0	25	43	乡镇
150105003001	民政社区居委会	111.706708	40.823993	1	80	100	政府机构
150122100205	南火盘村民委员会	111.231500	40.270941	0	25	47	乡镇
150121207220	恰台吉村委会	111.344288	40.626574	0	16	33	乡镇
150122103203	大圐圙村民委员会	111.321960	40.356669	0	25	55	乡镇
150104007010	西苑居委会	111.650707	40.782526	0	30	58	UNKNOWN
150121100230	平基村委会	111.168529	40.729191	0	25	47	乡镇
150123203212	迭力素村民委员会	111.632050	40.422000	0	25	70	乡镇
150121208205	帐房村委会	111.282850	40.591881	0	30	72	村庄
150122100213	徐家窑村民委员会	111.231500	40.270941	0	25	55	乡镇
150172401498	虚拟如意居委会	111.735180	40.545934	0	60	50	工业园区
150102007008	人和社区居委会	111.730495	40.838073	1	80	97	政府机构
150105400002	达尔登社区居委会	111.770248	40.707091	0	18	49	乡镇
150105007003	学苑社区居委会	111.881533	40.877344	0	18	49	乡镇
150124200209	小缸房村委会	111.439920	39.817069	0	25	55	村庄
150121104224	南双树村委会	111.556671	40.669659	0	25	47	乡镇
150121106219	迎红圪旦村委会	110.937200	40.561500	0	30	72	村庄
150123207206	小王坟村民委员会	112.093880	40.429999	0	25	55	乡镇
150122104207	韭菜滩村民委员会	111.352360	40.526071	0	25	55	乡镇
150102101206	恼包村委会	111.869311	41.005686	0	16	38	乡镇
150123100200	城关村民委员会	111.824190	40.401541	0	25	55	乡镇
150103100003	一间房社区居民委员会	111.594690	40.833660	0	25	47	乡镇
150102008200	毫沁营村委会	111.704299	40.878382	1	80	95	政府机构
150104100233	民案村委会	111.623250	40.765189	0	25	47	乡镇
150121105209	中朝鲁村委会	111.735320	40.545989	0	25	43	乡镇
150121102221	巩家圪旦村委会	111.039130	40.478181	0	30	72	村庄
150105001006	支农社区居委会	111.682562	40.806937	1	80	100	政府机构
150105101221	榆林村民委员会	112.044019	40.880439	0	30	72	村庄
150122101212	张全营村民委员会	111.375991	40.247939	0	25	47	地产小区
150121101231	什报气村委会	111.356283	40.796664	0	16	38	乡镇
150105007214	太平庄村民委员会	111.937630	40.822870	0	30	72	村庄
150103003023	光明小区社区居委会	111.643324	40.825929	1	70	92	地产小区
150122102202	大井壕村民委员会	111.189835	40.442945	0	16	47	乡镇
150123205217	水泉村民委员会	111.808580	40.307860	0	30	72	村庄
150121104208	刘家营村委会	111.542410	40.667750	1	80	100	政府机构
150121106235	古雁村委会	111.162999	40.729501	0	14	32	区县
150123101201	下土城村民委员会	111.797248	40.443534	1	80	97	政府机构
150125102209	东后河村民委员会	111.747698	40.838945	1	80	100	政府机构
150122100004	城关社区居民委员会	111.231500	40.270941	0	25	47	乡镇
150123206207	白其口村民委员会	111.996790	40.130461	0	25	47	乡镇
150123102211	好来沟村民委员会	112.139508	40.232699	0	16	47	乡镇
150105006002	东风社区居委会	111.698279	40.803881	0	30	51	道路
150124201208	四道坪村委会	111.844130	39.657100	0	25	47	村庄
150105104218	碾格图村民委员会	111.854991	40.675196	1	80	97	政府机构
150104002005	六中社区居委会	111.664380	40.789730	0	40	77	UNKNOWN
150104007207	辛辛板村委会	111.661368	40.782280	1	80	100	政府机构
150123101217	古力半村民委员会	111.949708	40.622988	1	80	97	政府机构
150121106223	南寿阳营村委会	111.162999	40.729501	0	14	29	区县
150123205201	小红城村民委员会	111.762210	40.179281	0	25	70	乡镇
150122100012	平安社区	111.231500	40.270941	0	25	70	乡镇
150123102207	浮石山村民委员会	112.139508	40.232699	0	16	47	乡镇
150105006014	保全庄社区居委会	111.698279	40.803881	0	30	47	道路
150104100209	一间房村委会	111.623250	40.765189	0	25	70	乡镇
150104007211	北源村委会	111.650707	40.782526	0	30	58	UNKNOWN
150104002013	四里营东社区居委会	111.658791	40.796420	0	50	68	道路
150123100001	昭君道社区居民委员会	111.834640	40.376201	0	40	65	道路
150122101204	南什拉壕村民委员会	111.375991	40.247939	0	25	55	地产小区
150105007202	黑土凹村民委员会	111.820630	40.872161	0	60	87	UNKNOWN
150121101227	乌兰板村委会	111.356283	40.796664	0	16	33	乡镇
150122102214	老官营村民委员会	111.189835	40.442945	0	16	47	乡镇
150122100229	哈拉板申村民委员会	111.157530	40.317491	1	80	97	汽车服务
150105002001	前进社区居委会	111.703159	40.808277	1	80	97	UNKNOWN
150105007203	坝堰村民委员会	111.881533	40.877344	0	18	40	乡镇
150121101226	苏盖营村委会	111.245220	40.780509	0	30	72	村庄
150122100228	海生不拉村民委员会	111.231500	40.270941	0	25	47	乡镇
150104006006	兴隆小区社区居委会	111.628604	40.791770	1	70	92	地产小区
150122102215	伍把什村民委员会	111.189835	40.442945	0	16	65	乡镇
150125100018	文化社区居民委员会	111.452594	41.095302	0	25	47	乡镇
150121104248	小浑津村委会	111.556671	40.669659	0	25	47	乡镇
150122101205	常家营村民委员会	111.375991	40.247939	0	25	55	地产小区
150105006015	西喇嘛营社区居委会	111.698279	40.803881	0	30	47	道路
150123102206	上恼亥村民委员会	112.139508	40.232699	0	16	65	乡镇
150104100208	章盖营村委会	111.623250	40.765189	0	25	70	乡镇
150104007210	南源村委会	111.643526	40.786228	1	80	100	政府机构
150104002012	四里营西社区居委会	111.658791	40.796420	0	50	65	道路
150123101216	七杆旗村民委员会	111.897580	40.619040	0	25	47	乡镇
150121106222	炭车营村委会	111.162999	40.729501	0	14	37	区县
150123205200	大红城村民委员会	111.762210	40.179281	0	25	55	乡镇
150104001002	五塔北街社区居委会	111.660571	40.798600	0	50	68	道路
150122100013	南火盘社区	111.231500	40.270941	0	25	55	乡镇
150123206206	大湾村民委员会	112.045440	40.151050	0	30	72	村庄
150121105224	羊路村委会	111.735320	40.545989	0	25	70	乡镇
150124201209	对九坪村委会	111.844130	39.657100	0	25	43	村庄
150123102210	十一号村民委员会	112.139508	40.232699	0	16	47	乡镇
150105104219	色肯板村民委员会	111.759360	40.746351	0	25	70	乡镇
150104002004	清泉街社区居委会	111.662991	40.797104	1	80	100	政府机构
150123205216	骆驼沟村民委员会	111.762210	40.179281	0	25	55	乡镇
150121106234	圪力更村委会	111.162999	40.729501	0	14	32	区县
150121104209	本滩村委会	111.556671	40.669659	0	25	47	乡镇
150125102208	大以克村民委员会	110.971720	41.113330	0	25	55	乡镇
150122100005	迎宾社区居民委员会	111.231500	40.270941	0	25	47	乡镇
150121101230	兵州亥村委会	111.400485	40.741805	1	80	100	政府机构
150105007215	保素村民委员会	111.881533	40.877344	0	18	66	乡镇
150103003022	阳光社区居委会	111.644420	40.824271	1	80	97	政府机构
150104006010	康居社区居委会	111.581200	40.786632	0	50	73	道路
150122102203	官士窑村民委员会	111.194000	40.277399	0	14	46	区县
150121102220	依肯板村委会	111.096680	40.533311	0	25	47	乡镇
150105001007	山丹社区居委会	111.681989	40.800684	1	80	100	政府机构
150105101220	土良村民委员会	112.035936	40.878624	0	16	65	乡镇
150122101213	坝上村民委员会	111.375991	40.247939	0	25	55	地产小区
150122104206	一间房村民委员会	111.352360	40.526071	0	25	55	乡镇
150102101207	水磨村委会	111.841395	40.957435	1	80	100	政府机构
150123100201	二道河村民委员会	112.101100	40.367099	0	30	72	UNKNOWN
150103100002	坝口子社区居民委员会	111.610401	40.869049	0	30	58	村庄
150121105208	南朝鲁村委会	111.735320	40.545989	0	25	43	乡镇
150104100232	前毛道村委会	111.623250	40.765189	0	25	47	乡镇
150104003005	大召社区居委会	111.653162	40.799101	1	75	95	休闲娱乐
150104008219	后桃花村委会	111.688987	40.735737	0	50	73	UNKNOWN
150105400003	惠民社区居委会	111.770248	40.707091	0	18	66	乡镇
150124200208	黑矾沟村委会	111.439920	39.817069	0	25	47	村庄
150105007002	益华社区居委会	111.881533	40.877344	0	18	40	乡镇
150121106218	丁字壕村委会	111.162999	40.729501	0	14	32	区县
150121104225	章盖营村委会	111.798741	40.677809	1	80	100	政府机构
150122100212	养大圐圙村民委员会	111.231500	40.270941	0	25	47	乡镇
150102007009	团结小区社区居委会	111.723080	40.839315	1	80	100	政府机构
150104007011	鱼池巷社区居委会	111.650707	40.782526	0	30	58	UNKNOWN
150122103202	大北窑村民委员会	111.321960	40.356669	0	25	55	乡镇
150121100231	毛脑亥村委会	111.168529	40.729191	0	25	47	乡镇
150123203213	大甲赖村民委员会	111.632050	40.422000	0	25	55	乡镇
150121208204	北园子村委会	111.253540	40.572129	0	25	70	乡镇
150122100204	城拐村民委员会	111.186810	40.279099	0	30	72	UNKNOWN
150121207221	出彦村委会	111.344288	40.626574	0	16	38	乡镇
150105103227	添密梁村民委员会	111.914101	40.785579	0	30	72	村庄
150122103214	北什拉乌素壕村民委员会	111.323020	40.356829	0	30	51	村庄
150123203205	估尔什村民委员会	111.632050	40.422000	0	25	70	乡镇
150121208212	小铁帽村委会	111.253540	40.572129	0	25	43	乡镇
150121100227	南柜村委会	111.168529	40.729191	0	25	43	乡镇
150105006202	西黑河村民委员会	111.698279	40.803881	0	30	47	道路
150105104223	毫沁营村民委员会	111.759360	40.746351	0	25	55	乡镇
150122104210	保号营村民委员会	111.352360	40.526071	0	25	70	乡镇
150104100224	兴旺庄村委会	111.678090	40.710739	0	30	72	村庄
150103100014	四合兴社区居民委员会	111.594690	40.833660	0	25	47	乡镇
150123100217	前大湾村民委员会	111.824190	40.401541	0	25	55	乡镇
150121104233	新德利村委会	111.556671	40.669659	0	25	47	乡镇
150124102201	前进村委会	111.391660	40.075890	0	30	72	村庄
150121100207	朝鲁村委会	111.168529	40.729191	0	25	43	乡镇
150121104244	大丹坝村委会	111.556671	40.669659	0	25	43	乡镇
150123400500	一农场	111.796392	40.495125	0	18	66	工业园区
150105103207	东讨速号村民委员会	111.701999	40.792201	0	14	37	区县
150122101209	黑城村民委员会	111.375991	40.247939	0	25	55	地产小区
150102005002	曙光街社区居委会	111.685149	40.831296	1	80	100	政府机构
150121103217	牛牛营村委会	111.162999	40.729501	0	14	29	区县
150121207201	东什轴村委会	111.344288	40.626574	0	16	33	乡镇
150125100014	青山社区居民委员会	111.452594	41.095302	0	25	47	乡镇
150122102219	刺尾沟村民委员会	111.189835	40.442945	0	16	38	乡镇
150122100224	河口村民委员会	111.173269	40.248731	0	30	72	村庄
150102002006	电厂前街社区居委会	111.670331	40.817689	0	50	65	道路
150121104213	潘庄村委会	111.486080	40.666349	0	30	72	村庄
150105005009	园艺社区居委会	111.728032	40.827605	1	80	100	政府机构
150124202203	双台子村委会	111.908063	39.871701	0	16	65	乡镇
150103006001	滨河路社区居委会	111.653220	40.809841	1	80	100	政府机构
150124100007	圣泉居委会	111.659693	39.921615	1	80	100	政府机构
150105008007	前不塔气社区居委会	111.792800	40.832789	0	30	72	UNKNOWN
150124201213	老熊沟村委会	111.844130	39.657100	0	25	47	村庄
150105006019	帅家营社区居委会	111.700844	40.761710	1	80	100	政府机构
150125101202	八股地村民委员会	111.684008	41.214555	0	25	55	乡镇
150105101001	东方红社区居委会	112.035936	40.878624	0	16	65	乡镇
150105104203	沙良村民委员会	111.759360	40.746351	0	25	55	乡镇
150125205214	刘家村民委员会	111.418438	41.274502	0	30	72	村庄
150124202215	七墩沟村委会	111.908063	39.871701	0	16	38	乡镇
150121104205	大一家村委会	111.556671	40.669659	0	25	47	乡镇
150121106238	陶思浩村委会	110.926981	40.657248	0	50	73	UNKNOWN
150122100009	光明社区居民委员会	111.231500	40.270941	0	25	47	乡镇
150104008239	杨家营村委会	111.668900	40.764399	0	25	55	道路
150125102204	什八台村民委员会	110.971720	41.113330	0	25	55	乡镇
150123100221	羊群沟村民委员会	111.824190	40.401541	0	25	55	乡镇
150124201205	八道峁村委会	111.844130	39.657100	0	25	47	村庄
150104100212	新河营村委会	111.623250	40.765189	0	25	47	乡镇
150124100011	昆新居委会	111.683080	39.925810	0	25	70	乡镇
150125205202	东方子村民委员会	111.308500	41.186449	0	25	55	乡镇
150105104215	根堡村民委员会	111.759360	40.746351	0	25	70	乡镇
150125101214	义兴元村民委员会	111.684008	41.214555	0	25	47	乡镇
150121100211	什兵地村委会	111.201452	40.696628	1	80	100	政府机构
150102006004	昭君新村社区居委会	111.704758	40.832799	1	80	100	政府机构
150105103211	朱亥村民委员会	111.985350	40.741259	0	25	70	乡镇
150121207217	后合理村委会	111.344288	40.626574	0	16	47	乡镇
150123208243	闫城营村民委员会	111.822000	40.378601	0	12	44	区县
150121103201	台阁牧村委会	111.513375	40.762044	1	80	100	政府机构
150124101207	火烧也村委会	111.627090	40.071990	0	25	43	乡镇
150104008002	落雁社区居委会	111.668900	40.764399	0	25	55	道路
150103001013	通道北街社区居委会	111.649877	40.816542	0	40	65	道路
150125214203	五福堂村民委员会	111.549797	41.306296	0	25	55	乡镇
150104003009	菩提塔西社区居委会	111.658565	40.795201	0	40	56	商圈
150121104229	沙尔营村委会	111.552360	40.605739	0	60	80	UNKNOWN
150121106214	南官地村委会	111.162999	40.729501	0	14	32	区县
150124200204	暖泉也村委会	111.439920	39.817069	0	25	43	村庄
150121105204	板定板村委会	111.735320	40.545989	0	25	43	乡镇
150121100006	影院路居委会	111.168529	40.729191	0	25	55	乡镇
150123208238	忽通兔村民委员会	111.822000	40.378601	0	12	44	区县
150125403498	武川县金山角开发区虚拟社区	111.451000	41.096400	0	12	34	区县
150104008242	姚府村委会	111.705879	40.723304	1	80	100	政府机构
150124100206	小庙子村委会	111.683080	39.925810	0	25	70	乡镇
150121208208	南恼木汉村委会	111.253540	40.572129	0	25	41	乡镇
150104100005	奈伦社区居委会	111.623250	40.765189	0	25	70	乡镇
150121102200	北淖村委会	111.162999	40.729501	0	14	29	区县
150121106243	塔尔号村委会	111.162999	40.729501	0	14	29	区县
150125213207	土城子村民委员会	110.836785	40.950286	0	16	47	乡镇
150121101210	碾道村委会	111.356283	40.796664	0	16	65	乡镇
150122101225	柳二营村民委员会	111.336004	40.223469	1	80	97	政府机构
150125200201	井尔沟村民委员会	110.846980	40.823719	0	30	51	村庄
150105101216	阳曲窑村民委员会	112.035936	40.878624	0	16	47	乡镇
150121106255	后玛勒钦村委会	111.162999	40.729501	0	14	32	区县
150121102216	大岱村委会	111.096680	40.533311	0	25	47	乡镇
150123203209	打墙沟村民委员会	111.632050	40.422000	0	25	47	乡镇
150102004003	东护城河北街社区居委会	111.692727	40.823697	0	80	95	政府机构
150124100210	芦子沟村委会	111.683080	39.925810	0	25	70	乡镇
150122100208	张四壕村民委员会	111.231500	40.270941	0	25	55	乡镇
150121101206	腊铺村委会	111.356283	40.796664	0	16	38	乡镇
150124103200	单台子村委会	111.647000	39.920601	0	14	37	区县
150125100203	巨字号村民委员会	111.452594	41.095302	0	25	70	乡镇
150124200212	南也村委会	111.439920	39.817069	0	25	47	村庄
150123101236	中廿家村民委员会	111.897580	40.619040	0	25	70	乡镇
150121106202	中只几梁村委会	111.162999	40.729501	0	14	32	区县
150125207205	大顺城村民委员会	111.160040	40.999611	0	25	55	乡镇
150124203202	青豆沟村委会	111.782440	40.050500	0	25	43	乡镇
150121100010	友好街居委会	111.168529	40.729191	0	25	55	乡镇
150121105212	色令板村委会	111.738323	40.588364	1	80	100	政府机构
150104100228	达赖庄村委会	111.623250	40.765189	0	25	43	乡镇
