150627105225	巴本岱村村委会	109.201718	39.402012	1	80	100	政府机构
150625102211	黄介壕嘎查村	107.948901	40.793659	0	25	55	乡镇
150622201208	董三尧村委会	111.056520	40.261080	0	25	43	乡镇
150621200206	井泉村委会	109.873323	40.197397	0	14	64	乡镇
150621104210	巴音色古楞嘎查村	110.034000	40.412601	0	12	26	区县
150602002005	前进社区	110.016420	39.814441	1	80	97	政府机构
150627104208	阿尔胡德梁村村委会	109.411596	39.672040	1	80	100	政府机构
150625101201	山湾村委会	107.040780	40.271120	0	25	70	乡镇
150623102209	新寨子嘎查村民委员会	108.166669	37.750811	0	30	72	UNKNOWN
150624201210	巴音陶勒盖嘎查	107.542290	39.109269	0	30	100	UNKNOWN
150621107200	大纳林村委会	110.273020	40.134981	0	30	58	村庄
150624100004	乌兰社区	107.986450	39.091341	0	25	70	乡镇
150621100204	草原村委会	110.029234	40.313557	1	80	100	政府机构
150624102202	碱柜村	106.743450	39.941510	0	30	100	村庄
150621103214	裕太奎村委会	110.225163	40.400232	1	80	95	UNKNOWN
150602005001	沃热社区	110.042580	39.808950	1	80	97	政府机构
150622003006	关地塔社区	111.242030	39.862900	0	25	55	乡镇
150621100212	林原村委会	110.025860	40.403351	0	25	47	乡镇
150625100001	建安社区居委会	108.798617	39.692973	0	14	64	乡镇
150622100231	柳树湾村委会	111.236480	39.844400	0	25	70	乡镇
150624101204	苏米图村	107.045290	39.394560	0	25	70	乡镇
150621103202	三座茅庵村委会	110.276080	40.346940	0	25	55	乡镇
150625102207	光茂村委会	107.948901	40.793659	0	25	47	乡镇
150602100209	宗兑村委会	109.532710	39.854960	0	30	58	UNKNOWN
150621104206	四村村委会	109.614260	40.450211	0	25	70	乡镇
150621200210	沙湾子嘎查村	109.932802	40.351834	0	30	72	村庄
150602001003	航空社区	109.984480	39.818500	1	80	97	政府机构
150622001200	薛家湾村委会	111.241111	39.861485	1	80	100	政府机构
150622004002	张家圪旦社区	111.271370	39.801570	0	30	100	UNKNOWN
150602011003	南湖社区	110.005040	39.797980	1	80	97	政府机构
150624201206	布隆嘎查	107.424650	38.944030	0	30	100	UNKNOWN
150621102203	道劳窑子村委会	110.373170	40.323320	0	25	55	乡镇
150624100205	包日呼舒嘎查	107.839690	38.920509	0	30	100	UNKNOWN
150625104202	大套子村委会	108.736000	39.832599	0	10	28	区县
150602007006	易兴社区	109.963298	39.834578	1	80	97	政府机构
150624103215	扎德盖村	108.698440	39.348121	0	30	100	村庄
150603003001	康城社区	109.794119	39.597501	1	80	97	政府机构
150624200207	苏米图嘎查	108.406180	38.839551	0	30	100	UNKNOWN
150602010002	闻莺社区	109.963000	39.822201	0	14	46	区县
150625100216	浩绕柴达木嘎查村	108.798617	39.692973	0	14	46	乡镇
150626102208	乌兰沙巴尔台村民委员会	109.436740	39.239720	0	30	72	UNKNOWN
150621105207	牛场梁村委会	109.351580	40.193600	0	30	58	UNKNOWN
150622104209	红树梁村委会	111.302960	39.479020	0	30	58	UNKNOWN
150602101208	罕台庙村委会	109.843835	39.823866	0	25	55	旅游景点
150625103206	道图嘎查村	108.736000	39.832599	0	10	28	区县
150624101005	靖安社区	107.045290	39.394560	0	25	70	乡镇
150621106201	翻身村委会	109.149750	40.487349	0	25	70	乡镇
150621401498	鄂尔多斯市生态示范区管理委员会虚拟社区	109.781000	39.608301	0	0	18	城市
150623103208	克仁格图嘎查村民委员会	107.965750	38.532579	0	30	72	UNKNOWN
150625100200	陶赖高勒村委会	108.864760	39.797729	0	30	58	UNKNOWN
150627105209	阿日勒图村村委会	109.560717	39.288192	1	80	100	政府机构
150602003004	文苑社区	110.001340	39.806800	1	80	97	政府机构
150621105211	呼斯图梁村委会	109.472350	40.085190	0	30	51	UNKNOWN
150602013004	新建社区	109.993511	39.836139	1	80	97	政府机构
150623102225	麻黄套村民委员会	108.227939	37.669931	0	30	72	UNKNOWN
150625103210	芒哈图嘎查村	108.736000	39.832599	0	10	28	区县
150622200209	昌汉不拉村委会	110.520380	39.713580	0	25	43	村庄
150627104224	全盛久村村委会	109.625609	39.703990	1	80	100	政府机构
150624100213	哈马日格太嘎查	108.039891	39.147787	1	80	100	UNKNOWN
150622001001	中心社区	111.239570	39.864490	0	25	70	乡镇
150622004203	草场村委会	111.280089	39.894251	0	30	72	UNKNOWN
150625200202	陶日木嘎查村	109.221540	39.695849	0	30	51	UNKNOWN
150624103203	伊克乌素村	108.550811	39.250479	0	30	100	村庄
150621101205	沟心召村委会	110.551970	40.300770	0	25	47	乡镇
150627104204	哈布其勒村村委会	109.292675	39.724879	1	80	100	政府机构
150622106202	双敖包村委会	111.349923	39.595625	1	80	100	政府机构
150624100008	察汗淖尔社区	107.969800	38.815890	0	50	100	UNKNOWN
150626100203	巴音柴达木村民委员会	108.818000	38.603901	0	12	26	区县
150623102205	大沟湾村民委员会	108.514890	37.722421	0	30	72	村庄
150625100220	扎日格嘎查村	108.945005	39.434219	0	50	82	UNKNOWN
150621001002	北大社区	110.018740	40.405571	1	80	97	政府机构
150621103218	杨家营子村委会	110.276080	40.346940	0	25	70	乡镇
150626200201	包日呼德嘎查村委员会	108.467880	37.966651	0	30	72	UNKNOWN
150627103200	淖尔壕村村委会	110.163623	39.548168	1	80	100	政府机构
150622101206	不拉村委会	110.873640	39.653851	0	25	47	乡镇
150621100208	五股地村委会	110.025860	40.403351	0	25	47	乡镇
150602008003	康和社区	109.954610	39.829470	1	80	97	政府机构
150623100003	育才社区居委会	107.486924	38.182614	1	80	100	政府机构
150627100206	桑盖村村委会	109.752960	39.566189	0	40	56	UNKNOWN
150602400498	鄂尔多斯市装备制造基地虚拟社区	109.781000	39.608301	0	0	35	城市
150626101003	绿洲社区居民委员会	109.016140	39.219420	0	25	47	乡镇
150626104201	堵嘎尔湾村民委员会	108.820629	38.149511	0	25	47	乡镇
150624101208	伊克达赖嘎查	107.260180	39.492481	0	30	100	UNKNOWN
150622101210	速机沟村委会	110.608500	39.467060	0	30	58	村庄
150621002004	兴建社区	110.043910	40.409790	1	80	97	政府机构
150627104212	光明村村委会	109.339660	39.463393	1	80	100	政府机构
150622202202	达坝席利嘎查村	110.803740	40.047101	0	25	47	乡镇
150623102213	巴彦希里嘎查村民委员会	107.956870	37.886759	0	30	72	UNKNOWN
150622105204	准格尔召村委会	110.206350	39.703221	0	25	47	乡镇
150602100205	海畔村委会	109.963000	39.822201	0	14	27	区县
150622201212	西柴登村委会	111.003820	40.200320	0	30	58	UNKNOWN
150623101203	乌提嘎查村民委员会	107.283016	38.509523	1	80	97	UNKNOWN
150626103205	跃进村民委员会	109.106910	38.739989	0	25	55	乡镇
150622100211	点岱沟村委会	111.268947	39.807651	0	30	58	村庄
150621003005	腾达社区	110.021960	40.396751	1	80	97	政府机构
150624100209	察汗淖尔嘎查	108.040660	39.201671	0	30	100	UNKNOWN
150626100002	萨拉乌素社区居民委员会	108.694726	38.715315	0	14	37	乡镇
150627101207	道劳窑子村村委会	109.842414	39.140911	1	80	100	政府机构
150622103201	勿图沟村委会	110.481650	39.485619	0	25	47	乡镇
150626102204	大牛地村民委员会	109.487540	38.877781	0	30	72	UNKNOWN
150623100202	塔班陶勒盖嘎查村民委员会	107.815440	38.182301	0	30	72	UNKNOWN
150627106203	龙活音扎巴村村委会	109.763894	39.434486	1	80	100	政府机构
150602101204	永胜村委会	109.847819	39.837476	1	80	100	政府机构
150622101007	民乐新村社区	110.873640	39.653851	0	25	70	乡镇
150622104205	沙坪梁村委会	111.184778	39.659339	0	30	51	村庄
150623103212	阿日赖嘎查村民委员会	107.467820	38.538139	0	30	72	UNKNOWN
150627105213	台格希里村村委会	109.494945	39.358891	1	80	100	政府机构
150627100011	南苑社区居委会	109.752960	39.566189	0	40	65	UNKNOWN
150621004001	白塔社区	110.034000	40.412601	0	12	44	区县
150622104213	哈拉敖包村委会	111.238092	39.576802	1	80	100	政府机构
150627106215	诺干布拉格村村委会	109.430448	39.415813	1	80	100	政府机构
150622200205	哈必汉村委会	110.520380	39.713580	0	25	55	村庄
150623103204	巴彦呼日呼嘎查村民委员会	108.181270	38.059490	0	30	72	UNKNOWN
150626101202	查干苏莫嘎查村委员会	108.932730	39.261710	0	30	72	村庄
150624101009	三北羊场社区	107.349620	39.260219	1	80	100	UNKNOWN
150627100007	新北社区居委会	109.739681	39.652958	1	80	100	政府机构
150627105205	哈希拉嘎村村委会	109.467660	39.380882	0	30	58	村庄
150602102202	枳机塔村委会	110.012643	39.867444	1	80	95	UNKNOWN
150623101002	上海庙社区居委会	106.761590	38.346819	0	25	70	旅游景点
150622100207	城坡村委会	111.332860	39.726790	0	30	72	村庄
150627102201	布连塔村村委会	110.175447	39.359823	1	80	100	政府机构
150627405498	鄂尔多斯蒙古源流文化产业园虚拟社区	109.781000	39.608301	0	0	18	城市
150622103217	奎洞沟村委会	110.481650	39.485619	0	25	47	乡镇
150627101211	札萨克召村村委会	109.783989	39.249341	0	25	47	乡镇
150622103216	大西沟村委会	110.731490	39.387570	0	30	72	村庄
150627101210	阿木图庙村村委会	109.740954	39.237857	1	80	100	政府机构
150623101003	布拉格社区居委会	107.055960	38.531869	0	30	72	村庄
150622100206	马家塔村委会	111.218930	39.759221	0	30	72	村庄
150627102200	上湾村村委会	110.043766	39.376223	0	14	64	乡镇
150623103205	玛拉迪嘎查村民委员会	107.973280	38.369301	0	30	72	UNKNOWN
150626101203	浩勒报吉村民委员会	109.016140	39.219420	0	25	55	乡镇
150626104001	河园社区居委会	108.820629	38.149511	0	25	55	乡镇
150624101008	草籽场社区	107.045290	39.394560	0	25	55	乡镇
150627100006	乌兰淖尔社区居委会	109.273720	39.390909	0	50	82	UNKNOWN
150602102203	添尔漫梁村委会	110.099973	39.787600	0	25	43	乡镇
150627105204	白格针村村委会	109.539012	39.384767	1	80	100	政府机构
150623102228	马鞍桥村民委员会	107.610570	37.963600	0	30	72	道路
150602003009	瑞祥社区	110.001340	39.806800	1	80	97	政府机构
150622104212	业林沟村委会	111.190010	39.640373	0	30	58	村庄
150627106214	赛乌聂盖村村委会	109.573259	39.469427	0	30	58	村庄
150622200204	圪秋沟村委会	110.520380	39.713580	0	25	47	村庄
150626200001	沙尔利格社区居民委员会	108.818000	38.603901	0	12	26	区县
150623103213	明盖嘎查村民委员会	107.499890	38.430641	0	30	72	UNKNOWN
150627105212	宝林村村委会	109.367081	39.339243	1	80	100	政府机构
150627100010	阿吉奈社区居委会	109.752960	39.566189	0	40	59	UNKNOWN
150626102205	呼吉尔图村民委员会	109.554139	38.882551	0	30	72	UNKNOWN
150623100203	查干巴拉嘎苏嘎查村民委员会	107.630960	38.137171	0	30	72	UNKNOWN
150602101205	查干布拉格村委会	109.851120	39.837331	0	25	47	乡镇
150627106202	石灰音苏莫嘎查村	109.829830	39.351880	0	30	72	UNKNOWN
150622101006	富民社区	110.873640	39.653851	0	25	70	乡镇
150622104204	沙墕村委会	111.213080	39.438461	0	25	47	乡镇
150624100208	海岱嘎查	107.877010	38.762400	0	30	100	UNKNOWN
150626100003	苏里格社区居民委员会	108.847635	38.590572	1	80	100	政府机构
150627101206	树壕村村委会	109.820029	39.168714	1	80	100	政府机构
150602401498	东胜区轻纺工业园区虚拟社区	109.963000	39.822201	0	14	32	区县
150622103200	勿图门村委会	110.481650	39.485619	0	25	43	乡镇
150621003004	巴音社区	110.021960	40.396751	1	80	97	政府机构
150622100210	红台子村委会	111.236480	39.844400	0	25	47	乡镇
150622105205	炭窑渠村委会	110.201109	39.648901	0	30	72	村庄
150627102001	第一居委会	110.043766	39.376223	0	14	64	乡镇
150602100204	海子湾村委会	109.386610	39.854599	0	25	70	乡镇
150622201213	广太昌村委会	110.842500	40.168100	0	30	58	UNKNOWN
150623101202	沙章图村民委员会	106.603250	38.378801	0	30	72	UNKNOWN
150626103204	红旗村民委员会	109.209620	38.617949	0	30	72	村庄
150621005001	西园社区	110.034000	40.412601	0	12	44	区县
150627104213	光胜村村委会	109.466765	39.547791	1	80	100	政府机构
150622202203	腮乌素村委会	110.803740	40.047101	0	25	55	乡镇
150623102212	敦达图嘎查村民委员会	108.164770	37.709761	0	30	72	UNKNOWN
150622101211	乌拉素村委会	110.873640	39.653851	0	25	47	乡镇
150627100207	瓦窑圪台村村委会	109.752960	39.566189	0	40	59	UNKNOWN
150626104200	毛布拉格村民委员会	108.849701	38.236709	1	80	97	UNKNOWN
150624101209	楚鲁拜嘎查	107.272299	39.632284	1	80	100	UNKNOWN
150627103201	全和常村村委会	110.080605	39.709841	1	80	100	政府机构
150602101004	和硕社区	109.851120	39.837331	0	25	70	乡镇
150622101207	安定壕村委会	110.899750	39.684139	0	30	58	UNKNOWN
150621100209	平原村委会	109.976460	40.457511	0	30	72	村庄
150602008002	园丁社区	109.954610	39.829470	1	80	97	政府机构
150623100002	春苑社区居委会	107.478001	38.182399	0	12	34	区县
150621001003	石化社区	110.018740	40.405571	1	80	97	政府机构
150626200200	沙尔利格嘎查村委员会	108.582479	38.043861	0	30	72	UNKNOWN
150621103219	榆林子村委会	110.276080	40.346940	0	25	70	乡镇
150622201205	二道拐村委会	111.006511	40.256120	0	30	58	UNKNOWN
150627104205	阿日雅布鲁村村委会	109.314378	39.751297	1	80	100	政府机构
150622106203	郑峁梁村委会	111.366610	39.570579	0	25	47	乡镇
150624100009	哈马日格太社区	107.986450	39.091341	0	25	55	乡镇
150626100202	深水台村民委员会	109.008910	38.375281	0	30	72	UNKNOWN
150623102204	大场子村民委员会	108.449290	37.699560	0	30	72	村庄
150624103202	小湖村	108.540595	39.379213	0	30	100	村庄
150621101204	柳沟村委会	110.551970	40.300770	0	25	70	乡镇
150602004001	新巷社区	109.980450	39.806040	1	80	97	政府机构
150624100212	乌兰柴达木嘎查	108.112260	39.061771	0	30	100	UNKNOWN
150625200203	哈夏图嘎查村	109.221540	39.695849	0	30	51	UNKNOWN
150602003005	蒙欣社区	110.001340	39.806800	1	80	97	政府机构
150621105210	查干沟村委会	109.298470	40.456731	0	25	47	乡镇
150602013005	陈家渠社区	109.993511	39.836139	1	80	97	政府机构
150623102224	二道川村民委员会	107.517550	37.947670	0	30	72	村庄
150622200208	肯木肯村委会	110.520380	39.713580	0	25	47	村庄
150625103211	隆茂永村委会	108.736000	39.832599	0	10	23	区县
150627104225	扎斋庙村村委会	109.508120	39.696039	0	30	58	村庄
150624101004	乌珠儿社区	107.045290	39.394560	0	25	55	乡镇
150621106200	南伙房村委会	109.149750	40.487349	0	25	70	乡镇
150623103209	乌兰胡舒嘎查村民委员会	107.626660	38.423421	0	30	72	UNKNOWN
150625100201	阿门其日格村委会	109.080627	39.697310	0	60	80	UNKNOWN
150627105208	呼家壕村村委会	109.514311	39.327018	1	80	100	政府机构
150626102209	黄陶勒盖嘎查村委员会	109.253890	39.105821	0	30	72	UNKNOWN
150621105206	黄母哈日村委会	109.298470	40.456731	0	25	43	乡镇
150624102002	蒙西社区	106.752020	39.918089	0	25	70	乡镇
150622104208	大口村委会	111.213080	39.438461	0	25	70	乡镇
150625103207	乌定补拉格村委会	108.736000	39.832599	0	10	23	区县
150624200206	巴音布拉格嘎查	108.354380	38.659091	0	30	100	UNKNOWN
150602010003	和谐社区	109.963000	39.822201	0	14	46	区县
150625100217	夭斯图嘎查村	108.344160	39.733151	0	30	72	UNKNOWN
150622002006	广和社区	111.225760	39.867611	0	25	70	乡镇
150624103214	大克泊尔村	108.651269	39.424571	0	30	100	村庄
150602007007	营盘壕社区	109.963298	39.834578	1	80	97	政府机构
150621102202	候家营子村委会	110.423465	40.324824	0	30	72	村庄
150624100204	敖伦淖尔嘎查	107.940520	38.989720	0	30	100	UNKNOWN
150625104203	巴音温都尔嘎查村	108.736000	39.832599	0	10	22	区县
150625101001	向阳社区居委会	107.040801	40.271017	1	80	100	政府机构
150625200002	盐海子社区	108.414170	40.175271	0	30	100	村庄
150602001002	锦秀社区	109.984480	39.818500	1	80	97	政府机构
150622001201	王青塔村委会	111.239570	39.864490	0	25	55	乡镇
150622004003	御景社区	111.250780	39.851719	0	25	70	乡镇
150602011002	曙光社区	110.005040	39.797980	1	80	97	政府机构
150624201207	阿如布拉格嘎查	107.261280	38.796091	0	30	100	UNKNOWN
150625102206	三苗树村委会	107.948901	40.793659	0	25	43	乡镇
150602100208	柴登村委会	109.557900	39.872690	0	50	73	UNKNOWN
150621104207	刘大圪堵村委会	109.614260	40.450211	0	25	43	乡镇
150621200211	青达门村委会	109.773010	40.003870	0	30	58	UNKNOWN
150622100230	白家渠村委会	110.992980	39.725261	1	80	95	UNKNOWN
150624101205	乌仁都喜嘎查	107.051310	39.623739	0	30	100	UNKNOWN
150621103203	南红桥村委会	110.302182	40.343290	1	80	100	政府机构
150603002001	珠江社区	109.701610	39.720979	0	30	51	UNKNOWN
150627101226	台格嘎查	109.592620	39.158251	0	30	100	UNKNOWN
150621100213	新民村委会	110.019700	40.469061	0	30	72	村庄
150622100226	巴润哈岱村委会	111.069607	39.877792	1	80	100	政府机构
150621103215	黄牛营子村委会	110.242710	40.458799	0	30	72	村庄
150621100205	关碾房村委会	109.983501	40.320289	1	80	100	政府机构
150624102203	渠畔村	106.737840	39.919060	0	30	100	村庄
150627104209	敖包圪台村村委会	109.432248	39.615298	1	80	100	政府机构
150625101200	查干白村委会	107.040780	40.271120	0	25	43	乡镇
150624201211	希尼其日嘎嘎查	107.624830	39.074361	0	30	100	UNKNOWN
150623102208	黄海子村民委员会	108.311200	37.701789	0	25	55	乡镇
150621107201	敖包梁村委会	110.034000	40.412601	0	12	44	区县
150621400498	达拉特经济开发区虚拟社区	110.028568	40.311829	0	60	67	工业园区
150624100005	安睦隆社区	107.986450	39.091341	0	25	55	乡镇
150627105224	其根沟村村委会	109.190715	39.442401	1	80	100	政府机构
150622201209	五家尧村委会	111.056520	40.261080	0	25	43	乡镇
150625102210	格更召嘎查村	107.948901	40.793659	0	25	47	乡镇
150621200207	海子湾村委会	109.805824	40.419002	1	80	100	政府机构
150602012004	新园社区	109.963000	39.822201	0	14	46	区县
150621104211	门肯嘎查村	109.614260	40.450211	0	25	55	乡镇
150602002004	红波社区	110.016420	39.814441	1	80	97	政府机构
150627104202	小乌兰敖包村村委会	109.243720	39.597411	0	30	58	村庄
150626101101	惠泽社区	109.016140	39.219420	0	25	70	乡镇
150622106204	井子沟村委会	111.366610	39.570579	0	25	70	乡镇
150626100205	沙沙音柴达木村民委员会	108.970790	38.430599	0	30	72	村庄
150623102203	苏坝海子村民委员会	108.311200	37.701789	0	25	47	乡镇
150627102010	第十居委会	110.043766	39.376223	0	14	64	乡镇
150622201202	天顺圪梁村委会	111.056520	40.261080	0	25	43	乡镇
150621001004	兴盛园社区	110.018740	40.405571	1	80	97	政府机构
150626104211	小石砭村民委员会	108.762040	37.816641	0	30	72	UNKNOWN
150626200207	陶利嘎查村委员会	108.664160	38.361050	0	30	72	UNKNOWN
150602101003	润泽社区	109.851120	39.837331	0	25	70	乡镇
150627103206	纳林塔村村委会	110.258220	39.575561	0	30	58	村庄
150622104002	祥和社区	111.213080	39.438461	0	25	70	乡镇
150622101200	敖靠塔村委会	110.873640	39.653851	0	25	47	乡镇
150602008005	万盛社区	109.954610	39.829470	1	80	97	政府机构
150623100005	赛罕社区居委会	107.478001	38.182399	0	12	34	区县
150622102206	老山沟村委会	111.267290	39.961990	0	25	47	乡镇
150627100200	查干庙村村委会	109.786553	39.572276	1	80	100	政府机构
150621103208	新民堡村委会	110.271763	40.348274	0	60	80	UNKNOWN
150623103003	毛盖图社区居委会	108.186040	38.395580	0	30	72	UNKNOWN
150626104207	萨拉乌素村民委员会	108.648260	37.717351	0	30	72	村庄
150622101216	庙壕村委会	110.873640	39.653851	0	25	70	乡镇
150621002002	南干社区	110.043910	40.409790	1	80	97	政府机构
150627103210	道劳岱村村委会	109.748000	39.564399	0	12	24	区县
150621100218	什拉台村委会	110.025860	40.403351	0	25	43	乡镇
150622202204	蒿召赖嘎查村	110.803740	40.047101	0	25	55	乡镇
150627104214	光生村村委会	109.455871	39.476049	1	80	100	政府机构
150623102215	克泊日嘎查村民委员会	108.135275	37.950997	1	80	97	UNKNOWN
150622201214	蛮汉壕村委会	111.056520	40.261080	0	25	47	乡镇
150622105202	铧尖村委会	110.206350	39.703221	0	25	70	乡镇
150602100203	什股壕村委会	109.386610	39.854599	0	25	47	乡镇
150627102006	第六居委会	110.043766	39.376223	0	14	46	乡镇
150623101205	芒哈图嘎查村民委员会	107.213760	38.292351	0	30	72	UNKNOWN
150626103203	前进村民委员会	109.277420	38.672169	0	30	72	村庄
150627102211	布尔台格村村委会	109.940800	39.483429	0	30	58	村庄
150622100217	阳塔村委会	111.412919	39.529911	0	30	58	村庄
150621003003	和平社区	110.021960	40.396751	1	80	97	政府机构
150626100004	独贵龙社区居民委员会	108.818000	38.603901	0	12	29	区县
150623102002	珠和社区居委会	108.311200	37.701789	0	25	55	乡镇
150627406498	伊金霍洛旗札萨克物流园区虚拟社区	109.748000	39.564399	0	12	24	区县
150627101201	塔尔河村村委会	109.805202	39.265949	1	80	100	政府机构
150622103207	大路峁村委会	110.481650	39.485619	0	25	47	乡镇
150626102202	达汉庙嘎查村委员会	109.405430	39.154279	0	30	58	村庄
150623100204	大沙头村民委员会	107.337110	38.285120	0	30	72	UNKNOWN
150627106205	斋森召村村委会	109.865453	39.303998	1	80	100	政府机构
150602101202	布日都梁村委会	109.919770	39.793940	0	30	58	UNKNOWN
150622104203	南窑梁村委会	111.213080	39.438461	0	25	43	乡镇
150622101001	府欣社区	110.873640	39.653851	0	25	70	乡镇
150622100240	房子滩村委会	111.350049	40.009341	1	80	100	政府机构
150623103214	圐圙嘎查村民委员会	107.652610	38.301819	0	30	72	UNKNOWN
150627105215	乌兰淖尔村村委会	109.325746	39.403130	1	80	100	政府机构
150622200203	德胜有梁村委会	110.520380	39.713580	0	25	43	村庄
150627106213	根皮庙村村委会	109.727554	39.407073	1	80	100	政府机构
150623103202	巴彦乌素嘎查村民委员会	108.345780	38.229531	0	30	72	UNKNOWN
150626101204	巴嘎淖尔村民委员会	109.272640	39.311829	0	50	82	UNKNOWN
150627105203	额日克柴达木村村委会	109.616385	39.381142	1	80	100	政府机构
150602102204	常青村委会	110.118334	39.785629	1	80	100	政府机构
150627100001	平安社区居委会	109.758762	39.568242	1	80	100	政府机构
150624103209	乌兰吉林村	108.459510	39.610691	0	30	100	村庄
150627102207	折家梁村村委会	110.039785	39.284027	1	80	100	政府机构
150621100222	沙坝子村委会	110.025860	40.403351	0	25	70	乡镇
150622103211	羊市塔村委会	110.625755	39.347846	0	25	55	旅游景点
150625200208	阿日善嘎查村	109.221540	39.695849	0	30	51	UNKNOWN
150627101217	巴嘎柴达木村村委会	109.748000	39.564399	0	12	26	区县
150627105223	独贵梁村村委会	109.166555	39.473588	1	80	100	政府机构
150621104216	白家塔村委会	109.624380	40.090490	0	30	58	村庄
150622002200	巴汉图村委会	111.194171	39.863499	0	30	58	UNKNOWN
150602002003	园林社区	110.016420	39.814441	1	80	97	政府机构
150602012003	滨河社区	109.963000	39.822201	0	14	46	区县
150621200200	天义昌村委会	109.873323	40.197397	0	14	37	乡镇
150621107206	盐店村委会	110.034000	40.412601	0	12	44	区县
150624100002	康宁社区	107.986450	39.091341	0	25	70	乡镇
150626100209	呼和淖尔嘎查村委员会	108.623101	38.942097	1	80	97	UNKNOWN
150625103001	向阳社区居委会	107.040801	40.271017	1	80	100	政府机构
150621100202	白柜村委会	110.025860	40.403351	0	25	47	乡镇
150624102204	其劳图村	107.367380	39.925350	0	30	100	村庄
150622100221	不连沟村委会	111.319031	39.706320	0	30	58	村庄
150621103212	得胜营子村委会	110.242331	40.192785	0	14	46	乡镇
150602005007	阳光社区	110.042580	39.808950	1	80	97	政府机构
150627101221	贵勒斯太村村委会	109.669931	39.199641	1	80	100	政府机构
150603002006	学苑社区	109.701610	39.720979	0	30	51	UNKNOWN
150602006001	天骄社区	109.968730	39.824961	1	80	97	政府机构
150621100214	田家营子村委会	110.032150	40.498441	0	30	72	村庄
150622100237	大沟村委会	111.236480	39.844400	0	25	70	乡镇
150624101202	阿如其日嘎村	107.708270	39.771419	0	30	100	村庄
150621103204	新和村委会	110.244490	40.384579	0	30	72	村庄
150622201218	召梁村委会	111.056520	40.261080	0	25	47	乡镇
150625102201	苏布日格村委会	107.948901	40.793659	0	25	47	乡镇
150621200216	枳机塔村委会	109.873323	40.197397	0	14	37	乡镇
150623101209	拜图嘎查村民委员会	107.068810	38.516850	0	30	72	UNKNOWN
150621104200	和胜村委会	109.646050	40.436540	0	30	72	村庄
150627104218	阿格图村村委会	109.543750	39.579901	1	80	100	政府机构
150622202208	植机壕村委会	110.803740	40.047101	0	25	47	乡镇
150602011005	三台基社区	110.005040	39.797980	1	80	97	政府机构
150624201200	脑高岱嘎查	107.810580	39.469981	0	30	100	UNKNOWN
150623102219	乌定希泊日嘎查村民委员会	108.148137	37.874554	1	80	97	UNKNOWN
150602001005	祥和社区	109.984480	39.818500	1	80	97	政府机构
150622004004	唐公塔社区	111.296240	39.840071	0	30	100	村庄
150621107210	三眼井村委会	110.034000	40.412601	0	12	44	区县
150621102205	七份子村委会	110.373170	40.323320	0	25	70	乡镇
150624100203	乌兰图克嘎查	107.986975	39.030107	1	80	100	UNKNOWN
150625104204	查干淖尔嘎查村	108.951210	39.889791	0	30	72	UNKNOWN
150622002001	曙光社区	111.225760	39.867611	0	25	70	乡镇
150624103213	旧庙湾村	108.745800	39.397050	0	30	100	村庄
150624200201	巴嘎额尔和图嘎查	108.158470	38.804601	0	30	100	UNKNOWN
150602010004	普惠社区	109.963000	39.822201	0	14	46	区县
150625100210	古城梁村委会	108.798617	39.692973	0	14	37	乡镇
150627105219	乌兰敖包村村委会	109.243661	39.597329	0	30	58	村庄
150621105201	乌兰村委会	109.647900	40.160900	0	30	72	村庄
150623100208	漫水塘村民委员会	107.096160	38.253240	0	30	72	村庄
150625103200	永先村委会	108.736000	39.832599	0	10	25	区县
150627106209	查干陶日木村村委会	109.637129	39.416382	1	80	100	政府机构
150624403498	蒙西工业园区虚拟社区	107.976000	39.089201	0	10	28	区县
150624101003	梦翔社区	107.045290	39.394560	0	25	70	乡镇
150621106207	蓿亥图牧业村委会	109.118570	40.139831	0	30	72	UNKNOWN
150625100206	察哈尔乌素村委会	108.782890	39.648810	0	30	72	村庄
150602013002	永兴社区	109.993511	39.836139	1	80	97	政府机构
150623102223	大池村民委员会	107.500740	37.977511	0	30	72	村庄
150602003002	益民社区	110.001340	39.806800	1	80	97	政府机构
150627104222	哈拉盖图村村委会	109.566164	39.593753	1	80	100	政府机构
150625103216	查干布拉格嘎查村	108.955030	40.285871	0	30	100	UNKNOWN
150624100215	查汗陶勒盖嘎查	108.443530	39.092540	0	30	100	UNKNOWN
150602004006	民联社区	109.980450	39.806040	1	80	97	政府机构
150625200204	沙日摩仁嘎查村	109.221540	39.695849	0	30	51	UNKNOWN
150622101220	乌素沟村委会	110.671010	39.591270	0	30	58	村庄
150624103205	乌素其日嘎村	108.688880	39.558940	0	30	100	村庄
150621101203	蛇肯点素村委会	110.516430	40.332900	0	30	58	UNKNOWN
150624103204	乌兰哈达村	108.616273	39.523693	0	30	100	村庄
150621101202	张义成窑子村委会	110.551970	40.300770	0	25	55	乡镇
150625102001	康兴社区居委会	108.736000	39.832599	0	10	25	区县
150602004007	郝家圪卜社区	109.980450	39.806040	1	80	100	政府机构
150624100214	苏吉嘎查	108.403790	39.144011	0	30	100	UNKNOWN
150622101221	张家圪堵村委会	110.677850	39.563621	0	30	58	UNKNOWN
150625200205	锡尼其日格嘎查村	107.899340	39.998559	0	30	72	UNKNOWN
150602013003	乌兰社区	109.993511	39.836139	1	80	97	政府机构
150623102222	哈日色日嘎查村民委员会	107.765520	37.958540	0	30	72	UNKNOWN
150602003003	绒纺社区	110.001340	39.806800	1	80	97	政府机构
150622003200	阿岱沟村委会	111.242030	39.862900	0	25	47	乡镇
150627104223	阿斯日音希里村村委会	109.539881	39.714887	1	80	100	政府机构
150625103217	巴音补拉格嘎查村	107.786210	40.802840	0	30	51	UNKNOWN
150624101002	固业社区	107.045290	39.394560	0	25	70	乡镇
150621106206	万太兴村委会	109.149750	40.487349	0	25	47	乡镇
150625100207	天德恒湾村委会	108.811151	39.580039	1	80	94	UNKNOWN
150621105200	新圪旦村委会	109.317920	40.449280	0	30	72	村庄
150623100209	洪山塘村民委员会	107.176370	38.200009	0	30	72	村庄
150625103201	乌兰淖尔村委会	108.323270	40.162540	0	30	58	UNKNOWN
150627106208	查干呼都嘎音希里村村委会	109.416768	39.453003	1	80	100	政府机构
150624200200	查干敖包嘎查	108.076341	39.734079	0	30	58	UNKNOWN
150602010005	和顺社区	109.963000	39.822201	0	14	46	区县
150625100211	广丰村委会	108.872120	39.462180	0	30	72	村庄
150627105218	木呼敖包村村委会	109.271505	39.492831	1	80	100	政府机构
150624103212	木凯淖尔村	108.828350	39.329981	0	30	100	村庄
150602007001	伊煤社区	109.963298	39.834578	1	80	97	政府机构
150621102204	海勒素村委会	110.373170	40.323320	0	25	47	乡镇
150602004011	亿利金威社区	109.980450	39.806040	1	80	97	政府机构
150624100202	包日塔拉嘎查	107.728730	38.886020	0	30	100	UNKNOWN
150627104219	毛乌聂盖村村委会	109.541140	39.529080	0	30	58	村庄
150602011004	便民社区	110.005040	39.797980	1	80	97	政府机构
150623102218	珠拉图嘎查村民委员会	108.198520	37.818489	0	30	72	UNKNOWN
150624201201	敖伦其日嘎嘎查	107.912930	39.590250	0	30	100	UNKNOWN
150602001004	新村社区	109.984480	39.818500	1	80	97	政府机构
150621107211	乌兰壕村委会	110.582860	40.059460	0	30	58	UNKNOWN
150625102200	麻迷图村委会	107.752750	40.815111	0	30	58	UNKNOWN
150621200217	塔并召村委会	109.846040	40.099191	0	30	58	UNKNOWN
150623101208	哈沙图嘎查村民委员会	106.891650	38.373981	0	30	72	UNKNOWN
150621104201	二狗湾村委会	109.614260	40.450211	0	25	47	乡镇
150622100236	东孔兑村委会	111.236480	39.844400	0	25	43	乡镇
150625100006	胜利社区	108.798617	39.692973	0	14	64	乡镇
150624101203	石勒凯村	107.045290	39.394560	0	25	70	乡镇
150621103205	王爱召村委会	110.276416	40.346667	0	50	73	UNKNOWN
150627101220	松道沟村村委会	109.808949	39.118742	1	80	100	政府机构
150621100215	二锁圪梁村委会	110.025860	40.403351	0	25	47	乡镇
150622003001	铁北社区	111.242030	39.862900	0	25	70	乡镇
150603001001	新北社区	109.781194	39.590781	1	80	97	政府机构
150622100220	百草塔村委会	111.154459	39.767180	0	14	37	乡镇
150621103213	大淖村委会	110.276080	40.346940	0	25	47	乡镇
150602005006	和睦社区	110.042580	39.808950	1	80	97	政府机构
150621100203	三倾地村委会	110.025860	40.403351	0	25	47	乡镇
150624102205	苏亥图嘎查	107.126180	39.891840	0	30	100	UNKNOWN
150621107207	新民渠村委会	110.034000	40.412601	0	12	29	区县
150624100003	育英社区	107.986450	39.091341	0	25	70	乡镇
150626100208	沙如勒努图格嘎查村委员会	108.574841	38.705682	1	80	97	UNKNOWN
150627105222	珠兰敖包村村委会	109.110389	39.483392	1	80	100	政府机构
150621104217	吴四圪堵村委会	109.614260	40.450211	0	25	47	乡镇
150602002002	民生社区	110.016420	39.814441	1	80	97	政府机构
150621200201	黄木独村委会	109.873323	40.197397	0	14	32	乡镇
150602012002	昆都仑社区	109.963000	39.822201	0	14	46	区县
150625200209	巴音嘎查村	108.258840	39.991059	0	30	100	UNKNOWN
150622103210	纳林庙村委会	110.481650	39.485619	0	25	43	乡镇
150627101216	门克庆嘎查	109.619010	39.028290	1	80	100	UNKNOWN
150624103208	桃力民村	108.557770	39.548629	0	30	100	村庄
150627102206	木独希里村村委会	110.043766	39.376223	0	14	32	乡镇
150623103203	哈日根图嘎查村民委员会	108.323050	38.119430	0	30	72	UNKNOWN
150626101205	中乃村民委员会	109.016140	39.219420	0	25	70	乡镇
150602102205	铜川村委会	110.102066	39.780401	1	80	100	政府机构
150627105202	通格朗村村委会	109.435455	39.292706	1	80	100	政府机构
150622200202	榆树壕村委会	110.358460	39.832769	0	30	58	UNKNOWN
150627106212	壕赖村村委会	109.726523	39.403990	1	80	100	政府机构
150623103215	巴彦什里嘎查村民委员会	108.068930	38.232999	0	25	43	乡镇
150627105214	纳林希里村村委会	109.284649	39.442264	1	80	100	政府机构
150626102203	图古勒岱嘎查村委员会	109.314274	39.028568	1	80	97	UNKNOWN
150623100205	三道泉子村民委员会	107.478001	38.182399	0	12	29	区县
150602101203	灶火壕村委会	109.851120	39.837331	0	25	43	乡镇
150627106204	沙日塔拉村村委会	109.868755	39.417374	1	80	100	政府机构
150622104202	台子梁村委会	111.285182	39.530965	0	16	38	乡镇
150622100241	前房子村委会	111.236480	39.844400	0	25	70	乡镇
150626100005	呼热胡社区居民委员会	108.818000	38.603901	0	12	26	区县
150623102003	二道川社区居委会	108.311200	37.701789	0	25	55	乡镇
150623400498	上海庙经济开发区虚拟社区	106.761590	38.346819	0	25	47	旅游景点
150627101200	新街村村委会	109.784814	39.255423	1	80	100	政府机构
150622103206	乌兰哈达村委会	110.481650	39.485619	0	25	47	乡镇
150627102210	格丑庙村村委会	110.035663	39.359898	1	80	100	政府机构
150621003002	城关社区	110.021960	40.396751	1	80	97	政府机构
150622100216	亭子墕村委会	111.236480	39.844400	0	25	43	乡镇
150622201215	东不拉村委会	111.056520	40.261080	0	25	43	乡镇
150622105203	忽吉图村委会	110.206350	39.703221	0	25	47	乡镇
150602100202	折家梁村委会	109.470010	39.862550	0	30	58	UNKNOWN
150627102007	第七居委会	110.043766	39.376223	0	14	46	乡镇
150623101204	阿勒台嘎查村民委员会	107.258840	38.417691	0	30	72	UNKNOWN
150626103202	巴音敖包嘎查村委员会	109.121257	38.680210	1	80	97	UNKNOWN
150622202205	公益盖村委会	110.803740	40.047101	0	25	43	乡镇
150627104215	毛盖图村村委会	109.726866	39.075004	1	80	100	政府机构
150623102214	阿日勒嘎查村民委员会	108.037925	37.965595	1	80	97	UNKNOWN
150621002003	泰兴社区	110.043910	40.409790	1	80	97	政府机构
150622101217	西营子村委会	110.717760	39.628079	0	30	72	村庄
150627103211	大柳塔村村委会	110.372420	39.445511	0	30	58	村庄
150621100219	哈什拉村委会	110.124470	40.060840	0	30	58	UNKNOWN
150622102207	乌兰不浪村委会	111.267290	39.961990	0	25	70	乡镇
150627407498	空港物流园区虚拟社区	109.875931	39.504859	1	80	50	工业园区
150627100201	红海子村村委会	109.777079	39.563742	1	80	100	政府机构
150621103209	小淖村委会	110.276080	40.346940	0	25	47	乡镇
150626200210	纳林河村民委员会	109.021415	38.031737	1	80	97	UNKNOWN
150623103002	玛拉迪社区居委会	108.068930	38.232999	0	25	70	乡镇
150626104206	宝日陶勒盖村民委员会	108.630190	38.045120	0	30	72	UNKNOWN
150602101002	田园社区	109.851120	39.837331	0	25	70	乡镇
150627103207	朱日根沟村村委会	110.259113	39.569993	0	30	58	村庄
150622101201	忽昌梁村委会	110.788589	39.633075	1	80	95	UNKNOWN
150602008004	巴音社区	109.954610	39.829470	1	80	97	政府机构
150623100004	巴音社区居委会	107.478001	38.182399	0	12	29	区县
150626104210	大石砭村民委员会	108.623020	37.775389	0	30	72	UNKNOWN
150626200206	呼和芒哈嘎查村委员会	108.543520	38.313940	0	30	72	UNKNOWN
150627102011	第十一居委会	110.043766	39.376223	0	14	64	乡镇
150621006001	锦园社区	110.012760	40.416791	1	80	97	政府机构
150622201203	巨合滩村委会	111.056520	40.261080	0	25	43	乡镇
150627104203	敖尔给呼村村委会	109.265380	39.653969	0	30	58	村庄
150627101001	第一居委会	109.783989	39.249341	0	25	70	乡镇
150622106205	杜家峁村委会	111.366610	39.570579	0	25	70	乡镇
150626100204	木都柴达木村民委员会	108.818000	38.603901	0	12	29	区县
150623102202	大发村民委员会	108.377431	37.758859	0	30	72	UNKNOWN
150622103213	乌拉素村委会	110.481650	39.485619	0	25	47	乡镇
150627101215	查干淖尔嘎查	109.611310	39.080871	0	30	100	UNKNOWN
150621100220	沟心召村委会	110.146360	40.140831	0	30	58	UNKNOWN
150622105001	民和社区	111.240000	39.864200	0	12	63	区县
150627102205	花亥图村村委会	109.969280	39.369430	1	80	100	政府机构
150627105201	布连图村村委会	109.381934	39.291788	1	80	100	政府机构
150627100003	王府路社区居委会	109.742497	39.564545	1	80	100	政府机构
150625100208	胜利村委会	108.968319	39.556638	0	30	72	村庄
150623103200	昂素嘎查村民委员会	108.089560	38.226630	0	30	72	UNKNOWN
150603401498	鄂尔多斯市高新技术产业园区虚拟社区	109.781000	39.608301	0	0	35	城市
150626101206	布日都嘎查村委员会	108.872780	39.106280	0	30	72	UNKNOWN
150627106211	甘珠日庙村村委会	109.730348	39.457566	1	80	100	政府机构
150625103218	敖楞乌素嘎查村	108.491030	40.086999	0	30	72	UNKNOWN
150622200201	水泉沟村委会	110.520380	39.713580	0	25	70	村庄
150623100210	巴郎庙村民委员会	107.254220	38.168430	0	25	70	村庄
150627105217	哈达图淖尔村村委会	109.322561	39.427115	1	80	100	政府机构
150622100242	何家塔村委会	111.236480	39.844400	0	25	70	乡镇
150627106207	啦嘛敖包村村委会	109.801000	39.343090	0	25	55	乡镇
150622104201	韩家塔村委会	111.173090	39.495131	0	30	58	村庄
150622101003	育才社区	110.873640	39.653851	0	25	70	乡镇
150626102200	梅林苏莫嘎查村委员会	109.344075	38.904285	1	80	97	UNKNOWN
150623100206	三段地村民委员会	107.478001	38.182399	0	12	29	区县
150627101203	乌兰陶勒盖村村委会	109.849760	39.190562	1	80	100	政府机构
150622103205	敖劳不拉村委会	110.481650	39.485619	0	25	47	乡镇
150626100006	南丁社区居委会	108.818000	38.603901	0	12	34	区县
150622201001	绿鑫社区	111.056520	40.261080	0	25	70	乡镇
150627102213	巴日图塔村村委会	109.748000	39.564399	0	12	26	区县
150621003001	召南社区	110.021960	40.396751	1	80	97	政府机构
150622100215	阳窑子村委会	111.385080	39.986030	0	30	58	村庄
150623101207	特布德嘎查村民委员会	106.970209	38.222871	0	30	72	UNKNOWN
150621200218	和合成梁村委会	109.856890	40.014320	0	30	51	UNKNOWN
150626103201	巴音高勒嘎查村委员会	109.202387	38.746003	1	80	97	UNKNOWN
150622105200	黄天棉图村委会	110.198460	39.714971	0	30	58	UNKNOWN
150602100201	巴音敖包村委会	109.963000	39.822201	0	14	26	区县
150627102004	第四居委会	110.043766	39.376223	0	14	64	乡镇
150622201216	西不拉村委会	111.056520	40.261080	0	25	43	乡镇
150623102217	呼和陶勒盖嘎查村民委员会	108.326090	37.843719	0	30	72	UNKNOWN
150626100211	后寨子村民委员会	108.818000	38.603901	0	12	34	区县
150621005004	迎宾社区	110.034000	40.412601	0	12	44	区县
150627104216	查干日格召村村委会	109.584688	39.533608	1	80	100	政府机构
150622202206	孔兑沟村委会	110.956166	39.979577	0	30	58	村庄
150622101214	寨子塔村委会	110.593665	39.858517	1	80	100	政府机构
150627103212	毕鲁图村村委会	110.358580	39.387169	0	30	58	村庄
150623103001	昂素社区居委会	108.099450	38.245421	0	30	72	UNKNOWN
150626104205	无定河村民委员会	108.626207	37.860133	0	50	82	UNKNOWN
150622100239	二旦桥村委会	111.270920	39.874350	0	25	46	乡镇
150622102204	尔圪气村委会	111.267290	39.961990	0	25	47	乡镇
150627100202	曼赖村村委会	109.834233	39.527463	1	80	100	政府机构
150626102001	梅林庙社区居委会	109.343100	38.905710	0	25	70	旅游景点
150623100007	三段地社区居委会	107.408855	38.104878	1	80	100	政府机构
150602101001	庆丰社区	109.851120	39.837331	0	25	70	乡镇
150627103204	海勒素壕村村委会	110.112130	39.631759	0	30	58	村庄
150622101202	五字湾村委会	110.873640	39.653851	0	25	47	乡镇
150626200205	通史嘎查村委员会	108.698860	38.216621	0	30	72	UNKNOWN
150626104213	巴图湾村民委员会	108.626207	37.860133	0	50	73	UNKNOWN
150622102212	白大路村委会	111.267290	39.961990	0	25	47	乡镇
150622201200	柴登村委会	110.952941	40.203329	0	30	58	UNKNOWN
150627102012	第十二居委会	110.043766	39.376223	0	14	64	乡镇
150622100014	苗家滩社区	111.205730	40.089069	0	30	100	UNKNOWN
150621006002	新园社区	110.012760	40.416791	1	80	97	政府机构
150621107208	公乌素村委会	110.327110	40.091491	0	30	72	村庄
150626100207	布寨嘎查村委员会	108.753200	38.726530	0	30	72	UNKNOWN
150623102201	希里嘎查村民委员会	107.972900	37.877311	0	30	58	UNKNOWN
150627104200	苏布尔嘎嘎查村	109.322780	39.622400	0	30	100	UNKNOWN
150627101002	第二居委会	109.783989	39.249341	0	25	70	乡镇
150622106206	四分子村委会	111.366610	39.570579	0	25	47	乡镇
150627102209	布连海子村村委会	110.067489	39.363900	1	80	100	政府机构
150624103207	达楞图如村	108.372050	39.491369	0	30	100	村庄
150621101201	梁家圪堵村委会	110.551970	40.300770	0	25	43	乡镇
150627101219	黄盖希里村村委会	109.760609	39.126910	1	80	100	政府机构
150622101222	四道包村委会	110.873640	39.653851	0	25	43	乡镇
150625200206	巴音孟和嘎查村	109.221540	39.695849	0	30	47	UNKNOWN
150602004004	育英社区	109.980450	39.806040	1	80	97	政府机构
150625103214	乌兰木都村委会	108.838260	40.511010	0	30	58	地产小区
150627104220	伊勒概沟村村委会	109.459497	39.583548	1	80	100	政府机构
150623102221	克珠日嘎查村民委员会	107.787040	38.092970	0	30	72	UNKNOWN
150625100204	中图村委会	108.798617	39.692973	0	14	64	乡镇
150624101001	棋盘社区	107.045290	39.394560	0	25	70	乡镇
150621106205	官井村委会	109.149750	40.487349	0	25	70	乡镇
150625103202	独贵特拉村委会	108.613841	40.606184	1	80	95	UNKNOWN
150621105203	柳子圪旦村委会	109.317120	40.467110	0	30	72	村庄
150625100212	巴音补拉格嘎查村	108.798617	39.692973	0	14	32	乡镇
150624200203	苏里格嘎查	108.275480	38.565641	0	30	100	UNKNOWN
150602010006	东方社区	109.963000	39.822201	0	14	46	区县
150622100219	良安窑村委会	111.236480	39.844400	0	25	43	乡镇
150622002003	湖西社区	111.225760	39.867611	0	25	70	乡镇
150624103211	乌兰其日嘎村	108.240270	39.648930	0	30	100	村庄
150602007002	赛罕社区	109.963298	39.834578	1	80	97	政府机构
150625200210	敖楞布拉格嘎查村	108.334630	39.907141	0	30	100	UNKNOWN
150622103209	川掌村委会	110.481650	39.485619	0	25	47	乡镇
150602001007	健康社区	109.984480	39.818500	1	80	97	政府机构
150621107212	王家壕村委会	110.014290	40.119040	0	30	58	UNKNOWN
150624201202	乌兰其日嘎嘎查	107.972580	39.459751	0	30	100	UNKNOWN
150621104202	羊场村委会	109.598450	40.519641	0	30	72	UNKNOWN
150621200214	石活子村委会	109.873323	40.197397	0	14	64	乡镇
150625102203	光前村委会	107.975560	40.800881	0	30	72	地产小区
150627102008	第八居委会	110.043766	39.376223	0	14	46	乡镇
150624101200	深井村	107.045290	39.394560	0	25	70	乡镇
150621103206	西社村委会	110.276080	40.346940	0	25	70	乡镇
150626104209	红进滩村民委员会	108.760090	37.723421	0	30	72	UNKNOWN
150625100005	新华社区	108.798617	39.692973	0	14	64	乡镇
150602006003	大桥社区	109.968730	39.824961	1	80	97	政府机构
150621100216	城塔村委会	110.025860	40.403351	0	25	47	乡镇
150622003002	阳光社区	111.242030	39.862900	0	25	70	乡镇
150603002004	园丁社区	109.701610	39.720979	0	30	51	UNKNOWN
150627101223	乌磴柴达木村村委会	109.559380	39.200819	0	30	58	村庄
150622101218	哈拉沟村委会	110.873640	39.653851	0	25	70	乡镇
150621103210	德胜泰村委会	110.196990	40.502711	0	30	58	UNKNOWN
150626200209	塔拉音乌素嘎查村委员会	108.907735	38.369520	1	80	97	UNKNOWN
150602005005	兴农社区	110.042580	39.808950	1	80	97	政府机构
150622100223	勉格令村委会	111.236480	39.844400	0	25	43	乡镇
150603001002	达尔罕社区	109.781194	39.590781	1	80	97	政府机构
150621100200	大树湾村委会	110.025860	40.403351	0	25	70	乡镇
150624102206	伊克布拉格嘎查	106.878610	40.133449	0	30	100	UNKNOWN
150627103208	阿吉尔玛村村委会	110.330031	39.570607	1	80	100	政府机构
150625401498	鄂尔多斯新能源产业示范区虚拟社区	109.781000	39.608301	0	0	11	城市
150621107204	河图梁村委会	110.034000	40.412601	0	12	26	区县
150625101205	乌吉尔嘎查村	107.040780	40.271120	0	25	55	乡镇
150621200202	建设村委会	109.845790	40.463471	0	30	72	村庄
150602012001	春晖社区	109.963000	39.822201	0	14	46	区县
150621104214	查干沟村委会	109.747070	40.031669	0	30	58	村庄
150602002001	育才社区	110.012535	39.815988	1	70	100	地产小区
150627105221	特宾苏莫村村委会	109.187637	39.508902	0	30	58	村庄
150621200203	长胜村委会	109.841740	40.473061	0	30	72	村庄
150621104215	高头窑村委会	109.613109	40.025001	0	60	80	UNKNOWN
150627105220	昌车渠村村委会	109.149737	39.564132	0	30	58	村庄
150621107205	石匠窑村委会	110.034000	40.412601	0	12	29	区县
150624100001	都斯图社区	107.986450	39.091341	0	25	70	乡镇
150625101204	巴音恩格尔嘎查村	107.040780	40.271120	0	25	55	乡镇
150621100201	南伙房村委会	110.025860	40.403351	0	25	70	乡镇
150624102207	巴音温都尔嘎查	107.976000	39.089201	0	10	28	区县
150627103209	新庙村村委会	110.392620	39.380291	0	30	58	村庄
150625103002	东方社区	108.736000	39.832599	0	10	33	区县
150626200208	陶日木音苏莫嘎查村委员会	108.483330	38.487990	0	30	47	村庄
150621103211	新城村委会	110.203098	40.483316	0	30	72	村庄
150602005004	奥林社区	110.042580	39.808950	1	80	97	政府机构
150622100222	永胜壕村委会	111.389810	39.858260	0	30	58	UNKNOWN
150602006002	铁路社区	109.968730	39.824961	1	80	97	政府机构
150622003003	白云社区	111.242030	39.862900	0	25	70	乡镇
150621100217	耳字壕村委会	110.004970	39.988659	0	30	58	地产小区
150602013200	碾盘梁村	109.993511	39.836139	1	80	100	政府机构
150603002005	恩和社区	109.701610	39.720979	0	30	51	UNKNOWN
150627101222	塔日雅柴达木村村委会	109.579268	39.239175	1	80	100	政府机构
150622101219	神山村委会	110.873640	39.653851	0	25	70	乡镇
150624101201	百眼井村	107.581170	39.695404	0	30	100	村庄
150621103207	东兴村委会	110.276080	40.346940	0	25	70	乡镇
150626104208	王窑湾村民委员会	108.820629	38.149511	0	25	55	乡镇
150625100004	民乐社区居委会	108.798617	39.692973	0	14	64	乡镇
150621104203	沙圪堵村委会	109.614260	40.450211	0	25	47	乡镇
150621200215	查干沟村委会	109.747070	40.031669	0	30	58	村庄
150625102202	碱柜村委会	107.948901	40.793659	0	25	47	乡镇
150627102009	第九居委会	110.043766	39.376223	0	14	64	乡镇
150602001006	城庆社区	109.984480	39.818500	1	80	97	政府机构
150624201203	呼和陶勒盖嘎查	107.886901	39.413580	0	30	100	UNKNOWN
150622103208	阿贵庙村委会	110.481650	39.485619	0	25	47	乡镇
150625200211	巴音温都尔嘎查村	108.533939	39.773891	0	30	72	UNKNOWN
150621102206	唐公营子村委会	110.385620	40.368811	0	30	72	村庄
150624100200	乌兰新村	107.983400	39.074891	1	80	100	地产小区
150622100218	牛光圪旦村委会	111.342080	39.866571	0	30	72	村庄
150603003004	呼和塔拉社区	109.794119	39.597501	1	80	97	政府机构
150622002002	南山社区	111.225760	39.867611	0	25	70	乡镇
150602007003	昭君社区	109.963298	39.834578	1	80	97	政府机构
150624103210	包勒壕内村	108.127380	39.605329	0	30	100	村庄
150625100213	锡尼布拉格嘎查村	108.832240	39.900351	0	30	100	UNKNOWN
150624200202	额尔和图嘎查	107.053360	39.381039	0	30	100	UNKNOWN
150625103203	解放村委会	108.747520	40.567860	0	30	72	村庄
150621105202	北海村委会	109.298470	40.456731	0	25	70	乡镇
150625100205	新井渠村委会	108.905201	39.599050	0	30	58	UNKNOWN
150621106204	宝日呼舒村委会	109.149750	40.487349	0	25	47	乡镇
150625103215	巴音庆格利嘎查村	108.932390	40.096150	0	30	100	UNKNOWN
150627104221	合同庙村村委会	109.522521	39.661650	1	80	100	政府机构
150602003001	技工社区	110.001340	39.806800	1	80	97	政府机构
150621105214	补录梁村委会	109.298470	40.456731	0	25	47	乡镇
150602013001	苏力德社区	109.993511	39.836139	1	80	95	政府机构
150623102220	巴彦希泊日嘎查村民委员会	108.053436	37.845972	1	80	97	UNKNOWN
150627101218	壕赖柴达木村村委会	109.648711	39.074725	1	80	100	政府机构
150625200207	乌日更嘎查村	109.221540	39.695849	0	30	47	UNKNOWN
150622101223	布尔洞沟村委会	111.041500	39.561301	0	30	58	村庄
150602004005	利民社区	109.999418	39.806930	1	80	100	地产小区
150622001004	周家湾社区	111.239570	39.864490	0	25	70	乡镇
150625400498	杭锦旗独贵塔拉工业园区管理委员会虚拟	108.736000	39.832599	0	10	28	区县
150627102208	石灰沟村村委会	110.089060	39.280388	1	80	100	政府机构
150624103206	召稍村	108.239190	39.478860	0	30	100	村庄
150621101200	大红奎村委会	110.557970	40.279551	0	30	58	UNKNOWN
150621107209	马场壕村委会	110.510369	40.048456	1	80	95	UNKNOWN
150626100206	巴音温都尔嘎查村民委员会	108.689410	38.767050	0	30	47	UNKNOWN
150623102200	城川嘎查村民委员会	108.343900	37.702861	0	30	72	UNKNOWN
150627104201	壕赖苏村村委会	109.308788	39.541410	1	80	100	政府机构
150627403498	鄂尔多斯圣圆煤化工基地虚拟社区	109.781000	39.608301	0	0	13	城市
150622106207	柏相公村委会	111.366610	39.570579	0	25	55	乡镇
150623101210	公乌素嘎查村民委员会	107.148430	38.580911	0	30	72	UNKNOWN
150622201201	脑包湾村委会	111.056520	40.261080	0	25	47	乡镇
150621006003	东源社区	110.012760	40.416791	1	80	97	政府机构
150602005008	花苑社区	110.042580	39.808950	1	80	97	政府机构
150626200204	磨菇滩村民委员会	108.657120	38.003520	0	30	72	UNKNOWN
150626104212	河南村民委员会	108.734871	37.859779	0	30	72	村庄
150622102213	黑圪劳湾村委会	111.167210	40.194928	1	80	100	政府机构
150623100006	乌兰新区居委会	107.478001	38.182399	0	12	29	区县
150627103205	布尔洞塔村村委会	109.800329	39.710878	0	30	72	村庄
150622104001	龙口社区	111.213080	39.438461	0	25	70	乡镇
150622101203	双山梁村委会	110.881020	39.553900	0	30	58	UNKNOWN
150626104204	水清湾村民委员会	108.997660	38.027121	0	30	72	村庄
150622102205	常树梁村委会	111.267290	39.961990	0	25	43	乡镇
150622100238	城壕村委会	111.236480	39.844400	0	25	70	乡镇
150627100203	柳沟村村委会	109.752960	39.566189	0	40	65	UNKNOWN
150622101215	贾浪沟村委会	110.650670	39.742939	0	30	58	村庄
150621002001	新华社区	110.043910	40.409790	1	80	97	政府机构
150627103213	其根高勒村村委会	110.326670	39.355011	0	30	58	村庄
150622200001	聚心社区	110.520380	39.713580	0	25	70	村庄
150623102216	伊克柴达木嘎查村民委员会	108.266910	37.924100	0	30	72	UNKNOWN
150626100210	呼和陶勒盖嘎查村委员会	108.730180	38.968729	0	30	72	UNKNOWN
150621005005	白塔北社区	110.034000	40.412601	0	12	34	区县
150627104217	木呼敖包村村委会	109.271505	39.492831	1	80	100	政府机构
150622202207	尔圪壕嘎查村	110.803740	40.047101	0	25	55	乡镇
150623101206	陶利嘎查村民委员会	106.956730	38.650001	0	30	72	UNKNOWN
150626103200	巴音希里嘎查村委员会	108.991201	38.781546	1	80	97	UNKNOWN
150622105201	乌兰哈达村委会	110.324539	39.715308	1	80	95	UNKNOWN
150602100200	漫赖村委会	109.443820	39.799270	0	30	58	UNKNOWN
150627102005	第五居委会	110.043766	39.376223	0	14	46	乡镇
150622201217	蓿亥图村委会	111.056520	40.261080	0	25	47	乡镇
150627102212	明安木独村村委会	110.043766	39.376223	0	14	32	乡镇
150622100214	三宝窑子村委会	111.236480	39.844400	0	25	55	乡镇
150627101202	营盘河村村委会	109.791326	39.262687	1	80	100	政府机构
150622103204	二道柳村委会	110.464020	39.575680	0	30	58	UNKNOWN
150623102001	城川社区居委会	108.286660	37.711281	0	30	72	UNKNOWN
150627106206	乃玛岱村村委会	109.823903	39.288865	1	80	100	政府机构
150602101201	九成功村委会	109.797720	39.806040	0	30	58	UNKNOWN
150622104200	马栅村委会	111.213080	39.438461	0	25	47	乡镇
150622101002	开源社区	110.873640	39.653851	0	25	70	乡镇
150626102201	陶报格嘎查村委员会	109.191229	38.986121	0	30	72	UNKNOWN
150623100207	马场井村民委员会	107.478001	38.182399	0	12	29	区县
150627100014	扎萨克社区居委会	109.752960	39.566189	0	40	77	UNKNOWN
150627105216	其和淖尔村村委会	109.348187	39.382743	1	80	100	政府机构
150621004004	恒润社区	110.034000	40.412601	0	12	44	区县
150627106210	查干敖包村村委会	109.559630	39.451720	0	30	58	村庄
150622200200	暖水村委会	110.520380	39.713580	0	25	70	村庄
150625103219	图古日格嘎查村	108.884620	40.302031	0	30	100	UNKNOWN
150623100211	伊克乌素嘎查村民委员会	107.441950	38.319241	0	30	72	UNKNOWN
150627105200	红庆河村村委会	109.592380	39.356890	0	30	58	村庄
150627100002	恩可社区居委会	109.752960	39.566189	0	40	77	UNKNOWN
150625100209	布哈岱村委会	108.984640	39.505660	0	30	58	UNKNOWN
150623103201	巴彦柴达木嘎查村民委员会	108.040390	38.076061	0	30	72	UNKNOWN
150621106208	南布日嘎斯太村委会	109.149750	40.487349	0	25	40	乡镇
150627102204	查干苏村村委会	109.918186	39.337905	1	80	100	政府机构
150626103001	查干塔拉居民委员会	109.106910	38.739989	0	25	47	乡镇
150622103212	松树墕村委会	110.481650	39.485619	0	25	47	乡镇
150627101214	都嘎敖包嘎查	109.650120	39.250710	0	30	100	UNKNOWN
150621100221	河洛图村委会	110.025860	40.403351	0	25	43	乡镇
150624404498	棋盘井工业园区虚拟社区	107.012272	39.376969	0	60	67	工业园区
150624103201	水泉子村	108.399850	39.470691	0	30	100	村庄
150622101224	石窑沟村委会	110.873640	39.653851	0	25	70	乡镇
150625200200	巴音乌素嘎查村	109.221540	39.695849	0	30	51	UNKNOWN
150602004002	桥西社区	109.980450	39.806040	1	80	95	政府机构
150624100211	沙日布日都嘎查	108.268360	39.255680	0	30	100	UNKNOWN
150622001003	站北社区	111.239570	39.864490	0	25	70	乡镇
150622004201	苏计沟村委会	111.245300	39.852249	0	30	58	村庄
150627104226	杨家壕村村委会	109.479447	39.681558	1	80	100	政府机构
150625103212	杭锦淖尔村委会	108.922809	40.494108	0	60	80	UNKNOWN
150623102227	葫芦素淖日村民委员会	107.911480	37.875440	0	30	72	UNKNOWN
150602003006	伊欢社区	110.001340	39.806800	1	80	97	政府机构
150621105213	耳字沟村委会	109.435250	39.999881	0	30	58	村庄
150627100009	通格朗社区居委会	109.752960	39.566189	0	40	59	UNKNOWN
150625100202	大乌兰敖包村委会	109.239882	39.545566	0	25	55	旅游景点
150624101007	新欣社区	107.045290	39.394560	0	25	70	乡镇
150621106203	红海村委会	109.149750	40.487349	0	25	70	乡镇
150625103204	沙圪堵淖尔村委会	108.736000	39.832599	0	10	23	区县
150621105205	武大仓村委会	109.350590	40.254690	0	30	58	UNKNOWN
150624102001	隆安社区	106.752020	39.918089	0	25	70	乡镇
150625100214	阿拉腾图布希嘎查村	108.798617	39.692973	0	14	37	乡镇
150624200205	伊连陶勒盖嘎查	108.462880	38.549781	0	30	100	UNKNOWN
150603003003	宁馨社区	109.794119	39.597501	1	80	97	政府机构
150622002005	南苑社区	111.225760	39.867611	0	25	70	乡镇
150624103217	察汗敖包嘎查	108.611261	39.304119	0	30	72	村庄
150602007004	都兰社区	109.963298	39.834578	1	80	97	政府机构
150625104200	东红柳村委会	108.736000	39.832599	0	10	25	区县
150627101209	黄陶勒盖村村委会	109.746994	39.212527	1	80	100	政府机构
150621102201	柴达木村委会	110.373170	40.323320	0	25	47	乡镇
150624100207	马新布拉格嘎查	107.713211	38.898489	1	80	100	UNKNOWN
150602011001	兴业社区	110.005040	39.797980	1	80	97	政府机构
150624201204	巴音乌素嘎查	107.740050	39.246991	0	30	100	UNKNOWN
150602001001	吉劳庆社区	109.984480	39.818500	1	80	97	政府机构
150622001202	邦郎色太村委会	111.239570	39.864490	0	25	47	乡镇
150625200001	摩林河社区	107.877941	40.027416	1	80	100	UNKNOWN
150621200212	赛乌素村委会	109.621180	39.952580	0	30	72	村庄
150621104204	二罗圪堵村委会	109.576051	40.515889	0	30	58	UNKNOWN
150625102205	五苗树村委会	107.862569	40.808221	0	30	58	UNKNOWN
150621103200	杨家圪堵村委会	110.276080	40.346940	0	25	47	乡镇
150625100003	育才社区居委会	108.798617	39.692973	0	14	64	乡镇
150602006005	安达社区	109.968730	39.824961	1	80	97	政府机构
150621100210	东海心村委会	110.025860	40.403351	0	25	43	乡镇
150622003004	贾家湾社区	111.260790	39.866519	0	30	100	村庄
150627101225	高勒庙村村委会	109.698202	39.133619	1	80	100	政府机构
150603002002	神华康城社区	109.794006	39.621752	0	50	100	地产小区
150621103216	三份子村委会	110.379450	40.387581	0	30	58	村庄
150602005003	永宁社区	110.042580	39.808950	1	80	97	政府机构
150624101210	额尔和图嘎查	107.053360	39.381039	0	30	100	UNKNOWN
150603001004	哈巴格希社区	109.781194	39.590781	1	80	100	政府机构
150622100225	海子塔村委会	111.122870	39.774610	0	30	58	村庄
150621100206	靴铺窑子村委会	110.025860	40.403351	0	25	55	乡镇
150624102200	新民村	106.750151	39.980939	0	30	100	村庄
150622101208	纳林村委会	110.777990	39.796513	1	80	100	政府机构
150621107202	母哈日沟村委会	110.034000	40.412601	0	12	26	区县
150624100006	帅丰社区	107.968183	39.095652	1	80	100	地产小区
150624201212	哈图嘎查	107.459030	38.796170	0	30	100	UNKNOWN
150625104001	长青社区居委会	108.736000	39.832599	0	10	28	区县
150625101203	朝凯村委会	107.140845	40.352935	1	80	100	政府机构
150621104212	赛乌素村委会	109.621180	39.952580	0	30	72	村庄
150621200204	道劳哈勒正村委会	109.696760	40.412149	0	30	47	UNKNOWN
150627105227	巴音布拉格村村委会	109.059186	39.387595	1	80	100	政府机构
150622202001	福泽社区	110.803740	40.047101	0	25	70	乡镇
150622103215	山不拉村委会	111.240000	39.864200	0	12	26	区县
150627101213	查干柴达木村村委会	109.766743	39.290144	1	80	100	政府机构
150627102203	乌兰木伦村村委会	110.100580	39.442030	0	30	58	村庄
150622400498	准格尔经济开发区虚拟社区	111.240000	39.864200	0	12	26	区县
150627100005	园林社区居委会	109.723925	39.578382	1	80	100	政府机构
150602102200	潮脑梁村委会	110.278559	39.809240	1	75	92	UNKNOWN
150627105207	其劳图村村委会	109.603872	39.337202	1	80	100	政府机构
150623103206	毛盖图嘎查村民委员会	108.162700	38.372861	0	30	72	UNKNOWN
150626101200	乌审召嘎查村委员会	109.043480	39.092430	0	30	72	UNKNOWN
150622200207	韩家塔村委会	110.520380	39.713580	0	25	47	村庄
150622104211	大圐圙梁村委会	111.265280	39.446389	0	30	58	UNKNOWN
150627105211	兰家圪卜村村委会	109.665768	39.336446	1	80	100	政府机构
150627100013	纳林高勒社区居委会	109.739009	39.591731	1	80	100	政府机构
150621004003	蒙达社区	110.034000	40.412601	0	12	44	区县
150625100218	道劳呼都格嘎查村	108.571085	39.678183	1	80	95	UNKNOWN
150624200209	哈达图嘎查	108.263770	39.020820	0	30	100	UNKNOWN
150623103210	沙日胡舒嘎查村民委员会	107.689450	38.629251	0	30	72	UNKNOWN
150602101206	色连村委会	109.891330	39.867460	0	30	58	UNKNOWN
150627106201	沙巴日太嘎查村	109.820430	39.427539	0	30	100	UNKNOWN
150622101005	鑫鑫社区	110.873640	39.653851	0	25	70	乡镇
150622104207	公盖梁村委会	111.213080	39.438461	0	25	47	乡镇
150625103208	塔然高勒村委会	109.044830	39.923880	1	80	95	UNKNOWN
150626102206	沙日嘎毛日村民委员会	109.488899	38.937011	0	30	72	UNKNOWN
150603402498	鄂尔多斯市云计算产业园区虚拟社区	109.781000	39.608301	0	0	15	城市
150623100200	敖勒召其嘎查村民委员会	107.484140	38.184079	0	30	72	UNKNOWN
150621105209	元宝湾村委会	109.448650	40.179479	0	30	58	UNKNOWN
150627101205	玛勒庆壕赖村村委会	109.937505	39.196785	1	80	100	政府机构
150622103203	柳塔村委会	110.448009	39.522581	0	30	58	村庄
150622106001	东升社区	111.366610	39.570579	0	25	70	乡镇
150627102215	曼斋庙村村委会	109.860374	39.494317	1	80	100	政府机构
150622100213	柳青梁村委会	111.236480	39.844400	0	25	43	乡镇
150621104208	沙壕村委会	109.788890	40.109711	0	30	58	UNKNOWN
150623101201	八一村民委员会	106.656070	38.357841	0	25	70	乡镇
150622201210	杨子华村委会	111.056520	40.261080	0	25	43	乡镇
150625102209	光永村委会	107.881700	40.831320	0	30	58	UNKNOWN
150622105206	沙蒿塔村委会	110.357850	39.698639	0	30	58	村庄
150627102002	第二居委会	110.043766	39.376223	0	14	64	乡镇
150602100207	泊尔江海子村委会	109.386610	39.854599	0	25	55	乡镇
150603008004	悦和社区	109.863000	39.610700	0	16	38	区县
150624201208	陶利嘎查	106.956730	38.650001	0	30	100	UNKNOWN
150623102211	羊场壕村民委员会	108.126920	37.704209	0	30	72	UNKNOWN
150622202200	铧尖村委会	110.803740	40.047101	0	25	70	乡镇
150621005002	金鹏社区	110.034000	40.412601	0	12	44	区县
150627104210	乌尔掌村村委会	109.428650	39.586478	1	80	100	政府机构
150622101212	常胜店村委会	110.774470	39.845319	0	30	58	UNKNOWN
150627103214	布都阿麻村村委会	110.419133	39.405066	1	80	100	政府机构
150626104203	庙滩村民委员会	108.980510	38.050949	0	30	72	村庄
150627100204	车家渠村村委会	109.752960	39.566189	0	40	59	UNKNOWN
150602008001	团结社区	109.954610	39.829470	1	80	97	政府机构
150623100001	满都拉社区居委会	107.478001	38.182399	0	12	34	区县
150627103202	沙沙圪台村村委会	109.997970	39.678839	0	30	58	村庄
150622101204	伏路村委会	110.873640	39.653851	0	25	47	乡镇
150626200203	昌黄嘎查村委员会	108.477340	37.832350	0	30	72	UNKNOWN
150622100229	沟门村委会	111.236480	39.844400	0	25	70	乡镇
150621200208	福茂城村委会	109.873323	40.197397	0	14	32	乡镇
150622201206	卅顷地村委会	111.056520	40.261080	0	25	43	乡镇
150626100201	达布察克村民委员会	108.818000	38.603901	0	12	50	区县
150623102207	高潮畔村民委员会	108.061410	37.776890	0	30	72	UNKNOWN
150602404498	铜川汽车博览园虚拟社区	110.118549	39.785386	0	50	67	工业园区
150627104206	道劳岱村村委会	109.748000	39.564399	0	12	24	区县
150622106200	魏家峁村委会	111.365294	39.571433	1	80	100	政府机构
150626100200	斯布呼勒嘎查村委员会	109.012110	38.524141	0	30	72	UNKNOWN
150623102206	糜地梁嘎查村民委员会	108.302830	37.702130	0	30	72	UNKNOWN
150627104207	乌兰提格村村委会	109.410438	39.706594	1	80	100	政府机构
150622401498	大路煤化工基地虚拟社区	111.240000	39.864200	0	12	23	区县
150622106201	范家峁村委会	111.366610	39.570579	0	25	47	乡镇
150621200209	展旦召嘎查村	109.942380	40.306439	0	25	70	UNKNOWN
150602100210	城梁村委会	109.682610	39.854560	0	30	58	UNKNOWN
150622100013	羊市圪咀社区	111.236480	39.844400	0	25	70	乡镇
150622201207	兴胜店村委会	111.056520	40.261080	0	25	43	乡镇
150626200202	朝代嘎查村委员会	108.489277	37.888679	1	80	97	UNKNOWN
150621001001	召北社区	110.018740	40.405571	1	80	95	政府机构
150627103203	呼雅克图村村委会	110.089396	39.641186	0	30	58	村庄
150622101205	特拉沟门村委会	111.007920	39.599379	0	30	51	村庄
150626104202	排子湾村民委员会	108.859670	38.128779	0	30	72	村庄
150622102203	小滩子村委会	111.267290	39.961990	0	25	47	乡镇
150627100205	掌岗图村村委会	109.659458	39.566586	1	80	100	政府机构
150622101213	榆树塔村委会	110.876980	39.595830	0	30	58	村庄
150627103215	满赖沟村村委会	110.260172	39.477309	1	80	100	政府机构
150623102210	章昂希里村民委员会	107.972900	37.877311	0	30	72	UNKNOWN
150624201209	赛音乌素嘎查	107.323619	39.178141	0	30	100	UNKNOWN
150622202201	李家塔村委会	110.690719	40.011671	0	30	72	村庄
150621005003	文苑社区	110.034000	40.412601	0	12	44	区县
150627104211	敏盖村村委会	109.379862	39.547927	1	80	100	政府机构
150621104209	柴磴嘎查村	109.694060	40.330189	0	30	100	UNKNOWN
150623101200	水泉子村民委员会	106.656070	38.357841	0	25	55	乡镇
150626103206	胜利村民委员会	109.321140	38.630800	0	30	72	村庄
150625102208	巴音村委会	108.736000	39.832599	0	10	22	区县
150622201211	康布尔村委会	111.056520	40.261080	0	25	43	乡镇
150622105207	四道柳村委会	110.206350	39.703221	0	25	43	乡镇
150627102003	第三居委会	110.043766	39.376223	0	14	64	乡镇
150627400498	鄂尔多斯江苏工业园区虚拟社区	109.781000	39.608301	0	0	24	城市
150603008005	格德热格社区	109.863000	39.610700	0	16	47	区县
150602100206	石畔村委会	109.386610	39.854599	0	25	70	乡镇
150627102214	哈沙图村村委会	109.841554	39.475952	1	80	100	政府机构
150622100212	大饭铺村委会	111.236480	39.844400	0	25	47	乡镇
150621003006	长胜社区	110.021960	40.396751	1	80	97	政府机构
150627101204	哈日木乎尔村村委会	109.854900	39.190320	0	30	58	UNKNOWN
150622103202	红进塔村委会	110.481650	39.485619	0	25	47	乡镇
150626100001	朝阳社区居民委员会	108.818000	38.603901	0	12	29	区县
150627106200	布拉格嘎查村	109.765880	39.364120	0	30	100	UNKNOWN
150602101207	撖家塔村委会	109.851120	39.837331	0	25	47	乡镇
150622101004	迎宾社区	110.873640	39.653851	0	25	70	乡镇
150622104206	麻地梁村委会	111.234460	39.523271	0	30	58	UNKNOWN
150625103209	二圪旦湾村委会	108.736000	39.832599	0	10	23	区县
150622200210	昌汉素村委会	110.560763	39.612565	0	30	58	村庄
150626102207	葫芦孙淖尔村民委员会	109.401530	39.056129	0	25	55	乡镇
150623100201	乌兰道崩嘎查村民委员会	107.478001	38.182399	0	12	24	区县
150621105208	茶窑沟村委会	109.306779	40.188651	0	30	72	村庄
150627105210	林家圪堵村村委会	109.617315	39.274481	1	80	100	政府机构
150627100012	文明街社区居委会	109.752960	39.566189	0	40	59	UNKNOWN
150621004002	化工社区	110.034000	40.412601	0	12	44	区县
150625100219	赛音台格嘎查村	108.511990	39.913720	0	30	72	UNKNOWN
150623103211	巴彦乌珠日嘎查村民委员会	107.663230	38.582919	0	30	72	UNKNOWN
150624200208	马什亥嘎查	108.343140	39.009931	0	30	100	UNKNOWN
150622200206	德胜西村委会	110.520380	39.713580	0	25	47	村庄
150622104210	长滩村委会	111.213080	39.438461	0	25	70	乡镇
150627100004	吉日嘎朗社区居委会	109.752960	39.566189	0	40	56	UNKNOWN
150627105206	冯家渠村村委会	109.446893	39.342249	1	80	100	政府机构
150602102201	神山村委会	110.098725	39.779717	1	80	100	政府机构
150623103207	苏力迪嘎查村民委员会	107.961000	38.287549	0	30	72	UNKNOWN
150626101201	巴音陶勒盖嘎查村委员会	109.218227	39.192069	1	80	97	UNKNOWN
150622100204	黑岱沟村委会	111.242501	39.852981	1	80	100	政府机构
150627102202	苏勒德霍洛村村委会	110.076819	39.431487	1	80	100	政府机构
150623101001	长城花园社区居委会	106.652623	38.346522	0	50	82	地产小区
150622103214	二长渠村委会	110.481650	39.485619	0	25	55	乡镇
150627101212	给勒登庙嘎查	109.706730	39.298960	0	30	100	UNKNOWN
150621104213	石巴圪图村委会	109.701470	40.131469	0	30	58	UNKNOWN
150602002006	通顺社区	110.016420	39.814441	1	80	97	政府机构
150621200205	柳林村委会	109.873323	40.197397	0	14	64	乡镇
150627105226	阿道亥村村委会	109.133122	39.325433	1	80	100	政府机构
150621107203	刘长沟村委会	110.034000	40.412601	0	12	29	区县
150624100007	政和园社区	107.986450	39.091341	0	25	70	乡镇
150624201213	马新布拉格嘎查	107.689190	38.907651	0	30	100	UNKNOWN
150625101202	新建村委会	107.095891	40.329958	1	80	97	政府机构
150621100207	张铁营子村委会	110.108060	40.348629	0	30	72	村庄
150624102201	羊场村	106.740970	39.975750	0	30	100	UNKNOWN
150622101209	刘家渠村委会	110.873640	39.653851	0	25	70	乡镇
150621103217	宋五营子村委会	110.324070	40.424901	0	30	72	村庄
150602005002	果园社区	110.042580	39.808950	1	80	97	政府机构
150602010200	格舍壕村	110.055900	39.807139	0	30	100	村庄
150602006004	铁西社区	109.968730	39.824961	1	80	97	政府机构
150622003005	张家塔社区	111.251370	39.870919	0	30	100	村庄
150621100211	树林召村委会	110.023259	40.400260	0	40	65	UNKNOWN
150627101224	毛盖图村村委会	109.726866	39.075004	1	80	100	政府机构
150603002003	康盛社区	109.701610	39.720979	0	30	51	UNKNOWN
150624101207	呼吉嘎查	107.227430	39.340060	0	30	100	UNKNOWN
150621103201	生成永村委会	110.426030	40.355210	0	30	58	UNKNOWN
150622100232	宁格尔塔村委会	111.115954	39.783096	1	80	100	政府机构
150625100002	团结社区居委会	108.798617	39.692973	0	14	64	乡镇
150621200213	哈达图村委会	109.873323	40.197397	0	14	64	乡镇
150624103001	隆诚社区	108.391050	39.436920	0	25	70	乡镇
150621104205	候家圪堵村委会	109.614260	40.450211	0	25	43	乡镇
150625102204	乃玛岱村委会	108.020830	40.812289	0	30	58	UNKNOWN
150624201205	乌兰乌素嘎查	107.609390	39.267030	0	30	100	UNKNOWN
150622004001	和泰社区	111.250780	39.851719	0	25	70	乡镇
150625104201	巴拉亥村委会	108.736000	39.832599	0	10	22	区县
150627101208	巴音盖村村委会	109.748000	39.564399	0	12	26	区县
150621102200	白泥井村委会	110.373170	40.323320	0	25	70	乡镇
150624100206	德日苏嘎查	107.773570	38.922629	0	30	100	UNKNOWN
150603003002	兴旺社区	109.794119	39.597501	1	80	97	政府机构
150622002004	湖东社区	111.225760	39.867611	0	25	70	乡镇
150621101210	龚吉仁村	110.658501	40.261889	0	30	100	村庄
150602007005	家园社区	109.963298	39.834578	1	80	97	政府机构
150624103216	索扣村	108.745600	39.251500	0	30	100	村庄
150625100215	阿斯尔嘎查村	108.948929	39.729921	0	30	100	UNKNOWN
150624101010	棋祥社区	107.045290	39.394560	0	25	70	乡镇
150624200204	斯布扣嘎查	108.357388	38.484203	1	80	100	UNKNOWN
150602010001	惠民社区	109.963000	39.822201	0	14	46	区县
150625103205	沙日召嘎查村	108.736000	39.832599	0	10	25	区县
150621105204	蒲圪卜村委会	109.298470	40.456731	0	25	43	乡镇
150627100008	满达社区居委会	109.752960	39.566189	0	40	59	UNKNOWN
150625100203	阿日柴达木村委会	109.094000	39.366699	0	30	58	村庄
150624101006	艾利社区	107.045290	39.394560	0	25	70	乡镇
150621106202	乌兰计村委会	109.067760	40.520431	0	30	58	村庄
150625103213	永兴村委会	108.911280	40.502699	0	30	72	村庄
150623102226	克珠日村民委员会	108.311200	37.701789	0	25	55	乡镇
150621105212	哈拉亥图村委会	109.298470	40.456731	0	25	43	乡镇
150625200201	脑高岱嘎查村	109.221540	39.695849	0	30	51	UNKNOWN
150622101225	打麻梁村委会	110.873640	39.653851	0	25	43	乡镇
150622103218	老荒地村委会	110.481650	39.485619	0	25	70	乡镇
150624100210	赛罕塔拉嘎查	108.068035	39.299172	1	80	100	UNKNOWN
150602004003	新丰社区	109.980450	39.806040	1	80	97	政府机构
150622001002	鑫凯社区	111.239570	39.864490	0	25	70	乡镇
150621102216	隆盛城村	110.470660	40.344189	0	30	100	UNKNOWN
150622004200	长胜店村委会	111.245483	39.853232	1	80	100	政府机构
150622100208	大塔村委会	111.253411	39.654909	0	30	72	村庄
150624103200	巴音淖尔村	108.450000	39.360180	0	30	100	村庄
