150727100207	山达嘎查	116.810549	48.664142	0	25	55	乡镇
150781002002	丁香园社区居委会	117.467475	49.574229	1	80	100	政府机构
150722102201	五家子村委会	124.097160	48.596689	0	25	70	乡镇
150783201207	济沁河村村委会	122.362530	48.176770	0	25	47	乡镇
150726101002	白音查干社区居委会	118.158723	49.409949	0	12	44	乡镇
150723106206	马鞍山村委会	124.214990	49.559868	0	25	70	乡镇
150722100400	莫旗巴特罕工业园区	124.498030	48.471661	0	25	70	乡镇
150722101211	团结村委会	125.138010	49.709961	0	30	72	村庄
150723201200	希日特奇村委会	123.726001	50.591598	0	10	25	区县
150726203206	西林贝尔嘎查	119.048878	48.067889	1	80	100	UNKNOWN
150723105216	兴盛村委会	124.522469	49.963002	0	30	72	村庄
150783103003	永平居委会	122.831251	47.748250	0	25	70	乡镇
150722202203	东胜村委会	124.519001	48.477100	0	10	33	区县
150722106215	坤密尔堤村委会	124.280910	48.667460	0	25	47	乡镇
150723409502	吉峰林场	123.205331	50.582326	1	80	95	政府机构
150784403504	红旗屯	120.179495	50.215445	1	80	91	UNKNOWN
150726204202	罕达盖嘎查	119.449499	47.473132	0	30	100	UNKNOWN
150702100204	孙家屯村村委会	120.172601	49.231579	0	16	65	乡镇
150727102001	呼伦艾里社区	117.120200	49.382870	0	25	55	乡镇
150722105205	三合村委会	124.470260	48.261721	0	25	70	乡镇
150721401505	五队	123.800881	48.514759	1	80	97	UNKNOWN
150783100228	野马河村村委会	122.366240	47.494270	0	25	47	乡镇
150723101202	架子山村委会	124.618680	49.739950	0	25	70	乡镇
150722106203	民巨川村委会	124.198313	48.660640	1	80	95	UNKNOWN
150722103001	哈达阳社区居民委员会	125.218030	49.296570	0	25	43	乡镇
150722200228	石头沟村委会	124.775790	49.467521	0	25	70	乡镇
150721402503	阿力格亚林场	123.460989	48.116762	1	80	94	政府机构
150724100009	安门社区	119.755790	49.136481	0	25	70	乡镇
150782103006	煤安社区居民委员会	121.395771	49.571068	0	25	47	乡镇
150727203203	呼伦嘎查	117.254191	48.459599	0	30	100	UNKNOWN
150722201205	巴格达瓦村委会	123.829439	48.965352	0	25	47	乡镇
150783107001	振兴居委会	122.626860	47.669382	0	25	70	乡镇
150723101214	多布库尔猎民村委会	124.618680	49.739950	0	25	47	乡镇
150783102203	一心村村委会	122.769037	48.245645	1	80	100	政府机构
150784400502	大西山屯	119.837795	49.300836	0	80	94	UNKNOWN
150721401513	十三队	123.800881	48.514759	1	80	97	UNKNOWN
150722102217	太平岗村委会	123.739900	48.728089	0	30	72	村庄
150782101200	沟口村民委员会	121.915980	48.753621	0	25	70	乡镇
150723106210	小二红村委会	124.214990	49.559868	0	25	47	乡镇
150724215209	阿尔善诺尔嘎查	119.172273	48.782096	1	80	100	UNKNOWN
150781001004	馨园社区	117.477975	49.586202	1	80	97	政府机构
150722101207	山口村委会	125.089549	49.626051	0	30	72	村庄
150722111207	安民村委会	124.553740	48.652412	0	30	72	村庄
150723100002	青山社区居民委员会	123.723120	50.594349	0	25	47	乡镇
150726102004	乌尔逊社区居委会	118.268743	48.216382	1	80	100	政府机构
150783202201	护林村村委会	122.223939	47.610325	1	80	100	政府机构
150723201001	托河社区居民委员会	122.517552	50.483939	0	50	73	UNKNOWN
150721400512	西德昌队	123.594859	48.137920	1	80	100	政府机构
150784401503	奶牛村	120.180000	50.242499	0	10	23	区县
150726206205	阿木古郎宝力格嘎查	118.136495	48.360346	0	25	55	乡镇
150783103202	繁荣村村委会	122.831251	47.748250	0	25	70	乡镇
150722200204	巴彦街村委会	124.775790	49.467521	0	25	47	乡镇
150727202202	额尔敦乌拉嘎查	116.775041	48.927849	0	30	100	UNKNOWN
150783100212	中宁村村委会	122.366240	47.494270	0	25	47	乡镇
150727201212	芒来嘎查	116.595501	48.504189	0	30	100	UNKNOWN
150727100006	蓝旗庙社区居民委员会	116.810549	48.664142	0	25	43	乡镇
150783203200	色吉拉呼村村委会	122.196790	47.276411	0	25	41	村庄
150721101208	长安村委会	123.685140	48.347750	0	30	72	村庄
150726202211	巴音诺尔嘎查	118.572091	48.325079	0	30	100	UNKNOWN
150723104201	团结村委会	123.727631	49.159779	0	30	72	村庄
150783107216	三道沟村村委会	122.501896	47.766092	1	80	100	政府机构
150723101003	平安里社区居民委员会	124.618680	49.739950	0	25	47	乡镇
150722110206	新肯西拉金村委会	124.124200	49.060422	0	25	55	乡镇
150727102200	伊和诺尔嘎查	117.186981	49.450449	0	30	100	UNKNOWN
150722100206	乌尔科村委会	124.498030	48.471661	0	25	47	乡镇
150721102218	四合村委会	123.794771	48.503869	0	25	70	乡镇
150783401508	第九生产队	121.586238	47.612475	1	80	100	政府机构
150783104206	暖泉村村委会	123.077402	47.901158	1	80	100	政府机构
150784001013	广安社区居委会	120.180222	50.235941	1	80	97	政府机构
150782100201	团结村民委员会	121.069961	49.084661	0	30	72	村庄
150783107200	头道沟村村委会	122.626860	47.669382	0	25	70	乡镇
150726202207	善都嘎查	118.789329	48.726372	0	30	58	村庄
150723200201	兴牧村委会	124.920680	50.068339	0	25	47	村庄
150722100210	宜卧奇村委会	124.498030	48.471661	0	25	47	乡镇
150722110210	塔北村委会	124.124200	49.060422	0	25	70	乡镇
150783104210	前进村村委会	122.999685	47.778894	1	80	100	政府机构
150723102005	甘泉社区居民委员会	123.042160	50.631831	0	25	47	乡镇
150723402509	扎兰河农场四队作业区	116.342000	39.726900	0	14	25	区县
150783200206	诺彦托布村村委会	122.996460	48.015371	0	25	43	乡镇
150781003003	富华社区居委会	117.457418	49.590825	1	80	97	政府机构
150722103200	哈达阳村委会	125.218030	49.296570	0	25	43	乡镇
150723404598	虚拟辖区生活区	123.879468	49.736440	0	80	94	餐饮
150723105001	甘奎社区居民委员会	124.352271	49.887928	1	80	95	UNKNOWN
150723100203	阿东村委会	123.804320	50.564108	0	30	72	村庄
150724110033	雁北社区	120.579490	49.242771	0	25	70	乡镇
150785002006	幸福社区	121.511230	50.778806	1	80	97	政府机构
150726102205	塔日根诺尔嘎查	118.270001	48.218100	0	10	25	区县
150721100008	道西社区居委会	123.473109	48.125696	0	25	70	乡镇
150722104204	马当浅村委会	124.106690	48.681990	0	25	43	乡镇
150702101205	胜利村村委会	119.770540	49.218119	0	30	58	村庄
150722200212	达拉滨村委会	124.775790	49.467521	0	25	47	乡镇
150783100204	杨树沟村村委会	122.265441	47.464911	1	80	100	政府机构
150784402505	小乌尔根屯	119.837795	49.300836	0	80	90	UNKNOWN
150726205203	呼伦嘎查	117.932460	48.997551	0	30	100	UNKNOWN
150727201204	巴音查干嘎查	116.174970	48.359289	0	30	72	村庄
150722203202	瓦西格奇村委会	123.811780	48.852261	0	25	43	乡镇
150703002001	新开街社区居委会	117.715339	49.462731	0	40	77	道路
150783403503	第四中队	122.859739	47.741862	1	80	95	UNKNOWN
150724213001	巴彦塔拉社区居民委员会	119.749630	48.998542	0	30	58	UNKNOWN
150723403504	五队	125.048451	50.009548	1	80	97	UNKNOWN
150721103203	西鸡村委会	123.337939	48.340212	0	25	47	乡镇
150721106001	幸福社区居委会	123.273150	48.201121	0	25	70	乡镇
150723413504	二队	124.813080	49.790738	0	60	87	UNKNOWN
150785200005	敖鲁古雅社区居委会	121.475020	50.778890	0	25	70	地产小区
150722105209	胜利村委会	124.470260	48.261721	0	25	55	乡镇
150722400507	七队	124.640030	49.376529	0	40	77	UNKNOWN
150783005201	高台子村村委会	122.775238	47.971106	1	80	94	政府机构
150725102206	宝日汗图嘎查	118.902449	49.187672	0	25	55	乡镇
150782004004	永强社区居民委员会	120.728063	49.279966	1	80	94	政府机构
150721104207	向阳村委会	123.272140	48.033852	0	30	72	村庄
150724401498	高载能工业园区虚拟社区	119.754479	49.062191	1	80	93	UNKNOWN
150702007210	红星村村委会	119.782501	49.259819	0	30	58	村庄
150721401509	九队	123.800881	48.514759	1	80	97	UNKNOWN
150723414500	诺敏管护站生活区	124.117863	50.410554	1	80	94	政府机构
150722106219	新农村村委会	124.280910	48.667460	0	25	70	乡镇
150782400500	第一管理区	120.661420	49.361270	1	80	97	UNKNOWN
150722108207	郭恩河村委会	124.359132	49.129232	0	50	73	UNKNOWN
150721203201	新发村委会	123.524850	48.099872	0	30	72	村庄
150702001002	礼拜寺居委会	119.736000	49.212101	0	14	37	区县
150722400511	十一队	124.640030	49.376529	0	40	77	UNKNOWN
150702002004	建新居委会	119.740071	49.205955	1	80	97	政府机构
150702007206	互助村村委会	119.736000	49.212101	0	14	46	区县
150721104211	两方六村委会	123.266910	48.031581	0	25	47	乡镇
150724212201	哈日嘎那嘎查	120.287590	48.857332	0	25	70	乡镇
150783407501	庙尔山林场	122.738000	48.013802	0	10	28	区县
150721200207	马河村委会	123.711220	48.638592	0	25	70	乡镇
150725101200	布敦胡硕嘎查	119.621449	49.279172	0	30	100	UNKNOWN
150722108211	库木尔肯村委会	124.666310	48.874632	0	25	43	乡镇
150722403501	一队	124.358529	49.546821	1	80	100	UNKNOWN
150784103012	兴林社区居委会	120.785781	51.255748	0	25	55	乡镇
150721107201	太平桥村委会	123.949990	48.389892	0	30	72	村庄
150723407506	苇河管护所	123.051430	50.632820	1	80	95	政府机构
150783103222	大旗村村委会	122.480996	47.884241	1	80	100	政府机构
150783004001	东方红居委会	122.753119	47.985033	1	80	97	政府机构
150723410502	林业局阿南林场	123.724100	50.599711	1	80	94	政府机构
150783108205	合兴村村委会	122.019430	47.228542	0	25	70	乡镇
150723400502	三队	123.744270	49.584819	1	80	97	UNKNOWN
150725201202	毕鲁图嘎查	120.297853	49.728552	1	80	100	UNKNOWN
150721103215	立新村委会	123.337939	48.340212	0	25	70	乡镇
150724215205	巴音乌拉嘎查	119.046610	48.449970	0	30	100	UNKNOWN
150723406507	林业局奎中管护站生活区	124.625888	49.737184	1	80	94	政府机构
150782006003	暖建社区居民委员会	120.696598	49.284226	1	80	94	政府机构
150721106200	地房子村委会	123.273150	48.201121	0	25	70	乡镇
150725201500	那吉社区村	120.476147	49.867245	1	80	97	UNKNOWN
150722402500	欧肯河农场场部	124.805235	49.788632	1	80	100	UNKNOWN
150722109210	富强村委会	124.464660	49.545029	0	25	55	乡镇
150783002004	红旗居委会	122.742346	48.013369	1	80	97	政府机构
150725501507	第七生产队	119.929643	49.802857	1	80	100	UNKNOWN
150724110029	向辉社区	120.579490	49.242771	0	25	55	乡镇
150783406500	兴安林场	121.308650	47.556522	1	80	97	政府机构
150721201206	郭家窑村委会	123.076880	48.522769	0	25	70	乡镇
150721105210	余粮庄村委会	123.448380	48.690841	0	25	47	乡镇
150724213200	巴彦布拉日嘎查	119.738537	49.019144	1	80	100	UNKNOWN
150726206209	巴音布日德嘎查	118.835040	47.792782	0	30	100	UNKNOWN
150702003005	芳园居委会	119.740659	49.230729	1	80	97	政府机构
150722401510	十队	124.885360	49.520530	1	80	97	UNKNOWN
150722200208	龙泉村委会	124.615750	49.447481	0	30	72	村庄
150723105220	新丰村委会	124.250025	50.148874	0	30	72	村庄
150721102214	新合村委会	123.794771	48.503869	0	25	70	乡镇
150724214204	阿贵图嘎查	119.804250	48.474452	0	30	100	UNKNOWN
150702004001	秀水居委会	119.782340	49.210789	1	80	97	政府机构
150783402514	第六生产连队	122.830885	48.159466	1	80	100	UNKNOWN
150723401503	四队	124.038481	49.554159	0	30	100	UNKNOWN
150784211001	天骄社区居委会	119.904280	51.342578	0	25	47	UNKNOWN
150721101204	东山屯村委会	123.779420	48.332891	0	25	70	乡镇
150782108001	伊东社区居民委员会	121.586250	50.648949	0	25	47	乡镇
150723412505	九队	124.697810	49.808248	0	30	100	村庄
150721102202	尖山子村委会	123.794771	48.503869	0	25	70	乡镇
150782002001	红旗社区居民委员会	120.741936	49.288702	1	80	94	政府机构
150783401512	场第五生产队	121.282330	47.569290	1	80	94	UNKNOWN
150723402505	七队	124.274143	49.661137	0	50	82	UNKNOWN
150726400503	阿都特管理区	118.270001	48.218100	0	10	46	区县
150725101001	新兴社区	119.800619	49.343345	0	18	66	乡镇
150721101212	红旗村委会	123.779420	48.332891	0	25	70	乡镇
150783402502	第三生产连队	122.650492	48.304167	1	80	100	UNKNOWN
150785101006	创业居委会	121.500320	51.332129	0	25	70	乡镇
150781402498	虚拟东湖区虚拟社区	117.379001	49.597899	0	14	32	区县
150781100003	兴农社区居委会	117.772330	49.434961	1	80	100	政府机构
150724111012	滨河社区	119.817031	48.546232	0	18	66	乡镇
150723406511	林业局扎兰河管护站生活区	124.625888	49.737184	1	80	92	政府机构
150721202200	富吉村委会	123.023515	48.030310	1	80	100	政府机构
150783100208	爱国村村委会	122.366240	47.494270	0	25	70	乡镇
150725502501	第一生产队	119.699153	49.533366	1	80	100	UNKNOWN
150703004004	新兴社区居委会	117.693904	49.465106	1	80	97	政府机构
150722109206	兴北村委会	124.464660	49.545029	0	25	55	乡镇
150727201208	宝音塔拉嘎查	116.174240	48.356869	0	30	100	UNKNOWN
150782401501	牙克石农场场部	120.814730	49.304371	1	80	97	UNKNOWN
150723415501	伊图里河林业局银阿林场	121.553612	50.651430	1	80	95	政府机构
150721400508	二分场四队	123.581274	48.182770	0	18	49	UNKNOWN
150721100004	向阳社区居委会	123.465189	48.131152	1	80	100	政府机构
150782005005	建安社区居民委员会	120.712000	49.285701	0	10	28	区县
150721105206	辋窑沟村委会	123.523500	48.616622	0	30	72	村庄
150721201210	榆树村委会	123.076880	48.522769	0	25	70	乡镇
150725501511	第十一生产队	120.089067	49.963907	1	80	100	UNKNOWN
150783004200	向阳村村委会	122.753119	47.985033	1	80	95	政府机构
150782109201	永兴村民委员会	121.132080	49.407471	0	25	55	乡镇
150783001002	铁路居委会	122.738080	48.016922	1	80	97	政府机构
150722401506	六队	124.885360	49.520530	1	80	97	UNKNOWN
150784101500	黑山头镇励图生活区	119.515580	50.206590	0	25	55	乡镇
150722104208	马克勒村委会	124.106690	48.681990	0	25	47	乡镇
150724400498	经济开发区虚拟社区	119.755000	49.146701	0	10	28	区县
150723415500	伊图里河林业局库布春林场	121.553612	50.651430	1	80	97	政府机构
150721400509	二分场五队	123.555351	48.209103	1	80	100	政府机构
150782005004	建民社区居民委员会	120.712000	49.285701	0	10	28	区县
150721100005	建设社区居委会	123.473109	48.125696	0	25	70	乡镇
150721105207	护林村委会	123.448380	48.690841	0	25	47	乡镇
150724112003	安园社区	119.984200	48.272322	0	25	70	乡镇
150725501510	第十生产队	119.655033	49.588823	1	80	100	UNKNOWN
150783103219	古里金村村委会	122.831251	47.748250	0	25	47	乡镇
150783001003	绿林居委会	122.738080	48.016922	1	80	95	政府机构
150782109200	前进达斡尔族村民委员会	121.132080	49.407471	0	25	47	乡镇
150722401507	七队	124.885360	49.520530	1	80	97	UNKNOWN
150722104209	大宝龙村委会	124.106690	48.681990	0	25	55	乡镇
150781100002	站前社区居委会	117.794170	49.469673	0	16	65	乡镇
150724111013	新源社区	119.817031	48.546232	0	18	66	乡镇
150723406510	林业局勃音那管护站生活区	124.625888	49.737184	1	80	94	政府机构
150721202201	和平村委会	123.066670	48.043430	0	30	72	村庄
150783100209	先锋村村委会	122.366240	47.494270	0	25	70	乡镇
150727201209	巴音呼热嘎查	116.162464	48.354897	1	80	100	UNKNOWN
150722109207	扎如木台村委会	124.464660	49.545029	0	25	43	乡镇
150724212001	孟根楚鲁社区居民委员会	120.287590	48.857332	0	25	47	乡镇
150721101213	中心村委会	123.868580	48.357771	0	30	72	村庄
150723401514	第十二队作业区	123.261948	51.022116	1	80	97	UNKNOWN
150703003001	东风社区居委会	117.736304	49.456247	1	80	100	政府机构
150725203204	格根呼舒嘎查	119.262699	49.414062	0	25	47	乡镇
150723412504	八队	124.697460	49.677758	1	80	97	UNKNOWN
150721102203	六合村委会	123.794771	48.503869	0	25	70	乡镇
150783401513	场街道办事处	121.282330	47.569290	1	80	94	UNKNOWN
150723402504	六队	124.274143	49.661137	0	50	82	UNKNOWN
150726400502	乌力吉图管理区	117.902448	49.276034	1	80	97	UNKNOWN
150723401502	第三作业区	123.726001	50.591598	0	10	25	区县
150721101205	建国村委会	123.753370	48.299891	0	30	72	村庄
150723411502	农工商联合公司七场	124.635090	49.732228	1	80	95	UNKNOWN
150783005001	建设居委会	122.775238	47.971106	1	80	97	政府机构
150723402512	三队	124.274143	49.661137	0	50	82	UNKNOWN
150724214205	伊敏嘎查	119.790680	48.545191	0	30	100	UNKNOWN
150721102215	东兴村委会	123.794771	48.503869	0	25	70	乡镇
150725200202	乌珠尔嘎查	118.564250	49.477700	0	30	100	UNKNOWN
150785102001	镇西居委会	121.521001	50.780298	0	10	43	区县
150725501506	第六生产队	119.588623	49.552794	1	80	100	UNKNOWN
150783406501	柴河林场	121.308650	47.556522	1	80	95	政府机构
150724110028	向华社区	120.579490	49.242771	0	25	55	乡镇
150721201207	团结村委会	123.260041	48.547100	0	30	72	村庄
150724213201	巴音诺日嘎查	119.556360	48.904511	0	30	100	UNKNOWN
150726206208	乌兰宝力格嘎查	118.136495	48.360346	0	25	55	乡镇
150721105211	老山头村委会	123.448380	48.690841	0	25	70	乡镇
150784104200	恩和哈达村	121.442916	53.321394	0	80	100	UNKNOWN
150722106222	兴泉村委会	124.280910	48.667460	0	25	47	乡镇
150722401511	十一队	124.885360	49.520530	1	80	97	UNKNOWN
150782402506	第七生产队	121.049900	49.061731	0	50	82	UNKNOWN
150722200209	清泉村委会	124.775790	49.467521	0	25	70	乡镇
150723406506	林业局朝阳管护站生活区	124.625888	49.737184	1	80	92	政府机构
150782006002	暖兴社区居民委员会	120.696598	49.284226	1	80	94	政府机构
150721106201	靠山村委会	123.258381	48.169480	0	30	72	村庄
150722402501	二队	124.813080	49.790738	0	60	87	UNKNOWN
150722109211	龙山村委会	124.464660	49.545029	0	25	55	乡镇
150725201203	哈吉嘎查	120.400369	49.876191	0	30	100	UNKNOWN
150702005001	一零九居委会	119.778950	49.221746	1	80	95	政府机构
150724215204	喜贵图嘎查	119.091799	48.417392	0	30	100	UNKNOWN
150721103214	平项山村委会	123.337939	48.340212	0	25	43	乡镇
150782109001	牧东社区居民委员会	121.132080	49.407471	0	25	47	乡镇
150723410503	林业局小奎勒河林场	123.724100	50.599711	1	80	93	政府机构
150784210001	噶拉湾社区居委会	119.917406	50.821802	0	25	55	乡镇
150783108204	哈多河村村委会	122.012671	47.231644	1	80	100	政府机构
150723400503	四队	123.744270	49.584819	1	80	97	UNKNOWN
150725101201	库热格太嘎查	119.800619	49.343345	0	18	40	乡镇
150722108210	扎罗梅村委会	124.533553	49.138529	1	80	94	UNKNOWN
150783003004	小溪居委会	122.751594	48.000559	1	80	97	政府机构
150722403500	东方红农场场部	124.704681	49.677758	1	80	100	UNKNOWN
150784103013	龙岩社区居委会	120.785781	51.255748	0	25	70	乡镇
150721107200	金边堡村委会	123.458999	48.125802	0	10	25	区县
150783103223	光明村村委会	122.620376	47.959800	1	80	100	政府机构
150722201208	双桥村委会	123.829439	48.965352	0	25	55	乡镇
150722400510	十队	124.640030	49.376529	0	40	77	UNKNOWN
150702002005	松山居委会	119.740071	49.205955	1	80	97	政府机构
150702007207	合作村村委会	119.876150	49.267811	0	30	58	村庄
150724212200	布日德嘎查	120.297510	48.844221	0	30	100	UNKNOWN
150721104210	椅子山村委会	123.266910	48.031581	0	25	70	乡镇
150783407500	济沁河林场	122.307908	47.528977	0	50	82	UNKNOWN
150721200206	龙头山村委会	123.711220	48.638592	0	25	70	乡镇
150722106218	九龙泉村委会	124.280910	48.667460	0	25	70	乡镇
150782400501	第二管理区	120.661420	49.361270	1	80	97	UNKNOWN
150722108206	提古拉村委会	124.786790	49.060595	1	80	95	UNKNOWN
150725503501	第一生产队	120.679605	49.405422	1	80	100	UNKNOWN
150721203200	长发村委会	123.527751	48.090121	0	16	65	乡镇
150781403498	虚拟扎煤公司虚拟社区	117.379001	49.597899	0	14	43	区县
150702001003	开发区居委会	119.736000	49.212101	0	14	46	区县
150722105208	东坤浅村委会	124.470260	48.261721	0	25	43	乡镇
150722400506	六队	124.640030	49.376529	0	40	77	UNKNOWN
150783005200	鲜光村村委会	122.775238	47.971106	1	80	94	政府机构
150725102207	哈日干图嘎查	118.469140	49.203520	0	30	100	UNKNOWN
150783100225	宫家街村村委会	122.366240	47.494270	0	25	47	乡镇
150721104206	羊草沟村委会	123.266910	48.031581	0	25	70	乡镇
150721401508	八队	123.800881	48.514759	1	80	97	UNKNOWN
150723414501	羊其河管护站生活区	124.117863	50.410554	1	80	94	政府机构
150725100001	多蓝社区	119.444550	49.326262	1	80	100	地产小区
150783400512	牧业示范园区生活区	123.070610	48.008339	1	80	93	UNKNOWN
150723403505	六队	125.048451	50.009548	1	80	97	UNKNOWN
150721103202	后山根村委会	123.337939	48.340212	0	25	70	乡镇
150782003001	新风社区居民委员会	120.731012	49.289125	1	80	94	政府机构
150723413505	八队	124.615865	49.815465	1	80	100	UNKNOWN
150783403502	第三中队	122.859739	47.741862	1	80	97	UNKNOWN
150783100205	三合村村委会	122.366240	47.494270	0	25	70	乡镇
150784402504	小库力屯	119.837795	49.300836	0	80	90	UNKNOWN
150726205202	乌尔逊嘎查	117.844406	48.667881	1	80	100	UNKNOWN
150723408502	霍都奇林场	122.486240	50.647089	1	80	100	UNKNOWN
150727201205	呼和温都日嘎查	116.191460	48.074561	0	30	100	UNKNOWN
150722203203	特温浅村委会	123.744220	48.937759	0	30	58	UNKNOWN
150723100202	阿里河村委会	123.740667	50.579020	1	80	100	政府机构
150703100001	光明社区居委会	117.668522	49.410811	0	18	66	乡镇
150724110032	前卫社区	120.579490	49.242771	0	25	70	乡镇
150726102204	巴音宝力格嘎查	118.727569	48.278102	0	30	100	UNKNOWN
150721100009	如意社区居委会	123.473109	48.125696	0	25	70	乡镇
150721400505	集贤管理区	123.581274	48.182770	0	18	66	UNKNOWN
150722104205	奎力浅村委会	124.106690	48.681990	0	25	47	乡镇
150702101204	奋斗村村委会	119.775630	49.198009	0	25	70	乡镇
150722200213	良田村委会	124.775790	49.467521	0	25	70	乡镇
150783104211	永丰村村委会	123.146110	47.851460	0	25	70	乡镇
150723102004	蓝莓社区居民委员会	123.042160	50.631831	0	25	47	乡镇
150723402508	十队	124.274143	49.661137	0	50	73	UNKNOWN
150781003002	海关社区居委会	117.457418	49.590825	1	80	95	政府机构
150722103201	哈列图村委会	125.218030	49.296570	0	25	47	乡镇
150783107201	前进村村委会	122.999685	47.778894	1	80	100	政府机构
150726202206	呼德乐木日嘎查	118.375169	48.855814	1	80	100	UNKNOWN
150727500501	第一生产队	117.433191	49.465499	0	30	72	UNKNOWN
150723200200	猎民村委会	124.920680	50.068339	0	25	70	村庄
150722100211	后兴农村委会	124.498030	48.471661	0	25	55	乡镇
150722110211	奇安哈德村委会	124.174207	48.991442	1	80	95	UNKNOWN
150721102219	龙门口村委会	123.794771	48.503869	0	25	70	乡镇
150784001012	平安社区居委会	120.180222	50.235941	1	80	97	政府机构
150782100200	丰收村民委员会	121.034450	49.106171	0	30	72	村庄
150783203201	孤山子村村委会	122.116061	47.315449	0	30	58	村庄
150726202210	阿拉达尔图嘎查	118.778519	48.446752	0	30	100	UNKNOWN
150721101209	永胜村委会	123.682911	48.371430	0	30	72	村庄
150723104200	猎民村委会	123.736220	49.198549	0	25	70	乡镇
150783107217	新建村村委会	122.626860	47.669382	0	25	47	乡镇
150723101002	顺河路社区居民委员会	124.618680	49.739950	0	25	47	乡镇
150722110207	万山庄村委会	124.304006	49.101978	1	80	95	UNKNOWN
150727102201	呼伦诺尔嘎查	117.119750	49.383610	0	30	100	UNKNOWN
150722100207	丰华村委会	124.498030	48.471661	0	25	47	乡镇
150785001001	西爱国街居委会	121.530154	50.780704	0	80	94	政府机构
150726101202	巴音乌拉嘎查	118.232223	49.147800	1	80	100	UNKNOWN
150727201213	乃日木德勒嘎查	116.470821	48.469450	0	30	100	UNKNOWN
150722102001	宝山社区居民委员会	124.097160	48.596689	0	25	47	乡镇
150721400513	后龙队	123.620856	48.123189	1	80	100	UNKNOWN
150784401502	好尔基屯	120.048087	50.275712	0	30	100	村庄
150726206204	坤都伦嘎查	118.136495	48.360346	0	25	70	乡镇
150783106001	石桥居委会	121.315290	47.562461	0	25	70	乡镇
150783103203	新民村村委会	122.780458	47.698470	1	80	100	政府机构
150722200205	萨玛街村委会	124.775790	49.467521	0	25	47	乡镇
150727202203	阿尔山嘎查	116.865329	48.981372	0	30	100	UNKNOWN
150781001005	新世纪社区居委会	117.477975	49.586202	1	80	97	政府机构
150722101206	杨木山村委会	124.819450	49.575439	0	30	58	村庄
150722111206	长发村委会	124.553427	48.643469	0	25	70	乡镇
150723105201	乌鲁布铁猎民村委会	124.365440	49.889691	0	25	47	乡镇
150723100003	康宁社区居民委员会	123.723120	50.594349	0	25	47	乡镇
150726102005	双拥社区居委会	118.271081	48.218300	0	25	70	乡镇
150783202200	马龙沟村村委会	122.233811	47.532559	0	25	47	乡镇
150722102216	太裕春村委会	124.097160	48.596689	0	25	43	乡镇
150782101201	二道河子村民委员会	121.915980	48.753621	0	25	55	乡镇
150727100210	巴音陶日木嘎查	116.810549	48.664142	0	25	55	乡镇
150723106211	渔场村委会	124.214990	49.559868	0	25	70	乡镇
150724215208	乌兰图格嘎查	119.024819	48.729942	0	30	100	UNKNOWN
150722100010	吉雅社区居民委员会	124.498030	48.471661	0	25	47	乡镇
150722105212	乌兰村委会	124.470260	48.261721	0	25	55	乡镇
150727203202	哈如勒嘎查	117.254260	48.461719	0	30	100	UNKNOWN
150722201204	新肯布拉尔村委会	123.829439	48.965352	0	25	47	乡镇
150783102202	五星村村委会	122.607740	48.072131	0	30	58	村庄
150784400503	振兴屯	120.179495	50.215445	1	80	94	UNKNOWN
150721401512	十二队	123.800881	48.514759	1	80	97	UNKNOWN
150722106202	新发村委会	124.261131	48.588246	0	30	72	村庄
150721402502	三号店林场	123.460989	48.116762	1	80	95	政府机构
150702100205	联合村村委会	120.172601	49.231579	0	16	65	乡镇
150722105204	北坤浅村委会	124.513631	48.247859	0	30	58	UNKNOWN
150722100006	乌尔阔社区居委会	124.498030	48.471661	0	25	70	乡镇
150721401504	四队	123.800881	48.514759	1	80	97	UNKNOWN
150785003006	沿山居委会	121.546369	50.784910	1	80	97	政府机构
150783100229	湾龙沟村村委会	122.366240	47.494270	0	25	70	乡镇
150723104001	旗原社区居民委员会	123.736220	49.198549	0	25	47	乡镇
150723101203	桥南村委会	124.618680	49.739950	0	25	47	乡镇
150722202202	双合村委会	124.519001	48.477100	0	10	28	区县
150722106214	农场村	124.347440	48.767640	0	30	100	UNKNOWN
150782100001	免辉社区居民委员会	121.046510	49.094630	0	25	47	乡镇
150784403505	泉山子屯	119.837795	49.300836	0	80	91	UNKNOWN
150726204203	巴音布日德嘎查	118.835040	47.792782	0	30	100	UNKNOWN
150722101210	水磨沟顶村委会	124.980370	49.509700	0	25	43	乡镇
150723201201	木奎村委会	123.393610	50.034783	1	80	95	UNKNOWN
150726203207	诺干诺尔嘎查	119.607710	47.961201	0	30	100	UNKNOWN
150723105217	新发村委会	124.265210	50.135589	0	30	72	村庄
150783103002	友谊居委会	122.831251	47.748250	0	25	70	乡镇
150727100206	海拉斯图嘎查	116.810549	48.664142	0	25	70	乡镇
150723405598	虚拟辖区生活区	123.726001	50.591598	0	10	28	区县
150722102200	宝山村委会	124.106185	48.601399	0	30	72	村庄
150783201206	毕家店村村委会	122.362530	48.176770	0	25	70	乡镇
150726101003	额尔顿乌拉社区居委会	118.158723	49.409949	0	12	34	乡镇
150723106207	卧北村委会	124.214990	49.559868	0	25	55	乡镇
150725202202	海拉斯图嘎查	118.973399	49.245061	0	25	70	乡镇
150783403505	第六中队	122.859739	47.741862	1	80	95	UNKNOWN
150721103205	顺利村委会	123.448030	48.384880	0	30	72	村庄
150723413502	六队	124.813080	49.790738	0	60	87	UNKNOWN
150723403502	三队	125.048451	50.009548	1	80	97	UNKNOWN
150725102200	巴彦布日德嘎查村	118.902449	49.187672	0	25	47	乡镇
150722400501	一队	124.640030	49.376529	0	40	77	UNKNOWN
150721104201	乐昌村委会	123.266910	48.031581	0	25	47	乡镇
150782004002	永和社区居民委员会	120.728063	49.279966	1	80	94	政府机构
150723101208	富民村委会	124.377900	49.740400	0	30	72	村庄
150722108201	霍日里村委会	124.666310	48.874632	0	25	43	乡镇
150722202209	平阳村委会	124.934891	49.356879	0	30	72	村庄
150703005003	西山社区居委会	117.707711	49.446450	1	80	100	政府机构
150721107211	青山堡村委会	123.458999	48.125802	0	10	43	区县
150724211201	好力保嘎查	119.782450	48.946499	0	25	70	村庄
150702001004	仁德礼居委会	119.736000	49.212101	0	14	37	区县
150725503506	第六生产队	120.263191	49.453574	1	80	100	UNKNOWN
150722400517	十七队	124.640030	49.376529	0	40	77	UNKNOWN
150785104003	建设居委会	121.065189	50.995801	0	25	70	乡镇
150721200201	新立村委会	123.732050	48.605499	0	30	72	村庄
150783407507	南木养鹿场	121.292537	47.800768	0	25	70	乡镇
150783102209	红卫村村委会	122.740795	48.180685	1	80	100	政府机构
150702002002	方舟居委会	119.740071	49.205955	1	80	97	政府机构
150784400508	坤库力村	119.837795	49.300836	0	80	94	UNKNOWN
150721104217	红花梁子村委会	123.266910	48.031581	0	25	55	乡镇
150724212207	维特很嘎查	120.287590	48.857332	0	25	70	乡镇
150722106209	巨龙泉村委会	124.280910	48.667460	0	25	55	乡镇
150783003003	新风居委会	122.751594	48.000559	1	80	97	政府机构
150723407500	林业局乌里特林场	123.051430	50.632820	1	80	95	政府机构
150783103224	长青村村委会	122.531251	47.922850	0	30	58	村庄
150725503510	第十生产队	120.680045	49.667449	1	80	100	UNKNOWN
150784103014	枫林社区居委会	120.785781	51.255748	0	25	70	乡镇
150723417500	乌尔其汗林业局西日特其林场	124.117863	50.410554	0	80	87	政府机构
150721107207	联合村委会	124.010000	48.462742	0	30	72	村庄
150702008008	望海社区	119.736000	49.212101	0	14	46	区县
150723400504	五队	123.744270	49.584819	1	80	97	UNKNOWN
150784200006	三河第二社区居委会	120.109160	50.450801	0	25	55	乡镇
150723410504	林业局兴阿林场	123.724100	50.599711	1	80	93	政府机构
150721105001	振兴社区居委会	123.448380	48.690841	0	25	70	乡镇
150783108203	大阳坡村村委会	121.914362	47.343619	1	80	100	政府机构
150722100220	双龙泉村委会	124.498030	48.471661	0	25	70	乡镇
150725201204	恩和嘎查	119.660930	49.842349	0	30	100	UNKNOWN
150703001001	温馨社区居委会	117.703246	49.447030	0	20	50	乡镇
150722109001	奎勒河社区居委会	124.464660	49.545029	0	25	55	乡镇
150722110220	德日斯克村委会	124.124200	49.060422	0	25	47	乡镇
150783400503	第四生产队	123.070610	48.008339	1	80	97	UNKNOWN
150702005006	农垦居委会	119.778950	49.221746	1	80	95	政府机构
150721103213	索尔奇村委会	123.337939	48.340212	0	25	47	乡镇
150724215203	乌兰宝力格嘎查	119.165130	48.372570	0	25	55	乡镇
150721106206	大黑信子村委会	123.273150	48.201121	0	25	47	乡镇
150723406501	林业局古里管护站生活区	124.625888	49.737184	1	80	92	政府机构
150783002002	民乐居委会	122.742346	48.013369	1	80	97	政府机构
150783007200	回民村村委会	122.708801	48.012340	0	30	58	村庄
150781401498	虚拟经济合作区虚拟社区	117.511490	49.601330	1	80	97	UNKNOWN
150721400518	胜利队	123.581274	48.182770	0	18	66	UNKNOWN
150702003003	友谊居委会	119.740659	49.230729	1	80	97	政府机构
150783103208	立新村村委会	122.740982	47.652943	1	80	100	政府机构
150725501501	第一生产队	119.699153	49.533366	1	80	100	UNKNOWN
150721201200	民族村村委会	123.076880	48.522769	0	25	70	乡镇
150782402501	第二生产队	121.049900	49.061731	0	50	82	UNKNOWN
150721102212	太平庄村委会	123.641799	48.431742	0	30	72	村庄
150724214202	毕鲁图嘎查	119.830440	48.396849	0	30	100	UNKNOWN
150702004007	阳光居委会	119.766314	49.222474	1	80	100	政府机构
150782001001	胜南社区居民委员会	120.742137	49.286228	1	80	94	政府机构
150721101202	兴旺村委会	123.773110	48.393972	0	30	72	村庄
150723101009	友谊路社区居民委员会	124.618680	49.739950	0	25	47	乡镇
150723401505	六队	123.682359	49.702052	1	80	100	UNKNOWN
150783402512	第五生产连队	122.562335	48.108457	1	80	100	UNKNOWN
150725102001	呼和诺尔社区	119.239750	49.300329	0	50	100	UNKNOWN
150723402503	五队	124.274143	49.661137	0	50	82	UNKNOWN
150726400505	湖北管理区	118.270001	48.218100	0	10	33	区县
150724100202	马蹄坑嘎查	119.868520	49.110541	0	30	100	UNKNOWN
150723412503	第八生产队作业点	124.697460	49.677758	1	80	95	UNKNOWN
150721102204	新兴村委会	123.731591	48.545850	0	30	72	村庄
150723106220	卧罗河村委会	124.214990	49.559868	0	25	47	乡镇
150702007001	向阳居委会	119.736000	49.212101	0	14	46	区县
150721101214	八卦山村委会	123.779420	48.332891	0	25	70	乡镇
150725203203	呼和温都日嘎查	119.681239	49.501321	0	30	100	UNKNOWN
150721202206	新建村委会	122.980549	48.227172	0	30	72	村庄
150724111014	伍牧场社区居委会	119.817031	48.546232	0	18	40	乡镇
150783405500	昆尼气林场	122.370770	48.174701	1	80	97	政府机构
150725502507	那吉分场	119.801854	49.421702	0	16	65	乡镇
150723408509	莫冷格林场	123.021972	50.641961	1	80	95	UNKNOWN
150721106210	六间房村委会	123.273150	48.201121	0	25	70	乡镇
150724210200	莫和尔图嘎查	120.373290	49.090749	0	30	100	UNKNOWN
150722203208	西沃尔奇村委会	123.811780	48.852261	0	25	43	乡镇
150703004002	榕欣社区居委会	117.693904	49.465106	1	80	97	政府机构
150722109200	奎勒河村委会	124.464660	49.545029	0	25	47	乡镇
150721105200	沃尔汇村委会	123.448380	48.690841	0	25	43	乡镇
150721100002	繁荣社区居委会	123.473109	48.125696	0	25	70	乡镇
150722401500	巴彦农场场部	124.881423	49.522469	1	80	100	UNKNOWN
150783001004	秀水居委会	122.738080	48.016922	1	80	97	政府机构
150727100201	塔日根花嘎查	116.522345	48.854929	1	80	100	UNKNOWN
150722102207	福兴村委会	124.097160	48.596689	0	25	70	乡镇
150781002004	天桥社区居委会	117.441053	49.587854	0	30	58	乡镇
150723103002	育英社区居民委员会	123.204170	50.580628	0	25	47	乡镇
150723106200	奎勒河村委会	124.214990	49.559868	0	25	47	乡镇
150783201201	猎民村村委会	122.368360	48.176451	0	30	58	村庄
150721103209	富贵村委会	123.337939	48.340212	0	25	47	乡镇
150782107002	塔政社区居民委员会	121.196670	47.982771	0	25	47	乡镇
150783403509	良种场	122.859739	47.741862	1	80	97	UNKNOWN
150723105210	春林村委会	124.365440	49.889691	0	25	70	乡镇
150726203200	巴音贡嘎查	118.824363	48.016780	1	80	100	UNKNOWN
150722106213	中心村村委会	124.280910	48.667460	0	25	70	乡镇
150722202205	伊哈里村委会	124.519001	48.477100	0	10	28	区县
150783104001	大兴居委会	123.146110	47.851460	0	25	70	乡镇
150702001008	西山居委会	119.736000	49.212101	0	14	46	区县
150784403502	团结屯	120.179495	50.215445	1	80	91	UNKNOWN
150702100202	扎罗木得村村委会	120.172601	49.231579	0	16	38	乡镇
150722100001	敖拉社区居民委员会	124.498030	48.471661	0	25	47	乡镇
150722105203	朝阳村委会	124.457770	48.240189	0	30	72	村庄
150722110001	五宝山社区居民委员会	124.124200	49.060422	0	25	47	乡镇
150785003001	红旗居委会	121.546369	50.784910	1	80	97	政府机构
150723101204	新华村委会	124.571151	49.862078	0	30	72	村庄
150721401503	三队	123.800881	48.514759	1	80	97	UNKNOWN
150722202213	柳屯村委会	124.519001	48.477100	0	10	33	区县
150722106205	长新村委会	124.278260	48.638984	1	80	95	地产小区
150727101001	满都拉社区居民委员会	115.881501	48.598910	0	25	47	乡镇
150721402505	大时尼奇林场	123.460989	48.116762	1	80	97	政府机构
150783103228	马家村村委会	122.831251	47.748250	0	25	70	乡镇
150727203205	岗嘎图嘎查	117.101710	48.284432	0	50	65	UNKNOWN
150722201203	库如奇河村委会	123.829439	48.965352	0	25	47	乡镇
150784400504	睦邻屯	120.179495	50.215445	1	80	93	UNKNOWN
150721401515	十五队	123.800881	48.514759	1	80	97	UNKNOWN
150783102205	靠山村村委会	122.668923	48.188494	1	80	100	政府机构
150723101212	东胜村委会	124.618680	49.739950	0	25	70	乡镇
150782104004	库兴社区居民委员会	121.623240	50.029139	0	25	47	乡镇
150722102211	甲其口子村委会	124.097160	48.596689	0	25	55	乡镇
150723106216	卡日楚村委会	124.214990	49.559868	0	25	43	乡镇
150783105201	西平台村村委会	121.027356	47.611581	0	12	63	乡镇
150722111201	钢铁村委会	124.553427	48.643469	0	25	70	乡镇
150722101201	拉抛村委会	124.980370	49.509700	0	25	47	乡镇
150702101002	绿苑居委会	119.775630	49.198009	0	25	70	乡镇
150723100004	林海社区居民委员会	123.723120	50.594349	0	25	47	乡镇
150723105206	毛家铺村委会	124.365440	49.889691	0	25	70	乡镇
150783103204	红光村村委会	122.831251	47.748250	0	25	70	乡镇
150721400514	前龙队	123.581274	48.182770	0	18	66	UNKNOWN
150726206203	巴音高勒嘎查	117.942959	48.121322	0	30	100	UNKNOWN
150726203001	巴日图社区居民委员会	119.479350	47.839760	0	30	58	UNKNOWN
150784401505	其洛图屯	119.979644	50.237168	0	30	100	村庄
150722200202	讷莫日浅村委会	124.775790	49.467521	0	25	41	乡镇
150727202204	巴音宝力格嘎查	116.824000	48.671400	0	10	28	区县
150723106001	宜兴社区居民委员会	124.214990	49.559868	0	25	47	乡镇
150727201214	庆格勒嘎查	116.764501	48.410900	0	30	100	UNKNOWN
150723401509	十队	124.721484	49.867210	1	80	100	UNKNOWN
150783107210	幸福村村委会	122.429519	47.694126	1	80	100	政府机构
150723101005	大华街社区居民委员会	124.618680	49.739950	0	25	47	乡镇
150723104207	兰巴库村委会	123.535636	49.145735	0	60	80	停车场/停车区
150722100200	尼尔基村委会	124.504604	48.479040	0	40	65	UNKNOWN
150722110200	塔温敖宝村委会	124.136850	49.076191	0	50	73	UNKNOWN
150783104200	大水泉子村村委会	123.169444	47.833553	1	80	100	政府机构
150784001015	农垦社区居委会	120.180222	50.235941	1	80	97	政府机构
150726202201	敖伦诺尔嘎查	118.697721	48.550209	0	30	100	UNKNOWN
150723104211	江北村委会	123.699640	49.238991	0	30	72	村庄
150783107206	福泉村村委会	122.497273	47.571708	1	80	100	政府机构
150722110216	卧罗河村委会	124.327440	49.350119	0	30	58	UNKNOWN
150722100216	哈力浅村委会	124.498030	48.471661	0	25	43	乡镇
150782106003	兴安岭社区居民委员会	121.674679	48.822421	0	30	58	村庄
150721102208	联盟村委会	123.835830	48.449432	0	30	72	村庄
150783200200	九村村委会	123.035276	47.949110	1	80	100	政府机构
150723102003	大白山社区居民委员会	123.042160	50.631831	0	25	47	乡镇
150727101200	克尔伦嘎查	116.079810	48.321332	0	30	100	UNKNOWN
150721400502	一分场二队	123.486560	48.139370	0	30	100	UNKNOWN
150784002101	共建社区居委会	120.679405	50.313914	0	14	46	乡镇
150726102203	新宝力格嘎查	118.659740	48.185482	0	30	100	UNKNOWN
150724110035	金雁社区	120.579490	49.242771	0	25	70	乡镇
150722200214	友良村委会	124.775790	49.467521	0	25	70	乡镇
150781004001	湖北社区居委会	117.459460	49.592001	1	80	97	政府机构
150722104202	阿尔哈浅村委会	124.106690	48.681990	0	25	43	乡镇
150702101203	富强村村委会	119.767710	49.197269	0	30	58	村庄
150726205205	好力宝图嘎查	117.767130	48.966042	0	25	70	乡镇
150783100202	兴隆沟村村委会	122.330925	47.495334	1	80	100	政府机构
150727201202	巴音嘎查	115.864711	48.164285	1	80	100	UNKNOWN
150722203204	尼西空海拉松村委会	123.811780	48.852261	0	25	41	乡镇
150722400521	二十一队	124.640030	49.376529	0	40	77	UNKNOWN
150726205204	乌兰图嘠嘎查	117.767130	48.966042	0	25	55	乡镇
150784402502	青年沟屯	119.837795	49.300836	0	80	90	UNKNOWN
150783100203	太平沟村村委会	122.366240	47.494270	0	25	70	乡镇
150727201203	乌力吉图嘎查	115.961639	48.070572	0	30	100	UNKNOWN
150722203205	杜克塔尔村委会	123.811780	48.852261	0	25	43	乡镇
150782101006	巴强社区居民委员会	121.915980	48.753621	0	25	47	乡镇
150722400520	二十队	124.640030	49.376529	0	40	77	UNKNOWN
150721400503	一分场五队管理区	123.581274	48.182770	0	18	40	UNKNOWN
150726102202	鸿图嘎查	118.448257	48.260801	1	80	100	UNKNOWN
150724110034	永安社区	120.579490	49.242771	0	25	70	乡镇
150722111001	登特科社区居民委员会	124.553427	48.643469	0	25	47	乡镇
150722200215	同心村委会	124.958000	49.420421	0	30	72	村庄
150722101001	铁东社区居民委员会	124.980370	49.509700	0	25	47	乡镇
150722104203	拉力浅村委会	124.106690	48.681990	0	25	43	乡镇
150702101202	和平村村委会	119.780710	49.191959	0	30	58	村庄
150721102209	六家子村委会	123.794771	48.503869	0	25	70	乡镇
150783200201	满都村村委会	123.006170	48.012370	0	30	58	村庄
150723102002	八岱山社区居民委员会	123.042160	50.631831	0	25	43	乡镇
150723107200	斯木科村委会	123.726001	50.591598	0	10	25	区县
150727101201	阿敦础鲁嘎查	116.192690	48.443971	0	30	100	UNKNOWN
150726202200	莫达木吉嘎查	118.794089	48.726031	0	30	100	UNKNOWN
150723104210	海尔提村委会	123.780237	49.102825	0	50	73	UNKNOWN
150783107207	龙头村村委会	122.626860	47.669382	0	25	70	乡镇
150783402509	第二生产连队	122.398643	48.057226	1	80	100	UNKNOWN
150722110217	大斡斯门村委会	124.357610	49.310351	0	30	58	UNKNOWN
150782103200	西五旗村民委员会	121.395771	49.571068	0	25	55	乡镇
150722100217	博克图村委会	124.498030	48.471661	0	25	47	乡镇
150782106002	乌西社区居民委员会	121.251753	48.859917	0	25	47	乡镇
150783404598	虚拟后勤供应处农场生活区	122.738000	48.013802	0	10	33	区县
150783104201	幸福之路村村委会	123.098536	47.939779	1	80	100	政府机构
150784001014	新华社区居委会	120.180222	50.235941	1	80	97	政府机构
150723401508	九队	125.130776	50.231751	1	80	100	政府机构
150783107211	架子山村村委会	122.587330	47.606680	0	30	58	村庄
150723101004	保丰满社区居民委员会	124.609631	49.746514	0	40	56	UNKNOWN
150723104206	吉格腾迪村委会	123.736220	49.198549	0	25	47	乡镇
150722100201	龙兴村委会	124.435709	48.370901	0	30	72	村庄
150722110201	大门庄村委会	124.124200	49.060422	0	25	70	乡镇
150783201001	黎明居委会	122.362530	48.176770	0	25	70	乡镇
150727100001	贝尔社区居委会	116.833179	48.664651	1	80	100	政府机构
150783103205	大甸子村村委会	122.699271	47.769929	1	80	100	政府机构
150721400515	东龙队	123.581274	48.182770	0	18	66	UNKNOWN
150726206202	巴音温都尔嘎查	117.898909	48.086220	1	80	100	UNKNOWN
150784401504	北山屯	119.830643	50.249531	0	30	100	村庄
150722200203	葛根台村委会	124.775790	49.467521	0	25	47	乡镇
150727202205	罕乌拉嘎查	116.774771	48.929799	0	30	100	UNKNOWN
150722111200	登特科村委会	124.553427	48.643469	0	25	47	乡镇
150722101200	红彦村委会	124.980370	49.509700	0	25	47	乡镇
150702101003	学院居委会	119.775630	49.198009	0	25	70	乡镇
150723100005	东风社区居民委员会	123.723120	50.594349	0	25	47	乡镇
150723105207	朝阳沟村委会	124.365440	49.889691	0	25	70	乡镇
150726102003	锡林社区居委会	118.270001	48.218100	0	10	43	区县
150722102210	后福民村委会	124.097160	48.596689	0	25	55	乡镇
150723106217	岭南村委会	124.214990	49.559868	0	25	70	乡镇
150783100002	团结居委会	122.366240	47.494270	0	25	70	乡镇
150783105200	东平台村村委会	121.027356	47.611581	0	12	44	乡镇
150727203204	乌尔逊嘎查	117.258684	48.463887	1	80	100	UNKNOWN
150722201202	伊威达瓦村委会	123.829439	48.965352	0	25	47	乡镇
150784400505	平原屯	120.179495	50.215445	1	80	94	UNKNOWN
150726202001	查干诺尔社区	118.789329	48.726372	0	30	72	村庄
150721401514	十四队	123.800881	48.514759	1	80	97	UNKNOWN
150783102204	红石村村委会	122.676030	48.098661	0	25	70	乡镇
150722202212	蒋屯村委会	124.519001	48.477100	0	10	33	区县
150722106204	东向阳村委会	124.280910	48.667460	0	25	70	乡镇
150721402504	库伦沟林场	123.460989	48.116762	1	80	95	政府机构
150723107001	诺敏山社区居民委员会	123.726001	50.591598	0	10	33	区县
150702100203	十六号村村委会	120.172601	49.231579	0	16	65	乡镇
150722105202	西坤浅村委会	124.483900	48.226292	0	30	58	UNKNOWN
150723101205	包源村委会	124.618680	49.739950	0	25	70	乡镇
150783102212	四道桥村村委会	122.519163	48.141364	1	80	100	政府机构
150721401502	二队	123.800881	48.514759	1	80	97	UNKNOWN
150722106212	永安村委会	124.373719	48.638582	0	30	72	村庄
150722202204	苇塘沟村委会	124.519001	48.477100	0	10	33	区县
150727200202	莫能塔拉嘎查	117.481590	48.024331	0	30	100	UNKNOWN
150784403503	永胜屯	120.179495	50.215445	1	80	91	UNKNOWN
150783403508	第九中队	122.859739	47.741862	1	80	95	UNKNOWN
150723105211	马尾山村委会	124.442380	49.804829	0	30	58	村庄
150726203201	萨如拉扎木图嘎查	119.010930	47.922911	0	30	100	UNKNOWN
150727100200	那日图嘎查	116.608450	48.735020	0	30	100	UNKNOWN
150722102206	兴安村委会	124.064520	48.642132	0	30	72	村庄
150781002005	阜城社区居委会	117.441053	49.587854	0	30	51	乡镇
150723106201	小库莫村委会	124.190909	49.590810	0	50	73	UNKNOWN
150783201200	南木村村委会	122.362530	48.176770	0	25	70	乡镇
150721103208	荣花村委会	123.337939	48.340212	0	25	47	乡镇
150725501516	第十六生产队	119.613384	49.718716	1	80	100	UNKNOWN
150721105201	三岔河村委会	123.448380	48.690841	0	25	70	乡镇
150782005002	建丰社区居民委员会	120.712000	49.285701	0	10	28	区县
150721100003	新兴社区居委会	123.473109	48.125696	0	25	70	乡镇
150722401501	一队	124.885360	49.520530	1	80	97	UNKNOWN
150783001005	迎春居委会	122.738080	48.016922	1	80	97	政府机构
150721202207	维古奇村委会	123.020700	48.029210	0	25	43	乡镇
150783405501	三七林场	122.370770	48.174701	1	80	95	政府机构
150723408508	库亚林场	122.679008	50.790254	1	80	100	UNKNOWN
150724210201	扎格得木丹嘎查	120.573560	49.033241	0	30	100	UNKNOWN
150721106211	大兴村委会	123.273150	48.201121	0	25	55	乡镇
150782401506	第七生产队	120.814730	49.304371	1	80	95	UNKNOWN
150703004003	新村社区居委会	117.609686	49.491539	0	16	47	乡镇
150722203209	初鲁格奇村委会	123.811780	48.852261	0	25	47	乡镇
150722109201	乾安村委会	124.464660	49.545029	0	25	47	乡镇
150721101215	小泉子村委会	123.920373	48.319927	0	30	58	村庄
150725203202	呼和道布嘎查	119.262699	49.414062	0	25	70	乡镇
150785101001	胜利居委会	121.500320	51.332129	0	25	70	乡镇
150723402502	四队	124.274143	49.661137	0	50	82	UNKNOWN
150726400504	嘎洛托管理区	118.270001	48.218100	0	10	46	区县
150723412502	六队	124.697460	49.677758	1	80	97	UNKNOWN
150724100203	团结嘎查	119.783300	49.070849	0	30	100	UNKNOWN
150721102205	西亚镇村委会	123.794771	48.503869	0	25	47	乡镇
150783006001	五里居委会	122.756099	48.008251	1	80	97	政府机构
150721101203	德发村委会	123.779420	48.332891	0	25	47	乡镇
150723101008	庆丰满社区居民委员会	124.618680	49.739950	0	25	43	乡镇
150723401504	第五作业区	123.726001	50.591598	0	10	25	区县
150783402513	第四生产连队	122.667471	48.103305	1	80	100	UNKNOWN
150724214203	巴音塔拉嘎查	119.804840	48.452572	0	30	100	UNKNOWN
150721102213	万兴村委会	123.794771	48.503869	0	25	70	乡镇
150702004006	园丁居委会	119.782340	49.210789	1	80	97	政府机构
150722108001	腾克社区居民委员会	124.732564	49.009288	1	80	95	UNKNOWN
150782105008	图兴社区居民委员会	121.681400	50.482249	0	25	47	乡镇
150784401508	第一生产队	119.766534	51.109070	1	80	100	UNKNOWN
150702003002	育英居委会	119.740659	49.230729	1	80	97	政府机构
150721400519	三分场六队	123.581274	48.182770	0	18	49	UNKNOWN
150783103209	东德胜村村委会	122.738000	48.013802	0	10	28	区县
150721201201	猎民村委会	123.076880	48.522769	0	25	70	乡镇
150783005400	呼伦贝尔市岭东工业园区	122.775238	47.971106	1	80	95	政府机构
150782402500	第一生产队	121.046263	49.065348	1	80	100	UNKNOWN
150721106207	老石场村委会	123.273150	48.201121	0	25	47	乡镇
150724403498	呼伦贝尔新城区虚拟社区	119.755000	49.146701	0	10	33	区县
150723406500	林业局四平山管护站生活区	124.625888	49.737184	1	80	92	政府机构
150783002003	沿河居委会	122.742346	48.013369	1	80	97	政府机构
150725201205	雅图克嘎查	119.816963	50.176277	1	80	100	UNKNOWN
150722100221	七家子村委会	124.498030	48.471661	0	25	70	乡镇
150785103006	林安居委会	122.056401	52.040778	0	25	55	乡镇
150722110221	前进村委会	124.122839	49.225402	0	30	72	村庄
150783400502	第三生产队	123.070610	48.008339	1	80	97	UNKNOWN
150702005007	蒙西北国经典居委会	119.778950	49.221746	1	80	94	政府机构
150724215202	哈库莫嘎查	119.135170	48.351672	0	30	100	UNKNOWN
150721103212	光明村委会	123.150180	48.379441	0	30	72	村庄
150723400505	诺敏河农场部	123.744270	49.584819	1	80	97	UNKNOWN
150702008009	东海社区	119.736000	49.212101	0	14	46	区县
150723410505	林业局伊山林场	123.724100	50.599711	1	80	93	政府机构
150783108202	罕达罕村村委会	122.019430	47.228542	0	25	70	乡镇
150722106208	托尔苏村委会	124.360290	48.713232	0	30	58	UNKNOWN
150783003002	光明居委会	122.751594	48.000559	1	80	97	政府机构
150783006200	铁东村村委会	122.756099	48.008251	1	80	95	政府机构
150723407501	林业局奇力滨林场	123.051430	50.632820	1	80	94	政府机构
150783103225	建设村村委会	122.572065	47.892795	1	80	100	政府机构
150725503511	第十一生产队	120.338309	49.474719	0	14	64	乡镇
150723417501	乌尔其汗林业局温库吐林场	124.117863	50.410554	0	80	87	政府机构
150784103015	圃园社区居委会	120.785781	51.255748	0	25	55	乡镇
150721107206	河发村委会	123.458999	48.125802	0	10	28	区县
150784212201	奇乾村委会	120.766000	52.190171	0	25	47	乡镇
150722400516	十六队	124.640030	49.376529	0	40	77	UNKNOWN
150785104002	和平居委会	121.065189	50.995801	0	25	70	乡镇
150721200200	忠诚堡村委会	123.711220	48.638592	0	25	43	乡镇
150783407506	成吉思汗林场	122.738000	48.013802	0	10	28	区县
150783102208	大坝村村委会	122.688257	48.126461	1	80	100	政府机构
150702002003	福利居委会	119.740071	49.205955	1	80	97	政府机构
150721401518	十八队	123.800881	48.514759	1	80	97	UNKNOWN
150784400509	那尔莫格其屯	120.263415	50.168464	0	30	100	村庄
150724212206	巴音乌拉嘎查	120.287590	48.857332	0	25	70	乡镇
150721104216	松塔沟村委会	123.266910	48.031581	0	25	55	乡镇
150781400498	互市贸易区虚拟社区	117.356330	49.627261	0	60	87	UNKNOWN
150722108200	腾克村委会	124.732564	49.009288	1	80	95	UNKNOWN
150703005002	建设社区居委会	117.400628	49.558174	0	16	47	乡镇
150722202208	双胜村委会	125.042420	49.420320	0	30	72	村庄
150725100400	陈旗工业园区	119.439410	49.327732	0	25	70	乡镇
150724211200	特莫呼珠嘎查	119.782450	48.946499	0	25	70	村庄
150721107210	沃勒莫丁村委会	123.458999	48.125802	0	10	28	区县
150725503507	第七生产队	120.599481	49.579220	1	80	100	UNKNOWN
150721203206	章塔尔村委会	123.527751	48.090121	0	16	33	乡镇
150783005206	五一村村委会	122.775238	47.971106	1	80	97	政府机构
150725102201	哈腾胡硕嘎查	119.159246	49.053983	1	80	100	UNKNOWN
150722400500	甘河农场场部	124.639881	49.378605	1	80	100	UNKNOWN
150721104200	三道沟村委会	123.266910	48.031581	0	25	70	乡镇
150782004003	永明社区居民委员会	120.728063	49.279966	1	80	94	政府机构
150725203500	赫丽钦社区村	119.262699	49.414062	0	25	70	乡镇
150723101209	前进村委会	124.526170	49.836899	0	30	72	村庄
150721103204	前进村委会	123.337279	48.454402	0	30	72	村庄
150723413503	七队	124.813080	49.790738	0	60	87	UNKNOWN
150723403503	四队	125.048451	50.009548	1	80	97	UNKNOWN
150725202203	巴彦乌拉嘎查	118.973399	49.245061	0	25	70	乡镇
150783403504	第五中队	122.859739	47.741862	1	80	95	UNKNOWN
150722401502	二队	124.885360	49.520530	1	80	97	UNKNOWN
150721105202	新胜村委会	123.448380	48.690841	0	25	55	乡镇
150725501515	第十五生产队	119.091684	49.703431	1	80	100	UNKNOWN
150722109202	利民村委会	124.464660	49.545029	0	25	55	乡镇
150782401505	第六生产队	120.814730	49.304371	1	80	95	UNKNOWN
150724210202	阿拉坦敖希特嘎查	120.340859	49.173762	0	30	100	UNKNOWN
150781100007	二卡社区居委会	117.794170	49.469673	0	16	47	乡镇
150721202204	音河村委会	123.010217	48.085191	0	50	73	UNKNOWN
150723406515	伊斯哈气管护站	124.625888	49.737184	1	80	95	政府机构
150783405502	阿木牛林场	122.370770	48.174701	1	80	95	政府机构
150725502505	第五生产队	119.565712	49.338712	1	80	100	UNKNOWN
150785101002	平安居委会	121.500320	51.332129	0	25	70	乡镇
150722110218	斡斯门村委会	124.124200	49.060422	0	25	47	乡镇
150725203201	乌兰础鲁嘎查	119.262699	49.414062	0	25	70	乡镇
150722100218	毕台村委会	124.434506	48.365123	1	80	95	UNKNOWN
150702007003	海宝居委会	119.736000	49.212101	0	14	46	区县
150781405498	满洲里市工业园区虚拟社区	117.379001	49.597899	0	14	46	区县
150783107208	库堤河村村委会	122.472498	47.617908	1	80	100	政府机构
150725102500	哈日干图生活区	118.902449	49.187672	0	25	55	乡镇
150783006002	天拜山居委会	122.756099	48.008251	1	80	95	政府机构
150725201400	阿达盖社区村	120.089760	49.791320	0	25	70	乡镇
150723412501	四队	124.697460	49.677758	1	80	97	UNKNOWN
150724100200	巴彦托海嘎查	119.673140	49.124661	0	30	100	UNKNOWN
150721102206	东亚镇村委会	123.794771	48.503869	0	25	47	乡镇
150723402501	二队	124.274143	49.661137	0	50	82	UNKNOWN
150723104209	烟囱石村委会	123.766979	49.287911	0	25	55	UNKNOWN
150723401507	第八作业区	123.726001	50.591598	0	10	25	区县
150721104002	向阳社区居委会	123.266910	48.031581	0	25	70	乡镇
150721101200	曙光村委会	123.815560	48.364242	0	30	72	村庄
150785102004	镇北居委会	121.521001	50.780298	0	10	33	区县
150724214200	吉登嘎查	120.245780	48.279580	0	30	100	UNKNOWN
150721102210	兴权村委会	123.794771	48.503869	0	25	47	乡镇
150702004005	爱民居委会	119.782340	49.210789	1	80	97	政府机构
150782402503	第四生产队	121.049900	49.061731	0	50	82	UNKNOWN
150721201202	河东村委会	123.097040	48.552182	0	30	72	村庄
150783406504	白毛沟林场	121.308650	47.556522	1	80	95	政府机构
150724213204	巴音伊兰嘎查	119.759800	48.985910	0	30	100	UNKNOWN
150721105214	巨发村委会	123.448380	48.690841	0	25	55	乡镇
150702003001	梅园居委会	119.740659	49.230729	1	80	97	政府机构
150722402504	八队	124.813080	49.790738	0	60	87	UNKNOWN
150723406503	林业局库莫管护站生活区	124.625888	49.737184	1	80	92	政府机构
150721106204	大泉山村委会	123.273150	48.201121	0	25	47	乡镇
150702005004	绿园居委会	119.778950	49.221746	1	80	97	政府机构
150724215201	辉道嘎查	119.165130	48.372570	0	25	55	乡镇
150721103211	那克塔村委会	123.337939	48.340212	0	25	47	乡镇
150783400501	第二生产队	123.070610	48.008339	1	80	97	UNKNOWN
150723106218	扎西村委会	124.214990	49.559868	0	25	47	乡镇
150703001003	西铁社区居委会	117.703246	49.447030	0	20	50	乡镇
150785103005	共建居委会	122.056401	52.040778	0	25	70	乡镇
150722110222	丰收村委会	124.124200	49.060422	0	25	70	乡镇
150725201206	孟根诺尔嘎查	120.031590	49.822830	0	30	100	UNKNOWN
150722100222	绘图莫丁村委会	124.498030	48.471661	0	25	43	乡镇
150723410506	林业局西棱梯林场	123.724100	50.599711	1	80	95	政府机构
150783108201	泥沙河村村委会	122.074460	47.218951	0	30	58	村庄
150723105208	向阳村委会	124.381940	49.975209	0	30	72	村庄
150782109004	牧新社区居民委员会	121.132080	49.407471	0	25	43	乡镇
150721107205	长胜村委会	123.946429	48.472272	0	30	72	村庄
150723407502	林业局甘源林场	123.051430	50.632820	1	80	93	政府机构
150783103226	奋斗村村委会	122.745184	47.874962	1	80	100	政府机构
150783003001	胜利居委会	122.751594	48.000559	1	80	97	政府机构
150722108215	宜斯坎村委会	124.816654	49.124508	1	80	95	UNKNOWN
150724212205	孟根托雅嘎查	120.287590	48.857332	0	25	70	乡镇
150721104215	关家沟村委会	123.266910	48.031581	0	25	70	乡镇
150721200203	杜代沟村委会	123.711220	48.638592	0	25	47	乡镇
150783407505	新立屯林场	122.447990	47.489472	0	30	72	村庄
150785104001	友谊居委会	121.065189	50.995801	0	25	70	乡镇
150722400515	十五队	124.640030	49.376529	0	40	77	UNKNOWN
150783103230	领航村村委会	122.831251	47.748250	0	25	47	乡镇
150725503504	第四生产队	120.369648	49.482839	1	80	100	UNKNOWN
150721203205	大有庄村委会	123.527751	48.090121	0	16	65	乡镇
150724214001	伊敏社区居民委员会	119.764261	48.433340	0	25	47	乡镇
150724211203	西博嘎查村	119.782450	48.946499	0	25	47	村庄
150721107213	太平岗村委会	124.136950	48.491001	0	30	72	村庄
150702001006	兴华居委会	119.747151	49.223401	1	80	100	政府机构
150721400520	场直管理区	123.581274	48.182770	0	18	66	UNKNOWN
150782400504	第五管理区	120.661420	49.361270	1	80	97	UNKNOWN
150722108203	特莫呼珠村委会	124.666310	48.874632	0	25	47	乡镇
150703005001	灵北社区居委会	117.691608	49.422809	1	80	100	政府机构
150721104203	富山村委会	123.266910	48.031581	0	25	70	乡镇
150721101001	孤山社区居委会	123.779420	48.332891	0	25	55	乡镇
150723414504	达尔滨湖森林资源管护林场	120.285000	31.528901	0	16	38	区县
150722400503	三队	124.640030	49.376529	0	40	77	UNKNOWN
150725102202	哈日诺尔嘎查	119.113961	49.179969	0	30	100	UNKNOWN
150723403500	一队	125.048451	50.009548	1	80	97	UNKNOWN
150721103207	于屯村委会	123.337939	48.340212	0	25	70	乡镇
150723413500	一队	123.761761	49.608763	1	80	100	UNKNOWN
150722102209	福民村委会	124.097160	48.596689	0	25	70	乡镇
150783007003	新城居委会	122.738000	48.013802	0	10	43	区县
150725100004	图布新社区	119.450550	49.334682	1	80	100	政府机构
150783408598	虚拟原种场生活区	122.738000	48.013802	0	10	28	区县
150783403507	第八中队	122.859739	47.741862	1	80	95	UNKNOWN
150723410510	木奎森林资源管护所	123.724100	50.599711	1	80	93	政府机构
150725202200	查干诺尔嘎查	118.989260	49.238379	0	30	100	UNKNOWN
150782101005	巴新社区居民委员会	121.915980	48.753621	0	25	47	乡镇
150722400523	二十三队	124.640030	49.376529	0	40	77	UNKNOWN
150727201200	克尔伦嘎查	116.079810	48.321332	0	30	100	UNKNOWN
150722203206	后沃尔奇村委会	123.909018	48.775380	1	80	95	UNKNOWN
150783100200	蘑菇气村村委会	122.384225	47.498195	1	80	100	政府机构
150784402501	白音扎拉嘎屯	120.566587	50.339908	0	30	100	村庄
150723408507	诺敏林场	123.741667	49.205388	1	80	100	UNKNOWN
150722101002	铁西社区居民委员会	124.980370	49.509700	0	25	47	乡镇
150781004003	湖西社区居委会	117.459460	49.592001	1	80	97	政府机构
150722104200	阿尔拉村委会	124.106690	48.681990	0	25	47	乡镇
150702101201	友好村村委会	119.775630	49.198009	0	25	70	乡镇
150783103210	新站村村委会	122.831251	47.748250	0	25	70	乡镇
150726102201	塔日根宝力格嘎查	118.270001	48.218100	0	10	28	区县
150785002002	铁西居委会	121.511230	50.778806	1	80	97	政府机构
150703100004	兴泉社区居委会	117.668522	49.410811	0	18	66	乡镇
150722103204	小黑山村委会	125.218030	49.296570	0	25	70	乡镇
150727101202	呼德勒木日嘎查	116.208309	48.438422	0	30	100	UNKNOWN
150723102001	林风社区居民委员会	123.042160	50.631831	0	25	47	乡镇
150783104214	尖山子村村委会	122.888129	47.917726	1	80	100	政府机构
150783200202	巴图村村委会	122.963710	48.019937	1	80	100	政府机构
150782106001	乌东社区居民委员会	121.251753	48.859917	0	25	47	乡镇
150722100214	小莫丁村委会	124.498030	48.471661	0	25	43	乡镇
150722110214	达也扎德村委会	124.226036	49.063788	0	50	73	UNKNOWN
150723104213	洪生村委会	123.736220	49.198549	0	25	47	乡镇
150783107204	光荣村村委会	122.675123	47.637569	1	80	100	政府机构
150723101011	文化街社区居民委员会	124.618680	49.739950	0	25	47	乡镇
150726202203	贡诺尔嘎查	118.742709	48.618311	1	80	100	UNKNOWN
150782105007	图政社区居民委员会	121.681400	50.482249	0	25	47	乡镇
150783104202	大河湾村村委会	123.146110	47.851460	0	25	70	乡镇
150722110202	富民村委会	124.214531	48.919619	0	30	72	村庄
150727102204	五三嘎查	117.158678	49.592088	1	80	100	UNKNOWN
150702100001	谢尔塔拉居委会	119.918324	49.302027	0	60	87	UNKNOWN
150722100202	博荣村委会	124.498030	48.471661	0	25	47	乡镇
150783203204	德格吉热呼村村委会	122.196790	47.276411	0	25	41	村庄
150723101007	农垦美社区居民委员会	124.618680	49.739950	0	25	43	乡镇
150783107212	五道沟村村委会	122.564219	47.815332	0	30	58	村庄
150723104205	胜利村委会	123.736286	49.191554	0	30	72	村庄
150727100002	宝格德乌拉社区居委会	116.810549	48.664142	0	25	55	乡镇
150721106208	红毛沟村委会	123.236919	48.239251	0	30	58	村庄
150785001004	光明居委会	121.530154	50.780704	1	80	97	政府机构
150782102003	绰强社区居民委员会	121.362070	48.329712	0	25	47	乡镇
150721400516	忠厚队	123.581274	48.182770	0	18	66	UNKNOWN
150726206201	乌尔逊嘎查	118.136495	48.360346	0	25	70	乡镇
150784401507	西地营子屯	119.685038	50.259544	0	30	100	村庄
150783103206	红升村村委会	122.809931	47.666825	1	80	100	政府机构
150723105204	友谊村委会	124.369540	49.821561	0	30	72	村庄
150783202205	哈拉口子村村委会	122.132780	47.533741	0	30	58	村庄
150722101203	石头河子村委会	124.980370	49.509700	0	25	43	乡镇
150722104001	阿尔拉社区居民委员会	124.106690	48.681990	0	25	47	乡镇
150722111203	阿彦浅村委会	124.553427	48.643469	0	25	47	乡镇
150783100001	利民居委会	122.366240	47.494270	0	25	70	乡镇
150723106214	十六栋房村委会	124.214990	49.559868	0	25	47	乡镇
150722102213	太平桥村委会	123.838050	48.677251	0	30	72	村庄
150782104006	库原社区居民委员会	121.623240	50.029139	0	25	47	乡镇
150727201001	巴彦乌拉社区居民委员会	116.174970	48.359289	0	30	47	村庄
150783102207	新立村村委会	122.985329	48.172727	1	80	100	政府机构
150723101210	振兴村委会	124.522441	49.931218	0	30	72	村庄
150784400506	第八生产队村	119.837795	49.300836	0	80	93	UNKNOWN
150721401517	十七队	123.800881	48.514759	1	80	97	UNKNOWN
150782103002	乌林社区居民委员会	121.395771	49.571068	0	25	47	乡镇
150782106200	伊列克得村民委员会	121.251753	48.859917	0	25	55	乡镇
150722400519	十九队	124.640030	49.376529	0	40	77	UNKNOWN
150722201201	巴音布拉尔村委会	123.829439	48.965352	0	25	43	乡镇
150723107002	霍都奇社区居民委员会	122.489027	50.659624	1	80	95	UNKNOWN
150721107209	七道泉子村委会	123.333050	48.730801	0	30	58	村庄
150721402507	音河林场	123.460989	48.116762	1	80	95	政府机构
150722106207	双龙堡村委会	124.280910	48.667460	0	25	47	乡镇
150784001200	新城村村委会	120.180222	50.235941	1	80	94	政府机构
150722202211	李屯村委会	124.519001	48.477100	0	10	33	区县
150721401501	一队	123.800881	48.514759	1	80	97	UNKNOWN
150784400510	新力屯	120.179495	50.215445	1	80	94	UNKNOWN
150723101206	四平山村委会	124.618680	49.739950	0	25	70	乡镇
150783102211	三道桥村村委会	122.527700	48.216270	0	30	58	村庄
150702100200	哈克村村委会	120.172601	49.231579	0	16	65	乡镇
150722100003	伊兰社区居民委员会	124.498030	48.471661	0	25	47	乡镇
150722105201	小都尔本村委会	124.470260	48.261721	0	25	47	乡镇
150784403500	机耕屯	120.179495	50.215445	1	80	91	UNKNOWN
150725503508	第八生产队	120.337190	49.543598	1	80	100	UNKNOWN
150722202207	全胜村委会	124.519001	48.477100	0	10	33	区县
150727200201	贝尔嘎查	117.708795	47.972275	1	80	100	UNKNOWN
150782100004	免伟社区居民委员会	121.046510	49.094630	0	25	47	乡镇
150722106211	小库木尔村委会	124.280910	48.667460	0	25	43	乡镇
150726203202	萨如拉图布嘎查	119.217550	47.936561	0	30	100	UNKNOWN
150702008010	远山社区	119.736000	49.212101	0	14	46	区县
150723105212	春亭阁村委会	124.365440	49.889691	0	25	47	乡镇
150783201203	大兴村村委会	122.362530	48.176770	0	25	70	乡镇
150723106202	大库莫村委会	124.214990	49.559868	0	25	47	乡镇
150727100203	东庙嘎查	117.009600	48.752990	0	30	100	UNKNOWN
150722102205	万发村委会	124.097160	48.596689	0	25	70	乡镇
150783201202	道南村村委会	122.738000	48.013802	0	10	28	区县
150723103001	光明社区居民委员会	123.204170	50.580628	0	25	47	乡镇
150723106203	库维地村委会	124.214990	49.559868	0	25	47	乡镇
150727100202	西庙嘎查	116.939030	48.703971	0	30	100	UNKNOWN
150722102204	五马架村委会	124.097160	48.596689	0	25	47	乡镇
150726203203	呼和诺尔嘎查	119.249583	48.151775	1	80	100	UNKNOWN
150702008011	林海社区	119.736000	49.212101	0	14	46	区县
150723105213	跃进村委会	124.365440	49.889691	0	25	70	乡镇
150782107001	塔强社区居民委员会	121.196670	47.982771	0	25	47	乡镇
150784403501	建设屯	120.179495	50.215445	1	80	91	UNKNOWN
150725503509	第九生产队	120.167721	49.449210	1	80	100	UNKNOWN
150722202206	新胜村委会	124.992121	49.336999	0	30	72	村庄
150727200200	布达图嘎查	117.481620	48.026481	0	30	100	UNKNOWN
150722106210	卓洛尼村委会	124.280910	48.667460	0	25	43	乡镇
150784400511	良种站村	119.837795	49.300836	0	80	94	UNKNOWN
150785003002	林电居委会	121.546369	50.784910	1	80	97	政府机构
150723101207	富饶村委会	124.618680	49.739950	0	25	70	乡镇
150783102210	红旗村村委会	122.648071	48.095105	1	80	100	政府机构
150702100201	团结村村委会	120.053518	49.244191	1	80	100	政府机构
150722100002	布西社区居民委员会	124.498030	48.471661	0	25	47	乡镇
150722105200	汉古尔河村委会	124.470260	48.261721	0	25	41	乡镇
150723107003	兴安社区居民委员会	123.726001	50.591598	0	10	28	区县
150721107208	兴发村委会	123.265260	47.968830	0	30	72	村庄
150721402506	查巴奇林场	123.460989	48.116762	1	80	97	政府机构
150722106206	大库木尔村委会	124.280910	48.667460	0	25	43	乡镇
150722202210	宜和德村委会	124.995708	49.185516	1	80	95	UNKNOWN
150783102206	扬旗山村村委会	122.676030	48.098661	0	25	47	乡镇
150723101211	红星村委会	124.467790	49.657299	0	30	72	村庄
150784400507	南山屯	120.179495	50.215445	1	80	94	UNKNOWN
150721401516	十六队	123.800881	48.514759	1	80	97	UNKNOWN
150722400518	十八队	124.640030	49.376529	0	40	77	UNKNOWN
150722201200	库如奇村委会	123.829439	48.965352	0	25	43	乡镇
150723106215	龙头村委会	124.214990	49.559868	0	25	70	乡镇
150783105202	浩饶山村村委会	121.645240	47.216090	0	30	58	村庄
150722102212	宝龙泉村委会	124.097160	48.596689	0	25	47	乡镇
150723105205	铁东村委会	124.380870	49.895250	0	30	72	村庄
150726102001	呼格吉勒社区居委会	118.281951	48.215785	1	80	100	政府机构
150783202204	红炮台新村村委会	122.057104	47.590632	1	80	92	地产小区
150722101202	新哈力浅村委会	124.980370	49.509700	0	25	41	乡镇
150781001001	怡园社区居委会	117.477975	49.586202	1	80	97	政府机构
150702101001	蓝盾居委会	119.775630	49.198009	0	25	70	乡镇
150722111202	民族村委会	124.553427	48.643469	0	25	70	乡镇
150722200201	满都胡浅村委会	124.775790	49.467521	0	25	43	乡镇
150721400517	中兴队	123.652507	48.188099	1	80	100	政府机构
150726206200	呼和温都尔嘎查	117.852446	48.229130	1	80	100	UNKNOWN
150784401506	得尔布屯	119.730862	50.363513	0	30	100	村庄
150783103207	和平村村委会	122.797360	47.688448	1	80	100	政府机构
150727100003	克尔伦社区居委会	116.810549	48.664142	0	25	70	乡镇
150721106209	天台岭村委会	123.273150	48.201121	0	25	47	乡镇
150785001005	华利居委会	121.530154	50.780704	1	80	95	政府机构
150722110203	霍日里绰罗村委会	124.124200	49.060422	0	25	47	乡镇
150722100203	西拉金村委会	124.498030	48.471661	0	25	55	乡镇
150722105001	汉古尔河社区居委会	124.470260	48.261721	0	25	47	乡镇
150723101006	南湖美社区居民委员会	124.609631	49.746514	0	40	56	UNKNOWN
150783107213	集体村村委会	122.474313	47.843562	1	80	100	政府机构
150723104204	额尔肯村委会	123.736220	49.198549	0	25	47	乡镇
150784001016	和谐社区居委会	120.180222	50.235941	1	80	97	政府机构
150702004008	东升居委会	119.782340	49.210789	1	80	97	政府机构
150783104203	东升村村委会	123.175407	47.924902	1	80	100	政府机构
150722100215	红星村委会	124.396090	48.445910	0	30	72	村庄
150722110215	福盛村委会	124.124200	49.060422	0	25	47	乡镇
150723104212	胜洪村委会	123.736220	49.198549	0	25	70	乡镇
150783107205	红星村村委会	122.654028	47.594199	1	80	100	政府机构
150723101010	新华街社区居民委员会	124.618680	49.739950	0	25	47	乡镇
150726202202	芒来嘎查	118.820671	48.690129	0	30	100	UNKNOWN
150727101203	布鲁和木德勒嘎查	115.881501	48.598910	0	25	43	乡镇
150783104215	沙里沟村村委会	122.852220	47.970692	0	30	58	村庄
150783200203	中心村村委会	122.988141	48.078589	1	80	100	政府机构
150781004002	湖东社区居委会	117.459460	49.592001	1	80	97	政府机构
150722104201	开花浅村委会	124.106690	48.681990	0	25	47	乡镇
150702101200	友联村村委会	119.775630	49.198009	0	25	70	乡镇
150722200217	平安村委会	124.633910	49.608808	0	30	72	村庄
150726102200	巴音敖包嘎查	118.270001	48.218100	0	10	28	区县
150724110036	雁南社区	120.579490	49.242771	0	25	70	乡镇
150703100005	航运社区居委会	117.690945	49.394392	1	80	100	政府机构
150721400501	一分场一队	123.523044	48.186673	1	80	100	UNKNOWN
150782101004	博铁社区居民委员会	121.915980	48.753621	0	25	47	乡镇
150722400522	二十二队	124.643481	49.382050	1	80	100	UNKNOWN
150727201201	额日和图嘎查	115.847929	48.021179	1	80	100	UNKNOWN
150722203207	前沃尔奇村委会	123.811780	48.852261	0	25	43	乡镇
150783100201	凤凰窝村村委会	122.366240	47.494270	0	25	47	乡镇
150726205206	达赉嘎查	117.767130	48.966042	0	25	70	乡镇
150784402500	新库力屯	119.837795	49.300836	0	80	90	UNKNOWN
150783403506	第七中队	122.859739	47.741862	1	80	95	UNKNOWN
150781404498	矿区虚拟社区	117.718220	49.458370	1	80	95	UNKNOWN
150723410511	阿里河林场	123.724100	50.599711	1	80	95	政府机构
150725202201	额尔敦乌拉嘎查	118.896110	49.250371	0	30	100	UNKNOWN
150724111200	永丰嘎查	119.828731	48.593830	0	30	100	UNKNOWN
150723403501	二队	125.048451	50.009548	1	80	97	UNKNOWN
150721103206	缸窑村委会	123.449620	48.465131	0	30	72	村庄
150723413501	五队	123.718823	49.547216	1	80	100	政府机构
150722102208	福德村委会	124.097160	48.596689	0	25	47	乡镇
150725200400	诺敏塔拉社区村	118.562580	49.476550	0	30	51	村庄
150783007002	南市居委会	122.738000	48.013802	0	10	33	区县
150721104202	太平山村委会	123.266910	48.031581	0	25	70	乡镇
150782004001	永兴社区居民委员会	120.728063	49.279966	1	80	94	政府机构
150723414505	阿木珠苏森林资源管护林场	110.652000	26.042299	0	14	64	区县
150722400502	二队	124.640030	49.376529	0	40	77	UNKNOWN
150725102203	乌布日诺尔嘎查	118.784569	49.078852	0	30	100	UNKNOWN
150721203204	圣水村委会	123.527751	48.090121	0	16	65	乡镇
150721107212	育合村委会	123.458999	48.125802	0	10	28	区县
150724211202	巴音胡硕嘎查	119.782450	48.946499	0	25	55	村庄
150702001007	木兰居委会	119.736000	49.212101	0	14	46	区县
150782400505	第六管理区	120.661420	49.361270	1	80	97	UNKNOWN
150722108202	怪勒村委会	124.666310	48.874632	0	25	47	乡镇
150702002001	南开居委会	119.740071	49.205955	1	80	97	政府机构
150721104214	孤山屯村委会	123.217480	48.078342	0	30	58	村庄
150724212204	孟根楚鲁嘎查	120.287590	48.857332	0	25	70	乡镇
150721200202	东北沟村委会	123.711220	48.638592	0	25	70	乡镇
150783407504	伊其罕林场	121.898723	47.659377	1	80	100	UNKNOWN
150722400514	十四队	124.640030	49.376529	0	40	77	UNKNOWN
150721107204	榆树村委会	123.458999	48.125802	0	10	43	区县
150723407503	林业局库西林场	123.051430	50.632820	1	80	93	政府机构
150783103227	河口村村委会	122.682738	47.945517	1	80	100	政府机构
150722108214	东伊必奇村委会	124.666310	48.874632	0	25	43	乡镇
150723410507	林业局齐奇岭经营所生活区	123.724100	50.599711	1	80	92	政府机构
150783108200	边北村村委会	122.018910	47.210941	0	30	58	村庄
150721100200	那吉村村民委员会	123.440221	48.148499	0	30	72	村庄
150783403510	修配场	122.859739	47.741862	1	80	95	UNKNOWN
150784200005	三河第一社区居委会	120.109160	50.450801	0	25	55	乡镇
150723105209	红旗村委会	124.365440	49.889691	0	25	70	乡镇
150782109005	牧锦社区居民委员会	121.132080	49.407471	0	25	47	乡镇
150783004004	星光居委会	122.753119	47.985033	1	80	97	政府机构
150702005005	海啤居委会	119.778950	49.221746	1	80	97	政府机构
150721103210	知木伦村委会	123.337939	48.340212	0	25	55	乡镇
150724215200	完工托海嘎查	119.279890	48.179521	0	30	100	UNKNOWN
150783400500	第一生产队	123.070610	48.008339	1	80	97	UNKNOWN
150723106219	东升村委会	124.214990	49.559868	0	25	55	乡镇
150703001002	同心社区居委会	117.703246	49.447030	0	20	50	乡镇
150785103004	团结居委会	122.056401	52.040778	0	25	70	乡镇
150722110223	甘楞村委会	124.124200	49.060422	0	25	47	乡镇
150722100223	万宝山村委会	124.498030	48.471661	0	25	70	乡镇
150783002001	永安居委会	122.742346	48.013369	1	80	97	政府机构
150723406502	林业局宜里管护生活区	124.625888	49.737184	1	80	94	政府机构
150721106205	东兴村委会	123.273150	48.201121	0	25	70	乡镇
150782402502	第三生产队	121.049900	49.061731	0	50	82	UNKNOWN
150725501502	第二生产队	119.706692	49.609292	1	80	100	UNKNOWN
150721201203	河西村委会	123.047289	48.513522	0	30	72	村庄
150783406505	哈布气林场	121.308650	47.556522	1	80	95	政府机构
150724213205	巴音纳文嘎查	119.744820	49.004992	0	25	47	乡镇
150785102005	镇东居委会	121.521001	50.780298	0	10	43	区县
150721102211	山里屯村委会	123.794771	48.503869	0	25	47	乡镇
150724214201	红花尔基嘎查	119.922389	48.309742	0	30	100	UNKNOWN
150723104208	卧罗迪村委会	123.736220	49.198549	0	25	43	乡镇
150723401506	七队	123.907895	49.341287	1	80	100	UNKNOWN
150783402511	马场街道办事处	122.666980	48.107240	1	80	97	UNKNOWN
150782001002	胜华社区居民委员会	120.742137	49.286228	1	80	94	政府机构
150721101201	保国村委会	123.458999	48.125802	0	10	28	区县
150724100201	雅尔斯嘎查	119.785270	49.047819	0	30	100	UNKNOWN
150723412500	二队	124.687450	49.688299	0	30	100	UNKNOWN
150721102207	福合村委会	123.794771	48.503869	0	25	70	乡镇
150723402500	一队	124.274143	49.661137	0	50	82	UNKNOWN
150785101003	东光居委会	121.500320	51.332129	0	25	70	乡镇
150722110219	龙河村委会	124.298209	49.313191	0	30	72	村庄
150722100219	兴隆泉村委会	124.498030	48.471661	0	25	70	乡镇
150725203200	巴彦哈达嘎查	119.262699	49.414062	0	25	70	乡镇
150702007002	海联居委会	119.736000	49.212101	0	14	37	区县
150723401510	第十一作业区	123.726001	50.591598	0	10	33	区县
150783107209	新林村村委会	122.341423	47.654658	1	80	100	政府机构
150725102501	乌固诺尔生活区	119.327179	49.157671	0	30	72	UNKNOWN
150703004001	清泉社区居委会	117.693904	49.465106	1	80	97	政府机构
150722109203	北兴村委会	124.464660	49.545029	0	25	55	乡镇
150782401504	第五生产队	120.814730	49.304371	1	80	97	UNKNOWN
150724215001	浩日嘎木吉社区居委会	119.165130	48.372570	0	25	47	乡镇
150721202205	新立村委会	122.984510	48.172142	0	30	72	村庄
150723406514	林业局欧肯河管护站生活区	124.625888	49.737184	1	80	92	政府机构
150783405503	南木林场	122.377370	48.178641	1	80	100	UNKNOWN
150725502504	第四生产队	119.628759	49.319381	0	30	51	UNKNOWN
150722401503	三队	124.885360	49.520530	1	80	97	UNKNOWN
150721105203	石井村委会	123.386280	48.674760	0	30	72	村庄
150783108001	幸福居委会	122.019430	47.228542	0	25	70	乡镇
150721100001	鑫海社区居委会	123.473109	48.125696	0	25	55	乡镇
150722109208	友谊村委会	124.464660	49.545029	0	25	55	乡镇
150727201206	巴音诺尔嘎查	116.174970	48.359289	0	30	72	村庄
150722203200	查哈阳村委会	123.811780	48.852261	0	25	43	乡镇
150784402507	伊根队	119.837795	49.300836	0	80	90	UNKNOWN
150726205201	布勒呼木德勒嘎查	118.364559	48.905322	0	30	100	UNKNOWN
150723408501	托河林场	122.604907	50.326389	1	80	100	UNKNOWN
150783100206	东风村村委会	122.559740	47.546393	1	80	100	政府机构
150722200210	乌如根塔拉村委会	124.775790	49.467521	0	25	41	乡镇
150722104206	喀牙都尔本村委会	124.106690	48.681990	0	25	47	乡镇
150722401508	八队	124.885360	49.520530	1	80	97	UNKNOWN
150726206211	巴音塔拉嘎查	118.215700	48.116049	0	30	100	UNKNOWN
150721105208	靠林村委会	123.448380	48.690841	0	25	47	乡镇
150723100201	昆仑山村委会	123.723120	50.594349	0	25	70	乡镇
150724110031	向前社区	120.579490	49.242771	0	25	70	乡镇
150781003001	文明社区居委会	117.457418	49.590825	1	80	97	政府机构
150722103202	哈布奇村委会	125.218030	49.296570	0	25	43	乡镇
150727101204	巴音乌拉嘎查	116.824000	48.671400	0	10	28	区县
150783200204	白音村村委会	122.958966	48.118477	1	80	100	政府机构
150783104212	永兴村村委会	123.004210	47.865580	0	30	58	村庄
150722110212	霍日奇坎村委会	124.124200	49.060422	0	25	47	乡镇
150722100212	前兴农村委会	124.498030	48.471661	0	25	55	乡镇
150726202205	布勒呼木德乐嘎查	118.375868	48.909190	1	80	100	UNKNOWN
150727500502	第二生产队	117.433191	49.465499	0	30	72	UNKNOWN
150783107202	兴隆村村委会	122.626860	47.669382	0	25	70	乡镇
150723104215	东新发村委会	123.726001	50.591598	0	10	33	区县
150784001011	兴达社区居委会	120.180222	50.235941	1	80	97	政府机构
150782100203	先进村民委员会	121.044713	49.099827	0	30	72	村庄
150783104204	红光村村委会	123.146110	47.851460	0	25	70	乡镇
150727102202	五一嘎查	117.417560	49.161931	0	30	100	UNKNOWN
150722100204	东升村委会	124.405313	48.481985	0	30	72	村庄
150722110204	金鑫村委会	124.124200	49.060422	0	25	70	乡镇
150723104203	马克拉村委会	123.736220	49.198549	0	25	47	乡镇
150723101001	甘奎路社区居民委员会	124.352271	49.887928	1	80	94	UNKNOWN
150783107214	黎明村村委会	122.410145	47.772614	1	80	100	政府机构
150783203202	铁矿村村委会	122.133231	47.429484	1	80	100	政府机构
150726202213	呼吉日诺尔嘎查	118.789329	48.726372	0	30	47	村庄
150727100004	呼伦社区居委会	116.810549	48.664142	0	25	55	乡镇
150727201210	萨如拉嘎查	116.460700	48.467851	0	30	100	UNKNOWN
150726101201	伊和乌拉嘎查	118.382900	49.461100	0	30	100	UNKNOWN
150723406509	林业局乌鲁布铁管护站生活区	124.625888	49.737184	1	80	92	政府机构
150783100210	南平村村委会	122.366240	47.494270	0	25	70	乡镇
150722104210	宝龙村委会	124.137610	48.756741	0	30	72	村庄
150722200206	兴农村委会	124.660270	49.353171	0	30	72	村庄
150702100400	内蒙古呼伦贝尔工业园区	120.172601	49.231579	0	16	65	乡镇
150727202200	布日德嘎查	116.957260	49.142179	0	30	100	UNKNOWN
150721201208	大石砬村委会	123.076880	48.522769	0	25	47	乡镇
150783106002	振兴居委会	121.315290	47.562461	0	25	70	乡镇
150725501509	第九生产队	119.686864	49.676056	1	80	100	UNKNOWN
150783103200	西德胜村村委会	122.716769	47.808722	1	80	100	政府机构
150721400510	二分场六队	123.581274	48.182770	0	18	49	UNKNOWN
150784401501	上护林屯六队	120.241323	50.668942	0	30	72	村庄
150726206207	伊和呼热嘎查	117.627320	48.308320	0	30	100	UNKNOWN
150783202203	猎民村村委会	122.233751	47.531539	0	30	58	村庄
150723105202	讷尔克气猎民村委会	124.365440	49.889691	0	25	43	乡镇
150726102006	伊博勒社区居委会	118.271081	48.218300	0	25	55	乡镇
150722111205	多西浅村委会	124.591543	48.663854	1	80	95	UNKNOWN
150781001006	东兴社区居委会	117.477975	49.586202	1	80	97	政府机构
150722101205	松木哨村委会	124.980370	49.509700	0	25	43	乡镇
150723106212	诺敏河村委会	124.214990	49.559868	0	25	47	乡镇
150722102215	巨泉山村委会	124.097160	48.596689	0	25	55	乡镇
150782101202	雅鲁村民委员会	122.137760	48.550432	0	30	72	UNKNOWN
150784400500	葫芦头屯	119.837795	49.300836	0	80	93	UNKNOWN
150702007208	光明村村委会	119.818190	49.263520	0	30	58	村庄
150721401511	十一队	123.800881	48.514759	1	80	97	UNKNOWN
150783102201	长发村村委会	122.629869	48.141942	0	30	58	村庄
150727203201	宝格德乌拉嘎查	117.254170	48.460619	0	25	70	乡镇
150722201207	呼兰韶热村委会	123.829439	48.965352	0	25	47	乡镇
150782103004	乌政社区居民委员会	121.395771	49.571068	0	25	47	乡镇
150722105211	西诺敏村委会	124.470260	48.261721	0	25	47	乡镇
150721402501	得力其尔林场	123.460989	48.116762	1	80	97	政府机构
150722106201	兴隆村委会	124.224217	48.596405	0	30	72	村庄
150723101200	街西村委会	124.618680	49.739950	0	25	70	乡镇
150721401507	七队	123.800881	48.514759	1	80	97	UNKNOWN
150721104209	松树林村委会	123.266910	48.031581	0	25	70	乡镇
150722400509	九队	124.640030	49.376529	0	40	77	UNKNOWN
150722105207	南坤浅村委会	124.470260	48.261721	0	25	47	乡镇
150722100005	雅克萨社区居委会	124.498030	48.471661	0	25	70	乡镇
150723409500	吉铁林场	123.270001	50.570194	1	80	100	UNKNOWN
150726204200	查干诺尔嘎查	118.813571	47.846729	0	30	100	UNKNOWN
150722106217	北林泉村委会	124.280910	48.667460	0	25	43	乡镇
150722202201	团山子村委会	125.175050	49.200679	0	30	72	村庄
150722108209	郭恩奇坎村委会	124.666310	48.874632	0	25	47	乡镇
150783103001	益民居委会	122.831251	47.748250	0	25	70	乡镇
150723105214	五岔沟村委会	124.365440	49.889691	0	25	70	乡镇
150723201202	勃力河村委会	123.726001	50.591598	0	10	28	区县
150726203204	乌兰诺尔嘎查	119.072770	48.162282	0	30	100	UNKNOWN
150722101213	欧富村委会	124.980370	49.509700	0	25	47	乡镇
150727202001	毛盖图社区居民委员会	116.824000	48.671400	0	10	25	区县
150785004001	友谊社区	121.521001	50.780298	0	10	25	区县
150723106204	二根河村委会	124.189821	49.545358	0	50	73	UNKNOWN
150783201205	双北村村委会	122.420267	48.117433	0	30	58	村庄
150727100205	赛汉呼热嘎查	117.006310	48.751640	0	30	100	UNKNOWN
150722102203	小泉子村委会	124.097160	48.596689	0	25	47	乡镇
150722401504	四队	124.885360	49.520530	1	80	97	UNKNOWN
150785002008	沿河社区	121.511230	50.778806	1	80	97	政府机构
150725501513	第十三生产队	120.193859	49.977956	1	80	100	UNKNOWN
150721100006	文化社区居委会	123.473109	48.125696	0	25	70	乡镇
150721105204	白桦泉村委会	123.448380	48.690841	0	25	47	乡镇
150782401503	第四生产队	120.814730	49.304371	1	80	95	UNKNOWN
150722109204	北方村委会	124.464660	49.545029	0	25	70	乡镇
150783405504	大石门林场	122.370770	48.174701	1	80	95	政府机构
150721202202	五龙泉村委会	123.020700	48.029210	0	25	47	乡镇
150723406513	林业局查拉巴奇管护站生活区	124.625888	49.737184	1	80	91	政府机构
150725502503	第三生产队	119.696930	49.445818	1	80	100	UNKNOWN
150781100001	胜利社区居委会	117.764751	49.440372	1	80	100	政府机构
150703003002	新华社区居委会	117.776158	49.404528	0	18	49	乡镇
150783402500	第一生产连队	122.666057	48.135698	1	80	100	UNKNOWN
150726202209	巴音锡力嘎查	118.789329	48.726372	0	30	72	村庄
150721101210	永乐村委会	123.571560	48.340711	0	30	72	村庄
150725101003	创业社区	119.800619	49.343345	0	18	66	乡镇
150723402507	九队	124.274143	49.661137	0	50	82	UNKNOWN
150726400501	第二管理区	118.270001	48.218100	0	10	43	区县
150721102200	青松村委会	123.490300	48.591069	0	30	72	村庄
150782002003	红升社区居民委员会	120.741936	49.288702	1	80	94	政府机构
150783005002	糖厂居委会	122.775238	47.971106	1	80	97	政府机构
150725202400	呼德社区村	118.973399	49.245061	0	25	70	乡镇
150722110208	顺斯提村委会	124.147013	48.936323	1	80	95	UNKNOWN
150722100208	永合发村委会	124.498030	48.471661	0	25	43	乡镇
150721101206	振丰村委会	123.779420	48.332891	0	25	47	乡镇
150723411501	农工商联合公司六场	124.635090	49.732228	1	80	97	UNKNOWN
150783107218	水甸沟村村委会	122.616300	47.723622	0	30	58	村庄
150723401501	二队	124.355694	49.957598	1	80	100	UNKNOWN
150725200201	萨如拉塔拉嘎查	118.552720	49.481741	0	30	100	UNKNOWN
150724214206	苇子坑嘎查	119.813037	48.633897	1	80	100	UNKNOWN
150721102216	三合村委会	123.794771	48.503869	0	25	70	乡镇
150781406498	满洲里国际物流产业园区虚拟生活区	117.379001	49.597899	0	14	27	区县
150702004003	华联居委会	119.782340	49.210789	1	80	97	政府机构
150725101500	特泥河生活区	119.800619	49.343345	0	18	40	乡镇
150723402511	扎兰河农场部	124.274143	49.661137	0	50	73	UNKNOWN
150783401506	第七生产队	122.975281	47.846191	1	80	100	UNKNOWN
150722106221	古山子村委会	124.280910	48.667460	0	25	47	乡镇
150782402505	第六生产队	121.049900	49.061731	0	50	82	UNKNOWN
150724213202	巴彦朝格嘎查	119.506559	49.075012	0	30	100	UNKNOWN
150721105212	柳毛沟村委会	123.448380	48.690841	0	25	47	乡镇
150721100010	幸福社区居委会	123.473109	48.125696	0	25	70	乡镇
150725501505	第五生产队	119.842905	49.713730	1	80	100	UNKNOWN
150783406502	固里河林场	121.308650	47.556522	1	80	95	政府机构
150721201204	嘎达奈村委会	123.076880	48.522769	0	25	47	乡镇
150722109212	振兴村委会	124.464660	49.545029	0	25	55	乡镇
150722402502	三队	124.813080	49.790738	0	60	87	UNKNOWN
150721106202	铁山村委会	123.273150	48.201121	0	25	55	乡镇
150723406505	林业局卧罗河林场	124.625888	49.737184	1	80	93	政府机构
150702005002	建设居委会	119.778950	49.221746	1	80	97	政府机构
150724215207	嘎鲁图嘎查	118.951270	48.552431	0	30	100	UNKNOWN
150725201200	阿尔山嘎查	120.168824	49.598460	1	80	100	UNKNOWN
150703001005	天和社区居委会	117.703246	49.447030	0	20	41	乡镇
150723400500	一队	123.744270	49.584819	1	80	97	UNKNOWN
150723410500	林业局红星林场	123.724100	50.599711	1	80	94	政府机构
150722101209	南阳村委会	124.853799	49.733071	0	30	72	村庄
150783004003	纸浆居委会	122.753119	47.985033	1	80	97	政府机构
150782109002	牧丰社区居民委员会	121.132080	49.407471	0	25	47	乡镇
150783103220	朝阳岗村村委会	122.820291	47.875473	1	80	100	政府机构
150721102001	镇旺社区居委会	123.809793	48.505916	1	80	100	政府机构
150721107203	河南村委会	123.887760	48.461022	0	30	72	村庄
150722403503	五队	124.627601	49.402438	1	80	100	政府机构
150722108213	西伊必奇村委会	124.666310	48.874632	0	25	43	乡镇
150783407503	哈多河林场	121.994077	47.255589	1	80	100	UNKNOWN
150721200205	得力其尔村委会	123.713100	48.633937	0	60	80	UNKNOWN
150783100230	东明村村委会	122.410672	47.443459	1	80	100	政府机构
150724212203	哈日套海嘎查	120.287590	48.857332	0	25	55	乡镇
150721104213	桦树沟村委会	123.266910	48.031581	0	25	70	乡镇
150722400513	十三队	124.640030	49.376529	0	40	77	UNKNOWN
150782103008	煤祥社区居民委员会	121.395771	49.571068	0	25	47	乡镇
150724100011	艾里社区	119.755790	49.136481	0	25	70	乡镇
150725503502	第二生产队	120.490080	49.514908	1	80	100	UNKNOWN
150721203203	唐王沟村委会	123.527751	48.090121	0	16	65	乡镇
150722108205	伊兰台村委会	124.619511	49.087524	1	80	95	UNKNOWN
150782400502	第三管理区	120.661420	49.361270	1	80	97	UNKNOWN
150721104205	解放村委会	123.428970	48.077630	0	30	72	村庄
150723414502	大二沟管护站生活区	124.117863	50.410554	1	80	93	政府机构
150783100226	苇莲河村村委会	122.313691	47.370006	1	80	100	政府机构
150725102204	完工嘎查	118.897739	49.187961	0	30	100	UNKNOWN
150722100009	索日都勒社区居民委员会	124.498030	48.471661	0	25	47	乡镇
150722400505	五队	124.640030	49.376529	0	40	77	UNKNOWN
150721103201	霍尔奇村委会	123.337939	48.340212	0	25	47	乡镇
150782003002	新华社区居民委员会	120.731012	49.289125	1	80	94	政府机构
150723106208	青松沟村委会	123.928010	49.277530	0	30	72	村庄
150783400511	农牧结合管理区	123.070610	48.008339	1	80	95	UNKNOWN
150723403506	古里农场	125.048451	50.009548	1	80	100	UNKNOWN
150725100002	苏优勒社区	119.427480	49.324330	1	80	100	政府机构
150727100209	勃迪乌拉嘎查	116.810549	48.664142	0	25	70	乡镇
150726203208	阿拉坦哈达嘎查	119.607710	47.961201	0	30	100	UNKNOWN
150784101200	梁东村委会	119.515580	50.206590	0	25	70	乡镇
150723105218	乌尔其村委会	124.365440	49.889691	0	25	43	乡镇
150783403501	第二中队	122.859739	47.741862	1	80	95	UNKNOWN
150703002003	联营社区居委会	117.721271	49.424768	0	20	50	乡镇
150784101201	梁西村村委会	119.515580	50.206590	0	25	70	乡镇
150723105219	新兴村委会	124.280241	50.164548	0	30	72	村庄
150783403500	场部	122.859739	47.741862	1	80	97	UNKNOWN
150703002002	友谊社区居委会	117.721271	49.424768	0	20	50	乡镇
150784210500	恩和农场生活区	119.913765	50.822723	0	40	65	UNKNOWN
150724215210	查干诺尔嘎查	119.178861	48.779039	0	30	100	UNKNOWN
150721103200	莫尔顶村委会	123.337939	48.340212	0	25	43	乡镇
150782003003	新兴社区居民委员会	120.731012	49.289125	1	80	94	政府机构
150723106209	乃木河村委会	124.214990	49.559868	0	25	43	乡镇
150783400510	农场街道办事处	123.070610	48.008339	1	80	95	UNKNOWN
150784103400	莫尔道嘎林业局生产生活区	120.776137	51.266493	1	80	95	政府机构
150783007004	振兴居委会	122.738000	48.013802	0	10	43	区县
150725100003	巴彦社区	119.439410	49.327732	0	25	70	乡镇
150727100208	巴音德日斯嘎查	116.810549	48.664142	0	25	55	乡镇
150721104204	兴发村委会	123.265260	47.968830	0	30	72	村庄
150723414503	北大河管护站生活区	124.117863	50.410554	1	80	93	政府机构
150783100227	炕沿山村村委会	122.440387	47.409878	1	80	100	政府机构
150783005202	近郊村村委会	122.775238	47.971106	1	80	97	政府机构
150725102205	安格尔图嘎查	119.239750	49.300329	0	50	68	UNKNOWN
150722400504	四队	124.640030	49.376529	0	40	77	UNKNOWN
150702001001	天润居委会	119.745598	49.207131	0	50	82	地产小区
150724100010	赛克社区	119.755790	49.136481	0	25	70	乡镇
150725503503	第三生产队	120.509529	49.360522	1	80	100	UNKNOWN
150721203202	东光村委会	123.426370	48.144540	0	30	72	村庄
150722108204	巴卡哈里村委会	124.666310	48.874632	0	25	43	乡镇
150782400503	第四管理区	120.661420	49.361270	1	80	97	UNKNOWN
150783407502	根多河林场	122.019528	47.732249	0	50	82	UNKNOWN
150721200204	兴南镇村委会	123.711220	48.638592	0	25	47	乡镇
150721104212	太平沟村委会	123.335260	48.158421	0	30	72	村庄
150724212202	罕乌拉嘎查	120.287590	48.857332	0	25	70	乡镇
150722400512	十二队	124.640030	49.376529	0	40	77	UNKNOWN
150723407505	源江管护所	123.051430	50.632820	1	80	95	政府机构
150783103221	石桥村村委会	122.702441	47.927169	1	80	100	政府机构
150784103011	兴安社区居委会	120.785781	51.255748	0	25	70	乡镇
150721107202	牧奎村委会	123.458999	48.125802	0	10	28	区县
150722403502	三队	124.841420	49.524802	1	80	100	UNKNOWN
150722108212	塔兴村委会	124.666310	48.874632	0	25	47	乡镇
150723400501	二队	123.744270	49.584819	1	80	97	UNKNOWN
150784200003	苏沁居委会	120.109160	50.450801	0	25	70	乡镇
150723410501	林业局奎源林场	123.724100	50.599711	1	80	95	政府机构
150722101208	新多金村委会	124.980370	49.509700	0	25	43	乡镇
150784104500	恩和哈达金矿生活区	121.442916	53.321394	1	80	97	UNKNOWN
150725203400	哈达图社区村	119.424000	49.328799	0	10	25	区县
150783004002	金星居委会	122.753119	47.985033	1	80	97	政府机构
150722111208	北石场村委会	124.553427	48.643469	0	25	47	乡镇
150782109003	牧西社区居民委员会	121.132080	49.407471	0	25	47	乡镇
150721103216	横道村委会	123.011821	48.440649	0	30	72	村庄
150724215206	伊勒利特嘎查	119.047861	48.538720	0	30	100	UNKNOWN
150725201201	辉屯嘎查	120.089760	49.791320	0	25	55	乡镇
150703001004	强盛社区居委会	117.703246	49.447030	0	20	50	乡镇
150722402503	四队	124.813080	49.790738	0	60	87	UNKNOWN
150721103001	荣兴社区居委会	123.337939	48.340212	0	25	70	乡镇
150721106203	小黑信子村委会	123.218640	48.179022	0	30	58	村庄
150723406504	林业局乃木河管护站生活区	124.625888	49.737184	1	80	92	政府机构
150722106220	二龙山村委会	124.280910	48.667460	0	25	70	乡镇
150782102008	苏峰社区居民委员会	121.362070	48.329712	0	25	47	乡镇
150782402504	第五生产队	121.049900	49.061731	0	50	82	UNKNOWN
150721105213	堆粮山村委会	123.448380	48.690841	0	25	43	乡镇
150724213203	巴音温都日嘎查	119.735320	49.017251	0	30	100	UNKNOWN
150725501504	第四生产队	120.369648	49.482839	1	80	100	UNKNOWN
150783406503	韭菜沟林场	121.308650	47.556522	1	80	95	政府机构
150721201205	文布奇村委会	123.076880	48.522769	0	25	43	乡镇
150725200200	西格登嘎查	118.564320	49.475570	0	30	100	UNKNOWN
150721102217	永合村委会	123.637300	48.474322	0	30	72	村庄
150702004002	新春居委会	119.782340	49.210789	1	80	97	政府机构
150783104209	火车头村村委会	123.084740	47.785266	1	80	100	政府机构
150723402510	七队作业区	124.274143	49.661137	0	50	68	UNKNOWN
150783401507	第八生产队	121.428379	47.551519	1	80	100	政府机构
150722110209	双青山村委会	124.124200	49.060422	0	25	47	乡镇
150782108002	伊西社区居民委员会	121.553549	50.636590	0	30	58	UNKNOWN
150722100209	向阳村委会	124.424949	48.493012	0	30	72	村庄
150721101207	珍珠村委会	123.779420	48.332891	0	25	70	乡镇
150782001004	胜东社区居民委员会	120.742137	49.286228	1	80	94	政府机构
150723411500	农工商联合公司四场	124.635090	49.732228	1	80	95	UNKNOWN
150783107219	四道沟村村委会	122.533911	47.800630	0	30	58	村庄
150723401500	第一作业区	123.726001	50.591598	0	10	25	区县
150725101002	胜利社区	119.800619	49.343345	0	18	66	乡镇
150783401511	场第一生产队	121.282330	47.569290	1	80	94	UNKNOWN
150723402506	八队	124.274143	49.661137	0	50	82	UNKNOWN
150726400500	第一管理区	118.270001	48.218100	0	10	43	区县
150723412506	十队	124.697460	49.677758	1	80	97	UNKNOWN
150721102201	艳阳村委会	123.794771	48.503869	0	25	47	乡镇
150782002002	红新社区居民委员会	120.741936	49.288702	1	80	94	政府机构
150784211501	室韦牧场生活区	119.905494	51.339786	0	40	65	UNKNOWN
150721100400	阿荣旗工业园区	123.473109	48.125696	0	25	70	乡镇
150702007004	海东居委会	119.736000	49.212101	0	14	46	区县
150721101211	新胜村委会	123.625860	48.374150	0	30	72	村庄
150726202208	呼格吉乐图嘎查	118.485077	48.340477	1	80	100	UNKNOWN
150782401502	第三生产队	120.814730	49.304371	1	80	95	UNKNOWN
150722109205	双丰村委会	124.531930	49.520051	0	30	72	村庄
150783405505	务大哈气林场	122.710195	47.999659	1	80	100	UNKNOWN
150721202203	车辋沟村委会	123.183680	48.056710	0	30	58	村庄
150723406512	林业局大杨树管护站生活区	124.625888	49.737184	1	80	92	政府机构
150725502502	第二生产队	119.801854	49.421702	0	16	65	乡镇
150722401505	五队	124.885360	49.520530	1	80	97	UNKNOWN
150782109202	暖泉村民委员会	121.132080	49.407471	0	25	55	乡镇
150783001001	青松居委会	122.738080	48.016922	1	80	97	政府机构
150725501512	第十二生产队	119.224578	50.016256	1	80	100	UNKNOWN
150723415502	伊图里河林业局温河林场	121.553612	50.651430	1	80	95	政府机构
150721100007	金石社区居委会	123.475809	48.122811	1	80	100	政府机构
150721105205	磨石沟村委会	123.448380	48.690841	0	25	70	乡镇
150723106205	都柿沟村委会	124.193567	49.500583	0	30	72	村庄
150783201204	东窑村村委会	122.438560	48.118092	0	30	58	村庄
150727100204	希日塔拉嘎查	117.003020	48.735810	0	30	100	UNKNOWN
150781002001	云杉社区居委会	117.441053	49.587854	0	30	51	乡镇
150722102202	西宝山村委会	124.097160	48.596689	0	25	47	乡镇
150781012001	敖尔金社区	117.379001	49.597899	0	14	37	区县
150723105215	东升村委会	124.365440	49.889691	0	25	55	乡镇
150723201203	陶力罕村委会	123.726001	50.591598	0	10	25	区县
150726203205	萨如拉图雅嘎查	119.298431	47.930730	0	30	100	UNKNOWN
150722101212	新立村委会	124.777520	49.724741	0	30	72	村庄
150723409501	吉库林场	123.205331	50.582326	1	80	95	政府机构
150726204201	诺门罕布日德嘎查	118.833970	47.852001	0	30	100	UNKNOWN
150722106216	青背村委会	124.280910	48.667460	0	25	70	乡镇
150722202200	额尔和村委会	124.519001	48.477100	0	10	23	区县
150722108208	卡布楚村委会	124.666310	48.874632	0	25	43	乡镇
150785003004	新兴居委会	121.546369	50.784910	1	80	97	政府机构
150723101201	北郊村委会	124.646920	49.758110	0	30	72	村庄
150721401506	六队	123.800881	48.514759	1	80	97	UNKNOWN
150721104208	胜利村委会	123.266910	48.031581	0	25	55	乡镇
150723416498	虚拟库都尔林业局哈牙世德林场社区	121.620960	50.029250	1	80	94	政府机构
150722400508	八队	124.640030	49.376529	0	40	77	UNKNOWN
150784002201	前进村村委会	120.467122	50.251006	1	80	100	政府机构
150722105206	额尔根浅村委会	124.470260	48.261721	0	25	43	乡镇
150722100004	纳文慕仁社区居民委员会	124.498030	48.471661	0	25	43	乡镇
150722106200	西瓦尔图村委会	124.280910	48.667460	0	25	43	乡镇
150784400501	爱林屯	120.179495	50.215445	1	80	94	UNKNOWN
150702007209	金星村村委会	119.784420	49.259660	0	30	58	村庄
150721401510	十队	123.800881	48.514759	1	80	97	UNKNOWN
150783107002	新华居委会	122.626860	47.669382	0	25	70	乡镇
150783102200	富裕村村委会	122.751038	48.114773	0	30	58	村庄
150721200208	民族村村委会	123.711220	48.638592	0	25	70	乡镇
150727203200	达赉嘎查	117.254170	48.460619	0	25	70	乡镇
150722201206	黑山村委会	123.829439	48.965352	0	25	70	乡镇
150722105210	东诺敏村委会	124.470260	48.261721	0	25	47	乡镇
150723106213	团结村委会	124.214990	49.559868	0	25	55	乡镇
150722102214	太平川村委会	124.097160	48.596689	0	25	70	乡镇
150782101203	旗山村民委员会	121.915980	48.753621	0	25	55	乡镇
150783202202	团结村村委会	122.233821	47.533719	0	30	58	村庄
150723105203	二十里村委会	124.365440	49.889691	0	25	70	乡镇
150723100001	平安社区居民委员会	123.723120	50.594349	0	25	47	乡镇
150722111204	郭尼村委会	124.553427	48.643469	0	25	47	乡镇
150781001007	胪膑社区居委会	117.477975	49.586202	1	80	97	政府机构
150722101204	红升村委会	124.980370	49.509700	0	25	70	乡镇
150782102004	绰山社区居民委员会	121.362070	48.329712	0	25	47	乡镇
150722200207	三合发村委会	124.458393	49.584647	1	80	94	UNKNOWN
150727202201	阿尔山布拉格嘎查	116.980170	49.137772	0	30	100	UNKNOWN
150721201209	小石砬村委会	123.076880	48.522769	0	25	47	乡镇
150725501508	第八生产队	119.552917	49.521171	1	80	100	UNKNOWN
150783103201	灯塔村村委会	122.696748	47.704069	1	80	100	政府机构
150721400511	二分场七队	123.581274	48.182770	0	18	66	UNKNOWN
150784401500	下护林屯	120.184894	50.635918	0	30	100	村庄
150726206206	阿木古郎布日德嘎查	118.453121	48.414740	0	30	100	UNKNOWN
150727100005	额尔敦乌拉社区居委会	116.831993	48.676472	1	80	100	政府机构
150727201211	其其格勒嘎查	116.751229	48.613822	0	30	100	UNKNOWN
150723406508	林业局胡得气管护站生活区	124.625888	49.737184	1	80	92	政府机构
150726101200	嘎拉布尔嘎查	118.357310	49.211621	0	30	100	UNKNOWN
150783100211	北安村村委会	122.491507	47.529844	1	80	100	政府机构
150727102203	达石莫格嘎查	117.119750	49.381440	0	30	100	UNKNOWN
150722100205	前巨仁村委会	124.498030	48.471661	0	25	43	乡镇
150722110205	民兴村委会	124.124200	49.060422	0	25	70	乡镇
150723104202	护林村委会	123.736220	49.198549	0	25	47	乡镇
150783107215	明星村村委会	122.626860	47.669382	0	25	47	乡镇
150783203203	青山村村委会	122.003033	47.430729	0	30	58	村庄
150726202212	贡布日德嘎查	118.690917	48.366525	1	80	100	UNKNOWN
150782100202	胜利村民委员会	120.746479	49.270461	0	30	72	村庄
150783104205	明星村村委会	123.146110	47.851460	0	25	47	乡镇
150727203001	根子社区居民委员会	117.254170	48.460619	0	25	47	乡镇
150722110213	楚万山村委会	124.124200	49.060422	0	25	55	乡镇
150722100213	西博荣村委会	124.498030	48.471661	0	25	43	乡镇
150726202204	塔本敖都嘎查	118.324687	48.697893	1	80	100	UNKNOWN
150727500503	第三生产队	117.433191	49.465499	0	30	72	UNKNOWN
150783107203	福兴村村委会	122.643415	47.683268	1	80	100	政府机构
150723104214	中兴村委会	123.736220	49.198549	0	25	70	乡镇
150783102001	卧北居委会	122.676030	48.098661	0	25	55	乡镇
150722106001	西瓦尔图社区居民委员会	124.280910	48.667460	0	25	43	乡镇
150722103203	双哈村委会	125.218030	49.296570	0	25	47	乡镇
150783200205	海力堤村村委会	122.936882	48.190560	0	30	58	村庄
150783104213	金星村村委会	123.003213	47.822224	1	80	100	政府机构
150722200211	达尔滨村委会	124.775790	49.467521	0	25	43	乡镇
150722104207	伯尔科村委会	124.106690	48.681990	0	25	47	乡镇
150722401509	九队	124.885360	49.520530	1	80	97	UNKNOWN
150721105209	韭菜沟村委会	123.368520	48.716829	0	30	72	村庄
150726206210	甘珠尔嘎查	118.146514	48.355800	1	80	100	UNKNOWN
150721400507	二分场三队	123.581274	48.182770	0	18	49	UNKNOWN
150723100200	齐奇岭村委会	123.723120	50.594349	0	25	47	乡镇
150724110030	胜利社区	120.579490	49.242771	0	25	70	乡镇
150703100003	兴盛社区居委会	117.668522	49.410811	0	18	66	乡镇
150727201207	好力宝图嘎查	116.174300	48.356309	0	30	100	UNKNOWN
150722109209	合力村委会	124.464660	49.545029	0	25	70	乡镇
150722203201	吾都海拉松村委会	123.811780	48.852261	0	25	43	乡镇
150782101002	博南社区居民委员会	121.915980	48.753621	0	25	47	乡镇
150722400524	二十四队	124.640030	49.376529	0	40	77	UNKNOWN
150784402506	育良屯	119.837795	49.300836	0	80	90	UNKNOWN
150726205200	甘珠花嘎查	117.764700	48.964662	0	30	100	UNKNOWN
150723408500	索图罕林场	122.878280	50.630229	1	80	100	UNKNOWN
150783100207	惠风川村村委会	122.366240	47.494270	0	25	47	乡镇
