150802104214	奋斗村村民委员会	107.538720	40.767149	0	30	72	村庄
150802200202	庆丰村民委员会	107.403310	40.757460	0	30	72	村庄
150823100010	新民南社区居民委员会	108.777620	40.660530	0	25	43	地产小区
150822102205	城西村委会	107.091720	40.421101	0	30	72	村庄
150823106202	义和店村民委员会	109.737810	40.940910	0	30	72	UNKNOWN
150826104204	民生村民委员会	107.285160	41.087310	0	30	72	村庄
150823101206	点布斯格嘎查村	108.852499	40.687864	0	80	100	UNKNOWN
150826103200	顺利村民委员会	106.987410	40.862509	0	30	72	村庄
150821401501	二分场村	108.271440	40.899370	0	30	47	UNKNOWN
150802103210	新民村村民委员会	107.564560	40.886761	0	30	72	村庄
150826100210	大顺城村民委员会	107.161320	40.890965	0	25	55	乡镇
150802100216	西乐村村民委员会	107.477580	40.960109	0	30	72	村庄
150824202209	巴音查干嘎查村	108.669010	41.921009	0	50	82	UNKNOWN
150825101208	那仁乌布尔嘎查	106.541100	40.960151	0	30	100	UNKNOWN
150802103206	红旗村村民委员会	107.640440	41.055480	0	30	72	村庄
150824400501	二分场村委会	108.383251	41.244183	0	18	66	UNKNOWN
150826100206	春光村民委员会	107.186730	40.911819	0	30	72	村庄
150823102200	分水村民委员会	109.211801	40.608543	0	30	72	村庄
150802104202	临铁村村民委员会	107.425760	40.736620	0	30	72	村庄
150822101203	海子沿村委会	106.982370	40.639140	0	30	72	村庄
150802008006	花都社区	107.378191	40.763760	1	80	97	政府机构
150826107202	沙海村民委员会	107.017711	40.975235	0	16	47	乡镇
150826500203	五分场村委会	106.672009	40.808441	1	80	97	UNKNOWN
150823105204	苗二壕村民委员会	109.151977	40.983362	1	80	97	UNKNOWN
150823100006	东风第三居民委员会	108.777620	40.660530	0	25	47	地产小区
150826104212	新堂村民委员会	107.190730	41.046040	0	25	55	乡镇
150823103201	庆华村民委员会	108.593750	40.933440	0	30	72	村庄
150826101207	挪一村民委员会	107.134120	40.585950	0	25	70	乡镇
150824401500	乌兰伊日格分场村委会	108.659563	41.379740	1	80	95	UNKNOWN
150802102207	民丰村村民委员会	107.132140	40.814800	0	30	72	村庄
150825100209	三支渠村委会	107.076340	41.103150	0	25	47	乡镇
150824203208	查干敖包嘎查村	109.037090	41.736859	0	30	72	村庄
150802101217	新建营村村民委员会	107.416810	41.177219	0	30	72	村庄
150822200200	巴音毛道嘎查	106.637837	40.635124	1	80	100	UNKNOWN
150826100011	塞上星社区居民委员会	107.161320	40.890965	0	25	43	乡镇
150821100221	五星村委会	108.291039	41.105001	0	25	70	乡镇
150802106213	胜利村村民委员会	107.255190	40.928420	0	30	72	村庄
150823104205	公田村民委员会	108.360290	40.870070	0	25	55	乡镇
150826106203	增光村民委员会	106.877220	40.772599	0	25	55	乡镇
150826103001	三道桥镇居民委员会	106.964109	40.859591	0	25	55	乡镇
150822100202	北滩村委会	106.997481	40.311649	0	30	72	村庄
150802105203	五四村村民委员会	107.304880	40.776249	0	30	72	村庄
150826105205	竞丰村民委员会	107.267479	41.151251	0	30	72	UNKNOWN
150826100007	新建社区居民委员会	107.161320	40.890965	0	25	47	乡镇
150823107203	永红村民委员会	109.641820	41.166029	0	30	72	村庄
150802106205	民富村村民委员会	107.367790	41.073769	0	30	72	村庄
150822103204	坝楞村委会	107.099538	40.499470	0	25	47	地产小区
150823200205	西羊场嘎查村	108.919620	40.858239	0	25	55	乡镇
150802201203	联丰村村民委员会	107.285560	40.994239	0	30	72	村庄
150802102211	广联村村民委员会	107.159270	40.679470	0	30	72	村庄
150821400500	十一分场村	108.540650	41.129378	0	18	66	乡镇
150823405509	十分场村	108.853291	40.858309	1	80	97	UNKNOWN
150826102201	太阳升村民委员会	107.007250	40.757820	0	25	70	乡镇
150802101201	哈达淖村村民委员会	107.667210	41.099230	0	30	72	村庄
150825100004	东升社区	107.076340	41.103150	0	25	70	乡镇
150824101201	双荣村委会	108.076861	41.292819	0	25	47	地产小区
150822402210	十一分场村委会	107.034040	40.591281	1	80	93	UNKNOWN
150821103207	永联村委会	108.011140	41.076279	0	30	72	地产小区
150826104208	和丰村民委员会	107.235170	41.000039	0	30	72	村庄
150823403500	一分场村	108.660012	41.121429	0	18	66	UNKNOWN
150825202200	巴彦淖尔嘎查	107.218920	41.192910	0	30	100	UNKNOWN
150821100217	新兴村委会	108.291039	41.105001	0	25	55	乡镇
150822401200	一分场村委会	106.788664	40.584162	0	18	66	UNKNOWN
150823400510	十一分场村	109.341225	40.589642	0	18	66	乡镇
150802101221	和平村村民委员会	107.650781	41.206269	0	30	72	村庄
150824201203	白同嘎查村委会	108.216480	41.988761	0	30	58	UNKNOWN
150825102202	哈日朝鲁嘎查	106.912198	41.501243	1	80	100	UNKNOWN
150821101001	幸福居委会	107.889080	41.082519	0	25	70	乡镇
150821104203	熊万库村委会	107.701005	40.886401	0	25	43	乡镇
150823404504	五分场村	108.651999	40.736401	0	12	34	区县
150824202213	图克木嘎查村	108.800920	41.953289	0	25	55	乡镇
150825101204	乌兰哈少嘎查	106.556558	40.798923	1	80	100	UNKNOWN
150821107205	和胜村委会	107.915120	40.958061	0	30	72	村庄
150824100001	乌兰大街居委会	108.511310	41.564621	0	30	72	道路
150824105203	巴音满都呼嘎查村委会	108.189982	41.609123	1	80	95	UNKNOWN
150822100019	南开居委会	107.007190	40.327310	0	25	70	乡镇
150802102227	新丰村村民委员会	107.176250	40.809789	0	30	72	村庄
150824202205	巴音宝日嘎查村	108.800920	41.953289	0	25	47	乡镇
150821200203	新建村委会	108.456270	41.094251	0	25	55	村庄
150822405202	三实验场村委会	107.008317	40.320483	1	80	93	教育
150802400203	三分场村委会	107.614910	41.105941	1	80	97	UNKNOWN
150825201206	巴音满都呼嘎查	106.703968	41.663495	1	80	100	UNKNOWN
150821103211	光明村委会	108.057500	41.082010	0	25	55	乡镇
150822402206	七分场村委会	106.997905	40.557480	1	80	95	UNKNOWN
150823105208	红明村民委员会	109.032350	41.093879	0	30	72	村庄
150823400506	七分场村	109.341225	40.589642	0	18	66	乡镇
150821100201	浩丰村委会	108.317920	41.136429	0	30	72	村庄
150824102207	金泉村委会	108.626540	41.242379	0	25	70	乡镇
150802401202	二分场村委会	107.467440	40.903819	0	30	72	UNKNOWN
150802003001	新明社区	107.363000	40.750799	0	14	46	区县
150822404203	四分场村委会	106.661371	40.524370	0	16	65	UNKNOWN
150802013001	水苑社区	107.387340	40.731521	1	80	100	地产小区
150824203204	牧仁嘎查村	109.204670	41.585009	0	25	55	乡镇
150821106204	宏胜村委会	107.756202	41.175049	0	16	38	乡镇
150824200214	呼和嘎查村	107.677191	41.539273	0	14	46	乡镇
150825100205	那仁乌拉嘎查	107.093600	41.361270	0	30	100	UNKNOWN
150824103206	二十四份子村委会	109.411740	41.418150	0	25	85	地产小区
150821101200	常丰村委会	107.889080	41.082519	0	25	70	乡镇
150823401507	八分场村	108.657520	40.738610	0	50	82	UNKNOWN
150823104209	复胜村民委员会	108.360290	40.870070	0	25	55	乡镇
150802004005	育龙社区	107.400098	40.767689	1	80	97	政府机构
150821102210	永生村委会	108.060969	40.917349	0	25	70	乡镇
150822403207	八分场村委会	107.008000	40.330500	0	12	44	区县
150821101216	海丰村委会	107.889080	41.082519	0	25	70	乡镇
150822400201	二分场村委会	107.008340	40.424050	1	70	92	UNKNOWN
150802007003	曙光社区	107.425405	40.737346	1	80	97	政府机构
150826108207	三淖村民委员会	107.151000	40.885901	0	14	64	区县
150823402501	二分场村	108.683523	40.867582	0	18	66	UNKNOWN
150821102206	锦秀堂村委会	108.060969	40.917349	0	25	43	乡镇
150802106209	召滩村村民委员会	107.348080	41.008239	0	30	72	村庄
150823405505	六分场村	108.853291	40.858309	1	80	97	UNKNOWN
150821105202	西圪梁村委会	108.420970	40.988380	0	30	58	UNKNOWN
150824200202	呼鲁斯太嘎查村	107.700930	41.547436	0	80	100	UNKNOWN
150824200203	达格图嘎查村	107.576700	41.515920	0	30	100	UNKNOWN
150823405504	五分场村	108.853291	40.858309	1	80	97	UNKNOWN
150821100001	新原社区	108.291039	41.105001	0	25	70	乡镇
150821105203	新丰村委会	108.390370	41.044420	0	25	70	地产小区
150823402500	一分场村	108.683523	40.867582	0	18	66	UNKNOWN
150821102207	锦旗村委会	108.060969	40.917349	0	25	47	乡镇
150824100201	巴仁宝力格村委会	108.525329	41.567351	0	25	41	乡镇
150802106208	中心村村民委员会	107.309370	41.013800	0	30	72	村庄
150823401510	十一分场村	108.657520	40.738610	0	50	82	UNKNOWN
150822400200	一分场村委会	107.008340	40.424050	1	70	92	UNKNOWN
150821101217	蛇林村委会	107.951780	41.132999	0	30	58	UNKNOWN
150826108206	黎二村民委员会	107.151000	40.885901	0	14	64	区县
150802004004	金都社区	107.400098	40.767689	1	80	97	政府机构
150822403206	七分场村委会	106.997905	40.557480	1	80	95	UNKNOWN
150821102211	向阳村委会	108.060969	40.917349	0	25	55	乡镇
150802014004	银河社区	107.369498	40.754408	0	30	72	乡镇
150825200206	萨如拉嘎查	106.658970	41.286161	0	30	72	村庄
150824103207	郜北村委会	109.411880	41.418600	0	25	70	地产小区
150821101201	联丰村委会	108.013100	40.945279	0	30	72	村庄
150823401506	七分场村	108.657520	40.738610	0	50	82	UNKNOWN
150823104208	槐木村民委员会	108.360290	40.870070	0	25	55	乡镇
150825102002	第二社区	107.001100	41.433339	0	25	70	乡镇
150824101001	第一居民委员会	108.076861	41.292819	0	25	70	地产小区
150821106205	胜利村委会	107.796030	41.077021	0	30	72	村庄
150825100204	朱斯木尔嘎查	106.929029	41.321299	1	80	100	UNKNOWN
150802401203	三分场村委会	107.467440	40.903819	0	30	72	UNKNOWN
150822404202	三分场村委会	106.661371	40.524370	0	16	65	UNKNOWN
150824203205	希热嘎查村	109.204670	41.585009	0	25	55	乡镇
150823105209	马卜子村民委员会	108.942150	41.059091	0	30	72	村庄
150823400507	八分场村	109.341225	40.589642	0	18	66	乡镇
150821100200	乌兰村委会	108.359900	41.142870	0	30	72	村庄
150824102206	苏独仑嘎查村委会	108.626540	41.242379	0	25	43	乡镇
150825201207	阿布日勒图嘎查	107.164440	41.781530	1	80	100	UNKNOWN
150822402207	八分场村委会	107.034040	40.591281	1	80	97	UNKNOWN
150821103210	创业村委会	108.057500	41.082010	0	25	55	乡镇
150802005005	绿岛社区	107.363000	40.750799	0	14	46	区县
150822100018	贺兰居委会	107.007190	40.327310	0	25	55	乡镇
150802102226	迎丰村村民委员会	107.198440	40.788351	0	30	72	村庄
150824202204	乌兰温都尔嘎查村	108.603230	41.655790	0	30	72	UNKNOWN
150821200202	和胜村委会	108.445000	41.114100	0	30	72	村庄
150822405203	四实验场村委会	107.008317	40.320483	1	80	93	教育
150802002001	金穗社区	107.423970	40.752645	1	80	97	政府机构
150802400202	二分场村委会	107.614910	41.105941	1	80	97	UNKNOWN
150825101205	阿日其图嘎查	106.450790	41.144529	0	30	100	UNKNOWN
150821107204	庆生村委会	107.944652	40.939682	0	25	70	乡镇
150824105202	宝格图嘎查村委会	108.234340	41.533620	0	30	58	UNKNOWN
150825102203	乌兰敖包嘎查	107.061370	41.421819	0	30	100	UNKNOWN
150821104202	毛家桥村委会	107.701005	40.886401	0	25	55	乡镇
150824202212	呼鲁斯嘎查村	108.800920	41.953289	0	25	55	乡镇
150802101220	古城村村民委员会	107.488330	41.152850	0	30	72	村庄
150824201202	哈拉图嘎查村	107.749739	41.286831	0	30	100	UNKNOWN
150825202201	和丰村委会	107.177480	41.152969	0	30	72	村庄
150822401201	二分场村委会	106.788664	40.584162	0	18	66	UNKNOWN
150821100216	义丰村委会	108.291039	41.105001	0	25	47	乡镇
150823400511	十二分场村	109.341225	40.589642	0	18	49	乡镇
150825100005	北街社区	107.076340	41.103150	0	25	70	乡镇
150821103206	永胜村委会	108.057500	41.082010	0	25	55	乡镇
150823403501	二分场村	108.660012	41.121429	0	18	66	UNKNOWN
150826104209	和胜村民委员会	107.263949	41.024631	0	30	72	村庄
150821400501	一分场村	108.540650	41.129378	0	18	66	乡镇
150826102200	东方红村民委员会	107.007250	40.757820	0	25	70	乡镇
150823405508	九分场村	108.853291	40.858309	1	80	97	UNKNOWN
150823100206	联光村民委员会	108.777620	40.660530	0	25	55	地产小区
150826101210	巴市果树场村委会	107.134120	40.585950	0	25	55	乡镇
150802102210	西渠村村民委员会	107.188650	40.663840	0	30	72	村庄
150823200204	公忽洞嘎查村	108.651999	40.736401	0	12	26	区县
150802201202	新道村村民委员会	107.623670	40.852501	0	30	72	村庄
150826105204	德丰村民委员会	107.311570	41.140970	0	25	55	乡镇
150826100006	西环社区居民委员会	106.991932	40.329388	1	80	100	政府机构
150823107202	东五份村民委员会	109.532770	41.164710	0	25	55	乡镇
150822103205	夹道村委会	107.099538	40.499470	0	25	70	地产小区
150823104204	金星村民委员会	108.305690	40.871249	0	30	72	村庄
150826106202	黄家滩村民委员会	106.877220	40.772599	0	25	55	乡镇
150822100203	旧地村委会	107.007190	40.327310	0	25	70	乡镇
150802105202	友谊村村民委员会	107.317070	40.753270	0	30	72	村庄
150826100010	园子渠社区居民委员会	107.165910	40.871201	0	40	65	UNKNOWN
150821100220	和丰村委会	108.195700	41.192369	0	30	72	村庄
150802106212	太阳村村民委员会	107.303200	40.933609	0	30	72	村庄
150824203209	乌兰朝鲁嘎查村	109.204670	41.585009	0	25	55	乡镇
150826102216	甲一村民委员会	107.007250	40.757820	0	25	55	乡镇
150802101216	建国村村民委员会	107.410270	41.170789	0	30	72	村庄
150822200201	召滩嘎查	106.964359	40.630421	0	30	72	UNKNOWN
150823103200	树林子村民委员会	108.646979	40.862001	0	25	55	乡镇
150826101206	黄河村民委员会	107.154098	40.508030	0	30	72	村庄
150824401501	毛盖图分场村委会	108.531980	41.434581	1	80	94	UNKNOWN
150802102206	建华村村民委员会	107.261780	40.872191	0	30	72	村庄
150825100208	蒙汉村委会	107.140400	41.094421	0	30	72	村庄
150826104213	星火村民委员会	107.135950	40.996471	0	30	72	村庄
150802104203	团结村村民委员会	107.420240	40.712099	0	30	72	村庄
150822101202	塔布村委会	106.937710	40.671139	0	25	47	乡镇
150826107203	新红村民委员会	106.899280	40.970541	0	30	72	村庄
150826500202	四分场村委会	106.672009	40.808441	1	80	97	UNKNOWN
150823105205	乌兰村民委员会	109.241170	40.974432	0	30	72	村庄
150823100007	东兴第一居民委员会	108.777620	40.660530	0	25	55	地产小区
150802103207	前进村村民委员会	107.615594	40.997600	0	30	72	村庄
150824400500	一分场村委会	108.383251	41.244183	0	18	66	UNKNOWN
150826100207	红太阳村民委员会	107.161320	40.890965	0	25	55	乡镇
150823102201	红旗村民委员会	109.202486	40.567159	0	30	72	村庄
150802100217	巴音村村民委员会	107.441570	40.953601	0	30	72	村庄
150824202208	阿日胡都格嘎查村	108.800920	41.953289	0	25	55	乡镇
150802103211	东济村村民委员会	107.545960	40.891579	0	30	72	村庄
150826100211	城西村民委员会	107.120810	40.900549	0	30	72	村庄
150802100201	迎丰村村民委员会	107.416483	41.119212	0	30	72	村庄
150823101207	太英格嘎查村	109.219101	40.643709	0	25	55	乡镇
150826103201	热水村民委员会	106.964109	40.859591	0	25	55	乡镇
150821401500	一分场村	108.271440	40.899370	0	30	47	UNKNOWN
150822102204	南滩村委会	107.123140	40.410690	0	30	72	村庄
150823106203	十一份子村民委员会	109.522851	40.982612	0	30	72	村庄
150826104205	民主村民委员会	107.253610	41.088900	0	30	72	村庄
150802104215	跃进村村民委员会	107.519840	40.753560	0	30	72	村庄
150802200203	宏胜村民委员会	107.422791	40.778363	0	30	58	乡镇
150823100011	新民北社区居民委员会	108.777620	40.660530	0	25	43	地产小区
150825100002	惠民社区	107.076340	41.103150	0	25	70	乡镇
150823403506	七分场村	108.660012	41.121429	0	18	66	UNKNOWN
150823106208	陶来口子村民委员会	109.472750	40.917760	0	30	72	村庄
150824101207	兴永胜村委会	108.076861	41.292819	0	25	55	地产小区
150821103201	光胜村委会	108.057500	41.082010	0	25	47	乡镇
150802200208	晨光村村民委员会	107.450900	40.772251	0	30	72	村庄
150821100211	永跃村委会	108.291039	41.105001	0	25	70	乡镇
150822401206	机械生产队	106.788664	40.584162	0	18	49	UNKNOWN
150802101227	联合村村民委员会	107.631870	41.237071	0	30	72	村庄
150824201205	巴音胡都格嘎查村	108.465519	41.389081	0	30	58	UNKNOWN
150825102204	韩乌拉嘎查	107.249874	41.643276	1	80	100	UNKNOWN
150823404502	三分场村	108.651999	40.736401	0	12	34	区县
150824202215	乌力吉图嘎查村	108.800920	41.953289	0	25	55	乡镇
150824103001	第一居民委员会	109.411880	41.418600	0	25	70	地产小区
150821104205	永红村委会	107.701005	40.886401	0	25	70	乡镇
150825101202	红旗村委会	106.828250	40.949720	0	25	70	乡镇
150821107203	永丰村委会	107.958400	40.985409	0	30	72	村庄
150821102001	白艮居委会	108.060969	40.917349	0	25	70	乡镇
150824105205	阿拉腾胡少嘎查村委会	108.237435	41.431971	1	80	95	UNKNOWN
150802102221	广丰村村民委员会	107.129340	40.765060	0	30	72	村庄
150802400205	五分场村委会	107.614910	41.105941	1	80	97	UNKNOWN
150824202203	努和日乐嘎查村	108.800920	41.953289	0	25	47	乡镇
150821200205	新永村委会	108.404419	41.107201	0	30	72	村庄
150825201200	乌力吉图嘎查	107.527821	41.812169	0	30	100	UNKNOWN
150823108200	苏独仑村民委员会	108.724040	41.139799	0	25	70	乡镇
150822402200	一分场村委会	107.034040	40.591281	1	80	97	UNKNOWN
150802005002	利民社区	107.363000	40.750799	0	14	46	区县
150823403510	十一分场村	108.660012	41.121429	0	18	66	UNKNOWN
150822101209	黎明村委会	106.856910	40.675010	0	30	72	村庄
150802104208	李玉村村民委员会	107.334749	40.702258	0	30	72	村庄
150821100207	迎丰村委会	108.299160	41.077660	0	30	72	村庄
150824102201	胜利村委会	108.626540	41.242379	0	25	55	乡镇
150826107208	南园村民委员会	107.072730	40.960211	0	30	72	村庄
150823400500	一分场村	109.341225	40.589642	0	18	66	乡镇
150826500209	十分场村委会	106.672009	40.808441	1	80	93	UNKNOWN
150824203202	苏龙格图嘎查村	109.204670	41.585009	0	25	43	乡镇
150802401204	四分场村委会	107.467440	40.903819	0	30	72	UNKNOWN
150821100010	东环社区	108.291039	41.105001	0	25	70	乡镇
150821105212	美星村委会	108.390370	41.044420	0	25	47	地产小区
150822404205	六分场村委会	106.661371	40.524370	0	16	65	UNKNOWN
150824200212	义和久嘎查村	107.662970	41.279929	0	30	100	UNKNOWN
150821106202	建设村委会	107.716590	41.117259	0	30	72	村庄
150825100203	浩日格嘎查	106.804540	41.207690	0	30	100	UNKNOWN
150826106209	新建村民委员会	106.794180	40.831300	0	30	72	村庄
150823401501	二分场村	108.657520	40.738610	0	50	82	UNKNOWN
150821101206	金星村委会	107.952871	41.032449	0	30	72	村庄
150802014003	金秋社区	107.369498	40.754408	0	30	72	乡镇
150802004003	阳光社区	107.400098	40.767689	1	80	97	政府机构
150822403201	二分场村委会	107.008000	40.330500	0	12	44	区县
150802106219	永胜村村民委员会	107.302970	40.861519	0	30	72	村庄
150825200201	乌宝力格嘎查	106.658970	41.286161	0	30	58	村庄
150821101210	丰华村委会	107.889080	41.082519	0	25	47	乡镇
150822400207	八分场村委会	107.008340	40.424050	1	70	92	UNKNOWN
150826108201	新渠村民委员会	106.888099	40.866921	0	30	72	村庄
150802201209	八一村村民委员会	107.489540	40.812810	0	25	55	乡镇
150821102200	红丰村委会	108.060969	40.917349	0	25	70	乡镇
150823402507	八分场村	108.683523	40.867582	0	18	66	UNKNOWN
150825101003	新利社区	106.828250	40.949720	0	25	70	乡镇
150821105204	三黄保村委会	108.390370	41.044420	0	25	43	地产小区
150821100006	旧城社区	108.291039	41.105001	0	25	70	乡镇
150823405503	四分场村	108.853291	40.858309	1	80	97	UNKNOWN
150824104212	图古日格嘎查村	107.685640	42.228611	0	30	100	UNKNOWN
150824200204	宝格达嘎查村	107.540815	41.407851	0	80	100	UNKNOWN
150802200204	增丰村民委员会	107.422791	40.778363	0	30	58	乡镇
150822101213	桃来村委会	106.937710	40.671139	0	25	47	乡镇
150802104212	新荣村村民委员会	107.582160	40.792360	0	30	72	村庄
150823201202	海流斯太嘎查村	109.634511	40.809919	0	25	55	乡镇
150822102203	永胜村委会	107.094279	40.384240	0	30	72	村庄
150823106204	毛家圪堵村民委员会	109.616490	40.922230	0	25	70	乡镇
150826104202	达利壕村民委员会	107.158156	41.011815	1	80	97	UNKNOWN
150802100206	永长村村民委员会	107.454220	41.015180	0	30	72	村庄
150823101200	乌日图高勒嘎查村	109.236220	40.715681	0	30	72	UNKNOWN
150826103206	长庆村民委员会	107.031140	40.877471	0	30	72	村庄
150823102210	新华村民委员会	108.982210	40.590050	0	30	72	村庄
150826100216	沙湾村民委员会	107.082880	40.933221	0	30	72	村庄
150802100210	新民村村民委员会	107.510407	41.103196	0	30	72	村庄
150822100013	团结居委会	107.007190	40.327310	0	25	70	乡镇
150802400209	九分场村委会	107.614910	41.105941	1	80	94	UNKNOWN
150826100200	园子渠村民委员会	107.165910	40.871201	0	40	77	UNKNOWN
150823102206	三顶村民委员会	109.212311	40.607739	0	25	55	乡镇
150802104204	马场地村村民委员会	107.377660	40.681801	0	30	72	村庄
150822101205	西闸村委会	106.937710	40.671139	0	25	70	乡镇
150826500205	七分场村委会	106.672009	40.808441	1	80	94	UNKNOWN
150826107204	友爱村民委员会	107.019880	41.011151	0	30	72	村庄
150823105202	南苑村民委员会	109.145670	41.022750	0	25	55	乡镇
150826104214	公益渠村民委员会	107.190730	41.046040	0	25	55	乡镇
150823103207	先锋村民委员会	108.743770	41.014919	0	30	72	村庄
150826101201	联丰村民委员会	107.086290	40.661671	0	30	72	村庄
150802102201	永丰村村民委员会	107.314980	40.814431	0	30	72	村庄
150802401208	八分场村委会	107.467440	40.903819	0	30	72	UNKNOWN
150821400510	十分场村	108.540650	41.129378	0	18	66	乡镇
150826102211	坚永村民委员会	107.007250	40.757820	0	25	55	乡镇
150822200206	巴音布日格嘎查	106.565428	40.596833	1	80	100	UNKNOWN
150802101211	团结村村民委员会	107.675773	41.160741	0	30	72	村庄
150802106215	公产村村民委员会	107.345650	40.952359	0	30	72	村庄
150823104203	乃玛岱村民委员会	108.360290	40.870070	0	25	55	乡镇
150802009001	朝阳社区	107.394991	40.781261	0	30	72	乡镇
150826106205	继丰村民委员会	106.877220	40.772599	0	25	70	乡镇
150822100204	南粮台村委会	107.008000	40.330500	0	12	29	区县
150802105205	增光村村民委员会	107.350030	40.762509	0	30	72	村庄
150826100001	公园社区居民委员会	107.124821	40.901489	0	16	38	乡镇
150826105203	民治桥村民委员会	107.311570	41.140970	0	25	55	乡镇
150802106203	联丰村村民委员会	107.285560	40.994239	0	30	72	村庄
150822103202	友谊村委会	107.084859	40.498071	0	30	72	地产小区
150823200203	白彦花嘎查村	108.919759	40.858232	1	80	97	UNKNOWN
150802201205	丰收村村民委员会	107.489670	40.817930	0	30	72	村庄
150824200208	乌珠尔嘎查村	107.842500	41.478519	0	30	100	UNKNOWN
150823103211	星火村民委员会	108.538950	40.967470	0	30	72	村庄
150802102217	棋盘村村民委员会	107.156790	40.706260	0	30	72	村庄
150826102207	刹台村民委员会	107.007250	40.757820	0	25	70	乡镇
150823100201	水桐树村民委员会	108.777620	40.660530	0	25	55	地产小区
150821400506	六分场村	108.499023	41.166249	0	80	100	UNKNOWN
150821105208	美联村委会	108.390370	41.044420	0	25	70	地产小区
150802101207	胜丰村村民委员会	107.597160	41.076379	0	30	72	村庄
150822200210	巴彦套海嘎查	106.757310	40.525809	0	30	100	UNKNOWN
150826102206	先锋村民委员会	107.093390	40.776251	0	30	72	村庄
150823100200	盐海村民委员会	108.777620	40.660530	0	25	55	地产小区
150821400507	七分场村	108.540650	41.129378	0	18	66	乡镇
150821105209	明丰村委会	108.390370	41.044420	0	25	47	地产小区
150802101206	新丰村村民委员会	107.596631	41.058239	0	25	55	乡镇
150822200211	巴音宝力格嘎查	106.747430	40.700749	0	25	55	乡镇
150823103210	先进村民委员会	108.553390	41.021149	0	30	72	村庄
150824200209	巴音吉拉嘎嘎查村	107.677191	41.539273	0	14	32	乡镇
150802102216	农光村村民委员会	107.192000	40.721080	0	30	72	村庄
150823200202	阿日齐嘎查村	108.839570	40.832670	0	30	100	UNKNOWN
150802201204	长丰村村民委员会	107.552380	40.824801	0	30	72	村庄
150826105202	立新村民委员会	107.303540	41.163009	0	30	72	地产小区
150802106202	鞋工厂村村民委员会	107.302550	40.993639	0	30	72	村庄
150822103203	团结村委会	107.099538	40.499470	0	25	70	地产小区
150823104202	西局子村民委员会	108.214100	40.892611	0	30	72	村庄
150826106204	尖子地村民委员会	106.877220	40.772599	0	25	55	乡镇
150822100205	沙拉毛道嘎查	106.911899	40.204291	0	30	100	UNKNOWN
150802105204	继光村村民委员会	107.351740	40.776809	0	30	72	村庄
150802106214	福利村村民委员会	107.271100	40.956311	0	30	72	村庄
150822404208	十一分场村委会	106.661371	40.524370	0	16	33	UNKNOWN
150802401209	九分场村委会	107.467085	40.904136	1	80	95	UNKNOWN
150826102210	新胜村民委员会	107.083459	40.844731	0	30	72	村庄
150822200207	巴音温都尔嘎查	106.651133	40.485001	1	80	100	UNKNOWN
150802101210	民益村村民委员会	107.547498	41.100779	0	30	72	村庄
150824104209	德日苏嘎查村	107.578050	42.402610	0	25	55	乡镇
150823103206	东方红村民委员会	108.646979	40.862001	0	25	70	乡镇
150826101200	三角城村民委员会	107.124350	40.576219	0	30	72	UNKNOWN
150802104205	丰河村村民委员会	107.364433	40.708284	0	30	72	村庄
150822101204	民兴村委会	107.008000	40.330500	0	12	29	区县
150826500204	六分场村委会	106.672009	40.808441	1	80	97	UNKNOWN
150826107205	向阳村民委员会	107.058761	41.004999	0	30	72	村庄
150802008001	泰城社区	107.378191	40.763760	1	80	97	政府机构
150823100001	振兴社区居民委员会	108.777620	40.660530	0	25	47	地产小区
150823105203	南昌村民委员会	109.145670	41.022750	0	25	55	乡镇
150802103201	新义村村民委员会	107.634919	40.922330	0	30	72	村庄
150826100201	红柳地村民委员会	107.161320	40.890965	0	25	55	乡镇
150823102207	油房村民委员会	109.212311	40.607739	0	25	70	乡镇
150824105208	固日班赛很嘎查	108.232940	41.533490	0	25	47	乡镇
150802100211	永丰村村民委员会	107.487530	41.063752	0	30	72	村庄
150802400208	八分场村委会	107.614910	41.105941	1	80	97	UNKNOWN
150823102211	大田村民委员会	109.044220	40.594459	0	30	72	村庄
150824201208	宝日汉图嘎查村	108.513000	41.587400	0	10	28	区县
150826100217	红星村民委员会	107.217810	40.850250	0	30	72	村庄
150802100207	红光村村民委员会	107.449690	41.043471	0	30	72	村庄
150821104208	复丰村委会	107.701005	40.886401	0	25	47	乡镇
150823101201	乌宝力格嘎查村	109.219101	40.643709	0	25	47	乡镇
150826103207	胜利村民委员会	107.009300	40.921790	0	30	72	村庄
150822102202	东地村委会	107.118924	40.420417	0	18	66	乡镇
150823106205	六份子村民委员会	109.616490	40.922230	0	25	55	乡镇
150826101001	黄河居民委员会	107.188500	40.604510	0	30	58	UNKNOWN
150826104203	民富村民委员会	107.197210	41.015300	0	30	72	UNKNOWN
150802200205	永强村民委员会	107.422791	40.778363	0	30	58	乡镇
150822101212	南营子村委会	107.008000	40.330500	0	12	26	区县
150802104213	新丰村村民委员会	107.176250	40.809789	0	30	72	村庄
150823201203	毕克梯嘎查村	109.634511	40.809919	0	25	55	乡镇
150824104213	呼格吉乐图嘎查村	107.939170	41.845580	0	30	100	UNKNOWN
150824200205	团结嘎查村	107.513060	41.295320	0	30	100	UNKNOWN
150821105205	新胜村委会	108.390370	41.044420	0	25	70	地产小区
150821100007	兴隆社区	108.291039	41.105001	0	25	70	乡镇
150824102001	第一居民委员会	108.626540	41.242379	0	25	70	乡镇
150823405502	三分场村	108.853291	40.858309	1	80	97	UNKNOWN
150821102201	赛丰村委会	108.047030	40.930661	0	30	72	村庄
150823402506	七分场村	108.683523	40.867582	0	18	66	UNKNOWN
150825101002	新惠社区	106.828250	40.949720	0	25	70	乡镇
150822400206	七分场村委会	107.008340	40.424050	1	70	86	UNKNOWN
150821101211	红光村委会	107.889080	41.082519	0	25	70	乡镇
150826108200	蒙海村民委员会	107.151000	40.885901	0	14	37	区县
150802201208	生丰村村民委员会	107.502519	40.777941	0	30	72	村庄
150802014002	康都社区	107.369498	40.754408	0	30	72	乡镇
150822403200	一分场村委会	107.008000	40.330500	0	12	44	区县
150802106218	永清村村民委员会	107.362400	40.843969	0	30	72	村庄
150825200200	毕力其尔嘎查	106.407260	41.404930	0	30	100	UNKNOWN
150823401500	一分场村	108.657520	40.738610	0	50	82	UNKNOWN
150826106208	太华村民委员会	106.877220	40.772599	0	25	55	乡镇
150824103201	白音厂汗村委会	109.411880	41.418600	0	25	47	地产小区
150821101207	刀老召村委会	107.889080	41.082519	0	25	43	乡镇
150824200213	韩乌拉嘎查村	107.677191	41.539273	0	14	46	乡镇
150821106203	协成桥村委会	107.756202	41.175049	0	16	38	乡镇
150825100202	团结村委会	106.939490	41.025059	0	30	72	村庄
150802013006	泰欧社区	107.384056	40.738136	0	30	72	乡镇
150824203203	那日图嘎查村	109.053420	41.551010	0	30	72	UNKNOWN
150802401205	五分场村委会	107.467440	40.903819	0	30	72	UNKNOWN
150821100011	祥和社区	108.291039	41.105001	0	25	70	乡镇
150822404204	五分场村委会	106.661371	40.524370	0	16	65	UNKNOWN
150821105213	美丰村委会	108.390370	41.044420	0	25	47	地产小区
150822101208	海岗村委会	107.008000	40.330500	0	12	24	区县
150802104209	黄河村村民委员会	107.182370	40.597160	0	30	72	村庄
150821100206	跃进村委会	108.291039	41.105001	0	25	70	乡镇
150823400501	二分场村	109.341225	40.589642	0	18	66	乡镇
150826107209	前进村民委员会	107.021830	40.951621	0	30	72	村庄
150826500208	二分场村委会	106.672009	40.808441	1	80	97	UNKNOWN
150825201201	巴音查干嘎查	107.279780	42.113270	0	30	100	UNKNOWN
150822402201	二分场村委会	107.034040	40.591281	1	80	97	UNKNOWN
150823108201	永和村民委员会	108.764550	41.156831	0	30	72	村庄
150802005003	赛亨社区	107.363000	40.750799	0	14	46	区县
150802102220	新建村村民委员会	107.174310	40.799969	0	30	72	村庄
150802002007	恒丰社区	107.423970	40.752645	1	80	97	政府机构
150802400204	四分场村委会	107.614910	41.105941	1	80	97	UNKNOWN
150824202202	乌兰额日格嘎查村	108.435860	41.977649	0	30	72	UNKNOWN
150821200204	建丰村委会	108.456270	41.094251	0	25	70	村庄
150825101203	西补隆嘎查	106.756931	40.929369	0	30	100	UNKNOWN
150821107202	联丰村委会	107.944652	40.939682	0	25	55	乡镇
150824105204	哈日朝鲁嘎查村委会	108.232940	41.533490	0	25	70	乡镇
150824100006	教育路居委会	108.508485	41.581975	0	40	77	道路
150825102205	查干敖包嘎查	106.534110	41.538700	0	30	100	UNKNOWN
150823404503	四分场村	108.651999	40.736401	0	12	34	区县
150824202214	伊和宝力格嘎查村	108.800920	41.953289	0	25	55	乡镇
150821104204	二合永村委会	107.672130	40.901670	0	30	58	UNKNOWN
150802101226	联荣村村民委员会	107.589060	41.230849	0	30	72	村庄
150824201204	阿木斯尔嘎查村	108.243036	41.706181	0	80	100	UNKNOWN
150802001001	今日社区	107.411694	40.752905	1	80	97	政府机构
150802106222	西海村村民委员会	107.356051	40.927649	0	30	72	村庄
150802006005	东达社区	107.445872	40.769677	0	30	72	乡镇
150822401207	九分场村委会	106.788664	40.584162	0	18	40	UNKNOWN
150821100210	荣义村委会	108.291039	41.105001	0	25	47	乡镇
150825100003	裕民社区	107.076340	41.103150	0	25	70	乡镇
150823403507	八分场村	108.660012	41.121429	0	18	66	UNKNOWN
150823106209	台梁村民委员会	109.616750	40.916103	1	80	97	UNKNOWN
150824101206	宏伟村委会	108.076861	41.292819	0	25	70	地产小区
150821103200	永旺村委会	108.052220	41.081371	1	80	100	政府机构
150802102219	隆丰村村民委员会	107.138800	40.783231	0	30	72	村庄
150824200206	哈拉葫芦嘎查村	107.677191	41.539273	0	14	37	乡镇
150824104210	巴音查干嘎查村	108.513000	41.587400	0	10	23	区县
150802101209	隆胜村村民委员会	107.596631	41.058239	0	25	55	乡镇
150823405501	二分场村	108.853291	40.858309	1	80	97	UNKNOWN
150826102209	永丰村民委员会	107.007250	40.757820	0	25	55	乡镇
150821105206	红隆永村委会	108.469679	41.031931	0	30	58	UNKNOWN
150821100004	富原社区	108.291039	41.105001	0	25	70	乡镇
150821400508	八分场村	108.540650	41.129378	0	18	66	乡镇
150802401210	十分场村委会	107.467440	40.903819	0	30	47	UNKNOWN
150825101001	新街社区	106.828250	40.949720	0	25	70	乡镇
150823100034	乌电社区	108.777620	40.660530	0	25	70	地产小区
150823402505	六分场村	108.722677	40.942013	0	80	100	UNKNOWN
150821102202	南毛庵村委会	108.060969	40.917349	0	25	47	乡镇
150822400205	六分场村委会	107.008340	40.424050	1	70	92	UNKNOWN
150821101212	金丰村委会	107.925090	41.031831	0	30	72	村庄
150826108203	柴脑包村民委员会	106.888800	40.804700	0	30	72	村庄
150802007007	道南社区	107.425405	40.737346	1	80	97	政府机构
150825200203	巴拉乌拉嘎查	105.775970	40.938720	0	30	100	UNKNOWN
150802004001	联通社区	107.400098	40.767689	1	80	97	政府机构
150822403203	四分场村委会	107.008000	40.330500	0	12	44	区县
150802014001	开源社区	107.369498	40.754408	0	30	72	乡镇
150824103202	楚鲁图村委会	109.046722	41.468390	1	80	100	政府机构
150821101204	春联村委会	107.889080	41.082519	0	25	70	乡镇
150823401503	四分场村	108.657520	40.738610	0	50	82	UNKNOWN
150825100201	东升村委会	107.053300	41.064879	0	30	72	村庄
150821106200	丰乐村委会	107.756202	41.175049	0	16	65	乡镇
150823103209	红光村民委员会	108.595280	41.010861	0	30	72	村庄
150824200210	希博图嘎查村	107.677191	41.539273	0	14	46	乡镇
150822200208	阿茨嘎查	106.801420	40.459760	0	30	100	UNKNOWN
150802003005	新顺社区	107.363000	40.750799	0	14	46	区县
150802401206	六分场村委会	107.467440	40.903819	0	30	72	UNKNOWN
150821100012	金桥社区	108.291039	41.105001	0	25	70	乡镇
150822404207	九分场村委会	106.661371	40.524370	0	16	38	UNKNOWN
150821105210	明星村委会	108.236310	40.969790	0	30	72	村庄
150802013005	江林社区	107.384056	40.738136	0	30	72	乡镇
150823400502	三分场村	109.341225	40.589642	0	18	66	乡镇
150821100205	隆盛村委会	108.291039	41.105001	0	25	47	乡镇
150824102203	乌镇村委会	108.626540	41.242379	0	25	47	乡镇
150822402202	三分场村委会	107.034040	40.591281	1	80	97	UNKNOWN
150823108202	圐圙补隆村民委员会	108.724040	41.139799	0	25	47	乡镇
150825201202	巴音呼热嘎查	107.026071	42.026537	1	80	100	UNKNOWN
150824202201	巴音敖包嘎查村	108.734950	41.790429	0	25	70	村庄
150802400207	七分场村委会	107.618387	41.105026	1	80	95	UNKNOWN
150802002004	恒鑫社区	107.423970	40.752645	1	80	97	政府机构
150802102223	立新村村民委员会	107.167421	40.749969	0	30	72	地产小区
150823102208	苏木图村民委员会	108.911570	40.643469	0	30	72	UNKNOWN
150821107201	庆丰村委会	107.944652	40.939682	0	25	70	乡镇
150821102003	桥北居委会	108.060969	40.917349	0	25	55	乡镇
150824105207	巴音海日嘎查	108.325550	41.365610	0	50	82	UNKNOWN
150824100005	西郊居委会	108.525329	41.567351	0	25	70	乡镇
150825101200	广林村委会	106.828250	40.949720	0	25	70	乡镇
150802400211	十一分场村委会	107.614910	41.105941	1	80	93	UNKNOWN
150821104207	景阳林村委会	107.701005	40.886401	0	25	43	乡镇
150823404500	一分场村	108.651999	40.736401	0	12	34	区县
150825102206	西尼乌素嘎查	106.193924	41.516070	1	80	100	UNKNOWN
150802100208	福增村村民委员会	107.464320	41.070719	0	30	72	村庄
150802001002	五星社区	107.411694	40.752905	1	80	97	政府机构
150826100218	民乐村民委员会	107.208017	40.879774	0	30	72	村庄
150824201207	巴音河嘎查村	108.149896	41.705041	0	80	100	UNKNOWN
150802101225	新元村村民委员会	107.585730	41.192139	0	30	72	村庄
150802006006	东发社区	107.445872	40.769677	0	30	72	乡镇
150822401204	五分场村委会	106.788664	40.584162	0	18	66	UNKNOWN
150821100213	荣誉村委会	108.194190	41.069389	0	30	72	村庄
150802106221	水桐树村村民委员会	107.348840	40.899089	0	30	72	村庄
150825202204	阿拉腾哈拉格嘎查	107.464388	41.406882	1	80	100	UNKNOWN
150824101205	联丰奋斗村委会	108.037803	41.289996	1	75	95	地产小区
150821103203	合少村委会	108.057500	41.082010	0	25	47	乡镇
150823403504	五分场村	108.660012	41.121429	0	18	66	UNKNOWN
150802101205	新华红旗村村民委员会	107.640440	41.055480	0	30	72	村庄
150821400504	四分场村	108.540650	41.129378	0	18	66	乡镇
150821100008	中山社区	108.291039	41.105001	0	25	70	乡镇
150826102205	东渠村民委员会	107.007250	40.757820	0	25	55	乡镇
150823100203	沙脑包村民委员会	108.699300	40.681891	0	30	72	UNKNOWN
150802102215	旭光村村民委员会	107.240740	40.721369	0	30	72	村庄
150802201207	红星村村民委员会	107.236771	41.051209	1	80	100	政府机构
150823200201	赛湖洞嘎查村	108.919620	40.858239	0	25	47	乡镇
150826106211	五丰村民委员会	106.877220	40.772599	0	25	70	乡镇
150802106201	十大股村村民委员会	107.354391	41.030728	0	30	72	村庄
150822103200	黄土档村委会	107.099538	40.499470	0	25	43	地产小区
150826100003	中山社区居民委员会	107.161320	40.890965	0	25	47	乡镇
150826105201	巨和桥村民委员会	107.310340	41.120140	0	30	72	村庄
150823402509	十分场村	108.683523	40.867582	0	18	66	UNKNOWN
150802105207	远景村村民委员会	107.290520	40.720259	0	30	72	村庄
150823104201	土城子村民委员会	108.360290	40.870070	0	25	55	乡镇
150826106207	太荣村民委员会	106.877220	40.772599	0	25	55	乡镇
150802009003	福泰社区	107.394991	40.781261	0	30	72	乡镇
150821101208	丰胜村委会	107.889080	41.082519	0	25	70	乡镇
150802106217	忠义村村民委员会	107.358191	40.826439	0	30	72	村庄
150802101213	春和村村民委员会	107.520990	41.152070	0	30	72	村庄
150822200204	包勒浩特嘎查	106.747430	40.700749	0	25	47	乡镇
150826102213	甲二村民委员会	107.007250	40.757820	0	25	55	乡镇
150802102203	新利村村民委员会	107.248590	40.799340	0	30	72	村庄
150823103205	乌海村民委员会	108.646979	40.862001	0	25	55	乡镇
150826101203	民丰村民委员会	107.131650	40.639980	0	30	72	村庄
150821100209	荣丰村委会	108.291039	41.105001	0	25	70	乡镇
150826500207	九分场村委会	106.672009	40.808441	1	80	94	UNKNOWN
150826107206	八一村民委员会	107.017711	40.975235	0	16	65	乡镇
150802008002	花城社区	107.378191	40.763760	1	80	97	政府机构
150823100002	瑞泰社区居民委员会	108.777620	40.660530	0	25	47	地产小区
150823105200	佘太村民委员会	109.145670	41.022750	0	25	70	乡镇
150802104206	进步村村民委员会	107.337650	40.691070	0	30	72	村庄
150822101207	公地村委会	106.937710	40.671139	0	25	70	乡镇
150826100202	中胜村民委员会	107.151340	40.849821	0	30	72	村庄
150823102204	西坝头村民委员会	109.087571	40.613689	0	30	72	村庄
150802103202	新乐村村民委员会	107.674240	41.017450	0	30	72	村庄
150802100212	永乐村村民委员会	107.497040	41.029351	0	30	72	村庄
150826100214	赤峰村民委员会	107.161320	40.890965	0	25	55	乡镇
150802101229	东方红村民委员会	107.596631	41.058239	0	25	70	乡镇
150802103214	隆胜村村民委员会	107.482920	40.897330	0	30	72	村庄
150823101202	阿贵高勒嘎查村	109.300789	40.661201	0	30	72	UNKNOWN
150826103204	澄泥村民委员会	106.964109	40.859591	0	25	70	乡镇
150822100007	和平居委会	107.007190	40.327310	0	25	70	乡镇
150802100204	先锋村村民委员会	107.409560	41.012019	0	30	72	村庄
150823106206	七份子村民委员会	109.753641	40.942439	0	30	72	村庄
150826104200	蛮会村民委员会	107.195870	41.055751	0	30	72	村庄
150823403508	九分场村	108.660012	41.121429	0	18	66	UNKNOWN
150822102201	新地村委会	107.118924	40.420417	0	18	66	乡镇
150823201200	呼和温都尔嘎查村	109.634511	40.809919	0	25	55	乡镇
150822101211	新地村委会	106.937710	40.671139	0	25	70	乡镇
150802104210	民族村村民委员会	107.220000	40.611430	0	30	72	村庄
150802200206	治安村村民委员会	107.431310	40.812720	0	30	72	村庄
150826500210	渔场村委会	106.672009	40.808441	1	80	97	UNKNOWN
150823201201	沙德格嘎查村	109.442920	40.816950	0	30	58	UNKNOWN
150822101210	协成村委会	106.937710	40.671139	0	25	70	乡镇
150802104211	新河村村民委员会	107.246910	40.640370	0	30	72	村庄
150802200207	治丰村村民委员会	107.422791	40.778363	0	30	58	乡镇
150823106207	色气口子村民委员会	109.616490	40.922230	0	25	47	乡镇
150823403509	十分场村	108.660012	41.121429	0	18	66	UNKNOWN
150826104201	华西村民委员会	107.190730	41.046040	0	25	55	乡镇
150822102200	城东村委会	107.124170	40.417100	0	30	72	村庄
150823101203	达日盖嘎查村	109.219101	40.643709	0	25	55	乡镇
150826103205	永进村民委员会	106.964109	40.859591	0	25	55	乡镇
150802100205	富义村村民委员会	107.467500	40.987829	0	30	72	村庄
150826100215	交通村民委员会	107.161320	40.890965	0	25	55	乡镇
150802101228	召阁台村村民委员会	107.409791	41.221219	0	30	72	村庄
150802100213	富强村村民委员会	107.400330	40.842180	0	30	72	村庄
150822100010	钢铁居委会	107.007190	40.327310	0	25	70	乡镇
150824400504	五分场村委会	108.383251	41.244183	0	18	66	UNKNOWN
150826100203	永华村民委员会	107.111750	40.884909	0	30	72	村庄
150823102205	黑柳子村民委员会	109.344557	40.570539	0	30	72	村庄
150802103203	新胜村村民委员会	107.680439	40.966361	0	30	72	村庄
150821100208	先锋村委会	108.246130	41.033429	0	30	72	村庄
150826500206	八分场村委会	106.672009	40.808441	1	80	97	UNKNOWN
150826107207	新乐村民委员会	107.053880	40.920749	0	30	72	村庄
150823100003	林海社区居民委员会	108.777620	40.660530	0	25	47	地产小区
150823105201	忠厚堂村民委员会	109.145670	41.022750	0	25	55	乡镇
150802104207	富河村村民委员会	107.301208	40.674180	0	30	72	村庄
150822101206	同兴村委会	106.819943	40.679828	0	30	72	村庄
150802102202	民主村村民委员会	107.276710	40.794360	0	30	72	村庄
150823103204	羊房子村民委员会	108.646979	40.862001	0	25	55	乡镇
150826101202	联增村民委员会	107.134120	40.585950	0	25	70	乡镇
150802101212	永利村村民委员会	107.494890	41.119451	0	30	72	村庄
150822200205	那仁宝力格嘎查	106.452774	40.580661	1	80	100	UNKNOWN
150826102212	坚胜村民委员会	107.007250	40.757820	0	25	70	乡镇
150802106216	春光村村民委员会	107.350640	40.974179	0	30	72	村庄
150802105206	宿亥村村民委员会	107.268849	40.693451	0	30	72	村庄
150802201210	星光村村民委员会	107.508690	40.857721	0	30	72	村庄
150823104200	西小召村民委员会	108.360290	40.870070	0	25	55	乡镇
150802009002	春和社区	107.394991	40.781261	0	30	72	乡镇
150826106206	富民村民委员会	106.857729	40.738713	0	30	72	村庄
150821101209	丰裕村委会	107.889080	41.082519	0	25	70	乡镇
150822103201	河壕村委会	107.099538	40.499470	0	25	47	地产小区
150826100002	大桥社区居民委员会	107.161320	40.890965	0	25	47	乡镇
150823402508	九分场村	108.683523	40.867582	0	18	66	UNKNOWN
150826105200	民先村民委员会	107.311570	41.140970	0	25	70	乡镇
150802201206	章嘉庙村村民委员会	107.498606	40.807672	0	30	72	村庄
150823200200	阿力奔嘎查村	108.919620	40.858239	0	25	47	乡镇
150826106210	五一村民委员会	106.877220	40.772599	0	25	70	乡镇
150802102214	黄济村村民委员会	107.224400	40.674320	0	30	72	村庄
150823103212	长胜村民委员会	108.591450	40.982431	0	30	72	村庄
150802101204	七股地村村民委员会	107.671240	41.034360	0	30	72	村庄
150821400505	五分场村	108.540650	41.129378	0	18	66	乡镇
150821100009	北环社区	108.291039	41.105001	0	25	70	乡镇
150826102204	西渠村民委员会	107.007250	40.757820	0	25	55	乡镇
150823100202	塔布村民委员会	108.777620	40.660530	0	25	55	地产小区
150824101204	红光胜利村委会	108.076861	41.292819	0	25	55	地产小区
150821103202	民利村委会	108.047710	41.043081	0	30	72	村庄
150823403505	六分场村	108.687689	41.091560	0	80	100	UNKNOWN
150825100001	宝源社区	107.076340	41.103150	0	25	70	乡镇
150802006007	东旺社区	107.445872	40.769677	0	30	72	乡镇
150821100212	联丰村委会	108.179823	41.100336	0	30	72	村庄
150822401205	六分场村委会	106.788664	40.584162	0	18	66	UNKNOWN
150802106220	永和村村民委员会	107.322420	40.884701	0	30	72	村庄
150825202205	巴音塔拉嘎查	107.075000	41.083501	0	10	33	区县
150824201206	沙布格嘎查村	107.993411	41.663226	0	80	100	UNKNOWN
150802101224	五星村村民委员会	107.568440	41.160091	0	30	72	村庄
150802400210	十分场村委会	107.614910	41.105941	1	80	93	UNKNOWN
150821104206	景华村委会	107.701005	40.886401	0	25	47	乡镇
150823404501	二分场村	108.651999	40.736401	0	12	34	区县
150824202216	新尼乌素嘎查村	109.134949	42.035547	1	80	97	UNKNOWN
150825102207	巴音淖如嘎查	107.075000	41.083501	0	10	25	区县
150802100209	永增村村民委员会	107.476050	41.093979	0	30	72	村庄
150823102209	公庙村民委员会	109.212311	40.607739	0	25	55	乡镇
150821107200	复兴村委会	107.950651	40.941269	0	30	72	村庄
150821102002	铁路居委会	108.060969	40.917349	0	25	70	乡镇
150824105206	呼日木图嘎查村委会	108.444615	41.621022	1	80	94	UNKNOWN
150824100004	哈萨尔居委会	108.525329	41.567351	0	25	70	乡镇
150825101201	大树湾村委会	106.828250	40.949720	0	25	70	乡镇
150821200206	新丰村委会	108.407560	41.073181	0	30	72	村庄
150802400206	六分场村委会	107.614910	41.105941	1	80	97	UNKNOWN
150802002005	兴旺社区	107.423970	40.752645	1	80	97	政府机构
150802102222	胜丰村村民委员会	107.135702	40.743654	0	30	72	村庄
150821103214	丰联村委会	108.057500	41.082010	0	25	70	乡镇
150823108203	瓦窑滩村民委员会	108.724040	41.139799	0	25	55	乡镇
150822402203	四分场村委会	107.034040	40.591281	1	80	97	UNKNOWN
150825201203	哈拉图嘎查	107.338270	41.838550	0	30	100	UNKNOWN
150823400503	四分场村	109.341225	40.589642	0	18	66	乡镇
150821100204	旧城村委会	108.291039	41.105001	0	25	70	乡镇
150824102202	兴丰村委会	108.211890	41.251710	0	30	72	村庄
150822200209	哈业乌素嘎查	106.577041	40.497309	0	30	100	UNKNOWN
150802003004	新丰社区	107.363000	40.750799	0	14	46	区县
150802401207	七分场村委会	107.462111	40.873487	1	80	95	UNKNOWN
150821105211	明联村委会	108.273910	40.971690	0	30	72	村庄
150822404206	七分场村委会	106.661371	40.524370	0	16	38	UNKNOWN
150824203201	巴音温都尔嘎查村	109.215737	41.800660	1	80	97	UNKNOWN
150825100200	友联村委会	107.084779	41.091931	0	30	72	村庄
150821106201	前进村委会	107.790990	41.193060	0	30	72	村庄
150824200211	哈拉图嘎查村	107.749739	41.286831	0	30	100	UNKNOWN
150823103208	新胜村民委员会	108.626030	41.045120	0	30	72	村庄
150824103203	格日楚鲁村委会	109.411880	41.418600	0	25	47	地产小区
150821101205	丰产村委会	107.889080	41.082519	0	25	70	乡镇
150823401502	三分场村	108.657520	40.738610	0	50	82	UNKNOWN
150825200202	满都拉嘎查	106.145530	41.387839	0	30	100	UNKNOWN
150822403202	三分场村委会	107.008000	40.330500	0	12	44	区县
150821101213	金联村委会	107.915770	41.004220	0	30	72	村庄
150822400204	五分场村委会	107.008340	40.424050	1	70	92	UNKNOWN
150802007006	临铁社区	107.425405	40.737346	1	80	97	政府机构
150826108202	西渠口村民委员会	107.151000	40.885901	0	14	37	区县
150823402504	五分场村	108.683523	40.867582	0	18	66	UNKNOWN
150821102203	风雷村委会	108.060969	40.917349	0	25	47	乡镇
150802101208	隆光村村民委员会	107.571260	41.014471	0	30	72	村庄
150826102208	永增村民委员会	107.007250	40.757820	0	25	55	乡镇
150823405500	一分场村	108.853291	40.858309	1	80	97	UNKNOWN
150821105207	夹道子村委会	108.390370	41.044420	0	25	55	地产小区
150821100005	新华社区	108.291039	41.105001	0	25	70	乡镇
150802401211	十一分场村委会	107.467440	40.903819	0	30	47	UNKNOWN
150821400509	九分场村	108.540650	41.129378	0	18	66	乡镇
150802102218	建民村村民委员会	107.127948	40.813826	0	30	72	村庄
150824200207	前达门嘎查村	107.783217	41.410504	1	80	97	UNKNOWN
150824104211	伊很查干嘎查村	107.578050	42.402610	0	25	47	乡镇
150802101203	永红村村民委员会	107.705390	41.050459	0	30	72	村庄
150826102203	庆隆村民委员会	106.962060	40.775271	0	30	72	村庄
150823100205	三湖村民委员会	108.777620	40.660530	0	25	55	地产小区
150821400502	二分场村	108.540650	41.129378	0	18	66	乡镇
150802102213	脑高村村民委员会	107.151510	40.635541	0	30	72	村庄
150802201201	农丰村村民委员会	107.656661	40.868109	0	30	72	村庄
150821101218	继光村委会	107.921660	41.182701	0	30	72	村庄
150802106207	明星村村民委员会	107.352781	41.099542	0	30	72	村庄
150822103206	新河村委会	107.099538	40.499470	0	25	55	地产小区
150826105207	十八顷村民委员会	107.311570	41.140970	0	25	55	乡镇
150826100005	西郊社区居民委员会	107.161320	40.890965	0	25	47	乡镇
150823107201	十七份子村民委员会	109.532770	41.164710	0	25	55	乡镇
150821102208	先进村委会	108.060969	40.917349	0	25	70	乡镇
150822100200	城关村委会	107.007190	40.327310	0	25	70	乡镇
150802105201	万丰村村民委员会	107.401170	40.735640	0	30	72	村庄
150824103208	柏木井村委会	109.411880	41.418600	0	25	70	地产小区
150823104207	北圪堵村民委员会	108.360290	40.870070	0	25	55	乡镇
150826106201	二支村民委员会	106.877220	40.772599	0	25	55	乡镇
150823401509	十分场村	108.657520	40.738610	0	50	82	UNKNOWN
150802106211	世城西村村民委员会	107.288061	40.972009	0	30	72	村庄
150821100223	新福村委会	108.131660	41.167629	0	30	72	村庄
150822403209	十分场村委会	107.008000	40.330500	0	12	29	区县
150826100013	花园社区居民委员会	107.161320	40.890965	0	25	47	乡镇
150822200202	温都尔毛道嘎查	106.903940	40.616641	0	30	100	UNKNOWN
150802101215	新乐村村民委员会	107.674240	41.017450	0	30	72	村庄
150826102215	繁荣村民委员会	107.007250	40.757820	0	25	55	乡镇
150802102205	新华村村民委员会	107.265370	40.853481	0	30	72	村庄
150824401502	牧业分场村委会	108.533519	41.434952	1	80	95	UNKNOWN
150823103203	新安村民委员会	108.646459	40.858521	0	30	72	村庄
150826101205	民建村民委员会	107.108091	40.695149	0	30	72	村庄
150826104210	富强村民委员会	107.221740	41.074190	0	30	72	村庄
150822402208	九分场村委会	106.972285	40.530356	1	80	95	UNKNOWN
150825201208	苏布日格嘎查	107.135416	41.811559	1	80	100	UNKNOWN
150826107200	小沙沟村民委员会	106.992411	40.934699	0	30	72	村庄
150823400508	九分场村	109.341225	40.589642	0	18	66	乡镇
150826500201	三分场村委会	106.672009	40.808441	1	80	97	UNKNOWN
150823105206	三份子村民委员会	109.145670	41.022750	0	25	55	乡镇
150823100004	东风第一居民委员会	108.777620	40.660530	0	25	47	地产小区
150822101201	红旗村委会	106.937710	40.671139	0	25	70	乡镇
150826100204	中南渠村民委员会	107.161320	40.890965	0	25	55	乡镇
150823102202	先锋村民委员会	109.158290	40.587999	0	30	72	村庄
150824400503	四分场村委会	108.383251	41.244183	0	18	66	UNKNOWN
150802103204	隆强村村民委员会	107.531061	40.983869	0	30	72	村庄
150802100214	幸福村村民委员会	107.409740	40.892999	0	30	72	村庄
150822100017	镇南居委会	107.008000	40.330500	0	12	29	区县
150802001008	新村社区	107.411694	40.752905	1	80	97	政府机构
150826100212	晨丰村民委员会	107.161320	40.890965	0	25	55	乡镇
150802103212	光荣村村民委员会	107.499020	40.925331	0	30	72	村庄
150823101204	塔汗其嘎查村	109.219101	40.643709	0	25	55	乡镇
150826103202	黎一村民委员会	106.964109	40.859591	0	25	70	乡镇
150822100001	东升居委会	107.007190	40.327310	0	25	70	乡镇
150802100202	迎胜村村民委员会	107.407551	41.102429	0	30	72	村庄
150821103209	永丰村委会	108.054130	41.126250	0	30	72	村庄
150823106200	菅家窑子村民委员会	109.616490	40.922230	0	25	47	乡镇
150826104206	红星村民委员会	107.236771	41.051209	0	30	72	村庄
150822102207	大滩村委会	107.118924	40.420417	0	18	66	乡镇
150821100219	联乐村委会	108.291039	41.105001	0	25	47	乡镇
150823100012	桥南社区居民委员会	108.685290	40.707219	0	30	72	UNKNOWN
150802104216	新红村村民委员会	107.500690	40.765731	0	30	72	村庄
150821100002	力华园社区	108.271907	41.096149	0	60	100	地产小区
150821105200	新红村委会	108.390370	41.044420	0	25	70	地产小区
150824203210	哈太嘎查村	109.204670	41.585009	0	25	55	乡镇
150823405507	八分场村	108.853291	40.858309	1	80	97	UNKNOWN
150821102204	和平村委会	108.044300	40.942921	0	30	72	村庄
150824100202	巴彦塔拉村委会	108.525329	41.567351	0	25	47	乡镇
150826100009	团结社区居民委员会	107.161320	40.890965	0	25	47	乡镇
150823402503	四分场村	108.683523	40.867582	0	18	66	UNKNOWN
150822400203	四分场村委会	107.008340	40.424050	1	70	92	UNKNOWN
150821101214	乃日村委会	107.889080	41.082519	0	25	70	乡镇
150826108205	乌兰村民委员会	106.905239	40.916001	0	30	72	村庄
150802007001	向阳社区	107.425405	40.737346	1	80	97	政府机构
150825200205	查干高勒嘎查	106.032460	40.875209	0	30	100	UNKNOWN
150822403205	六分场村委会	107.008000	40.330500	0	12	44	区县
150821102212	红赛村委会	108.060969	40.917349	0	25	47	乡镇
150825102001	第一社区	107.001100	41.433339	0	25	70	乡镇
150823401505	六分场村	108.667823	40.771114	0	80	100	UNKNOWN
150824103204	石哈河村委会	109.382510	41.508100	0	30	58	UNKNOWN
150821101202	春光村委会	107.884314	41.090329	0	30	72	村庄
150802102209	黄羊村村民委员会	107.209200	40.670701	0	30	72	村庄
150825100207	乌兰嘎查	106.931190	41.027379	0	30	100	UNKNOWN
150826101209	巴市原种场村委会	107.161554	40.567127	1	80	95	UNKNOWN
150824101002	第二居民委员会	108.076861	41.292819	0	25	47	地产小区
150821106206	新旺村委会	107.756202	41.175049	0	16	47	乡镇
150802101219	桥梁村村民委员会	107.460670	41.171960	0	30	72	村庄
150802013003	明珠社区	107.384056	40.738136	0	30	72	乡镇
150824203206	朱斯木乐嘎查村	109.204670	41.585009	0	25	43	乡镇
150802003003	新源社区	107.363000	40.750799	0	14	46	区县
150822404201	二分场村委会	106.661371	40.524370	0	16	65	UNKNOWN
150821100203	联合村委会	108.287529	41.097061	0	30	72	村庄
150824102205	红旗村委会	108.626540	41.242379	0	25	70	乡镇
150823100008	东兴第二居民委员会	108.777620	40.660530	0	25	70	地产小区
150823400504	五分场村	109.341225	40.589642	0	18	66	乡镇
150802008008	长青社区	107.378191	40.763760	1	80	97	政府机构
150822402204	五分场村委会	107.034040	40.591281	1	80	97	UNKNOWN
150821103213	联胜村委会	108.057500	41.082010	0	25	55	乡镇
150823108204	召圪台村民委员会	108.724040	41.139799	0	25	55	乡镇
150802005006	科文社区	107.363000	40.750799	0	14	46	区县
150825201204	巴音哈少嘎查	107.008940	41.757730	0	30	100	UNKNOWN
150822405200	一实验场村委会	107.008317	40.320483	1	80	93	教育
150802400201	一分场村委会	107.614910	41.105941	1	80	97	UNKNOWN
150802002002	平安社区	107.423970	40.752645	1	80	97	政府机构
150824202207	乌兰格日乐嘎查村	108.800920	41.953289	0	25	47	乡镇
150821200201	和义村委会	108.456270	41.094251	0	25	70	村庄
150802102225	东风村村民委员会	107.223650	40.769640	0	30	72	村庄
150802100218	爱国村村民委员会	107.385509	40.930781	0	30	72	村庄
150821107207	民生村委会	107.911380	40.919170	0	30	72	村庄
150824100003	巴音路居委会	108.525329	41.567351	0	25	55	乡镇
150824105201	希日朝鲁嘎查村委会	108.509754	41.359157	1	80	95	UNKNOWN
150826100208	满天红村民委员会	107.161320	40.890965	0	25	55	乡镇
150825101206	查干温都尔嘎查	106.483030	41.176671	0	30	100	UNKNOWN
150802103208	民乐村村民委员会	107.626559	41.021991	0	30	72	村庄
150823101208	查干哈达嘎查村	109.219101	40.643709	0	25	55	乡镇
150824202211	吉日嘎楞图嘎查村	108.800920	41.953289	0	25	43	乡镇
150821104201	兴丰村委会	107.701005	40.886401	0	25	55	乡镇
150825102200	希日淖尔嘎查	107.061220	41.451089	0	30	100	UNKNOWN
150824201201	沙如拉塔拉嘎查村	108.513000	41.587400	0	10	28	区县
150802001004	光宇社区	107.411694	40.752905	1	80	97	政府机构
150802101223	份子地红旗村村民委员会	107.640440	41.055480	0	30	72	村庄
150822401202	三分场村委会	106.788664	40.584162	0	18	66	UNKNOWN
150821100215	永星村委会	108.291039	41.105001	0	25	70	乡镇
150825202202	呼和嘎查	107.075000	41.083501	0	10	33	区县
150823403502	三分场村	108.660012	41.121429	0	18	66	UNKNOWN
150824101203	红丰村委会	108.076861	41.292819	0	25	70	地产小区
150824104001	甘其毛都镇居委会	107.578050	42.402610	0	25	47	乡镇
150821103205	旭日村委会	108.057500	41.082010	0	25	47	乡镇
150823403503	四分场村	108.660012	41.121429	0	18	66	UNKNOWN
150824101202	石兰计村委会	107.499953	41.255375	1	80	100	政府机构
150821103204	永生村委会	108.057500	41.082010	0	25	70	乡镇
150802006001	东兴社区	107.445872	40.769677	0	30	72	乡镇
150821100214	宏伟村委会	108.291039	41.105001	0	25	70	乡镇
150822401203	四分场村委会	106.788664	40.584162	0	18	66	UNKNOWN
150825202203	巴音乌拉嘎查	106.509040	40.770029	0	30	100	UNKNOWN
150802001005	庆丰社区	107.411694	40.752905	1	80	97	政府机构
150802101222	新设村村民委员会	107.633670	41.175770	0	30	72	村庄
150824202210	桑根达来嘎查村	107.784940	41.396119	0	50	68	UNKNOWN
150823101209	和顺庄村民委员会	109.219101	40.643709	0	25	55	乡镇
150821101002	东风居委会	107.889080	41.082519	0	25	70	乡镇
150821104200	天吉太村委会	107.701005	40.886401	0	25	43	乡镇
150825102201	宝日布嘎查	106.754620	41.476949	0	30	100	UNKNOWN
150821107206	顺利村委会	107.944652	40.939682	0	25	55	乡镇
150824100002	花园东路居委会	108.525329	41.567351	0	25	70	乡镇
150826100209	永利村民委员会	107.120080	40.949579	0	30	72	村庄
150825101207	呼和温都尔嘎查	106.433835	41.001793	1	80	100	UNKNOWN
150802103209	东兴村村民委员会	107.477380	40.851719	0	30	72	村庄
150822405201	二实验场村委会	107.008317	40.320483	1	80	93	教育
150824202206	东达乌素嘎查村	107.784940	41.396119	0	50	68	UNKNOWN
150821200200	和平村委会	108.456300	41.094971	0	30	72	村庄
150802100219	爱丰村村民委员会	107.388943	40.978184	0	30	72	村庄
150802102224	乌兰村村民委员会	107.162010	40.778200	0	30	72	村庄
150821103212	光联村委会	108.057500	41.082010	0	25	70	乡镇
150822402205	六分场村委会	107.034040	40.591281	1	80	97	UNKNOWN
150802005007	爱丽舍社区	107.363000	40.750799	0	14	46	区县
150825201205	巴音高勒嘎查	107.237735	41.707770	1	80	100	UNKNOWN
150821100202	东牛犋村委会	108.319793	41.091378	1	80	95	UNKNOWN
150824102204	大圣村委会	108.626540	41.242379	0	25	55	乡镇
150823100009	东兴第三居民委员会	108.777620	40.660530	0	25	70	地产小区
150823400505	六分场村	109.333878	40.605748	0	80	100	UNKNOWN
150802101218	前进村村民委员会	107.434160	41.141820	0	30	72	村庄
150802013002	锦河社区	107.384056	40.738136	0	30	72	乡镇
150824203207	白兴图嘎查村	109.204670	41.585009	0	25	55	乡镇
150802003002	新光社区	107.363000	40.750799	0	14	46	区县
150802401201	一分场村委会	107.467440	40.903819	0	30	72	UNKNOWN
150822404200	一分场村委会	106.661371	40.524370	0	16	65	UNKNOWN
150802102208	红丰村村民委员会	107.232290	40.833729	0	30	72	村庄
150825100206	宝力格嘎查	107.076340	41.103150	0	25	70	乡镇
150826101208	挪二村民委员会	107.134120	40.585950	0	25	70	乡镇
150823401504	五分场村	108.657520	40.738610	0	50	82	UNKNOWN
150824103205	西羊场村委会	109.409850	41.347310	0	30	72	UNKNOWN
150821101203	胜丰村委会	107.782334	41.091978	0	30	72	村庄
150825200204	前达门嘎查	105.864570	41.246249	0	30	100	UNKNOWN
150822403204	五分场村委会	107.008000	40.330500	0	12	44	区县
150821101215	五份桥村委会	107.889080	41.082519	0	25	47	乡镇
150822400202	三分场村委会	107.008340	40.424050	1	70	92	UNKNOWN
150826108204	红建村民委员会	106.935859	40.940326	0	30	72	村庄
150821102205	红旗村委会	108.060969	40.917349	0	25	70	乡镇
150824105001	矿区居委会	108.232940	41.533490	0	25	70	乡镇
150823100033	民族社区居民委员会	108.777620	40.660530	0	25	47	地产小区
150826100008	河酒社区居民委员会	107.161320	40.890965	0	25	47	乡镇
150823402502	三分场村	108.683523	40.867582	0	18	66	UNKNOWN
150821100003	西环社区	108.291039	41.105001	0	25	70	乡镇
150821105201	新华村委会	108.390370	41.044420	0	25	70	地产小区
150824203211	毛其格嘎查村	108.761484	41.419943	0	80	100	UNKNOWN
150823405506	七分场村	108.853291	40.858309	1	80	97	UNKNOWN
150825100210	五支渠村委会	107.060920	41.086889	0	30	51	UNKNOWN
150822100020	西环居委会	106.991932	40.329388	1	80	100	政府机构
150824200201	温更嘎查村	107.667736	41.617360	0	80	100	UNKNOWN
150821100218	同联村委会	108.291039	41.105001	0	25	47	乡镇
150823100013	乌化社区居民委员会	108.777620	40.660530	0	25	47	地产小区
150802200201	曙光村民委员会	107.426050	40.767229	0	30	72	村庄
150821103208	团结村委会	108.057500	41.082010	0	25	55	乡镇
150823106201	营盘湾村民委员会	109.678750	40.943780	0	30	72	村庄
150826104207	红丰村民委员会	107.226351	41.045209	0	30	72	村庄
150822102206	南尖子村委会	107.118924	40.420417	0	18	66	乡镇
150821401502	三分场村	108.271440	40.899370	0	30	47	UNKNOWN
150823101205	呼和布拉格嘎查村	108.999520	40.647561	0	30	100	UNKNOWN
150826103203	和平村民委员会	106.926111	40.859239	0	30	72	村庄
150802100203	民强村村民委员会	107.410550	41.065559	0	30	72	村庄
150802001009	团结社区	107.411694	40.752905	1	80	97	政府机构
150826100213	账房村民委员会	107.161320	40.890965	0	25	55	乡镇
150802103213	长胜村村民委员会	107.499179	40.906791	0	30	72	村庄
150802100215	光明村村民委员会	107.432120	40.914370	0	30	72	村庄
150826100205	高峰村民委员会	107.195650	40.927301	0	30	72	村庄
150823102203	永福村民委员会	109.149020	40.612789	0	30	72	村庄
150824400502	三分场村委会	108.383251	41.244183	0	18	66	UNKNOWN
150802103205	团结村村民委员会	107.544370	40.948970	0	30	72	村庄
150823400509	十分场村	109.341225	40.589642	0	18	66	乡镇
150802008005	四季社区	107.378191	40.763760	1	80	97	政府机构
150826107201	五星村民委员会	107.017711	40.975235	0	16	47	乡镇
150826500200	一分场村委会	106.672009	40.808441	1	80	97	UNKNOWN
150823105207	什那干村民委员会	109.145670	41.022750	0	25	55	乡镇
150823100005	东风第二居民委员会	108.777620	40.660530	0	25	43	地产小区
150802104201	永丰村村民委员会	107.314980	40.814431	0	30	72	村庄
150822101200	合同村委会	106.937710	40.671139	0	25	70	乡镇
150826104211	红旗村民委员会	107.165480	40.970820	0	30	72	村庄
150822402209	十分场村委会	107.034040	40.591281	1	80	93	UNKNOWN
150802102204	永华村村民委员会	107.260590	40.836921	0	30	72	村庄
150824401503	总场村委会	108.531980	41.434581	1	80	97	UNKNOWN
150823103202	前进村民委员会	108.647200	40.917071	0	30	72	村庄
150826101204	新丰村民委员会	107.103030	40.744220	0	30	72	村庄
150822200203	巴音乌拉嘎查	106.509040	40.770029	0	30	100	UNKNOWN
150802101214	三合村村民委员会	107.525250	41.198420	0	30	72	村庄
150826102214	永乐村民委员会	106.999230	40.710149	0	30	72	村庄
150802106210	团结村村民委员会	107.312520	41.141240	0	30	72	村庄
150822403208	九分场村委会	106.972285	40.530356	1	80	95	UNKNOWN
150821100222	光明村委会	108.066790	41.188539	0	30	72	村庄
150826100012	北环社区居民委员会	107.161320	40.890965	0	25	47	乡镇
150822100201	北粮台村委会	107.008000	40.330500	0	12	29	区县
150824103209	双盛美村委会	109.538720	41.422412	1	80	92	地产小区
150823104206	邓存店村民委员会	108.360290	40.870070	0	25	70	乡镇
150823401508	九分场村	108.657520	40.738610	0	50	82	UNKNOWN
150802009004	闸口社区	107.394991	40.781261	0	30	72	乡镇
150826106200	建正村民委员会	106.877220	40.772599	0	25	55	乡镇
150802106206	联星村村民委员会	107.386380	41.114161	0	30	72	村庄
150826105206	联合村民委员会	107.239751	41.161239	0	30	72	村庄
150826100004	西城社区居民委员会	107.161320	40.890965	0	25	47	乡镇
150823107200	大十份子村民委员会	109.532770	41.164710	0	25	55	乡镇
150821102209	响导村委会	108.060969	40.917349	0	25	47	乡镇
150823104210	万太公村民委员会	108.360290	40.870070	0	25	70	乡镇
150826108208	永明村民委员会	107.151000	40.885901	0	14	37	区县
150823200206	巴音温都尔嘎查村	108.919620	40.858239	0	25	55	乡镇
150821101219	先锋村委会	107.901710	41.137209	0	30	72	村庄
150802102212	荣丰村村民委员会	107.181510	40.638519	0	30	72	村庄
150802101202	新荣村村民委员会	107.688280	41.068041	0	30	72	村庄
150826102202	庆丰村民委员会	106.973060	40.753311	0	30	72	村庄
150823100204	蓿亥村民委员会	108.777620	40.660530	0	25	70	地产小区
150821400503	三分场村	108.540650	41.129378	0	18	66	乡镇
