152222101206	查日顺扎拉嘎嘎查	120.372250	45.578448	0	30	100	UNKNOWN
152223105201	乌都岱嘎查委会	122.523130	46.812049	0	30	72	UNKNOWN
152224100233	常发村委会	121.585730	45.374860	0	25	47	乡镇
152221100208	远光村委会	121.958000	46.076800	0	10	25	区县
152201004003	站前社区居委会	122.093000	46.073000	0	14	46	区县
152223202207	那金嘎查委会	122.081039	46.492721	0	25	55	村庄
152221103218	永新村委会	121.380340	46.317959	0	30	72	地产小区
152201003007	幸福社区居委会	122.093000	46.073000	0	14	46	区县
152222100010	铁路社区居委会	121.473260	45.060512	0	25	70	乡镇
152222201204	三家子嘎查	121.961570	45.100872	0	30	100	UNKNOWN
152223101215	黑山村委会	122.487690	47.241790	0	25	70	乡镇
152223205203	两家子嘎查委会	123.469024	46.896596	1	80	97	UNKNOWN
152202103203	明水村	120.811680	46.713970	0	30	100	村庄
152223100238	玛尔吐嘎查委会	122.612273	46.699869	1	80	97	UNKNOWN
152223102205	团发村委会	122.540919	46.537350	0	25	47	乡镇
152224100008	华丰居委会	121.585730	45.374860	0	25	70	乡镇
152222201212	赛音温都热嘎查	121.927747	45.165374	1	80	100	UNKNOWN
152222100006	满都拉社区居委会	121.473260	45.060512	0	25	70	乡镇
152222105204	花灯嘎查	122.048260	44.428729	1	75	100	UNKNOWN
152202100205	柴河村委会	120.431206	47.415130	0	14	37	乡镇
152221401504	第三生产队	121.223080	46.709599	1	80	97	UNKNOWN
152223101203	新立村委会	122.384279	47.249162	0	30	72	村庄
152223104001	查干宝力高社区居委会	122.492120	47.057120	0	25	55	乡镇
152222202202	海力森嘎查	120.063430	45.622789	0	25	70	乡镇
152223102213	模范屯村委会	122.540919	46.537350	0	25	47	乡镇
152223100500	绰勒林场	122.719597	46.767946	0	50	82	UNKNOWN
152222205206	贵力斯台嘎查	122.012560	44.727081	0	25	70	乡镇
152222101210	翁根海拉苏嘎查	120.653789	45.488381	1	80	100	UNKNOWN
152201007005	山城路社区居委会	122.052200	46.087058	0	40	77	道路
152221102223	哈日根台嘎查	121.352240	46.587700	0	30	100	UNKNOWN
152224102218	明星村委会	121.731800	45.580820	0	30	72	村庄
152223201201	温都根嘎查委会	122.056000	46.907648	0	30	72	UNKNOWN
152222102200	乌兰哈达嘎查	120.745270	45.672818	0	30	100	UNKNOWN
152223405598	虚拟场部	122.451580	46.430450	1	80	97	UNKNOWN
152224101208	东平村委会	121.519231	45.586038	0	30	72	村庄
152221108205	双花村委会	121.710560	45.920329	0	25	70	乡镇
152222203203	兴隆屯嘎查	121.416760	45.409810	0	30	100	UNKNOWN
152221203220	马鞍村委会	121.958000	46.076800	0	10	43	区县
152223100202	东风村委会	122.485350	47.166620	0	30	72	村庄
152221400505	第六生产队	122.657410	46.340678	1	80	97	UNKNOWN
152222104205	义和道卜嘎查	121.933231	44.850318	0	30	100	UNKNOWN
152223107206	先锋村委会	123.276440	46.757620	0	30	72	村庄
152224100209	福胜村委会	121.585730	45.374860	0	25	47	乡镇
152202103002	西口社区居委会	120.811970	46.713450	0	25	55	乡镇
152222103201	靠山嘎查	121.247160	45.207532	0	30	100	UNKNOWN
152224101224	太和村委会	121.408990	45.528799	0	30	72	村庄
152221103222	三星村委会	121.380570	46.305079	0	25	70	乡镇
152201006004	赛罕社区居委会	122.048992	46.069645	1	80	100	政府机构
152222100211	海龙屯嘎查	121.449968	44.877408	1	80	100	UNKNOWN
152222204207	葛根敖日都嘎查	121.763884	44.598017	1	80	100	UNKNOWN
152221102219	前宝地嘎查	121.638171	46.456938	0	30	100	UNKNOWN
152223203206	图门嘎查委会	121.938770	46.807309	0	25	55	乡镇
152223107210	太阳升村委会	123.417442	46.799558	0	14	64	乡镇
152222103217	双山嘎查	121.296226	45.164285	1	80	100	UNKNOWN
152201005002	钢花社区居委会	122.054365	46.058672	1	80	95	地产小区
152201401506	第七生产队	122.346812	46.154629	0	16	65	乡镇
152221101209	吉拉斯台嘎查	120.952999	46.684140	0	30	100	UNKNOWN
152224101232	和兴村委会	121.414630	45.667500	0	25	70	乡镇
152223101002	罕河社区居委会	122.487690	47.241790	0	25	70	乡镇
152223104200	阿尔本格勒嘎查委会	122.493210	47.057840	0	30	72	UNKNOWN
152222100207	伊和塔拉嘎查	121.205300	45.318119	0	30	100	UNKNOWN
152223103204	沙巴尔图嘎查委会	122.084692	46.711590	1	80	97	UNKNOWN
152221108213	白音村委会	121.710560	45.920329	0	25	47	乡镇
152224100248	兴隆村委会	121.585730	45.374860	0	25	55	乡镇
152224202220	新兴村委会	121.665620	45.405931	0	25	55	乡镇
152222203215	查干堡好嘎查	121.477000	45.060603	0	10	28	区县
152222102001	霍林郭勒社区居委会	120.898810	45.535709	0	25	55	乡镇
152202102202	牛汾台村委会	120.250576	46.869510	1	80	100	政府机构
152223204202	温都尔村委会	122.751639	46.932061	0	25	47	乡镇
152221400513	第十四生产队	122.657410	46.340678	1	80	97	UNKNOWN
152223100214	新立嘎查委会	122.820370	46.752520	0	30	72	UNKNOWN
152222200205	茫来嘎查	121.421800	45.202832	0	30	100	UNKNOWN
152222104213	老公司嘎查	121.746281	44.883909	0	30	100	UNKNOWN
152201002006	滨河社区居委会	122.093000	46.073000	0	14	46	区县
152221103214	太平村委会	121.380570	46.305079	0	25	70	乡镇
152224101212	先锋村委会	121.391220	45.644328	0	30	72	村庄
152201009001	天骄社区居委会	122.093000	46.073000	0	14	37	区县
152221100204	远华村委会	121.942630	46.070988	0	25	47	乡镇
152224102202	六合村委会	121.730620	45.619110	0	25	70	乡镇
152221107200	白音浩特嘎查	122.392230	46.343210	0	30	100	UNKNOWN
152221102002	好仁社区居委会	121.409807	46.505734	1	80	95	地产小区
152224105206	宝田村委会	121.171630	45.826369	0	25	70	乡镇
152201102201	建设村委会	122.093000	46.073000	0	14	37	区县
152224100004	康乐居委会	121.585730	45.374860	0	25	70	乡镇
152224201210	兴安堡村委会	121.836720	45.655640	0	30	72	村庄
152223102209	永发村委会	122.540919	46.537350	0	25	70	乡镇
152223100234	长发村委会	122.900000	46.722999	0	10	33	区县
152221203216	兴隆村委会	121.460920	46.054517	0	30	72	村庄
152222201208	哈日巴达嘎查	122.196150	45.217671	1	80	100	UNKNOWN
152222400510	哈日努拉分场	121.449574	44.968127	0	50	65	UNKNOWN
152221104210	协林扎拉嘎嘎查	121.736670	46.202870	0	25	55	乡镇
152224202200	曙光村委会	121.665640	45.405951	0	30	72	村庄
152221200206	阿拉坦敖都嘎查	121.242609	46.399040	0	30	100	UNKNOWN
152221102501	兴隆林场生活区	121.462156	46.520017	0	14	46	乡镇
152221203200	兴安村委会	121.669890	46.129690	0	30	72	村庄
152223100222	联合村委会	123.086680	46.702469	0	30	72	村庄
152224201206	十家子村委会	121.923960	45.629839	0	25	47	村庄
152224100012	团结居委会	121.585730	45.374860	0	25	70	乡镇
152224105210	宝乐村委会	121.171630	45.826369	0	25	47	乡镇
152202100209	天池村委会	120.420520	47.295440	0	25	70	乡镇
152222400506	八一分场一队	121.449574	44.968127	0	50	73	UNKNOWN
152222105208	好腰苏木嘎查	122.159870	44.320090	1	80	100	UNKNOWN
152201008201	红光村委会	122.028660	46.103880	1	80	97	政府机构
152224202216	东风村委会	121.732739	45.406191	0	30	72	村庄
152201101207	友谊嘎查	122.031285	46.096546	0	20	67	乡镇
152221401508	第七生产队	121.223080	46.709599	1	80	97	UNKNOWN
152221104206	巴汗浩特嘎查	120.797916	46.286813	1	80	93	UNKNOWN
152201103001	八里八社区居委会	122.093000	46.073000	0	14	37	区县
152224101204	红旗村委会	121.414630	45.667500	0	25	70	乡镇
152221103202	永胜村委会	121.275190	46.293848	0	30	72	村庄
152221204204	好力保嘎查	120.481370	45.971839	0	25	70	乡镇
152224102214	加拉嘎村委会	121.730620	45.619110	0	25	47	乡镇
152221105207	前进村委会	122.011080	46.049419	0	30	72	村庄
152221400509	第十生产队	122.657410	46.340678	1	80	97	UNKNOWN
152222104209	高林套海嘎查	121.666300	44.928051	0	30	100	UNKNOWN
152222402002	孟恩社区居委会	121.477000	45.060603	0	10	33	区县
152201103216	团结嘎查	121.906290	46.249130	0	30	100	UNKNOWN
152224104211	胜泉村委会	121.786479	45.487511	0	25	47	乡镇
152221108209	俄体村委会	121.710560	45.920329	0	25	47	乡镇
152224100252	东福村委会	121.540299	45.479521	0	30	72	村庄
152224200207	利民村委会	121.294030	45.669780	0	25	55	村庄
152221202201	拉斯嘎嘎查	120.877239	46.250050	0	30	100	UNKNOWN
152224101228	和宝村委会	121.414630	45.667500	0	25	47	乡镇
152223401001	佳安社区居委会	123.335789	46.714800	1	80	94	UNKNOWN
152221107001	富城社区居委会	122.394160	46.344080	0	25	55	乡镇
152221102203	白音宝力高嘎查	121.175430	46.372050	0	30	100	UNKNOWN
152224100205	城郊村委会	121.577050	45.379989	0	30	72	村庄
152223100035	金塔社区居委会	122.900000	46.722999	0	10	28	区县
152224103203	永长村委会	121.648240	45.796259	0	25	47	乡镇
152221101205	宝田嘎查	121.073529	46.570490	0	30	100	UNKNOWN
152221203001	兴安社区居委会	121.958000	46.076800	0	10	43	区县
152223100023	通海路社区居委会	122.895077	46.721240	1	80	100	政府机构
152221102215	东乌兰毛都嘎查	121.202630	46.393839	0	30	100	UNKNOWN
152223100218	保卫村委会	123.031620	46.632090	0	30	72	村庄
152201100210	胡力斯台嘎查	122.144199	46.176700	0	30	100	UNKNOWN
152221105211	西沟村委会	122.426946	45.946616	0	14	64	乡镇
152222200209	查干诺尔嘎查	121.684638	45.121594	1	80	100	UNKNOWN
152221202217	大窝堡村委会	121.039970	46.268058	0	25	47	乡镇
152224200211	常乐村委会	121.294030	45.669780	0	25	70	村庄
152223103208	浩斯台嘎查委会	122.277400	46.711930	0	30	72	UNKNOWN
152224100244	平原村委会	121.607939	45.295571	0	30	72	村庄
152224104207	光辉村委会	121.786479	45.487511	0	25	70	乡镇
152201103200	义勒力特嘎查	122.028629	46.172390	1	80	100	UNKNOWN
152221106201	前进嘎查	121.923480	46.396259	0	30	100	UNKNOWN
152221202216	复兴村委会	120.616361	46.037897	0	30	72	村庄
152223103209	满都拉图嘎查委会	122.361501	46.658344	1	80	97	UNKNOWN
152224100245	平川村委会	121.585730	45.374860	0	25	70	乡镇
152224200210	洪泉村委会	121.294030	45.669780	0	25	70	村庄
152201103201	新艾里嘎查	122.054820	46.115968	0	30	100	UNKNOWN
152224104206	联合村委会	121.895220	45.412370	0	30	72	村庄
152221106200	察尔森嘎查	121.927570	46.308198	0	30	100	UNKNOWN
152221103002	幸福社区居委会	121.380570	46.305079	0	25	70	乡镇
152223100219	巨宝村委会	122.900000	46.722999	0	10	33	区县
152223102224	冒山村委会	122.540919	46.537350	0	25	47	乡镇
152201100211	古城村委会	122.145659	46.068120	0	25	55	乡镇
152221105210	幸福路村委会	122.426946	45.946616	0	14	37	乡镇
152222200208	吉力化嘎查	121.700610	45.159690	0	30	100	UNKNOWN
152223100022	电力社区居委会	122.929383	46.730919	1	80	100	政府机构
152202004001	新区社区居委会	119.828182	47.284250	1	80	89	地产小区
152221102214	新宝力高嘎查	121.482039	46.626041	0	30	100	UNKNOWN
152224103202	永德村委会	121.648240	45.796259	0	25	47	乡镇
152221101204	联丰嘎查	121.254029	46.622330	0	30	100	UNKNOWN
152201008001	兴北社区居委会	122.028660	46.103880	1	80	95	政府机构
152221102202	宝力格图嘎查	121.039989	46.422439	1	80	100	UNKNOWN
152224100204	新生村委会	121.528830	45.402209	0	30	72	村庄
152223100034	十家户社区居委会	122.900000	46.722999	0	10	28	区县
152224101229	和安村委会	121.260950	45.533069	0	30	72	村庄
152224103214	哈拉沁村委会	121.648240	45.796259	0	25	47	乡镇
152223404202	白音化嘎查委会	121.824985	46.951627	1	70	88	UNKNOWN
152222102221	坤都冷嘎查	120.732830	45.371359	0	30	100	UNKNOWN
152222402003	兴安社区居委会	121.477000	45.060603	0	10	28	区县
152224104210	永泉村委会	121.940620	45.514959	0	30	72	村庄
152201103217	民合嘎查	122.093000	46.073000	0	14	37	区县
152224200206	大保村委会	121.294030	45.669780	0	25	70	村庄
152221108208	双胜村委会	121.765960	45.920569	0	30	72	村庄
152224100253	建国村委会	121.484940	45.443501	0	30	72	村庄
152221202200	海力森嘎查	121.061710	46.275331	0	30	100	UNKNOWN
152221105206	永兴村委会	121.997040	46.058248	0	30	72	村庄
152221100004	扎萨克图社区居委会	121.942630	46.070988	0	25	47	乡镇
152221400508	第九生产队	122.657410	46.340678	1	80	97	UNKNOWN
152222104208	新道卜嘎查	122.006642	44.853823	1	80	100	UNKNOWN
152221204205	桃合木嘎查	120.481370	45.971839	0	25	70	乡镇
152224102215	保安村委会	121.730620	45.619110	0	25	70	乡镇
152224101205	永繁村委会	121.414630	45.667500	0	25	47	乡镇
152221106001	洮儿河社区居委会	122.084787	46.083475	1	80	100	政府机构
152221103203	新福村委会	121.338431	46.260428	0	30	72	村庄
152202100208	金江沟村委会	120.291950	47.246781	0	30	58	村庄
152222400507	八一分场二队	121.449574	44.968127	0	50	73	UNKNOWN
152201008200	永联嘎查	122.028660	46.103880	1	80	97	政府机构
152224202217	前常村委会	121.665620	45.405931	0	25	70	乡镇
152201101206	白音哈达嘎查	122.234591	45.978517	1	75	100	UNKNOWN
152221104207	光荣嘎查一	121.878981	46.187578	0	30	72	UNKNOWN
152221203201	三合村委会	121.958000	46.076800	0	10	43	区县
152224201207	九福村委会	121.923960	45.629839	0	25	70	村庄
152223100223	金星村委会	123.039040	46.702951	0	30	72	村庄
152224100013	向阳居委会	121.585730	45.374860	0	25	70	乡镇
152224105211	东沟村委会	121.214110	45.871488	0	30	72	村庄
152202001002	天元社区居委会	119.950320	47.329897	0	18	49	乡镇
152222201209	准太本嘎查	122.138610	45.261731	1	80	100	UNKNOWN
152221104211	永安嘎查	121.837339	46.256090	0	30	100	UNKNOWN
152224202201	五星村委会	121.665620	45.405931	0	25	70	乡镇
152221200207	三岔嘎查	121.021180	46.473779	0	25	55	乡镇
152221107201	好田扎拉嘎嘎查	122.394160	46.344080	0	25	55	乡镇
152221102003	白音塔拉社区居委会	121.462156	46.520017	0	14	46	乡镇
152201102200	新华村委会	122.093000	46.073000	0	14	37	区县
152224105207	宝丰村委会	120.925910	45.794189	0	30	72	村庄
152224100005	民主居委会	121.585730	45.374860	0	25	70	乡镇
152223100235	乌鸦站村委会	123.126370	46.671449	0	30	58	村庄
152223102208	永合村委会	122.491550	46.497390	0	30	72	村庄
152224201211	龙门村委会	121.878230	45.646548	0	30	72	村庄
152221203217	保龙村委会	121.958000	46.076800	0	10	43	区县
152221100205	远景村委会	121.942630	46.070988	0	25	70	乡镇
152224102203	五一村委会	121.730620	45.619110	0	25	70	乡镇
152221103215	永合村委会	121.215940	46.215828	0	30	72	村庄
152224101213	钢铁村委会	121.414630	45.667500	0	25	70	乡镇
152221202001	海力森社区居委会	121.039970	46.268058	0	25	55	乡镇
152223204203	七家子村委会	122.751639	46.932061	0	25	70	乡镇
152221400512	第十三生产队	122.657410	46.340678	1	80	97	UNKNOWN
152223201001	阿古达木社区居委会	121.935560	46.941869	0	25	47	乡镇
152223100215	大岭村委会	122.900000	46.722999	0	10	33	区县
152222200204	海利金茫哈嘎查	121.543870	45.262511	0	30	100	UNKNOWN
152222104212	丰产嘎查	121.706760	44.888880	0	30	100	UNKNOWN
152201002007	南滨河社区居委会	122.093000	46.073000	0	14	37	区县
152223103205	丰屯嘎查委会	122.094780	46.780110	0	30	72	UNKNOWN
152221108212	永远村委会	121.710560	45.920329	0	25	70	乡镇
152224100249	东发村委会	121.585730	45.374860	0	25	70	乡镇
152222203214	巴扎拉嘎嘎查	121.110120	45.491680	0	30	100	UNKNOWN
152221101208	乌敦嘎查	121.049030	46.664110	0	30	100	UNKNOWN
152224101233	榆树沟村委会	121.414630	45.667500	0	25	70	乡镇
152223104201	农场嘎查委会	122.493210	47.057840	0	30	72	UNKNOWN
152222100206	西日道卜嘎查	121.477000	45.060603	0	10	25	区县
152221102218	后宝地嘎查	121.614769	46.497030	0	30	100	UNKNOWN
152223203207	乌兰毛都嘎查委会	121.938770	46.807309	0	25	55	乡镇
152223107211	宝泉村委会	123.417442	46.799558	0	14	64	乡镇
152222103216	西林化嘎查	121.172225	45.256898	1	80	100	UNKNOWN
152201005003	青松社区居委会	122.093000	46.073000	0	14	46	区县
152224101225	和胜村委会	121.397860	45.559558	0	30	72	村庄
152221103223	中兴村委会	121.380570	46.305079	0	25	70	乡镇
152201006005	天起社区居委会	122.093000	46.073000	0	14	46	区县
152222100210	草高吐嘎查	121.340990	44.928669	0	30	100	UNKNOWN
152222204206	呼木吉乐图嘎查	121.781234	44.719293	1	80	100	UNKNOWN
152222202501	哈日努拉防火站生活区	120.063430	45.622789	0	25	43	乡镇
152223107207	新胜村委会	123.254310	46.795938	0	30	72	村庄
152224100208	城关村委会	121.585730	45.374860	0	25	70	乡镇
152222103200	鲜光嘎查	121.295695	45.161443	1	80	100	UNKNOWN
152221203221	影背山村委会	121.958000	46.076800	0	10	43	区县
152223100203	一心村委会	122.900000	46.722999	0	10	33	区县
152223105001	宝日索格社区居委会	122.900000	46.722999	0	10	33	区县
152221400504	第五生产队	122.657410	46.340678	1	80	97	UNKNOWN
152222104204	化道卜嘎查	121.867591	44.866469	0	30	100	UNKNOWN
152221108204	全发村委会	121.710560	45.920329	0	25	47	乡镇
152201101226	金星村委会	122.031285	46.096546	0	20	50	乡镇
152201001001	万佳社区居委会	122.093000	46.073000	0	14	37	区县
152222203202	图列吐嘎查	121.307790	45.422011	0	30	100	UNKNOWN
152222102201	台吉艾勒嘎查	120.829600	45.678450	0	30	100	UNKNOWN
152224101209	向阳村委会	121.419480	45.627230	0	30	72	村庄
152223106206	青龙山嘎查委会	123.034930	46.132860	1	80	97	UNKNOWN
152222205207	巴彦塔拉嘎查	121.958260	44.727491	0	30	100	UNKNOWN
152223100501	西山林场	122.900000	46.722999	0	10	28	区县
152222101211	铁日很哈达嘎查	120.034257	46.058770	1	80	100	UNKNOWN
152201007004	胜洪社区居委会	122.093000	46.073000	0	14	37	区县
152221102222	馒头山嘎查	121.408210	46.574809	0	30	100	UNKNOWN
152223201200	巴彦哈达嘎查委会	121.989544	46.946796	1	80	97	UNKNOWN
152224102219	五四村委会	121.730620	45.619110	0	25	70	乡镇
152222202203	图什业图嘎查	120.063430	45.622789	0	25	70	乡镇
152223102212	巨力河村委会	122.540919	46.537350	0	25	43	乡镇
152222100007	呼格吉勒社区居委会	121.473260	45.060512	0	25	70	乡镇
152222105205	查申套卜嘎查	122.088070	44.301822	1	80	100	UNKNOWN
152202100204	南沟村委会	120.420520	47.295440	0	25	55	乡镇
152221401505	第四生产队	121.223080	46.709599	1	80	97	UNKNOWN
152223101202	新发村委会	122.476660	47.206139	0	30	72	村庄
152202103202	明水河镇好森沟村	120.811970	46.713450	0	25	70	乡镇
152222103001	敖日格乐社区居委会	121.059482	45.218669	0	14	46	乡镇
152223102204	常胜村委会	122.540919	46.537350	0	25	70	乡镇
152223100239	其格吐嘎查委会	122.461747	46.795383	1	80	97	UNKNOWN
152224100009	利民居委会	121.585730	45.374860	0	25	70	乡镇
152201003006	华融社区居委会	122.093000	46.073000	0	14	37	区县
152222100011	布敦化社区居委会	121.477000	45.060603	0	10	25	区县
152222201205	哈巴斯台嘎查	121.857642	45.100577	1	80	100	UNKNOWN
152223101214	东风村委会	122.485350	47.166620	0	30	72	村庄
152222100504	翰嘎利水库生活区	121.477000	45.060603	0	10	25	区县
152201004002	安居社区居委会	122.093000	46.073000	0	14	46	区县
152223202206	金山嘎查委会	122.024580	46.491551	0	30	72	UNKNOWN
152221103219	保门村委会	121.346155	46.190631	1	80	95	UNKNOWN
152222101207	宝日根嘎查	120.462690	45.555741	0	30	100	UNKNOWN
152223105200	巴达尔胡嘎查委会	122.900000	46.722999	0	10	23	区县
152224100232	新发村委会	121.484249	45.393871	0	30	72	村庄
152221100209	柳树川村委会	121.942630	46.070988	0	25	47	乡镇
152222100221	罕乌拉嘎查	121.353119	45.117856	1	80	100	UNKNOWN
152221103212	平安村委会	121.380690	46.355519	0	30	72	村庄
152224101214	共合村委会	121.326023	45.623696	0	30	72	村庄
152221100202	远大村委会	121.958000	46.076800	0	10	25	区县
152224102204	杜荣村委会	121.730620	45.619110	0	25	47	乡镇
152224100239	黎明村委会	121.533960	45.323381	0	30	72	村庄
152201100001	哈达社区居委会	122.145659	46.068120	0	25	55	乡镇
152223100232	兴隆村委会	122.979456	46.611506	1	80	100	政府机构
152221203210	小城子村委会	121.958000	46.076800	0	10	43	区县
152221107206	古恩宝力高嘎查	122.394160	46.344080	0	25	47	乡镇
152224100002	建设居委会	121.585730	45.374860	0	25	70	乡镇
152224105200	宝石村委会	121.164326	45.825023	0	30	72	村庄
152224202206	前青山村委会	121.665620	45.405931	0	25	70	乡镇
152221200200	满族屯嘎查	121.021280	46.472679	0	30	100	UNKNOWN
152221104216	居力合嘎查	121.580811	46.386198	0	30	100	UNKNOWN
152201101217	朝阳村委会	122.031285	46.096546	0	20	50	乡镇
152223205209	三家子村	122.735020	46.986251	0	30	100	村庄
152221107210	白音塔拉嘎查	122.429090	46.344299	0	30	100	UNKNOWN
152221203206	新发村委会	121.763460	46.092938	0	30	72	村庄
152223102219	兴胜村委会	122.540919	46.537350	0	25	70	乡镇
152223100224	解放村委会	123.031430	46.702560	0	30	72	村庄
152224201200	九龙村委会	121.923960	45.629839	0	25	70	村庄
152222400500	一队	121.449574	44.968127	0	50	73	UNKNOWN
152201101201	白音塔拉嘎查	122.031285	46.096546	0	20	67	乡镇
152221104200	归流河村委会	121.736670	46.202870	0	25	47	乡镇
152224202210	马吉拉湖村委会	121.665620	45.405931	0	25	47	乡镇
152223101209	尖山村委会	122.595490	47.123049	0	30	72	村庄
152224101202	兴安村委会	121.510250	45.662988	0	30	72	村庄
152221103204	前锋村委会	121.379740	46.254919	0	30	72	村庄
152224102212	和平村委会	121.633691	45.602458	0	30	72	村庄
152221204202	合力木嘎查	120.481370	45.971839	0	25	70	乡镇
152223100208	兴华嘎查委会	122.709791	46.815639	0	30	72	UNKNOWN
152221100003	碧桂园居委会	121.942630	46.070988	0	25	70	乡镇
152201100200	合特嘎查	122.264599	46.081820	0	30	100	UNKNOWN
152222401501	二队	120.561376	45.713939	0	16	65	乡镇
152201009206	联军村委会	122.093000	46.073000	0	14	32	区县
152224100254	东录村委会	121.585730	45.374860	0	25	43	乡镇
152224200201	三合村委会	121.294030	45.669780	0	25	70	村庄
152221202207	混都冷嘎查	121.131540	46.285490	0	30	100	UNKNOWN
152221106211	宝日胡硕嘎查	121.795500	46.452940	0	30	100	UNKNOWN
152222203209	霍林嘎查	121.047340	45.523829	0	30	100	UNKNOWN
152221200001	特布台社区居委会	121.021180	46.473779	0	25	55	乡镇
152224103213	杜兴村委会	121.648240	45.796259	0	25	47	乡镇
152222102226	毛盖吐嘎查	120.839020	45.451590	0	30	100	UNKNOWN
152223100033	绰勒社区居委会	122.719597	46.767946	0	50	82	UNKNOWN
152221102205	西乌兰毛都嘎查	121.462156	46.520017	0	14	46	乡镇
152224100203	工农村委会	121.577050	45.379989	0	30	72	村庄
152224105001	宝石居委会	121.171630	45.826369	0	25	70	乡镇
152224103205	永乐村委会	121.613139	45.883700	0	30	72	村庄
152221101203	联胜嘎查	121.236820	46.617760	0	30	100	UNKNOWN
152221104001	光明社区居委会	121.736670	46.202870	0	25	70	乡镇
152221102213	太平山嘎查	121.675560	46.651060	0	30	100	UNKNOWN
152223100025	东升社区居委会	122.909389	46.740050	1	80	100	政府机构
152223402001	佳兰社区居委会	122.900000	46.722999	0	10	43	区县
152223204208	丰产村委会	122.751639	46.932061	0	25	70	乡镇
152201100216	东苏嘎查	122.050190	46.186318	0	30	100	UNKNOWN
152202003002	河滨社区居委会	119.943940	47.174770	0	25	70	乡镇
152221105217	靠山村委会	122.094319	46.031009	0	30	72	村庄
152221201201	萨仁台嘎查	121.562700	46.959900	0	30	47	地产小区
152223102223	二龙山村委会	122.540919	46.537350	0	25	70	乡镇
152222104219	赛罕道卜嘎查	121.748500	44.822679	0	30	100	UNKNOWN
152224104201	兴胜村委会	121.786479	45.487511	0	25	70	乡镇
152201103206	东包达力干嘎查	122.093000	46.073000	0	14	27	区县
152221106207	永兴嘎查	121.975540	46.462540	0	30	100	UNKNOWN
152221202211	树木沟村委会	120.823360	46.120080	0	30	58	村庄
152224100242	平新村委会	121.596700	45.272642	0	30	72	地产小区
152223406598	虚拟场部	122.461239	46.753693	0	16	65	乡镇
152222104002	二街社区居委会	121.823730	44.887749	0	25	70	乡镇
152222101200	达巴音扎拉嘎嘎查	120.254923	45.728378	1	80	100	UNKNOWN
152221405500	绿水村	120.173137	46.565970	0	14	64	乡镇
152224100235	大营子村委会	121.455270	45.390929	0	30	72	村庄
152224102208	杜胜村委会	121.730620	45.619110	0	25	47	乡镇
152223105207	依力特嘎查委会	122.372630	46.947880	0	30	72	UNKNOWN
152222200501	代钦塔拉林场	121.563400	45.244580	1	80	100	UNKNOWN
152201004005	新桥社区居委会	122.093000	46.073000	0	14	46	区县
152222102210	哈日哈达嘎查	120.949550	45.545791	0	30	100	UNKNOWN
152224101218	巨力村委会	121.414630	45.667500	0	25	47	乡镇
152223202201	扎格斯台嘎查委会	122.081039	46.492721	0	25	55	村庄
152221108002	白辛社区居委会	121.710560	45.920329	0	25	55	乡镇
152222201202	界力伯嘎查	121.889050	45.023722	0	30	100	UNKNOWN
152201003001	富民社区居委会	122.093000	46.073000	0	14	46	区县
152222100503	良种繁殖场	121.473260	45.060512	0	25	70	乡镇
152223205205	哈日太来嘎查委会	123.593456	46.705077	1	80	97	UNKNOWN
152223101213	罕达罕村委会	122.487690	47.241790	0	25	47	乡镇
152223107001	好望社区居委会	123.417442	46.799558	0	14	64	乡镇
152223102203	永胜村委会	122.540919	46.537350	0	25	55	乡镇
152222105202	召沙嘎查	122.050950	44.514989	1	80	100	UNKNOWN
152202100203	兴安村委会	120.420520	47.295440	0	25	55	乡镇
152223101205	山林村委会	122.287431	47.205980	0	30	72	村庄
152221401502	第一生产队	121.223080	46.709599	1	80	97	UNKNOWN
152222202204	布里亚特嘎查	120.063430	45.622789	0	25	70	乡镇
152223100228	金山村委会	123.013180	46.594448	0	30	72	村庄
152223102215	水泉村委会	122.540919	46.537350	0	25	55	乡镇
152223203001	巴彦套海社区居委会	121.938770	46.807309	0	25	55	乡镇
152201007003	一环翠社区居委会	122.093000	46.073000	0	14	46	区县
152222205200	查干淖尔嘎查	122.012560	44.727081	0	25	70	乡镇
152223105211	查干居日和嘎查委会	122.214820	46.782970	0	30	72	UNKNOWN
152223201207	额尔图嘎查委会	121.771790	47.032471	0	30	72	UNKNOWN
152222102206	博根扎拉嘎嘎查	120.830179	45.571360	0	30	100	UNKNOWN
152223106201	乌雅嘎查委会	123.049479	46.247400	1	80	97	UNKNOWN
152221103208	呼和哈达村委会	121.238050	46.323440	0	50	73	UNKNOWN
152201101221	卫星村委会	122.031285	46.096546	0	20	50	乡镇
152221104220	宝华吐嘎查	121.736670	46.202870	0	25	55	乡镇
152224100258	创业村委会	121.585730	45.374860	0	25	55	乡镇
152221108203	景阳村委会	121.710560	45.920329	0	25	70	乡镇
152222203205	吴龙宝嘎查	121.477000	45.060603	0	10	23	区县
152221400503	第四生产队	122.657410	46.340678	1	80	97	UNKNOWN
152221203226	民泉村委会	121.958000	46.076800	0	10	28	区县
152223100204	红卫村委会	122.938490	46.684110	0	30	72	村庄
152222104203	呼和道卜嘎查	121.885420	44.872549	0	30	100	UNKNOWN
152222101001	阿木古楞社区居委会	120.594020	45.554480	0	25	55	乡镇
152221102209	代合嘎查	121.545989	46.447560	0	30	100	UNKNOWN
152223107200	太平山村委会	123.417442	46.799558	0	14	64	乡镇
152223102002	二龙山社区居委会	122.540919	46.537350	0	25	55	乡镇
152222103207	楚胡尔吐嘎查	121.097991	45.224936	1	80	100	UNKNOWN
152224101222	合心村委会	121.410750	45.723579	0	30	72	村庄
152221103224	保兴村委会	121.321350	46.159319	0	30	72	村庄
152223104210	白辛嘎查委会	122.492120	47.057120	0	25	55	乡镇
152222204201	敖力伯嘎查	121.762750	44.598189	0	25	70	乡镇
152201006002	腾飞社区居委会	122.093000	46.073000	0	14	32	区县
152222100217	杜热本格热嘎查	121.097280	45.019521	0	30	100	UNKNOWN
152223100029	乌兰社区居委会	122.900000	46.722999	0	10	33	区县
152223107216	红星村委会	123.191430	46.616368	0	30	72	村庄
152223203200	阿拉达尔吐嘎查委会	121.937850	46.805639	0	30	72	UNKNOWN
152222103211	达日罕嘎查	121.017080	45.353530	0	30	100	UNKNOWN
152201005004	矿泉社区居委会	122.053806	46.057804	1	80	100	政府机构
152223104206	海力斯台嘎查委会	122.426690	47.022119	0	30	72	UNKNOWN
152201401500	第一生产队	122.346812	46.154629	0	16	65	乡镇
152221404501	第二生产队	122.055891	46.217430	0	18	66	UNKNOWN
152224103209	巨有村委会	121.648240	45.796259	0	25	47	乡镇
152222100201	窑艾勒嘎查	121.448301	45.077831	0	30	100	UNKNOWN
152223103202	诺勒嘎查委会	122.003540	46.654039	0	30	72	UNKNOWN
152222203213	甲哈达嘎查	121.195989	45.477570	0	30	100	UNKNOWN
152223100212	前进嘎查委会	122.837859	46.771416	1	80	97	UNKNOWN
152221203230	保安村委会	121.515801	46.085088	0	30	72	村庄
152223204204	全胜村委会	122.751639	46.932061	0	25	70	乡镇
152222104215	金祥嘎查	121.800570	44.876570	0	30	100	UNKNOWN
152222200203	四海嘎查	121.489730	45.332041	0	30	100	UNKNOWN
152223100213	鲜光嘎查委会	122.727480	46.769610	0	30	72	UNKNOWN
152221203231	勤发村委会	121.958000	46.076800	0	10	28	区县
152223204205	三家子村委会	122.751639	46.932061	0	25	70	乡镇
152221400514	第十五生产队	122.657410	46.340678	1	80	97	UNKNOWN
152222104214	蒙兴嘎查	121.769370	44.904599	0	30	100	UNKNOWN
152201002001	红云社区居委会	122.093000	46.073000	0	14	37	区县
152222200202	道仑毛杜嘎查	121.477000	45.060603	0	10	33	区县
152223106001	百灵社区居委会	122.956248	46.242448	0	14	64	乡镇
152223103203	查干珠日和嘎查委会	122.057950	46.676848	0	30	72	UNKNOWN
152221403504	第三生产队	120.756800	46.125049	1	80	100	政府机构
152222203212	敖扎拉嘎嘎查	121.152000	45.565058	0	30	100	UNKNOWN
152222201501	种畜场	121.781700	45.043193	0	25	70	乡镇
152223104207	巴彦套海嘎查委会	122.492120	47.057120	0	25	55	乡镇
152201401501	第二生产队	122.346812	46.154629	0	16	65	乡镇
152224103208	四家子村委会	121.648240	45.796259	0	25	70	乡镇
152221404500	第一生产队	122.055891	46.217430	0	18	66	UNKNOWN
152222100200	莫勒黑哈达嘎查	121.434080	45.047603	0	30	100	UNKNOWN
152223100028	建设社区居委会	122.907896	46.727764	1	80	100	政府机构
152223107217	五道河村委会	123.417442	46.799558	0	14	64	乡镇
152223203201	巴雅嘎查委会	121.987680	46.851169	0	30	72	UNKNOWN
152222103210	德勒图乌苏嘎查	120.895059	45.303281	0	30	100	UNKNOWN
152224101223	大屯村委会	121.401421	45.739488	0	30	72	村庄
152222105501	好腰苏木林场	122.063980	44.432710	1	80	100	UNKNOWN
152221103225	建华村委会	121.388580	46.175228	0	30	72	村庄
152222204200	大茫哈嘎查	121.762750	44.598189	0	25	70	乡镇
152201006003	建兴社区居委会	122.093000	46.073000	0	14	37	区县
152222100216	乌逊嘎查	121.252810	44.976231	0	30	100	UNKNOWN
152221102208	查干嘎查	121.456390	46.468868	0	30	100	UNKNOWN
152223107201	黎明村委会	123.243800	46.720409	0	30	72	村庄
152222103206	乌兰化嘎查	121.004360	45.137283	0	30	100	UNKNOWN
152221400502	第三生产队	122.657410	46.340678	1	80	97	UNKNOWN
152221203227	民生村委会	121.684340	46.197858	0	30	72	村庄
152223100205	光明村委会	122.903290	46.719289	0	30	72	村庄
152222104202	好力保召嘎查	121.839050	44.856214	1	80	100	UNKNOWN
152223202001	奈吉纳社区居委会	122.081039	46.492721	0	25	70	村庄
152201101220	新民村委会	122.031285	46.096546	0	20	50	乡镇
152221104221	乌兰嘎查	121.717020	46.324150	0	30	100	UNKNOWN
152224100259	长安村委会	121.510930	45.440079	0	30	72	村庄
152221108202	义新村委会	121.710560	45.920329	0	25	70	乡镇
152222203204	新丰嘎查	121.267761	45.478759	0	30	100	UNKNOWN
152222102207	阿贵扎拉嘎嘎查	121.017620	45.602300	0	30	100	UNKNOWN
152223106200	靠山嘎查委会	122.964480	46.336398	0	30	72	UNKNOWN
152221103209	阿林村委会	121.380570	46.305079	0	25	47	乡镇
152201007002	代钦社区居委会	122.093000	46.073000	0	14	46	区县
152222205201	巴力珠尔嘎查	122.012560	44.727081	0	25	70	乡镇
152223105210	德发嘎查委会	122.900000	46.722999	0	10	33	区县
152223201206	玛拉图嘎查委会	121.967820	46.966070	1	80	97	UNKNOWN
152222202205	哲日格勒代嘎查	120.063430	45.622789	0	25	70	乡镇
152223102214	长山村委会	122.540919	46.537350	0	25	55	乡镇
152223100229	青山村委会	122.998720	46.523550	0	30	72	村庄
152222105203	伊和呼热嘎查	121.959109	44.458871	0	30	100	UNKNOWN
152222100001	图什业图社区居委会	121.477000	45.060603	0	10	33	区县
152202100202	杜拉尔村委会	119.849962	47.291314	1	80	100	政府机构
152223101204	育林村委会	122.359460	47.243669	0	30	72	村庄
152221401503	第二生产队	121.223080	46.709599	1	80	97	UNKNOWN
152202103204	西口村	120.811970	46.713450	0	25	70	乡镇
152223102202	二龙涛村委会	122.540919	46.537350	0	25	43	乡镇
152222201203	贝子府嘎查	121.887570	45.059051	0	30	100	UNKNOWN
152223205204	新民嘎查委会	123.309080	46.981309	0	30	72	UNKNOWN
152222100502	草籽繁殖场	121.473260	45.060512	0	25	70	乡镇
152223101212	太平村委会	122.487690	47.241790	0	25	70	乡镇
152201004004	曙光社区居委会	122.093000	46.073000	0	14	46	区县
152222102211	元宝屯嘎查	120.933160	45.547920	0	30	100	UNKNOWN
152223202200	宝力根花嘎查委会	122.079049	46.491760	0	30	72	UNKNOWN
152224101219	巨昌村委会	121.414630	45.667500	0	25	47	乡镇
152222104003	三街社区居委会	121.823730	44.887749	0	25	70	乡镇
152222101201	索根嘎查	120.367650	45.585818	0	30	100	UNKNOWN
152224102209	幸福村委会	121.650090	45.665759	0	30	72	村庄
152224100234	溪柳村委会	121.585730	45.374860	0	25	70	乡镇
152221405501	哈日白辛村	120.173137	46.565970	0	14	46	乡镇
152223201210	吉日嘎代嘎查委会	121.967493	47.162785	1	80	97	UNKNOWN
152223105206	三宝山嘎查委会	122.421501	46.924614	1	80	97	UNKNOWN
152224101002	文明居委会	121.414630	45.667500	0	25	70	乡镇
152201103207	东白音胡硕嘎查	122.093000	46.073000	0	14	32	区县
152224104200	水泉村委会	121.780449	45.486750	0	30	72	村庄
152221106206	白音扎拉嘎嘎查	121.955990	46.401840	0	30	100	UNKNOWN
152221202210	翁胡拉嘎查	120.987620	46.279348	0	30	100	UNKNOWN
152224100243	常青村委会	121.585730	45.374860	0	25	70	乡镇
152223204209	水田村委会	122.751639	46.932061	0	25	55	乡镇
152221105216	巨心村委会	122.426946	45.946616	0	14	37	乡镇
152221201200	勿布林嘎查	120.722767	46.320352	1	80	100	UNKNOWN
152223102222	建设村委会	122.540919	46.537350	0	25	55	乡镇
152222104218	赛罕塔拉嘎查	121.437140	44.801400	0	30	100	UNKNOWN
152221102212	白音套海嘎查	121.643660	46.573098	0	30	100	UNKNOWN
152223100024	繁荣社区居委会	122.900000	46.722999	0	10	33	区县
152224103204	永安村委会	121.613400	45.854370	0	30	72	村庄
152201101001	哈达那拉居委会	122.031285	46.096546	0	20	41	乡镇
152221101202	联合嘎查	121.234120	46.603970	0	30	100	UNKNOWN
152201008007	王爷庙社区居委会	122.028660	46.103880	1	80	97	政府机构
152223100032	敖包社区居委会	122.900000	46.722999	0	10	28	区县
152221102204	巴日嘎森嘎查	121.958000	46.076800	0	10	33	区县
152224100202	南厢村委会	121.585730	45.374860	0	25	70	乡镇
152224103212	杜乐村委会	121.648240	45.796259	0	25	47	乡镇
152222102227	地宫化嘎查	120.655840	45.319700	0	30	100	UNKNOWN
152224200200	学田村委会	121.284950	45.665898	0	30	72	村庄
152224100255	三联村委会	121.585730	45.374860	0	25	70	乡镇
152221202206	西合力木嘎查	121.109460	46.226389	0	30	100	UNKNOWN
152221106210	呼合础鲁嘎查	121.927870	46.308168	0	25	70	乡镇
152201103211	太平嘎查	121.943530	46.226398	0	30	100	UNKNOWN
152222203208	巴彦敖包嘎查	120.999439	45.537120	0	30	100	UNKNOWN
152223100209	红旗嘎查委会	122.790390	46.815450	0	30	72	UNKNOWN
152221100002	科尔沁社区居委会	121.942630	46.070988	0	25	55	乡镇
152201100201	舍林嘎查	122.236471	46.060738	0	30	100	UNKNOWN
152222401500	一队	120.561376	45.713939	0	16	65	乡镇
152224102213	西山村委会	121.608900	45.610801	0	30	72	村庄
152221204203	照日格图嘎查	120.954250	46.354000	0	30	100	UNKNOWN
152221201001	勿布林社区居委会	121.562700	46.959900	0	30	47	地产小区
152224101203	中心村委会	121.535490	45.672330	0	30	72	村庄
152224104001	水泉村居委会	121.780449	45.486750	0	30	72	村庄
152221103205	东方红村委会	121.380570	46.305079	0	25	70	乡镇
152222400501	二队	121.449574	44.968127	0	50	73	UNKNOWN
152201101200	哈达那拉嘎查	122.031285	46.096546	0	20	67	乡镇
152221104201	查干础鲁嘎查	122.212375	46.780270	1	80	100	UNKNOWN
152223101208	保林村委会	122.248169	47.154267	0	30	72	村庄
152224202211	太本村委会	121.665620	45.405931	0	25	47	乡镇
152221107211	努布企嘎查	122.325430	46.323061	0	30	100	UNKNOWN
152221203207	中信村委会	121.958000	46.076800	0	10	43	区县
152224201201	莲花村委会	121.878002	45.620561	0	30	72	村庄
152223100225	永安村委会	123.074691	46.671928	0	30	72	村庄
152223102218	向阳村委会	122.540919	46.537350	0	25	55	乡镇
152224202207	白庙子村委会	121.721090	45.319681	0	30	72	村庄
152221200201	特布格日勒嘎查	121.136220	46.460040	0	30	100	UNKNOWN
152221104217	胡格吉勒嘎查	121.609154	46.430808	1	80	100	UNKNOWN
152202002002	森旺社区居委会	119.861192	47.294781	0	30	72	道路
152201101216	红星村委会	122.040440	46.077229	0	30	72	村庄
152223205208	杏花村委会	122.900000	46.722999	0	10	28	区县
152223100233	旭升村委会	122.900000	46.722999	0	10	33	区县
152221203211	玛呢吐村委会	121.958000	46.076800	0	10	28	区县
152221107207	图门嘎查	122.418220	46.239938	0	30	100	UNKNOWN
152224100003	光明居委会	121.585730	45.374860	0	25	70	乡镇
152224105201	查干楚鲁村委会	121.302169	45.234032	0	30	58	UNKNOWN
152221100203	大坝沟村委会	121.942630	46.070988	0	25	70	乡镇
152221105001	兴居社区居委会	122.426946	45.946616	0	14	64	乡镇
152224100238	永保村委会	121.585730	45.374860	0	25	47	乡镇
152224102205	裕民村委会	121.692871	45.664708	0	30	72	村庄
152222100220	查干敖瑞嘎查	121.350570	45.037782	0	30	100	UNKNOWN
152223403001	佳和社区居委会	123.446410	46.764460	0	30	58	UNKNOWN
152221103213	猛鹫山村委会	121.403530	46.406229	0	30	58	UNKNOWN
152224101215	双兴村委会	121.391070	45.685618	0	30	72	村庄
152221202213	新立村委会	120.789600	46.126898	0	30	72	村庄
152224100240	永胜村委会	121.521440	45.306389	0	30	72	村庄
152224200215	太平庄村委会	121.283800	45.718368	0	30	72	村庄
152224101001	繁荣居委会	121.414630	45.667500	0	25	70	乡镇
152201103204	幸福嘎查	122.016840	46.238600	0	30	100	UNKNOWN
152224104203	龙泉村委会	121.753220	45.448438	0	30	72	村庄
152221106205	水泉嘎查	121.767780	46.277019	0	30	100	UNKNOWN
152221204001	白音乌苏社区居委会	120.481370	45.971839	0	25	55	乡镇
152221201203	敖勒斯台嘎查	121.562700	46.959900	0	30	51	地产小区
152223102221	兴隆村委会	122.979456	46.611506	1	80	100	政府机构
152201100214	前公主陵嘎查	122.079610	46.174390	0	30	100	UNKNOWN
152221105215	红峰村委会	122.117061	45.992637	0	30	72	村庄
152224105500	老头山林场	121.050439	45.884734	1	80	100	UNKNOWN
152223100027	光明社区居委会	122.904510	46.717841	1	80	100	政府机构
152221102211	代钦嘎查	121.679610	46.488709	0	30	100	UNKNOWN
152224400598	场部虚拟	121.814903	45.609094	0	16	47	乡镇
152223104208	呼格吉勒图嘎查委会	122.208550	47.023921	0	30	72	UNKNOWN
152224103207	永巨村委会	121.648240	45.796259	0	25	47	乡镇
152221101201	联发嘎查	121.319870	46.573989	0	30	100	UNKNOWN
152222103209	雅玛图嘎查	120.895000	45.251591	0	30	100	UNKNOWN
152221102207	乌力根套海嘎查	121.416666	46.496271	1	80	100	UNKNOWN
152224100201	北厢村委会	121.585730	45.374860	0	25	43	乡镇
152223100031	源龙路社区居委会	122.900000	46.722999	0	10	28	区县
152222100219	巴彦温都尔嘎查	120.406230	45.691330	0	30	100	UNKNOWN
152222102224	赛罕化嘎查	120.785230	45.397949	0	30	100	UNKNOWN
152224103211	新力村委会	121.648240	45.796259	0	25	70	乡镇
152221106213	沙力根嘎查	121.707880	46.401649	0	30	100	UNKNOWN
152201103212	胜利嘎查	121.972310	46.221440	0	30	100	UNKNOWN
152224200203	河东村委会	121.304369	45.696460	0	30	72	村庄
152224100256	东合村委会	121.585730	45.374860	0	25	70	乡镇
152221202205	光明嘎查	121.022770	46.248288	0	30	100	UNKNOWN
152222401503	四队	120.561376	45.713939	0	16	65	乡镇
152221100001	兴科居委会	121.942630	46.070988	0	25	70	乡镇
152221105203	红发村委会	122.426946	45.946616	0	14	64	乡镇
152201100202	白音特布斯格嘎查	122.191360	46.010089	0	30	100	UNKNOWN
152221203228	民发村委会	121.958000	46.076800	0	10	28	区县
152221204200	乌审一合嘎查	120.481370	45.971839	0	25	47	乡镇
152221201002	乌兰河社区居委会	121.562700	46.959900	0	30	51	地产小区
152224102210	红光村委会	121.730620	45.619110	0	25	70	乡镇
152223201209	巴彦塔拉嘎查委会	121.660920	47.106652	0	30	72	UNKNOWN
152224101200	六户村委会	121.414630	45.667500	0	25	70	乡镇
152221103206	忙罕村委会	121.380570	46.305079	0	25	47	乡镇
152222102208	罕查干嘎查	120.961550	45.625639	0	30	100	UNKNOWN
152224202212	兴隆山村委会	121.665620	45.405931	0	25	70	乡镇
152201101203	阿古营子嘎查	122.031285	46.096546	0	20	67	乡镇
152221104202	乌兰尔格嘎查	121.581900	46.231688	0	30	100	UNKNOWN
152222400502	三队	121.449574	44.968127	0	50	73	UNKNOWN
152201008205	红联村委会	122.028660	46.103880	1	80	95	政府机构
152221203204	新立村委会	121.617000	46.090509	0	30	72	村庄
152224201202	新风村委会	121.827770	45.569769	0	30	72	村庄
152223100226	四合村委会	122.900000	46.722999	0	10	33	区县
152224105214	蛤蚂甲村委会	121.171630	45.826369	0	25	47	乡镇
152221107212	扎格斯台嘎查	122.338010	46.403199	0	30	100	UNKNOWN
152222104221	查干陶勒盖嘎查	121.626570	44.924009	0	30	100	UNKNOWN
152221104214	巴达仍贵嘎查	120.797916	46.286813	1	80	95	UNKNOWN
152202002001	和平社区居委会	119.884887	47.369556	0	14	64	乡镇
152201101215	向阳村委会	122.031285	46.096546	0	20	50	乡镇
152224202204	新龙村委会	121.626341	45.371839	0	30	72	村庄
152221200202	白音乌拉嘎查	121.091930	46.438128	0	30	100	UNKNOWN
152221107204	兴牧嘎查	122.202880	46.207660	0	30	100	UNKNOWN
152224105202	宝力村委会	121.171630	45.826369	0	25	47	乡镇
152223100230	丰源村委会	122.868419	46.554261	0	30	72	村庄
152221203212	共和村委会	121.703450	46.079368	0	30	72	村庄
152221100200	远征村委会	121.942630	46.070988	0	25	47	乡镇
152221105002	桥头社区居委会	122.426946	45.946616	0	14	64	乡镇
152224102206	太平村委会	121.730620	45.619110	0	25	70	乡镇
152201402498	乌兰浩特工业经济开发区虚拟社区	122.093000	46.073000	0	14	37	区县
152223105209	塔本毛都嘎查委会	122.900000	46.722999	0	10	33	区县
152221103210	勿布林村委会	121.380570	46.305079	0	25	43	乡镇
152224101216	双合村委会	121.346340	45.687218	0	30	72	村庄
152223403002	佳苑社区居委会	123.446410	46.764460	0	30	51	UNKNOWN
152222200201	温都日花嘎查	121.435909	45.359160	0	30	100	UNKNOWN
152222104217	新发嘎查	122.068120	44.849839	1	80	100	UNKNOWN
152221408598	农牧业园区虚拟生活区	121.958000	46.076800	0	10	22	区县
152201002002	红浦社区居委会	122.093000	46.073000	0	14	46	区县
152223204206	农场村委会	122.751639	46.932061	0	25	55	乡镇
152223100210	查干嘎查委会	122.833630	46.838588	0	30	72	UNKNOWN
152221203232	太安村委会	121.958000	46.076800	0	10	43	区县
152222203211	布拉格台嘎查	121.117609	45.525500	0	30	100	UNKNOWN
152221106209	振兴嘎查	121.886650	46.444309	0	30	100	UNKNOWN
152201103208	西白音胡硕嘎查	121.975679	46.258739	0	30	100	UNKNOWN
152223103200	哈日珠日和嘎查委会	121.939637	46.655857	1	80	97	UNKNOWN
152222105001	呼和努图嘎社区居委会	121.954367	44.534228	0	14	46	乡镇
152222100203	敖尼斯台嘎查	121.477000	45.060603	0	10	25	区县
152201401502	第三生产队	122.346812	46.154629	0	16	65	乡镇
152221404503	第四生产队	122.055891	46.217430	0	18	66	UNKNOWN
152223104204	希勒图嘎查委会	122.492120	47.057120	0	25	55	乡镇
152222103213	乌兰中嘎查	121.160555	45.307644	1	80	100	UNKNOWN
152223203202	巴音敖来嘎查委会	121.938770	46.807309	0	25	55	乡镇
152223107214	五家子村委会	123.417442	46.799558	0	14	64	乡镇
152222102228	新艾勒嘎查	120.718160	45.342650	0	30	100	UNKNOWN
152222100215	杜锡恩格热嘎查	121.264450	44.962019	0	30	100	UNKNOWN
152222204203	哈吐布其嘎查	121.762750	44.598189	0	25	70	乡镇
152224101220	巨合村委会	121.414630	45.667500	0	25	47	乡镇
152221103226	福安村委会	121.380570	46.305079	0	25	70	乡镇
152222103205	布拉根阿日嘎查	121.071903	45.145459	1	80	100	UNKNOWN
152223107202	包德福村委会	123.417442	46.799558	0	14	46	乡镇
152202101200	林俗村委会	120.103559	47.045691	0	25	47	乡镇
152222104201	东风嘎查	121.836040	44.880741	0	30	100	UNKNOWN
152222403498	虚拟铜矿社区居委会	121.449574	44.968127	0	50	65	UNKNOWN
152222101003	吉日嘎郎社区居委会	120.594020	45.554480	0	25	55	乡镇
152221203224	哈拉黑村委会	121.958000	46.076800	0	10	25	区县
152223100206	东升村委会	122.896771	46.630128	0	30	72	村庄
152223204210	宏发村委会	122.751639	46.932061	0	25	47	乡镇
152221400501	第二生产队	122.657410	46.340678	1	80	97	UNKNOWN
152201001004	洮儿河社区居委会	122.084787	46.083475	1	80	100	政府机构
152222203207	兴安嘎查	121.008589	45.558878	1	80	100	UNKNOWN
152221202209	沙布台嘎查	121.076550	46.339689	0	30	100	UNKNOWN
152221108201	全胜村委会	121.710560	45.920329	0	25	70	乡镇
152201101223	明星村委会	122.031285	46.096546	0	20	50	乡镇
152223106203	双合嘎查委会	122.856030	46.276060	0	30	72	UNKNOWN
152223103001	葛根敖包社区居委会	122.194380	47.024190	0	25	70	旅游景点
152222102204	巴仁巴彦乌兰嘎查	120.794981	45.510098	0	30	100	UNKNOWN
152223201205	巴音敖宝嘎查委会	121.939520	46.945212	1	80	97	UNKNOWN
152223105213	巴彦陶海嘎查委会	122.349671	46.790149	0	30	72	UNKNOWN
152222205202	联合嘎查	122.012560	44.727081	0	25	70	乡镇
152222101214	巴彦扎拉嘎嘎查	120.084163	45.990778	1	80	100	UNKNOWN
152201007001	天元社区居委会	122.093000	46.073000	0	14	37	区县
152223102217	古城村委会	122.540919	46.537350	0	25	55	乡镇
152221203208	中胜村委会	121.859650	46.157349	0	30	72	村庄
152222202206	呼和楚鲁嘎查	120.063430	45.622789	0	25	70	乡镇
152223107500	五家子农场	123.486110	46.714489	0	30	72	村庄
152221401500	良种场生产队	121.242439	46.702231	0	30	72	UNKNOWN
152223101207	营林村委会	122.155660	47.173041	0	30	72	村庄
152222105200	新艾勒嘎查	122.228981	44.420609	1	80	100	UNKNOWN
152222100002	伊和苏莫社区居委会	121.477000	45.060603	0	10	25	区县
152202100201	伊尔施村委会	119.852560	47.291886	0	50	73	UNKNOWN
152223102201	胜利村委会	122.585720	46.540179	0	30	72	村庄
152221107208	苏木吐嘎查	122.510479	46.308720	0	30	100	UNKNOWN
152224100260	东胜村委会	121.585730	45.374860	0	25	70	乡镇
152223101211	河南村委会	122.648110	47.017939	0	30	72	村庄
152224202208	四海村委会	121.665620	45.405931	0	25	70	乡镇
152223205207	乌日和其村委会	122.900000	46.722999	0	10	23	区县
152201101219	五丰村委会	122.031285	46.096546	0	20	67	乡镇
152222100501	义和塔拉林场	121.473260	45.060512	0	25	47	乡镇
152221104218	齐心嘎查	121.582100	46.331598	0	30	100	UNKNOWN
152201003003	顺达社区居委会	122.093000	46.073000	0	14	46	区县
152222201200	新佳木嘎查	121.781730	45.042153	0	30	100	UNKNOWN
152223202203	新艾里嘎查委会	122.095232	46.517689	1	80	97	UNKNOWN
152223105205	居日很扎拉嘎嘎查委会	122.900000	46.722999	0	10	33	区县
152224100237	立新村委会	121.585730	45.374860	0	25	70	乡镇
152202101001	白桦林社区居委会	120.103559	47.045691	0	25	55	乡镇
152222101202	德日苏布拉格嘎查	120.530329	45.530500	0	30	100	UNKNOWN
152223105204	乌兰格日勒嘎查委会	122.562789	46.873691	0	30	72	UNKNOWN
152224100236	红卫村委会	121.477120	45.377651	0	30	72	村庄
152222104001	一街社区居委会	121.823730	44.887749	0	25	70	乡镇
152222101203	好力特格嘎查	120.693060	45.530390	0	30	100	UNKNOWN
152221108001	兴安社区居委会	121.710560	45.920329	0	25	70	乡镇
152223202202	永发嘎查委会	122.142290	46.499361	0	30	72	UNKNOWN
152224202209	东升村委会	121.665620	45.405931	0	25	55	乡镇
152223101210	三河村委会	122.487690	47.241790	0	25	70	乡镇
152224100261	东城村委会	121.585730	45.374860	0	25	55	乡镇
152222100500	红星林场	121.473260	45.060512	0	25	70	乡镇
152223205206	乌兰村委会	123.517060	46.766530	0	30	72	村庄
152201101218	和平村委会	122.031285	46.096546	0	20	50	乡镇
152221104219	满达胡嘎查	121.700320	46.361438	0	30	100	UNKNOWN
152201003002	爱民社区居委会	122.093000	46.073000	0	14	46	区县
152222201201	浩力保嘎查	121.738680	44.942650	0	30	100	UNKNOWN
152223107002	佳和社区居委会	123.417442	46.799558	0	14	64	乡镇
152223102200	巴彦高勒村委会	122.524459	46.531492	0	50	73	UNKNOWN
152221107209	额尔敦嘎查	122.483830	46.349408	0	30	100	UNKNOWN
152221401501	工副业生产队	121.223080	46.709599	1	80	95	UNKNOWN
152223205210	都尔本新嘎查委会	123.451310	46.798830	0	30	72	UNKNOWN
152223101206	护林村委会	122.487690	47.241790	0	25	47	乡镇
152222105201	东巴彦套海嘎查	121.756915	45.094009	1	80	100	UNKNOWN
152222100003	罕乌拉社区居委会	121.473260	45.060512	0	25	70	乡镇
152202100200	阿尔山村委会	120.420520	47.295440	0	25	55	乡镇
152223102216	前进村委会	122.540919	46.537350	0	25	55	乡镇
152221203209	中安村委会	121.736600	46.180399	0	30	72	村庄
152222202207	德布特日达巴嘎查	120.063430	45.622789	0	25	70	乡镇
152223201204	敖宝图嘎查委会	122.131219	46.810327	1	80	97	UNKNOWN
152223105212	前德门嘎查委会	122.270380	46.756541	0	30	72	UNKNOWN
152222205203	哈吞乃苏莫嘎查	122.057581	44.696739	1	80	100	UNKNOWN
152222101215	额布根乌拉嘎查	120.171410	45.926870	0	30	100	UNKNOWN
152223106202	图牧吉嘎查委会	123.013611	46.286308	1	75	95	UNKNOWN
152222102205	准巴彦乌兰嘎查	120.815805	45.524830	1	80	100	UNKNOWN
152222203206	拉拉屯嘎查	121.381427	45.438732	1	80	100	UNKNOWN
152221202208	好田嘎查	121.039970	46.268058	0	25	70	乡镇
152221108200	兴安村委会	121.710560	45.920329	0	25	55	乡镇
152201101222	国光村委会	122.031285	46.096546	0	20	67	乡镇
152202101201	鹿村委会	120.103559	47.045691	0	25	47	乡镇
152222104200	国光嘎查	121.821420	44.894829	0	30	100	UNKNOWN
152222101002	呼斯楞社区居委会	121.477000	45.060603	0	10	23	区县
152221203225	幸福村委会	121.545929	46.223000	0	30	72	村庄
152223100207	茂力格尔嘎查委会	122.714650	46.769609	0	30	72	UNKNOWN
152221400500	第一生产队	122.657410	46.340678	1	80	97	UNKNOWN
152222103204	宝根吉如和嘎查	121.051150	45.109402	0	30	100	UNKNOWN
152223107203	好力保村委会	123.417442	46.799558	0	14	64	乡镇
152223102001	巴彦社区居委会	122.540919	46.537350	0	25	70	乡镇
152201006001	裕环社区居委会	122.093000	46.073000	0	14	46	区县
152222100214	西日嘎嘎查	121.477000	45.060603	0	10	23	区县
152222204202	义勒力特嘎查	121.762750	44.598189	0	25	70	乡镇
152224101221	巨兴村委会	121.414630	45.667500	0	25	47	乡镇
152221103227	保锋村委会	121.380570	46.305079	0	25	47	乡镇
152222103212	乌苏台扎拉嘎嘎查	121.035908	45.410549	1	80	100	UNKNOWN
152223203203	哈日乌拉嘎查委会	121.990831	46.787679	0	30	72	UNKNOWN
152223107215	边沁巴拉村委会	123.417442	46.799558	0	14	37	乡镇
152222100202	王鲁嘎查	121.501860	45.052091	0	30	100	UNKNOWN
152202100001	天池社区居委会	120.420520	47.295440	0	25	70	乡镇
152201401503	第四生产队	122.346812	46.154629	0	16	65	乡镇
152221404502	第三生产队	122.055891	46.217430	0	18	66	UNKNOWN
152223104205	珠日根嘎查委会	122.492120	47.057120	0	25	47	乡镇
152222203210	车家营子嘎查	121.074410	45.512970	0	30	100	UNKNOWN
152221106208	爱国嘎查	121.898250	46.479680	0	30	100	UNKNOWN
152201103209	民生嘎查	121.927121	46.245038	0	30	100	UNKNOWN
152223103201	查干木仁嘎查委会	121.998072	46.594765	1	80	97	UNKNOWN
152222200200	乌兰额日格嘎查	121.413940	45.331141	0	30	100	UNKNOWN
152222104216	道仑淖尔嘎查	121.993230	44.793798	0	30	100	UNKNOWN
152201002003	红仁社区居委会	122.093000	46.073000	0	14	46	区县
152223204207	兴隆村委会	122.751639	46.932061	0	25	55	乡镇
152223100211	全吉嘎查委会	122.750869	46.797621	0	30	72	UNKNOWN
152221203233	新胜村委会	121.480699	46.141390	0	30	72	村庄
152221103211	白音础鲁村委会	121.310180	46.408531	0	30	58	UNKNOWN
152224101217	永祥村委会	121.363759	45.878480	0	30	72	村庄
152224104500	东风林场	122.073650	45.421640	1	80	100	UNKNOWN
152221100201	远峰村委会	121.958000	46.076800	0	10	25	区县
152221407498	科右前旗工业园区虚拟社区	121.958000	46.076800	0	10	32	区县
152224102207	杜祥村委会	121.632760	45.673824	1	80	100	政府机构
152201100002	林海社区居委会	122.145659	46.068120	0	25	70	乡镇
152223105208	兴合嘎查委会	122.900000	46.722999	0	10	25	区县
152201009004	满达社区居委会	122.093000	46.073000	0	14	37	区县
152221107205	六合嘎查	122.268459	46.212860	0	30	100	UNKNOWN
152224100001	兴安居委会	121.585730	45.374860	0	25	70	乡镇
152224105203	宝林村委会	121.067670	45.765870	0	30	72	村庄
152223100231	六合村委会	122.900000	46.722999	0	10	33	区县
152221203213	古迹村委会	121.958000	46.076800	0	10	43	区县
152221104215	光荣嘎查二	121.878981	46.187578	0	30	72	UNKNOWN
152201101214	先锋村委会	122.031285	46.096546	0	20	50	乡镇
152224202205	大青山村委会	121.665620	45.405931	0	25	70	乡镇
152221200203	特门嘎查	121.021180	46.473779	0	25	70	乡镇
152221203205	义和村委会	121.688040	46.052348	0	30	72	村庄
152223100227	小城子村委会	122.900000	46.722999	0	10	33	区县
152224201203	永丰村委会	121.774410	45.569900	0	30	72	村庄
152224105215	宝兴村委会	121.192039	45.965030	0	30	72	村庄
152221107213	新艾里嘎查	122.246541	46.371451	1	80	100	UNKNOWN
152222104220	呼和索格嘎查	121.769250	44.770600	0	30	100	UNKNOWN
152224202213	福利村委会	121.665620	45.405931	0	25	70	乡镇
152201101202	浩特营子嘎查	122.031285	46.096546	0	20	67	乡镇
152221101001	桥南社区居委会	121.247789	46.619031	0	25	55	乡镇
152221104203	白音居力合嘎查	121.664649	46.221550	0	30	100	UNKNOWN
152222400503	四队	121.449574	44.968127	0	50	73	UNKNOWN
152201008204	红胜村委会	122.028660	46.103880	1	80	95	政府机构
152224101201	新合村委会	121.414630	45.667500	0	25	70	乡镇
152221103207	套海村委会	121.380570	46.305079	0	25	47	乡镇
152222102209	海林嘎查	120.973151	45.570088	0	30	100	UNKNOWN
152221204201	阿其朗图嘎查	120.630337	46.001228	1	80	100	UNKNOWN
152223201208	巴彦乌兰嘎查委会	121.862920	47.051540	0	30	72	UNKNOWN
152224102211	光明村委会	121.588800	45.635979	0	30	72	村庄
152222401502	三队	120.561376	45.713939	0	16	65	乡镇
152201100203	三合村委会	122.145659	46.068120	0	25	70	乡镇
152221203229	保力村委会	121.958000	46.076800	0	10	28	区县
152221106212	苏金扎拉嘎嘎查	121.927870	46.308168	0	25	55	乡镇
152201103213	合发嘎查	121.978300	46.195909	0	30	100	UNKNOWN
152224100257	双山村委会	121.585730	45.374860	0	25	55	乡镇
152224200202	金星村委会	121.292100	45.676570	0	30	72	村庄
152221202204	敖宝嘎查	121.039970	46.268058	0	25	55	乡镇
152222102225	兴安敖包嘎查	120.887450	45.449881	0	30	100	UNKNOWN
152222100218	嘎旦扎拉嘎嘎查	121.149339	45.560619	1	80	100	UNKNOWN
152221104501	乌兰大坝林场生活区	121.736670	46.202870	0	25	47	乡镇
152224103210	靠山村委会	121.530592	45.714097	0	30	72	村庄
152222103208	巴彦哈拉嘎查	121.067139	45.240312	0	30	100	UNKNOWN
152221102206	好仁嘎查	121.402420	46.513719	0	30	100	UNKNOWN
152224100200	小城村委会	121.585730	45.374860	0	25	70	乡镇
152223100030	多兰社区居委会	122.900000	46.722999	0	10	28	区县
152201008005	红联巷社区居委会	122.028660	46.103880	1	80	95	政府机构
152223104209	乌兰那布其台嘎查委会	122.362797	47.073701	1	80	97	UNKNOWN
152224103206	永久村委会	121.561600	45.832798	0	30	72	村庄
152201403498	乌兰浩特经济技术开发区虚拟社区	122.093000	46.073000	0	14	37	区县
152221101200	联兴嘎查	121.248859	46.621921	0	30	100	UNKNOWN
152221104002	桑如巴社区居委会	121.736670	46.202870	0	25	55	乡镇
152224105501	蛤蟆甲林场	121.154678	46.024700	1	80	100	UNKNOWN
152223100026	裕国社区居委会	122.900000	46.722999	0	10	28	区县
152221102210	赛罕大坝嘎查	121.462156	46.520017	0	14	46	乡镇
152221201202	草根台嘎查	120.728400	46.337558	0	30	100	UNKNOWN
152223102220	和平村委会	122.540919	46.537350	0	25	55	乡镇
152201100215	公主陵嘎查	122.055240	46.204278	0	30	100	UNKNOWN
152202003001	神泉社区居委会	119.943940	47.174770	0	25	55	乡镇
152221105214	红十月村委会	122.426946	45.946616	0	14	64	乡镇
152221202212	红光村委会	120.905091	46.189158	0	30	72	村庄
152224200214	解放村委会	121.294030	45.669780	0	25	55	村庄
152224100241	柳河村委会	121.585730	45.374860	0	25	70	乡镇
152224104202	合发村委会	121.786479	45.487511	0	25	47	乡镇
152201103205	西包达力干嘎查	122.004130	46.248168	0	30	100	UNKNOWN
152221106204	联合嘎查	122.185340	46.422378	0	30	100	UNKNOWN
152222104211	道本恩格尔嘎查	121.700809	44.903530	1	80	100	UNKNOWN
152201002004	红都社区居委会	122.093000	46.073000	0	14	37	区县
152222200207	代钦塔拉嘎查	121.523290	45.217520	0	30	100	UNKNOWN
152223100216	五家户村委会	121.910880	46.397910	0	30	58	UNKNOWN
152221203234	永富村委会	121.958000	46.076800	0	10	28	区县
152221400511	第十二生产队	122.657410	46.340678	1	80	97	UNKNOWN
152223204200	五星村委会	122.751639	46.932061	0	25	70	乡镇
152221108211	齐心村委会	121.710560	45.920329	0	25	55	乡镇
152223103206	芒哈嘎查委会	122.151768	46.686149	1	80	97	UNKNOWN
152224104209	德泉村委会	121.786479	45.487511	0	25	47	乡镇
152221403501	第二生产队	120.801552	46.084633	0	16	65	乡镇
152222100205	查日顺化嘎查	121.424789	44.993844	0	30	100	UNKNOWN
152223104202	哈尔础鲁嘎查委会	122.542280	47.017779	0	30	72	UNKNOWN
152201401504	第五生产队	122.346812	46.154629	0	16	65	乡镇
152224101230	同心村委会	121.347650	45.496269	0	30	72	村庄
152222103215	双金嘎查	121.228080	45.288490	0	30	100	UNKNOWN
152223107212	永兴村委会	123.249010	46.682498	0	30	72	村庄
152223203204	胡力斯台嘎查委会	121.938770	46.807309	0	25	55	乡镇
152222204205	巴彦温都尔嘎查	120.406230	45.691330	0	30	100	UNKNOWN
152201006006	建丰社区居委会	122.093000	46.073000	0	14	32	区县
152222100213	巴仁布敦化嘎查	121.477000	45.060603	0	10	23	区县
152224101226	和富村委会	121.414630	45.667500	0	25	47	乡镇
152221103220	保河村委会	121.380570	46.305079	0	25	47	乡镇
152222103203	巴彦乌拉嘎查	121.259060	45.135281	0	30	100	UNKNOWN
152223107204	联丰村委会	123.283050	46.694401	0	30	72	村庄
152222200211	霍林郭勒嘎查	121.406850	45.112821	0	30	100	UNKNOWN
152223201501	额尔吐林场	121.771520	47.131821	0	50	82	UNKNOWN
152222104207	仓根巴达嘎查	121.974490	44.842790	0	30	100	UNKNOWN
152221400507	第八生产队	122.657410	46.340678	1	80	97	UNKNOWN
152221105209	兴隆村委会	121.952450	46.015369	0	30	72	村庄
152221203222	里城沟村委会	121.958000	46.076800	0	10	25	区县
152223100200	团结村委会	122.886945	46.762820	0	30	72	村庄
152222203201	二龙屯嘎查	121.342410	45.415979	0	30	100	UNKNOWN
152201001002	春阳社区居委会	122.074556	46.080722	1	80	100	政府机构
152201101225	火星村委会	122.031285	46.096546	0	20	50	乡镇
152221108207	德富村委会	121.710560	45.920329	0	25	47	乡镇
152224200209	西沟村委会	121.294030	45.669780	0	25	70	村庄
152223106205	哈达嘎查委会	122.902240	46.251518	0	30	72	UNKNOWN
152222102202	和日木嘎查	120.880410	45.595350	0	30	100	UNKNOWN
152202102001	富康社区居委会	120.313800	46.772529	0	25	70	乡镇
152221102221	乌拉斯台嘎查	121.745810	46.491978	0	30	100	UNKNOWN
152223204001	英格社区居委会	122.751639	46.932061	0	25	55	乡镇
152223201203	达拉图嘎查委会	122.058750	46.830549	0	30	72	UNKNOWN
152222101212	扎木钦嘎查	119.969630	46.035449	0	30	100	UNKNOWN
152222205204	巴彦淖尔嘎查	122.012560	44.726021	1	80	100	UNKNOWN
152223102211	阿贵吐村委会	122.540919	46.537350	0	25	47	乡镇
152224201208	九顶村委会	121.923960	45.629839	0	25	70	村庄
152222103501	杜尔基林场	121.689458	45.602337	1	80	97	UNKNOWN
152222202200	乌塔其嘎查	120.063430	45.622789	0	25	70	乡镇
152224202218	核心村委会	121.665620	45.405931	0	25	47	乡镇
152223101201	新丰村委会	122.431180	47.304481	0	30	72	村庄
152221104208	北民合嘎查	121.915679	46.193399	0	30	100	UNKNOWN
152221401506	第五生产队	121.223080	46.709599	1	80	97	UNKNOWN
152201101209	白音花嘎查	122.031285	46.096546	0	20	67	乡镇
152222100004	巴彦社区居委会	121.473260	45.060512	0	25	70	乡镇
152222105206	南巴彦套海嘎查	121.756915	45.094009	1	80	100	UNKNOWN
152222400508	八一分场三队	121.449574	44.968127	0	50	73	UNKNOWN
152202100207	桑都尔村委会	120.420520	47.295440	0	25	47	乡镇
152222201210	新发嘎查	121.781700	45.043193	0	25	70	乡镇
152224105208	宝城村委会	121.171630	45.826369	0	25	47	乡镇
152221203218	根基沟村委会	121.375130	46.045749	0	30	58	村庄
152223102207	石头井子村委会	122.540919	46.537350	0	25	55	乡镇
152202103201	明水河镇蛤蟆沟村	120.811970	46.713450	0	25	70	乡镇
152223205201	宝聚源嘎查委会	123.424565	46.864866	1	80	95	UNKNOWN
152222201206	巴彦套海嘎查	121.756915	45.094009	1	80	100	UNKNOWN
152223104500	神山林场	122.492120	47.057120	0	25	55	乡镇
152201003005	兴民社区居委会	122.093000	46.073000	0	14	46	区县
152222100012	赛罕社区居委会	122.048992	46.069645	1	80	100	政府机构
152223202205	温都拉布其台嘎查委会	122.119928	46.586579	1	80	97	UNKNOWN
152201004001	东方社区居委会	122.093000	46.073000	0	14	46	区县
152223105203	乌恩扎拉嘎嘎查委会	122.621999	46.791581	0	30	72	UNKNOWN
152222101204	哲里木嘎查	120.593650	45.554830	0	30	100	UNKNOWN
152201103202	榆树嘎查	122.025709	46.210250	0	30	100	UNKNOWN
152224104205	团结村委会	121.831830	45.439620	0	30	72	村庄
152221106203	茫哈嘎查	122.078469	46.359370	0	30	100	UNKNOWN
152221103001	阳光社区居委会	121.380570	46.305079	0	25	70	乡镇
152221202215	双发村委会	121.039970	46.268058	0	25	47	乡镇
152224100246	前进村委会	121.619560	45.318200	0	30	72	村庄
152224200213	永平村委会	121.294030	45.669780	0	25	70	村庄
152201100212	腰乐屯嘎查	122.100470	46.145959	0	30	100	UNKNOWN
152221105213	南沟村委会	122.065780	45.948668	0	30	72	村庄
152221201205	乌兰河嘎查	120.376451	46.238458	0	30	100	UNKNOWN
152202004002	旺岸社区居委会	119.828182	47.284250	1	80	89	地产小区
152221102217	阿拉坦嘎查	121.561390	46.467369	0	30	100	UNKNOWN
152221203003	哈拉黑社区居委会	121.958000	46.076800	0	10	33	区县
152223100021	绰尔社区居委会	122.900000	46.722999	0	10	28	区县
152224202500	太本林场	121.665620	45.405931	0	25	70	乡镇
152201008002	环山社区居委会	122.028660	46.103880	1	80	95	政府机构
152222100209	哈日道卜嘎查	121.566610	45.013761	0	30	100	UNKNOWN
152224103201	敖牛村委会	121.720192	45.796958	1	80	100	政府机构
152221101207	丰林嘎查	121.134569	46.641393	1	80	100	UNKNOWN
152223107208	巴岱村委会	123.273575	46.713549	0	50	65	UNKNOWN
152221102201	阿拉坦浩特嘎查	120.997930	46.345290	0	30	100	UNKNOWN
152224100207	新城村委会	121.578300	45.386639	0	30	72	村庄
152222102222	铁特格嘎查	120.761110	45.374321	0	30	100	UNKNOWN
152223404201	西胡日台嘎查委会	121.824985	46.951627	1	70	88	UNKNOWN
152224200205	尖山村委会	121.294030	45.669780	0	25	55	村庄
152224100250	东镇村委会	121.585730	45.374860	0	25	70	乡镇
152221202203	杨家嘎查	120.964003	46.223303	1	80	100	UNKNOWN
152201103214	查干嘎查	121.968929	46.159960	1	80	100	UNKNOWN
152222401505	六队	120.561376	45.713939	0	16	65	乡镇
152221105205	红旗村委会	122.426946	45.946616	0	14	64	乡镇
152201100204	乌兰胡硕嘎查	122.154840	46.049200	0	30	100	UNKNOWN
152224102001	兴华街居委会	121.730620	45.619110	0	25	55	乡镇
152224102216	保全村委会	121.730620	45.619110	0	25	47	乡镇
152221100210	平安村委会	121.903169	46.077140	0	30	72	村庄
152222205208	双榆树嘎查	122.012560	44.727081	0	25	70	乡镇
152224101206	永合村委会	121.540274	45.632208	0	30	72	村庄
152221103200	大石寨村委会	121.381950	46.308309	0	30	72	村庄
152201101205	哈日野玛吐嘎查	122.279819	45.946669	1	80	100	UNKNOWN
152221104204	新建嘎查	121.814610	46.234188	0	30	100	UNKNOWN
152224202214	福兴村委会	121.665620	45.405931	0	25	70	乡镇
152201008203	红城村委会	122.028660	46.103880	1	80	97	政府机构
152222400504	五队	121.449574	44.968127	0	50	73	UNKNOWN
152222100008	呼和社区居委会	121.473260	45.060512	0	25	70	乡镇
152224100010	利群居委会	121.585730	45.374860	0	25	70	乡镇
152224105212	宝山村委会	121.150160	45.898008	0	30	72	村庄
152202001001	兴林社区居委会	119.950320	47.329897	0	18	49	乡镇
152221203202	水库村委会	121.958000	46.076800	0	10	43	区县
152224201204	长春岭村委会	121.923960	45.629839	0	25	70	村庄
152223100220	民胜村委会	122.900000	46.722999	0	10	33	区县
152224202202	赛银花村委会	121.665620	45.405931	0	25	43	乡镇
152221200204	满都拉图嘎查	121.029610	46.504258	0	30	100	UNKNOWN
152221104212	金水泉嘎查	121.767790	46.277039	0	30	100	村庄
152201101213	乌兰村委会	122.031285	46.096546	0	20	50	乡镇
152223100236	阿拉坦花嘎查委会	122.536031	46.772718	0	30	72	UNKNOWN
152224201212	吴家店村委会	121.923960	45.629839	0	25	70	村庄
152221203214	创业村委会	121.958000	46.076800	0	10	33	区县
152221107202	兴隆嘎查	122.191530	46.247449	0	30	100	UNKNOWN
152224105204	宝龙村委会	121.033020	45.798278	0	30	72	村庄
152224100006	幸福居委会	121.585730	45.374860	0	25	70	乡镇
152221100206	湖南村委会	121.942630	46.070988	0	25	70	乡镇
152224102200	杜尔基村委会	121.689458	45.602337	1	80	95	UNKNOWN
152222101208	哈旦阿拉嘎嘎查	120.603903	45.594783	1	80	100	UNKNOWN
152201009003	关店社区居委会	122.093000	46.073000	0	14	37	区县
152221202002	树木沟社区居委会	120.823360	46.120080	0	30	72	村庄
152221103216	沙布台村委会	121.380570	46.305079	0	25	47	乡镇
152224101210	兴泉村委会	121.414630	45.667500	0	25	47	乡镇
152223202209	胡日宝力高嘎查委会	121.903531	46.517158	1	80	97	UNKNOWN
152221103217	白音高老村委会	121.445320	46.397808	0	30	58	UNKNOWN
152223202208	三合嘎查委会	122.081039	46.492721	0	25	55	村庄
152224101211	兴发村委会	121.408940	45.595309	0	30	72	村庄
152221100207	远新村委会	121.958000	46.076800	0	10	33	区县
152224102201	大友村委会	121.730620	45.619110	0	25	70	乡镇
152222101209	查干登吉嘎查	120.639369	45.535160	0	30	100	UNKNOWN
152201009002	白音社区居委会	122.093000	46.073000	0	14	46	区县
152223100237	白音花嘎查委会	122.900000	46.722999	0	10	28	区县
152221203215	金山村委会	121.445331	46.036688	0	30	72	村庄
152221107203	北安嘎查	122.164800	46.237378	0	30	100	UNKNOWN
152221102001	德佰斯社区居委会	121.462156	46.520017	0	14	64	乡镇
152224105205	宝合村委会	121.171630	45.826369	0	25	47	乡镇
152201102202	曙光村委会	122.093000	46.073000	0	14	37	区县
152224100007	新华居委会	121.585730	45.374860	0	25	70	乡镇
152224202203	五三村委会	121.665620	45.405931	0	25	70	乡镇
152221200205	乌兰敖都嘎查	121.194990	46.415320	0	30	100	UNKNOWN
152221104213	茂林扎拉嘎嘎查	121.783156	46.234665	1	80	100	UNKNOWN
152224100011	胜利居委会	121.585730	45.374860	0	25	70	乡镇
152224105213	宝范村委会	121.171630	45.826369	0	25	47	乡镇
152221203203	良种场村委会	121.958000	46.076800	0	10	43	区县
152223100221	德胜村委会	122.900000	46.722999	0	10	33	区县
152224201205	东兴村委会	121.923960	45.629839	0	25	70	村庄
152201101204	呼格吉乐嘎查	122.031285	46.096546	0	20	67	乡镇
152224103001	永平居委会	121.648240	45.796259	0	25	70	乡镇
152221104205	巨合嘎查	121.736670	46.202870	0	25	55	乡镇
152224202215	三道沟村委会	121.665620	45.405931	0	25	70	乡镇
152201008202	红星村委会	122.028660	46.103880	1	80	95	政府机构
152222400505	六队	121.449574	44.968127	0	50	73	UNKNOWN
152222100009	前德门社区居委会	121.473260	45.060512	0	25	55	乡镇
152224101207	永华村委会	121.414630	45.667500	0	25	70	乡镇
152221103201	永丰村委会	121.204841	46.252029	0	30	72	村庄
152224102217	东泉村委会	121.709260	45.550989	0	30	72	村庄
152222401504	五队	120.561376	45.713939	0	16	65	乡镇
152221105204	红心村委会	122.426946	45.946616	0	14	64	乡镇
152201100205	乌兰哈达嘎查	122.143409	46.083850	0	30	100	UNKNOWN
152224100251	东信村委会	121.585730	45.374860	0	25	47	乡镇
152221202202	太平嘎查	120.914610	46.243427	0	30	100	UNKNOWN
152222402001	霍林郭勒社区居委会	121.477000	45.060603	0	10	25	区县
152221106214	巴达嘎嘎查	121.820020	46.350838	0	30	100	UNKNOWN
152201103215	羊场子嘎查	121.948960	46.185449	0	30	100	UNKNOWN
152224104212	胜久村委会	121.786479	45.487511	0	25	47	乡镇
152222102223	哈根阿木斯尔嘎查	120.797371	45.382008	0	30	100	UNKNOWN
152223404200	塔西嘎查委会	121.826003	46.952377	1	80	97	UNKNOWN
152221100401	乌兰浩特社区	121.942630	46.070988	0	25	70	乡镇
152221101210	草根台嘎查	120.904270	46.718089	0	30	100	UNKNOWN
152221203501	大青山林场生活区	121.414646	46.043309	1	80	97	UNKNOWN
152223107209	腰山村委会	123.417442	46.799558	0	14	64	乡镇
152221102200	阿日林一合嘎查	121.462156	46.520017	0	14	32	乡镇
152224100206	宏发村委会	121.585730	45.374860	0	25	47	乡镇
152201008003	园丁社区居委会	122.028660	46.103880	1	80	97	政府机构
152222100208	十三马架子嘎查	121.535320	44.994463	0	30	100	UNKNOWN
152224103200	永发村委会	121.648240	45.796259	0	25	70	乡镇
152221101206	岗根套海嘎查	121.210891	46.604129	0	30	100	UNKNOWN
152221107501	额尔格图林场生活区	122.394160	46.344080	0	25	43	乡镇
152224100210	红星村委会	121.573950	45.338498	0	30	72	村庄
152221102216	五家子嘎查	121.435120	46.607320	0	30	100	UNKNOWN
152221203002	古迹社区居委会	121.958000	46.076800	0	10	43	区县
152201100213	混都冷嘎查	122.071440	46.139789	0	30	100	UNKNOWN
152221105212	红忠村委会	122.426946	45.946616	0	14	37	乡镇
152221201204	白音居力合嘎查	121.664649	46.221550	0	30	100	UNKNOWN
152224104204	龙胜村委会	121.783939	45.452761	0	30	72	村庄
152201103203	黄家店嘎查	122.009860	46.220209	0	30	100	UNKNOWN
152221106202	好田嘎查	122.217380	46.354539	0	30	100	UNKNOWN
152221202214	永安村委会	120.684150	46.088568	0	30	72	村庄
152224200212	胜利村委会	121.294030	45.669780	0	25	55	村庄
152224100247	东方红村委会	121.585730	45.374860	0	25	70	乡镇
152223105202	乌兰套海嘎查委会	122.858649	46.775651	0	30	58	UNKNOWN
152222101205	巴彦温都尔嘎查	120.406230	45.691330	0	30	100	UNKNOWN
152223202204	德力斯台嘎查委会	122.081039	46.492721	0	25	55	村庄
152223205200	中心村委会	123.609001	46.751149	0	30	72	村庄
152223101216	振兴村委会	122.746419	47.057231	0	30	72	村庄
152222201207	杰仁达巴嘎查	121.801200	45.080892	0	30	100	UNKNOWN
152201003004	星光社区居委会	122.093000	46.073000	0	14	46	区县
152224105209	宝胜村委会	121.171630	45.826369	0	25	47	乡镇
152221203219	永安村委会	120.684150	46.088568	0	30	72	村庄
152223102206	四方城村委会	122.540919	46.537350	0	25	47	乡镇
152223101200	新林村委会	122.483786	47.235192	0	30	72	村庄
152224202219	晨光村委会	121.649140	45.391749	0	30	72	村庄
152221104209	居力特嘎查	121.844179	46.236981	0	30	100	UNKNOWN
152221401507	第六生产队	121.223080	46.709599	1	80	97	UNKNOWN
152201101208	白音乌苏嘎查	122.319549	46.006810	0	30	100	UNKNOWN
152222100005	霍林郭勒社区居委会	121.473260	45.060512	0	25	55	乡镇
152222105207	包日温都热嘎查	122.247970	44.288560	1	80	100	UNKNOWN
152222400509	八一分场四队	121.449574	44.968127	0	50	73	UNKNOWN
152202100206	苏河村委会	120.420520	47.295440	0	25	70	乡镇
152222201211	阿日本格热嘎查	122.061629	45.185614	1	80	100	UNKNOWN
152224201209	黄花村委会	121.923960	45.629839	0	25	70	村庄
152223102210	凤凰山村委会	122.540919	46.537350	0	25	70	乡镇
152222202201	巴彦高嘎查	120.063430	45.622789	0	25	70	乡镇
152221102220	白音敖包嘎查	121.733360	46.453070	0	30	100	UNKNOWN
152223201202	哈拉改图嘎查委会	122.127383	46.862329	1	80	97	UNKNOWN
152222101213	格日哈达嘎查	120.017740	45.996098	0	30	100	UNKNOWN
152222205205	广太号嘎查	122.012560	44.727081	0	25	70	乡镇
152223106204	双兴嘎查委会	122.831710	46.263188	0	30	72	UNKNOWN
152222102203	吐列毛杜嘎查	120.897238	45.534921	1	80	100	UNKNOWN
152222203200	查干登基嘎查	121.373560	45.481890	0	30	100	UNKNOWN
152201001003	普惠社区居委会	122.093000	46.073000	0	14	37	区县
152201101224	五星村委会	122.031285	46.096546	0	20	67	乡镇
152224200208	平安村委会	121.294030	45.669780	0	25	55	村庄
152221108206	乌兰村委会	121.710560	45.920329	0	25	55	乡镇
152222200210	布日很茫哈嘎查	121.660670	45.019973	0	30	100	UNKNOWN
152222104206	沙木哈嘎查	121.913770	44.837011	0	30	100	UNKNOWN
152223201500	杨树沟林场	121.636390	47.082619	1	80	100	UNKNOWN
152201100209	高根营子嘎查	122.085469	46.124950	0	30	100	UNKNOWN
152221400506	第七生产队	122.657410	46.340678	1	80	97	UNKNOWN
152221105208	万宝村委会	122.426946	45.946616	0	14	64	乡镇
152221203223	欣龙村委会	121.958000	46.076800	0	10	28	区县
152223100201	东方红村委会	122.900000	46.722999	0	10	33	区县
152202103001	明水社区居委会	120.811970	46.713450	0	25	55	乡镇
152222103202	杜尔基嘎查	121.220010	45.234029	0	30	100	UNKNOWN
152223107205	水田村委会	123.310870	46.744738	0	30	72	村庄
152222204204	大力哈日沁嘎查	121.673143	44.675074	1	80	100	UNKNOWN
152222100212	准布敦化嘎查	121.458562	44.938544	1	80	100	UNKNOWN
152223205001	木仁社区居委会	122.900000	46.722999	0	10	28	区县
152224101227	和丰村委会	121.279330	45.557048	0	30	72	村庄
152221103221	保林村委会	121.236860	46.163989	0	30	72	村庄
152222103214	亚门毛都嘎查	121.201439	45.321138	1	80	100	UNKNOWN
152201005001	吉庆社区居委会	122.093000	46.073000	0	14	46	区县
152223107213	古庙村委会	123.183561	46.676413	1	80	100	政府机构
152223203205	沙日格台嘎查委会	121.938770	46.807309	0	25	55	乡镇
152222100204	浩特化嘎查	121.477000	45.060603	0	10	33	区县
152223101001	新元社区	122.487690	47.241790	0	25	70	乡镇
152223104203	双榆树嘎查委会	122.492120	47.057120	0	25	55	乡镇
152201401505	第六生产队	122.346812	46.154629	0	16	65	乡镇
152221404504	第五生产队	122.055891	46.217430	0	18	66	UNKNOWN
152224101231	三家子村委会	121.414630	45.667500	0	25	70	乡镇
152223100240	巴彦扎拉嘎嘎查委会	122.386590	46.755471	0	30	72	UNKNOWN
152222102002	哲里木社区居委会	120.898810	45.535709	0	25	55	乡镇
152202102201	五岔沟村委会	120.303639	46.768796	1	80	100	政府机构
152223400598	虚拟劳管所虚拟生活区	111.766000	40.817401	0	0	18	省
152221108210	团结村委会	121.710560	45.920329	0	25	55	乡镇
152223103207	胡尔勒嘎查委会	122.173351	46.716109	0	30	72	UNKNOWN
152221202218	兴隆村委会	120.578111	46.020193	0	30	72	村庄
152221403500	第一生产队	120.801552	46.084633	0	16	65	乡镇
152224104208	小泡子村委会	121.786479	45.487511	0	25	70	乡镇
152222104210	巴仁太本嘎查	121.670280	44.905981	0	30	100	UNKNOWN
152201002005	红通社区居委会	122.094074	46.069455	1	80	100	政府机构
152222200206	金星嘎查	121.488299	45.314891	0	30	100	UNKNOWN
152223100217	乌珠尔村委会	122.900000	46.722999	0	10	25	区县
152221203235	永进村委会	121.958000	46.076800	0	10	43	区县
152221400510	第十一生产队	122.461178	46.239752	1	80	100	UNKNOWN
152223204201	石头城子村委会	122.751639	46.932061	0	25	70	乡镇
