210214011204	榆树房村委会	122.249869	39.570317	0	18	40	乡镇
210214014006	徐大房社区居委会	121.940000	39.391899	0	14	37	区县
210214004006	坨山社区居委会	121.969360	39.390721	0	25	55	乡镇
210214001204	拉树村委会	122.059792	39.413585	0	18	40	乡镇
210213013009	东城社区居委会	121.841311	39.064067	1	80	100	政府机构
210204008016	满庭芳社区居委会	121.587275	38.897825	1	80	97	餐饮
210281009204	三咀村委会	121.345678	39.557574	1	70	85	UNKNOWN
210204006008	香沙社区居委会	121.580280	38.927934	1	80	100	政府机构
210224102203	塘洼村委会	122.346670	39.159679	0	30	72	UNKNOWN
210211015010	惠泽社区居委会	121.547680	38.923641	0	25	55	乡镇
210281103212	沙屯村委会	122.112038	39.846040	0	18	40	乡镇
210283118205	英烈士村委会	123.067630	39.763867	1	75	92	UNKNOWN
210283004001	高屯居委会	122.941290	39.653540	0	30	72	村庄
210281001008	红楼社区居委会	122.003214	39.646096	1	80	100	政府机构
210281210200	泡崖村委会	121.661886	39.530154	1	80	100	政府机构
210213019003	御龙湾社区居委会	121.699160	39.205539	0	25	70	乡镇
210202011014	舰院社区居委会	121.661592	38.880084	0	18	66	乡镇
210211002014	金荣社区居委会	121.596121	38.970232	0	30	58	乡镇
210213009003	聚鑫社区居委会	121.766184	39.083093	0	25	55	乡镇
210283003005	河西居委会	122.980824	39.704556	1	80	100	政府机构
210214013002	奎兴社区居委会	122.228933	39.663693	0	16	47	乡镇
210281107206	许屯村委会	122.152670	40.005213	0	16	65	乡镇
210214006200	老古村委会	122.474532	39.536686	0	16	38	乡镇
210283208207	青林村委会	122.940318	39.852766	0	18	66	乡镇
210202012004	中兴社区居委会	121.675635	38.889705	1	80	100	政府机构
210214003002	庙山社区居委会	121.994881	39.399966	1	80	100	政府机构
210281117206	何屯村委会	122.095422	39.582003	0	16	65	乡镇
210211001004	周西社区居委会	121.573543	38.949914	1	80	100	政府机构
210283005217	山头村委会	122.539339	39.521405	1	80	100	政府机构
210283101209	幸福村委会	123.186241	39.854139	0	30	72	村庄
210211002002	金源社区居委会	121.596121	38.970232	0	30	72	乡镇
210214005206	炮台村委会	122.307100	39.451119	0	30	72	村庄
210202011002	长利社区居委会	121.653580	38.884041	1	80	100	政府机构
210211017200	大房身村委会	121.697678	39.052536	0	30	72	村庄
210214010004	许家社区居委会	122.170100	39.421910	0	18	49	乡镇
210202001002	春海社区居委会	121.669906	38.918541	1	75	95	地产小区
210213022200	华家村委会	122.026044	39.278154	1	80	100	政府机构
210283003013	后炮居委会	122.991878	39.708191	0	20	50	乡镇
210213027002	袁屯社区居委会	121.664440	39.385611	0	30	72	村庄
210203005005	庆贺社区居委会	121.616160	38.916111	0	25	70	乡镇
210211001012	亿达社区居委会	121.579488	38.953147	0	30	58	乡镇
210281117210	利兴村委会	122.073470	39.558190	0	30	58	UNKNOWN
210281203206	李大村委会	121.914163	39.977724	0	16	65	村庄
210214018208	永宁村委会	121.940000	39.391899	0	14	46	区县
210281107210	山嘴村委会	122.152670	40.005213	0	16	65	乡镇
210281010208	崮田村委会	121.979000	39.627100	0	12	29	区县
210283005201	明阳村委会	122.626174	39.556946	0	16	65	乡镇
210213021210	后海村委会	121.640110	39.274449	0	30	72	村庄
210213008203	杨家村委会	121.735437	39.054305	1	80	100	政府机构
210211018008	龙河社区居委会	121.605588	39.002236	0	25	55	乡镇
210211016016	燕南社区居委会	121.534818	38.882798	0	25	70	乡镇
210211008008	六顺社区居委会	121.592437	38.984983	1	80	100	政府机构
210224101205	小耗村委会	122.734529	39.030325	0	18	40	乡镇
210283118213	徐营村委会	123.081730	39.832857	1	80	100	政府机构
210281113204	红沿河村委会	121.513019	39.774827	1	80	100	政府机构
210283108213	来宝沟村委会	123.250562	40.005856	1	80	100	政府机构
210281103204	东半拉山村委会	122.112038	39.846040	0	18	49	乡镇
210214012202	郑屯村委会	122.404584	39.862721	0	16	65	乡镇
210213030006	黄旗社区居委会	121.865445	39.329485	0	18	66	乡镇
210213025204	宋屯村委会	121.973457	39.144734	0	18	66	乡镇
210203002001	民乐社区居委会	121.635632	38.932071	1	80	100	政府机构
210281011209	朝阳村委会	121.303520	39.428171	0	30	72	村庄
210213020211	李屯村委会	122.213248	39.308068	1	80	100	政府机构
210283001002	新风居委会	122.993607	39.670623	0	25	70	乡镇
210281212207	双沙村委会	121.727829	39.677058	1	80	100	政府机构
210281106211	万家岭村委会	122.161623	39.938770	1	80	100	政府机构
210283113218	金房村委会	122.605563	39.751526	1	80	100	政府机构
210203004004	更新社区居委会	121.622582	38.914055	1	80	100	政府机构
210283002012	徐岭居委会	122.955722	39.682966	0	25	55	乡镇
210213023201	城西村委会	121.947510	39.310230	0	30	72	村庄
210213026003	保兴社区居委会	121.859270	39.031160	0	30	72	村庄
210283120201	寿龙村委会	123.073642	39.442214	0	20	41	乡镇
210214011005	安家社区居委会	122.249869	39.570317	0	18	49	乡镇
210214014207	葡萄沟村委会	122.343004	39.620177	1	80	100	政府机构
210283110208	源发村委会	122.493639	39.558555	1	80	100	政府机构
210211016201	庙岭村委会	121.523870	38.887229	0	30	72	村庄
210281105201	得利寺村委会	122.061709	39.781435	1	80	100	政府机构
210202010003	清泉社区居委会	121.650152	38.899927	0	30	72	乡镇
210214001005	和平社区居委会	121.973575	39.403697	1	80	100	政府机构
210281115201	榆树房村委会	121.988522	40.033888	0	16	38	乡镇
210213024205	正明寺村委会	122.100003	39.136852	0	25	55	旅游景点
210214016001	西韭社区居委会	122.272151	39.893055	0	16	47	乡镇
210211014007	星语家社区居委会	121.481837	38.965942	0	20	50	乡镇
210214006001	春满社区居委会	122.474532	39.536686	0	16	47	乡镇
210211004007	甘峰社区居委会	121.615494	39.007040	0	25	55	乡镇
210281112205	后二十里堡村委会	121.806046	39.682698	0	50	73	UNKNOWN
210211400503	尖山村委会	121.525000	38.952100	0	14	32	区县
210213027215	干河村委会	121.809342	39.461585	0	16	65	乡镇
210204009001	汉阳社区居委会	121.584988	38.902906	1	80	100	政府机构
210224100204	小泡子村委会	122.612263	39.273924	1	80	100	政府机构
210211009009	秀山社区居委会	121.585028	38.973636	1	80	100	政府机构
210213019202	后石村委会	121.650108	39.183290	1	80	100	政府机构
210281205203	车家村委会	121.706027	39.896549	1	80	100	政府机构
210281112213	三家子村委会	121.854134	39.654093	0	18	66	乡镇
210211004011	海燕社区居委会	121.615494	39.007040	0	25	70	乡镇
210281206205	平山村委会	121.668120	39.813191	0	30	72	村庄
210211014011	士林栖社区居委会	121.481837	38.965942	0	20	50	乡镇
210224103202	房身村委会	122.709356	39.232017	1	80	100	政府机构
210203010006	林茂社区居委会	121.633973	38.881058	0	30	58	乡镇
210204017009	新希望社区居委会	121.589280	38.900470	1	80	100	政府机构
210281008205	王店村委会	121.875404	39.738319	1	80	95	政府机构
210213027203	长岭村委会	121.782550	39.440011	0	30	72	村庄
210211007001	玉山社区居委会	121.540456	38.978868	1	80	100	政府机构
210214005007	石固社区居委会	122.350424	39.443244	0	16	47	乡镇
210281101203	镇海村委会	121.730525	39.729419	0	16	38	乡镇
210211017001	化工新村社区居委会	121.707410	39.034440	0	25	55	乡镇
210213020207	牌坊村委会	122.153750	39.309581	0	30	72	村庄
210283001014	海洋居委会	122.993607	39.670623	0	25	55	乡镇
210281116207	双山村委会	121.616740	39.697750	0	30	72	村庄
210214002003	虎山社区居委会	121.971237	39.421961	1	80	100	政府机构
210211010005	南山社区居委会	121.540997	38.948467	0	30	72	乡镇
210281106207	郝家沟村委会	122.233524	39.949643	0	16	65	乡镇
210214012003	太阳社区居委会	122.404584	39.862721	0	16	65	乡镇
210202003005	解放社区居委会	121.645950	38.916169	1	80	100	政府机构
210214017201	沙河村委会	122.240730	39.734354	1	80	100	政府机构
210281212211	二龙山村委会	121.703016	39.621287	1	80	100	政府机构
210283002004	光明居委会	122.965109	39.708452	1	80	100	政府机构
210213008002	盛滨社区居委会	121.725906	39.091154	0	60	87	地产小区
210283214208	元和村委会	123.056729	39.710588	0	18	66	村庄
210214014211	董岚村委会	121.940000	39.391899	0	14	32	区县
210283118209	桥上村委会	123.123834	39.729472	1	80	100	政府机构
210214019004	长岭社区居委会	121.940000	39.391899	0	14	46	区县
210202008002	天津社区居委会	121.640789	38.926808	1	80	95	地产小区
210214009004	双山社区居委会	122.148001	39.497615	0	16	65	乡镇
210281001004	中华社区居委会	122.003099	39.638828	1	100	100	政府机构
210213027223	锦屏村委会	121.809342	39.461585	0	16	65	乡镇
210283105207	地窨河村委会	123.435941	39.861509	0	25	47	乡镇
210213013005	吉安社区居委会	121.819963	39.069766	1	80	100	政府机构
210214001208	大荒村委会	122.059792	39.413585	0	18	66	乡镇
210213003005	光明社区居委会	121.692138	39.091921	0	25	70	乡镇
210211008012	锦园社区居委会	121.572051	38.991983	0	30	72	乡镇
210283115207	姜窑村委会	122.857495	39.665746	1	80	100	政府机构
210204006004	刘家桥社区居委会	121.570783	38.945122	0	40	77	道路
210212012200	龙头村委会	121.322130	38.863582	1	80	100	政府机构
210212400003	滨港社区居委会	121.147322	38.807947	0	50	67	工业园区
210213014001	二十里社区居委会	121.813026	39.167254	0	18	49	乡镇
210211001008	周顺社区居委会	121.584410	38.955938	1	80	100	政府机构
210281109214	莲花山村委会	121.574649	39.425585	1	80	100	政府机构
210283102203	大房身村委会	122.974910	39.753190	0	30	72	村庄
210213011203	杨树村委会	121.905730	39.100241	0	18	66	乡镇
210202012008	平安社区居委会	121.691594	38.889054	0	25	70	乡镇
210213001203	青山村委会	121.752645	39.143084	0	30	72	村庄
210213004001	山景社区居委会	121.756850	39.051917	1	70	92	地产小区
210211021001	山园社区居委会	121.529237	38.854647	0	30	58	商圈
210212005204	火石岭村委会	121.246849	38.865931	1	80	100	政府机构
210211019204	棋盘子村民委员会	121.526175	39.023432	0	18	49	乡镇
210211002018	金华社区居委会	121.707904	39.108270	1	80	100	政府机构
210213017011	程家社区居委会	122.083883	39.231850	0	18	66	乡镇
210204002010	永顺社区居委会	121.592414	38.915300	1	80	100	政府机构
210213029006	梨树沟社区居委会	121.798921	39.273404	0	30	58	乡镇
210283003009	前茅居委会	122.972895	39.703370	1	80	100	政府机构
210214008204	战家村委会	122.257779	39.391861	0	18	40	乡镇
210213004017	华润社区居委会	121.762148	39.050464	0	25	55	乡镇
210214018204	彭屯村委会	121.940000	39.391899	0	14	46	区县
210283216203	东升村委会	123.012234	39.538465	1	80	100	政府机构
210213014017	景盛社区居委会	121.813026	39.167254	0	18	49	乡镇
210281005006	东升社区居委会	121.979000	39.627100	0	12	44	区县
210213017007	白家社区居委会	122.058073	39.226353	0	40	77	UNKNOWN
210213012205	葡萄沟村委会	122.012655	39.080429	0	18	66	乡镇
210213029010	东山后社区居委会	121.798921	39.273404	0	30	58	乡镇
210204002006	长江社区居委会	121.598172	38.914229	0	40	72	乡镇
210281103208	连屯村委会	122.112038	39.846040	0	18	66	乡镇
210213025208	魏家村委会	121.933440	39.150089	0	30	72	村庄
210212004004	友谊社区居委会	121.231722	38.803836	0	20	67	乡镇
210204005002	兴社社区居委会	121.586577	38.920759	0	50	82	地产小区
210212011206	长岭子村委会	121.319900	38.935400	0	30	72	村庄
210211020201	大黑石村委会	121.308900	38.962383	1	80	100	政府机构
210283115211	葛炉村委会	122.828735	39.692575	1	80	100	政府机构
210211008004	永明社区居委会	121.576324	38.984085	1	80	100	政府机构
210213013013	金城社区居委会	121.839887	39.069248	0	18	66	乡镇
210211018004	奥林社区居委会	121.605588	39.002236	0	25	70	乡镇
210281002002	钻石社区居委会	121.984838	39.619104	1	80	100	政府机构
210204006012	沙跃社区居委会	121.577999	38.930615	1	80	100	政府机构
210283005221	大张村委会	122.616778	39.500602	1	80	100	政府机构
210212400202	太平沟村委会	121.147322	38.807947	0	50	50	工业园区
210212007203	牧羊城村委会	121.134651	38.765057	1	80	100	政府机构
210213016006	柳树社区居委会	121.940448	39.200562	0	18	49	乡镇
210214001009	东和社区居委会	121.979805	39.401330	1	80	100	政府机构
210283110204	马家村委会	122.863880	39.991171	0	30	72	村庄
210213006006	绿州社区居委会	121.821590	39.023620	0	25	55	乡镇
210281004007	胜利社区居委会	121.979000	39.627100	0	12	44	区县
210281011205	马路村委会	121.428322	39.431412	1	80	100	政府机构
210281108203	刘沟村委会	121.891690	39.920861	0	25	70	乡镇
210281118203	陈店村委会	122.099385	39.713410	1	80	100	政府机构
210281003003	联合社区居委会	121.979000	39.627100	0	12	34	区县
210281006201	张屯村委会	121.898126	39.769337	1	80	100	政府机构
210283104210	大于屯村委会	123.199957	39.722498	0	16	38	乡镇
210212401501	水泉村委会	121.349890	38.890850	1	75	95	UNKNOWN
210211009005	兴利社区居委会	121.576833	38.967822	1	80	100	政府机构
210224100208	塞里村委会	122.604751	39.216437	0	30	72	村庄
210204004003	中山路社区居委会	121.587550	38.900020	0	20	67	道路
210212010207	土城子村委会	121.266764	38.907994	1	80	100	政府机构
210283107200	大营村委会	123.086908	39.876345	1	80	100	政府机构
210281112209	大四川村委会	121.854134	39.654093	0	18	40	乡镇
210213011002	卧龙社区居委会	121.905730	39.100241	0	18	66	乡镇
210213001002	古城丙区社区居委会	121.717153	39.112548	1	80	100	政府机构
210281208201	娘娘宫村委会	121.568947	39.626639	1	80	100	政府机构
210281008209	张屯村委会	121.875404	39.738319	1	80	97	政府机构
210212006003	玉川社区居委会	121.395438	38.870929	0	18	49	乡镇
210204017005	化物所社区居委会	121.581034	38.884033	0	50	82	UNKNOWN
210212013201	沙包村委会	121.200685	38.918804	0	18	66	乡镇
210213002004	古城乙区社区居委会	121.712828	39.108924	1	75	95	地产小区
210211009013	华岳社区居委会	121.575218	38.976349	1	80	100	政府机构
210283114206	佟岭村委会	122.794960	39.786171	0	16	38	乡镇
210283104206	黄岭村委会	123.186320	39.742549	0	30	72	村庄
210213012004	常江湾社区居委会	122.012655	39.080429	0	18	49	乡镇
210214008005	廉家社区居委会	122.257779	39.391861	0	18	49	乡镇
210283109208	夹皮沟村委会	123.010112	39.943530	1	80	100	政府机构
210211016020	桃峪园社区居委会	121.534818	38.882798	0	25	47	乡镇
210202009003	华昌社区居委会	121.643224	38.909128	0	30	72	乡镇
210214018005	福全社区居委会	121.940000	39.391899	0	14	37	区县
210281206209	付庙村委会	121.653878	39.806203	0	16	65	村庄
210283002008	范西居委会	122.960457	39.707687	1	80	100	政府机构
210213028007	裴屯社区居委会	121.648777	39.432345	0	16	47	乡镇
210281007001	张山嘴社区居委会	121.949128	39.608570	1	80	100	政府机构
210283204204	黄柏树村委会	123.201480	39.798109	0	30	58	UNKNOWN
210213006010	红星社区居委会	121.821590	39.023620	0	25	70	乡镇
210283214204	鲍码村委会	123.005226	39.697498	1	80	100	政府机构
210213016010	红亮社区居委会	121.940448	39.200562	0	18	49	乡镇
210212001007	向阳社区居委会	121.275567	38.823188	0	30	72	乡镇
210204010001	红星村社区居委会	121.548888	38.875780	0	30	58	乡镇
210283001018	新兴社区居委会	122.973642	39.690926	1	80	100	政府机构
210211010009	郭中社区居委会	121.540997	38.948467	0	30	51	乡镇
210281108215	双岔村委会	121.891690	39.920861	0	25	70	乡镇
210212001006	元宝社区居委会	121.275567	38.823188	0	30	72	乡镇
210283001019	日新社区居委会	122.971819	39.675231	1	80	100	政府机构
210211020001	秀山丽水社区居委会	121.402037	38.993105	0	18	40	乡镇
210202003008	望海社区居委会	121.655140	38.911740	1	80	100	政府机构
210283113203	菜园村委会	122.527270	39.753549	0	30	72	村庄
210213005001	港西社区居委会	121.796583	39.041609	1	80	100	政府机构
210211010008	南松社区居委会	121.540997	38.948467	0	30	58	乡镇
210281108214	全家村委会	121.891690	39.920861	0	25	70	乡镇
210283204205	温楼村委会	123.355723	39.930836	0	25	70	乡镇
210283110213	前发村委会	122.856736	39.941704	0	16	38	乡镇
210283214205	石山村委会	123.018040	39.709669	0	30	72	村庄
210213016011	岔山社区居委会	121.870351	39.250949	0	30	72	村庄
210214008004	于和庙社区居委会	122.235266	39.419187	1	80	100	政府机构
210211016021	枫峪园社区居委会	121.534818	38.882798	0	25	47	乡镇
210202009002	独立社区居委会	121.643617	38.917110	1	80	95	地产小区
210214018004	邓店社区居委会	121.940000	39.391899	0	14	37	区县
210281206208	曹屯村委会	121.653878	39.806203	0	16	65	村庄
210212006002	龙王塘中兴社区居委会	121.399425	38.842159	0	30	72	商圈
210204017004	连山社区居委会	121.566002	38.887472	1	80	100	政府机构
210281008208	马莲村委会	121.875404	39.738319	1	80	95	政府机构
210212013200	李家沟村委会	121.195357	38.918983	0	30	72	村庄
210214010208	老虎峪村委会	122.170100	39.421910	0	18	40	乡镇
210213002005	宁海社区居委会	121.707076	39.122620	0	30	72	乡镇
210211009012	华兴社区居委会	121.570597	38.971747	1	80	100	政府机构
210213012005	龙探海社区居委会	122.012655	39.080429	0	18	49	乡镇
210204004002	玉华社区居委会	121.597284	38.896587	0	30	72	乡镇
210212010206	小黑石村委会	121.261642	38.922531	0	16	65	乡镇
210213024208	青云村委会	122.020170	39.169491	0	30	72	村庄
210281112208	小四川村委会	121.857515	39.624497	1	80	100	政府机构
210213011003	腾龙社区居委会	121.905730	39.100241	0	18	66	乡镇
210213001003	八一路社区居委会	121.724336	39.112553	1	80	100	政府机构
210281208200	孙家村委会	121.548830	39.643888	1	80	100	政府机构
210281003002	农机社区居委会	122.025124	39.627615	1	80	100	政府机构
210281006200	祝华村委会	122.005856	39.661749	1	80	100	政府机构
210283104211	黄贵城村委会	123.199957	39.722498	0	16	33	乡镇
210211009004	兴强社区居委会	121.582255	38.970899	1	80	100	政府机构
210281004006	中心社区居委会	121.979000	39.627100	0	12	44	区县
210281011204	交流岛村委会	121.436420	39.453501	0	30	58	UNKNOWN
210281108202	夏家村委会	121.932604	39.915473	1	80	100	政府机构
210281118202	卢屯村委会	122.133291	39.647084	1	80	100	政府机构
210283113215	中和村委会	122.652641	39.667599	0	30	72	村庄
210214009204	夏沟村委会	122.134021	39.536963	1	80	100	政府机构
210212400203	羊头洼村委会	121.147322	38.807947	0	50	50	工业园区
210283005220	永增村委会	122.626174	39.556946	0	16	38	乡镇
210212007202	金家村委会	121.160777	38.779279	1	80	100	政府机构
210213016007	泉水社区居委会	121.940448	39.200562	0	18	66	乡镇
210214001008	谷泡社区居委会	122.059792	39.413585	0	18	66	乡镇
210213006007	鹏程社区居委会	121.821590	39.023620	0	25	55	乡镇
210211008005	永昌社区居委会	121.576349	38.984096	1	80	100	政府机构
210283211206	横道河村委会	122.591547	40.024060	1	80	100	政府机构
210213013012	栗苑社区居委会	121.839887	39.069248	0	18	49	乡镇
210211018005	泉华社区居委会	121.618612	39.015197	1	80	100	政府机构
210283105210	砬窑村委会	123.461509	39.896923	1	80	100	政府机构
210213028207	东风村委会	121.675439	39.484630	0	30	72	村庄
210281002003	红风社区居委会	121.998343	39.616588	1	80	100	政府机构
210281007201	太阳沟村委会	121.979000	39.627100	0	12	34	区县
210204006013	丝绸路社区居委会	121.579766	38.928071	1	80	100	政府机构
210281113209	大嘴村委会	121.550837	39.790887	0	18	40	乡镇
210213025209	东马村委会	121.932080	39.135479	0	30	72	村庄
210204005003	兴盛社区居委会	121.588454	38.918486	0	30	72	乡镇
210211020200	营城子村委会	121.402037	38.993105	0	18	66	乡镇
210283111204	石佛村委会	122.658361	39.798459	0	30	72	村庄
210213017006	海头社区居委会	122.083883	39.231850	0	18	49	乡镇
210283101204	范家村委会	123.212604	39.864458	0	16	65	乡镇
210213012204	龙山村委会	121.976571	39.085507	1	80	100	政府机构
210212003001	九三社区居委会	121.260127	38.807621	0	25	70	乡镇
210204002007	民兴社区居委会	121.598172	38.914229	0	40	72	乡镇
210213029011	东三十里社区居委会	121.933639	39.273491	0	30	58	乡镇
210214008205	赵家村委会	122.257779	39.391861	0	18	66	乡镇
210213004016	青松社区居委会	121.762148	39.050464	0	25	70	乡镇
210283216202	光明村委会	122.970210	39.544130	0	30	72	村庄
210213014016	汇美社区居委会	121.813026	39.167254	0	18	49	乡镇
210281010205	袁沟村委会	121.906502	39.589000	1	80	100	政府机构
210211019205	鞍子山村民委员会	121.481770	38.995161	0	50	82	UNKNOWN
210211002019	金香社区居委会	121.596121	38.970232	0	30	58	乡镇
210213017010	棋杆社区居委会	122.083883	39.231850	0	18	49	乡镇
210283111212	广大村委会	122.743964	39.883692	1	80	100	政府机构
210213029007	四道河子社区居委会	121.798921	39.273404	0	30	58	乡镇
210204002011	黄河社区居委会	121.598172	38.914229	0	40	72	乡镇
210283003008	桥东居委会	122.968000	39.681000	0	12	34	区县
210211001009	周水子社区居委会	121.564627	38.951511	1	80	100	政府机构
210283102202	杨屯村委会	123.001899	39.735728	1	80	100	政府机构
210213001202	九里村委会	121.740825	39.132728	0	20	67	乡镇
210283112202	河东村委会	122.518340	39.784450	0	30	72	村庄
210204011001	文园社区居委会	121.572003	38.938111	1	80	100	政府机构
210281010213	九龙村委会	121.780384	39.562857	1	80	100	政府机构
210212005205	西沟村委会	121.235604	38.854550	1	80	100	政府机构
210283105206	栗子房村委会	123.426640	39.868759	0	30	58	村庄
210213013004	城志社区居委会	121.839887	39.069248	0	18	66	乡镇
210283211210	头道岭村委会	122.602717	39.978784	0	16	65	乡镇
210213003004	胜利西社区居委会	121.709314	39.096058	1	80	100	政府机构
210211008013	新园社区居委会	121.595065	39.004899	1	80	100	政府机构
210204006005	敦煌社区居委会	121.581474	38.936225	0	30	58	乡镇
210213028211	崔屯村委会	121.648777	39.432345	0	16	65	乡镇
210212012201	东北山村委会	121.305723	38.843430	0	18	66	乡镇
210212400002	海霞社区居委会	121.147322	38.807947	0	50	50	工业园区
210281009209	世辉耀村委会	121.321026	39.568885	1	80	100	政府机构
210214009005	大邹社区居委会	122.148001	39.497615	0	16	47	乡镇
210281001005	轴承社区居委会	122.002215	39.643950	1	80	100	政府机构
210212009206	胡家村委会	121.179090	38.874551	0	30	72	村庄
210283002005	站前居委会	122.955722	39.682966	0	25	70	乡镇
210213008003	拥军社区居委会	121.723182	39.092410	1	80	100	政府机构
210214001012	鞍子山社区居委会	121.992491	39.439549	1	80	95	地产小区
210283214209	解放村委会	123.058346	39.732580	1	80	100	政府机构
210281201200	赵屯村委会	122.195524	39.543485	1	80	100	政府机构
210214014210	福兴村委会	121.940000	39.391899	0	14	46	区县
210283204209	磨盘山村委会	123.355723	39.930836	0	25	70	乡镇
210213020206	沙家村委会	122.182278	39.282993	0	18	66	乡镇
210283001015	龙王庙居委会	122.984049	39.681290	1	80	100	政府机构
210283209207	温泉村委会	122.689500	39.994441	0	30	72	村庄
210214002002	新村社区居委会	121.962399	39.452025	0	18	66	乡镇
210211010004	郭东社区居委会	121.540997	38.948467	0	30	58	乡镇
210281106206	马屯村委会	122.174491	39.908979	0	30	72	村庄
210214012002	七道房社区居委会	122.339879	39.873081	1	80	97	医疗
210281212210	新农村委会	121.731140	39.624389	1	80	100	政府机构
210203010007	河园社区居委会	121.633973	38.881058	0	30	58	乡镇
210281008204	潘大屯村委会	121.875404	39.738319	1	80	97	政府机构
210204017008	星北社区居委会	121.577504	38.885697	0	30	51	乡镇
210214005006	大岭社区居委会	122.350424	39.443244	0	16	65	乡镇
210281101202	双龙村委会	121.730525	39.729419	0	16	47	乡镇
210214010204	姜隈村委会	122.170100	39.421910	0	18	40	乡镇
210283005001	迎春社区居委会	122.626174	39.556946	0	16	65	乡镇
210281112212	马圈村委会	121.825122	39.614641	0	30	72	村庄
210283105226	大谭村委会	123.448787	39.813276	1	80	100	政府机构
210211004010	六闾社区居委会	121.615494	39.007040	0	25	55	乡镇
210281206204	丁屯村委会	121.667744	39.788003	1	80	100	政府机构
210211014010	书香门第社区居委会	121.481837	38.965942	0	20	50	乡镇
210283115226	东房身村委会	122.769099	39.577981	1	80	100	政府机构
210283109205	英那河村委会	122.974900	39.965911	0	25	47	乡镇
210224103203	英杰村委会	122.721834	39.227029	0	16	38	乡镇
210211400502	黄岭子村委会	121.525000	38.952100	0	14	37	区县
210213027214	车甸村委会	121.809342	39.461585	0	16	65	乡镇
210211009008	秀水社区居委会	121.568496	38.969253	0	30	72	乡镇
210211017016	北山社区居委会	121.707410	39.034440	0	25	70	乡镇
210213019203	王家村委会	121.636500	39.210609	0	30	72	村庄
210213024204	城子村委会	122.113870	39.154479	0	30	72	村庄
210203013001	迎春社区居委会	121.622900	38.889600	1	80	100	政府机构
210214013202	大盛村委会	122.228933	39.663693	0	16	65	乡镇
210283109213	三架山村委会	122.974900	39.965911	0	25	47	乡镇
210211014006	清流坊社区居委会	121.481837	38.965942	0	20	50	乡镇
210211004006	东山社区居委会	121.615494	39.007040	0	25	70	乡镇
210281112204	雅化村委会	121.815415	39.673341	1	80	100	政府机构
210203004005	平等社区居委会	121.625585	38.917272	1	80	100	政府机构
210283002013	小寺居委会	122.956970	39.689649	0	30	72	村庄
210213023200	城东村委会	121.953220	39.317750	0	30	72	村庄
210213026002	格林社区居委会	121.859270	39.031160	0	30	72	村庄
210283120200	东滩村委会	123.084030	39.448500	0	30	72	村庄
210214011004	高瓦房社区居委会	122.282787	39.599816	1	80	97	政府机构
210214014206	初店村委会	122.378907	39.655617	0	60	80	UNKNOWN
210211016200	栾金村委会	121.535181	38.867108	0	60	80	UNKNOWN
210281105200	崔屯村委会	121.864436	39.473193	1	80	100	政府机构
210202010002	石葵社区居委会	121.639877	38.898880	1	80	95	地产小区
210214001004	鑫荣社区居委会	121.969847	39.405023	1	80	100	政府机构
210281115200	李官村委会	122.008052	40.044554	1	80	100	政府机构
210281011208	向阳村委会	121.415220	39.438681	0	25	70	乡镇
210213020210	勇家村委会	122.212196	39.290900	1	80	100	政府机构
210283001003	城关居委会	122.993607	39.670623	0	25	70	乡镇
210281106210	唐屯村委会	122.233524	39.949643	0	16	65	乡镇
210283118212	殿义村委会	123.090771	39.785381	0	16	38	乡镇
210281113205	前大地村委会	121.550837	39.790887	0	18	40	乡镇
210214007001	洼子店社区居委会	122.171955	39.354903	1	80	97	政府机构
210283108212	朝阳寺村委会	123.218116	40.033151	1	80	100	政府机构
210211015007	兰丰社区居委会	121.723130	39.107052	0	50	82	道路
210214012203	金鸡村委会	122.370557	39.825724	1	80	100	政府机构
210214017001	乐甲社区居委会	121.940000	39.391899	0	14	37	区县
210213030007	钓鱼台社区居委会	121.865445	39.329485	0	18	66	乡镇
210213025205	得胜村委会	121.971360	39.160781	0	30	72	村庄
210213008202	吴家村委会	121.742767	39.058959	0	30	72	村庄
210211018009	骏腾社区居委会	121.605588	39.002236	0	25	55	乡镇
210281204203	杨店村委会	121.852339	39.838089	0	18	66	村庄
210211016017	大有文园社区居委会	121.513414	38.885444	0	60	87	地产小区
210211008009	天发社区居委会	121.592441	38.984986	1	80	100	政府机构
210224101204	褡裢村委会	122.734529	39.030325	0	18	40	乡镇
210204008001	广场社区居委会	121.552191	38.920642	1	80	97	生活服务
210211001013	绿洲社区居委会	121.579488	38.953147	0	30	72	乡镇
210281203207	温家村委会	121.914163	39.977724	0	16	65	村庄
210281107211	大岗寨村委会	122.046009	39.973493	0	30	58	村庄
210281010209	肖炉村委会	121.979000	39.627100	0	12	26	区县
210283005200	坎子村委会	122.626174	39.556946	0	16	65	乡镇
210213021211	拉树山村委会	121.628651	39.251829	0	30	58	村庄
210283101208	孔家村委会	123.238987	39.821417	1	80	100	政府机构
210214005207	三官村委会	122.301632	39.477342	1	80	100	政府机构
210202011003	自由社区居委会	121.654968	38.881144	1	80	100	政府机构
210211017201	大连湾村委会	121.707410	39.034440	0	25	70	乡镇
210283111208	大华村委会	122.735375	39.859506	1	80	100	政府机构
210214010005	塔寺社区居委会	122.170100	39.421910	0	18	66	乡镇
210202001003	春景社区居委会	121.668228	38.920674	0	30	58	乡镇
210281205500	苇套农场生活区	121.979000	39.627100	0	12	34	区县
210213022201	李家沟村委会	122.025460	39.266141	0	30	72	村庄
210283003012	小河东居委会	122.991878	39.708191	0	20	67	乡镇
210213027003	于咀社区居委会	121.809342	39.461585	0	16	47	乡镇
210203005004	北岗社区居委会	121.616160	38.916111	0	25	55	乡镇
210214013003	吕店社区居委会	122.228933	39.663693	0	16	47	乡镇
210214016201	同益村委会	122.289224	39.885090	1	80	100	政府机构
210281107207	洪屯村委会	122.070318	40.049049	1	80	100	政府机构
210283208206	歇马村委会	122.970832	39.853937	1	80	100	政府机构
210214006201	金山村委会	122.544800	39.603420	0	30	72	村庄
210214003003	龙山社区居委会	121.984034	39.380230	1	80	100	政府机构
210281117207	后元村委会	122.095422	39.582003	0	16	65	乡镇
210211001005	周南社区居委会	121.579488	38.953147	0	30	58	乡镇
210283005216	大崔村委会	122.592666	39.530186	1	80	100	政府机构
210224100004	三盘碾子居委会	122.519898	39.230389	0	18	40	乡镇
210281210201	闫屯村委会	121.636908	39.529053	0	16	65	村庄
210213019002	前石社区居委会	121.699160	39.205539	0	25	55	乡镇
210214005211	修屯河村委会	122.303037	39.437213	1	80	100	政府机构
210213027500	东风农场生活区	121.813569	39.506362	1	75	95	UNKNOWN
210211002015	金山社区居委会	121.707853	39.093026	1	80	100	政府机构
210213009002	鑫润社区居委会	121.743948	39.097644	1	80	100	政府机构
210283003004	胜利居委会	122.980820	39.704556	1	80	100	政府机构
210281101500	大河农场生活区	121.761390	39.739689	0	30	72	UNKNOWN
210211015011	润秀社区居委会	121.547680	38.923641	0	25	70	乡镇
210281103213	松树村委会	122.106953	39.833576	1	80	100	政府机构
210283118204	三尖泡村委会	123.090771	39.785381	0	16	65	乡镇
210281001009	轴前社区居委会	121.979000	39.627100	0	12	29	区县
210214011205	潘店村委会	122.265692	39.555799	1	80	100	政府机构
210202005001	福寿社区居委会	121.651338	38.929330	0	30	72	乡镇
210214014007	杜家社区居委会	121.940000	39.391899	0	14	37	区县
210213003008	芙蓉社区居委会	121.692138	39.091921	0	25	70	乡镇
210211016001	小平岛第一社区居委会	121.534818	38.882798	0	25	55	乡镇
210214004007	海新社区居委会	121.969360	39.390721	0	25	55	乡镇
210214001205	长山寺村委会	122.078803	39.419017	0	25	55	旅游景点
210211006001	井东社区居委会	121.588910	39.022921	0	25	55	乡镇
210213013008	高合社区居委会	121.839887	39.069248	0	18	49	乡镇
210203001006	虹桥社区居委会	121.594799	38.933685	1	80	100	政府机构
210281009205	广福村委会	121.345678	39.557574	1	70	86	UNKNOWN
210203011006	长春路社区居委会	121.615250	38.903041	0	25	70	乡镇
210204006009	香华社区居委会	121.589549	38.928296	1	80	100	政府机构
210214009002	赵屯社区居委会	122.148001	39.497615	0	16	47	乡镇
210202008004	青泥社区居委会	121.636233	38.921238	0	30	72	乡镇
210214019002	顾家社区居委会	121.940000	39.391899	0	14	37	区县
210213027225	邓屯村委会	121.809342	39.461585	0	16	65	乡镇
210211021400	七贤岭街道社区	121.529237	38.854647	0	30	72	商圈
210281001002	桃园社区居委会	122.002772	39.636598	1	80	100	政府机构
210283115201	钟屯村委会	122.707671	39.596689	0	30	58	村庄
210213003003	胜利东社区居委会	121.692138	39.091921	0	25	55	乡镇
210211008014	北府花园社区居委会	121.589846	38.992651	0	60	87	地产小区
210213013003	石城社区居委会	121.839887	39.069248	0	18	66	乡镇
210283105201	凤堡村委会	123.435941	39.861509	0	25	47	乡镇
210283214500	兰店农场生活区	123.056729	39.710588	0	18	40	村庄
210212012206	郭家沟村委会	121.341160	38.824129	0	30	72	村庄
210281002012	长城社区居委会	121.965747	39.620316	1	80	100	政府机构
210204006002	泰安社区居委会	121.581474	38.936225	0	30	72	乡镇
210213004007	松海社区居委会	121.775796	39.032043	1	80	95	地产小区
210283112205	万亿村委会	122.610068	39.827067	1	80	100	政府机构
210283102205	前洼村委会	122.977869	39.779770	0	18	66	乡镇
210213014007	赵家社区居委会	121.813026	39.167254	0	18	66	乡镇
210214003008	南苑社区居委会	121.966566	39.394635	1	80	100	政府机构
210212005202	三八里村委会	121.269710	38.853929	1	80	100	政府机构
210204011006	锦苑社区居委会	121.559558	38.937614	0	30	72	乡镇
210213009009	民馨社区居委会	121.766184	39.083093	0	25	70	乡镇
210211019202	夏家河子村民委员会	121.509551	39.020239	0	30	72	村庄
210283101215	河川村委会	123.212604	39.864458	0	16	38	乡镇
210283216205	花山村委会	122.975750	39.513620	0	30	72	村庄
210213014011	富岭社区居委会	121.813026	39.167254	0	18	49	乡镇
210281109204	七间房村委会	121.558783	39.489833	1	80	100	政府机构
210214008202	清水河村委会	122.257779	39.391861	0	18	66	乡镇
210213004011	金桥社区居委会	121.762148	39.050464	0	25	70	乡镇
210204011010	锦华社区居委会	121.559558	38.937614	0	30	72	乡镇
210281010202	吴店村委会	121.917260	39.559941	0	30	72	村庄
210283101203	盛家村委会	123.267426	39.794774	1	80	100	政府机构
210213012203	什字街村委会	122.020442	39.112688	1	80	100	政府机构
210213017001	正阳社区居委会	122.053580	39.228088	1	80	100	政府机构
210211002008	椒东社区居委会	121.596121	38.970232	0	30	58	乡镇
210202001008	港湾社区居委会	121.668228	38.920674	0	30	58	乡镇
210213007001	体育场社区居委会	121.722110	39.099101	1	80	100	政府机构
210283111203	长岭村委会	122.678279	39.840634	1	80	100	政府机构
210213029016	四十里社区居委会	121.803918	39.287700	1	80	100	政府机构
210212006204	龙王塘村委会	121.395438	38.870929	0	18	66	乡镇
210213027008	三家社区居委会	121.759578	39.471943	1	80	100	政府机构
210283118219	和平村委会	123.172290	39.807771	0	30	72	村庄
210212011200	周家村委会	121.302123	38.901129	1	80	100	政府机构
210211020207	对门沟村委会	121.394890	38.975567	1	80	100	政府机构
210204005004	恒苑社区居委会	121.574250	38.916139	1	80	100	政府机构
210283211201	岭东村委会	122.602717	39.978784	0	16	65	乡镇
210213013015	翰林社区居委会	121.839887	39.069248	0	18	49	乡镇
210211008002	永安社区居委会	121.572051	38.991983	0	30	72	乡镇
210281007206	云台村委会	122.007691	39.601579	1	80	100	政府机构
210213028200	夏屯村委会	121.644717	39.385064	1	80	100	政府机构
210281002004	新立社区居委会	121.997821	39.619111	1	80	100	政府机构
210212007205	对庄沟村委会	121.186617	38.769465	1	80	100	政府机构
210212400204	方家村委会	121.147322	38.807947	0	50	67	工业园区
210283204214	花院村委会	123.355723	39.930836	0	25	47	乡镇
210281011203	北炭窑村委会	121.415220	39.438681	0	25	55	乡镇
210283001008	向阳居委会	122.993607	39.670623	0	25	70	乡镇
210281004001	世纪社区居委会	121.979000	39.627100	0	12	44	区县
210281118205	曲店村委会	122.049885	39.704702	1	80	95	UNKNOWN
210281108205	孔家村委会	121.891690	39.920861	0	25	70	乡镇
210214019203	费屯村委会	122.124030	39.768964	1	80	100	政府机构
210281006207	万宝村委会	122.026790	39.646001	0	30	72	村庄
210211009003	兴民社区居委会	121.582261	38.970905	1	80	100	政府机构
210213019208	小莲泡村委会	121.698434	39.229046	1	80	100	政府机构
210283114216	吕沟村委会	122.794960	39.786171	0	16	65	乡镇
210281205209	许家村委会	121.768200	39.826170	0	30	72	村庄
210212401507	大龙沟村委会	121.349890	38.890850	1	75	95	UNKNOWN
210212010201	曹家村委会	121.261642	38.922531	0	16	65	乡镇
210204004005	新华社区居委会	121.597284	38.896587	0	30	72	乡镇
210283109218	木盂山村委会	122.925778	40.126108	1	80	100	政府机构
210213001004	福利街社区居委会	121.718158	39.115300	1	80	95	地产小区
210281006211	孙屯村委会	121.979000	39.627100	0	12	44	区县
210204017003	星海公园社区居委会	121.564540	38.879899	1	80	100	政府机构
210212006005	玉龙社区居委会	121.395438	38.870929	0	18	66	乡镇
210213027209	磙桥村委会	121.809342	39.461585	0	16	65	乡镇
210213012002	金山社区居委会	121.707853	39.093026	1	80	100	政府机构
210283101002	西街居委会	123.212604	39.864458	0	16	65	乡镇
210283104200	山南头村委会	123.178885	39.708565	0	30	72	村庄
210281101209	东瓦村委会	121.712333	39.689787	1	80	100	政府机构
210213007200	中长村委会	121.730840	39.112479	1	80	100	政府机构
210283114200	北关村委会	122.717800	39.766699	0	30	72	村庄
210213002002	爱民社区居委会	121.714062	39.113861	1	80	100	政府机构
210214018003	一塔社区居委会	121.940000	39.391899	0	14	46	区县
210214008003	胡家社区居委会	122.252868	39.427039	1	80	100	政府机构
210281208211	青山村委会	121.652278	39.627172	1	80	100	政府机构
210211016026	栾山社区居委会	121.534818	38.882798	0	25	70	乡镇
210281007007	铭城社区居委会	121.979000	39.627100	0	12	29	区县
210213028001	东山社区居委会	121.648777	39.432345	0	16	65	乡镇
210212007213	杨树沟村委会	121.191227	38.772653	0	18	66	乡镇
210213008008	新希望社区居委会	121.726645	39.071502	0	25	55	乡镇
210283204202	高房村委会	123.355723	39.930836	0	25	70	乡镇
210283110214	东义村委会	122.856736	39.941704	0	16	38	乡镇
210204010007	振华社区居委会	121.548888	38.875780	0	30	72	乡镇
210214002009	玉皇庙社区居委会	122.022609	39.504633	1	80	100	政府机构
210281108213	邢家村委会	121.891690	39.920861	0	25	70	乡镇
210213005006	金源北里社区居委会	121.816049	39.059008	1	80	100	政府机构
210214001202	北台村委会	122.063798	39.372232	1	80	100	政府机构
210211018018	丽城社区居委会	121.605588	39.002236	0	25	55	乡镇
210202005006	海港社区居委会	121.651338	38.929330	0	30	72	乡镇
210211016006	新新社区居委会	121.534818	38.882798	0	25	70	乡镇
210203011001	石葵社区居委会	121.639877	38.898880	1	80	95	地产小区
210203001001	工人村社区居委会	121.598587	38.934995	0	30	72	乡镇
210204008010	兰青社区居委会	121.566391	38.910551	1	80	97	生活服务
210283118203	光华村委会	123.053299	39.788724	1	80	100	政府机构
210224102205	瓜皮村委会	122.346670	39.159679	0	30	51	UNKNOWN
210214005216	新台村委会	122.350424	39.443244	0	16	65	乡镇
210283101219	新华村委会	123.227820	39.905391	0	30	72	村庄
210211002012	金龙社区居委会	121.596599	38.975605	1	80	100	政府机构
210213009005	响泉社区居委会	121.766184	39.083093	0	25	55	乡镇
210224100003	东山居委会	122.519898	39.230389	0	18	66	乡镇
210211017210	毛茔子村委会	121.670431	39.071302	1	80	100	政府机构
210283003003	光复居委会	122.975543	39.709404	1	80	100	政府机构
210214003004	唐房社区居委会	121.989192	39.341336	1	80	100	政府机构
210283208201	大赵村委会	122.891651	39.832418	1	80	100	政府机构
210211001002	周发社区居委会	121.570823	38.946712	1	80	100	政府机构
210283102209	衣屯村委会	122.977869	39.779770	0	18	40	乡镇
210214016206	和平村委会	122.328647	39.934952	1	80	100	政府机构
210214013004	刘大社区居委会	122.228933	39.663693	0	16	47	乡镇
210281107200	东马屯村委会	122.220570	39.969710	0	30	72	村庄
210211014200	大辛寨子村委会	121.509710	38.975312	1	80	100	政府机构
210213021200	大莲泡村委会	121.709430	39.253050	0	25	47	乡镇
210211017206	后盐村委会	121.640413	39.022783	1	80	100	政府机构
210281210210	五间房村委会	121.636908	39.529053	0	16	65	村庄
210202001004	春德社区居委会	121.668228	38.920674	0	30	58	乡镇
210214010002	双泉寺社区居委会	122.170100	39.421910	0	18	49	乡镇
210202011004	洪顺社区居委会	121.661592	38.880084	0	18	49	乡镇
210213027004	鲍鱼岛社区居委会	121.809342	39.461585	0	16	47	乡镇
210213022206	新石村委会	121.999870	39.307449	0	30	72	村庄
210203005003	更生社区居委会	121.616160	38.916111	0	25	55	乡镇
210211001014	鹏辉社区居委会	121.597701	38.953537	1	80	100	政府机构
210281203200	土城村委会	121.914163	39.977724	0	16	65	村庄
210283005207	老古林村委会	122.641495	39.616446	1	80	100	政府机构
210211016010	屹馨大山中心社区居委会	121.506367	38.877901	0	60	87	UNKNOWN
210224101203	大耗村委会	122.734529	39.030325	0	18	40	乡镇
210211006010	井南社区居委会	121.588910	39.022921	0	25	70	乡镇
210281002008	瓦纺社区居委会	121.968470	39.622822	1	80	95	政府机构
210283108215	吴山咀村委会	123.162490	39.998547	0	16	65	乡镇
210281103202	宋屯村委会	122.112038	39.846040	0	18	66	乡镇
210281113202	沟口村委会	121.550837	39.790887	0	18	66	乡镇
210213025202	东金村委会	121.996910	39.155789	0	30	72	村庄
210204005008	如意社区居委会	121.585010	38.911100	1	80	100	政府机构
210283001004	工会居委会	122.993607	39.670623	0	25	70	乡镇
210281108209	沙包村委会	121.891690	39.920861	0	25	70	乡镇
210203004002	广和社区居委会	121.624349	38.913201	0	30	58	乡镇
210212400208	大口井村委会	121.147322	38.807947	0	50	67	工业园区
210213026005	港湾社区居委会	121.859270	39.031160	0	30	58	村庄
210213023207	苏屯村委会	121.933562	39.242216	1	80	100	政府机构
210283002014	暖水居委会	122.955722	39.682966	0	25	55	乡镇
210212007209	张家村委会	121.139250	38.746720	0	30	72	村庄
210214001003	古城社区居委会	121.971230	39.408224	1	80	100	政府机构
210202010005	青云社区居委会	121.645164	38.892257	1	80	100	政府机构
210281115207	西阳台村委会	121.988522	40.033888	0	16	38	乡镇
210214011003	于店社区居委会	122.302700	39.651209	0	30	72	UNKNOWN
210203013006	拥警社区居委会	121.602465	38.905059	1	80	100	政府机构
210213024203	太山村委会	122.077417	39.172088	0	30	72	村庄
210213021001	七顶山社区居委会	121.701660	39.247669	0	50	82	UNKNOWN
210281112203	后三十里堡村委会	121.811158	39.627394	1	80	100	政府机构
210281117001	前元居委会	122.095422	39.582003	0	16	47	乡镇
210211014001	美林园社区居委会	121.519346	38.973077	0	50	82	地产小区
210281107001	许屯居委会	122.152670	40.005213	0	16	47	乡镇
210283109214	小峪村委会	122.974900	39.965911	0	25	70	乡镇
210211400505	小磨子村委会	121.525000	38.952100	0	14	29	区县
210204009007	园中园社区居委会	121.547176	38.897622	0	25	70	乡镇
210213027213	大冯家村委会	121.809342	39.461585	0	16	65	乡镇
210281205205	万家村委会	121.743120	39.856830	0	30	72	村庄
210211007011	湖西社区居委会	121.539861	38.981424	0	25	70	乡镇
210224100202	三官庙村委会	122.519898	39.230389	0	18	66	乡镇
210213019204	玉田村委会	121.699160	39.205539	0	25	70	乡镇
210281101213	小逄村委会	121.663373	39.721812	1	80	100	政府机构
210281206203	泉水村委会	121.675509	39.834941	0	30	72	村庄
210204009011	星海人家社区居委会	121.582308	38.897774	0	50	82	地产小区
210281008203	榆树房村委会	121.875404	39.738319	1	80	94	政府机构
210281101205	永丰村委会	121.720345	39.730989	1	80	100	政府机构
210214015001	王山头社区居委会	122.522210	39.650700	0	30	72	UNKNOWN
210214010203	巴家村委会	122.201556	39.481926	1	80	100	政府机构
210211007007	新盛社区居委会	121.539861	38.981424	0	25	70	乡镇
210281205213	西楼沟村委会	121.807903	39.794764	1	80	100	政府机构
210214005001	新海社区居委会	122.350424	39.443244	0	16	65	乡镇
210283001012	巨兴居委会	122.964670	39.696210	1	80	100	政府机构
210213020201	邹家村委会	122.182278	39.282993	0	18	66	乡镇
210213029020	青岛社区居委会	121.798921	39.273404	0	30	58	乡镇
210211015201	张家村委会	121.515630	38.934629	0	30	72	村庄
210283113208	胜利村委会	122.606880	39.680240	0	30	72	村庄
210281103003	工农居委会	122.112038	39.846040	0	18	66	乡镇
210202003003	林景社区居委会	121.661710	38.913362	0	50	73	道路
210214012005	转山社区居委会	122.404584	39.862721	0	16	65	乡镇
210214002005	碧海社区居委会	121.957021	39.407286	1	80	100	政府机构
210283209200	谦泰村委会	122.695279	40.027140	0	30	72	村庄
210283002002	明星居委会	122.955722	39.682966	0	25	70	乡镇
210212009201	山头村委会	121.135060	38.908411	0	30	72	村庄
210224104200	盐场村委会	123.187503	39.058212	0	18	66	乡镇
210224101002	东獐居委会	122.729890	39.026220	0	30	58	村庄
210281115211	矿洞山村委会	121.965402	40.084965	1	80	100	政府机构
210213008004	联胜社区居委会	121.726645	39.071502	0	25	55	乡镇
210281201207	郑屯村委会	122.008350	39.894410	0	25	70	村庄
210283002003	赛屯居委会	122.955722	39.682966	0	25	55	乡镇
210212009200	艾子口村委会	121.128224	38.933094	1	80	100	政府机构
210224104201	西邦村委会	123.187503	39.058212	0	18	40	乡镇
210224101003	西獐居委会	122.734529	39.030325	0	18	49	乡镇
210281115210	龙王庙村委会	121.941170	40.081889	0	30	72	村庄
210213008005	环保社区居委会	121.726645	39.071502	0	25	70	乡镇
210281201206	河洼村委会	122.010400	39.855430	0	30	72	村庄
210213025002	新得社区居委会	121.973457	39.144734	0	18	66	乡镇
210283001013	黄金居委会	122.964017	39.694504	1	80	100	政府机构
210213020200	杏树村委会	122.182278	39.282993	0	18	40	乡镇
210281106200	冒山村委会	122.233524	39.949643	0	16	38	乡镇
210281103002	解放居委会	122.112038	39.846040	0	18	66	乡镇
210214012004	俭汤社区居委会	122.420331	39.909959	0	30	72	餐饮
210281116200	仙浴湾村委会	121.517839	39.706581	1	80	100	政府机构
210214002004	农场社区居委会	121.967034	39.427357	1	80	100	政府机构
210281008202	罗家沟村委会	121.875404	39.738319	1	80	95	政府机构
210212006008	丰顺社区居委会	121.395438	38.870929	0	18	49	乡镇
210204009010	海建社区居委会	121.551368	38.884893	1	80	100	政府机构
210203010001	新兴社区居委会	121.633973	38.881058	0	30	72	乡镇
210281101204	大窑村委会	121.703065	39.737019	1	80	100	政府机构
210211007006	金兴社区居委会	121.560637	38.973670	1	80	100	政府机构
210281205212	马厂村委会	121.739167	39.847949	0	16	65	村庄
210283115220	高阳村委会	122.742169	39.621844	1	80	100	政府机构
210283109203	仙人洞村委会	122.974900	39.965911	0	25	70	乡镇
210211014016	辛归社区居委会	121.481837	38.965942	0	20	67	乡镇
210224103205	复兴村委会	122.713402	39.223012	1	80	100	政府机构
210211004016	滨海社区居委会	121.670690	38.882697	1	90	100	政府机构
210283105220	协成村委会	123.435941	39.861509	0	25	70	乡镇
210211400504	北园村委会	121.525000	38.952100	0	14	32	区县
210204009006	台扩社区居委会	121.563330	38.901595	1	80	100	政府机构
210213027212	玉皇庙村委会	121.713740	39.501791	0	30	72	村庄
210281205204	谭家村委会	121.739167	39.847949	0	16	65	村庄
210211007010	万众社区居委会	121.548583	38.980045	1	80	100	政府机构
210224100203	杨家村委会	122.519898	39.230389	0	18	66	乡镇
210213019205	刘家村委会	121.699160	39.205539	0	25	70	乡镇
210281101212	岗后村委会	121.730525	39.729419	0	16	65	乡镇
210203013007	民运社区居委会	121.602500	38.898781	0	25	70	乡镇
210213024202	盘道村委会	122.078715	39.153546	0	18	66	乡镇
210281112202	虎头村委会	121.785315	39.703579	1	80	100	政府机构
210283109215	马道口村委会	122.982679	40.066791	0	30	72	村庄
210203004003	红岩社区居委会	121.624349	38.913201	0	30	72	乡镇
210213026004	奇瑞社区居委会	121.859270	39.031160	0	30	58	村庄
210212400209	董家村委会	121.147322	38.807947	0	50	50	工业园区
210212007208	郭家村委会	121.191227	38.772653	0	18	66	乡镇
210283002015	公园社区居委会	122.942363	39.705876	0	25	70	乡镇
210214001002	台山社区居委会	122.059792	39.413585	0	18	49	乡镇
210281201210	新立村委会	121.986835	39.832261	1	80	100	政府机构
210281115206	孤家子村委会	121.962404	39.995193	1	80	100	政府机构
210283204219	玉石岭村委会	123.355723	39.930836	0	25	70	乡镇
210214011002	邹店社区居委会	122.254845	39.588490	1	80	97	UNKNOWN
210281105206	卢屯村委会	122.133291	39.647084	1	80	100	政府机构
210283001005	东风居委会	122.993607	39.670623	0	25	70	乡镇
210214002012	圈龙山社区居委会	121.962399	39.452025	0	18	49	乡镇
210281108208	吕家村委会	121.840790	39.924767	1	80	100	政府机构
210281212200	杨家村委会	121.758350	39.643869	0	25	70	乡镇
210211015001	红港家属委员会居委会	121.547680	38.923641	0	25	47	乡镇
210283108214	福宁村委会	123.162490	39.998547	0	16	65	乡镇
210281113203	梁西村委会	121.573466	39.739715	1	80	100	政府机构
210213025203	西金村委会	121.613087	38.918500	0	50	65	道路
210213030001	景明社区居委会	121.867081	39.333937	1	80	100	政府机构
210204005009	永吉社区居委会	121.584750	38.912670	1	80	100	政府机构
210211016011	绘春社区居委会	121.534722	38.885186	1	80	100	政府机构
210213013018	名苑社区居委会	121.839887	39.069248	0	18	49	乡镇
210211006011	兴南社区居委会	121.588910	39.022921	0	25	70	乡镇
210281204205	闫店村委会	121.852339	39.838089	0	18	66	村庄
210281002009	岗东社区居委会	121.968470	39.622822	1	80	97	政府机构
210281109209	前进村委会	121.562006	39.471344	1	80	100	政府机构
210211001015	星加坡社区居委会	121.579488	38.953147	0	30	51	乡镇
210281203201	王崴村委会	121.894038	40.027447	1	80	100	政府机构
210283005206	王派村委会	122.626174	39.556946	0	16	38	乡镇
210211017207	前盐村委会	121.640824	39.018932	0	50	73	UNKNOWN
210281101005	古城社区	121.730525	39.729419	0	16	65	乡镇
210281210211	高屯村委会	121.636908	39.529053	0	16	65	村庄
210214015201	河沿村委会	122.541756	39.664525	0	18	66	乡镇
210202001005	春山社区居委会	121.668228	38.920674	0	30	58	乡镇
210214010003	唐家房社区居委会	122.172503	39.389693	0	60	87	医疗
210211002005	金峰社区居委会	121.596121	38.970232	0	30	72	乡镇
210213009012	鸿玮社区居委会	121.766184	39.083093	0	25	70	乡镇
210213027005	老庙社区居委会	121.809342	39.461585	0	16	47	乡镇
210213022207	于家村委会	122.033207	39.275798	0	18	66	乡镇
210203005002	九三社区居委会	121.615583	38.916699	1	80	100	政府机构
210214003005	矿洞社区居委会	122.017471	39.366978	0	18	49	乡镇
210202012003	杏花社区居委会	121.688362	38.887224	1	80	100	政府机构
210283208200	太平岭村委会	122.940318	39.852766	0	18	66	乡镇
210211001003	周兴社区居委会	121.579488	38.953147	0	30	58	乡镇
210283102208	宫洼村委会	122.909427	39.761727	1	80	95	UNKNOWN
210213011208	山口村委会	121.925576	39.076238	0	30	72	村庄
210281117201	八家村委会	122.095422	39.582003	0	16	65	乡镇
210214013005	矫沟社区居委会	122.228933	39.663693	0	16	65	乡镇
210281107201	北瓦房店村委会	122.155820	39.972350	0	30	72	村庄
210283112208	吉顺村委会	122.574548	39.841056	1	80	100	政府机构
210211014201	大东沟村委会	121.463511	38.978044	1	80	100	政府机构
210213021201	付家村委会	121.709430	39.253050	0	25	70	乡镇
210202011013	滨海社区居委会	121.670690	38.882697	1	90	100	政府机构
210211002013	金泉社区居委会	121.596121	38.970232	0	30	72	乡镇
210213009004	康居社区居委会	121.766184	39.083093	0	25	70	乡镇
210224100002	四块石居委会	122.519898	39.230389	0	18	49	乡镇
210281210207	张店村委会	121.662000	39.509861	0	30	72	村庄
210211017211	苏家村委会	121.707410	39.034440	0	25	70	乡镇
210283003002	后窑居委会	122.991878	39.708191	0	20	50	乡镇
210213022211	华东村委会	122.047612	39.281534	1	80	100	政府机构
210283118202	小房身村委会	123.032843	39.767198	1	80	100	政府机构
210283108202	石岭村委会	123.162490	39.998547	0	16	65	乡镇
210283004006	将军湖社区居委会	122.941232	39.661401	0	18	49	乡镇
210281204213	倪洼村委会	121.887420	39.835480	0	30	58	UNKNOWN
210214001203	马家沟村委会	122.099560	39.442920	0	30	72	村庄
210211006007	姚宏社区居委会	121.613605	39.021551	1	80	100	政府机构
210211018019	滨河社区居委会	121.605588	39.002236	0	25	70	乡镇
210214014001	张屯社区居委会	121.940000	39.391899	0	14	37	区县
210214011203	高家村委会	122.247390	39.529560	0	30	72	村庄
210211016007	新科硅谷社区居委会	121.527171	38.855869	1	80	95	地产小区
210204010006	书香园社区居委会	121.545246	38.873602	0	25	70	地产小区
210214002008	快马厂社区居委会	121.962399	39.452025	0	18	49	乡镇
210281108212	姜家村委会	121.891690	39.920861	0	25	70	乡镇
210213005007	金源南里社区居委会	121.820198	39.055033	1	80	100	政府机构
210281007006	振华社区居委会	121.979000	39.627100	0	12	34	区县
210212007212	北鸦户嘴村委会	121.191227	38.772653	0	18	35	乡镇
210283214203	磨石房村委会	123.030440	39.685670	0	30	58	村庄
210213008009	新里程社区居委会	121.726645	39.071502	0	25	55	乡镇
210214018002	珍珠河社区居委会	122.479860	39.786799	0	30	72	UNKNOWN
210283107211	红丰村委会	123.088483	39.876538	0	18	66	乡镇
210214008002	河西社区居委会	122.272648	39.396613	1	80	100	政府机构
210281006210	砟窑村委会	122.047940	39.631869	0	30	58	UNKNOWN
210204017002	龙江路社区居委会	121.556020	38.881539	0	30	72	道路
210212006004	明珠社区居委会	121.395438	38.870929	0	18	66	乡镇
210213027208	老染房村委会	121.739628	39.474693	1	80	95	医疗
210213012003	金满社区居委会	122.015947	39.096997	1	80	95	地产小区
210283101003	中兴社区居委会	123.212604	39.864458	0	16	65	乡镇
210283104201	沈家村委会	123.193991	39.714269	0	30	72	村庄
210213007201	东风村委会	121.734632	39.104700	0	30	72	村庄
210281101208	大河村委会	121.730525	39.729419	0	16	65	乡镇
210213002003	金华社区居委会	121.707904	39.108270	1	80	100	政府机构
210211009014	华国社区居委会	121.579087	38.976972	1	80	100	政府机构
210212010200	东泥河村委会	121.238480	38.904261	0	30	72	村庄
210204004004	集贤社区居委会	121.597284	38.896587	0	30	72	乡镇
210213001005	憬园河畔社区居委会	121.723217	39.125085	0	50	82	地产小区
210281208206	红旗村委会	121.627849	39.630882	1	80	100	政府机构
210283107207	新房村委会	123.069100	39.897820	1	80	100	政府机构
210283101500	青堆沙岭农场生活区	123.239800	39.773960	1	75	95	UNKNOWN
210281003004	爱民社区居委会	121.979000	39.627100	0	12	34	区县
210211009002	兴富社区居委会	121.585459	38.977563	1	80	95	地产小区
210283114217	金线沟村委会	122.794960	39.786171	0	16	38	乡镇
210213019209	荞麦山村委会	121.594360	39.196780	0	30	58	村庄
210211019002	康健社区居委会	121.526175	39.023432	0	18	49	乡镇
210281205208	西杨村委会	121.733277	39.825515	1	80	100	政府机构
210212401506	山川柳村委会	121.349890	38.890850	1	75	90	UNKNOWN
210281011202	前哨村委会	121.409277	39.374841	1	80	100	政府机构
210283001009	财政居委会	122.993607	39.670623	0	25	70	乡镇
210281118204	瓦窝村委会	122.090336	39.740410	1	80	100	政府机构
210283113213	吉庆村委会	122.703780	39.702600	0	30	72	村庄
210213005011	金源名府社区居委会	121.812564	39.057731	1	70	92	地产小区
210281108204	潘家沟村委会	121.889210	39.918930	0	30	72	村庄
210212007204	柏岚子村委会	121.219079	38.753226	0	30	58	村庄
210212400205	高家村委会	121.147322	38.807947	0	50	67	工业园区
210212002006	立新社区居委会	121.273246	38.812840	0	30	72	乡镇
210281007010	香山社区居委会	121.979000	39.627100	0	12	34	区县
210213006001	临港社区居委会	121.821590	39.023620	0	25	70	乡镇
210283115001	唐府社区居委会	122.819590	39.595530	0	30	72	UNKNOWN
210283110203	大岭村委会	122.856736	39.941704	0	16	65	乡镇
210283204215	金山村委会	123.344020	39.984201	0	30	72	村庄
210213016001	振兴社区居委会	121.940448	39.200562	0	18	66	乡镇
210202010008	葵英社区居委会	121.645623	38.903314	1	80	95	地产小区
210283211200	桂云花村委会	122.602717	39.978784	0	16	38	乡镇
210281204209	薛家村委会	121.792330	39.890541	0	30	72	村庄
210283105216	大屯村委会	123.457020	39.772741	0	30	72	村庄
210213013014	蓝湾社区居委会	121.839887	39.069248	0	18	49	乡镇
210211018003	幸福社区居委会	121.605588	39.002236	0	25	70	乡镇
210211008003	永新社区居委会	121.572051	38.991983	0	30	72	乡镇
210283115216	大林村委会	122.780610	39.655479	0	30	72	村庄
210281007207	北王村委会	121.990382	39.588770	1	80	100	政府机构
210281002005	西环社区居委会	121.997813	39.619107	1	80	100	政府机构
210283118218	龙母村委会	123.172790	39.833541	0	30	72	村庄
210211020206	西小磨子村委会	121.355396	38.990668	0	30	58	村庄
210212011201	刘钟村委会	121.324242	38.917276	0	20	41	乡镇
210204005005	大庆社区居委会	121.577420	38.925109	1	80	100	政府机构
210212004003	龙河社区居委会	121.231722	38.803836	0	20	50	乡镇
210202011009	医校社区居委会	121.661592	38.880084	0	18	66	乡镇
210213012202	满家滩村委会	122.012655	39.080429	0	18	35	乡镇
210211002009	椒北社区居委会	121.596121	38.970232	0	30	51	乡镇
210213002202	龙王庙村委会	121.697308	39.132043	1	80	100	政府机构
210213029017	老爷庙社区居委会	121.798921	39.273404	0	30	72	乡镇
210212003007	大华社区居委会	121.260127	38.807621	0	25	70	乡镇
210213027009	松木岛社区居委会	121.749860	39.400699	0	30	72	UNKNOWN
210283216204	三胜村委会	123.015761	39.523657	1	80	100	政府机构
210214018203	唐屯村委会	122.478205	39.734452	1	80	100	政府机构
210213014010	钟家社区居委会	121.813026	39.167254	0	18	49	乡镇
210213004010	新桥社区居委会	121.790629	39.045377	1	80	100	政府机构
210281005001	站前社区居委会	121.979000	39.627100	0	12	44	区县
210281010203	三甲村委会	121.914314	39.524963	1	80	100	政府机构
210204011011	绿苑社区居委会	121.571182	38.928584	1	80	100	政府机构
210213009008	金润社区居委会	121.766184	39.083093	0	25	55	乡镇
210213017016	蔡家社区居委会	122.083883	39.231850	0	18	66	乡镇
210211019203	羊圈子村民委员会	121.526175	39.023432	0	18	49	乡镇
210283101214	双利村委会	123.233925	39.849003	1	80	100	政府机构
210213029001	民盛社区居委会	121.798990	39.266200	1	80	100	政府机构
210213004006	松林社区居委会	121.774394	39.037719	1	80	100	政府机构
210283112204	郭家村委会	122.615523	39.791861	1	80	100	政府机构
210283102204	复兴村委会	122.987508	39.805418	1	80	100	政府机构
210213011204	英歌石村委会	121.837734	39.127677	1	80	100	政府机构
210213014006	刘半沟社区居委会	121.813026	39.167254	0	18	49	乡镇
210214003009	南荒社区居委会	121.972249	39.391568	1	80	100	政府机构
210212005203	水师营村委会	121.233794	38.854751	0	25	70	乡镇
210204011007	锦云社区居委会	121.556170	38.937071	1	80	100	政府机构
210281010215	前关村委会	121.813719	39.598102	1	80	100	政府机构
210283115200	大郑村委会	122.812623	39.638328	1	80	100	政府机构
210213003002	红旗社区居委会	121.704971	39.103292	1	80	100	政府机构
210211008015	动力院景社区居委会	121.579966	38.996051	0	50	82	地产小区
210213013002	都悦社区居委会	121.839887	39.069248	0	18	66	乡镇
210283105200	双庙村委会	123.401920	39.827971	0	30	72	村庄
210212400004	清苑社区居委会	121.147322	38.807947	0	50	50	工业园区
210281002013	凤凰城社区居委会	121.968470	39.622822	1	80	97	政府机构
210204006003	春柳社区居委会	121.576009	38.939878	1	80	100	政府机构
210214009003	孙店社区居委会	122.148001	39.497615	0	16	47	乡镇
210214019003	雨霖社区居委会	122.208020	39.724351	0	30	72	UNKNOWN
210213027224	广文村委会	121.809342	39.461585	0	16	65	乡镇
210211020210	前牧城驿村委会	121.441665	38.988912	1	80	100	政府机构
210281001003	轧钢社区居委会	121.979000	39.627100	0	12	44	区县
210213005004	东居里二社区居委会	121.805675	39.041232	1	80	100	政府机构
210281108211	杨树房村委会	121.891690	39.920861	0	25	70	乡镇
210204010005	由家社区居委会	121.540831	38.884604	1	90	100	政府机构
210212001003	高升社区居委会	121.275567	38.823188	0	30	72	乡镇
210211020004	雁栖渡社区居委会	121.402037	38.993105	0	18	49	乡镇
210283204200	鞍子山村委会	123.355723	39.930836	0	25	70	乡镇
210213016014	裕景社区居委会	121.940448	39.200562	0	18	49	乡镇
210212400210	隋家村委会	121.147322	38.807947	0	50	67	工业园区
210212007211	中鸦户嘴村委会	121.191227	38.772653	0	18	40	乡镇
210281007005	老皮铺社区居委会	121.979000	39.627100	0	12	29	区县
210214008001	杨树房社区居委会	122.257779	39.391861	0	18	49	乡镇
210281208213	夹河心村委会	121.670661	39.657228	1	80	100	政府机构
210211016024	蓝海社区居委会	121.534818	38.882798	0	25	55	乡镇
210214018001	双塔社区居委会	121.940000	39.391899	0	14	46	区县
210202009007	武昌社区居委会	121.643224	38.909128	0	30	58	乡镇
210283107212	苗家村委会	123.088483	39.876538	0	18	66	乡镇
210283114202	赵家村委会	122.794960	39.786171	0	16	65	乡镇
210213007202	和平村委会	121.748741	39.111539	0	30	72	村庄
210211007009	欣乐社区居委会	121.556165	38.976694	1	80	100	政府机构
210283104202	西阳宫村委会	123.199957	39.722498	0	16	38	乡镇
210204017001	海州社区居委会	121.563480	38.885314	1	80	100	政府机构
210212006007	星月社区居委会	121.395438	38.870929	0	18	66	乡镇
210212010203	许家窑村委会	121.261642	38.922531	0	16	65	乡镇
210204004007	碧海社区居委会	121.597284	38.896587	0	30	72	乡镇
210203013008	康平社区居委会	121.614029	38.904491	1	80	100	政府机构
210283104214	蔡家村委会	123.199957	39.722498	0	16	65	乡镇
210211019001	渤海社区居委会	121.526175	39.023432	0	18	49	乡镇
210212401505	镇泉寺村委会	121.262000	38.851200	0	14	29	区县
210283114214	小营村委会	122.868369	39.708011	0	30	72	村庄
210281006205	八里滚村委会	122.009467	39.712597	1	80	100	政府机构
210204009009	桃山社区居委会	121.547176	38.897622	0	25	70	乡镇
210281108207	谢家村委会	121.805907	39.914038	0	30	72	村庄
210214019201	天城村委会	122.202800	39.820516	1	80	100	政府机构
210281004003	李屯社区居委会	121.765670	39.781650	0	30	72	村庄
210281011201	西海头村委会	121.378540	39.412345	1	80	100	政府机构
210281115209	杏树村委会	121.988522	40.033888	0	16	38	乡镇
210213016002	石磊子社区居委会	121.921617	39.183123	0	30	72	村庄
210213003200	南山村委会	121.706343	39.097971	1	80	100	政府机构
210283110200	蓉花村委会	122.863759	39.936068	1	80	100	政府机构
210212007207	张家沟村委会	121.211859	38.782875	1	80	100	政府机构
210212400206	大潘家村委会	121.147322	38.807947	0	50	50	工业园区
210204008008	兰园社区居委会	121.558800	38.922200	1	80	100	政府机构
210281002006	东风社区居委会	121.997810	39.619104	1	80	100	政府机构
210213028202	裴屯村委会	121.674645	39.395899	1	80	100	政府机构
210283115215	宏发村委会	122.801759	39.634476	0	16	38	乡镇
210283211203	三道岭村委会	122.602717	39.978784	0	16	65	乡镇
210283105215	兴隆村委会	123.435941	39.861509	0	25	55	乡镇
210213013017	山城社区居委会	121.839887	39.069248	0	18	66	乡镇
210211020205	东小磨子村委会	121.374964	38.990331	1	80	100	政府机构
210212011202	李家村委会	121.324242	38.917276	0	20	67	乡镇
210204005006	西山社区居委会	121.574680	38.912169	1	80	100	政府机构
210213022208	大张村委会	122.041540	39.317760	0	30	72	村庄
210204002002	天兴社区居委会	121.598172	38.914229	0	40	72	乡镇
210213029014	北乐社区居委会	121.798921	39.273404	0	30	58	乡镇
210213007003	金东路社区居委会	121.721360	39.106591	1	80	100	政府机构
210211017208	拉树房村委会	121.616103	39.066888	1	75	92	医疗
210213002201	兴民村委会	121.710067	39.119969	1	90	100	政府机构
210213012201	陈家村委会	122.012655	39.080429	0	18	40	乡镇
210283101201	前炉村委会	123.267872	39.833716	1	80	100	政府机构
210213017003	姜家社区居委会	122.083883	39.231850	0	18	66	乡镇
210204011012	绿景社区居委会	121.559558	38.937614	0	30	72	乡镇
210281005002	岭上社区居委会	121.979000	39.627100	0	12	34	区县
210213004013	翠竹社区居委会	121.765832	39.044246	1	80	100	政府机构
210213014013	芳里社区居委会	121.813026	39.167254	0	18	66	乡镇
210281109206	泉眼村委会	121.505060	39.451651	1	80	100	政府机构
210213029002	卫国社区居委会	121.766043	39.272845	1	80	100	政府机构
210213017015	阿尔滨社区居委会	122.008520	39.225290	0	30	72	UNKNOWN
210283101217	大朱村委会	123.212604	39.864458	0	16	65	乡镇
210211019200	中革镇堡村民委员会	121.529665	39.008102	0	40	77	UNKNOWN
210281210208	王屯村委会	121.646572	39.531859	1	80	100	政府机构
210212005200	前夹山村委会	121.238447	38.874574	1	80	100	政府机构
210204011004	绿香社区居委会	121.559558	38.937614	0	30	72	乡镇
210213011207	大树村委会	121.905730	39.100241	0	18	66	乡镇
210283102207	双峰村委会	122.977869	39.779770	0	18	66	乡镇
210281109210	大屯村委会	121.512347	39.416708	1	80	100	政府机构
210213014005	广宁寺社区居委会	121.813026	39.167254	0	18	49	乡镇
210214006208	源发村委会	122.493639	39.558555	1	80	100	政府机构
210213004005	倚园社区居委会	121.799819	39.046273	0	50	82	UNKNOWN
210281002010	岗西社区居委会	121.968470	39.622822	1	80	95	政府机构
210212012204	姜家村委会	121.302767	38.866871	1	80	100	政府机构
210213013001	宜宁社区居委会	121.839887	39.069248	0	18	66	乡镇
210211006008	姚盛社区居委会	121.588910	39.022921	0	25	70	乡镇
210283109220	二道河村委会	122.974900	39.965911	0	25	70	乡镇
210283115203	潘店村委会	122.801759	39.634476	0	16	65	乡镇
210283110001	职工居委会	122.856736	39.941704	0	16	65	乡镇
210211016008	大有恬园社区居委会	121.512224	38.880375	0	50	82	地产小区
210211008016	加洲洋房社区居委会	121.577534	38.993252	1	80	95	地产小区
210213003001	和平小区社区居委会	121.713501	39.104846	0	60	87	地产小区
210213008006	南棉社区居委会	121.726645	39.071502	0	25	70	乡镇
210202010011	林海社区居委会	121.661606	38.903817	1	80	100	政府机构
210281007009	昌盛社区居委会	121.979000	39.627100	0	12	34	区县
210212009203	台山西村委会	121.172402	38.905085	1	80	100	政府机构
210202013001	港兴社区居委会	121.695661	38.919199	0	30	58	乡镇
210214002007	花儿山社区居委会	121.965486	39.474821	0	30	72	村庄
210281106203	团结村委会	122.110370	39.927159	0	30	72	村庄
210211010001	蓝天社区居委会	121.540997	38.948467	0	30	72	乡镇
210281103001	向东居委会	122.013071	39.629338	1	80	100	政府机构
210202003001	湖畔社区居委会	121.657378	38.916339	1	80	100	政府机构
210213025001	新胜社区居委会	121.973457	39.144734	0	18	66	乡镇
210204010009	西南路社区居委会	121.556205	38.886152	1	80	100	政府机构
210213020203	柳家村委会	122.182278	39.282993	0	18	66	乡镇
210211007005	岭西社区居委会	121.539654	38.971608	1	80	100	政府机构
210281205211	三墩台村委会	121.739167	39.847949	0	16	47	村庄
210214005003	城关社区居委会	122.338295	39.397561	1	80	100	政府机构
210211017005	东电居委会	121.707410	39.034440	0	25	70	乡镇
210281101207	古台村委会	121.735653	39.732826	1	80	100	政府机构
210214015003	滕屯社区居委会	122.465631	39.717570	0	30	72	村庄
210203010002	新河社区居委会	121.637452	38.884926	1	80	100	政府机构
210213027207	马炉村委会	121.751368	39.465502	1	80	100	政府机构
210281008201	那屯村委会	121.875404	39.738319	1	80	97	政府机构
210204009013	东方社区居委会	121.547176	38.897622	0	25	70	乡镇
210211004015	甘欣社区居委会	121.615494	39.007040	0	25	70	乡镇
210283105223	大邵村委会	123.502315	39.797635	1	80	100	政府机构
210281206201	泡子村委会	121.651788	39.870483	1	80	100	政府机构
210283109200	冰峪村委会	122.980906	39.974341	1	80	100	政府机构
210283115223	平房村委会	122.742710	39.612911	0	30	72	村庄
210211014015	美邻芳庭社区居委会	121.481837	38.965942	0	20	50	乡镇
210224103206	巴蛸村委会	122.690190	39.238691	0	30	47	UNKNOWN
210281101211	安台村委会	121.681465	39.697620	1	80	100	政府机构
210213019206	连丰村委会	121.733238	39.199332	1	80	100	政府机构
210211017013	丽湾海景社区居委会	121.715273	39.029703	0	60	87	地产小区
210281205207	西柏村委会	121.716079	39.818235	1	80	100	政府机构
210211007013	康盛社区居委会	121.540477	38.978884	1	80	100	政府机构
210211400507	姜家沟村委会	121.525000	38.952100	0	14	37	区县
210204009005	南沙社区居委会	121.572440	38.900060	1	80	100	政府机构
210213027211	小刘村委会	121.733860	39.498601	0	30	72	村庄
210281006209	杨树房村委会	121.979000	39.627100	0	12	44	区县
210281208209	海岛村委会	121.593281	39.586822	1	80	100	政府机构
210211014003	华鑫社区居委会	121.519270	38.958979	1	80	100	政府机构
210214006005	碧流河社区居委会	122.564760	39.604731	1	80	97	UNKNOWN
210281112201	芙蓉村委会	121.789164	39.685476	1	80	100	政府机构
210211004003	站前社区居委会	121.615494	39.007040	0	25	70	乡镇
210211018020	怡佳社区居委会	121.605588	39.002236	0	25	55	乡镇
210213024201	新建村委会	122.045931	39.183530	0	30	72	村庄
210203013004	天池社区居委会	121.608386	38.897504	1	80	100	政府机构
210214014203	韩屯村委会	121.940000	39.391899	0	14	46	区县
210214011001	水门子社区居委会	122.249869	39.570317	0	18	66	乡镇
210281105205	蔡房身村委会	122.011293	39.741679	1	80	100	政府机构
210211016205	河口村委会	121.517710	38.848869	0	30	72	村庄
210214001001	孛兰社区居委会	121.972405	39.395406	1	80	100	政府机构
210202010007	文化社区居委会	121.654510	38.900311	1	80	100	政府机构
210213008010	御龙湾社区居委会	121.726645	39.071502	0	25	70	乡镇
210281115205	曲家沟村委会	121.988522	40.033888	0	16	65	乡镇
210213023205	三家村委会	121.935596	39.278890	0	18	66	乡镇
210281212203	佟山村委会	121.772922	39.629344	1	80	100	政府机构
210214002011	西北山社区居委会	121.957530	39.405451	0	50	73	道路
210283001006	友谊居委会	122.993607	39.670623	0	25	70	乡镇
210213020215	杏林村委会	122.154210	39.277511	0	30	72	村庄
210213030002	春华社区居委会	121.865445	39.329485	0	18	66	乡镇
210211020209	后牧城驿村委会	121.430829	39.006333	0	50	68	UNKNOWN
210213025200	江家村委会	121.973457	39.144734	0	18	66	乡镇
210214007004	南曲社区居委会	122.134333	39.326738	1	80	100	政府机构
210211015002	祥和社区居委会	121.547680	38.923641	0	25	70	乡镇
210281103200	朝阳村委会	122.085509	39.885971	0	30	72	村庄
210281007208	磊山村委会	121.979000	39.627100	0	12	26	区县
210283105219	陶屯村委会	123.435941	39.861509	0	25	70	乡镇
210283115219	半拉山村委会	122.764379	39.618285	1	80	100	政府机构
210211016012	圣岛亲海社区居委会	121.509963	38.833940	0	25	70	旅游景点
210283005205	刘店村委会	122.698769	39.596322	1	80	100	政府机构
210211001016	壹品天城社区居委会	121.583120	38.949742	0	50	82	地产小区
210281203202	富大村委会	121.925860	40.004686	1	80	100	政府机构
210214003010	粉皮墙社区居委会	122.065555	39.340743	1	80	100	政府机构
210213029018	北房身社区居委会	121.798921	39.273404	0	30	58	乡镇
210213027006	红星社区居委会	121.809342	39.461585	0	16	65	乡镇
210213022204	牟家村委会	122.033207	39.275798	0	18	66	乡镇
210203005001	北京街社区居委会	121.613155	38.915560	1	80	100	政府机构
210213009011	松苑社区居委会	121.766184	39.083093	0	25	55	乡镇
210211002006	金旺社区居委会	121.596121	38.970232	0	30	58	乡镇
210202011006	桃源社区居委会	121.655753	38.885832	1	80	100	政府机构
210211017204	前关村委会	121.707410	39.034440	0	25	70	乡镇
210281101006	新城社区	121.730525	39.729419	0	16	65	乡镇
210214015202	中山村委会	122.570779	39.662491	0	30	72	村庄
210202001006	华乐社区居委会	121.668228	38.920674	0	30	72	乡镇
210204011008	锦霞社区居委会	121.546210	38.941171	1	80	100	政府机构
210213021202	梅家村委会	121.759684	39.249858	1	80	100	政府机构
210214013006	孙炉社区居委会	122.228933	39.663693	0	16	65	乡镇
210211014202	由家村委会	121.475490	38.984740	0	30	72	村庄
210281107202	老爷庙村委会	122.146860	39.993421	0	30	72	村庄
210213004009	东山社区居委会	121.762148	39.050464	0	25	70	乡镇
210214003006	虫王庙社区居委会	121.945531	39.339298	1	80	95	地产小区
210283208203	土城村委会	123.282159	40.016291	0	30	45	村庄
210213014009	三房身社区居委会	121.813026	39.167254	0	18	49	乡镇
210281117202	二陶村委会	122.095422	39.582003	0	16	33	乡镇
210283003001	岭前居委会	122.991878	39.708191	0	20	50	乡镇
210202001010	海军广场社区居委会	121.667210	38.915001	1	80	100	政府机构
210224100001	塔山居委会	122.519898	39.230389	0	18	66	乡镇
210281210204	长山寺村委会	121.636908	39.529053	0	16	38	村庄
210211017212	湾浦村委会	121.707410	39.034440	0	25	47	乡镇
210214005214	大尹村委会	122.350424	39.443244	0	16	65	乡镇
210213009007	桃园社区居委会	121.766184	39.083093	0	25	70	乡镇
210211002010	椒中社区居委会	121.596121	38.970232	0	30	51	乡镇
210283004005	打拉腰居委会	122.966500	39.629149	0	30	72	UNKNOWN
210211015014	柳树社区居委会	121.547680	38.923641	0	25	55	乡镇
210283118201	曹隈村委会	123.090771	39.785381	0	16	38	乡镇
210203001003	香川社区居委会	121.600236	38.930146	1	80	100	政府机构
210281009200	海上村委会	121.345678	39.557574	1	70	88	UNKNOWN
210204008012	川甸社区居委会	121.565680	38.913056	0	25	55	乡镇
210203011003	胜利社区居委会	121.615250	38.903041	0	25	70	乡镇
210214014002	小徐屯社区居委会	122.136500	39.276891	0	30	72	村庄
210211016004	凌工社区居委会	121.534818	38.882798	0	25	70	乡镇
210214004002	李店社区居委会	121.959085	39.391249	1	80	100	政府机构
210211006004	圣泰社区居委会	121.588910	39.022921	0	25	55	乡镇
210203001002	香秀社会居委会	121.598587	38.934995	0	30	51	乡镇
210204008013	文苑社区居委会	121.565680	38.913056	0	25	70	乡镇
210281009201	三堂村委会	121.466341	39.618497	1	80	100	政府机构
210203011002	桥东社区居委会	121.615250	38.903041	0	25	55	乡镇
210214014003	元岭社区居委会	122.462790	39.599550	0	30	72	村庄
210202005005	修竹社区居委会	121.645873	38.926220	1	80	95	地产小区
210211016005	屹馨百合社区居委会	121.501404	38.879785	1	80	100	政府机构
210214001201	金厂村委会	122.059792	39.413585	0	18	66	乡镇
210281204211	左屯村委会	121.852339	39.838089	0	18	40	村庄
210211006005	姚兴社区居委会	121.588910	39.022921	0	25	55	乡镇
210283004004	观驾山居委会	122.964710	39.689320	0	30	51	道路
210224102206	格仙村委会	122.346670	39.159679	0	30	51	UNKNOWN
210283108200	隈子村委会	123.116984	40.049771	1	80	100	政府机构
210211015015	岔鞍社区居委会	121.723130	39.107052	0	50	82	道路
210283118200	吴炉村委会	123.077390	39.768557	1	80	100	政府机构
210202001011	育才社区居委会	121.668228	38.920674	0	30	72	乡镇
210211017213	棉花岛村委会	121.681243	39.016383	1	80	100	政府机构
210202011011	高尚社区居委会	121.661592	38.880084	0	18	49	乡镇
210213009006	渤海社区居委会	121.766184	39.083093	0	25	55	乡镇
210211002011	龙江社区居委会	121.592717	38.981446	1	80	100	政府机构
210204011009	锦虹社区居委会	121.559558	38.937614	0	30	72	乡镇
210283005212	大兴城村委会	122.597791	39.594459	0	30	58	UNKNOWN
210213024001	龙台社区居委会	122.078715	39.153546	0	18	49	乡镇
210211014203	砬子山村委会	121.494128	38.974724	0	50	73	UNKNOWN
210281107203	英歌岭村委会	122.152670	40.005213	0	16	38	乡镇
210213004008	明星社区居委会	121.762148	39.050464	0	25	70	乡镇
210214003007	姚家社区居委会	122.011302	39.337606	1	80	100	政府机构
210202012001	虎山社区居委会	121.688897	38.882064	1	80	100	政府机构
210211001001	周东社区居委会	121.591056	38.959857	1	80	100	政府机构
210281112001	兴虎社区居委会	121.854134	39.654093	0	18	66	乡镇
210213014008	三台子社区居委会	121.813026	39.167254	0	18	49	乡镇
210281117203	大王村委会	122.134818	39.611910	1	80	100	政府机构
210213029019	三道湾社区居委会	121.798921	39.273404	0	30	58	乡镇
210213027007	偏坡社区居委会	121.809342	39.461585	0	16	47	乡镇
210213009010	俪城社区居委会	121.766184	39.083093	0	25	55	乡镇
210211002007	矿北社区居委会	121.611670	38.982431	1	80	100	政府机构
210202011007	震海社区居委会	121.661592	38.880084	0	18	66	乡镇
210211017205	后关村委会	121.707410	39.034440	0	25	70	乡镇
210214015203	墨盘村委会	122.541756	39.664525	0	18	40	乡镇
210202001007	春和社区居委会	121.668228	38.920674	0	30	72	乡镇
210214010001	双岭社区居委会	122.170100	39.421910	0	18	49	乡镇
210283005204	端阳庙村委会	122.626174	39.556946	0	16	33	乡镇
210211001017	万科社区居委会	121.579488	38.953147	0	30	58	乡镇
210281203203	北营村委会	121.914163	39.977724	0	16	65	村庄
210281007209	东林村委会	121.996985	39.525899	1	80	100	政府机构
210204008005	红凌社区居委会	121.565680	38.913056	0	25	70	乡镇
210283105218	南尖村委会	123.418167	39.738330	1	80	100	政府机构
210281204207	大东村委会	121.785672	39.858302	1	80	100	政府机构
210283115218	宋派村委会	122.801759	39.634476	0	16	38	乡镇
210211016013	七贤岭科海社区居委会	121.529237	38.854647	0	30	58	商圈
210213030003	石河社区居委会	121.865445	39.329485	0	18	66	乡镇
210211020208	沙岗子村委会	121.413069	39.000942	1	80	100	政府机构
210213025201	林家村委会	121.973457	39.144734	0	18	66	乡镇
210203002004	建设社区居委会	121.631574	38.928995	0	30	72	乡镇
210283118216	榆树房村委会	123.090771	39.785381	0	16	38	乡镇
210211015003	吉祥社区居委会	121.547680	38.923641	0	25	70	乡镇
210281103201	十字街村委会	122.112038	39.846040	0	18	66	乡镇
210281212202	岚崮河村委会	121.801440	39.616695	0	50	73	UNKNOWN
210214002010	南王社区居委会	121.943607	39.476265	1	80	100	政府机构
210283101220	胡沟村委会	123.200927	39.905525	1	80	100	政府机构
210283001007	芙蓉居委会	122.976293	39.692422	1	80	100	政府机构
210213020214	桃园村委会	122.205329	39.274611	0	30	72	村庄
210281105204	小屯村委会	122.038690	39.752800	0	30	72	村庄
210202010006	光华社区居委会	121.649840	38.892910	1	80	97	政府机构
210281201212	光明村委会	122.008350	39.894410	0	25	55	村庄
210281115204	大营子村委会	121.975870	39.997441	0	30	72	村庄
210203004001	英山社区居委会	121.617851	38.918498	1	80	100	政府机构
210213026006	瑞港社区居委会	121.859270	39.031160	0	30	58	村庄
210214016004	张家社区居委会	122.272151	39.893055	0	16	65	乡镇
210211014002	家家乐社区居委会	121.481837	38.965942	0	20	50	乡镇
210283109217	天门山村委会	122.974900	39.965911	0	25	70	乡镇
210214006004	东老滩社区居委会	122.474532	39.536686	0	16	38	乡镇
210281112200	栾店村委会	121.854134	39.654093	0	18	40	乡镇
210283107209	四家村委会	123.467850	39.810895	1	80	100	政府机构
210211004002	甘园社区居委会	121.615494	39.007040	0	25	55	乡镇
210211018021	泉欣社区居委会	121.605588	39.002236	0	25	70	乡镇
210213024200	大李家村委会	122.052284	39.178106	0	30	72	村庄
210213021002	老虎山社区居委会	121.709430	39.253050	0	25	55	乡镇
210203013005	莲花社区居委会	121.602500	38.898781	0	25	70	乡镇
210224100201	小盐场村委会	122.519898	39.230389	0	18	66	乡镇
210281101210	莲花村委会	121.640990	39.691999	0	30	72	村庄
210213019207	金龙村委会	121.688812	39.229624	1	80	100	政府机构
210211017012	前关通和社区居委会	121.658761	39.037746	0	40	65	UNKNOWN
210211007012	康馨社区居委会	121.539861	38.981424	0	25	55	乡镇
210211400506	石山沟村委会	121.525000	38.952100	0	14	37	区县
210213027210	桥东村委会	121.809342	39.461585	0	16	38	乡镇
210281006208	工业村委会	122.032086	39.620330	1	90	100	政府机构
210211004014	甘泉社区居委会	121.615494	39.007040	0	25	70	乡镇
210283105222	常隆村委会	123.477050	39.800771	0	30	58	UNKNOWN
210281206200	龙河村委会	121.641322	39.806180	1	80	100	政府机构
210211014014	和合居社区居委会	121.481837	38.965942	0	20	50	乡镇
210224103207	乌蟒村委会	122.721834	39.227029	0	16	38	乡镇
210211007004	岭南社区居委会	121.539861	38.981424	0	25	70	乡镇
210281205210	二道岭村委会	121.733821	39.800285	1	80	100	政府机构
210214005002	建设社区居委会	122.350424	39.443244	0	16	65	乡镇
210211017004	港建居委会	121.707410	39.034440	0	25	55	乡镇
210281101206	古井村委会	121.778330	39.725541	0	30	72	村庄
210214015002	于屯社区居委会	122.004333	39.629927	1	80	100	政府机构
210203010003	八一社区居委会	121.633973	38.881058	0	30	72	乡镇
210204009012	幸福ｅ家社区居委会	121.577733	38.906232	1	80	100	政府机构
210281008200	楼房村委会	121.875404	39.738319	1	80	95	政府机构
210214002006	二道岭社区居委会	121.913320	39.447253	1	80	100	政府机构
210214007204	小山村委会	122.125160	39.364729	0	30	72	餐饮
210281106202	太平村委会	122.233524	39.949643	0	16	65	乡镇
210214017204	鲁凤村委会	121.940000	39.391899	0	14	32	区县
210281212214	傅家村委会	121.758350	39.643869	0	25	55	乡镇
210214012006	杨屯社区居委会	122.490120	39.926250	0	30	72	村庄
210204010008	共建社区居委会	121.548695	38.882272	1	80	100	政府机构
210213020202	骆驼石村委会	122.182278	39.282993	0	18	66	乡镇
210281115212	华铜村委会	121.928947	40.045435	1	80	100	政府机构
210213008007	龙湾社区居委会	121.726645	39.071502	0	25	70	乡镇
210281201204	胜利村委会	122.016723	39.925016	0	30	72	村庄
210202010010	智仁社区居委会	121.650152	38.899927	0	30	58	乡镇
210224101001	沙包居委会	122.734529	39.030325	0	18	49	乡镇
210212009202	大甸子村委会	121.111362	38.904784	1	80	100	政府机构
210281007008	云岗社区居委会	121.979000	39.627100	0	12	29	区县
210213023212	大石硼村委会	121.935596	39.278890	0	18	40	乡镇
210283002001	工人居委会	122.955722	39.682966	0	25	70	乡镇
210204005011	泉涌社区居委会	121.581366	38.914928	1	80	100	政府机构
210213027226	宫房村委会	121.800715	39.473096	1	80	100	政府机构
210202008007	双合社区居委会	121.638948	38.918615	1	80	100	政府机构
210214019001	四平社区居委会	121.940000	39.391899	0	14	37	区县
210214009001	大谭社区居委会	122.148001	39.497615	0	16	47	乡镇
210212012205	盐厂新村村委会	121.305723	38.843430	0	18	40	乡镇
210281002011	祝丰居委会	121.968470	39.622822	1	80	95	政府机构
210211018017	泉悦社区居委会	121.605588	39.002236	0	25	70	乡镇
210211006009	姚源社区居委会	121.612607	39.024257	1	80	100	政府机构
210283105202	张炉村委会	123.362101	39.854779	1	80	100	政府机构
210283115202	银窝村委会	122.812316	39.607574	1	80	100	政府机构
210211016009	屹馨曼谷华尚社区居委会	121.534818	38.882798	0	25	47	乡镇
210211008017	润洋社区居委会	121.572051	38.991983	0	30	72	乡镇
210212005201	大王村委会	121.219440	38.877429	0	30	72	村庄
210213011206	鹿圈村委会	121.905730	39.100241	0	18	66	乡镇
210283102206	徐炉村委会	122.978894	39.798599	1	80	100	政府机构
210281109211	沙山村委会	121.521071	39.442208	0	16	65	乡镇
210213014004	韩家社区居委会	121.813026	39.167254	0	18	49	乡镇
210214006209	渔业村委会	122.474532	39.536686	0	16	65	乡镇
210213004004	倚山社区居委会	121.762148	39.050464	0	25	70	乡镇
210283112206	同巨村委会	122.567288	39.827538	0	16	38	乡镇
210213029003	红果社区居委会	121.798921	39.273404	0	30	72	乡镇
210213017014	马蹄子社区居委会	122.083883	39.231850	0	18	49	乡镇
210283101216	元宝房村委会	123.230139	39.958681	0	30	58	村庄
210211019201	后革镇堡村民委员会	121.536692	39.010584	0	50	82	UNKNOWN
210281210209	吴屯村委会	121.595287	39.509317	1	80	100	政府机构
210204011013	锦绣社区居委会	121.559558	38.937614	0	30	72	乡镇
210283005208	肖泊村委会	122.626174	39.556946	0	16	38	乡镇
210281005003	向东社区居委会	121.979000	39.627100	0	12	34	区县
210213004012	红梅社区居委会	121.766432	39.043497	1	80	100	政府机构
210213014012	金北社区居委会	121.813026	39.167254	0	18	66	乡镇
210281109207	谢屯村委会	121.529406	39.452074	1	80	100	政府机构
210213011210	煤窑村委会	121.929798	39.059598	1	80	100	政府机构
210213022209	转角房村委会	122.086779	39.300781	0	30	58	村庄
210212003005	黄金社区居委会	121.260127	38.807621	0	25	70	乡镇
210213029015	宫家社区居委会	121.798921	39.273404	0	30	58	乡镇
210204002003	永联社区居委会	121.598172	38.914229	0	40	72	乡镇
210213007002	花园社区居委会	121.748797	39.107563	0	25	70	乡镇
210211017209	土城子村委会	121.266764	38.907994	1	80	100	政府机构
210283111200	洪昌村委会	122.699507	39.858684	1	80	100	政府机构
210213002200	园艺村委会	121.709008	39.113940	1	80	100	政府机构
210213012200	庙上村委会	122.051491	39.080069	0	30	72	村庄
210283101200	牌坊村委会	123.260976	39.824646	1	80	100	政府机构
210213017002	南关社区居委会	122.083883	39.231850	0	18	66	乡镇
210212004001	新华社区居委会	121.231722	38.803836	0	20	67	乡镇
210213027230	崔屯村委会	121.864436	39.473193	1	80	100	政府机构
210212011203	赵家村委会	121.324242	38.917276	0	20	67	乡镇
210211020204	郭家沟村委会	121.379737	38.982177	1	80	100	政府机构
210204005007	宏发社区居委会	121.588454	38.918486	0	30	72	乡镇
210204008009	幸福社区居委会	121.565680	38.913056	0	25	70	乡镇
210281002007	长丰社区居委会	121.968470	39.622822	1	80	97	政府机构
210213028203	王屯村委会	121.648777	39.432345	0	16	65	乡镇
210211008001	梅山社区居委会	121.588389	38.978125	1	80	100	政府机构
210283115214	李屯村委会	122.763420	39.653881	1	80	100	政府机构
210283105214	下川村委会	123.435941	39.861509	0	25	70	乡镇
210211018001	锦泉社区居委会	121.600702	39.005518	1	80	100	政府机构
210213013016	松岚社区居委会	121.839887	39.069248	0	18	66	乡镇
210281115208	齐家房村委会	121.985943	40.026366	1	80	95	医疗
210213016003	陈家社区居委会	121.940448	39.200562	0	18	66	乡镇
210283110201	德兴村委会	122.867019	39.926206	1	80	100	政府机构
210283204217	朱营村委会	123.355723	39.930836	0	25	70	乡镇
210212007206	王家村委会	121.198055	38.769710	1	80	100	政府机构
210213023208	望海村委会	121.941634	39.241709	1	80	100	政府机构
210212400207	江西村委会	121.147322	38.807947	0	50	50	工业园区
210281108206	杨树底村委会	121.891690	39.920861	0	25	70	乡镇
210283113211	恒利村委会	122.653242	39.704314	0	16	38	乡镇
210281118206	田屯村委会	122.049093	39.736000	1	80	100	政府机构
210281004002	抱龙社区居委会	121.990839	39.627112	1	80	100	政府机构
210281011200	东北村委会	121.426533	39.409784	1	80	100	政府机构
210212401504	林家村委会	121.349890	38.890850	1	75	95	UNKNOWN
210283114215	冯屯村委会	122.890907	39.726052	1	80	100	政府机构
210204009008	水芙山竹社区居委会	121.566082	38.905721	1	80	100	政府机构
210283107205	四门孙村委会	123.129517	39.890176	1	80	100	政府机构
210281208204	西蓝旗村委会	121.602854	39.627263	1	80	100	政府机构
210212010202	洪家村委会	121.261642	38.922531	0	16	65	乡镇
210204004006	莲花山社区居委会	121.590210	38.902950	1	80	100	政府机构
210283114203	乔屯村委会	122.794960	39.786171	0	16	65	乡镇
210213002001	康乐社区居委会	121.715277	39.113967	1	80	100	政府机构
210211007008	玉胜社区居委会	121.553990	38.972201	1	80	100	政府机构
210283101001	东街居委会	122.968000	39.681000	0	12	44	区县
210213012001	金石社区居委会	122.016498	39.095164	1	90	95	地产小区
210283104203	黑岛村委会	123.250372	39.714256	1	80	100	政府机构
210212006006	熙龙社区居委会	121.395438	38.870929	0	18	66	乡镇
210212013204	袁家沟村委会	121.200685	38.918804	0	18	66	乡镇
210281208212	东蓝旗村委会	121.608739	39.641801	0	25	43	乡镇
210211016025	IT家园社区居委会	121.534818	38.882798	0	25	55	乡镇
210202009006	绿山社区居委会	121.643224	38.909128	0	30	58	乡镇
210281201208	高速村委会	122.008350	39.894410	0	25	47	村庄
210212400211	小潘家村委会	121.147322	38.807947	0	50	67	工业园区
210212007210	南鸦户嘴村委会	121.191227	38.772653	0	18	35	乡镇
210281007004	姜洼社区居委会	121.979000	39.627100	0	12	29	区县
210213005005	东阁里社区居委会	121.801419	39.040875	0	50	82	地产小区
210283113207	古城村委会	122.585964	39.739892	1	80	100	政府机构
210281108210	盐场村委会	121.820131	39.950294	1	80	100	政府机构
210204010004	凌水社区居委会	121.522165	38.876800	0	30	72	商圈
210214001011	鑫和社区居委会	121.979936	39.402620	1	80	100	政府机构
210283002006	前炮居委会	122.955722	39.682966	0	25	55	乡镇
210212009205	张家村委会	121.180910	38.891951	0	25	55	乡镇
210213028009	新兴社区居委会	121.648777	39.432345	0	16	65	乡镇
210211010007	昌虹社区居委会	121.540997	38.948467	0	30	58	乡镇
210281106205	盖店村委会	122.233524	39.949643	0	16	65	乡镇
210211015205	刘家村委会	121.547680	38.923641	0	25	70	乡镇
210214012001	安波社区居委会	122.314861	39.835851	1	80	100	政府机构
210202003007	枫林社区居委会	121.653050	38.914459	0	30	72	乡镇
210281212213	老平顶村委会	121.758350	39.643869	0	25	47	乡镇
210283209204	步云山村委会	122.711600	40.024609	0	25	70	乡镇
210214007203	花房村委会	122.163919	39.368243	1	80	100	政府机构
210214002001	渤海社区居委会	121.962399	39.452025	0	18	49	乡镇
210213020205	台子村委会	122.119590	39.317739	0	30	72	村庄
210283114208	小河沿村委会	122.794960	39.786171	0	16	65	乡镇
210281101201	八里庄村委会	121.755410	39.761899	0	30	72	村庄
210214015005	梨树房社区居委会	122.541756	39.664525	0	18	49	乡镇
210211007003	玉乐社区居委会	121.539861	38.981424	0	25	70	乡镇
210283104208	于粉房村委会	123.149623	39.725595	1	80	100	政府机构
210214005005	夹心社区居委会	122.350424	39.443244	0	16	47	乡镇
210281008207	大河沿村委会	121.875404	39.738319	1	80	97	政府机构
210281210500	种牛厂生活区	121.636908	39.529053	0	16	47	村庄
210203010004	付家庄社区居委会	121.626093	38.868163	0	30	72	商圈
210211014013	美林庐社区居委会	121.481837	38.965942	0	20	50	乡镇
210283115225	大郭屯村委会	122.734390	39.562981	0	30	58	村庄
210224103200	回龙村委会	122.685399	39.238156	1	80	100	政府机构
210281112211	石屯村委会	121.854134	39.654093	0	18	66	乡镇
210211004013	松山社区居委会	121.636125	38.981165	1	80	100	政府机构
210281206207	大魏村委会	121.613677	39.834057	1	80	100	政府机构
210283005002	玫瑰社区居委会	122.626174	39.556946	0	16	47	乡镇
210281205201	周山村委会	121.678726	39.878890	1	80	100	政府机构
210213009200	七里村委会	121.746192	39.089689	1	80	100	政府机构
210224100206	城岭村委会	122.519898	39.230389	0	18	66	乡镇
210211017015	福佳新城社区居委会	121.667231	39.025102	0	30	72	地产小区
210211400501	幸福村委会	121.411017	38.987457	0	30	72	村庄
210213027217	申炉村委会	121.792321	39.486833	1	80	100	政府机构
210204009003	兰亭社区居委会	121.547176	38.897622	0	25	70	乡镇
210214006003	大卢社区居委会	122.479429	39.500553	1	80	100	政府机构
210211004005	甘中社区居委会	121.615494	39.007040	0	25	55	乡镇
210281112207	大老虎屯村委会	121.854134	39.654093	0	18	40	乡镇
210214013201	隋沟村委会	122.290741	39.651929	0	30	58	村庄
210214016003	瓦房社区居委会	122.272151	39.893055	0	16	65	乡镇
210211014005	五郡社区居委会	121.481837	38.965942	0	20	50	乡镇
210203013002	石道街社区居委会	121.624643	38.895815	0	30	72	道路
210213024207	大岭村委会	122.014195	39.163240	1	80	100	政府机构
210202010001	向阳社区居委会	121.650152	38.899927	0	30	72	乡镇
210214001007	久寿社区居委会	121.969837	39.405009	1	80	100	政府机构
210281115203	南沟村委会	122.007664	40.003841	1	80	100	政府机构
210213016008	金顶社区居委会	121.940448	39.200562	0	18	49	乡镇
210214014205	塔南村委会	121.940000	39.391899	0	14	32	区县
210213006008	海韵社区居委会	121.821590	39.023620	0	25	55	乡镇
210281105203	西李屯村委会	122.041029	39.769028	1	80	100	政府机构
210211016203	大山村委会	121.506371	38.878270	0	30	72	村庄
210283120203	林疃村委会	123.073642	39.442214	0	20	41	乡镇
210203004006	东关社区居委会	121.624349	38.913201	0	30	72	乡镇
210283002010	长征居委会	122.962863	39.701667	1	80	100	政府机构
210213023203	关家村委会	121.935596	39.278890	0	18	66	乡镇
210213026001	保税社区居委会	121.859270	39.031160	0	30	72	村庄
210281212205	台后村委会	121.758350	39.643869	0	25	70	乡镇
210211010011	金星社区居委会	121.540997	38.948467	0	30	72	乡镇
210213020213	猴儿石村委会	122.241224	39.285176	1	80	100	政府机构
210213025206	缸窑村委会	121.967779	39.164031	0	30	72	村庄
210203002003	万全社区居委会	121.619464	38.924603	1	80	100	政府机构
210213030004	唐家社区居委会	121.865445	39.329485	0	18	66	乡镇
210281103206	高屯村委会	122.112038	39.846040	0	18	66	乡镇
210283108211	棒棰沟村委会	123.142115	40.063523	1	80	100	政府机构
210211015004	鸿盛社区居委会	121.534990	38.923059	1	80	95	地产小区
210214012200	得胜村委会	122.423960	39.803789	0	30	72	村庄
210214017002	庙岭社区居委会	121.940000	39.391899	0	14	37	区县
210281113206	大营村委会	121.584690	39.762550	0	30	72	村庄
210214007002	麦家社区居委会	122.148910	39.348100	0	18	49	乡镇
210204008002	西苑社区居委会	121.565680	38.913056	0	25	70	乡镇
210281009210	长岭村委会	121.345678	39.557574	1	70	88	UNKNOWN
210213028208	金桥村委会	121.656840	39.448971	0	30	72	村庄
210211016014	阳光社区居委会	121.601326	39.005608	1	80	100	政府机构
210213008201	民和村委会	121.726645	39.071502	0	25	70	乡镇
210281204200	和平村委会	121.884320	39.819760	0	30	72	村庄
210211001010	周北社区居委会	121.579488	38.953147	0	30	58	乡镇
210213022202	杨家店村委会	121.996014	39.250489	1	80	100	政府机构
210283003011	干沟居委会	122.990369	39.707541	0	30	72	村庄
210203005007	长江社区居委会	121.616160	38.916111	0	25	70	乡镇
210211017202	李家村委会	121.707410	39.034440	0	25	70	乡镇
210214010006	兴隆社区居委会	122.170100	39.421910	0	18	66	乡镇
210281210214	圈外村委会	121.644709	39.529907	1	80	100	政府机构
210213017009	高家社区居委会	122.083883	39.231850	0	18	66	乡镇
210213021204	朱家村委会	121.737911	39.274473	1	80	100	政府机构
210214006202	郑沟村委会	122.482250	39.620489	0	30	72	村庄
210202012006	迎宾社区居委会	121.678930	38.902111	1	80	100	政府机构
210281117204	田家村委会	122.095422	39.582003	0	16	65	乡镇
210211014204	前革镇堡村委会	121.519681	38.989171	0	70	86	UNKNOWN
210281107204	龙门汤村委会	122.148346	40.021293	1	80	100	政府机构
210213029008	东升社区居委会	121.798921	39.273404	0	30	72	乡镇
210283003007	新胜居委会	122.980822	39.704556	1	80	100	政府机构
210213009001	东山社区居委会	121.766184	39.083093	0	25	70	乡镇
210211002016	金成社区居委会	121.596121	38.970232	0	30	72	乡镇
210213019001	大魏家社区居委会	121.696225	39.206065	0	50	82	商圈
210283004003	张屯居委会	122.914710	39.638831	0	30	72	村庄
210283118207	平山村委会	123.118601	39.761170	1	80	100	政府机构
210224102201	沙尖村委会	122.346670	39.159679	0	30	72	UNKNOWN
210211015012	万和社区居委会	121.547680	38.923641	0	25	70	乡镇
210281103210	台子村委会	122.176431	39.886879	0	30	72	村庄
210283108207	东瓜川村委会	123.136944	40.005981	1	80	100	政府机构
210203011005	五四社区居委会	121.615250	38.903041	0	25	70	乡镇
210203001005	金海社区居委会	121.598587	38.934995	0	30	72	乡镇
210204008014	富民社区居委会	121.562656	38.923585	1	80	100	政府机构
210214004004	长店堡社区居委会	121.902155	39.371886	1	80	95	地产小区
210214001206	杏花村委会	122.053301	39.440389	1	80	97	餐饮
210211006002	井西社区居委会	121.588910	39.022921	0	25	55	乡镇
210283105209	大十间村委会	123.435941	39.861509	0	25	43	乡镇
210214011206	大房身村委会	122.301320	39.599889	0	30	72	村庄
210202005002	兴和社区居委会	121.656318	38.924304	1	80	100	政府机构
210214014004	刁家社区居委会	121.940000	39.391899	0	14	46	区县
210283115209	翁店村委会	122.834800	39.662649	0	30	58	UNKNOWN
210211016002	小平岛第二社区居委会	121.534818	38.882798	0	25	55	乡镇
210283209208	长巨村委会	122.739790	40.010561	0	30	72	村庄
210281108217	李沟村委会	121.891690	39.920861	0	25	70	乡镇
210281116209	大河村委会	121.590398	39.681818	0	18	66	乡镇
210281106209	小寺庙村委会	122.127304	39.951896	1	80	100	政府机构
210283113200	城山村委会	122.653242	39.704314	0	16	47	乡镇
210213005002	岗盛社区居委会	121.813130	39.023838	0	18	49	乡镇
210211020002	馨港社区居委会	121.402037	38.993105	0	18	66	乡镇
210204010003	景山社区居委会	121.558975	38.878280	1	80	100	政府机构
210213020209	姚家村委会	122.186400	39.304690	0	30	72	村庄
210283214206	石灰窑村委会	123.056729	39.710588	0	18	66	村庄
210213016012	葛麻社区居委会	121.940448	39.200562	0	18	49	乡镇
210283110210	福阳村委会	122.856736	39.941704	0	16	65	乡镇
210281007003	瓦房社区居委会	121.979000	39.627100	0	12	34	区县
210202009001	武汉社区居委会	121.642851	38.913486	1	80	100	政府机构
210281109001	香洲田园城居委会	121.521071	39.442208	0	16	38	乡镇
210281208215	石磊村委会	121.609400	39.586355	0	30	72	村庄
210211016022	庙岭中心社区居委会	121.524620	38.890291	0	50	82	商圈
210214005009	赞子河社区居委会	122.362561	39.471458	0	50	82	UNKNOWN
210283104204	冷家村委会	123.204967	39.695600	1	80	100	政府机构
210211009011	华振社区居委会	121.568496	38.969253	0	30	58	乡镇
210213002006	龙兴社区居委会	121.707076	39.122620	0	30	72	乡镇
210283114204	财主房村委会	122.811428	39.754024	1	80	100	政府机构
210203010008	桃山社区居委会	121.633973	38.881058	0	30	72	乡镇
210212013203	北海村委会	121.200685	38.918804	0	18	66	乡镇
210212006001	官房社区居委会	121.395438	38.870929	0	18	49	乡镇
210204017007	星海广场社区居委会	121.580820	38.880970	1	80	100	政府机构
210211014009	城市空间社区居委会	121.481837	38.965942	0	20	50	乡镇
210281208203	三台村委会	121.608739	39.641801	0	25	70	乡镇
210283107202	孙屯村委会	123.168666	39.900249	1	80	100	政府机构
210211004009	七星社区居委会	121.615494	39.007040	0	25	70	乡镇
210204004001	解放社区居委会	121.588520	38.903790	1	80	100	政府机构
210212010205	石付村委会	121.261642	38.922531	0	16	38	乡镇
210283114212	前杨村委会	122.860160	39.742831	0	30	72	村庄
210211009007	金宇社区居委会	121.568496	38.969253	0	30	58	乡镇
210212401503	大石坎村委会	121.349890	38.890850	1	75	92	UNKNOWN
210281003001	岭东社区居委会	121.979000	39.627100	0	12	29	区县
210283113216	洼子村委会	122.669059	39.649666	1	80	100	政府机构
210281118201	赵口村委会	122.085219	39.699485	0	18	66	乡镇
210214009207	联合村委会	122.117598	39.510818	1	80	100	政府机构
210281108201	平家村委会	121.900503	39.919400	1	80	100	政府机构
210281011207	桑屯村委会	121.296807	39.417291	1	80	100	政府机构
210281004005	育红社区居委会	122.004311	39.629914	1	80	100	政府机构
210283110206	双岭村委会	122.839233	40.002033	1	80	100	政府机构
210213006004	富港社区居委会	121.815818	39.021131	1	80	95	地产小区
210283204210	山海丰村委会	123.355723	39.930836	0	25	55	乡镇
210213016004	蚕厂社区居委会	121.940448	39.200562	0	18	49	乡镇
210212002003	长兴社区居委会	121.273246	38.812840	0	30	72	乡镇
210212400200	三洋村委会	121.147322	38.807947	0	50	67	工业园区
210212007201	韭菜房村委会	121.191227	38.772653	0	18	35	乡镇
210213028204	李屯村委会	121.648777	39.432345	0	16	65	乡镇
210204006010	新型社区居委会	121.578893	38.931273	1	80	100	政府机构
210211018006	龙鑫社区居委会	121.605588	39.002236	0	25	55	乡镇
210213013011	新城社区居委会	121.839887	39.069248	0	18	66	乡镇
210283105213	范屯村委会	123.435941	39.861509	0	25	70	乡镇
210211008006	永盛社区居委会	121.582972	38.988153	1	80	100	政府机构
210211016018	瑞丰园社区居委会	121.534818	38.882798	0	25	55	乡镇
210213030008	大山社区居委会	121.865445	39.329485	0	18	66	乡镇
210281001010	新华社区居委会	121.979000	39.627100	0	12	44	区县
210211020203	金龙寺沟村委会	121.364525	38.975587	1	80	100	政府机构
210212011204	曹家地村委会	121.308123	38.921069	1	80	100	政府机构
210211015008	里程社区居委会	121.547680	38.923641	0	25	55	乡镇
210204002004	民权社区居委会	121.598172	38.914229	0	40	72	乡镇
210213029012	西三十里社区居委会	121.664137	39.273523	0	30	58	乡镇
210212003002	光辉社区居委会	121.260127	38.807621	0	25	70	乡镇
210283001020	红崖社区居委会	122.993607	39.670623	0	25	55	乡镇
210212006200	黄泥川村委会	121.437428	38.854465	1	80	100	政府机构
210214005208	果木园村委会	122.350424	39.443244	0	16	65	乡镇
210213017005	排子社区居委会	122.083883	39.231850	0	18	49	乡镇
210283101207	三和村委会	123.212604	39.864458	0	16	65	乡镇
210213007005	迎湖社区居委会	121.722110	39.099101	1	80	100	政府机构
210281005004	东山社区居委会	121.979000	39.627100	0	12	44	区县
210281010206	杨沟村委会	121.875460	39.573079	0	30	72	村庄
210283216201	新民村委会	122.959000	39.529169	0	30	72	村庄
210281203208	冯沟村委会	121.914163	39.977724	0	16	65	村庄
210214018206	栗寺沟村委会	121.940000	39.391899	0	14	37	区县
210213014015	天鹅湖社区居委会	121.813026	39.167254	0	18	66	乡镇
210214008206	李家村委会	122.257779	39.391861	0	18	66	乡镇
210213004015	杏林社区居委会	121.775926	39.075862	1	80	100	政府机构
210281003200	转角村委会	122.025390	39.628180	1	80	100	政府机构
210213029004	山嘴社区居委会	121.798921	39.273404	0	30	58	乡镇
210283101211	宝宁村委会	123.212604	39.864458	0	16	38	乡镇
210213017013	丛家社区居委会	122.083883	39.231850	0	18	49	乡镇
210204011002	福园社区居委会	121.570397	38.940530	1	90	95	地产小区
210281010210	平房村委会	121.811155	39.552558	1	80	100	政府机构
210283005219	永胜村委会	122.578645	39.558492	1	80	100	政府机构
210213021208	陆海村委会	121.703152	39.279257	1	80	100	政府机构
210212005206	寺沟村委会	121.233794	38.854751	0	25	70	乡镇
210211021003	高能社区居委会	121.529237	38.854647	0	30	58	商圈
210283112201	芙蓉村委会	122.567288	39.827538	0	16	65	乡镇
210281107208	小房村委会	122.069086	39.969755	1	80	100	政府机构
210213001201	红塔村委会	121.735078	39.126273	1	80	100	政府机构
210213004003	团地社区居委会	121.762148	39.050464	0	25	55	乡镇
210213014003	前半拉社区居委会	121.813026	39.167254	0	18	49	乡镇
210281117208	潘屯村委会	122.030957	39.589453	1	80	100	政府机构
210213011201	董家沟村委会	121.892660	39.088111	0	30	72	村庄
210283102201	吕屯村委会	122.977869	39.779770	0	18	66	乡镇
210283208209	帽盔村委会	122.940318	39.852766	0	18	40	乡镇
210212400001	海花社区居委会	121.147322	38.807947	0	50	50	工业园区
210204006006	沙龙社区居委会	121.584340	38.929883	1	80	100	政府机构
210212012202	龙湖村委会	121.305723	38.843430	0	18	49	乡镇
210211008010	兴国社区居委会	121.583550	38.979733	1	80	100	政府机构
210213003007	南山社区居委会	121.692138	39.091921	0	25	70	乡镇
210283115205	东岭村委会	122.876383	39.624160	1	80	100	政府机构
210214014008	高屯社区居委会	121.940000	39.391899	0	14	46	区县
210211018010	龙园社区居委会	121.622387	39.003735	1	80	100	政府机构
210281001006	阳春社区居委会	121.979000	39.627100	0	12	34	区县
210281001007	新建社区居委会	122.000787	39.643948	1	80	100	政府机构
210281118001	王家居委会	122.021927	39.672814	1	80	100	政府机构
210202008001	上海社区居委会	121.637780	38.923326	1	80	100	政府机构
210204006007	华顺社区居委会	121.581474	38.936225	0	30	58	乡镇
210212012203	大八里村委会	121.284764	38.857508	1	80	100	政府机构
210211008011	名贵山庄社区居委会	121.576219	38.986330	0	60	87	UNKNOWN
210213003006	金山社区居委会	121.707853	39.093026	1	80	100	政府机构
210283105204	永记村委会	123.435941	39.861509	0	25	70	乡镇
210213013006	祥泰社区居委会	121.827236	39.068890	1	90	100	政府机构
210283005218	德令村委会	122.617539	39.565603	0	30	47	道路
210204011003	绿波社区居委会	121.559558	38.937614	0	30	72	乡镇
210212005207	小南村村委会	121.257523	38.850276	1	80	100	政府机构
210211021002	聚贤社区居委会	121.529237	38.854647	0	30	72	商圈
210213001200	三里村委会	121.722476	39.122362	1	80	100	政府机构
210281107209	靴子沟村委会	122.070970	40.027840	0	30	58	村庄
210213004002	五彩城社区居委会	121.777769	39.050662	1	80	95	地产小区
210213014002	十三里社区居委会	121.813026	39.167254	0	18	49	乡镇
210281117209	陶家村委会	122.056649	39.531034	1	80	100	政府机构
210283102200	杨树房村委会	122.977869	39.779770	0	18	66	乡镇
210213029005	老虎社区居委会	121.798921	39.273404	0	30	58	乡镇
210283111210	富贵村委会	122.696829	39.855668	0	16	38	乡镇
210213017012	范家社区居委会	122.083883	39.231850	0	18	66	乡镇
210281005005	文圣社区居委会	122.009890	39.618080	1	80	100	政府机构
210281203209	石染房村委会	121.949670	39.929170	0	30	58	村庄
210281109201	花园村委会	121.497856	39.489927	1	80	100	政府机构
210213014014	景致社区居委会	121.813026	39.167254	0	18	49	乡镇
210213004014	西山社区居委会	121.574748	38.912085	1	80	100	政府机构
210213029013	西山后社区居委会	121.798921	39.273404	0	30	58	乡镇
210212006201	鲍鱼肚村委会	121.364919	38.830551	0	30	58	UNKNOWN
210283001021	景泰社区居委会	122.993607	39.670623	0	25	55	乡镇
210214005209	八家村委会	122.350424	39.443244	0	16	65	乡镇
210213017004	北关社区居委会	122.083883	39.231850	0	18	66	乡镇
210213012206	河嘴村委会	122.012655	39.080429	0	18	66	乡镇
210283111206	双盛村委会	122.689147	39.838710	1	80	100	政府机构
210213007004	长兴路社区居委会	121.730887	39.113188	1	80	100	政府机构
210213030009	华农社区居委会	121.865445	39.329485	0	18	49	乡镇
210204005001	兴新社区居委会	121.588454	38.918486	0	30	58	乡镇
210212011205	黄家村委会	121.317892	38.934068	1	80	100	政府机构
210211020202	双台沟村委会	121.349260	38.967690	0	30	72	村庄
210211015009	彩虹社区居委会	121.550879	38.927977	1	80	100	政府机构
210281002001	光明社区居委会	122.002592	39.618345	1	80	100	政府机构
210213028205	郭屯村委会	121.648777	39.432345	0	16	65	乡镇
210204006011	沙园社区居委会	121.579453	38.935864	1	80	100	政府机构
210213013010	金湾社区居委会	121.839887	39.069248	0	18	66	乡镇
210283105212	林坨村委会	123.460450	39.865871	0	30	58	UNKNOWN
210283115212	南甸村委会	122.801759	39.634476	0	16	65	乡镇
210211008007	六祥社区居委会	121.592426	38.984974	1	80	100	政府机构
210211016019	依海社区居委会	121.534818	38.882798	0	25	70	乡镇
210213006005	海景社区居委会	121.821590	39.023620	0	25	70	乡镇
210283204211	五块石村委会	123.355723	39.930836	0	25	70	乡镇
210213016005	石城社区居委会	121.940448	39.200562	0	18	66	乡镇
210283005222	尖山村委会	122.593817	39.494620	1	80	100	政府机构
210212002002	迎春社区居委会	121.280040	38.811971	1	90	100	政府机构
210212400201	后山羊头村委会	121.147322	38.807947	0	50	41	工业园区
210212007200	大兴村委会	121.174285	38.803815	1	80	100	政府机构
210283113217	马庙村委会	122.634723	39.657608	1	80	100	政府机构
210214009206	徐庄村委会	122.098380	39.522170	0	30	72	村庄
210281212208	黄旗村委会	121.758350	39.643869	0	25	70	乡镇
210281108200	永宁村委会	121.891690	39.920861	0	25	70	乡镇
210281011206	大山村委会	121.354910	39.466030	0	30	72	村庄
210281004004	德林社区居委会	122.003413	39.626945	1	80	100	政府机构
210211009006	金钢社区居委会	121.568496	38.969253	0	30	58	乡镇
210212401502	付家村委会	121.349890	38.890850	1	75	95	UNKNOWN
210204017010	星文社区居委会	121.577504	38.885697	0	30	58	乡镇
210281006202	三家子村委会	121.979000	39.627100	0	12	44	区县
210213001001	古城甲区社区居委会	121.718549	39.109160	0	50	82	地产小区
210211014008	春田社区居委会	121.481837	38.965942	0	20	50	乡镇
210283107203	八家村委会	123.142836	39.913967	1	80	100	政府机构
210211004008	海茂社区居委会	121.653695	38.980537	0	40	77	UNKNOWN
210213011001	福泉社区居委会	121.905730	39.100241	0	18	66	乡镇
210212010204	韩家村委会	121.270440	38.919206	1	80	100	政府机构
210214005008	三河社区居委会	122.350424	39.443244	0	16	65	乡镇
210283104205	侯家村委会	123.199957	39.722498	0	16	65	乡镇
210211009010	华中社区居委会	121.579079	38.976964	1	80	100	政府机构
210213002007	金海社区居委会	121.707076	39.122620	0	30	72	乡镇
210283114205	光明山村委会	122.806828	39.783896	1	80	100	政府机构
210212013202	泥河村委会	121.200685	38.918804	0	18	66	乡镇
210212401001	英歌石中心社区居委会	121.349890	38.890850	1	75	95	UNKNOWN
210204017006	星南社区居委会	121.577504	38.885697	0	30	58	乡镇
210211016023	博学社区居委会	121.534818	38.882798	0	25	55	乡镇
210283214207	金场村委会	123.056729	39.710588	0	18	66	村庄
210213016013	裕秀社区居委会	121.940448	39.200562	0	18	66	乡镇
210283204207	董铧炉村委会	123.317054	39.845550	1	80	100	政府机构
210213028004	厂里社区居委会	121.648777	39.432345	0	16	47	乡镇
210281007002	曲大屯社区居委会	121.944816	39.600944	1	80	100	政府机构
210283209209	崔店村委会	122.711600	40.024609	0	25	70	乡镇
210281108216	倪家村委会	121.862840	39.894270	0	30	72	村庄
210281116208	胜利村委会	121.619910	39.675490	0	30	72	村庄
210213005003	东居里一社区居委会	121.809436	39.041766	1	80	100	政府机构
210211020003	牧城驿社区居委会	121.427939	38.995811	0	60	87	UNKNOWN
210281011210	骆驼村委会	121.415220	39.438681	0	25	47	乡镇
210212001004	和顺社区居委会	121.275567	38.823188	0	30	72	乡镇
210204010002	尖山社区居委会	121.548888	38.875780	0	30	72	乡镇
210213020208	石家村委会	122.182278	39.282993	0	18	66	乡镇
210203011004	新华社区居委会	121.615250	38.903041	0	25	70	乡镇
210203001004	香荣社区居委会	121.592965	38.931473	1	80	100	政府机构
210281009207	新港村委会	121.345678	39.557574	1	70	88	UNKNOWN
210214004005	海湾社区居委会	121.955290	39.416341	1	80	100	政府机构
210214001207	朝阳村委会	122.056610	39.490989	0	30	72	村庄
210211006003	绿园社区居委会	121.593704	39.016535	1	80	100	政府机构
210202005003	七一社区居委会	121.651338	38.929330	0	30	72	乡镇
210214014005	徐大屯社区居委会	121.940000	39.391899	0	14	37	区县
210211016003	凌海社区居委会	121.528670	38.873546	1	80	100	政府机构
210283004002	市场居委会	122.941232	39.661401	0	18	66	乡镇
210281113211	韩庙村委会	121.577693	39.808084	1	80	100	政府机构
210224102200	柳条村委会	122.346670	39.159679	0	30	51	UNKNOWN
210211015013	棠梨社区居委会	121.547680	38.923641	0	25	55	乡镇
210281103211	刘店村委会	122.112038	39.846040	0	18	66	乡镇
210283108206	宝巨村委会	123.162490	39.998547	0	16	38	乡镇
210213029009	宝石山社区居委会	121.798921	39.273404	0	30	58	乡镇
210283003006	跃进居委会	122.980822	39.704556	1	80	100	政府机构
210214005213	崔家窑村委会	122.409313	39.497967	1	80	100	政府机构
210211002017	青秀蓝湾社区居委会	121.612492	38.967608	1	80	97	UNKNOWN
210214006203	下吴村委会	122.450350	39.549193	1	80	100	政府机构
210214003001	柳家社区居委会	121.978115	39.365984	1	80	100	政府机构
210281117205	吴窑村委会	122.070633	39.584487	1	80	100	政府机构
210211001007	周盛社区居委会	121.587709	38.958667	1	80	100	政府机构
210214013001	沙包社区居委会	122.228933	39.663693	0	16	47	乡镇
210214016203	庆阳村委会	122.287403	39.917700	1	80	100	政府机构
210211014205	小辛寨子村委会	121.520910	38.938419	0	30	58	村庄
210281107205	腰屯村委会	122.115660	40.026209	0	30	72	村庄
210283003010	前进居委会	122.991878	39.708191	0	20	67	乡镇
210213027001	高家社区居委会	121.809342	39.461585	0	16	65	乡镇
210203005006	黄河社区居委会	121.616160	38.916111	0	25	70	乡镇
210204002009	至诚社区居委会	121.589351	38.909391	1	80	100	政府机构
210211017203	宋家村委会	121.707410	39.034440	0	25	70	乡镇
210214015205	荒地村委会	122.533040	39.717239	0	30	72	村庄
210211002001	金贸社区居委会	121.589154	38.971176	1	80	100	政府机构
210213017008	段家社区居委会	122.083883	39.231850	0	18	49	乡镇
210283005202	花园口村委会	122.626174	39.556946	0	16	65	乡镇
210213004018	岭湾峰尚社区居委会	121.762148	39.050464	0	25	47	乡镇
210211001011	周强社区居委会	121.579488	38.953147	0	30	72	乡镇
210281203205	李小村委会	121.914163	39.977724	0	16	65	村庄
210281009211	沙包村委会	121.345678	39.557574	1	70	88	UNKNOWN
210213028209	山河村委会	121.625980	39.459320	0	30	72	村庄
210281105500	得利寺农场生活区	122.032780	39.790301	0	25	55	旅游景点
210211016015	清馨社区居委会	121.534818	38.882798	0	25	55	乡镇
210213008200	马家村委会	121.717340	39.069961	0	30	72	村庄
210212402498	龙头分园虚拟社区	121.310615	38.868959	0	50	73	UNKNOWN
210213025207	西沟村委会	121.942120	39.138970	0	30	72	村庄
210203002002	团结社区居委会	121.631574	38.928995	0	30	72	乡镇
210213030005	北海社区居委会	121.865445	39.329485	0	18	66	乡镇
210211015005	亲亲家园社区居委会	121.543431	38.922341	0	50	82	地产小区
210214012201	米屯村委会	122.434201	39.806564	1	80	100	政府机构
210214017003	对峰社区居委会	121.940000	39.391899	0	14	46	区县
210283118210	小孤山村委会	123.090771	39.785381	0	16	65	乡镇
210214007003	大刘家社区居委会	122.148910	39.348100	0	18	49	乡镇
210281212204	台前村委会	121.758350	39.643869	0	25	70	乡镇
210211010010	圣林社区居委会	121.540997	38.948467	0	30	72	乡镇
210281004008	于屯社区居委会	121.979000	39.627100	0	12	44	区县
210213020212	东亮村委会	122.182278	39.282993	0	18	66	乡镇
210283001001	广大居委会	122.993607	39.670623	0	25	55	乡镇
210214001006	新城社区居委会	122.059792	39.413585	0	18	66	乡镇
210281115202	东阳台村委会	121.979000	39.627100	0	12	34	区县
210213016009	亮甲社区居委会	121.940448	39.200562	0	18	49	乡镇
210214014204	郭屯村委会	121.940000	39.391899	0	14	46	区县
210213006009	鹏运社区居委会	121.821590	39.023620	0	25	55	乡镇
210281105202	龙潭村委会	122.059022	39.800711	1	80	100	政府机构
210211016202	王家村委会	121.518182	38.878454	0	30	72	村庄
210283120202	前庙村委会	123.073642	39.442214	0	20	67	乡镇
210283002011	红光居委会	122.955722	39.682966	0	25	70	乡镇
210213023202	土门子村委会	121.931300	39.301854	1	80	100	政府机构
210214006002	金厂社区居委会	122.474532	39.536686	0	16	47	乡镇
210281206210	东虎村委会	121.634977	39.744536	1	80	100	政府机构
210211004004	光明社区居委会	121.615494	39.007040	0	25	70	乡镇
210281112206	小老虎屯村委会	121.854134	39.654093	0	18	40	乡镇
210214016002	蒿房社区居委会	122.272151	39.893055	0	16	65	乡镇
210283109211	李洞村委会	123.016287	40.017142	1	80	100	政府机构
210211014004	由家社区居委会	121.540831	38.884604	1	90	100	政府机构
210203013003	云峰社区居委会	121.602500	38.898781	0	25	70	乡镇
210213024206	石槽村委会	122.078715	39.153546	0	18	66	乡镇
210281205200	渤海村委会	121.687211	39.915418	1	80	100	政府机构
210213009201	八里村委会	121.766184	39.083093	0	25	70	乡镇
210211007014	康顺社区居委会	121.539861	38.981424	0	25	70	乡镇
210224100207	哈仙村委会	122.519898	39.230389	0	18	40	乡镇
210211017014	欣家园社区居委会	121.653812	39.031795	0	50	82	地产小区
210211400500	南沟村委会	121.525000	38.952100	0	14	32	区县
210213027216	炮台村委会	121.780314	39.476060	1	80	100	政府机构
210204009002	后山社区居委会	121.567626	38.905384	1	80	100	政府机构
210211014012	魅力社区居委会	121.481837	38.965942	0	20	50	乡镇
210283115224	新兴村委会	122.730900	39.572771	0	30	72	村庄
210283105224	四家村委会	123.467850	39.810895	1	80	100	政府机构
210281112210	磊山村委会	121.854134	39.654093	0	18	40	乡镇
210211004012	海鸥社区居委会	121.615494	39.007040	0	25	70	乡镇
210281206206	金屯村委会	121.653878	39.806203	0	16	65	村庄
210283114209	松林村委会	122.794960	39.786171	0	16	65	乡镇
210281101200	岳山村委会	121.786827	39.765170	1	80	100	政府机构
210214010206	李沟村委会	122.170100	39.421910	0	18	66	乡镇
210214015004	石岭社区居委会	122.541756	39.664525	0	18	66	乡镇
210211007002	玉峰社区居委会	121.550613	38.975676	1	80	100	政府机构
210214005004	平岛社区居委会	122.350424	39.443244	0	16	47	乡镇
210281008206	舒店村委会	121.875404	39.738319	1	80	95	政府机构
210203010005	新南社区居委会	121.633973	38.881058	0	30	72	乡镇
210211010006	民航社区居委会	121.551428	38.957919	1	80	100	政府机构
210281106204	邢屯村委会	122.233524	39.949643	0	16	65	乡镇
210202003006	安民社区居委会	121.645890	38.916719	1	80	100	政府机构
210281116204	宁家村委会	121.582702	39.694114	1	80	100	政府机构
210213020204	潘家村委会	122.182278	39.282993	0	18	66	乡镇
210283001017	水仙居委会	122.993607	39.670623	0	25	55	乡镇
210213008001	建兴社区居委会	121.726645	39.071502	0	25	70	乡镇
210214001010	普东社区居委会	122.059792	39.413585	0	18	66	乡镇
210281201202	前进村委会	122.025442	39.939117	0	30	72	村庄
210283002007	范东居委会	122.955722	39.682966	0	25	70	乡镇
210212009204	曲家村委会	121.199507	38.876173	1	80	100	政府机构
