210423109234	下王堡村民委员会	124.695610	42.255359	0	25	55	乡镇
210404005003	兴光社区居民委员会	123.827732	41.843309	0	30	51	乡镇
210422205206	北四平村民委员会	125.219624	41.843352	0	16	47	乡镇
210423106207	甘井子村民委员会	125.220880	42.106590	0	30	72	村庄
210421209206	六家子村民委员会	123.985530	41.650680	0	25	55	村庄
210423108219	大孤家村民委员会	124.849620	42.378951	0	25	70	乡镇
210422208208	岗东村民委员会	124.438490	41.381610	0	30	72	村庄
210403104202	阿及村民委员会	124.180653	41.996450	0	16	65	乡镇
210423101203	栏木桥村民委员会	124.408220	41.998410	1	80	100	政府机构
210423104001	英额门社区居委会	125.092439	42.176091	1	80	97	UNKNOWN
210422105204	西厢小堡村民委员会	124.618540	41.455250	0	30	72	UNKNOWN
210423206205	小莱河村民委员会	124.717550	41.883861	1	80	100	政府机构
210411201001	滴水湾社区居民委员会	123.784530	41.865689	1	80	92	地产小区
210422106214	北沟村民委员会	124.539200	41.709531	0	30	72	村庄
210403005008	兴龙社区居民委员会	124.022213	41.834932	0	20	41	乡镇
210421106221	马鲜村民委员会	124.110000	41.640200	0	25	70	乡镇
210403104214	富尔哈村民委员会	124.071809	42.019628	1	80	100	政府机构
210404011001	高湾社区居委会	123.775415	41.866536	0	60	87	地产小区
210422105212	于家村民委员会	124.517971	41.425558	0	30	72	村庄
210421105231	苍什村民委员会	124.211074	41.782886	0	16	65	乡镇
210404002011	八纬路社区居民委员会	123.781591	41.855874	0	40	65	道路
210423100003	天桥社区居民委员会	124.918020	42.089560	0	25	47	乡镇
210421209210	大房子村民委员会	123.985530	41.650680	0	25	55	村庄
210403103210	石门岭村民委员会	124.290757	41.947103	0	16	47	乡镇
210404006005	古田社区居民委员会	123.823567	41.852949	0	30	51	乡镇
210422102216	李家村民委员会	124.926047	41.638988	0	30	72	村庄
210422102001	龙岗社区居委会	124.832690	41.711350	0	25	70	乡镇
210404003010	建新社区居民委员会	123.791823	41.845767	1	75	92	地产小区
210423103204	太平沟村民委员会	125.205329	42.285181	0	30	72	村庄
210423207212	大堡村民委员会	124.960539	41.922681	0	25	55	乡镇
210403202213	张鲜村民委员会	124.043589	41.802448	0	18	66	乡镇
210422104213	四方台村民委员会	124.719659	41.318151	0	25	55	乡镇
210411102212	李其村民委员会	123.999518	41.906884	0	18	66	乡镇
210423100214	中寨村民委员会	124.918020	42.089560	0	25	55	乡镇
210402003008	公园社区居委会	123.930794	41.867009	0	30	72	乡镇
210422207201	榆树村民委员会	124.822370	41.642779	0	30	72	村庄
210404201208	柳条村民委员会	123.841263	41.704636	0	16	65	乡镇
210422100207	和平村民委员会	125.026270	41.724941	0	30	72	村庄
210402201210	丁家村民委员会	123.956460	41.792000	0	30	72	村庄
210402019002	蝴蝶楼社区居民委员会	123.894578	41.821340	0	30	51	乡镇
210422207217	样子沟村民委员会	124.824490	41.646699	0	25	55	村庄
210422103201	黄岗子村民委员会	124.769370	41.414650	0	25	55	乡镇
210411201216	北关新村村民委员会	123.931960	41.883460	0	25	55	村庄
210423203210	石阳村民委员会	125.062480	42.422549	1	80	100	政府机构
210423107206	大那路村民委员会	125.123010	41.957249	0	25	55	乡镇
210402201206	前邓村民委员会	123.950742	41.776234	0	18	49	乡镇
210422204207	南四平村民委员会	125.147740	41.539101	0	25	55	乡镇
210422100211	砬嘴村民委员会	125.083099	41.804141	0	30	72	UNKNOWN
210404004002	南一社区居民委员会	123.810922	41.847488	1	70	88	地产小区
210423104216	大石沟村民委员会	125.092439	42.176091	0	25	55	乡镇
210403215201	金家村民委员会	124.098920	41.801459	0	30	72	村庄
210403004009	电修社区居民委员会	124.032137	41.859148	0	25	47	乡镇
210422203203	双砬子朝鲜族村民委员会	125.359478	41.595049	0	16	38	乡镇
210404003006	锦州社区居民委员会	123.791751	41.845488	1	80	92	地产小区
210411205202	兴安村村民委员会	123.872504	41.950039	0	30	72	村庄
210423207204	大苏河村民委员会	124.960539	41.922681	0	25	55	乡镇
210423103212	关家街村民委员会	125.231490	42.297639	0	25	55	乡镇
210411102204	台山村民委员会	123.972550	41.918479	0	30	72	村庄
210422104205	马架子村民委员会	124.672299	41.293981	0	30	72	村庄
210423108215	小甘河村民委员会	124.946550	42.344459	1	80	97	UNKNOWN
210404008001	千台社区居民委员会	123.881489	41.830711	0	30	58	UNKNOWN
210422100231	达子营村民委员会	125.037300	41.739060	0	25	55	乡镇
210422208204	平河村民委员会	124.422824	41.382140	0	16	47	乡镇
210411005007	兰桥社区居民委员会	123.919480	41.887304	0	40	56	道路
210421204204	草盆村民委员会	124.414290	41.549930	1	80	100	政府机构
210423206209	夹皮沟村民委员会	124.818000	41.934778	1	80	100	政府机构
210402001003	民主路社区居委会	123.888879	41.855605	0	40	72	乡镇
210411002003	抚挖社区居民委员会	123.951798	41.895726	1	70	88	地产小区
210423100222	黄旗沟村民委员会	125.041020	42.097350	0	30	72	村庄
210402011003	友谊社区居委会	123.924857	41.859171	0	30	72	乡镇
210422108206	古楼村民委员会	124.380860	41.871940	0	30	72	村庄
210403005004	海新社区居民委员会	124.022213	41.834932	0	20	41	乡镇
210422106218	小洛村民委员会	124.626941	41.773149	0	25	55	乡镇
210422105208	苇子峪村民委员会	124.540926	41.506159	0	16	47	乡镇
210423208201	枸乃甸村民委员会	124.911930	42.194721	1	80	100	政府机构
210402001015	万达社区居委会	123.888879	41.855605	0	40	72	乡镇
210422108210	徐家村民委员会	124.483320	41.747561	0	30	72	村庄
210411001005	顺福社区居民委员会	123.937194	41.889287	1	80	92	地产小区
210423103224	小城子村民委员会	125.231490	42.297639	0	25	70	乡镇
210403006002	启运社区居民委员会	123.979537	41.830380	0	25	47	乡镇
210402015001	南阳社区居委会	123.926175	41.854872	1	80	100	政府机构
210423104220	崔庄子村民委员会	125.092439	42.176091	0	25	55	乡镇
210421101229	石文村民委员会	123.899390	41.729370	1	80	100	政府机构
210423108203	半拉山村民委员会	124.849620	42.378951	0	25	55	乡镇
210422100227	尹家村民委员会	125.037300	41.739060	0	25	55	乡镇
210404006009	盖平社区居民委员会	123.823567	41.852949	0	30	51	乡镇
210411201220	戈布村民委员会	123.931960	41.883460	0	25	55	村庄
210403002016	北湖社区居民委员会	124.079004	41.879721	0	25	47	乡镇
210403012201	章党汉族村民委员会	124.062388	41.894862	0	30	51	乡镇
210421211207	杨木村民委员会	123.814377	41.584405	0	16	47	村庄
210402003004	凤东社区居委会	123.933027	41.870939	1	75	95	地产小区
210423100218	长山堡村民委员会	124.918020	42.089560	0	25	55	乡镇
210402013004	乐园社区居委会	123.903163	41.860327	0	30	72	乡镇
210404011021	君悦社区居委会	123.749469	41.888497	0	16	47	乡镇
210411205218	三道村村民委员会	123.821476	41.987338	0	30	72	村庄
210404101206	前二道村民委员会	123.861078	41.782215	0	18	49	乡镇
210421106201	救兵村民委员会	124.110000	41.640200	0	25	70	乡镇
210411003014	辽勘社区居民委员会	123.854005	41.882957	0	25	47	乡镇
210423103208	大窝棚村民委员会	125.231490	42.297639	0	25	55	乡镇
210423106231	杨树崴村民委员会	125.368910	42.137189	0	30	72	村庄
210411004010	梅河社区居民委员会	123.896927	41.875566	1	80	92	地产小区
210421102215	四道村民委员会	124.218231	41.708059	0	25	55	乡镇
210423109202	刘小堡村民委员会	124.735370	42.129871	0	30	72	UNKNOWN
210421216203	石棚子村民委员会	124.345664	41.799997	1	80	100	政府机构
210404201204	松岗堡村民委员会	123.841263	41.704636	0	16	47	乡镇
210422102220	嘉禾村民委员会	124.832690	41.711350	0	25	55	乡镇
210403003001	楼房社区居民委员会	124.057112	41.846551	0	20	41	乡镇
210402017006	三利社区居民委员会	123.925374	41.824611	0	30	51	乡镇
210411004006	矿灯社区居民委员会	123.887728	41.882639	0	25	47	乡镇
210402007006	建新社区居委会	123.855946	41.852124	0	30	72	乡镇
210421102203	南彰党村民委员会	124.218231	41.708059	0	25	55	乡镇
210423109214	杨家堡村民委员会	124.695610	42.255359	0	25	55	乡镇
210422104209	皇木场村民委员会	124.719659	41.318151	0	25	55	乡镇
210411102208	詹家村民委员会	123.975530	41.890099	0	30	72	村庄
210421211211	前楼村民委员会	123.814377	41.584405	0	16	47	村庄
210421105207	洋湖村民委员会	124.211074	41.782886	0	16	47	乡镇
210422109207	转湾子村民委员会	124.369639	41.919181	0	30	72	村庄
210411003002	商业社区居民委员会	123.854005	41.882957	0	25	47	乡镇
210423207208	三十道河村民委员会	124.960539	41.922681	0	25	47	乡镇
210403202209	关口村民委员会	124.081560	41.839120	0	30	72	村庄
210404101210	大甸子村民委员会	123.845515	41.764752	0	30	72	村庄
210422109206	榔头沟村民委员会	124.400367	41.932369	0	16	47	乡镇
210423207209	和庆村民委员会	124.960539	41.922681	0	25	55	乡镇
210404101211	英家村民委员会	123.861078	41.782215	0	18	49	乡镇
210421106216	板城村民委员会	124.110000	41.640200	0	25	55	乡镇
210422104208	草盆村民委员会	124.719659	41.318151	0	25	55	乡镇
210411102209	前甸村民委员会	124.016440	41.892670	1	80	100	政府机构
210404009001	古城社区居民委员会	123.860397	41.835218	0	30	51	乡镇
210421102202	同安村民委员会	124.218231	41.708059	0	25	55	乡镇
210422102221	驿马村民委员会	124.892490	41.722541	0	30	72	村庄
210423106226	三道河村民委员会	125.262885	42.102536	0	50	82	UNKNOWN
210402007007	大官社区居委会	123.868852	41.857709	1	70	92	地产小区
210421101212	官山村民委员会	123.934120	41.686910	0	30	72	村庄
210421102214	五龙村民委员会	124.231086	41.644322	1	80	100	政府机构
210411007001	高山社区居民委员会	123.904409	41.887700	0	60	80	地产小区
210404201205	陡山沟村民委员会	123.841263	41.704636	0	16	47	乡镇
210421101204	大石村民委员会	123.930400	41.725560	0	30	72	村庄
210411004011	工行社区居民委员会	123.904306	41.872317	1	80	92	地产小区
210404011020	绿地社区居委会	123.749469	41.888497	0	16	65	乡镇
210404101207	前孤家子村民委员会	123.900553	41.753380	0	30	72	村庄
210411003015	南街社区居民委员会	123.854005	41.882957	0	25	47	乡镇
210403007002	西山社区居民委员会	123.969732	41.839966	0	30	51	乡镇
210421105210	上马村民委员会	124.178850	41.697981	0	30	72	村庄
210402003005	三合社区居委会	123.930794	41.867009	0	30	72	乡镇
210423100219	阿尔当村民委员会	124.918020	42.089560	0	25	55	乡镇
210411005010	站东社区居民委员会	123.927013	41.887673	1	75	92	地产小区
210423108202	湾龙泡村民委员会	124.797540	42.373460	1	80	100	政府机构
210422208213	松树口村民委员会	124.422824	41.382140	0	16	47	乡镇
210422100226	刘家朝鲜族村民委员会	124.977190	41.647910	0	30	58	村庄
210404006008	辽阳社区居民委员会	123.823567	41.852949	0	30	51	乡镇
210411001004	顺新社区居民委员会	123.932836	41.883768	0	50	73	地产小区
210423103225	泡子沿村民委员会	125.231490	42.297639	0	25	55	乡镇
210403006003	河西社区居民委员会	123.979537	41.830380	0	25	47	乡镇
210411002014	天城社区居民委员会	123.960015	41.882702	0	30	51	乡镇
210402001014	联通社区居委会	123.888879	41.855605	0	40	72	乡镇
210402001002	东八路社区居委会	123.908801	41.861165	1	80	100	政府机构
210411002002	挖建社区居民委员会	123.941330	41.895214	1	80	92	地产小区
210423100223	猴石沟村民委员会	125.022340	42.084941	0	30	72	村庄
210422108207	河西村民委员会	124.362927	41.873977	0	30	72	村庄
210422106219	上房申村民委员会	124.626941	41.773149	0	25	55	乡镇
210411005006	天竺社区居民委员会	123.925201	41.879924	0	30	51	乡镇
210421204205	孤家子村民委员会	124.372230	41.504131	0	30	72	村庄
210403002001	金南社区居民委员会	124.056646	41.857829	1	80	92	地产小区
210403012001	天湖社区居民委员会	124.062388	41.894862	0	30	51	乡镇
210404011221	东台村民委员会	123.710490	41.790611	0	30	72	村庄
210411102205	鲍家村民委员会	123.989350	41.893980	0	30	72	村庄
210423110203	上烟沟村民委员会	124.731819	42.091671	0	16	47	乡镇
210423100203	斗虎屯村民委员会	124.838050	42.077981	0	30	72	村庄
210422203202	双砬子村民委员会	125.359478	41.595049	0	16	47	乡镇
210403004008	塔湾社区居民委员会	124.032137	41.859148	0	25	47	乡镇
210404003007	新钢社区居民委员会	123.787688	41.847802	0	60	80	地产小区
210411205203	会元村村民委员会	123.874442	41.979391	0	30	72	村庄
210423207205	小苏河村民委员会	124.960539	41.922681	0	25	55	乡镇
210402201207	唐力村民委员会	123.950742	41.776234	0	18	66	乡镇
210404011201	李石村民委员会	123.728804	41.821738	0	40	77	UNKNOWN
210422204206	老戏场村民委员会	125.147740	41.539101	0	25	55	乡镇
210404004003	宏钢社区居民委员会	123.807507	41.849044	0	60	80	地产小区
210422100210	八宝村民委员会	125.037300	41.739060	0	25	70	乡镇
210423104217	湾龙背村民委员会	125.092439	42.176091	0	25	55	乡镇
210422207216	都督村民委员会	124.824490	41.646699	0	25	55	村庄
210411201217	新区村民委员会	123.931960	41.883460	0	25	55	村庄
210423203211	土口子村民委员会	125.101649	42.365223	0	16	47	乡镇
210423107207	大庙村民委员会	125.081009	41.918621	0	30	72	村庄
210422204210	英盈朝鲜族村民委员会	125.147740	41.539101	0	25	47	乡镇
210402201211	花园村民委员会	123.950742	41.776234	0	18	49	乡镇
210402009003	万新社区居委会	123.945779	41.871501	0	25	70	乡镇
210421101208	苏子村民委员会	123.903420	41.727490	0	25	55	乡镇
210411201201	东华村民委员会	123.931960	41.883460	0	25	55	村庄
210422103216	东瓜岭村民委员会	125.040000	41.733600	0	12	29	区县
210404007005	清湖社区居民委员会	123.828387	41.822243	0	25	47	乡镇
210404201209	鸽子村民委员会	123.841263	41.704636	0	16	47	乡镇
210423203207	猴石村民委员会	125.065110	42.395690	0	30	72	村庄
210421102218	李家堡子村民委员会	124.368810	41.782891	0	30	72	村庄
210422104212	龙湾村民委员会	124.594110	41.344090	0	30	72	村庄
210404010001	油研社区居民委员会	123.817945	41.856734	0	60	80	地产小区
210411102213	三家子村民委员会	123.999518	41.906884	0	18	66	乡镇
210423100215	吴家沟村民委员会	124.969310	42.027081	0	30	72	村庄
210402003009	水源社区居委会	123.930794	41.867009	0	30	72	乡镇
210411205215	砖台村村民委员会	123.883060	41.996811	0	30	72	村庄
210404003011	万众社区居民委员会	123.784445	41.855444	1	70	88	地产小区
210403202212	张甸村民委员会	124.043589	41.802448	0	18	49	乡镇
210421209211	陡岭村民委员会	123.961740	41.626690	0	30	72	村庄
210423106210	南山城朝村民委员会	125.278600	42.110490	0	25	55	乡镇
210403103211	驿马村民委员会	124.198340	41.935210	0	30	72	村庄
210404006004	天成社区居民委员会	123.827625	41.847024	1	80	92	地产小区
210423109223	猴石村民委员会	124.768540	42.258029	0	30	72	村庄
210423100002	铁北社区居民委员会	124.928403	42.106064	1	80	100	政府机构
210422101207	蜂蜜沟村民委员会	125.299670	41.681499	0	25	55	乡镇
210422106203	下营子村民委员会	124.580941	41.720599	0	30	72	村庄
210404002010	北厚社区居民委员会	123.773691	41.853935	0	50	73	地产小区
210421105226	油房村民委员会	124.211074	41.782886	0	16	65	乡镇
210422106215	水手村民委员会	124.626941	41.773149	0	25	55	乡镇
210422202203	北蜂蜜沟村民委员会	125.159113	41.676860	0	18	49	村庄
210403005009	龙腾社区居民委员会	124.022213	41.834932	0	20	41	乡镇
210402009202	榆林村民委员会	123.956360	41.869810	0	30	72	村庄
210423101202	六家子村民委员会	124.480996	42.018219	1	80	100	政府机构
210403008007	安厦社区居民委员会	123.950277	41.838788	0	30	51	乡镇
210404011016	同城社区居委会	123.749469	41.888497	0	16	47	乡镇
210403103207	黄金村民委员会	124.080550	41.976980	0	30	72	村庄
210423106206	苇塘沟村民委员会	125.219320	42.068700	0	30	72	村庄
210421209207	三家子村民委员会	123.985530	41.650680	0	25	70	村庄
210423108218	王小堡村民委员会	124.849620	42.378951	0	25	55	乡镇
210422102201	红旗村民委员会	124.805630	41.626029	0	30	72	村庄
210423105216	白草甸村民委员会	124.750381	41.987809	1	80	100	政府机构
210423100014	浑南社区居民委员会	124.918020	42.089560	0	25	47	乡镇
210404005002	红光社区居民委员会	123.827732	41.843309	0	30	51	乡镇
210422101211	江南村民委员会	125.312920	41.657351	1	80	100	政府机构
210422205207	杨树村民委员会	125.219624	41.843352	0	16	47	乡镇
210423108213	大甘河村民委员会	124.920740	42.341040	1	80	97	UNKNOWN
210402005011	千抚社区居委会	123.886648	41.860709	1	75	95	地产小区
210422100237	茶棚村民委员会	125.037300	41.739060	0	25	55	乡镇
210404008007	东立社区居民委员员会	123.885331	41.836232	0	25	47	乡镇
210411005001	华南社区居民委员会	123.925201	41.879924	0	30	51	乡镇
210421204202	西川村民委员会	124.338700	41.548939	0	30	72	UNKNOWN
210411102019	汇华社区居民委员会	123.999518	41.906884	0	18	40	乡镇
210403002006	北安社区居民委员会	124.079004	41.879721	0	25	47	乡镇
210411002005	红光社区居民委员会	123.941540	41.880901	0	60	80	地产小区
210423100224	四道河村民委员会	124.918020	42.089560	0	25	55	乡镇
210402011005	迎宾社区居委会	123.924857	41.859171	0	30	72	乡镇
210422202208	白旗村民委员会	125.159113	41.676860	0	18	49	村庄
210403005002	政通社区居民委员会	124.022213	41.834932	0	20	41	乡镇
210403104208	长岭子村民委员会	124.228140	42.022820	0	30	72	村庄
210402001013	商业城社区居委会	123.888879	41.855605	0	40	72	乡镇
210423208207	朱家堡村民委员会	124.931120	42.149779	0	30	72	UNKNOWN
210411002013	丰城社区居民委员会	123.960015	41.882702	0	30	51	乡镇
210411001003	泽麟社区居民委员会	123.941415	41.884926	0	50	73	地产小区
210423109228	下老坎村民委员会	124.695610	42.255359	0	25	55	乡镇
210403002010	乙烯社区居民委员会	124.051887	41.867921	0	60	80	地产小区
210403012010	粮库社区居民委员会	124.062388	41.894862	0	30	51	乡镇
210403007005	东山社区居民委员会	123.969732	41.839966	0	30	51	乡镇
210402013002	白云社区居委会	123.896395	41.859243	1	80	100	政府机构
210421211201	下海浪村民委员会	123.814377	41.584405	0	16	38	村庄
210403202219	新龙村民委员会	124.043589	41.802448	0	18	49	乡镇
210423101008	苍石社区居民委员会	124.511031	41.995929	0	25	47	乡镇
210423106237	黑石头村民委员会	125.278600	42.110490	0	25	55	乡镇
210411004016	辑安社区居民委员会	123.887728	41.882639	0	25	47	乡镇
210402019008	盛地社区居民委员会	123.895351	41.827078	0	50	68	道路
210411007006	贵德社区居民委员会	123.911037	41.879825	0	30	51	乡镇
210404201202	大甸村民委员会	123.841263	41.704636	0	16	47	乡镇
210421102213	腰堡村民委员会	124.218231	41.708059	0	25	55	乡镇
210423109204	高砬子村民委员会	124.695610	42.255359	0	25	47	乡镇
210421216205	庄稼村民委员会	124.363112	41.763478	0	16	47	乡镇
210404004008	开源社区居民委员会	123.803694	41.853096	0	30	51	乡镇
210421101215	连刀村民委员会	123.950760	41.707252	1	80	97	UNKNOWN
210423106221	二道河村民委员会	125.207987	42.091817	0	50	82	UNKNOWN
210423109212	赵堡村民委员会	124.695610	42.255359	0	25	55	乡镇
210411007010	新城社区居民委员会	123.911037	41.879825	0	30	51	乡镇
210421211217	邹家东沟村民委员会	123.856660	41.625758	0	30	72	村庄
210423110208	树基沟村民委员会	124.731819	42.091671	0	16	47	乡镇
210421105201	温道村民委员会	124.211074	41.782886	0	16	65	乡镇
210403004003	新苑社区居民委员会	124.032137	41.859148	0	25	47	乡镇
210411205208	黄金村村民委员会	123.803100	41.955379	0	30	72	村庄
210404101216	汪良村民委员会	123.861078	41.782215	0	18	66	乡镇
210423103218	粘泥岭村民委员会	125.231490	42.297639	0	25	47	乡镇
210411003004	远航社区居民委员会	123.866034	41.868483	1	80	95	政府机构
210421102225	后安村民委员会	124.218231	41.708059	0	25	55	乡镇
210423109232	贾屯村民委员会	124.695610	42.255359	0	25	55	乡镇
210423100013	三环社区居民委员会	124.918020	42.089560	0	25	47	乡镇
210423105211	向阳村民委员会	124.579800	41.987919	0	30	72	村庄
210404005005	曙光社区居民委员会	123.827732	41.843309	0	30	51	乡镇
210423106201	大北岔村民委员会	125.337860	42.029070	0	30	72	村庄
210422102206	头道砬子村民委员会	124.832690	41.711350	0	25	47	乡镇
210403104204	东沟村民委员会	124.168830	41.974870	0	30	72	村庄
210404011011	泗水社区居委会	123.749469	41.888497	0	16	65	乡镇
210422105202	西厢大堡村民委员会	124.540926	41.506159	0	16	47	乡镇
210402001009	西九路社区居委会	123.906626	41.863693	0	40	65	道路
210423206203	大东沟村民委员会	124.797500	41.892130	0	30	72	村庄
210402011009	西公园社区居委会	123.924857	41.859171	0	30	58	乡镇
210422202204	南蜂蜜沟村民委员会	125.159113	41.676860	0	18	40	村庄
210404007203	小演武村民委员会	123.830017	41.824070	1	80	97	UNKNOWN
210404002001	煤研西社区居民委员会	123.780464	41.851956	1	75	92	地产小区
210403104212	小寨子村民委员会	124.180653	41.996450	0	16	47	乡镇
210421106227	王木村民委员会	124.110000	41.640200	0	25	55	乡镇
210422105214	杉松村民委员会	124.540926	41.506159	0	16	47	乡镇
210423107001	湾甸子社区居委会	125.123010	41.957249	0	25	55	乡镇
210421105237	通什村民委员会	124.211074	41.782886	0	16	47	乡镇
210423105207	南口前村民委员会	124.607160	41.989931	0	25	55	乡镇
210423109224	金庄子村民委员会	124.741230	42.270330	0	30	72	村庄
210422104002	工园社区居委会	124.671064	41.288049	1	80	95	地产小区
210404006003	岫岩社区居民委员会	123.823567	41.852949	0	30	51	乡镇
210422102210	永陵朝鲜族村民委员会	124.832690	41.711350	0	25	47	乡镇
210403202215	新太河村民委员会	124.081590	41.888830	0	30	72	村庄
210403103001	森源社区居民委员会	124.290757	41.947103	0	16	38	乡镇
210411102214	中二村民委员会	123.999518	41.906884	0	18	49	乡镇
210404010006	乐园社区居民委员会	123.811758	41.837254	0	30	51	乡镇
210423110212	黑石木村民委员会	124.731819	42.091671	0	16	47	乡镇
210404007002	热电社区居民委员会	123.828387	41.822243	0	25	47	乡镇
210422103211	西安村民委员会	124.769370	41.414650	0	25	55	乡镇
210421216209	汤图村民委员会	124.363112	41.763478	0	16	47	乡镇
210423109208	卜屯村民委员会	124.695610	42.255359	0	25	55	乡镇
210423107216	七道河村民委员会	125.123010	41.957249	0	25	55	乡镇
210404011210	三宝屯村民委员会	123.743160	41.841049	0	30	72	村庄
210422100201	五副甲村民委员会	125.075446	41.720188	1	80	71	乡镇
210402019004	简易房社区居民委员会	123.894578	41.821340	0	30	51	乡镇
210402009004	新东社区居委会	123.945779	41.871501	0	25	70	乡镇
210422103207	李家村民委员会	124.769370	41.414650	0	25	55	乡镇
210422100217	五里村民委员会	125.037300	41.739060	0	25	55	乡镇
210404011206	刘尔朝村民委员会	123.749469	41.888497	0	16	65	乡镇
210422204201	查家村民委员会	125.147740	41.539101	0	25	55	乡镇
210423104210	长春屯村民委员会	125.092439	42.176091	0	25	55	乡镇
210403215207	新农村村民委员会	124.078660	41.825970	0	30	72	村庄
210421101219	景家村民委员会	123.859280	41.666199	0	30	72	村庄
210411205204	金花村村民委员会	123.840693	41.962932	0	16	47	村庄
210422203205	下围子村民委员会	125.040000	41.733600	0	12	29	区县
210411003008	后葛南社区居民委员会	123.854005	41.882957	0	25	43	乡镇
210403202203	罗卜坎村民委员会	124.043589	41.802448	0	18	66	乡镇
210423207202	大钓鱼台村民委员会	124.960539	41.922681	0	25	70	乡镇
210422104203	样尔沟村民委员会	124.719659	41.318151	0	25	47	乡镇
210403009001	西山社区居民委员会	123.934524	41.841526	0	30	51	乡镇
210411102202	大道村民委员会	123.999518	41.906884	0	18	66	乡镇
210423110204	双河村民委员会	124.763530	42.059059	0	30	72	村庄
210422104202	东升村民委员会	124.702570	41.343519	0	30	72	村庄
210411102203	靠山村民委员会	123.998370	41.899891	0	30	72	村庄
210423100205	腰站村民委员会	124.925130	42.005929	0	30	72	UNKNOWN
210423110205	下寨子村民委员会	124.798510	42.067980	0	30	72	村庄
210404003001	油院社区居民委员会	123.790556	41.852808	1	70	88	地产小区
210422203204	上围子村民委员会	125.359478	41.595049	0	16	47	乡镇
210423103215	长兴村民委员会	125.179670	42.250259	0	30	72	村庄
210411003009	西葛北社区居民委员会	123.838568	41.869786	1	80	92	地产小区
210403202202	平山村民委员会	124.046200	41.781599	0	30	72	村庄
210404004005	朝阳社区居民委员会	123.799848	41.846211	1	70	88	地产小区
210422100216	秋木村民委员会	125.037300	41.739060	0	25	55	乡镇
210404011207	河东村民委员会	123.749469	41.888497	0	16	47	乡镇
210402201201	荒地村民委员会	123.907396	41.815174	0	30	72	村庄
210403215206	关家村民委员会	124.102286	41.776361	0	18	49	村庄
210423104211	幸福村民委员会	125.062930	42.175079	0	30	72	村庄
210421101218	毛公村民委员会	123.877070	41.681651	1	80	100	政府机构
210422103206	上青村民委员会	124.769370	41.414650	0	25	55	乡镇
210411201211	四家子村民委员会	123.931960	41.883460	0	25	70	村庄
210422207210	何家村民委员会	124.723949	41.591481	0	30	72	村庄
210421102208	郑家村民委员会	124.283729	41.694271	0	30	72	村庄
210404011211	三宝屯朝村民委员会	123.743160	41.841049	0	30	58	村庄
210402019005	新刘山社区居民委员会	123.888029	41.818051	0	30	58	村庄
210423104207	新民屯村民委员会	125.072720	42.217800	0	30	72	村庄
210411201207	莲岛村民委员会	123.931960	41.883460	0	25	55	村庄
210422103210	大琵琶村民委员会	124.769370	41.414650	0	25	47	乡镇
210404002201	工农汉族村村民委员会	123.781256	41.837730	0	20	41	乡镇
210421216208	河东村民委员会	124.419710	41.833511	0	30	72	村庄
210423109209	大地村民委员会	124.712660	42.202140	0	30	72	村庄
210423107217	湾甸子村民委员会	125.127010	41.952740	1	80	100	政府机构
210403007008	万达社区居民委员会	123.969732	41.839966	0	30	51	乡镇
210404010007	灯塔社区居民委员会	123.811758	41.837254	0	30	51	乡镇
210411102215	上头村民委员会	123.999518	41.906884	0	18	49	乡镇
210422104214	大四平村民委员会	124.719659	41.318151	0	25	55	乡镇
210423100213	马前寨村民委员会	124.877330	42.069989	1	80	100	政府机构
210411205213	康乐村村民委员会	123.843880	41.915143	1	80	100	政府机构
210403202214	元龙村民委员会	124.058164	41.828391	0	30	72	村庄
210423106001	南山城社区居委会	125.278600	42.110490	0	25	55	乡镇
210423103203	上甸子村民委员会	125.231490	42.297639	0	25	55	乡镇
210423106216	南小堡村民委员会	125.278600	42.110490	0	25	55	乡镇
210403103217	洼子伙洛村民委员会	124.290757	41.947103	0	16	47	乡镇
210421101222	八家子村民委员会	123.893960	41.593560	1	80	100	政府机构
210423108208	刘家沟村民委员会	124.885160	42.362619	0	30	72	村庄
210422102211	二道村民委员会	124.832690	41.711350	0	25	55	乡镇
210404006002	丹北社区居民委员会	123.823567	41.852949	0	30	47	乡镇
210423105206	什排地村民委员会	124.607160	41.989931	0	25	47	乡镇
210423109225	天桥村民委员会	124.695610	42.255359	0	25	55	乡镇
210422101201	旺清门朝鲜族村民委员会	125.299670	41.681499	0	25	47	乡镇
210423106241	秀水甸村民委员会	125.278600	42.110490	0	25	55	乡镇
210422106205	赵家村民委员会	124.568910	41.654739	0	30	72	村庄
210421106226	康西村民委员会	123.915001	41.881299	0	14	37	区县
210403006009	河东社区居民委员会	123.983468	41.836586	1	80	92	地产小区
210423206202	马家沟村民委员会	124.759880	41.827359	0	30	72	村庄
210402001008	解放路社区居委会	123.888879	41.855605	0	40	72	乡镇
210402011008	北台社区居委会	123.919675	41.863980	1	80	100	政府机构
210411002008	安居社区居民委员会	123.960015	41.882702	0	30	51	乡镇
210422202205	红升村民委员会	125.144010	41.706991	0	30	72	村庄
210404007202	演武村民委员会	123.830017	41.824070	1	80	97	UNKNOWN
210403104205	关门山村民委员会	124.180653	41.996450	0	16	47	乡镇
210423101204	北杂木村民委员会	124.380704	41.986207	1	80	100	政府机构
210404011010	友爱社区居委会	123.749469	41.888497	0	16	65	乡镇
210403008001	矿前社区居民委员会	123.950277	41.838788	0	30	47	乡镇
210422100001	民主社区居委会	125.039799	41.731014	1	80	100	政府机构
210421209201	峡河村民委员会	123.985530	41.650680	0	25	55	村庄
210403103201	邱家村民委员会	124.084983	41.929370	0	30	72	村庄
210411004021	环卫社区居民委员会	123.887728	41.882639	0	25	47	乡镇
210422102207	错草村民委员会	124.832690	41.711350	0	25	70	乡镇
210423109233	小孤家村民委员会	124.695610	42.255359	0	25	55	乡镇
210423100012	桥南社区居民委员会	124.918020	42.089560	0	25	55	乡镇
210423105210	十八道岭村民委员会	124.607160	41.989931	0	25	55	乡镇
210422205201	火石村民委员会	125.219624	41.843352	0	16	47	乡镇
210404005004	春光社区居民委员会	123.827732	41.843309	0	30	51	乡镇
210422203208	东腰堡村民委员会	125.359478	41.595049	0	16	47	乡镇
210404101217	五老村民委员会	123.861078	41.782215	0	18	49	乡镇
210421106210	五牛村民委员会	124.110000	41.640200	0	25	55	乡镇
210423103219	水帘洞村民委员会	125.129480	42.211650	1	80	97	UNKNOWN
210423110209	西大林村民委员会	124.731819	42.091671	0	16	47	乡镇
210423100209	椴木沟村民委员会	124.918020	42.089560	0	25	55	乡镇
210411007011	永大社区居民委员会	123.909501	41.875520	1	80	92	地产小区
210404004009	和顺社区居民委员会	123.803694	41.853096	0	30	51	乡镇
210402007001	新顺社区居委会	123.876490	41.861192	1	80	100	政府机构
210402017001	湖边社区居民委员会	123.925374	41.824611	0	30	51	乡镇
210411004001	八厂社区居民委员会	123.887728	41.882639	0	25	47	乡镇
210423106220	龙头堡村民委员会	125.278600	42.110490	0	25	55	乡镇
210411007007	南关社区居民委员会	123.911037	41.879825	0	30	51	乡镇
210404201203	长山村民委员会	123.797121	41.633949	0	30	72	村庄
210423109205	唐家屯村民委员会	124.695610	42.255359	0	25	55	乡镇
210421216204	龙凤村民委员会	124.377375	41.804547	0	30	72	村庄
210422102231	夏园村民委员会	124.832690	41.711350	0	25	55	乡镇
210423101009	红山社区居民委员会	124.511031	41.995929	0	25	47	乡镇
210423106236	四道碱厂村民委员会	125.379247	42.157020	0	30	72	村庄
210411004017	亦工社区居民委员会	123.882737	41.871241	1	75	92	地产小区
210403202218	龙凤村民委员会	124.043589	41.802448	0	18	49	乡镇
210421106206	石门村民委员会	124.074240	41.663610	0	30	72	村庄
210404101201	程家村民委员会	123.874620	41.807411	0	30	72	村庄
210403007004	虎万路社区居民委员会	123.954580	41.841291	0	40	65	道路
210402013003	千金社区居委会	123.897702	41.856299	1	80	100	政府机构
210421105216	姚家村民委员会	124.167000	41.762659	0	30	72	村庄
210402003003	凤翔社区居委会	123.930794	41.867009	0	30	72	乡镇
210423100008	红河社区居民委员会	124.930447	42.102476	1	80	100	政府机构
210403002011	腈纶社区居民委员会	124.048847	41.869827	1	75	92	地产小区
210402005006	永达社区居委会	123.879663	41.862814	1	80	100	政府机构
210402015006	台南嘉苑社区居委会	123.920295	41.856384	1	80	100	政府机构
210422208215	双台子村民委员会	124.422824	41.382140	0	16	47	乡镇
210422100220	和平蔬菜村民委员会	125.037300	41.739060	0	25	47	乡镇
210411001002	东方社区居民委员会	123.940217	41.880739	0	30	51	乡镇
210423103223	双井沟村民委员会	125.231490	42.297639	0	25	55	乡镇
210403006005	南岭社区居民委员会	123.949620	41.831621	0	30	58	村庄
210423208206	线金厂村民委员会	124.911980	42.195561	0	25	47	乡镇
210411002012	新湖社区居民委员会	123.960015	41.882702	0	30	51	乡镇
210423101208	下大堡村民委员会	124.511031	41.995929	0	25	55	乡镇
210403104209	窖沟村民委员会	124.180653	41.996450	0	16	47	乡镇
210423100225	镇东村民委员会	124.971290	42.114751	0	30	72	村庄
210402011004	永宁社区居委会	123.915589	41.866642	1	80	100	政府机构
210422108201	五龙村民委员会	124.491930	41.853371	0	25	70	乡镇
210403005003	锦山社区居民委员会	124.022213	41.834932	0	20	41	乡镇
210421204203	太平村民委员会	124.375524	41.521496	0	18	66	乡镇
210403012007	火电社区居民委员会	124.062388	41.894862	0	30	51	乡镇
210411102018	石化社区居民委员会	123.999518	41.906884	0	18	40	乡镇
210403002007	绥阳社区居民委员会	124.079004	41.879721	0	25	47	乡镇
210423108212	松树嘴村民委员会	124.849620	42.378951	0	25	55	乡镇
210411003006	阳光社区居民委员会	123.854005	41.882957	0	25	47	乡镇
210422105220	小哪吽村民委员会	124.540926	41.506159	0	16	65	乡镇
210421216211	鲍家村民委员会	124.316130	41.839741	0	30	72	村庄
210423109210	袁家庙村民委员会	124.695610	42.255359	0	25	55	乡镇
210422103209	大甸子村民委员会	124.769370	41.414650	0	25	55	乡镇
210404009004	中心社区居民委员会	123.860397	41.835218	0	30	51	乡镇
210423106223	东庙村民委员会	125.190860	42.036870	0	30	72	村庄
210411004002	建安社区居民委员会	123.873625	41.861545	1	80	92	地产小区
210422100219	下坎村民委员会	125.037300	41.739060	0	25	55	乡镇
210404011208	青台子村民委员会	123.773699	41.807931	0	30	72	村庄
210423109206	黄家屯村民委员会	124.695610	42.255359	0	25	55	乡镇
210421102211	馒首村民委员会	124.218231	41.708059	0	25	70	乡镇
210421216207	占贝村民委员会	124.363112	41.763478	0	16	65	乡镇
210411007004	锁阳社区居民委员会	123.909743	41.885832	1	80	92	地产小区
210422207209	边外村民委员会	124.751700	41.588579	1	80	100	政府机构
210411201208	孤家子村民委员会	123.822280	41.902791	0	30	72	村庄
210421101201	栗子村民委员会	123.903420	41.727490	0	25	55	乡镇
210411004014	远方社区居民委员会	123.887728	41.882639	0	25	47	乡镇
210422102232	团结村民委员会	124.816288	41.705436	0	30	72	村庄
210421106205	后腰村民委员会	124.110000	41.640200	0	25	55	乡镇
210404101202	和平村民委员会	123.880619	41.802121	0	30	72	村庄
210411003010	西葛南社区居民委员会	123.838690	41.866855	1	80	92	地产小区
210421211203	上海浪村民委员会	123.806573	41.584637	1	80	97	政府机构
210404010008	玫瑰城社区居民委员会	123.804424	41.860412	0	50	73	地产小区
210403007007	万中社区居民委员会	123.969732	41.839966	0	30	72	乡镇
210411201224	欧家村民委员会	123.935490	41.888761	0	30	72	村庄
210403002012	油机社区居民委员会	124.079004	41.879721	0	25	47	乡镇
210423105209	王家堡村民委员会	124.608669	42.061941	1	80	100	政府机构
210422100223	蓝旗村民委员会	125.037300	41.739060	0	25	55	乡镇
210422109002	建设社区居委会	124.400367	41.932369	0	16	65	乡镇
210402015005	南苑社区居委会	123.911782	41.855848	1	80	100	政府机构
210403103218	二伙洛村民委员会	124.290757	41.947103	0	16	47	乡镇
210402005005	星月社区居委会	123.886789	41.863609	1	80	100	政府机构
210403006006	莫地社区居民委员会	123.980621	41.834417	0	40	59	道路
210411001001	弘升社区居民委员会	123.940217	41.880739	0	30	51	乡镇
210423208205	筐子沟村民委员会	124.787260	42.145981	0	30	72	村庄
210411002011	水岸社区居民委员会	123.960015	41.882702	0	30	51	乡镇
210402001011	富平路社区居委会	123.908307	41.856531	0	50	82	道路
210403006010	新和社区居民委员会	123.979537	41.830380	0	25	47	乡镇
210403202221	甲帮村民委员会	124.043589	41.802448	0	18	49	乡镇
210422108202	马尔墩村民委员会	124.491930	41.853371	0	25	55	乡镇
210411002007	隆顺社区居民委员会	123.951343	41.888948	1	70	88	地产小区
210403012004	河东社区居民委员会	124.062388	41.894862	0	30	51	乡镇
210411005003	华盛社区居民委员会	123.919182	41.880743	1	75	92	地产小区
210404011224	小瓦朝村民委员会	123.749469	41.888497	0	16	47	乡镇
210404008005	盘北社区居民委员会	123.869205	41.818890	1	80	100	政府机构
210422100235	林子头村民委员会	125.037300	41.739060	0	25	55	乡镇
210422102208	赫图阿拉村民委员会	124.832690	41.711350	0	25	47	乡镇
210423108211	泉眼头村民委员会	124.849620	42.378951	0	25	55	乡镇
210421211219	西台沟村民委员会	123.845579	41.600786	0	30	72	村庄
210423105004	南口前社区居民委员会	124.607160	41.989931	0	25	43	乡镇
210422104201	小四平村民委员会	124.745592	41.302679	1	80	100	政府机构
210403009003	栗园社区居民委员会	123.934524	41.841526	0	30	51	乡镇
210422203207	响水河子朝鲜族村民委员会	125.359478	41.595049	0	16	38	乡镇
210404003002	煤研社区居民委员会	123.788766	41.850998	1	70	88	地产小区
210411205206	马前村村民委员会	123.862790	42.019869	0	30	72	村庄
210423101010	红矿社区居民委员会	124.511031	41.995929	0	25	47	乡镇
210403215205	兰山村民委员会	124.103460	41.787709	0	30	72	村庄
210423104212	转湘湖村民委员会	125.092439	42.176091	0	25	55	乡镇
210402201202	路家村民委员会	123.911610	41.804099	0	30	72	村庄
210422102228	下房子村民委员会	124.738560	41.701590	1	80	100	政府机构
210404004006	信合社区居民委员会	123.803694	41.853096	0	30	51	乡镇
210422100215	黄旗村民委员会	125.037300	41.739060	0	25	55	乡镇
210423203214	拐抹沟村民委员会	125.101649	42.365223	0	16	65	乡镇
210423107202	龙头村民委员会	125.050020	42.018549	0	30	72	村庄
210422207213	罗圈村民委员会	124.824490	41.646699	0	25	55	村庄
210422103205	下青村民委员会	124.769370	41.414650	0	25	55	乡镇
210411004018	顺达社区居民委员会	123.875519	41.869022	1	70	88	地产小区
210423104204	柳木桥村民委员会	125.092439	42.176091	0	25	55	乡镇
210402019006	欣洲社区居民委员会	123.895329	41.827110	1	80	92	地产小区
210404004010	风华社区居民委员会	123.803694	41.853096	0	30	51	乡镇
210404011212	河夹心村民委员会	123.749469	41.888497	0	16	47	乡镇
210423107214	大边沟村民委员会	125.067620	42.029390	0	30	72	村庄
210411007008	安怡社区居民委员会	123.905066	41.882462	1	80	92	地产小区
210423203202	治安村民委员会	125.121720	42.381719	0	30	72	村庄
210422103213	杉木厂村民委员会	124.769370	41.414650	0	25	55	乡镇
210404002202	工农朝鲜族村村民委员会	123.781256	41.837730	0	20	41	乡镇
210422207205	红旗村民委员会	124.805630	41.626029	0	30	72	村庄
210423100210	前进村民委员会	124.917820	42.099100	0	30	72	村庄
210423110210	李家堡村民委员会	124.731819	42.091671	0	16	47	乡镇
210421105219	北湖村民委员会	124.211074	41.782886	0	16	47	乡镇
210404010004	凤城社区居民委员会	123.805945	41.857581	1	80	92	地产小区
210411102216	门进村民委员会	123.999518	41.906884	0	18	66	乡镇
210403202217	东洲村民委员会	124.043589	41.802448	0	18	49	乡镇
210404006001	海城社区居民委员会	123.820938	41.851761	1	70	88	地产小区
210421209214	胜子村民委员会	123.985530	41.650680	0	25	70	村庄
210402005009	园丁社区居委会	123.879659	41.862807	1	80	100	政府机构
210423106215	靠山屯村民委员会	125.278600	42.110490	0	25	55	乡镇
210403103214	高丽村民委员会	124.290757	41.947103	0	16	47	乡镇
210422101202	东江沿村民委员会	125.326759	41.708111	0	30	72	村庄
210423109226	太平沟村民委员会	124.792270	42.309761	0	30	72	村庄
210423105205	高力屯村民委员会	124.667789	41.995591	0	30	72	村庄
210422106206	下湾子村民委员会	124.603649	41.686981	0	30	72	村庄
210423208209	中心屯村民委员会	124.911980	42.195561	0	25	55	乡镇
210404001005	金新社区居民委员会	123.756446	41.822412	0	25	47	乡镇
210423101211	红透山村民委员会	124.515951	41.994139	1	80	100	政府机构
210403104210	上年马洲村民委员会	124.180653	41.996450	0	16	38	乡镇
210404007201	武道村民委员会	123.830550	41.824361	0	30	72	道路
210422106210	木奇村民委员会	124.623619	41.768298	1	80	97	政府机构
210404002003	合金社区居民委员会	123.781256	41.837730	0	20	41	乡镇
210422202206	张家村民委员会	125.149820	41.676721	0	30	72	村庄
210423206201	敖石哈村民委员会	124.843589	41.926341	0	30	72	UNKNOWN
210403008002	虎北社区居民委员会	123.950277	41.838788	0	30	51	乡镇
210422100002	和平社区居委会	125.031576	41.730819	1	80	100	政府机构
210404011013	新湾社区居委会	123.749469	41.888497	0	16	47	乡镇
210403104206	上哈达村民委员会	124.201390	42.016290	0	30	72	村庄
210422102204	后堡村民委员会	124.809271	41.719449	0	30	72	村庄
210422100239	红旗沟村民委员会	125.084459	41.701071	0	30	72	村庄
210423106203	三胜堡村民委员会	125.278600	42.110490	0	25	55	乡镇
210411004022	北山社区居民委员会	123.890200	41.881261	1	70	88	地产小区
210423103001	草市社区居民委员会	125.231490	42.297639	0	25	47	乡镇
210404005007	晨光社区居民委员会	123.814556	41.847888	1	75	92	地产小区
210422205202	宝汤村民委员会	125.289180	41.851429	1	80	100	政府机构
210403002008	阿金社区居民委员会	124.079004	41.879721	0	25	47	乡镇
210411102017	前兴社区居民委员会	123.999518	41.906884	0	18	40	乡镇
210423100011	白云社区居民委员会	124.918020	42.089560	0	25	47	乡镇
210423105213	暖泉子村民委员会	124.607160	41.989931	0	25	55	乡镇
210423109230	红土庙村民委员会	124.583100	42.268879	0	30	72	村庄
210404005006	光明社区居民委员会	123.815798	41.848925	1	75	92	地产小区
210422205203	冯家村民委员会	125.252270	41.828060	0	30	72	村庄
210411102016	启东社区居民委员会	123.999518	41.906884	0	18	40	乡镇
210423100010	东园社区居民委员会	124.918020	42.089560	0	25	47	乡镇
210423109231	邱窝棚村民委员会	124.695610	42.255359	0	25	70	乡镇
210422100238	关家村民委员会	125.037300	41.739060	0	25	55	乡镇
210403103203	上章党汉族村民委员会	124.096679	41.938129	1	80	100	政府机构
210423106202	大枉沟村民委员会	125.314901	42.021012	0	30	72	村庄
210411004023	远洋城社区居民委员会	123.892190	41.882011	1	75	92	地产小区
210421209203	台堡村民委员会	123.946360	41.579551	0	30	72	UNKNOWN
210403008003	虎南社区居民委员会	123.950277	41.838788	0	30	47	乡镇
210422105201	三道关村民委员会	124.540926	41.506159	0	16	47	乡镇
210422100003	前进社区居委会	125.037300	41.739060	0	25	70	乡镇
210404011012	河南社区居委会	123.749469	41.888497	0	16	65	乡镇
210403104207	河清寨村民委员会	124.180653	41.996450	0	16	47	乡镇
210423101206	沿水沟村民委员会	124.511031	41.995929	0	25	55	乡镇
210422106211	东站村民委员会	124.626941	41.773149	0	25	55	乡镇
210422202207	关家村民委员会	125.159113	41.676860	0	18	49	村庄
210422105217	甸边子村民委员会	124.540926	41.506159	0	16	65	乡镇
210421106224	大东村民委员会	124.110000	41.640200	0	25	70	乡镇
210423101210	苍石村民委员会	124.520980	41.987859	0	30	72	村庄
210403104211	下年马洲村民委员会	124.180653	41.996450	0	16	38	乡镇
210422106207	东韩家村民委员会	124.553930	41.705101	0	30	72	村庄
210421105234	赵家村民委员会	124.200500	41.831820	0	30	72	村庄
210421211222	安家峪村民委员会	123.814377	41.584405	0	16	47	村庄
210423208208	北大林村民委员会	124.911980	42.195561	0	25	55	乡镇
210422104001	昌平社区居委会	124.719659	41.318151	0	25	70	乡镇
210422101203	东江沿朝鲜族村民委员会	125.299670	41.681499	0	25	47	乡镇
210423109227	湾龙背村民委员会	124.695610	42.255359	0	25	55	乡镇
210423105204	康家堡村民委员会	124.607160	41.989931	0	25	55	乡镇
210423100006	兴隆社区居民委员会	124.923385	42.097252	1	80	100	政府机构
210422102213	金岗村民委员会	124.832690	41.711350	0	25	70	乡镇
210423103201	赵家街村民委员会	125.231490	42.297639	0	25	55	乡镇
210421106208	马郡村民委员会	124.068149	41.655231	1	80	100	政府机构
210403202216	武嘉村民委员会	124.043589	41.802448	0	18	66	乡镇
210423110211	牛肺沟村民委员会	124.776890	42.112331	0	30	72	村庄
210404010005	台安社区居民委员会	123.811758	41.837254	0	30	51	乡镇
210423107215	风道村民委员会	125.123010	41.957249	0	25	70	乡镇
210411201205	里仁村民委员会	123.788824	41.890216	0	30	72	村庄
210404007001	小南沟社区居民委员会	123.875350	41.817971	0	30	58	村庄
210422103212	杨家村民委员会	124.787729	41.401501	0	30	72	村庄
210422207204	红石村民委员会	124.741480	41.645490	0	30	72	村庄
210411004019	移通社区居民委员会	123.887728	41.882639	0	25	47	乡镇
210423104205	孤山子村民委员会	125.092439	42.176091	0	25	55	乡镇
210402019007	安泰社区居民委员会	123.894578	41.821340	0	30	51	乡镇
210422100202	前进村民委员会	125.037300	41.739060	0	25	55	乡镇
210404004011	嘉园社区居民委员会	123.803694	41.853096	0	30	51	乡镇
210404011213	北厚村民委员会	123.767242	41.851596	1	70	92	地产小区
210423107203	坎椽沟村民委员会	125.123010	41.957249	0	25	55	乡镇
210423104213	椽子沟村民委员会	125.092439	42.176091	0	25	55	乡镇
210403215204	簸箕村民委员会	124.102286	41.776361	0	18	49	村庄
210404011205	刘尔村民委员会	123.687290	41.824104	0	50	82	UNKNOWN
210402201203	英得村民委员会	123.950742	41.776234	0	18	66	乡镇
210422204202	长岭子村民委员会	125.088120	41.530951	0	30	72	村庄
210404004007	辽中社区居民委员会	123.803694	41.853096	0	30	51	乡镇
210423207201	杨家店村民委员会	124.916860	41.940280	0	30	72	村庄
210423103217	草市村民委员会	125.230037	42.296676	1	80	100	政府机构
210422203206	响水河子村民委员会	125.359478	41.595049	0	16	47	乡镇
210404003003	铁岭社区居民委员会	123.790829	41.850659	1	80	92	地产小区
210423110207	肖家堡村民委员会	124.719320	42.094771	0	30	72	UNKNOWN
210403009002	东山社区居民委员会	123.934524	41.841526	0	30	51	乡镇
210404008004	五老社区居民委员会	123.885331	41.836232	0	25	43	乡镇
210422100234	向阳村民委员会	124.929800	41.757099	0	30	72	村庄
210422208201	支家村民委员会	124.545480	41.338001	0	30	72	村庄
210423108210	王大堡村民委员会	124.849620	42.378951	0	25	55	乡镇
210403012005	河西社区居民委员会	124.062388	41.894862	0	30	51	乡镇
210411005002	银川社区居民委员会	123.925720	41.879939	1	70	88	地产小区
210421204201	马圈子村民委员会	124.375524	41.521496	0	18	49	乡镇
210422108203	大堡村民委员会	124.546910	41.806991	0	30	72	村庄
210403005001	龙祥社区居民委员会	124.022213	41.834932	0	20	41	乡镇
210402001006	育才社区居委会	123.900111	41.857145	1	80	100	政府机构
210411002006	世纪社区居民委员会	123.960015	41.882702	0	30	51	乡镇
210402011006	南台社区居委会	123.923189	41.863744	1	80	100	政府机构
210421101001	石文社区居民委员会	123.903420	41.727490	0	25	47	乡镇
210403202220	员工村民委员会	124.043589	41.802448	0	18	49	乡镇
210423208204	井家沟村民委员会	124.924000	42.100399	0	12	34	区县
210411002010	长安社区居民委员会	123.960015	41.882702	0	30	51	乡镇
210402001010	东三路社区居委会	123.906391	41.863129	0	50	82	道路
210403006007	东泰社区居民委员会	123.979537	41.830380	0	25	47	乡镇
210404011008	高阳社区居委会	123.749469	41.888497	0	16	65	乡镇
210423103221	大板河村民委员会	125.231490	42.297639	0	25	55	乡镇
210422109003	富强社区居委会	124.400367	41.932369	0	16	65	乡镇
210403103219	万金屯村民委员会	124.290757	41.947103	0	16	47	乡镇
210402015004	学苑社区居委会	123.922344	41.856748	0	40	65	道路
210402005004	铁北社区居委会	123.894084	41.864797	0	30	72	乡镇
210423108206	清河北村民委员会	124.849620	42.378951	0	25	55	乡镇
210403002013	含情园社区居民委员会	124.049517	41.859091	0	25	55	旅游景点
210423105208	北口前村民委员会	124.607160	41.989931	0	25	55	乡镇
210421105214	四家子村民委员会	124.211074	41.782886	0	16	65	乡镇
210402003001	丽翠社区居委会	123.934410	41.869758	1	80	100	政府机构
210402013001	西一路社区居委会	123.894613	41.859073	0	50	73	道路
210403007006	万顺社区居民委员会	123.969732	41.839966	0	30	51	乡镇
210404011024	皇家海洋世界社区居委会	123.749469	41.888497	0	16	38	乡镇
210423104209	英额门村民委员会	125.094051	42.176390	1	80	100	政府机构
210422102233	羊祭台村民委员会	124.728120	41.719311	0	30	72	村庄
210423109207	文屯村民委员会	124.695610	42.255359	0	25	55	乡镇
210421102210	佟庄子村民委员会	124.218231	41.708059	0	25	55	乡镇
210411007005	北关社区居民委员会	123.911037	41.879825	0	30	51	乡镇
210404201201	拉古村民委员会	123.841263	41.704636	0	16	47	乡镇
210411102020	东华园社区居民委员会	123.999518	41.906884	0	18	40	乡镇
210422207208	蔡家村民委员会	124.791780	41.602701	0	30	72	村庄
210411201209	黄旗村民委员会	123.931960	41.883460	0	25	55	村庄
210402017003	十一厂住宅社区居民委员会	123.925374	41.824611	0	30	45	乡镇
210423106222	太平甸村民委员会	125.278600	42.110490	0	25	55	乡镇
210411004003	辉南社区居民委员会	123.897491	41.875134	1	80	92	地产小区
210402007003	平安社区居委会	123.855946	41.852124	0	30	72	乡镇
210421101216	养树村民委员会	123.903420	41.727490	0	25	70	乡镇
210422102225	大和睦村民委员会	124.832690	41.711350	0	25	55	乡镇
210422100218	照阳村民委员会	125.015680	41.697751	0	30	72	村庄
210404011209	田屯村民委员会	123.760819	41.814841	0	30	72	村庄
210411007013	民族社区居民委员会	123.911037	41.879825	0	30	51	乡镇
210423203219	陈家沟村民委员会	125.010630	42.334430	0	30	72	村庄
210421216210	百花村民委员会	124.306250	41.844811	0	30	72	村庄
210423109211	丁家堡村民委员会	124.695610	42.255359	0	25	55	乡镇
210422103208	櫈厂村民委员会	124.769370	41.414650	0	25	70	乡镇
210404009005	河东社区居民委员会	123.854961	41.831319	1	80	92	地产小区
210411003007	后葛北社区居民委员会	123.854005	41.882957	0	25	43	乡镇
210421106212	山龙村民委员会	123.915001	41.881299	0	14	37	区县
210404101215	塔鲜村民委员会	123.861078	41.782215	0	18	66	乡镇
210422109202	朝阳村民委员会	124.450129	41.947707	0	30	72	村庄
210421105209	下马村民委员会	124.186140	41.717391	0	30	72	村庄
210422104207	东小堡村民委员会	124.618540	41.455250	0	30	72	UNKNOWN
210411102206	二鲜村民委员会	123.996600	41.900181	0	18	66	乡镇
210423103210	二洼村民委员会	125.231490	42.297639	0	25	55	乡镇
210403202207	碾盘村民委员会	124.043589	41.802448	0	18	49	乡镇
210404003004	建设社区居民委员会	123.785863	41.845068	1	80	92	地产小区
210422203201	富江村民委员会	125.362600	41.538419	0	30	72	村庄
210403215203	紫花村民委员会	124.102286	41.776361	0	18	49	村庄
210411004008	水泥社区居民委员会	123.899014	41.873885	1	70	88	地产小区
210402007008	双桥社区居委会	123.855946	41.852124	0	30	72	乡镇
210422100213	石碑村民委员会	125.037300	41.739060	0	25	55	乡镇
210402201204	千金村民委员会	123.944270	41.803981	1	80	100	政府机构
210404011202	李石朝村民委员会	123.749469	41.888497	0	16	38	乡镇
210423107204	尖山子村民委员会	125.123010	41.957249	0	25	55	乡镇
210423203212	柴家店村民委员会	125.150160	42.310311	1	80	100	政府机构
210422103203	小甸子村民委员会	124.769370	41.414650	0	25	55	乡镇
210422207215	彭家村民委员会	124.845889	41.598161	0	30	72	村庄
210423104202	丁家街村民委员会	125.092439	42.176091	0	25	55	乡镇
210422204213	西岔村民委员会	125.269010	41.551601	0	30	72	村庄
210422100205	胜利朝鲜族村民委员会	125.037300	41.739060	0	25	47	乡镇
210423203204	汪家沟村民委员会	125.017920	42.362461	0	30	72	村庄
210423107212	得胜村民委员会	125.123010	41.957249	0	25	55	乡镇
210422103215	赵家村民委员会	124.769370	41.414650	0	25	55	乡镇
210421211209	房申村民委员会	123.797260	41.565968	0	30	72	村庄
210423100216	古城子村民委员会	124.918020	42.089560	0	25	55	乡镇
210404010002	洗化社区居民委员会	123.811758	41.837254	0	30	51	乡镇
210411102210	关岭村民委员会	123.999518	41.906884	0	18	49	乡镇
210423207210	长沙屯村民委员会	124.960539	41.922681	0	25	55	乡镇
210404101208	后孤家子村民委员会	123.861078	41.782215	0	18	49	乡镇
210403202211	营城子村民委员会	124.043589	41.802448	0	18	49	乡镇
210422102003	东钢社区居委会	124.832690	41.711350	0	25	55	乡镇
210404003012	金石社区居民委员会	123.782538	41.849681	1	80	92	地产小区
210422102214	色家村民委员会	124.904500	41.660111	1	80	100	政府机构
210404006007	油三社区居民委员会	123.823567	41.852949	0	30	47	乡镇
210422100229	郝家村民委员会	125.020430	41.769471	0	30	72	村庄
210423106213	三道岭村民委员会	125.278600	42.110490	0	25	55	乡镇
210403103212	营盘村民委员会	124.214951	41.936309	0	30	72	村庄
210421101227	阁老村民委员会	123.903420	41.727490	0	25	55	乡镇
210423109220	金家窝棚村民委员会	124.854070	42.209570	1	80	100	政府机构
210423110001	北三家社区居民委员会	124.924000	42.100399	0	12	26	区县
210421105233	坎木村民委员会	124.211074	41.782886	0	16	65	乡镇
210423106244	下堡村民委员会	125.170880	42.091319	0	30	72	村庄
210423206211	于家堡村民委员会	124.757752	41.895389	1	80	97	政府机构
210421211225	果木园子村民委员会	123.922890	41.580789	0	30	72	村庄
210404001003	田园社区居民委员会	123.756446	41.822412	0	25	47	乡镇
210403104216	古塘村民委员会	124.170490	42.036070	0	30	72	村庄
210421106223	马和村民委员会	124.005320	41.771241	0	30	72	村庄
210422106216	穆家村民委员会	124.626941	41.773149	0	25	55	乡镇
210404002005	东丰社区居民委员会	123.780796	41.844758	1	70	88	地产小区
210423206207	台沟村民委员会	124.738420	41.846350	0	30	72	村庄
210421105225	李家村民委员会	124.239880	41.838101	0	30	72	村庄
210404011015	鑫城社区居委会	123.749469	41.888497	0	16	47	乡镇
210403008004	虎东社区居民委员会	123.950277	41.838788	0	30	51	乡镇
210422100004	胜利社区居委会	125.037300	41.739060	0	25	70	乡镇
210422105206	富家村民委员会	124.508731	41.527369	0	30	72	村庄
210402009201	万新村民委员会	123.945779	41.871501	0	25	55	乡镇
210423101201	沔阳村民委员会	124.511031	41.995929	0	25	70	乡镇
210422102202	前进村民委员会	124.832690	41.711350	0	25	55	乡镇
210421209204	眼望村民委员会	123.985530	41.650680	0	25	70	村庄
210404005001	铝北社区居民委员会	123.827732	41.843309	0	30	47	乡镇
210422101212	大荒沟村民委员会	125.299670	41.681499	0	25	55	乡镇
210423109236	夏家堡村民委员会	124.695190	42.256199	1	80	100	政府机构
210421102221	傲牛村民委员会	124.218231	41.708059	0	25	70	乡镇
210411005009	蓝天社区居民委员会	123.919761	41.885254	1	80	92	地产小区
210423105215	南三家村民委员会	124.607160	41.989931	0	25	55	乡镇
210404101212	小泗村民委员会	123.861078	41.782215	0	18	66	乡镇
210403004007	佳源社区居民委员会	124.032137	41.859148	0	25	47	乡镇
210422109205	聂尔库村民委员会	124.400367	41.932369	0	16	65	乡镇
210404003008	建平社区居民委员会	123.791695	41.852111	0	30	51	乡镇
210421105205	塔二丈村民委员会	124.211074	41.782886	0	16	47	乡镇
210423109216	马家堡村民委员会	124.695610	42.255359	0	25	55	乡镇
210421102201	前安村民委员会	124.218231	41.708059	0	25	55	乡镇
210404201210	赵家村民委员会	123.841263	41.704636	0	16	47	乡镇
210411007014	永安社区居民委员会	123.911037	41.879825	0	30	51	乡镇
210411201218	西戈村民委员会	123.831229	41.866721	0	30	72	村庄
210402007004	化塑社区居委会	123.868167	41.859512	1	80	100	政府机构
210421101211	三家子村民委员会	123.914074	41.707505	1	80	100	政府机构
210402017004	花园社区居民委员会	123.925374	41.824611	0	30	51	乡镇
210423104218	大林子村民委员会	125.092439	42.176091	0	25	55	乡镇
210403003003	中心社区居民委员会	124.057112	41.846551	0	20	41	乡镇
210422204209	英盈村民委员会	125.147740	41.539101	0	25	70	乡镇
210402201208	高家村民委员会	123.984460	41.797460	0	30	72	村庄
210422102222	五道堡村民委员会	124.832690	41.711350	0	25	55	乡镇
210411007002	兴业社区居民委员会	123.917205	41.885128	1	75	92	地产小区
210404201206	刘山村民委员会	123.792691	41.778629	0	30	72	村庄
210421216201	三块石村民委员会	124.389540	41.679969	0	50	82	UNKNOWN
210421101207	瓦房村民委员会	123.900690	41.693090	0	30	72	村庄
210422102234	陡岭村民委员会	124.832690	41.711350	0	25	55	乡镇
210404011218	西三家子村民委员会	123.749442	41.888497	0	16	47	乡镇
210411003016	新地社区居民委员会	123.854005	41.882957	0	25	47	乡镇
210404101204	塔峪村民委员会	123.861078	41.782215	0	18	49	乡镇
210404011023	方大社区居委会	123.749469	41.888497	0	16	65	乡镇
210402013006	元雪社区居委会	123.894613	41.859073	0	50	73	道路
210421105213	西古村民委员会	124.211074	41.782886	0	16	47	乡镇
210402003006	华龙社区居委会	123.930794	41.867009	0	30	72	乡镇
210421211205	转山村民委员会	123.814377	41.584405	0	16	47	村庄
210403002014	五满意社区居民委员会	124.079004	41.879721	0	25	43	乡镇
210422109004	车站社区居委会	124.400367	41.932369	0	16	65	乡镇
210422208210	河南村民委员会	124.416400	41.371491	0	30	72	村庄
210422100225	刘家村民委员会	124.993720	41.729989	0	30	72	村庄
210422102218	腰堡村民委员会	124.832690	41.711350	0	25	55	乡镇
210402005003	宏宇社区居委会	123.894084	41.864797	0	30	72	乡镇
210423108201	一面山村民委员会	124.849620	42.378951	0	25	55	乡镇
210402015003	安运社区居委会	123.922756	41.855355	1	80	95	地产小区
210423103226	东大道村民委员会	125.231490	42.297639	0	25	55	乡镇
210422108212	吕家村民委员会	124.495440	41.730280	0	30	72	村庄
210423208203	候家窝棚村民委员会	124.911980	42.195561	0	25	55	乡镇
210404011019	李石社区居委会	123.729660	41.820758	1	80	97	政府机构
210404002009	西丰社区居民委员会	123.780628	41.849509	1	80	92	地产小区
210422108204	腰站村民委员会	124.491930	41.853371	0	25	55	乡镇
210403005006	凤顺社区居民委员会	124.022213	41.834932	0	20	41	乡镇
210423100220	新立屯村民委员会	124.918020	42.089560	0	25	55	乡镇
210411002001	英才社区居民委员会	123.929779	41.895129	1	75	92	地产小区
210423109001	夏家堡社区居委会	124.693096	42.255943	0	50	82	UNKNOWN
210421105229	竖碑村民委员会	124.211074	41.782886	0	16	65	乡镇
210403002002	金秋社区居民委员会	124.079004	41.879721	0	25	47	乡镇
210411005005	戎馨社区居民委员会	123.925201	41.879924	0	30	51	乡镇
210422100233	网户村民委员会	125.037300	41.739060	0	25	55	乡镇
210422208206	双河村民委员会	124.455281	41.359619	0	30	72	村庄
210404008003	晶花社区居民委员会	123.885331	41.836232	0	25	47	乡镇
210404011222	大瓦村民委员会	123.687320	41.792598	1	80	97	UNKNOWN
210423106209	南山城村民委员会	125.278600	42.110490	0	25	55	乡镇
210421209208	小林村民委员会	123.985530	41.650680	0	25	55	村庄
210422100232	拨堡沟村民委员会	125.037300	41.739060	0	25	47	乡镇
210404008002	旭升社区居民委员会	123.885331	41.836232	0	25	47	乡镇
210404011223	小瓦村民委员会	123.749469	41.888497	0	16	47	乡镇
210423106208	中堡村民委员会	125.278600	42.110490	0	25	55	乡镇
210423108216	兴隆台村民委员会	124.849620	42.378951	0	25	55	乡镇
210421209209	杜家村民委员会	124.002550	41.603051	0	30	72	村庄
210403012003	抚东社区居民委员会	124.062388	41.894862	0	30	47	乡镇
210422205209	北旺清村民委员会	125.219624	41.843352	0	16	47	乡镇
210403002003	向阳社区居民委员会	124.079004	41.879721	0	25	47	乡镇
210411005004	乾安社区居民委员会	123.923273	41.880044	1	70	88	地产小区
210421204207	金斗村民委员会	124.372313	41.483017	0	30	72	村庄
210404002008	三宝社区居民委员会	123.781256	41.837730	0	20	41	乡镇
210422108205	胜利村民委员会	124.411380	41.867810	0	30	72	村庄
210403005007	茨沟社区居民委员会	124.026300	41.839499	0	30	58	村庄
210421105228	窖沟村民委员会	124.211074	41.782886	0	16	47	乡镇
210403008009	惠民社区居民委员会	123.950277	41.838788	0	30	51	乡镇
210403005011	中慧社区居民委员会	124.022213	41.834932	0	20	41	乡镇
210422108213	上夹河村民委员会	124.492610	41.852791	0	30	72	村庄
210421102001	后安社区居民委员会	124.218231	41.708059	0	25	47	乡镇
210411001006	机电社区居民委员会	123.938985	41.879458	0	60	80	地产小区
210422208211	下夹河村民委员会	124.411920	41.382210	0	30	72	村庄
210422102219	头道堡村民委员会	124.832690	41.711350	0	25	55	乡镇
210422100224	蓝旗朝鲜族村民委员会	125.037300	41.739060	0	25	47	乡镇
210402005002	福民路社区居委会	123.888526	41.864006	1	80	100	政府机构
210422101209	头道沟村民委员会	125.194630	41.811281	0	30	72	村庄
210411005012	顺大社区居民委员会	123.925201	41.879924	0	30	51	乡镇
210403012202	章党朝鲜族村民委员会	124.062388	41.894862	0	30	51	乡镇
210411003017	北街社区居民委员会	123.854005	41.882957	0	25	47	乡镇
210404101205	后二道村民委员会	123.861078	41.782215	0	18	49	乡镇
210421106202	通什村民委员会	124.110000	41.640200	0	25	55	乡镇
210404011022	和缘社区居委会	123.749469	41.888497	0	16	47	乡镇
210403004010	新安社区居民委员会	124.032137	41.859148	0	25	47	乡镇
210411004013	汽贸社区居民委员会	123.889906	41.875064	1	80	92	地产小区
210423106232	九道沟村民委员会	125.278600	42.110490	0	25	55	乡镇
210422100208	民主村民委员会	125.040688	41.740458	0	30	72	村庄
210404011219	东台朝村民委员会	123.749469	41.888497	0	16	47	乡镇
210411007003	北站社区居民委员会	123.911037	41.879825	0	30	51	乡镇
210404201207	西六家子村民委员会	123.784640	41.799379	0	30	72	村庄
210421102216	王家村民委员会	124.278838	41.595208	0	30	72	村庄
210423203209	门脸村民委员会	125.101649	42.365223	0	16	47	乡镇
210422103218	平顶山村民委员会	124.769370	41.414650	0	25	55	乡镇
210421101210	英守村民委员会	123.903420	41.727490	0	25	70	乡镇
210422204208	五道沟村民委员会	125.196572	41.531209	1	80	97	政府机构
210402201209	郎士村民委员会	123.979011	41.819219	1	80	100	政府机构
210422102223	西堡村民委员会	124.832690	41.711350	0	25	55	乡镇
210423109217	下坎子村民委员会	124.717390	42.243911	0	30	72	村庄
210411007015	临江社区居民委员会	123.911037	41.879825	0	30	51	乡镇
210422207218	岔路子村民委员会	124.824490	41.646699	0	25	55	村庄
210411201219	英石村民委员会	123.931960	41.883460	0	25	55	村庄
210421211212	松树村民委员会	123.814377	41.584405	0	16	47	村庄
210423108001	大孤家社区居委会	124.849620	42.378951	0	25	70	乡镇
210404101213	肖家村民委员会	123.922470	41.743399	0	30	72	村庄
210411003001	格林社区居民委员会	123.854005	41.882957	0	25	47	乡镇
210422109204	国道旁村民委员会	124.400367	41.932369	0	16	47	乡镇
210404003009	本溪社区居民委员会	123.791695	41.852111	0	30	51	乡镇
210422205205	善道岗村民委员会	125.219624	41.843352	0	16	65	乡镇
210422101213	旺清门村民委员会	125.299670	41.681499	0	25	70	乡镇
210423105214	张家堡村民委员会	124.607160	41.989931	0	25	70	乡镇
210404006010	红星社区居民委员会	123.824409	41.850621	1	80	92	地产小区
210422102203	蔬菜村民委员会	124.832690	41.711350	0	25	55	乡镇
210403103205	上章党朝鲜族村民委员会	124.092405	41.933315	1	80	100	政府机构
210404011014	康宁社区居委会	123.728431	41.827588	0	40	65	道路
210422100005	建新社区居委会	125.032767	41.734901	1	80	100	政府机构
210403104201	下哈达村民委员会	124.151780	41.979169	0	30	72	村庄
210422202201	旧门村民委员会	125.223872	41.709768	1	80	100	政府机构
210422108209	南嘉禾村民委员会	124.491930	41.853371	0	25	47	乡镇
210404002004	耐火社区居民委员会	123.781256	41.837730	0	20	41	乡镇
210423206206	大莱河村民委员会	124.750401	41.865719	1	80	100	政府机构
210404001002	青台子社区居民委员会	123.773699	41.807931	0	30	58	村庄
210421106222	小东村民委员会	124.007656	41.721556	0	60	87	UNKNOWN
210422106201	大洛村民委员会	124.626941	41.773149	0	25	70	乡镇
210423206210	敖家堡村民委员会	124.787860	41.913651	1	80	100	政府机构
210422101205	夹河北村民委员会	125.299670	41.681499	0	25	55	乡镇
210423105202	海阳村民委员会	124.607160	41.989931	0	25	55	乡镇
210423109221	马家店村民委员会	124.695610	42.255359	0	25	55	乡镇
210404006006	中海直社区居民委员会	123.823567	41.852949	0	30	51	乡镇
210422100228	佟家村民委员会	125.037300	41.739060	0	25	55	乡镇
210422102215	那家村民委员会	124.963233	41.648684	1	80	100	政府机构
210423106212	东五里堡村民委员会	125.278645	42.110490	0	25	55	乡镇
210403103213	榆树村民委员会	124.239130	41.948441	0	30	72	村庄
210421101226	大堡村民委员会	123.900490	41.636530	0	30	72	村庄
210423207211	平岭后村民委员会	124.960539	41.922681	0	25	47	乡镇
210403202210	石富村民委员会	124.043589	41.802448	0	18	49	乡镇
210404101209	山城子村民委员会	123.861078	41.782215	0	18	49	乡镇
210422102002	凤仪社区居委会	124.832690	41.711350	0	25	55	乡镇
210411102211	大柳村民委员会	124.000539	41.926691	1	80	100	政府机构
210404010003	昌盛社区居民委员会	123.811758	41.837254	0	30	51	乡镇
210423203205	荒地村民委员会	125.046860	42.329009	0	30	72	村庄
210411201203	方晓村民委员会	123.783060	41.883560	0	30	72	村庄
210422103214	大东沟村民委员会	124.769370	41.414650	0	25	55	乡镇
210402009001	榆林路社区居委会	123.951479	41.871402	0	40	77	道路
210422204212	四道沟村民委员会	125.295880	41.536019	1	80	100	政府机构
210404011215	大南村民委员会	123.749469	41.888497	0	16	47	乡镇
210422100204	胜利村民委员会	125.046772	41.726842	0	30	72	村庄
210423107205	红树沟村民委员会	125.123010	41.957249	0	25	55	乡镇
210411201215	龚家村民委员会	123.942580	41.912841	0	30	72	村庄
210422207214	哈山村民委员会	124.824490	41.646699	0	25	55	村庄
210423106228	大秧上堡村民委员会	125.249400	42.096670	0	30	72	村庄
210403215202	五味村民委员会	124.102286	41.776361	0	18	49	村庄
210402007009	安居社区居委会	123.855946	41.852124	0	30	72	乡镇
210422100212	后仓村民委员会	125.084000	41.789541	0	30	72	村庄
210404004001	昌图社区居民委员会	123.803640	41.852939	0	60	80	地产小区
210402201205	后邓村民委员会	123.950742	41.776234	0	18	49	乡镇
210404011203	四方台村民委员会	123.749469	41.888497	0	16	47	乡镇
210422204204	红庙子村民委员会	125.162631	41.532643	1	80	97	政府机构
210423103211	三道背村民委员会	125.231490	42.297639	0	25	55	乡镇
210423207207	南天门村民委员会	124.960539	41.922681	0	25	55	乡镇
210404003005	机修社区居民委员会	123.791695	41.852111	0	30	51	乡镇
210411205201	马金村村民委员会	123.889309	41.919661	0	30	72	村庄
210422109208	南杂木村民委员会	124.411317	41.968527	0	25	70	乡镇
210423100201	镇西村民委员会	124.905419	42.091701	0	30	72	村庄
210423105003	莱河社区居委会	124.607160	41.989931	0	25	55	乡镇
210423110201	北三家村民委员会	124.924000	42.100399	0	12	29	区县
210422104206	徐甸子村民委员会	124.719659	41.318151	0	25	47	乡镇
210403009004	栗华社区居民委员会	123.938300	41.835331	1	80	92	地产小区
210411102207	二道村民委员会	123.999518	41.906884	0	18	49	乡镇
