210502002004	新德社区居委会	123.760816	41.281541	0	40	72	乡镇
210503006003	宝藏社区居委会	123.750969	41.318500	0	30	58	乡镇
210503013201	上堡村委会	123.730540	41.365429	1	80	95	政府机构
210502010202	富家村委会	123.666680	41.221999	0	30	72	村庄
210503001007	峪岗社区居委会	123.771239	41.330806	0	30	72	乡镇
210521100205	上堡村委会	124.135432	41.327125	1	80	100	政府机构
210521110205	滴塔村委会	124.375772	41.286966	0	25	47	乡镇
210521103203	云盘村委会	123.909360	40.873029	0	25	70	乡镇
210522208205	湾龙背村委会	125.591960	41.333839	1	80	95	UNKNOWN
210504011221	前厂子村委会	123.806928	41.383400	1	80	94	政府机构
210521100213	山城子村委会	124.165100	41.401319	0	30	58	村庄
210502001002	南地社区居委会	123.756504	41.279651	0	40	77	UNKNOWN
210503010207	红旗村委会	123.725622	41.453483	1	80	97	政府机构
210503005005	彩发社区居委会	123.740228	41.299615	1	80	100	政府机构
210522108207	秀丽村委会	124.891920	41.240911	0	25	47	乡镇
210521104207	苏家村委会	123.758190	40.969861	0	25	70	乡镇
210521111212	城门村委会	124.368526	41.105917	1	80	100	政府机构
210504009001	下牛社区居委会	123.931004	41.346720	0	18	49	乡镇
210521102202	四棵树村委会	124.044010	40.889360	0	25	70	乡镇
210522001016	黎明社区居委会	125.364786	41.266612	1	80	97	政府机构
210521112202	新农村委会	124.085210	41.501499	0	30	72	村庄
210522104208	夹皮沟村委会	125.563670	41.006491	0	25	70	乡镇
210503011206	岱金峪村委会	123.688314	41.500117	1	80	95	政府机构
210502010003	北钢社区居委会	123.634799	41.230118	0	20	41	乡镇
210503007002	新光社区居委会	123.723032	41.331806	0	25	70	乡镇
210504008201	大峪村委会	123.837374	41.281307	0	18	66	乡镇
210521111204	黄卜村委会	124.478280	41.252791	0	25	70	乡镇
210521101204	瓦坊村委会	124.048690	41.069959	0	25	70	乡镇
210504007009	东兴社区居委会	123.801870	41.276389	0	25	70	乡镇
210502011203	尚家村委会	123.738780	41.189789	0	30	72	村庄
210521112214	磙子沟村委会	123.908360	41.475349	0	25	70	乡镇
210521109008	东风社区居委会	124.322180	41.229474	0	16	65	乡镇
210502004001	东明社区居委会	123.770549	41.291997	0	40	72	乡镇
210522201205	南老台村委会	125.328753	41.228478	1	80	100	政府机构
210502008002	千金社区居委会	123.768367	41.253351	1	80	100	政府机构
210521110209	才窑村委会	124.375772	41.286966	0	25	47	乡镇
210505004211	石湖村委会	123.806260	41.193477	1	80	95	政府机构
210505005400	本溪南芬铸件产业园社区	123.791401	41.013483	0	16	33	乡镇
210522101207	普乐堡村委会	125.189206	41.181715	1	80	100	政府机构
210522111207	江南村委会	125.466760	41.478999	0	25	70	乡镇
210505002003	三十六户社区居委会	123.749882	41.107880	0	25	55	乡镇
210521001003	站前社区居委会	124.122070	41.303101	0	25	70	乡镇
210522206201	黑沟村委会	125.377980	41.385441	0	25	70	村庄
210505004207	杨木沟村委会	123.806260	41.193477	1	80	95	政府机构
210505001005	盘道社区居委会	123.752402	41.098005	1	80	100	政府机构
210522111211	八道沟村委会	125.466760	41.478999	0	25	70	乡镇
210504005002	西胜社区居委会	123.817000	41.308800	0	16	38	区县
210522102201	二棚甸子村委会	125.509172	41.191701	1	80	100	政府机构
210521109205	太平村委会	124.322180	41.229474	0	16	65	乡镇
210505003203	金坑村委会	123.742673	41.134628	1	80	100	政府机构
210522202203	双合村委会	125.406681	41.104779	0	30	72	村庄
210503005009	彩乐社区居委会	123.738419	41.303278	1	80	100	政府机构
210504002006	高建社区居委会	123.762820	41.306427	0	30	72	乡镇
210504004003	德峪社区居委会	123.803360	41.306689	0	30	58	UNKNOWN
210504011201	高台子村委会	123.806928	41.383400	1	80	97	政府机构
210522110210	文治沟村委会	125.114830	41.378989	0	25	43	乡镇
210521001202	观音阁村委会	124.120911	41.306009	1	80	100	政府机构
210522104204	五里甸子村委会	125.557579	41.000936	1	80	100	政府机构
210504010001	卧龙社区居委会	123.855991	41.326929	0	25	70	乡镇
210502003009	永兴社区居委会	123.785196	41.284368	0	30	72	乡镇
210504007005	八一社区居委会	123.801870	41.276389	0	25	70	乡镇
210521100225	赛梨寨村委会	124.120230	41.305791	0	25	55	乡镇
210521109004	河北社区居委会	124.322180	41.229474	0	16	65	乡镇
210522110206	拉古甲村委会	125.114830	41.378989	0	25	47	乡镇
210504011217	旧孩岭村委会	123.806928	41.383400	1	80	94	政府机构
210522100206	泡子沿村委会	125.378005	41.289279	1	80	100	政府机构
210521101208	佟家堡村委会	124.048690	41.069959	0	25	70	乡镇
210521111208	长咀村委会	124.509722	41.240314	1	80	100	政府机构
210505005210	爱国村委会	123.791401	41.013483	0	16	47	乡镇
210522110207	光复村委会	125.119454	41.376674	1	80	100	政府机构
210522100207	东关村委会	125.369139	41.260330	1	80	100	政府机构
210521101209	胡家堡村委会	124.048690	41.069959	0	25	70	乡镇
210505004400	本溪南芬辽砚文化产业园区社区	123.806260	41.193477	1	80	95	政府机构
210521111209	民主村委会	124.530870	41.266870	0	30	72	村庄
210505005211	金家村委会	123.674520	41.001529	0	30	72	村庄
210504007004	育红社区居委会	123.796044	41.294549	1	80	100	政府机构
210521100224	腰堡村委会	124.120230	41.305791	0	25	70	乡镇
210521109005	荣桥社区居委会	124.322180	41.229474	0	16	38	乡镇
210522102001	西岔社区居委会	125.600199	41.214171	0	16	47	乡镇
210502008202	兴安村委会	123.701929	41.265381	0	30	72	村庄
210521001203	张家堡村委会	124.127507	41.281001	1	80	100	政府机构
210504004002	高峪社区居委会	123.803360	41.306689	0	30	72	UNKNOWN
210503009400	本溪市东风湖加工区社区	123.714378	41.297836	1	80	95	政府机构
210505005207	程家村委会	123.768070	41.025831	0	30	72	村庄
210522103201	影壁山村委会	125.550889	41.149148	1	80	100	政府机构
210505003202	解放村委会	123.706619	41.135311	0	30	72	村庄
210503005008	华南社区居委会	123.739140	41.302868	0	30	72	乡镇
210522202202	向阳村委会	125.381130	41.105341	0	30	72	村庄
210521001014	郦城社区居委会	124.122070	41.303101	0	25	55	乡镇
210505004206	三台子村委会	123.806260	41.193477	1	80	97	政府机构
210505001004	南山社区居委会	123.749188	41.100328	1	80	100	政府机构
210504010201	卧龙村委会	123.855991	41.326929	0	25	70	乡镇
210504005003	消防社区居委会	123.783459	41.309349	0	30	58	乡镇
210522101210	龙泉村委会	125.206959	41.201001	0	30	72	村庄
210505002002	铁山社区居委会	123.749882	41.107880	0	25	70	乡镇
210521001002	棉织社区居委会	124.123002	41.298151	1	80	100	政府机构
210505004210	三道河村委会	123.806260	41.193477	1	80	97	政府机构
210521100208	谢家崴子村委会	124.089603	41.301789	1	80	100	政府机构
210503009206	新兴村委会	123.714378	41.297836	1	80	97	政府机构
210522101206	梨树沟村委会	125.169620	41.182199	0	25	70	乡镇
210522111206	洼泥甸村委会	125.466760	41.478999	0	25	47	乡镇
210502002009	转山社区居委会	123.770361	41.274388	1	80	100	政府机构
210504001001	紫金社区居委会	123.786278	41.299831	1	80	100	政府机构
210522201204	雅河村委会	125.322197	41.205839	1	80	100	政府机构
210504011001	赫地社区居委会	123.806928	41.383400	1	80	97	政府机构
210504007008	长城社区居委会	123.799203	41.281617	1	80	100	政府机构
210502011202	房身村委会	123.686420	41.204489	0	30	72	村庄
210522001001	顺城社区居委会	125.364786	41.266612	1	80	95	政府机构
210521111205	胡家堡村委会	124.478280	41.252791	0	25	70	乡镇
210521101205	姜卜村委会	124.048690	41.069959	0	25	47	乡镇
210521106201	清河城村委会	124.226514	41.455660	1	80	100	政府机构
210503012201	张其寨村委会	123.745895	41.507399	1	80	97	政府机构
210503007003	彩北社区居委会	123.718537	41.319455	0	50	82	UNKNOWN
210502003004	前进社区居委会	123.785196	41.284368	0	30	72	乡镇
210503011207	候屯村委会	123.688314	41.500117	1	80	97	政府机构
210521202201	东营坊村委会	124.525421	41.222406	0	25	70	乡镇
210502010002	河东社区居委会	123.634799	41.230118	0	20	50	乡镇
210521110005	东明居委会	124.375772	41.286966	0	25	70	乡镇
210522001017	参茸社区	125.364786	41.266612	1	80	97	政府机构
210521102203	黑峪村委会	124.044010	40.889360	0	25	70	乡镇
210521112203	西麻户村委会	123.908360	41.475349	0	25	43	乡镇
210503003001	柳西社区居委会	123.747601	41.337913	0	30	72	乡镇
210503013001	火连寨社区居委会	123.730540	41.365429	1	80	97	政府机构
210521104206	中河村委会	123.758190	40.969861	0	25	70	乡镇
210502001003	福利社区居委会	123.766390	41.276413	0	40	72	乡镇
210503010206	西高堡村委会	123.725622	41.453483	1	80	95	政府机构
210503005004	彩云社区居委会	123.750160	41.305107	1	80	100	政府机构
210522108206	韭菜园村委会	124.891920	41.240911	0	25	70	乡镇
210521103202	茳草村委会	123.909360	40.873029	0	25	47	乡镇
210522208204	大牛沟村委会	125.558395	41.351518	0	18	66	乡镇
210504011220	台地村委会	123.806928	41.383400	1	80	97	政府机构
210504008001	大峪社区居委会	123.814968	41.305994	0	50	82	UNKNOWN
210521110204	南阳村委会	124.427979	41.265071	0	30	72	村庄
210503001006	峪前社区居委会	123.775279	41.326431	1	80	95	地产小区
210502002005	新麓社区居委会	123.760816	41.281541	0	40	72	乡镇
210522201208	皇甸子村委会	125.317190	41.211661	0	25	43	乡镇
210503006002	华阳社区居委会	123.739771	41.305504	1	80	100	政府机构
210504009201	上牛村委会	123.931004	41.346720	0	18	66	乡镇
210505005001	下马塘社区居委会	123.791401	41.013483	0	16	38	乡镇
210504001006	永安社区居委会	123.780141	41.302174	1	80	100	政府机构
210502008004	长山社区居委会	123.760510	41.269101	0	25	70	乡镇
210522111201	岔路子村委会	125.466760	41.478999	0	25	47	乡镇
210503009201	三会厂村委会	123.714378	41.297836	1	80	97	政府机构
210522101201	夹道子村委会	125.169620	41.182199	0	25	47	乡镇
210505002005	对面沟社区居委会	123.749882	41.107880	0	25	55	乡镇
210522206207	国营大东沟参茸场村委会	125.440799	41.324011	0	30	51	村庄
210521001005	中心社区居委会	124.122070	41.303101	0	25	70	乡镇
210505001003	铁东社区居委会	123.754804	41.104205	1	80	100	政府机构
210505004201	思山岭村委会	123.807012	41.193798	1	80	100	政府机构
210521100219	磨石峪村委会	124.120230	41.305791	0	25	70	乡镇
210504005004	胜建社区居委会	123.817000	41.308800	0	16	38	区县
210504010206	韩家村委会	123.855991	41.326929	0	25	70	乡镇
210521001013	枫桥社区居委会	124.121183	41.309982	1	80	100	政府机构
210522110001	暖河子社区	124.953880	41.324981	0	30	100	村庄
210505003205	柏峪村委会	123.825712	41.102757	0	16	65	乡镇
210521109203	未卜村委会	124.322180	41.229474	0	16	38	乡镇
210502001008	永强社区居委会	123.759719	41.274723	1	80	100	政府机构
210522202205	爬宝村委会	125.380790	41.105701	0	25	47	村庄
210522103206	北沟村委会	125.522480	41.074556	0	16	65	乡镇
210521102208	徐卜村委会	124.044010	40.889360	0	25	70	乡镇
210521112208	法台村委会	123.908360	41.475349	0	25	47	乡镇
210522110216	蔡俄卜村委会	125.114830	41.378989	0	25	47	乡镇
210504004005	明峪社区居委会	123.799562	41.307704	1	80	100	政府机构
210522104202	大镜沟村委会	125.637783	41.010715	0	30	58	村庄
210522102006	松兰社区居委会	125.511651	41.186933	1	80	100	政府机构
210503007008	耐火社区居委会	123.723086	41.311367	1	80	100	政府机构
210504007003	院校社区居委会	123.796691	41.285824	0	60	87	地产小区
210522103210	秋皮沟村委会	125.473311	41.030479	0	30	72	村庄
210521109002	铁路社区居委会	124.322180	41.229474	0	16	65	乡镇
210502011209	岭下村委会	123.661250	41.212070	0	30	72	村庄
210521100223	谭家堡子村委会	124.120230	41.305791	0	25	47	乡镇
210504010400	卧龙工业园区	123.855991	41.326929	0	25	55	乡镇
210504011211	窑沟口村委会	123.806928	41.383400	1	80	97	政府机构
210502002002	和平社区居委会	123.760871	41.282400	1	80	100	政府机构
210521111500	本溪县农牧场	124.418762	41.135395	1	75	100	UNKNOWN
210503006005	高山社区居委会	123.739744	41.317009	1	80	100	政府机构
210502005006	英勇社区居委会	123.778229	41.284860	1	80	95	地产小区
210521001009	温泉社区居委会	124.122070	41.303101	0	25	70	乡镇
210503011001	歪头山社区居委会	123.688314	41.500117	1	80	95	政府机构
210522110220	高俭地村委会	125.114830	41.378989	0	25	47	乡镇
210503001001	站前社区居委会	123.771239	41.330806	0	30	72	乡镇
210521110203	小峪村委会	124.407236	41.270980	1	80	100	政府机构
210502008008	兴安社区居委会	123.760510	41.269101	0	25	70	乡镇
210521100203	香蘑村委会	124.120230	41.305791	0	25	47	乡镇
210521103205	正沟村委会	123.909360	40.873029	0	25	70	乡镇
210504008006	峪东社区居委会	123.837374	41.281307	0	18	49	乡镇
210522208203	北甸子村委会	125.563490	41.370051	0	30	72	村庄
210504005008	西芬社区居委会	123.769706	41.306077	0	40	77	UNKNOWN
210502001004	德泰社区居委会	123.756504	41.279651	0	40	65	UNKNOWN
210503005003	华新社区居委会	123.743906	41.304238	1	80	100	政府机构
210522108201	马鹿泡村委会	124.891920	41.240911	0	25	43	乡镇
210521104201	连山关村委会	123.758190	40.969861	0	25	43	乡镇
210503003006	柳塘社区居委会	123.747601	41.337913	0	30	72	乡镇
210502007001	风光社区居委会	123.754056	41.289830	0	30	72	乡镇
210521112204	红光村委会	123.908360	41.475349	0	25	70	乡镇
210522001010	新市社区居委会	125.364786	41.266612	1	80	97	政府机构
210521110002	南甸居委会	124.375772	41.286966	0	25	70	乡镇
210521202206	大阳村委会	124.603251	41.195354	1	80	100	政府机构
210521103012	祁家堡社区居委会	123.909360	40.873029	0	25	55	乡镇
210521106210	马家沟村委会	124.268981	41.406249	0	30	72	村庄
210503007004	彩建社区居委会	123.716964	41.321451	1	80	100	政府机构
210502003003	春合社区居委会	123.785196	41.284368	0	30	72	乡镇
210521202210	南营坊村委会	124.525421	41.222406	0	25	47	乡镇
210521101202	套峪村委会	124.048690	41.069959	0	25	47	乡镇
210521111202	赵家堡村委会	124.478280	41.252791	0	25	70	乡镇
210522001006	沿河社区居委会	125.364786	41.266612	1	80	97	政府机构
210502011205	兴隆村委会	123.722950	41.191560	0	30	72	村庄
210521112212	花岭村委会	123.719934	41.503354	1	80	100	政府机构
210503010001	石桥子社区居委会	123.725622	41.453483	1	80	95	政府机构
210502004006	东进社区居委会	123.770549	41.291997	0	40	58	乡镇
210522001007	水电社区居委会	125.364786	41.266612	1	80	97	政府机构
210521112213	安家村委会	123.908360	41.475349	0	25	70	乡镇
210521101203	崔坊村委会	124.048690	41.069959	0	25	47	乡镇
210521106207	台后村委会	124.231180	41.456640	0	25	70	乡镇
210503007005	彩新社区居委会	123.722938	41.317157	1	80	100	政府机构
210503012207	达贝沟村委会	123.745895	41.507399	1	80	93	政府机构
210502010004	北台社区居委会	123.654655	41.226702	1	80	100	政府机构
210521112205	泥塔村委会	123.908360	41.475349	0	25	70	乡镇
210522001011	前进社区居委会	125.365992	41.262854	1	80	100	政府机构
210521102205	王坊村委会	124.044010	40.889360	0	25	70	乡镇
210503003007	仕仁社区居委会	123.758710	41.332704	0	60	87	地产小区
210502001005	兴隆社区居委会	123.766390	41.276413	0	40	72	乡镇
210503005002	彩胜社区居委会	123.739140	41.302868	0	30	72	乡镇
210521100214	陈英村委会	124.120230	41.305791	0	25	70	乡镇
210504005009	建光社区居委会	123.783459	41.309349	0	30	58	乡镇
210502005011	三合社区居委会	123.771072	41.284827	0	40	72	乡镇
210522208202	英英沟村委会	125.558395	41.351518	0	18	35	乡镇
210502008009	福金社区居委会	123.731231	41.261750	1	80	100	政府机构
210521001008	煤炭岗社区居委会	124.122070	41.303101	0	25	55	乡镇
210503013206	响山子村委会	123.730540	41.365429	1	80	95	政府机构
210503006004	黑金社区居委会	123.750969	41.318500	0	30	58	乡镇
210522100201	通天村委会	125.382571	41.262348	1	80	100	政府机构
210504011210	新岭村委会	123.806928	41.383400	1	80	97	政府机构
210522110201	果松川村委会	125.114830	41.378989	0	25	47	乡镇
210522103211	闹枝沟村委会	125.522480	41.074556	0	16	65	乡镇
210504007002	青平社区居委会	123.790339	41.285865	1	80	100	政府机构
210521109003	大东社区居委会	124.322180	41.229474	0	16	47	乡镇
210521100222	蜂蜜砬子村委会	124.120230	41.305791	0	25	47	乡镇
210503007009	新立社区居委会	123.718938	41.314210	1	80	100	政府机构
210521103009	镇南社区居委会	123.909360	40.873029	0	25	70	乡镇
210503009001	东风社区居委会	123.714378	41.297836	1	80	97	政府机构
210522110217	木盂子村委会	125.114830	41.378989	0	25	47	乡镇
210504004004	锦峪社区居委会	123.804663	41.298546	0	30	72	乡镇
210522100217	大甸子村委会	125.361770	41.273089	0	25	70	乡镇
210505005201	施家村委会	123.908521	41.025549	0	30	72	村庄
210522103207	下甸子村委会	125.492846	41.014836	1	80	100	政府机构
210521112209	松树台村委会	123.908360	41.475349	0	25	70	乡镇
210505003204	赵家村委会	123.825712	41.102757	0	16	65	乡镇
210521109202	全家堡村委会	124.322180	41.229474	0	16	38	乡镇
210504002001	永光社区居委会	123.769810	41.304951	1	75	95	地产小区
210522202204	回龙山村委会	125.380790	41.105701	0	25	70	村庄
210521103208	祁家卜村委会	123.909360	40.873029	0	25	43	乡镇
210522102206	巨户沟村委会	125.600199	41.214171	0	16	38	乡镇
210521001012	花园社区居委会	124.122070	41.303101	0	25	70	乡镇
210505001002	南芬社区居委会	123.750501	41.107231	1	80	100	政府机构
210504005005	民建社区居委会	123.783459	41.309349	0	30	72	乡镇
210504010207	金坑村委会	124.002510	41.301301	0	30	72	村庄
210505002004	六百户社区居委会	123.749882	41.107880	0	25	55	乡镇
210522206206	六道沟村委会	125.377980	41.385441	0	25	70	村庄
210521001004	西山社区居委会	124.122070	41.303101	0	25	70	乡镇
210502008005	泉涌社区居委会	123.753300	41.266828	1	80	100	政府机构
210522201202	湾湾川村委会	125.273115	41.200502	1	80	100	政府机构
210504001007	矿院社区居委会	123.779914	41.298765	0	30	58	乡镇
210504011213	威宁营村委会	123.806928	41.383400	1	80	93	政府机构
210522110202	大恩卜村委会	125.114830	41.378989	0	25	43	乡镇
210522001008	永红社区居委会	125.364786	41.266612	1	80	97	政府机构
210521100221	三官阁村委会	124.120230	41.305791	0	25	47	乡镇
210502004009	群策社区居委会	123.770549	41.291997	0	40	58	乡镇
210504007001	春明社区居委会	123.790819	41.286480	0	60	87	地产小区
210522102004	卫星社区居委会	125.508417	41.183245	1	80	100	政府机构
210503009002	复兴街社区居委会	123.714378	41.297836	1	80	97	政府机构
210521202208	洋湖沟村委会	124.525421	41.222406	0	25	47	乡镇
210505005202	马家村委会	123.864910	40.996999	0	30	72	村庄
210503003008	北山社区居委会	123.747601	41.337913	0	30	72	乡镇
210522110214	川里村委会	125.114830	41.378989	0	25	70	乡镇
210504011205	奚家堡村委会	123.806928	41.383400	1	80	97	政府机构
210522202207	和平村委会	125.323790	41.134351	0	30	72	村庄
210504002002	永联社区居委会	123.762820	41.306427	0	30	72	乡镇
210521109201	大卜村委会	124.322180	41.229474	0	16	65	乡镇
210521001011	新村社区居委会	124.122070	41.303101	0	25	70	乡镇
210504010204	三家子村委会	123.898437	41.264994	1	80	100	政府机构
210504005006	永利社区居委会	123.783459	41.309349	0	30	58	乡镇
210505001001	细河社区居委会	123.757463	41.104218	0	30	58	乡镇
210502008010	化肥社区居委会	123.760510	41.269101	0	25	70	乡镇
210521001007	向阳社区居委会	124.122070	41.303101	0	25	70	乡镇
210522206205	石虎村委会	125.377980	41.385441	0	25	70	村庄
210504005010	明胜社区居民委员会	123.783459	41.309349	0	30	51	乡镇
210522111203	古城子村委会	125.466760	41.478999	0	25	70	乡镇
210502008006	西泊社区居委会	123.768000	41.295901	0	16	38	区县
210521001400	小市工业园区社区	124.122070	41.303101	0	25	47	乡镇
210504001004	塔南社区居委会	123.779914	41.298765	0	30	72	乡镇
210522201201	联合村委会	125.249530	41.199780	0	30	72	村庄
210502011207	河东村委会	123.749661	41.199836	1	80	100	政府机构
210521112210	高官村委会	123.907319	41.474541	1	80	100	政府机构
210502004005	立信社区居委会	123.770549	41.291997	0	40	58	乡镇
210522001004	福民社区居委会	125.364786	41.266612	1	80	95	政府机构
210503010002	下石居委会	123.725622	41.453483	1	80	95	政府机构
210521106204	望城村委会	124.202977	41.443699	1	80	100	政府机构
210503012204	黄木厂村委会	123.745895	41.507399	1	80	94	政府机构
210503007006	矿材社区居委会	123.723032	41.331806	0	25	70	乡镇
210521103010	镇北社区居委会	123.909360	40.873029	0	25	70	乡镇
210503011202	边牛村委会	123.688314	41.500117	0	80	93	政府机构
210521102206	白水村委会	124.002350	40.937881	0	30	72	村庄
210502010400	本溪市仓储物流产业区社区	123.634799	41.230118	0	20	36	乡镇
210521112206	三合村委会	123.908360	41.475349	0	25	70	乡镇
210522103208	沙尖子村委会	125.494560	41.013878	1	80	100	政府机构
210504011209	塔峪村委会	123.806928	41.383400	1	80	97	政府机构
210522110218	仙人洞村委会	124.921389	41.367086	1	80	100	政府机构
210503003004	煤矿社区居委会	123.747601	41.337913	0	30	58	乡镇
210522100218	五道河子村委会	125.280752	41.340537	1	80	100	政府机构
210521104203	摩天岭村委会	123.727810	40.958655	1	80	100	政府机构
210503010203	平台子村委会	123.725622	41.453483	1	80	97	政府机构
210503005001	彩玉社区居委会	123.736045	41.299259	1	80	100	政府机构
210522108203	大南沟村委会	124.891920	41.240911	0	25	70	乡镇
210504010208	大浓湖村委会	123.948340	41.302207	1	80	95	UNKNOWN
210521100217	碱厂卜村委会	124.120230	41.305791	0	25	43	乡镇
210522208201	友谊村委会	125.556690	41.364730	0	30	72	村庄
210504008004	峪北社区居委会	123.819971	41.319450	1	80	100	政府机构
210502005012	合峰社区居委会	123.763020	41.286131	0	40	65	道路
210502011401	本溪市大台沟铁矿产业区社区	123.684020	41.166629	0	30	51	村庄
210521110201	沟口村委会	124.375772	41.286966	0	25	70	乡镇
210503001003	井泉社区居委会	123.771239	41.330806	0	30	58	乡镇
210503011003	明华社区居委会	123.688314	41.500117	1	80	95	政府机构
210521112400	高官工业园区社区	123.908360	41.475349	0	25	47	乡镇
210504001008	育欣社区居民委员会	123.779914	41.298765	0	30	51	乡镇
210503013205	高程村委会	123.730540	41.365429	1	80	97	政府机构
210502001010	广山社区居委会	123.763790	41.276988	1	80	100	政府机构
210503006006	华丰社区居委会	123.750969	41.318500	0	30	72	乡镇
210503013204	火连寨村委会	123.730540	41.365429	1	80	95	政府机构
210503001002	井涌社区居委会	123.771239	41.330806	0	30	72	乡镇
210503011002	思源社区居委会	123.688314	41.500117	1	80	95	政府机构
210502005005	清荣社区居委会	123.772702	41.285084	1	80	100	政府机构
210522102208	横道川村委会	125.587850	41.225749	0	30	72	村庄
210504008005	程家社区居委会	123.837374	41.281307	0	18	66	乡镇
210502011400	本溪市桥北工业加工区社区	123.768000	41.295901	0	16	33	区县
210521100216	久才峪村委会	124.120230	41.305791	0	25	43	乡镇
210522108202	柞木台村委会	124.854142	41.226064	1	80	95	UNKNOWN
210502007002	迎宾社区居委会	123.754056	41.289830	0	30	72	乡镇
210522110219	暖河子村委会	124.953880	41.324981	0	30	58	村庄
210503003005	太平社区居委会	123.747601	41.337913	0	30	72	乡镇
210521102207	关口村委会	124.030320	40.896239	0	30	72	村庄
210522001013	联沼社区居委会	125.364786	41.266612	1	80	97	政府机构
210521112207	沿龙沟村委会	123.908360	41.475349	0	25	55	乡镇
210504009004	红脸社区居委会	123.931004	41.346720	0	18	66	乡镇
210521103011	镇东社区居委会	123.909360	40.873029	0	25	70	乡镇
210502010006	矿山社区居委会	123.634799	41.230118	0	20	50	乡镇
210521202205	红土甸村委会	124.525421	41.222406	0	25	47	乡镇
210503011203	松木堡村委会	123.688314	41.500117	1	80	97	政府机构
210503012205	大翻身村委会	123.745895	41.507399	1	80	94	政府机构
210503007007	彩西社区居委会	123.727618	41.309820	1	80	100	政府机构
210521106205	城西村委会	124.168390	41.438909	0	30	72	村庄
210521111201	碱厂村委会	124.478160	41.253031	0	30	72	村庄
210502011206	台沟村委会	123.768000	41.295901	0	16	47	区县
210521112211	肖家河村委会	123.908360	41.475349	0	25	70	乡镇
210502004004	新闻社区居委会	123.770549	41.291997	0	40	58	乡镇
210522001005	朝阳社区居委会	125.364786	41.266612	1	80	97	政府机构
210503010003	百合社区居委会	123.725622	41.453483	1	80	97	政府机构
210504001005	塔西社区居委会	123.779914	41.298765	0	30	58	乡镇
210503009202	彩北新村村委会	123.714378	41.297836	1	80	97	政府机构
210522101202	老漫子村委会	125.060274	41.161754	0	30	58	村庄
210522111202	拐磨子村委会	125.467481	41.479432	1	80	100	政府机构
210521001006	文化社区居委会	124.122070	41.303101	0	25	70	乡镇
210502005009	向阳社区居委会	123.771072	41.284827	0	40	72	乡镇
210522111214	碱厂沟村委会	125.364310	41.522849	0	30	72	村庄
210504010205	大阳村委会	123.855991	41.326929	0	25	70	乡镇
210504005007	福民社区居委会	123.783459	41.309349	0	30	58	乡镇
210505004202	南沟村委会	123.806260	41.193477	1	80	95	政府机构
210521001010	水库社区居委会	124.122070	41.303101	0	25	70	乡镇
210522102204	四平村委会	125.600199	41.214171	0	16	65	乡镇
210504002003	永胜社区居委会	123.762820	41.306427	0	30	72	乡镇
210505003206	永安村委会	123.802490	41.075549	0	30	72	村庄
210522103205	干沟子村委会	125.515033	41.047039	1	80	100	政府机构
210505005203	太平山村委会	123.791401	41.013483	0	16	47	乡镇
210522100215	四道河村委会	125.361770	41.273089	0	25	70	乡镇
210504004006	新峪社区居委会	123.798696	41.305562	1	80	95	地产小区
210503003009	河西社区居委会	123.747601	41.337913	0	30	72	乡镇
210522110215	铧尖子村委会	125.114830	41.378989	0	25	47	乡镇
210504011204	东高堡村委会	123.806928	41.383400	1	80	95	政府机构
210521202209	新城子村委会	124.525421	41.222406	0	25	70	乡镇
210503009003	郑家街社区居委会	123.714378	41.297836	1	80	95	政府机构
210522104201	三架窝棚村委会	125.563670	41.006491	0	25	47	乡镇
210521106209	万利村委会	124.231180	41.456640	0	25	70	乡镇
210522102005	和平社区居委会	125.600199	41.214171	0	16	65	乡镇
210504010004	二纺社区居委会	123.855991	41.326929	0	25	55	乡镇
210521100220	柜子石村委会	124.120230	41.305791	0	25	47	乡镇
210502004008	高中社区居委会	123.780977	41.293430	1	70	92	教育
210521109001	建设社区居委会	124.356004	41.255506	1	80	100	政府机构
210522110203	冯家堡村委会	125.114830	41.378989	0	25	70	乡镇
210522100203	曲柳川村委会	125.406549	41.232884	1	80	100	政府机构
210522001002	向阳社区居委会	125.364786	41.266612	1	80	97	政府机构
210502011201	桥头村委会	123.726788	41.214101	0	30	72	村庄
210503010004	祥和社区居委会	123.719717	41.459608	1	80	100	政府机构
210521101206	草河掌村委会	124.004640	41.117291	0	30	58	UNKNOWN
210521111206	王家崴子村委会	123.748530	41.042460	0	30	58	村庄
210504011219	胜利村委会	123.806928	41.383400	1	80	95	政府机构
210522110208	二户来村委会	125.111657	41.379270	1	80	100	政府机构
210522100208	西关村委会	125.351931	41.277012	1	80	100	政府机构
210502003007	溪园社区居委会	123.785196	41.284368	0	30	72	乡镇
210503012202	大柳峪村委会	123.745895	41.507399	1	80	95	政府机构
210521202202	宫家堡村委会	124.525421	41.222406	0	25	47	乡镇
210502010001	河西社区居委会	123.634799	41.230118	0	20	50	乡镇
210522001014	中心社区居委会	125.364786	41.266612	1	80	97	政府机构
210504009003	大楼社区居委会	123.931004	41.346720	0	18	49	乡镇
210521111210	化皮峪村委会	124.478280	41.252791	0	25	47	乡镇
210503003002	头道社区居委会	123.747601	41.337913	0	30	58	乡镇
210521104205	刘家村委会	123.707640	40.881111	0	30	72	村庄
210521111007	镇东社区居委会	124.478280	41.252791	0	25	70	乡镇
210503005007	彩旺社区居委会	123.739140	41.302868	0	30	72	乡镇
210521100211	青石岭村委会	124.063070	41.332001	0	30	72	村庄
210505004209	黄柏峪村委会	123.806260	41.193477	1	80	95	政府机构
210504008002	峪安社区居委会	123.815424	41.311064	1	80	100	政府机构
210521103201	草河口村委会	123.909360	40.873029	0	25	55	乡镇
210522101209	瓦房村委会	125.170391	41.215109	0	30	72	村庄
210522111209	同江村委会	125.466760	41.478999	0	25	70	乡镇
210521100207	城沟村委会	124.113720	41.359130	0	30	58	村庄
210503001005	铁工社区居委会	123.773622	41.329794	1	80	100	政府机构
210502005002	崔东社区居委会	123.765751	41.286270	1	80	100	政府机构
210503013203	营子新村委会	123.730540	41.365429	1	80	97	政府机构
210503006001	竖井社区居委会	123.740296	41.318354	0	50	82	UNKNOWN
210502002006	曙光社区居委会	123.761444	41.287577	1	80	100	政府机构
210504009202	下牛村委会	123.902591	41.350041	1	80	100	政府机构
210521112001	偏岭居委会	123.994300	41.419461	0	30	72	村庄
210522100204	凤鸣村委会	125.361770	41.273089	0	25	70	乡镇
210522110204	柳林子村委会	125.114830	41.378989	0	25	70	乡镇
210504011215	梁家村委会	123.806928	41.383400	1	80	97	政府机构
210521109006	西山社区居委会	124.322180	41.229474	0	16	65	乡镇
210504007007	新兴社区居委会	123.801870	41.276389	0	25	70	乡镇
210504010003	惠民社区居委会	123.855991	41.326929	0	25	70	乡镇
210522102002	红星社区居委会	125.600199	41.214171	0	16	65	乡镇
210502008201	千金村委会	123.760510	41.269101	0	25	70	乡镇
210503009004	幸福街社区居委会	123.714378	41.297836	1	80	95	政府机构
210522104206	老黑山村委会	125.563670	41.006491	0	25	70	乡镇
210503011208	歪头山村委会	123.688314	41.500117	1	80	97	政府机构
210505005204	沈家村委会	123.798240	41.011309	0	30	72	村庄
210522110212	瓦尔喀什寨村委会	125.044419	41.440153	0	30	58	村庄
210522100212	虎泉村委会	125.294382	41.337933	1	80	100	政府机构
210504002004	永平社区居委会	123.762820	41.306427	0	30	72	乡镇
210522108209	佛顶山村委会	124.891920	41.240911	0	25	47	乡镇
210522202201	北岔村委会	125.380790	41.105701	0	25	70	村庄
210505003201	南芬村委会	123.753288	41.107670	1	80	100	政府机构
210522201211	米仓沟村委会	125.362330	41.182924	1	80	100	政府机构
210522102203	四道岭子村委会	125.600199	41.214171	0	16	65	乡镇
210504010202	欢喜岭村委会	123.897572	41.292335	1	80	100	政府机构
210522111213	二道沟村委会	125.466760	41.478999	0	25	70	乡镇
210505004205	财神庙村委会	123.806260	41.193477	1	80	97	政府机构
210505001007	郭家社区居委会	123.757463	41.104218	0	30	72	乡镇
210503001009	河沿社区居委会	123.771239	41.330806	0	30	58	乡镇
210522206203	大川村委会	125.270959	41.416591	0	30	72	村庄
210521001001	小市社区居委会	124.131211	41.297005	1	80	100	政府机构
210505002001	赵家社区居委会	123.749882	41.107880	0	25	70	乡镇
210522201207	董船营村委会	125.349941	41.203132	0	60	80	UNKNOWN
210504011002	姚家社区居委会	123.806928	41.383400	1	80	97	政府机构
210504001002	武山社区居委会	123.779914	41.298765	0	30	58	乡镇
210522201206	南边石哈达村委会	125.317190	41.211661	0	25	47	乡镇
210504001003	育民社区居委会	123.779914	41.298765	0	30	72	乡镇
210522111204	双岭村委会	125.408894	41.449668	0	30	72	村庄
210503009204	新合村委会	123.714541	41.302894	1	80	100	政府机构
210522101204	大青沟村委会	125.127985	41.168095	1	80	100	政府机构
210502008001	永顺社区居委会	123.760510	41.269101	0	25	70	乡镇
210503001008	立新社区居委会	123.771239	41.330806	0	30	72	乡镇
210504005001	明东社区居委会	123.783459	41.309349	0	30	72	乡镇
210504010203	兴隆山村委会	123.855991	41.326929	0	25	70	乡镇
210522111212	业主沟村委会	125.379791	41.478251	1	80	100	政府机构
210505004204	甬子峪村委会	123.806260	41.193477	1	80	97	政府机构
210505001006	甩湾社区居委会	123.749184	41.100325	1	80	100	政府机构
210522102202	鸡冠砬子村委会	125.600199	41.214171	0	16	65	乡镇
210521104208	新开村委会	123.670451	40.909479	0	30	72	村庄
210504002005	永新社区居委会	123.762820	41.306427	0	30	72	乡镇
210522108208	川头村委会	124.891920	41.240911	0	25	47	乡镇
210521109206	铁刹山村委会	124.322987	41.254393	1	80	100	政府机构
210504007010	观山悦社区居委会	123.817000	41.308800	0	16	38	区县
210522103203	晓阳村委会	125.528111	41.106439	0	30	72	村庄
210504011202	李家堡村委会	123.806928	41.383400	1	80	97	政府机构
210522110213	高台子村委会	125.114830	41.378989	0	25	70	乡镇
210522100213	六河村委会	125.361770	41.273089	0	25	70	乡镇
210521001201	小市村委会	124.126740	41.295671	0	30	72	村庄
210522104207	桦树甸子村委会	125.660243	41.046284	1	80	100	政府机构
210521109400	田师傅工业园区社区	124.354872	41.255541	0	50	73	UNKNOWN
210522102003	东风社区居委会	125.600199	41.214171	0	16	65	乡镇
210504010002	绢纺社区居委会	123.855991	41.326929	0	25	55	乡镇
210521109007	东山社区居委会	124.322180	41.229474	0	16	65	乡镇
210504007006	长青社区居委会	123.801870	41.276389	0	25	70	乡镇
210522100205	刘家沟村委会	125.392376	41.303543	1	80	100	政府机构
210522110205	朱家卜村委会	125.114830	41.378989	0	25	43	乡镇
210504009203	红脸村委会	123.932745	41.341868	1	80	100	政府机构
210503005010	彩进社区居委会	123.740080	41.301731	1	75	95	地产小区
210503013202	下堡村委会	123.730540	41.365429	1	80	97	政府机构
210502002007	新和社区居委会	123.763770	41.278510	1	80	100	政府机构
210503011004	振兴社区居委会	123.688314	41.500117	1	80	97	政府机构
210503001004	后石社区居委会	123.765518	41.330435	1	80	100	政府机构
210502010201	北台村委会	123.646279	41.227181	0	30	72	村庄
210502005003	建工社区居委会	123.767676	41.285311	1	80	100	政府机构
210522111208	新江村委会	125.526390	41.408449	0	30	72	村庄
210521110206	马城子村委会	124.375772	41.286966	0	25	55	乡镇
210521100206	下堡村委会	124.120230	41.305791	0	25	70	乡镇
210504008003	小堡社区居委会	123.819563	41.305605	1	80	100	政府机构
210522208206	长春沟村委会	125.558395	41.351518	0	18	40	乡镇
210521100210	同江峪村委会	124.072053	41.303934	1	80	100	政府机构
210503005006	彩达社区居委会	123.736610	41.302365	1	80	100	政府机构
210522108204	八里甸村委会	124.891920	41.240911	0	25	70	乡镇
210503010204	上石村委会	123.725622	41.453483	1	80	97	政府机构
210502011001	桥头社区居委会	123.768000	41.295901	0	16	47	区县
210521104204	石哈村委会	123.758190	40.969861	0	25	47	乡镇
210521111006	镇西社区居委会	124.478280	41.252791	0	25	70	乡镇
210521111211	兰河峪村委会	124.444575	41.167101	1	80	100	政府机构
210505005209	下马塘村委会	123.791401	41.013483	0	16	47	乡镇
210502007004	市府社区居委会	123.754056	41.289830	0	30	72	乡镇
210503003003	大堡社区居委会	123.759149	41.339066	1	80	100	政府机构
210521112201	偏岭村委会	123.908360	41.475349	0	25	70	乡镇
210521102201	草河城村委会	124.044010	40.889360	0	25	43	乡镇
210522001015	东山社区居委会	125.364786	41.266612	1	80	97	政府机构
210504009002	上牛社区居委会	123.905521	41.356350	1	80	100	政府机构
210502003010	艺术社区居委会	123.785196	41.284368	0	30	58	乡镇
210521202203	荒沟村委会	124.525421	41.222406	0	25	70	乡镇
210503011205	柳峪村委会	123.688314	41.500117	1	80	97	政府机构
210502003006	学院社区居委会	123.785196	41.284368	0	30	72	乡镇
210503007001	彩宏社区居委会	123.723032	41.331806	0	25	55	乡镇
210503012203	花岭村委会	123.745895	41.507399	1	80	97	政府机构
210521106203	东阳村委会	124.238750	41.482201	0	30	72	村庄
210521104005	连山关社区居委会	123.758190	40.969861	0	25	47	乡镇
210521111207	台山村委会	124.487088	41.230824	1	80	100	政府机构
210504011218	平安岭村委会	123.806928	41.383400	1	80	97	政府机构
210522110209	碑登村委会	125.114830	41.378989	0	25	47	乡镇
210522100209	平原城村委会	125.330396	41.294957	1	80	100	政府机构
210503010005	仁和社区居民委员会	123.725622	41.453483	1	80	94	政府机构
