211303003002	腾龙社区	120.319528	41.621070	0	30	72	乡镇
211382219201	佛爷洞村民委员会	119.260375	40.733627	0	18	49	乡镇
211381228206	红石砬村民委员会	121.185379	41.744581	0	30	72	UNKNOWN
211382103209	白油坊村民委员会	119.049833	41.042357	0	16	47	乡镇
211322002004	新世纪社区	119.636860	41.402630	0	25	70	乡镇
211302007005	水利社区	120.456083	41.557160	1	80	100	地产小区
211321215206	上河套村民委员会	119.940074	41.340374	0	18	49	乡镇
211324207200	于村村民委员会	119.793351	41.028273	0	30	72	村庄
211321111210	梁家店村民委员会	120.373732	41.351488	0	16	47	乡镇
211381112207	大巴沟村民委员会	120.828629	41.952324	0	30	72	村庄
211321228201	谢杖子村民委员会	120.295610	41.290731	0	25	55	乡镇
211322209206	汤土沟村委会	119.828445	42.058264	0	30	72	村庄
211321102200	波罗赤村民委员会	119.957179	41.399503	1	80	100	政府机构
211382007201	祝家营子村民委员会	119.381730	41.314101	0	30	72	村庄
211382002003	铁北社区	119.419461	41.226423	0	25	70	乡镇
211381215201	二道沟村民委员会	120.796560	41.565878	0	30	72	村庄
211321112200	台子村民委员会	120.164427	41.407287	0	30	72	村庄
211303102208	河南村民委员会	120.371990	41.544799	0	30	72	村庄
211324110206	土楼子村民委员会	119.893461	40.993019	0	30	72	村庄
211321105204	大四家子村民委员会	120.344781	41.189055	1	80	97	政府机构
211381212205	平洼村民委员会	120.477314	41.767248	0	16	47	乡镇
211324107202	安德营子村民委员会	119.783410	41.191940	0	30	47	村庄
211321115204	马架子村民委员会	120.750805	41.368491	0	30	72	村庄
211381202205	新建村民委员会	121.141230	41.742810	0	30	72	村庄
211322109204	南沟村委会	119.820233	41.564464	0	30	72	村庄
211303004006	柳城社区	120.431664	41.587712	0	30	72	乡镇
211322119204	郎家营子村委会	119.362939	41.817465	1	80	97	政府机构
211324210204	上店村民委员会	119.614930	41.102441	0	30	72	村庄
211303070202	吴家洼南村村委会	120.419415	41.595723	0	50	73	UNKNOWN
211381105203	小城子村民委员会	120.971770	42.140799	0	25	70	乡镇
211324104212	南山村民委员会	119.803119	41.325991	0	30	72	村庄
211321212202	华杖子村民委员会	120.053010	41.603421	0	25	47	乡镇
211302010001	燕河社区	120.478122	41.587715	0	30	72	乡镇
211303002202	饮马池村民委员会	120.345950	41.474541	0	30	72	村庄
211321115212	马家岭村民委员会	120.656540	41.379910	0	30	72	村庄
211322220203	西台子村委会	119.788161	41.359832	1	80	100	政府机构
211302003007	云竹社区	120.451066	41.586603	0	30	72	乡镇
211321211204	三道沟村民委员会	120.140477	41.654438	0	16	47	乡镇
211321105212	肖家店村民委员会	120.363250	41.185490	0	25	55	乡镇
211322109212	老窝铺村委会	119.797940	41.632451	0	16	65	乡镇
211324114204	车杖子村民委员会	119.878810	41.095030	0	30	72	村庄
211381201203	白相屯村民委员会	121.051480	41.807290	0	25	47	村庄
211321116202	梁东村民委员会	120.006154	41.516338	0	16	47	乡镇
211382220204	东沟村民委员会	119.289440	40.644509	0	30	72	村庄
211321106202	官粮窖村民委员会	120.258786	40.986337	0	16	47	乡镇
211382217209	青山村民委员会	119.362940	40.891030	0	30	72	村庄
211381228210	瓦匠沟村民委员会	120.873680	41.816940	0	30	72	村庄
211381206207	十二吐默村民委员会	120.931186	41.978472	0	16	47	乡镇
211324113200	甘招村民委员会	119.838486	41.250123	0	18	66	乡镇
211321111206	吊桥子村民委员会	120.373732	41.351488	0	16	47	乡镇
211381216207	油房村民委员会	120.726275	41.466775	0	16	65	乡镇
211382001005	单家店社区	119.457504	41.213977	0	18	66	乡镇
211302011201	三岔口村委会	120.454000	41.565700	0	16	47	区县
211381111201	房申村民委员会	120.820806	42.192340	0	16	47	乡镇
211302004003	电源社区	120.458536	41.601180	0	30	72	乡镇
211381101201	白家石厂村民委员会	120.566320	41.884269	0	25	70	乡镇
211324214206	榜石沟村民委员会	119.787210	41.269119	0	30	72	村庄
211322001002	育才社区	119.622639	41.433856	0	18	66	乡镇
211381104214	下洼村民委员会	120.838240	42.003820	0	30	72	村庄
211321107203	新农村民委员会	120.124010	41.077750	0	30	72	村庄
211324105205	郭台子村民委员会	119.629777	40.853743	0	16	47	乡镇
211324115205	塔贝营子村民委员会	119.898400	41.314139	0	30	72	村庄
211321104213	北沟村民委员会	120.253001	41.234799	0	12	34	区县
211381107204	黄杖子村民委员会	120.759209	41.817371	0	30	72	村庄
211321114213	花坤营子村民委员会	120.170590	41.233659	0	30	72	村庄
211302005002	建设路社区	120.449226	41.575929	0	60	100	地产小区
211381110200	东四家村民委员会	120.390380	41.892385	0	16	38	乡镇
211324111211	贝子沟村民委员会	119.979046	41.157891	0	16	47	乡镇
211322218211	扫虎沟村委会	119.423303	41.665010	0	16	47	乡镇
211381103210	马代沟村民委员会	120.967221	41.570149	0	30	72	村庄
211324102201	金杖子村民委员会	119.577081	40.919968	0	16	47	乡镇
211321110207	娘娘庙村民委员会	120.274179	41.803976	0	16	47	乡镇
211324112201	头道洼村民委员会	119.782410	41.147859	0	30	72	UNKNOWN
211322101209	二道河子村委会	119.940398	41.650455	0	16	65	乡镇
211381204200	马友营村民委员会	121.127027	41.901583	0	16	65	乡镇
211303103209	刘杖子村村民委员会	120.422800	41.674989	0	30	72	村庄
211324111207	十八奤村民委员会	119.979046	41.157891	0	16	47	乡镇
211321113201	茂臻沟村民委员会	120.228601	41.150047	0	18	66	乡镇
211324101207	黄花店村民委员会	119.761900	40.947370	0	30	72	村庄
211381214200	章吉营村民委员会	120.718617	41.587740	0	16	65	乡镇
211321103201	西三家村民委员会	120.080949	41.313165	0	16	47	乡镇
211382006200	热水汤村民委员会	119.390225	41.407674	0	25	55	乡镇
211382003002	南门外社区	119.399203	41.238861	0	30	72	乡镇
211321106003	周杖子社区村民委员会	120.258786	40.986337	0	16	47	乡镇
211322218207	东胡素台村委会	119.423303	41.665010	0	16	33	乡镇
211321110211	北韩村民委员会	120.309320	41.803849	0	30	72	村庄
211381113206	乃林皋村民委员会	120.586855	41.798695	0	18	49	乡镇
211321214207	北炉村民委员会	120.049219	41.439891	0	25	55	乡镇
211381103206	靠山屯村民委员会	120.974140	41.612368	0	25	55	乡镇
211322003005	铁南社区	119.643000	41.403099	0	12	44	区县
211382102208	一家村民委员会	119.255190	41.201700	0	25	55	乡镇
211324211205	金杖子村民委员会	119.582990	41.241230	0	30	72	村庄
211322004001	启工社区	119.692730	41.453773	0	16	65	乡镇
211381104202	马达营村民委员会	120.861960	42.084129	0	25	55	乡镇
211322118205	孤家村委会	119.594626	41.515086	0	16	38	乡镇
211303005007	文盛社区	120.410591	41.578032	0	30	72	乡镇
211381008006	金北社区	120.770999	41.800801	0	12	44	区县
211322108205	嘎岔村委会	119.479476	42.310071	0	16	38	乡镇
211381203204	石厂村民委员会	121.198976	41.823173	0	16	47	乡镇
211321114205	大五家子村民委员会	120.105893	41.198811	0	16	47	乡镇
211381213204	大营子村民委员会	120.683260	41.683949	0	30	72	村庄
211324106203	豆腐房村民委员会	119.818277	41.477222	0	16	47	乡镇
211382004006	双圆西社区	119.407732	41.284700	0	25	55	乡镇
211381107212	四吉板村民委员会	120.763989	41.820701	0	25	55	乡镇
211321104205	下卧村民委员会	120.547331	41.283889	0	25	70	乡镇
211382001204	辛杖子村民委员会	119.457504	41.213977	0	18	66	乡镇
211382118202	刘杖子村民委员会	119.275300	40.836390	0	30	72	村庄
211382108202	碾房杖子村民委员会	119.298494	40.807081	0	16	38	乡镇
211322103202	东升村村委会	119.420961	42.073599	0	30	58	村庄
211382204203	山咀村民委员会	119.249888	41.115845	0	16	65	乡镇
211322113202	七家村委会	119.582213	41.683142	0	16	65	乡镇
211381470204	十二台村民委员会	120.910311	41.776626	0	18	49	乡镇
211303102204	沟门子村民委员会	120.336466	41.520025	0	18	49	乡镇
211322214204	下水泉村委会	119.461742	41.734053	0	16	65	村庄
211382217213	二杖子村民委员会	119.400460	40.839530	0	25	55	乡镇
211382103205	北宫杖子村民委员会	119.401000	41.245300	0	12	29	区县
211382113205	房申村民委员会	119.434906	41.212761	0	30	72	村庄
211381218203	生金窝铺村民委员会	120.942810	42.183901	0	30	58	村庄
211322002008	利民社区	119.636860	41.402630	0	25	70	乡镇
211324003206	南窑村民委员会	119.708651	41.053549	0	30	72	村庄
211321222207	元宝营子村民委员会	120.550190	41.109239	0	30	72	村庄
211321001200	十二台村民委员会	120.419233	41.468931	0	16	47	乡镇
211382104201	百牛群村民委员会	119.156322	40.745413	0	18	66	乡镇
211322109208	炮手营子村委会	119.864219	41.614331	0	30	72	村庄
211382114201	大德庄村民委员会	119.383154	41.125297	0	18	49	乡镇
211303106210	王三沟村委会	120.212401	41.521285	0	16	65	乡镇
211321108206	范杖子村民委员会	120.261070	41.690149	0	25	55	乡镇
211302101207	王杖子村委会	120.505164	41.664406	0	18	66	乡镇
211322104206	朱家窝铺村委会	120.018030	41.754049	0	25	70	乡镇
211382107211	下营子村民委员会	119.489970	41.081870	0	30	72	村庄
211322114206	插花营子村委会	119.721240	42.113419	0	30	72	村庄
211324109210	旧烧锅村民委员会	119.651569	40.993629	0	16	47	乡镇
211303105200	大板村委会	120.183483	41.435330	0	16	65	乡镇
211381108201	西台吉村民委员会	120.673290	41.781481	0	18	49	乡镇
211321115208	良图沟村民委员会	120.675588	41.371731	0	16	65	乡镇
211381212209	黄土梁村民委员会	120.469310	41.788741	0	30	72	村庄
211321105208	西山村民委员会	120.328940	41.173410	0	30	72	村庄
211322117200	张家营子村委会	119.688990	41.792101	0	30	72	村庄
211302102201	洞子沟村委会	120.563543	41.486389	0	16	65	乡镇
211382210201	三合庄村民委员会	119.288924	41.070400	0	18	49	村庄
211381221206	三道梁村民委员会	120.684050	42.144769	0	25	55	乡镇
211324104208	桥子村民委员会	119.869480	41.328531	0	30	72	村庄
211321108210	青山村民委员会	120.166521	41.753008	0	30	72	村庄
211324114208	大马架子村民委员会	119.817140	41.113660	0	30	72	村庄
211303106206	大三家村委会	120.212401	41.521285	0	16	38	乡镇
211382117207	马杖子村民委员会	118.915000	40.863551	0	30	72	村庄
211321231201	果蚕村民委员会	120.267383	41.095040	0	18	66	乡镇
211382107207	大房申村民委员会	119.510188	41.058364	0	30	72	村庄
211322104210	洼子店村委会	120.018030	41.754049	0	25	70	乡镇
211321221201	平房营子村民委员会	120.674791	41.280879	0	30	72	村庄
211321211208	石片子村民委员会	120.140477	41.654438	0	16	47	乡镇
211324109206	桃花池村民委员会	119.651569	40.993629	0	16	47	乡镇
211382110203	嗏哈村民委员会	119.308457	41.300835	0	18	66	乡镇
211324002006	建安社区	119.741000	41.127501	0	14	46	区县
211382009205	十五里堡村民委员会	119.361920	41.219096	0	16	38	乡镇
211322110204	马架子村委会	119.379329	42.231771	0	30	72	村庄
211382103213	北宫村民委员会	119.059450	41.049699	0	30	72	村庄
211382217205	三家子村民委员会	119.400460	40.839530	0	25	70	乡镇
211302009001	朝重社区	120.444492	41.591844	0	30	58	乡镇
211303101202	铁匠炉村委会	120.423590	41.605099	0	25	70	乡镇
211381107208	土城子村民委员会	120.696336	41.863384	0	30	72	村庄
211324001201	大五家子村民委员会	119.724379	41.159877	0	18	49	乡镇
211302100210	荒地村委会	120.539000	41.684700	0	30	72	村庄
211321220200	大屯村民委员会	120.642770	41.247831	0	30	72	村庄
211382106206	三皇庙村民委员会	119.207302	40.946812	0	16	47	乡镇
211321230200	王营子村民委员会	120.422160	41.019650	0	30	72	村庄
211382116206	半里杖子村民委员会	119.321841	40.979625	0	16	38	乡镇
211303107207	新房村民委员会	120.291629	41.563101	0	30	72	村庄
211324105209	于杖子村民委员会	119.669530	40.820510	0	30	72	村庄
211381220207	洞子沟村民委员会	120.665690	42.060389	0	25	55	乡镇
211322106201	杜镇村委会	119.466310	41.496139	0	25	47	乡镇
211381006002	二工村社区	120.719024	41.805874	0	30	72	乡镇
211303105001	东街居民委员会	120.437000	41.592699	0	14	32	区县
211382102212	同盛号村民委员会	119.179291	41.119449	0	30	72	地产小区
211381001006	寰宇社区	120.763478	41.813144	1	80	100	UNKNOWN
211322101205	北老爷庙村委会	119.940398	41.650455	0	16	47	乡镇
211382206204	邹杖子村民委员会	119.063817	40.914129	0	18	49	村庄
211322111205	三元井村委会	119.690909	41.581151	0	30	72	村庄
211382008204	牛河梁村民委员会	119.436360	41.281631	0	25	55	乡镇
211321001001	新柳城社区	120.419233	41.468931	0	16	47	乡镇
211382101202	铁匠炉村民委员会	119.386628	41.376775	0	16	47	乡镇
211322206203	德吉勿素村委会	119.831310	41.857339	0	30	58	UNKNOWN
211382111202	大马营子村民委员会	119.440050	40.925961	0	30	72	村庄
211322205205	青松岭村委会	119.878219	41.784876	0	30	58	村庄
211381001010	保铁社区	120.823808	41.862281	0	30	72	乡镇
211382102204	范杖子村民委员会	119.274339	41.149821	0	30	72	村庄
211321224202	西六家子村民委员会	120.518577	41.373447	0	18	49	乡镇
211303103205	尹杖子村民委员会	120.404800	41.695089	0	18	49	乡镇
211322112203	河南村委会	119.467999	41.773557	0	30	72	村庄
211382111214	张涵杖子村民委员会	119.483820	40.909079	0	25	47	乡镇
211322102203	古山子村委会	119.715601	41.904538	0	25	47	乡镇
211321104209	南大营子村民委员会	120.560510	41.223489	0	30	72	村庄
211381109200	东官营村民委员会	120.770999	41.800801	0	12	29	区县
211321114209	大黄杖子村民委员会	120.043030	41.265521	0	30	72	村庄
211382116210	太平杖子村民委员会	119.327469	40.970866	0	30	72	村庄
211322115207	昌隆永村委会	119.407107	42.005969	0	16	33	乡镇
211322105207	烧锅地村委会	119.741920	42.161361	0	25	70	乡镇
211382106210	岳杖子村民委员会	119.131130	41.025810	0	30	72	村庄
211302100206	南台村委会	120.590260	41.668791	0	30	72	村庄
211381223201	万松山村民委员会	120.809410	41.761420	0	30	72	村庄
211382115200	南刘杖子村民委员会	118.951795	40.848053	0	16	38	乡镇
211382105200	烧锅地村民委员会	119.102475	40.775622	0	16	47	乡镇
211382115201	杨树沟门村民委员会	118.951795	40.848053	0	16	47	乡镇
211382105201	北营子村民委员会	119.401000	41.245300	0	12	29	区县
211381220210	北台子村民委员会	120.665690	42.060389	0	25	55	乡镇
211321104208	银窝村民委员会	120.547331	41.283889	0	25	55	乡镇
211381109201	海丰村民委员会	120.621670	41.940389	0	25	55	乡镇
211321114208	于杖子村民委员会	120.105893	41.198811	0	16	47	乡镇
211382116211	平台子村民委员会	119.345373	40.990018	0	30	72	村庄
211322115206	宝德泉村委会	119.407107	42.005969	0	16	33	乡镇
211322105206	郭杖子村委会	119.741920	42.161361	0	25	70	乡镇
211382106211	南洼村民委员会	119.212410	40.999951	0	30	72	村庄
211302100207	坤头营村委会	120.568347	41.692205	0	16	38	乡镇
211381223200	凉水河村民委员会	120.792349	41.758259	1	80	100	政府机构
211303103204	黄酒馆村民委员会	120.404800	41.695089	0	18	49	乡镇
211322112202	西山村委会	119.450789	41.798861	0	30	72	村庄
211382111215	楼上村民委员会	119.472640	40.962379	0	30	72	村庄
211381400202	杨家窝铺村委会（兴顺德三分场）	120.770999	41.800801	0	12	26	区县
211322102202	老官杖子村委会	119.715601	41.904538	0	25	43	乡镇
211322205204	迟杖子村委会	119.916606	41.762911	0	16	38	乡镇
211382102205	平房村民委员会	119.249070	41.171280	0	30	72	村庄
211381001011	珠江社区	120.823808	41.862281	0	30	72	乡镇
211321224203	白庙子村民委员会	120.545990	41.383689	0	30	72	村庄
211382008205	建昌沟村民委员会	119.436360	41.281631	0	25	55	乡镇
211382104001	向东社区	119.156322	40.745413	0	18	66	乡镇
211322206202	菊花山村委会	119.787471	41.822862	0	18	40	乡镇
211382111203	大汤沟村民委员会	119.420670	40.940099	0	30	72	村庄
211302008001	珠南社区	120.425691	41.550906	0	50	73	道路
211382102213	水泉村民委员会	119.137240	41.101661	0	30	72	村庄
211322101204	新房子村委会	119.940398	41.650455	0	16	65	乡镇
211322111204	勿兰勿素村委会	119.679296	41.612587	0	16	38	乡镇
211303107206	朱杖子村民委员会	120.285504	41.623489	0	16	47	乡镇
211324105208	西大杖子村民委员会	119.629777	40.853743	0	16	47	乡镇
211381220206	冯家营村民委员会	120.665690	42.060389	0	25	55	乡镇
211322106200	沙海村委会	119.466310	41.496139	0	25	70	乡镇
211381006003	金山社区	120.719024	41.805874	0	30	72	乡镇
211324108206	化石沟村民委员会	119.629399	41.260951	0	30	72	村庄
211381107209	东高楼村民委员会	120.514010	41.782031	0	30	51	村庄
211324001200	西村村民委员会	119.739180	41.127551	0	30	72	村庄
211321220201	高家村民委员会	120.631467	41.311317	0	30	72	村庄
211302100211	白腰村委会	120.555890	41.673198	0	30	58	UNKNOWN
211382106207	金黄岭村民委员会	119.195400	40.912120	0	30	72	村庄
211321230201	八家子村民委员会	120.413164	41.031090	0	18	49	乡镇
211382116207	烧锅杖子村民委员会	119.367050	41.047577	0	30	72	村庄
211322110205	黄杖子村委会	119.509540	42.071041	0	30	72	村庄
211382103212	四道沟村民委员会	119.105360	41.087579	0	30	72	村庄
211382217204	双杨树村民委员会	119.412700	40.833629	0	30	72	UNKNOWN
211303101203	山咀村委会	120.418282	41.613376	0	30	47	村庄
211382110202	大新房子村民委员会	119.308457	41.300835	0	18	49	乡镇
211382009204	东山村民委员会	119.482400	41.166929	0	30	72	村庄
211382117206	白杖子村民委员会	119.087809	40.862371	0	30	72	村庄
211321231200	黑牛营子村民委员会	120.283719	41.092771	0	30	72	村庄
211382107206	老杖子村民委员会	119.587241	41.046509	0	25	55	乡镇
211322104211	高杖子村委会	120.018030	41.754049	0	25	70	乡镇
211321221200	松岭门村民委员会	120.709185	41.251292	1	80	97	政府机构
211324109207	山湾子村民委员会	119.741000	41.127501	0	14	32	区县
211322117201	化石里沟村委会	119.689950	41.793141	0	25	55	乡镇
211302102200	花章营子村委会	120.474650	41.499271	0	30	72	村庄
211381221207	上台子村民委员会	120.741840	42.104699	0	30	72	村庄
211382210200	何杖子村民委员会	119.288924	41.070400	0	18	49	村庄
211324104209	五家村民委员会	119.846460	41.357170	0	25	55	乡镇
211303106207	下三家子村委会	120.212401	41.521285	0	16	38	乡镇
211302101206	褚仗子村委会	120.505164	41.664406	0	18	40	乡镇
211322104207	刘家房身村委会	119.996880	41.799930	0	30	72	村庄
211382107210	大老爷庙村民委员会	119.527430	41.078259	0	30	72	村庄
211322114207	前道村委会	119.741069	42.082034	0	16	65	乡镇
211302008200	肖家村委会	120.436652	41.564672	1	80	100	政府机构
211303105201	香磨村委会	120.183483	41.435330	0	16	65	乡镇
211324109211	九佛堂村民委员会	119.651569	40.993629	0	16	38	乡镇
211381108200	东台吉村民委员会	120.673290	41.781481	0	18	49	乡镇
211321115209	苏家营子村民委员会	120.699210	41.311361	0	30	72	村庄
211381212208	下杖子村民委员会	120.558770	41.718639	0	30	72	村庄
211321105209	石匠沟村民委员会	120.363250	41.185490	0	25	55	乡镇
211321222206	平房村民委员会	120.500760	41.122939	0	30	72	村庄
211382104200	杨杖子村民委员会	119.140680	40.718321	1	80	100	政府机构
211321001201	西大杖子村民委员会	120.419233	41.468931	0	16	47	乡镇
211321232206	冯杖子村民委员会	120.359879	41.075180	0	18	49	村庄
211322109209	南台子村委会	120.057703	41.400194	1	80	100	政府机构
211382114200	小榆树林子村民委员会	119.383154	41.125297	0	18	40	乡镇
211321108207	胜利村民委员会	120.217730	41.655140	0	30	72	村庄
211324001001	胜利社区	119.724379	41.159877	0	18	66	乡镇
211322214205	洼子沟村委会	119.461742	41.734053	0	16	38	村庄
211382217212	河南村民委员会	119.443839	40.859901	0	30	72	村庄
211382103204	东坡子村民委员会	119.049833	41.042357	0	16	47	乡镇
211382113204	蔡杖子村民委员会	119.530444	41.146940	0	18	49	乡镇
211381218202	二色村民委员会	121.038431	42.144338	0	30	72	UNKNOWN
211302007008	华新社区	120.441249	41.548900	0	25	70	乡镇
211322103203	西南关村委会	119.550878	42.138206	0	16	65	乡镇
211382204202	大刘杖子村民委员会	119.249888	41.115845	0	16	38	乡镇
211322113203	苏子沟村委会	119.582213	41.683142	0	16	65	乡镇
211303102205	西沟村民委员会	120.344650	41.543081	0	30	72	村庄
211381203205	虎爪村民委员会	121.198976	41.823173	0	16	47	乡镇
211321114204	东山村民委员会	120.062950	41.237730	0	30	72	村庄
211381213205	西沟村民委员会	120.649009	41.697761	0	30	72	村庄
211324106202	丛元号村民委员会	119.833897	41.456764	0	30	72	村庄
211381107213	东牌楼沟村民委员会	120.514010	41.782031	0	30	51	村庄
211382004007	鸿远社区	119.407732	41.284700	0	25	70	乡镇
211382001205	五里堡村民委员会	119.452864	41.235202	1	80	100	政府机构
211321104204	文家沟村民委员会	120.531510	41.288711	1	80	100	政府机构
211382118203	东房申村民委员会	119.275300	40.836390	0	30	51	村庄
211382108203	牛洞子村民委员会	119.298494	40.807081	0	16	47	乡镇
211381111001	翟家营社区村民委员会	120.820806	42.192340	0	16	47	乡镇
211302001001	南塔宝亨社区	120.460479	41.568391	0	30	58	乡镇
211324105212	盆窑村民委员会	119.610940	40.865990	0	30	72	UNKNOWN
211324211204	甜水沟村民委员会	119.595011	41.277219	0	30	72	村庄
211381104203	金杖子村民委员会	120.861960	42.084129	0	25	55	乡镇
211322118204	兴隆地村委会	119.602890	41.553179	1	80	100	政府机构
211303005006	文昌社区	120.410591	41.578032	0	30	72	乡镇
211322108204	上新井村委会	119.479476	42.310071	0	16	33	乡镇
211321110210	头三道村民委员会	120.274179	41.803976	0	16	38	乡镇
211381113207	庙下村民委员会	120.625880	41.769700	0	30	72	村庄
211321214206	北梁村民委员会	120.049219	41.439891	0	25	55	乡镇
211381103207	炒米甸村民委员会	120.974140	41.612368	0	25	70	乡镇
211322003004	铁西社区	119.651433	41.354629	0	18	66	乡镇
211382102209	侯杖子村民委员会	119.255190	41.201700	0	25	55	乡镇
211381204201	新丘村民委员会	121.127027	41.901583	0	16	47	乡镇
211324111206	大黄杖子村民委员会	119.953100	41.210419	0	30	72	村庄
211303103208	土城子村民委员会	120.404800	41.695089	0	18	49	乡镇
211321113200	长在营子村民委员会	120.194587	41.181915	0	30	51	旅游景点
211324101206	四道营子村民委员会	119.674130	40.899050	0	30	72	村庄
211381214201	三官营村民委员会	120.718617	41.587740	0	16	47	乡镇
211324104004	康达社区	119.846460	41.357170	0	25	70	乡镇
211321103200	木头城子村民委员会	120.080949	41.313165	0	16	47	乡镇
211321106002	西山社区村民委员会	120.258786	40.986337	0	16	47	乡镇
211382003003	馨王社区	119.399203	41.238861	0	30	72	乡镇
211322218206	房身村委会	119.404149	41.613255	0	30	72	村庄
211324102200	山咀子村民委员会	119.741000	41.127501	0	14	32	区县
211321110206	五家子村民委员会	120.274179	41.803976	0	16	47	乡镇
211324112200	兴隆庄村民委员会	119.808070	41.164011	0	30	72	村庄
211322101208	杨杖子村委会	119.940398	41.650455	0	16	65	乡镇
211381110201	万杖子村民委员会	120.390344	41.892384	0	16	47	乡镇
211324111210	铁沟门村民委员会	119.979046	41.157891	0	16	47	乡镇
211322218210	嘎岔村委会	119.423303	41.665010	0	16	38	乡镇
211303001004	北联社区	120.359292	41.606561	0	40	72	乡镇
211321104212	四家子村民委员会	120.547331	41.283889	0	25	70	乡镇
211381107205	城子地村民委员会	120.763989	41.820701	0	25	55	乡镇
211321114212	歪脖沟村民委员会	120.148990	41.275090	0	30	72	村庄
211381104215	太平沟村民委员会	120.846420	41.982789	0	30	72	村庄
211382007001	轻工社区	119.432511	41.310402	0	18	66	乡镇
211321107202	三官营子村民委员会	120.195061	41.031509	0	30	72	村庄
211324105204	头道营子村民委员会	119.629777	40.853743	0	16	65	乡镇
211324115204	老杖子村民委员会	119.928517	41.267529	0	18	49	乡镇
211302011200	二其营子村委会	120.492852	41.607309	0	30	72	村庄
211302004002	振兴社区	120.458536	41.601180	0	30	72	乡镇
211322004201	西村村委会	119.692730	41.453773	0	16	47	乡镇
211381101200	西官营村民委员会	120.566320	41.884269	0	25	55	乡镇
211322001003	双虹社区	119.651064	41.401440	1	80	100	地产小区
211382217208	老宫杖子村民委员会	119.400460	40.839530	0	25	47	乡镇
211381206206	双山子村民委员会	120.935350	41.910470	0	50	82	UNKNOWN
211324113201	河沿村民委员会	119.838486	41.250123	0	18	49	乡镇
211321111207	孙家屯村民委员会	120.373732	41.351488	0	16	47	乡镇
211381216206	下杖子村民委员会	120.785880	41.444799	0	30	72	村庄
211382001004	高杖子社区	119.420720	41.248879	0	30	100	村庄
211322109213	孤山子村委会	119.797940	41.632451	0	16	65	乡镇
211324114205	青沙子村民委员会	119.848718	41.128852	0	18	40	乡镇
211381201202	下长皋村民委员会	121.036831	41.747689	0	30	72	UNKNOWN
211321116203	报马营子村民委员会	120.028100	41.489059	0	30	72	村庄
211382220205	苏杖子村民委员会	119.257958	40.659470	0	16	47	乡镇
211321103001	十家子社区村民委员会	120.080949	41.313165	0	16	47	乡镇
211321106203	农场村民委员会	120.263480	41.019169	0	30	72	UNKNOWN
211321115213	黑石营子村民委员会	120.718010	41.374160	0	30	72	村庄
211321211205	吐须沟村民委员会	120.143170	41.634039	0	30	72	村庄
211322220202	牦牛营子村委会	119.597464	42.015639	0	30	72	村庄
211302003006	富祥社区	120.451066	41.586603	0	30	72	乡镇
211321105213	上屯村民委员会	120.443261	41.134007	0	30	72	村庄
211322109205	东街村委会	119.829130	41.591129	0	30	72	村庄
211322119205	和乐村委会	119.339990	41.838670	0	30	72	村庄
211303070203	吴家洼北村村委会	120.419415	41.595723	0	50	82	UNKNOWN
211324210205	钱牌杖子村民委员会	119.596508	41.099683	0	18	40	乡镇
211381105202	米家窝铺村民委员会	120.971770	42.140799	0	25	55	乡镇
211321212203	东山村民委员会	120.059353	41.635421	0	30	72	村庄
211324104213	塔子下村民委员会	119.827510	41.349719	0	30	72	村庄
211321105205	塔子沟村民委员会	120.363250	41.185490	0	25	55	乡镇
211381212204	小官营子村民委员会	120.493790	41.739618	0	30	72	村庄
211324107203	户子沟村民委员会	119.856910	41.049551	0	25	55	乡镇
211321115205	庞家窝铺村民委员会	120.675588	41.371731	0	16	47	乡镇
211381202204	老爷庙村民委员会	121.132459	41.693771	0	30	72	村庄
211321228200	北四家子村民委员会	120.295610	41.290731	0	25	55	乡镇
211382007200	庙西村民委员会	119.414120	41.286409	0	30	72	UNKNOWN
211321102201	南洼村民委员会	119.940460	41.402980	0	30	72	村庄
211382002002	光明社区	119.419461	41.226423	0	25	70	乡镇
211381215200	三宝营村民委员会	120.890170	41.524251	0	25	55	乡镇
211321112201	三岔口村民委员会	120.213849	41.327268	0	16	47	乡镇
211324110207	石仁沟村民委员会	119.930953	40.971825	0	18	49	乡镇
211303102209	西涝村民委员会	120.336466	41.520025	0	18	49	乡镇
211381228207	大板沟村民委员会	121.079480	41.676640	0	30	72	村庄
211382219200	酒局杖子村民委员会	119.260375	40.733627	0	18	40	乡镇
211382103208	姜杖子村民委员会	119.123710	41.035409	0	30	72	村庄
211322002005	水源社区	119.626589	41.396090	1	75	100	地产小区
211302007004	玫瑰社区	120.441249	41.548900	0	25	70	乡镇
211321111211	东杖子村民委员会	120.278640	41.382751	0	30	72	村庄
211324207201	郭彩店村民委员会	119.777251	41.031253	0	18	66	村庄
211381112206	来阳营村民委员会	120.806176	41.937386	0	16	47	乡镇
211382204205	冯杖子村民委员会	119.229644	41.104596	0	30	72	村庄
211322113204	道虎沟村委会	119.582213	41.683142	0	16	65	乡镇
211322103204	一棵树村委会	119.550878	42.138206	0	16	65	乡镇
211381003007	岳家沟社区	120.993360	41.750490	0	30	100	村庄
211382002009	北街社区	119.419461	41.226423	0	25	70	乡镇
211381470202	坤头沟村民委员会	120.910311	41.776626	0	18	49	乡镇
211382113203	乌兰白村民委员会	119.530444	41.146940	0	18	49	乡镇
211382217215	毛头坝村民委员会	119.400460	40.839530	0	25	55	乡镇
211322214202	东城村委会	119.461742	41.734053	0	16	65	村庄
211382103203	裂山梁村民委员会	119.049833	41.042357	0	16	38	乡镇
211381218205	北梁村民委员会	120.995418	42.182677	0	16	47	乡镇
211321232201	范家沟村民委员会	120.359879	41.075180	0	18	49	村庄
211381471501	西仓村民委员会	120.514551	42.036686	0	18	49	UNKNOWN
211302102211	双胜村委会	120.529544	41.451622	1	80	97	政府机构
211321222201	麒麟宝村民委员会	120.542363	41.147143	0	16	47	乡镇
211324003200	梁家营子村民委员会	119.731970	41.071820	0	30	72	村庄
211321001206	南林皋村民委员会	120.437810	41.477909	0	30	72	UNKNOWN
211324104218	公营子村民委员会	119.801590	41.369461	0	30	72	村庄
211381105209	祥顺号村民委员会	120.971770	42.140799	0	25	55	乡镇
211321108200	大庙村民委员会	120.260350	41.690729	0	30	72	村庄
211322114200	马场村委会	119.712540	42.079659	0	30	72	UNKNOWN
211302101201	凌东村委会	120.505164	41.664406	0	18	66	乡镇
211381004003	纺化社区	120.754290	41.815948	0	30	72	乡镇
211322104200	喀东村村委会	119.670949	41.414472	1	80	100	政府机构
211324107208	北山村民委员会	119.904340	41.058400	0	30	72	村庄
211303105206	八棱观村委会	120.183483	41.435330	0	16	33	乡镇
211381221200	北四家村民委员会	120.684050	42.144769	0	25	55	乡镇
211302102207	东娘娘庙村委会	120.563543	41.486389	0	16	47	乡镇
211322117206	下七家村委会	119.640583	41.793097	0	30	58	村庄
211303106200	联合村委会	120.198901	41.539029	0	30	72	村庄
211321106208	八家子村民委员会	120.258786	40.986337	0	16	47	乡镇
211382107201	东营子村民委员会	119.615030	41.046930	0	30	72	村庄
211382117201	五道河子村民委员会	119.003995	40.789811	0	16	47	乡镇
211302205201	海里营子村委会	120.584170	41.605781	0	30	72	村庄
211321231207	田杖子村民委员会	120.255400	41.071269	0	30	72	村庄
211324109200	平房子村民委员会	119.741000	41.127501	0	14	32	区县
211321105218	鲁王杖子村民委员会	120.363250	41.185490	0	25	47	乡镇
211382110205	肖杖子村民委员会	119.308457	41.300835	0	18	49	乡镇
211382009203	安杖子村民委员会	119.361920	41.219096	0	16	47	乡镇
211322001008	新工社区	119.622639	41.433856	0	18	66	乡镇
211382103215	喇嘛洞村民委员会	119.049833	41.042357	0	16	47	乡镇
211382217203	姑寺沟村民委员会	119.400460	40.839530	0	25	55	乡镇
211322110202	小五家村委会	119.962918	41.422766	1	80	100	政府机构
211303101204	北三家村民委员会	120.449330	41.622850	1	80	100	政府机构
211324108201	后坟村民委员会	119.653150	41.158019	0	30	72	村庄
211321114219	西沟门村民委员会	120.105893	41.198811	0	16	47	乡镇
211321230206	过良沟村民委员会	120.413164	41.031090	0	18	49	乡镇
211382116200	南水泉村民委员会	119.321841	40.979625	0	16	47	乡镇
211322211201	化匠沟村委会	119.563699	42.209273	0	16	65	乡镇
211321220206	玉田屯村民委员会	120.645994	41.239703	0	18	49	乡镇
211382106200	松岭子村民委员会	119.226140	40.964002	0	30	72	村庄
211324400501	西官分场生活区	119.614279	41.131370	0	25	47	乡镇
211303107201	大房申村民委员会	120.303435	41.682162	0	30	72	村庄
211382115210	西何杖子村民委员会	118.951795	40.848053	0	16	38	乡镇
211381220201	棒槌山村民委员会	120.758830	42.062971	0	30	72	村庄
211382105210	三道梁子村民委员会	119.102475	40.775622	0	16	38	乡镇
211381006004	新兴社区	120.719024	41.805874	0	30	72	乡镇
211322106207	马杖子村委会	119.466310	41.496139	0	25	70	乡镇
211302008006	新兴社区	120.422412	41.557159	0	30	72	乡镇
211382206202	三道杖子村民委员会	119.009260	40.846490	0	30	72	村庄
211322111203	金沟村委会	119.651500	41.622689	0	30	72	村庄
211322101203	刘杖子村委会	119.940398	41.650455	0	16	65	乡镇
211302005008	珠北社区	120.443213	41.575026	0	30	58	乡镇
211382008202	凌北村民委员会	119.436360	41.281631	0	25	55	乡镇
211382111204	魁盛店村民委员会	119.410310	40.928359	0	30	72	UNKNOWN
211324003001	敖木伦社区	119.717764	41.059712	0	18	49	乡镇
211381002010	合兴社区	120.771764	41.810943	0	30	58	道路
211322102213	马家楼村委会	119.635270	41.947131	0	30	72	村庄
211382102202	北房身村民委员会	119.249060	41.262490	0	30	72	村庄
211321400202	敖汉波罗村委会（三分场）	120.086261	41.534990	1	70	86	UNKNOWN
211321224204	仇家店村民委员会	120.518577	41.373447	0	18	49	乡镇
211322205203	高营子村委会	119.874959	41.754280	0	30	72	村庄
211303103203	厚杖子村民委员会	120.377981	41.712299	0	30	72	村庄
211382003008	站前社区	119.399203	41.238861	0	30	72	乡镇
211322102205	东张营子村委会	119.846860	41.891199	0	30	72	村庄
211381002006	二院社区	120.737335	41.790713	0	25	70	乡镇
211382111212	郑杖子村民委员会	119.483820	40.909079	0	25	55	乡镇
211322112205	大三家村委会	119.504850	41.862183	0	16	38	乡镇
211381109206	小巴沟村民委员会	120.571370	41.973740	0	30	72	村庄
211322105201	镇南村委会	119.728856	42.134244	0	30	72	村庄
211302100200	李家窝铺村委会	120.568347	41.692205	0	16	65	乡镇
211322115201	三道沟村委会	119.407107	42.005969	0	16	65	乡镇
211382108208	老爷庙村民委员会	119.366830	40.797480	0	30	72	村庄
211382009002	康柠社区	119.361920	41.219096	0	16	65	乡镇
211381104208	边家沟村民委员会	120.861960	42.084129	0	25	55	乡镇
211322106211	金黄地村委会	119.445001	41.581195	1	80	95	UNKNOWN
211382105206	干沟子村民委员会	119.137480	40.796451	0	30	72	村庄
211324002201	北村村民委员会	119.759144	41.120594	0	30	72	村庄
211382115206	石洞沟村民委员会	119.021606	40.851335	0	30	72	村庄
211381228200	三宝村民委员会	120.846984	41.850153	0	16	47	村庄
211381112201	榆树底村民委员会	120.806176	41.937386	0	16	47	乡镇
211322002002	黎明社区	119.636860	41.402630	0	25	70	乡镇
211322400201	新房身村委会（新房身分场）	119.352782	41.956313	1	80	100	UNKNOWN
211381102201	孤家子村民委员会	120.781420	41.627480	0	30	72	村庄
211322007200	北三家村村委会	119.717286	42.016636	1	80	100	政府机构
211302007003	机场社区	120.441249	41.548900	0	25	70	乡镇
211321215200	乌兰河硕村民委员会	119.966020	41.330719	0	30	72	UNKNOWN
211322103208	大营子村委会	119.580240	42.101080	0	30	72	村庄
211322209200	罗福沟村委会	119.832811	42.011179	0	25	43	乡镇
211322113208	大塘村委会	119.543580	41.618389	0	30	72	村庄
211321228207	马腰营子村民委员会	120.264750	41.234919	0	30	72	村庄
211321112206	长茂村民委员会	120.571810	41.497280	0	30	72	村庄
211324110200	十二德堡村民委员会	119.930953	40.971825	0	18	40	乡镇
211382002005	金瑢多社区	119.407235	41.246860	1	80	100	地产小区
211381101211	河北村民委员会	120.504640	41.889249	0	30	72	村庄
211321102206	肖三家村民委员会	119.948787	41.431563	0	18	40	乡镇
211321115202	黑达沟村民委员会	120.675588	41.371731	0	16	47	乡镇
211381202203	马家营村民委员会	121.099211	41.712599	0	25	55	乡镇
211321105202	南营子村民委员会	120.363250	41.185490	0	25	55	乡镇
211324107204	十八奤村民委员会	119.856910	41.049551	0	25	55	乡镇
211381212203	李杖子村民委员会	120.477314	41.767248	0	16	47	乡镇
211322119202	干沟子村委会	119.373970	41.747351	0	30	72	村庄
211322109202	中官营子村委会	119.776948	41.564377	0	30	72	村庄
211302010007	燕城社区	120.478122	41.587715	0	30	72	乡镇
211381105205	平安地村民委员会	120.976471	42.061039	0	30	72	村庄
211324210202	房申村民委员会	119.596508	41.099683	0	18	49	乡镇
211303070204	东三家村村委会	120.418466	41.598263	0	25	70	乡镇
211324104214	大垤卜村民委员会	119.846460	41.357170	0	25	70	乡镇
211321212204	黄台子村民委员会	120.053010	41.603421	0	25	55	乡镇
211302003001	前进社区	120.449690	41.581577	1	70	100	地产小区
211321211202	新地村民委员会	120.140477	41.654438	0	16	47	乡镇
211322401001	兴垦社区	119.318120	42.147251	0	25	47	乡镇
211321105214	四台村民委员会	120.363250	41.185490	0	25	55	乡镇
211321115214	小二十家子村民委员会	120.511490	41.125740	0	30	72	村庄
211322109214	下窑沟村委会	119.750170	41.598351	0	30	72	村庄
211382220202	碾子沟村民委员会	119.209350	40.659824	1	80	97	政府机构
211321106204	东山村民委员会	120.286975	41.027500	0	30	72	村庄
211381201205	老窝铺村民委员会	121.145830	41.956269	0	30	72	UNKNOWN
211324114202	卧龙泉村民委员会	119.848718	41.128852	0	18	49	乡镇
211321116204	河东村民委员会	120.137981	41.478939	0	30	72	村庄
211381216201	铁吉营村民委员会	120.726275	41.466775	0	16	38	乡镇
211382001003	安居社区	119.457504	41.213977	0	18	66	乡镇
211321104002	赵家营子社区村民委员会	119.899841	41.349689	0	30	72	村庄
211324113206	羊草沟门村民委员会	119.801790	41.259111	0	30	72	UNKNOWN
211381206201	存珠营村民委员会	120.931186	41.978472	0	16	65	乡镇
211321111200	南双庙村民委员会	120.410550	41.406121	0	30	72	村庄
211303005200	八里堡村委会	120.410591	41.578032	0	30	72	乡镇
211302004005	朝柴社区	120.453641	41.600382	0	50	100	UNKNOWN
211324214200	九神庙村民委员会	119.778951	41.237159	0	25	55	乡镇
211381101207	西山嘴村民委员会	120.510230	41.917300	0	30	72	UNKNOWN
211322004206	东大杖子村委会	119.692730	41.453773	0	16	33	乡镇
211381111207	陈家梁村民委员会	120.877950	42.232701	0	30	72	UNKNOWN
211324204200	尤杖子村民委员会	119.972888	41.029195	0	18	40	乡镇
211321112210	恒河子村民委员会	120.213849	41.327268	0	16	47	乡镇
211324115203	马营子村民委员会	119.944990	41.258229	0	30	72	村庄
211321107205	马台子村民委员会	120.156257	41.044869	0	25	55	乡镇
211381104212	杜杖子村民委员会	120.861960	42.084129	0	25	55	乡镇
211324105203	杨树沟村民委员会	119.619160	40.888871	0	30	72	村庄
211321114215	杨树底下村民委员会	120.105893	41.198811	0	16	38	乡镇
211381107202	王兰旗村民委员会	120.763989	41.820701	0	25	47	乡镇
211322007001	东城社区	119.643000	41.403099	0	12	44	区县
211321104215	西地村民委员会	120.547331	41.283889	0	25	55	乡镇
211302007202	马场村委会	120.431860	41.552629	0	30	72	UNKNOWN
211382108212	毛杖子村民委员会	119.298494	40.807081	0	16	47	乡镇
211381110206	三家梁村民委员会	120.390344	41.892384	0	16	47	乡镇
211321103211	嵩松沟村民委员会	120.080949	41.313165	0	16	38	乡镇
211302005004	坝南社区	120.443213	41.575026	0	30	72	乡镇
211382101208	黑沟村民委员会	119.404321	41.343710	0	30	72	村庄
211382111208	王家窝铺村民委员会	119.424460	40.847580	0	30	72	UNKNOWN
211303001003	西盛社区	120.437000	41.592699	0	14	37	区县
211321110201	马杖子村民委员会	120.339700	41.826161	0	30	72	村庄
211324112207	二布尺村民委员会	119.835721	41.158949	0	30	72	UNKNOWN
211324102207	炕杖子村民委员会	119.577081	40.919968	0	16	38	乡镇
211324104003	中兴社区	119.846460	41.357170	0	25	70	乡镇
211381214206	牤牛营村民委员会	120.718617	41.587740	0	16	38	乡镇
211324101201	东村村民委员会	119.714331	40.917509	0	30	72	村庄
211382003004	文化社区	119.399203	41.238861	0	30	72	乡镇
211324111201	崔杖子村民委员会	119.979046	41.157891	0	16	47	乡镇
211381204206	北平房村民委员会	121.127027	41.901583	0	16	47	乡镇
211381110210	龙潭村民委员会	120.432000	41.850729	0	30	72	村庄
211322218201	三家村委会	119.423303	41.665010	0	16	65	乡镇
211322112209	大窝铺村委会	119.504850	41.862183	0	16	65	乡镇
211322102209	新邱村委会	119.715601	41.904538	0	25	47	乡镇
211302006002	宏博社区	120.485105	41.550631	0	25	70	乡镇
211321214201	刘炮手沟村民委员会	119.958151	41.509278	1	80	97	政府机构
211322401200	热水村委会（热水分场）	119.306761	42.159657	1	80	100	UNKNOWN
211322003003	国储社区	119.651433	41.354629	0	18	66	乡镇
211381103200	上园村民委员会	120.978140	41.612298	0	30	72	村庄
211322006201	涝泥塘子村村委会	119.601772	41.374131	1	80	100	政府机构
211381113200	大三家村民委员会	120.586855	41.798695	0	18	49	乡镇
211302001006	双兴社区	120.460479	41.568391	0	30	72	乡镇
211381104204	扣卜营村民委员会	120.861960	42.084129	0	25	55	乡镇
211324211203	大杖子村民委员会	119.561940	41.248150	0	18	49	乡镇
211303005001	锦绣社区	120.410591	41.578032	0	30	72	乡镇
211322108203	双丰村委会	119.454750	42.270361	0	30	72	村庄
211322118203	建昌沟村委会	119.594626	41.515086	0	16	33	乡镇
211324106205	任台子村民委员会	119.818277	41.477222	0	16	47	乡镇
211381213202	红村村民委员会	120.648710	41.604921	0	30	72	村庄
211321104203	兴隆岗村民委员会	120.560361	41.302769	0	30	72	村庄
211382001202	东五官村民委员会	119.457549	41.213978	0	18	40	乡镇
211381107214	西牌楼沟村民委员会	120.763989	41.820701	0	25	55	乡镇
211381203202	头道营子村民委员会	121.201789	41.791908	1	80	100	政府机构
211321114203	三道梁村民委员会	120.105893	41.198811	0	16	47	乡镇
211382108204	白石咀村民委员会	119.298494	40.807081	0	16	47	乡镇
211382118204	干沟子村委会	119.275300	40.836390	0	30	58	村庄
211324106204	辘轳井村民委员会	119.818277	41.477222	0	16	47	乡镇
211381213203	雹神庙村民委员会	120.698087	41.669028	0	18	49	乡镇
211382001203	房申村民委员会	119.434906	41.212761	0	30	72	村庄
211321104202	何家窝铺村民委员会	120.547331	41.283889	0	25	55	乡镇
211381107215	西高楼村民委员会	120.667671	41.868939	0	30	72	村庄
211382004001	红山社区	119.407732	41.284700	0	25	70	乡镇
211381203203	西营子村民委员会	121.178700	41.821871	0	30	72	村庄
211321114202	菜园子村民委员会	120.105893	41.198811	0	16	47	乡镇
211382108205	沟门子村民委员会	119.298494	40.807081	0	16	47	乡镇
211382118205	洼子店村委会	119.275300	40.836390	0	30	72	村庄
211302001007	银河社区	120.455787	41.566139	1	80	100	地产小区
211381104205	马家沟村民委员会	120.882620	42.124711	0	30	72	村庄
211324211202	林杖子村民委员会	119.561940	41.248150	0	18	49	乡镇
211322108202	四家村委会	119.479476	42.310071	0	16	65	乡镇
211381008001	电厂社区	120.770999	41.800801	0	12	44	区县
211322118202	西大杖子村委会	119.643984	41.503419	1	80	100	政府机构
211321214200	东大道村民委员会	120.253001	41.234799	0	12	29	区县
211322401201	仓子村委会（仓子分场）	119.331486	42.135394	1	80	100	UNKNOWN
211322003002	铁北社区	119.651433	41.354629	0	18	66	乡镇
211322006200	大蒿子店村委会	119.643000	41.403099	0	12	26	区县
211381103201	朝阳寺村民委员会	120.974140	41.612368	0	25	55	乡镇
211381113201	三家村民委员会	120.586855	41.798695	0	18	49	乡镇
211324101200	南村村民委员会	119.738211	40.906908	0	18	49	乡镇
211382003005	分局社区	119.399203	41.238861	0	30	72	乡镇
211321103206	永来店村民委员会	120.080949	41.313165	0	16	47	乡镇
211324111200	烧锅杖子村民委员会	119.870298	41.118221	0	30	72	村庄
211381204207	大勿兰村民委员会	121.127027	41.901583	0	16	65	乡镇
211322218200	五家村委会	119.423303	41.665010	0	16	65	乡镇
211322112208	大房身村委会	119.536407	41.879176	0	30	72	村庄
211322102208	惠州村委会	119.715601	41.904538	0	25	47	乡镇
211321110200	二道营子村民委员会	120.329040	41.787359	0	30	72	村庄
211324112206	七家村民委员会	119.806200	41.187951	0	30	72	UNKNOWN
211324102206	海岛营子村民委员会	119.593980	40.954819	0	30	72	村庄
211381110207	榆树底下村民委员会	120.626240	42.139940	0	30	72	村庄
211321103210	郑杖子村民委员会	120.080949	41.313165	0	16	47	乡镇
211322005206	张福店村委会	119.593315	41.373332	0	18	40	乡镇
211302005005	柏山社区	120.446500	41.571148	1	75	100	地产小区
211382111209	义合店村民委员会	119.546530	40.930350	0	30	72	UNKNOWN
211303001002	南山社区	120.359292	41.606561	0	40	72	乡镇
211321114214	孙家店村民委员会	120.105893	41.198811	0	16	47	乡镇
211322002202	西街村委会	119.638350	41.401800	0	30	72	村庄
211381107203	庄头营村民委员会	120.763989	41.820701	0	25	55	乡镇
211321104214	刘杖子村民委员会	120.547331	41.283889	0	25	55	乡镇
211302002001	五一社区	120.460885	41.578976	0	40	72	乡镇
211382108213	中杖子村民委员会	119.298494	40.807081	0	16	38	乡镇
211324115202	二道门村民委员会	119.928517	41.267529	0	18	49	乡镇
211321107204	局子沟村民委员会	120.156257	41.044869	0	25	55	乡镇
211381104213	苏家窑村民委员会	120.861960	42.084129	0	25	55	乡镇
211324105202	三道营子村民委员会	119.659441	40.881019	0	30	72	村庄
211302004004	凌河社区	120.458536	41.601180	0	30	72	乡镇
211324214201	二杖子村民委员会	119.778951	41.237159	0	25	55	乡镇
211322001005	益安社区	119.622639	41.433856	0	18	66	乡镇
211381101206	梁杖子村民委员会	120.566320	41.884269	0	25	55	乡镇
211381111206	广富营村民委员会	120.820806	42.192340	0	16	47	乡镇
211324204201	詹杖子村民委员会	119.985080	40.995281	0	30	72	村庄
211381216200	巴图营村民委员会	120.726275	41.466775	0	16	47	乡镇
211321104003	黄土坎子社区村民委员会	120.638810	41.593191	0	30	72	村庄
211382001002	鑫泰社区	119.457504	41.213977	0	18	66	乡镇
211324113207	章吉营子村民委员会	119.842862	41.230093	0	30	72	村庄
211381206200	泉巨永村民委员会	120.931186	41.978472	0	16	65	乡镇
211321111201	马德沟村民委员会	120.373732	41.351488	0	16	47	乡镇
211322218001	华龙社区	119.423303	41.665010	0	16	65	乡镇
211322109215	大拉罕沟村委会	119.794200	41.642287	0	30	58	村庄
211324104203	王杖子村民委员会	119.763810	41.396869	0	30	72	村庄
211382220203	东庄村民委员会	119.276200	40.639681	0	30	72	村庄
211321106205	百户营子村民委员会	120.337370	41.013811	0	30	72	村庄
211381201204	小四家村民委员会	121.051480	41.807290	0	25	55	村庄
211324114203	西烧锅杖子村民委员会	119.848718	41.128852	0	18	40	乡镇
211321116205	河西村民委员会	120.102370	41.473491	0	30	72	村庄
211321211203	半截沟村民委员会	120.140477	41.654438	0	16	47	乡镇
211322220204	老四家村委会	119.551896	42.021621	0	16	33	乡镇
211321105215	东升村民委员会	120.425080	41.193869	0	30	72	村庄
211322006001	新城社区	119.643000	41.403099	0	12	44	区县
211321115215	符家窝铺村民委员会	120.675588	41.371731	0	16	47	乡镇
211322119203	张家窝铺村委会	119.609729	41.489043	1	80	100	政府机构
211322109203	树底下村委会	119.797940	41.632451	0	16	65	乡镇
211303004001	海河社区	120.431664	41.587712	0	30	72	乡镇
211302010006	燕山社区	120.478122	41.587715	0	30	72	乡镇
211381105204	冠山村民委员会	121.032940	42.084059	0	30	72	村庄
211303070205	下河首村村委会	120.418466	41.598263	0	25	55	乡镇
211324210203	张家窑村民委员会	119.613531	41.116462	1	80	100	政府机构
211324104215	东垤卜村民委员会	119.846460	41.357170	0	25	55	乡镇
211321115203	柳湖沟村民委员会	120.675588	41.371731	0	16	47	乡镇
211381202202	新立屯村民委员会	121.043970	41.656629	0	30	72	村庄
211321105203	伍佛洞村民委员会	120.363250	41.185490	0	25	47	乡镇
211324107205	奈木皋村民委员会	119.856910	41.049551	0	25	70	乡镇
211381212202	铧子炉村民委员会	120.422900	41.774860	0	30	72	UNKNOWN
211322103209	风水沟村委会	119.526370	42.139419	0	30	58	村庄
211322209201	三道窝铺村委会	119.832811	42.011179	0	25	70	乡镇
211322113209	赵家湾村委会	119.556350	41.624930	0	30	72	村庄
211321228206	西山村民委员会	120.328940	41.173410	0	30	72	村庄
211382204208	李家营子村民委员会	119.219380	41.103100	0	30	72	村庄
211321112207	苏家店村民委员会	120.213849	41.327268	0	16	47	乡镇
211324110201	和尚沟村民委员会	119.930953	40.971825	0	18	49	乡镇
211381101210	韩杖子村民委员会	120.494091	41.958089	0	30	72	村庄
211382002004	西街社区	119.419461	41.226423	0	25	70	乡镇
211321102207	白营子村民委员会	119.993420	41.412389	0	30	72	村庄
211381228201	扎兰营子村民委员会	120.866350	41.873459	0	30	72	村庄
211381112200	蒙古营村民委员会	120.806176	41.937386	0	16	47	乡镇
211381218208	生金村民委员会	120.942810	42.183901	0	30	72	村庄
211322002003	永康社区	119.636860	41.402630	0	25	70	乡镇
211322400200	八家村民委员会（八家分场）	119.387969	41.937487	1	80	100	UNKNOWN
211322007201	东村委会	119.673120	41.414751	0	30	72	村庄
211381102200	金岭寺村民委员会	120.833700	41.707741	0	25	55	乡镇
211321215201	苑杖子村民委员会	119.940074	41.340374	0	18	40	乡镇
211302007002	凤鸣社区	120.441249	41.548900	0	25	70	乡镇
211381104209	坎杖子村民委员会	120.861960	42.084129	0	25	55	乡镇
211322106210	五营子村委会	119.485205	41.572210	0	30	72	村庄
211382105207	头道河子村民委员会	119.102475	40.775622	0	16	47	乡镇
211324002200	东村村民委员会	119.714331	40.917509	0	30	72	村庄
211382115207	魏杖子村民委员会	118.951795	40.848053	0	16	47	乡镇
211381109207	黄古屯村民委员会	120.621670	41.940389	0	25	55	乡镇
211381005003	医院社区	120.847618	41.885990	0	30	72	乡镇
211322105200	二十家子村委会	119.741920	42.161361	0	25	47	乡镇
211302100201	上桃花吐村委会	120.568347	41.692205	0	16	33	乡镇
211322115200	昌隆村委会	119.407107	42.005969	0	16	65	乡镇
211382108209	老厂子村民委员会	119.298494	40.807081	0	16	47	乡镇
211303103202	瓦盆沟村民委员会	120.404800	41.695089	0	18	49	乡镇
211382003009	南街社区	119.399203	41.238861	0	30	72	乡镇
211322102204	海山皋村委会	119.715601	41.904538	0	25	43	乡镇
211381002007	宏发社区	120.769023	41.804143	1	70	100	地产小区
211382111213	玉皇庙村民委员会	119.530730	40.943319	0	30	72	村庄
211322112204	北山村委会	119.425450	41.812710	0	30	72	村庄
211382102203	段杖子村民委员会	119.255190	41.201700	0	25	55	乡镇
211321400203	胡杖子村委会（四分场）	120.086261	41.534990	1	70	88	UNKNOWN
211321224205	姜杖子村民委员会	120.518577	41.373447	0	18	49	乡镇
211322205202	大营子村委会	119.976580	41.833771	0	30	72	村庄
211382008203	葛沟村民委员会	119.494310	41.288900	0	30	72	村庄
211322206204	卧龙岗村委会	119.787471	41.822862	0	18	66	乡镇
211382111205	东大杖子村民委员会	119.483820	40.909079	0	25	47	乡镇
211382101205	大杖子村民委员会	119.386628	41.376775	0	16	47	乡镇
211381002011	孤岛社区	120.761640	41.799117	1	80	100	地产小区
211322102212	胡家店村委会	119.715601	41.904538	0	25	70	乡镇
211302008007	四海社区	120.422412	41.557159	0	30	72	乡镇
211382206203	雹神庙村民委员会	119.063817	40.914129	0	18	49	村庄
211322111202	章吉营子村委会	119.674200	41.650921	0	30	72	村庄
211322101202	夏营子村委会	119.921350	41.649211	0	30	72	村庄
211381001001	蓬莱社区	120.823808	41.862281	0	30	72	乡镇
211324400500	东官分场生活区	119.614279	41.131370	0	25	47	乡镇
211303107200	边杖子村民委员会	120.342588	41.637659	0	30	72	村庄
211382115211	东山村民委员会	118.951795	40.848053	0	16	47	乡镇
211381220200	吉祥沟村民委员会	120.669110	42.070239	0	30	72	村庄
211381006005	大井社区	120.719024	41.805874	0	30	72	乡镇
211382105211	侯杖子村民委员会	119.102475	40.775622	0	16	47	乡镇
211322106206	穆营子村委会	119.441290	41.403791	0	30	72	村庄
211324108200	东前沟村民委员会	119.681712	41.167768	0	30	72	村庄
211321114218	金杖子村民委员会	120.105893	41.198811	0	16	47	乡镇
211321230207	大西沟村民委员会	120.390280	41.025140	0	30	72	村庄
211382116201	郭家店村民委员会	119.321841	40.979625	0	16	47	乡镇
211321220207	庙沟村民委员会	120.645994	41.239703	0	18	49	乡镇
211322211200	烧锅营子村委会	119.565389	42.196821	0	30	72	村庄
211382106201	碾房杖子村民委员会	119.207302	40.946812	0	16	38	乡镇
211382103214	卧虎山村民委员会	119.049833	41.042357	0	16	47	乡镇
211322105001	鸿运社区	119.741920	42.161361	0	25	70	乡镇
211382217202	党杖子村民委员会	119.401000	41.245300	0	12	24	区县
211322110203	达拉甲村委会	119.291770	42.248939	0	25	43	乡镇
211303101205	新地村村委会	120.403630	41.642971	0	30	58	村庄
211302009006	朝工社区	120.444492	41.591844	0	30	58	乡镇
211381003010	工村社区	120.782868	41.821844	0	20	67	乡镇
211324002001	团结社区	119.741000	41.127501	0	14	46	区县
211382110204	乔营子村民委员会	119.351871	41.292399	0	30	72	村庄
211382009202	马场村民委员会	119.384950	41.191051	0	30	72	UNKNOWN
211322001009	建安社区	119.622639	41.433856	0	18	66	乡镇
211302004008	孟克社区	120.458536	41.601180	0	30	72	乡镇
211382107200	四官营子村民委员会	119.589051	41.046039	0	30	72	村庄
211382117200	大甸子村民委员会	119.092109	40.849801	0	30	72	村庄
211302205200	长宝营子村委会	120.563250	41.606339	0	30	72	村庄
211321231206	三家子村民委员会	120.267383	41.095040	0	18	66	乡镇
211324109201	小营村民委员会	119.659350	41.047449	0	30	72	村庄
211321105219	徐杖子村民委员会	120.450990	41.183050	0	30	72	村庄
211321001211	东山村民委员会	120.374210	41.510769	0	30	72	村庄
211381221201	王增店村民委员会	120.563935	42.107372	1	80	97	政府机构
211382210206	三胜永村委员会	119.288924	41.070400	0	18	40	村庄
211302102206	白大营子村委会	120.614590	41.506529	0	30	72	村庄
211322117207	海棠村委会	119.589020	41.792609	0	30	72	村庄
211303106201	山咀村委会	120.212401	41.521285	0	16	65	乡镇
211321106209	下坎子村民委员会	120.249831	40.963769	0	30	72	村庄
211322114201	龙头营子村委会	119.712270	42.052739	0	30	72	村庄
211302101200	他拉皋村委会	120.499419	41.618562	1	80	100	政府机构
211381004002	北纺路西社区	120.754290	41.815948	0	30	51	乡镇
211322104201	喀西村村委会	120.018030	41.754049	0	25	55	乡镇
211324107209	杨树底下村民委员会	119.856910	41.049551	0	25	47	乡镇
211321232200	尚志村民委员会	120.359879	41.075180	0	18	49	村庄
211382114206	李杖子村民委员会	119.377060	41.094071	0	30	72	村庄
211321222200	根德营子村民委员会	120.569010	41.137730	0	30	72	村庄
211302102210	曹家窝铺村委会	120.563543	41.486389	0	16	65	乡镇
211324003201	山咀村民委员会	119.717764	41.059712	0	18	66	乡镇
211321001207	小木头沟村民委员会	120.478950	41.451950	0	30	72	村庄
211324104219	下三家村民委员会	119.846460	41.357170	0	25	55	乡镇
211381105208	板达营村民委员会	120.971770	42.140799	0	25	55	乡镇
211321114222	楼子山村民委员会	120.108490	41.227031	0	30	72	UNKNOWN
211321108201	老西沟村民委员会	120.197480	41.741179	0	30	72	村庄
211382113202	哈叭气村民委员会	119.491130	41.171800	0	30	72	UNKNOWN
211382217214	歪脖杖子村民委员会	119.400460	40.839530	0	25	47	乡镇
211322214203	西城村委会	119.440766	41.724601	0	30	72	村庄
211382103202	八家村民委员会	119.049833	41.042357	0	16	65	乡镇
211381218204	八里铺村民委员会	120.995418	42.182677	0	16	47	乡镇
211382204204	大王杖子村民委员会	119.217960	41.194290	0	30	72	村庄
211322113205	新城村委会	119.564669	41.704931	0	30	72	村庄
211322103205	黄杖子村委会	119.509540	42.071041	0	30	72	村庄
211381003006	七彩虹社区	120.782868	41.821844	0	20	67	乡镇
211382002008	天元社区	119.419461	41.226423	0	25	70	乡镇
211381470203	厚土村民委员会	120.910311	41.776626	0	18	49	乡镇
211303102203	老窝铺村委会	120.336466	41.520025	0	18	66	乡镇
211382115204	大河北村民委员会	118.996760	40.863389	0	30	72	村庄
211322106213	叩勿素村委会	119.466310	41.496139	0	25	47	乡镇
211382105204	南营子村民委员会	119.114870	40.751249	1	80	100	政府机构
211324002203	碾子沟村民委员会	119.736150	41.198040	0	30	72	村庄
211322115203	新发村委会	119.473901	41.952461	0	30	72	村庄
211322105203	陈家店村委会	119.741920	42.161361	0	25	70	乡镇
211381223205	周家沟村民委员会	120.773490	41.749961	0	30	72	村庄
211302100202	下桃花吐村委会	120.568347	41.692205	0	16	33	乡镇
211381109204	瓦房村民委员会	120.527129	42.032101	0	30	72	村庄
211382111210	五家子村民委员会	119.489180	40.923080	0	30	72	村庄
211322112207	红山村委会	119.604248	41.886443	0	30	72	村庄
211322102207	栾家窝铺村委会	119.747960	41.929691	0	30	58	UNKNOWN
211321103209	召山咀村民委员会	120.080949	41.313165	0	16	47	乡镇
211381204208	小勿兰村民委员会	121.127027	41.901583	0	16	65	乡镇
211303103201	杠头沟村村民委员会	120.428800	41.713219	0	30	72	村庄
211322205201	丰山村委会	119.897581	41.813079	0	30	72	村庄
211382102200	宋杖子村民委员会	119.255190	41.201700	0	25	55	乡镇
211321400200	北扎兰营子村委会（一分场）	120.086261	41.534990	1	70	88	UNKNOWN
211321224206	五十家子村民委员会	120.518577	41.373447	0	18	49	乡镇
211382101206	老官村民委员会	119.386628	41.376775	0	16	47	乡镇
211322102211	下湾子村委会	119.649710	41.997109	0	30	72	村庄
211382111206	张家窝铺村民委员会	119.563340	41.053011	0	30	72	UNKNOWN
211381110208	前井子村民委员会	120.390344	41.892384	0	16	47	乡镇
211322101201	西梁村委会	119.787467	41.352864	1	80	100	政府机构
211382206200	坤都沟门村民委员会	119.074040	40.875170	0	30	72	UNKNOWN
211322111201	康家窝铺村委会	119.678909	41.682261	0	30	58	UNKNOWN
211381220203	来其营村民委员会	120.665690	42.060389	0	25	55	乡镇
211322106205	四节梁村委会	119.466310	41.496139	0	25	47	乡镇
211303107203	黄金店村民委员会	120.285504	41.623489	0	16	47	乡镇
211324400503	前坟分场生活区	119.644298	41.145591	1	80	97	政府机构
211321220204	稗子沟村民委员会	120.645994	41.239703	0	18	49	乡镇
211322211203	乌克朝村委会	119.563699	42.209273	0	16	38	乡镇
211321230204	二道沟村民委员会	120.379381	41.098939	0	30	72	村庄
211382116202	石杖子村民委员会	119.321841	40.979625	0	16	47	乡镇
211324108203	哈叭气村民委员会	119.571700	41.264561	0	30	72	UNKNOWN
211303101206	潘井村民委员会	120.423590	41.605099	0	25	55	乡镇
211302009005	辽河社区	120.444492	41.591844	0	30	72	乡镇
211324113208	西沟村民委员会	119.860399	41.275071	0	30	72	村庄
211322110200	老官地村委会	119.291770	42.248939	0	25	70	乡镇
211382217201	盆子窑村民委员会	119.400460	40.839530	0	25	55	乡镇
211381101209	尹杖子村民委员会	120.566320	41.884269	0	25	55	乡镇
211322004208	小平房村委会	119.692730	41.453773	0	16	65	乡镇
211382009201	凌河村民委员会	119.361920	41.219096	0	16	47	乡镇
211381111209	吻苏吐噜村民委员会	120.820806	42.192340	0	16	38	乡镇
211322103210	七贤营子村委会	119.499500	42.144691	0	30	72	村庄
211324002002	新华社区	119.756314	41.125780	0	60	100	地产小区
211324109202	黄道营子村民委员会	119.649090	41.040849	0	30	72	村庄
211382117203	槽碾沟村民委员会	119.034189	40.788771	0	30	72	村庄
211302205203	平房村委会	120.564120	41.553589	0	30	72	村庄
211321231205	荒地村民委员会	120.293640	41.067191	0	30	72	村庄
211382107203	后朱杖子村民委员会	119.612307	41.023610	0	30	72	村庄
211321221205	往户屯村民委员会	120.720441	41.254473	0	18	49	乡镇
211303106202	下麻地村委会	120.219740	41.564331	0	30	72	村庄
211322117204	七官营子村委会	119.712701	41.780129	0	30	72	村庄
211321001212	郭家村民委员会	120.406130	41.531781	0	30	72	村庄
211381221202	东荒村民委员会	120.652820	42.123671	0	30	72	UNKNOWN
211382210205	董杖子村民委员会	119.288924	41.070400	0	18	49	村庄
211302102205	房申村委会	120.614640	41.474362	0	30	72	村庄
211303105204	黄花滩村委会	120.183483	41.435330	0	16	65	乡镇
211381108205	坤头波罗村民委员会	120.678911	41.774269	0	30	72	村庄
211302101203	金沟村委会	120.549797	41.634814	0	30	72	村庄
211381004001	北纺路东社区	120.730771	41.836929	0	50	82	道路
211322104202	阚杖子村委会	120.018030	41.754049	0	25	43	乡镇
211322114202	兴隆村委会	119.746667	42.021774	0	30	72	村庄
211321108202	邓杖子村民委员会	120.261070	41.690149	0	25	55	乡镇
211321114221	三家村民委员会	120.099020	41.186151	0	30	72	UNKNOWN
211321222203	王家村民委员会	120.577533	41.151538	0	30	72	村庄
211324003202	五道营子村民委员会	119.747960	41.078751	0	30	72	村庄
211321001204	小平房村民委员会	120.419233	41.468931	0	16	47	乡镇
211321232203	米家沟村民委员会	120.327130	41.083209	0	30	72	村庄
211382114205	申杖子村民委员会	119.383154	41.125297	0	18	49	乡镇
211381218207	南台子村民委员会	120.995418	42.182677	0	16	47	乡镇
211322214200	长汉池村委会	119.461742	41.734053	0	16	33	村庄
211324001004	健康社区	119.724379	41.159877	0	18	66	乡镇
211382103201	北街村民委员会	119.049833	41.042357	0	16	47	乡镇
211382113201	边家梁村民委员会	119.490130	41.136200	0	30	72	UNKNOWN
211303102200	西大营子村民委员会	120.378680	41.549059	0	30	72	村庄
211381470200	三府村民委员会	120.910311	41.776626	0	18	49	乡镇
211321112208	馒头营子村民委员会	120.221090	41.418161	0	30	72	村庄
211322103206	老爷庙村委会	119.523330	42.081919	0	30	72	村庄
211382204207	草萎沟村民委员会	119.249888	41.115845	0	16	65	乡镇
211321228209	毛秦营子村民委员会	120.278660	41.214291	0	30	72	村庄
211322113206	黑山嘴村委会	119.582213	41.683142	0	16	65	乡镇
211382108206	塔沟村民委员会	119.422070	40.873829	0	30	72	村庄
211381203200	小塔子村民委员会	121.198976	41.823173	0	16	47	乡镇
211381109208	炮手村民委员会	120.621670	41.940389	0	25	70	乡镇
211321114201	肖杖子村民委员会	120.105893	41.198811	0	16	47	乡镇
211381213200	八家子村民委员会	120.698087	41.669028	0	18	49	乡镇
211321104201	东南沟村民委员会	120.574020	41.268341	0	30	72	村庄
211381107216	兴隆洼村民委员会	120.763989	41.820701	0	25	55	乡镇
211382004002	莫胡店社区	119.421140	41.267089	0	30	100	UNKNOWN
211382105208	南店村民委员会	119.401000	41.245300	0	12	34	区县
211322118201	山咀村委会	119.643000	41.403099	0	12	26	区县
211303005003	利民社区	120.410591	41.578032	0	30	72	乡镇
211322108201	三合号村委会	119.479476	42.310071	0	16	38	乡镇
211381008002	骆铁社区	120.770999	41.800801	0	12	44	区县
211382115208	宋杖子村民委员会	118.951795	40.848053	0	16	47	乡镇
211302001004	文化社区	120.460479	41.568391	0	30	72	乡镇
211381104206	三座店村民委员会	120.861960	42.084129	0	25	55	乡镇
211324211201	大梁下村民委员会	119.561940	41.248150	0	18	49	乡镇
211381113202	小巴里村民委员会	120.586855	41.798695	0	18	40	乡镇
211321214203	郭杖子村民委员会	120.049219	41.439891	0	25	55	乡镇
211322003001	铁东社区	119.651433	41.354629	0	18	66	乡镇
211322401202	博古苏村委会（博古苏分场）	119.391955	42.095951	1	80	100	UNKNOWN
211381103202	沟口子村民委员会	121.025880	41.621359	0	30	72	村庄
211381002008	盛达社区	120.778638	41.800447	0	50	100	UNKNOWN
211322218203	北四家村委会	119.423303	41.665010	0	16	33	乡镇
211324111203	老窝铺村民委员会	119.998600	41.185450	0	30	72	UNKNOWN
211381204204	郎中营村民委员会	121.144891	41.879929	0	30	72	村庄
211321113205	老窝铺村民委员会	120.228601	41.150047	0	18	49	乡镇
211381214204	菅草沟村民委员会	120.718617	41.587740	0	16	47	乡镇
211324101203	白草沟村民委员会	119.738211	40.906908	0	18	49	乡镇
211382003006	红卫社区	119.399203	41.238861	0	30	72	乡镇
211321103205	扎兰营子村民委员会	120.002310	41.326860	0	30	72	村庄
211324102205	黄家店村民委员会	119.584550	40.938829	0	30	72	村庄
211321110203	赵家洼村民委员会	120.274179	41.803976	0	16	47	乡镇
211324112205	半拉烧锅村民委员会	119.805155	41.163196	0	18	49	乡镇
211303001001	园东社区	120.359292	41.606561	0	40	72	乡镇
211321103213	徐家屯村民委员会	120.074680	41.342809	0	30	72	村庄
211322005205	王福店村委会	119.593315	41.373332	0	18	40	乡镇
211302005006	燕园社区	120.441220	41.566799	0	50	100	地产小区
211381110204	大杖子村民委员会	120.517970	41.821281	0	30	72	村庄
211382108210	二安沟村民委员会	119.298494	40.807081	0	16	47	乡镇
211321220208	洞子沟村民委员会	120.645994	41.239703	0	18	49	乡镇
211322002201	勿素台沟村委会	119.639980	41.407950	0	30	72	村庄
211381107200	五间房村民委员会	120.763989	41.820701	0	25	55	乡镇
211321104217	三家屯村民委员会	120.547331	41.283889	0	25	55	乡镇
211302007200	中山村委会	120.455471	41.546494	0	30	72	村庄
211302002002	鑫业社区	120.460885	41.578976	0	40	72	乡镇
211321114217	古树沟村民委员会	120.147210	41.144759	0	30	72	村庄
211322106209	白家洼村委会	119.466310	41.496139	0	25	70	乡镇
211321107207	杨树沟村民委员会	120.173400	41.030241	0	30	72	村庄
211381104210	十八台村民委员会	120.861960	42.084129	0	25	55	乡镇
211324105201	大西山村民委员会	119.629777	40.853743	0	16	47	乡镇
211324115201	后城子村民委员会	119.928517	41.267529	0	18	49	乡镇
211381111205	牛家店村民委员会	120.820806	42.192340	0	16	47	乡镇
211324204202	后钢沟村民委员会	119.972888	41.029195	0	18	49	乡镇
211302004007	东风社区	120.458536	41.601180	0	30	72	乡镇
211322001006	永和社区	119.622639	41.433856	0	18	66	乡镇
211324214202	卧虎沟村民委员会	119.750980	41.250651	0	30	72	村庄
211322004204	扎塞营子村委会	119.692730	41.453773	0	16	47	乡镇
211381101205	勿拉汗村民委员会	120.566320	41.884269	0	25	70	乡镇
211324113204	东赤里赤村民委员会	119.741000	41.127501	0	14	32	区县
211381206203	十八台村民委员会	120.931186	41.978472	0	16	47	乡镇
211321111202	瓦房店村民委员会	120.373732	41.351488	0	16	47	乡镇
211381216203	中屯村民委员会	120.726275	41.466775	0	16	47	乡镇
211382001001	仪表社区	119.457504	41.213977	0	18	66	乡镇
211381201207	扎兰沟村民委员会	120.982150	41.842109	0	30	72	村庄
211324114200	东哨村民委员会	119.741000	41.127501	0	14	37	区县
211382220200	河坎子村民委员会	119.257958	40.659470	0	16	47	乡镇
211321106206	缸岔村民委员会	120.258786	40.986337	0	16	47	乡镇
211302102209	代家店村委会	120.563543	41.486389	0	16	65	乡镇
211322218002	御河社区	119.423303	41.665010	0	16	65	乡镇
211322109216	侯家营子村委会	119.640889	42.134589	1	80	100	政府机构
211322117208	红伟村委会	119.689950	41.793141	0	25	47	乡镇
211302006201	四家子村委会	120.485105	41.550631	0	25	70	乡镇
211321211200	西五家子村民委员会	120.140477	41.654438	0	16	47	乡镇
211302003003	商行社区	120.451066	41.586603	0	30	72	乡镇
211322003200	南汤土沟村委会	119.828445	42.058264	0	30	72	村庄
211321105216	李杖子村民委员会	120.363250	41.185490	0	25	55	乡镇
211321231209	五家子村民委员会	120.267383	41.095040	0	18	49	乡镇
211381105207	四万贯村民委员会	120.971770	42.140799	0	25	55	乡镇
211324210200	坤都营子村民委员会	119.611530	41.076760	0	30	72	村庄
211324104216	土城子村民委员会	119.846460	41.357170	0	25	55	乡镇
211302010005	燕湖社区	120.478122	41.587715	0	30	72	乡镇
211322109200	西街村委会	119.819140	41.588370	0	30	72	村庄
211303004002	竹林社区	120.431664	41.587712	0	30	72	乡镇
211321001208	袁台子村民委员会	120.419233	41.468931	0	16	47	乡镇
211322119200	太平庄村委会	119.339060	41.790570	0	30	72	村庄
211321105200	羊山村民委员会	120.402079	41.194771	0	30	72	村庄
211324107206	果木树营子村民委员会	119.867652	41.050354	0	30	72	村庄
211381212201	水库村民委员会	120.477314	41.767248	0	16	65	乡镇
211321115200	七道岭村民委员会	120.638791	41.387682	1	80	97	政府机构
211381202201	姜家店村民委员会	121.099211	41.712599	0	25	55	乡镇
211382002007	粮市社区	119.419461	41.226423	0	25	70	乡镇
211321102204	康家屯村民委员会	119.990440	41.424381	0	30	72	村庄
211381215205	头道营村民委员会	120.890170	41.524251	0	25	55	乡镇
211321112204	西李杖子村民委员会	120.213849	41.327268	0	16	47	乡镇
211324110202	白庙子村民委员会	119.920080	40.988331	0	30	72	村庄
211321228205	和平村民委员会	120.350470	41.254181	0	30	72	村庄
211381003009	冠山新村社区	120.822970	41.842051	0	30	72	村庄
211322209202	柴杖子村委会	119.850220	41.968880	0	30	58	村庄
211322400203	山根村委会（山根分场）	119.342680	41.913963	1	80	100	UNKNOWN
211322007202	宋杖子村委会	119.643000	41.403099	0	12	44	区县
211381102203	敖宝营村民委员会	120.833700	41.707741	0	25	55	乡镇
211321215202	八大孟克村民委员会	119.940074	41.340374	0	18	49	乡镇
211302007001	龙山社区	120.441249	41.548900	0	25	70	乡镇
211381112203	塔营子村民委员会	120.755030	41.946750	0	30	72	村庄
211321111214	后杖子村民委员会	120.373732	41.351488	0	16	47	乡镇
211324207204	南沟门村民委员会	119.777251	41.031253	0	18	49	村庄
211381228202	三家子村民委员会	120.846984	41.850153	0	16	65	村庄
211382219205	上店村民委员会	119.251240	40.765980	0	30	72	村庄
211322400202	柴达木村委会（柴达木分场）	119.368137	41.954379	1	80	100	UNKNOWN
211322002001	爱华社区	119.636919	41.399736	1	80	100	地产小区
211381102202	波台沟村民委员会	120.780220	41.670010	0	30	72	村庄
211322007203	大板沟村委会	119.643000	41.403099	0	12	44	区县
211321215203	七星扎兰营子村民委员会	119.954710	41.366359	0	30	72	村庄
211381112202	跃进村民委员会	120.806176	41.937386	0	16	47	乡镇
211321111215	榆树沟村民委员会	120.373732	41.351488	0	16	47	乡镇
211382219204	金杖子村民委员会	119.231110	40.743419	0	30	72	村庄
211381228203	水泉村民委员会	120.800611	41.876089	0	30	72	村庄
211382002006	东环社区	119.419461	41.226423	0	25	70	乡镇
211321102205	华家店村民委员会	119.948787	41.431563	0	18	49	乡镇
211381215204	平房村民委员会	120.841960	41.457000	0	30	72	村庄
211321112205	牟杖子村民委员会	120.157360	41.363170	0	30	72	村庄
211324110203	喇嘛沟村民委员会	119.864529	40.932021	0	30	72	村庄
211321228204	南台子村民委员会	120.295610	41.290731	0	25	55	乡镇
211381003008	宏岳社区	120.782868	41.821844	0	20	67	乡镇
211322209203	下窝铺村委会	119.643000	41.403099	0	12	34	区县
211321105201	北营子村民委员会	120.347260	41.230521	0	30	72	村庄
211324107207	下河套村民委员会	119.761410	41.139630	0	30	72	UNKNOWN
211381212200	哈尔脑村民委员会	120.477314	41.767248	0	16	47	乡镇
211321115201	黄盖村民委员会	120.675588	41.371731	0	16	47	乡镇
211381202200	常河营村民委员会	121.099211	41.712599	0	25	55	乡镇
211303002211	嘎岔村委会	120.299877	41.447692	0	30	51	乡镇
211381105206	十二道村民委员会	120.971770	42.140799	0	25	55	乡镇
211324210201	波汰沟村民委员会	119.596508	41.099683	0	18	66	乡镇
211321106211	龚杖子村民委员会	120.222640	40.968911	0	30	72	村庄
211324104217	端正村民委员会	119.846460	41.357170	0	25	55	乡镇
211302010004	燕东社区	120.478122	41.587715	0	30	72	乡镇
211322109201	前营子村委会	119.774390	41.557539	0	30	72	村庄
211303004003	中山社区	120.431664	41.587712	0	30	72	乡镇
211321001209	腰而营子村民委员会	120.436770	41.504849	0	30	72	村庄
211322119201	五间房村委会	119.361877	41.810223	0	16	65	乡镇
211302006200	八宝村委会	120.485105	41.550631	0	25	70	乡镇
211302003002	铁通社区	120.444221	41.580589	1	80	100	地产小区
211321211201	簸箕掌村民委员会	120.140477	41.654438	0	16	65	乡镇
211322003201	顺治沟村村委会	119.622916	41.377261	1	80	100	政府机构
211321105217	高八尺村民委员会	120.363250	41.185490	0	25	55	乡镇
211321231208	温杖子村民委员会	120.267383	41.095040	0	18	49	乡镇
211381201206	东地村民委员会	121.018050	41.908380	0	30	72	UNKNOWN
211324114201	小马架子村民委员会	119.819300	41.099200	0	30	72	村庄
211382220201	沙果沟村民委员会	119.183910	40.632979	0	30	72	村庄
211321106207	老虎沟村民委员会	120.218000	41.007191	0	30	72	村庄
211302102208	十五家子村委会	120.563543	41.486389	0	16	38	乡镇
211322117209	姚家窝铺村委会	119.689950	41.793141	0	25	70	乡镇
211302009008	西梁社区	120.438872	41.594721	0	40	100	UNKNOWN
211324113205	西赤里赤村民委员会	119.838486	41.250123	0	18	49	乡镇
211381206202	巴里营村民委员会	120.931186	41.978472	0	16	47	乡镇
211321111203	曹家村民委员会	120.386090	41.377769	0	30	72	村庄
211381216202	彩凤沟村民委员会	120.714260	41.489581	0	30	72	村庄
211321104001	二十家子社区村民委员会	120.547331	41.283889	0	25	55	乡镇
211381111204	后梅林皋村民委员会	120.820806	42.192340	0	16	38	乡镇
211324204203	前钢沟村民委员会	119.972888	41.029195	0	18	49	乡镇
211322001007	热源社区	119.649277	41.404756	1	80	100	地产小区
211324214203	顾杖子村民委员会	119.778951	41.237159	0	25	47	乡镇
211381101204	扣卜营村民委员会	120.618380	41.849298	0	30	72	UNKNOWN
211322004205	老西店村委会	119.724420	41.477740	0	30	72	村庄
211382002010	双桥社区	119.419461	41.226423	0	25	70	乡镇
211322106208	大苏子沟村委会	119.466310	41.496139	0	25	55	乡镇
211321107206	大杖子村民委员会	120.210390	41.043420	0	30	72	村庄
211381104211	西树林村民委员会	120.861960	42.084129	0	25	55	乡镇
211324105200	二道营子村民委员会	119.655971	40.870619	0	30	72	村庄
211324115200	水泉村民委员会	119.931686	41.297848	0	30	72	村庄
211382108211	寺台子村民委员会	119.298494	40.807081	0	16	47	乡镇
211321220209	薛家屯村民委员会	120.645994	41.239703	0	18	49	乡镇
211381107201	大兰旗村民委员会	120.732930	41.851168	0	30	72	村庄
211322002200	蒙西营子村委会	119.641200	41.395670	0	30	72	村庄
211321104216	肖杖子村民委员会	120.547331	41.283889	0	25	55	乡镇
211302007201	哨口村委会	120.441249	41.548900	0	25	47	乡镇
211321114216	董家店村民委员会	120.105893	41.198811	0	16	47	乡镇
211321103212	姚杖子村民委员会	120.080949	41.313165	0	16	47	乡镇
211322005204	杨家杖子村委会	119.593315	41.373332	0	18	66	乡镇
211381110205	三井子村民委员会	120.390344	41.892384	0	16	47	乡镇
211324102204	河南村民委员会	119.555000	40.925881	0	30	72	村庄
211321110202	铧子炉村民委员会	120.422900	41.774860	0	30	72	UNKNOWN
211324112204	西沟门村民委员会	119.805155	41.163196	0	18	49	乡镇
211322218202	南四家村委会	119.423303	41.665010	0	16	38	乡镇
211324111202	东沟村民委员会	119.979046	41.157891	0	16	47	乡镇
211381204205	东台村民委员会	121.179600	41.921407	0	30	72	村庄
211321113204	南塔子村民委员会	120.228601	41.150047	0	18	49	乡镇
211381214205	偏石村民委员会	120.718617	41.587740	0	16	47	乡镇
211324101202	李杖子村民委员会	119.738211	40.906908	0	18	49	乡镇
211382003007	花墙子社区	119.399203	41.238861	0	30	72	乡镇
211321103204	西营子村民委员会	120.043039	41.348781	0	30	72	村庄
211381113203	房申村民委员会	120.577741	41.816945	0	30	72	村庄
211302006001	凌东社区	120.476781	41.562532	1	80	100	地产小区
211321214202	丛家店村民委员会	120.049219	41.439891	0	25	55	乡镇
211322401203	五十家子村委会（五十家子分场）	119.415971	42.113314	1	80	100	UNKNOWN
211381103203	王道营村民委员会	120.974140	41.612368	0	25	55	乡镇
211322006202	红石板村委会	119.643000	41.403099	0	12	29	区县
211382105209	柴杖子村民委员会	119.102475	40.775622	0	16	47	乡镇
211322118200	宋家湾村委会	119.594626	41.515086	0	16	65	乡镇
211303005002	紫金苑社区	120.433999	41.570339	0	60	100	地产小区
211322108200	哈拉道口村委会	119.472070	42.323519	0	50	73	UNKNOWN
211382115209	瓦房村民委员会	118.925840	40.901129	0	30	72	村庄
211381008003	铁东社区	120.770999	41.800801	0	12	44	区县
211381104207	韩古屯村民委员会	120.926630	42.077480	1	80	100	政府机构
211324211200	大营子村民委员会	119.554960	41.209181	0	30	72	村庄
211382108207	北沟村民委员会	119.217670	40.862300	0	30	72	村庄
211381203201	上平房村民委员会	121.198976	41.823173	0	16	47	乡镇
211321114200	西山村民委员会	120.047346	41.234160	0	30	72	村庄
211324106206	岳台子村民委员会	119.755090	41.424350	0	30	72	村庄
211381213201	四家板村民委员会	120.698087	41.669028	0	18	49	乡镇
211382004003	鸿凌社区	119.407732	41.284700	0	25	70	乡镇
211381107217	刘家沟村民委员会	120.679060	41.834749	0	30	72	村庄
211303102201	郝家村民委员会	120.342345	41.559848	0	30	72	村庄
211381470201	台头沟村民委员会	120.845910	41.769699	0	30	72	村庄
211321112209	大沟门村民委员会	120.213849	41.327268	0	16	47	乡镇
211322103207	安家楼村委会	119.550878	42.138206	0	16	65	乡镇
211382204206	孙杖子村民委员会	119.338490	41.238140	0	30	72	村庄
211321228208	五花吐村民委员会	120.295610	41.290731	0	25	55	乡镇
211322113207	茶台沟村委会	119.557650	41.657511	0	30	72	村庄
211381218206	牤牛西沟村民委员会	121.007290	42.242411	0	30	72	村庄
211382217216	苏官杖子村民委员会	119.400460	40.839530	0	25	47	乡镇
211322214201	嘎海吐村委会	119.461742	41.734053	0	16	38	村庄
211324001005	龙山社区	119.724379	41.159877	0	18	66	乡镇
211382103200	南街村民委员会	119.063350	41.013789	0	30	72	村庄
211382113200	太平沟村民委员会	119.451970	41.126451	0	30	72	村庄
211321108203	宁杖子村民委员会	120.212099	41.724336	1	80	100	政府机构
211321114220	西沟村民委员会	120.029333	41.254736	0	30	72	村庄
211321222202	黄木营子村民委员会	120.570330	41.178860	0	30	72	村庄
211324003203	柏沟村民委员会	119.717764	41.059712	0	18	49	乡镇
211321001205	下洼子村民委员会	120.390760	41.477070	0	30	72	村庄
211321232202	大车户村民委员会	120.359879	41.075180	0	18	49	村庄
211382114204	三家村民委员会	119.383154	41.125297	0	18	49	乡镇
211303105205	公皋村委会	120.183483	41.435330	0	16	38	乡镇
211381108204	哈只海沟村民委员会	120.673290	41.781481	0	18	40	乡镇
211302101202	木匠营子村委会	120.525820	41.614751	0	30	72	村庄
211322104203	曹家烧锅村委会	119.964244	41.865717	1	80	95	餐饮
211322114203	新立屯村委会	119.741069	42.082034	0	16	65	乡镇
211303106203	黄杖子村委会	120.234530	41.455771	0	30	72	村庄
211322117205	于家窝铺村委会	119.689950	41.793141	0	25	70	乡镇
211321001213	波赤村民委员会	120.419233	41.468931	0	16	65	乡镇
211382210204	桲罗树杖子村民委员会	119.288924	41.070400	0	18	35	村庄
211381221203	陶家沟村民委员会	120.684050	42.144769	0	25	55	乡镇
211302102204	李杖子村委会	120.563543	41.486389	0	16	65	乡镇
211324109203	三台村民委员会	119.653261	41.025810	1	80	100	政府机构
211382117202	三道河子村委会	119.003995	40.789811	0	16	65	乡镇
211302205202	骆驼山子村委会	120.557540	41.566610	0	18	66	乡镇
211321231204	务本营子村民委员会	120.290210	41.052821	0	30	72	村庄
211382107202	窑上村民委员会	119.613420	41.039680	0	30	72	村庄
211321221204	梁家屯村民委员会	120.720441	41.254473	0	18	49	乡镇
211322004209	平安地村委会	119.740119	41.393691	0	30	72	村庄
211381101208	唐杖子村民委员会	120.566320	41.884269	0	25	55	乡镇
211382009200	八里堡村民委员会	119.361920	41.219096	0	16	47	乡镇
211381111208	白塔子村民委员会	120.820806	42.192340	0	16	47	乡镇
211382110206	杨大营子村民委员会	119.311350	41.316250	0	30	72	村庄
211322103211	兴隆沟村委会	119.550878	42.138206	0	16	65	乡镇
211324002003	双桥社区	119.741000	41.127501	0	14	46	区县
211302009004	蓬莱社区	120.456702	41.590686	1	80	100	政府机构
211324113209	王营子村民委员会	119.815480	41.289921	0	30	72	村庄
211303101207	公皋村民委员会	120.423590	41.605099	0	25	70	乡镇
211322110201	上地村委会	119.271800	42.217761	0	30	72	村庄
211382103216	二道沟村民委员会	119.190350	41.007610	0	30	72	村庄
211382217200	宣杖子村民委员会	119.286300	40.819669	0	30	72	村庄
211322211202	木头营子村委会	119.522710	42.217829	0	30	72	村庄
211321220205	士毅村民委员会	120.645994	41.239703	0	18	66	乡镇
211324001204	洞上村民委员会	119.724379	41.159877	0	18	49	乡镇
211382103001	龙源社区	119.049833	41.042357	0	16	65	乡镇
211321230205	黑虎村民委员会	120.413164	41.031090	0	18	49	乡镇
211382116203	老杖子村民委员会	119.321841	40.979625	0	16	47	乡镇
211324108202	西南沟村民委员会	119.611450	41.173030	0	30	72	村庄
211381220202	汤沟村民委员会	120.665690	42.060389	0	25	55	乡镇
211322106204	四龙沟村委会	119.466310	41.496139	0	25	47	乡镇
211303107202	火神庙村民委员会	120.285504	41.623489	0	16	47	乡镇
211324400502	北荒分场生活区	119.614279	41.131370	0	25	47	乡镇
211322101200	朱碌科村委会	119.940398	41.650455	0	16	38	乡镇
211381001003	桃园社区	120.823808	41.862281	0	30	72	乡镇
211382206201	石门沟村民委员会	119.125220	40.892890	0	30	72	村庄
211322111200	深井村委会	119.693910	41.548801	1	80	100	政府机构
211302008005	北方社区	120.422412	41.557159	0	30	72	乡镇
211382101207	山头村民委员会	119.407291	41.353039	0	30	72	村庄
211322102210	张家窝铺村委会	119.609729	41.489043	1	80	100	政府机构
211322112210	那立奈村委会	119.509640	41.832151	0	30	58	UNKNOWN
211382111207	奈曼营子村民委员会	119.476678	40.891520	0	30	72	村庄
211382008201	庙东村民委员会	119.446229	41.283856	0	30	72	村庄
211381110209	西马架子村民委员会	120.398391	41.845743	0	30	72	村庄
211322205200	铁营子村委会	119.886320	41.780969	0	30	72	村庄
211382102201	二十里堡村民委员会	119.303160	41.226429	0	30	72	UNKNOWN
211321400201	二道湾子村委会（二分场）	120.086261	41.534990	1	70	88	UNKNOWN
211382111211	平地村民委员会	119.401460	40.983950	0	30	72	村庄
211322112206	土木营子村委会	119.504579	41.880101	0	30	72	村庄
211322102206	三义号村委会	119.715601	41.904538	0	25	70	乡镇
211381002005	花园社区	120.770699	41.798175	0	60	100	地产小区
211321103208	陈杖子村民委员会	120.119350	41.346270	0	30	72	村庄
211303103200	召都巴村村民委员会	120.402449	41.678691	0	30	72	村庄
211322115202	章京营子村委会	119.415161	42.049359	0	30	72	村庄
211322105202	十家子村委会	119.741920	42.161361	0	25	47	乡镇
211381223204	下湾子村民委员会	120.789782	41.756426	0	30	47	村庄
211302100203	梨树沟村委会	120.568347	41.692205	0	16	65	乡镇
211381109205	东山嘴村民委员会	120.458760	41.788481	0	30	72	UNKNOWN
211382115205	黄土梁子村民委员会	118.951795	40.848053	0	16	47	乡镇
211322106212	五龙台村委会	119.466310	41.496139	0	25	47	乡镇
211382105205	八道沟村民委员会	119.095559	40.736710	0	30	72	村庄
211324002202	小河湾村民委员会	119.763270	41.112090	0	30	72	村庄
211382009001	金阳社区	119.361920	41.219096	0	16	65	乡镇
211382108200	双庙村民委员会	119.284971	40.870159	0	30	72	村庄
211302100208	林四家村委会	120.578256	41.632840	1	80	95	UNKNOWN
211382118200	王杖子村民委员会	119.275300	40.836390	0	30	72	村庄
211381213206	平台子村民委员会	120.647180	41.729411	0	30	72	村庄
211324106201	国家沟村民委员会	119.818277	41.477222	0	16	47	乡镇
211381107210	下油房沟村民委员会	120.763989	41.820701	0	25	55	乡镇
211382004004	凌钢东社区	119.407732	41.284700	0	25	70	乡镇
211382001206	瓦庙子村民委员会	119.457504	41.213977	0	18	49	乡镇
211381203206	莲花山村民委员会	121.198976	41.823173	0	16	47	乡镇
211321114207	大嘎海图村民委员会	120.105893	41.198811	0	16	38	乡镇
211303005005	中华园社区	120.422413	41.567035	0	50	100	地产小区
211381008004	铁西社区	120.770999	41.800801	0	12	44	区县
211322118207	向阳山村委会	119.594626	41.515086	0	16	38	乡镇
211302001002	商业路社区	120.456240	41.573991	0	40	100	道路
211324105211	大马架子村民委员会	119.694536	40.866361	1	80	97	政府机构
211302004200	孟克村委会	120.466480	41.593164	1	80	100	政府机构
211381104200	宝国老村民委员会	120.861960	42.084129	0	25	70	乡镇
211303002001	龙山社区	120.299877	41.447692	0	30	72	乡镇
211321214205	车杖子村民委员会	120.049219	41.439891	0	25	55	乡镇
211381103204	三巨兴村民委员会	120.974140	41.612368	0	25	47	乡镇
211322401204	西岗村委会（西岗分场）	119.338039	42.125020	1	80	100	UNKNOWN
211381113204	塘坊村民委员会	120.586855	41.798695	0	18	49	乡镇
211322218205	新乃里村委会	119.423303	41.665010	0	16	47	乡镇
211324101205	魏家庄村民委员会	119.773071	40.876549	0	30	72	村庄
211381214202	下甸村民委员会	120.718617	41.587740	0	16	47	乡镇
211321103203	新村村民委员会	120.046229	41.325379	0	30	72	村庄
211321106001	六家子社区村民委员会	120.260169	41.002654	0	30	72	村庄
211381204202	巴思营村民委员会	121.127027	41.901583	0	16	47	乡镇
211324111205	朱杖子村民委员会	120.038240	41.110241	0	30	72	村庄
211321113203	后西地村民委员会	120.228601	41.150047	0	18	49	乡镇
211321110205	高杖子村民委员会	120.347173	41.791702	0	30	72	村庄
211324112203	碾房村民委员会	119.805155	41.163196	0	18	49	乡镇
211324102203	鲤莲杖子村民委员会	119.577081	40.919968	0	16	38	乡镇
211322218213	五十家子村委会	119.423303	41.665010	0	16	38	乡镇
211381110202	沟门子村民委员会	120.390344	41.892384	0	16	47	乡镇
211303070001	燕都社区	120.418466	41.598263	0	25	70	乡镇
211382106208	东道村民委员会	119.207302	40.946812	0	16	47	乡镇
211382116208	白尺沟村民委员会	119.321841	40.979625	0	16	65	乡镇
211321114211	吴家杖子村民委员会	120.185831	41.281479	0	30	72	村庄
211381107206	岳家沟村民委员会	120.763989	41.820701	0	25	55	乡镇
211302002004	华运社区	120.460885	41.578976	0	40	72	乡镇
211381220209	扎兰营村民委员会	120.665690	42.060389	0	25	70	乡镇
211382007002	配件社区	119.432511	41.310402	0	18	66	乡镇
211321107201	上三家子村民委员会	120.156257	41.044869	0	25	55	乡镇
211324105207	杨杖子村民委员会	119.629777	40.853743	0	16	65	乡镇
211381101203	大巴里村民委员会	120.566320	41.884269	0	25	55	乡镇
211324214204	四家子村民委员会	119.778951	41.237159	0	25	70	乡镇
211324204204	三荒村民委员会	119.972888	41.029195	0	18	49	乡镇
211381111203	前梅林皋村民委员会	120.820806	42.192340	0	16	38	乡镇
211381216205	五家子村民委员会	120.726275	41.466775	0	16	47	乡镇
211381206205	黄家沟村民委员会	120.955360	41.957281	0	30	72	村庄
211324113202	三家村民委员会	119.838486	41.250123	0	18	49	乡镇
211321111204	梨树沟村民委员会	120.429211	41.396459	0	30	72	村庄
211382220206	北杖子村民委员会	119.257958	40.659470	0	16	47	乡镇
211324114206	林家店村民委员会	119.913900	41.174771	0	30	72	UNKNOWN
211303106208	东赵家沟村委会	120.212401	41.521285	0	16	47	乡镇
211381201201	下窑村民委员会	121.003660	41.883251	0	30	72	村庄
211321116200	平房村民委员会	120.006154	41.516338	0	16	47	乡镇
211322109210	小房身村委会	119.886178	41.620410	0	30	72	村庄
211321211206	雅路沟村民委员会	120.140477	41.654438	0	16	47	乡镇
211302003005	联通社区	120.451066	41.586603	0	30	72	乡镇
211322220201	火石地村委会	119.551896	42.021621	0	16	65	乡镇
211321105210	陈美营子村民委员会	120.345309	41.150331	0	30	72	村庄
211324109208	马家窝铺村民委员会	119.651569	40.993629	0	16	47	乡镇
211321115210	何家窝铺村民委员会	120.662200	41.332780	0	30	72	UNKNOWN
211303002200	半拉山村村委会	120.320441	41.463595	1	80	100	政府机构
211382107209	黄花沟村民委员会	119.587241	41.046509	0	25	55	乡镇
211321108208	贝子胡同村民委员会	120.261070	41.690149	0	25	55	乡镇
211302010003	燕南社区	120.478122	41.587715	0	30	72	乡镇
211303070200	七道泉子南村村委会	120.418282	41.613376	0	30	58	村庄
211322005002	富民社区	119.593315	41.373332	0	18	66	乡镇
211381105201	和尚沟村民委员会	120.971770	42.140799	0	25	55	乡镇
211321212200	沟门子村民委员会	120.053010	41.603421	0	25	55	乡镇
211324104210	三官庙村民委员会	119.846460	41.357170	0	25	70	乡镇
211322119206	石台沟村委会	119.370910	41.863640	0	30	72	村庄
211321222209	傅家村民委员会	120.542363	41.147143	0	16	47	乡镇
211322109206	栾家营子村委会	119.858790	41.570411	0	30	72	村庄
211303004004	长江社区	120.431664	41.587712	0	30	72	乡镇
211321115206	大马厂村民委员会	120.688613	41.415876	1	80	97	政府机构
211321105206	偏道沟村民委员会	120.363250	41.185490	0	25	55	乡镇
211381212207	刘杖子村民委员会	120.477314	41.767248	0	16	47	乡镇
211324107200	老爷庙村民委员会	119.848440	41.054360	0	30	72	村庄
211322104208	华杖子村委会	120.018030	41.754049	0	25	43	乡镇
211302101209	新荒地村委会	120.505164	41.664406	0	18	66	乡镇
211322114208	宋家窝铺村委会	119.741069	42.082034	0	16	65	乡镇
211321112202	东窑村民委员会	120.571810	41.497280	0	30	58	村庄
211324110204	怀杖子村民委员会	119.930953	40.971825	0	18	40	乡镇
211321102202	卢杖子村民委员会	119.948787	41.431563	0	18	49	乡镇
211381215203	陈奎营村民委员会	120.890170	41.524251	0	25	70	乡镇
211322209204	双庙村委会	119.937300	41.941040	0	30	72	村庄
211321228203	文户沟村民委员会	120.295610	41.290731	0	25	70	乡镇
211321111212	东台子村民委员会	120.373732	41.351488	0	16	47	乡镇
211324207202	房申村民委员会	119.782222	41.017723	1	80	97	政府机构
211381112205	于丈子村民委员会	120.806176	41.937386	0	16	38	乡镇
211381102205	下烧锅村民委员会	120.833700	41.707741	0	25	55	乡镇
211322400205	平房村委会（平房分场）	119.435468	41.911536	1	80	100	UNKNOWN
211322002006	红山社区	119.636860	41.402630	0	25	70	乡镇
211321215204	黄道营子村民委员会	119.996700	41.352440	0	30	72	村庄
211302007007	文祥社区	120.441249	41.548900	0	25	70	乡镇
211381228204	东沟村民委员会	120.754140	41.860950	0	30	72	村庄
211382219203	小河西村民委员会	119.230000	40.652489	0	30	72	UNKNOWN
211382105202	三道沟村民委员会	119.037200	40.681760	0	30	72	村庄
211382115202	庙北村民委员会	118.923030	40.850500	0	30	72	UNKNOWN
211322105205	扎兰营子村委会	119.725010	42.210230	0	30	72	村庄
211381005006	和尚沟社区	120.872870	41.604500	0	30	100	村庄
211382106212	东沟村民委员会	119.166410	40.998149	0	30	72	村庄
211302100204	下洼村委会	120.568347	41.692205	0	16	65	乡镇
211381223203	高台村民委员会	120.768320	41.754314	0	16	47	乡镇
211322115205	东井村委会	119.410750	41.975259	0	30	72	村庄
211381109202	三家村民委员会	120.621670	41.940389	0	25	55	乡镇
211382004008	客车社区	119.407732	41.284700	0	25	70	乡镇
211381400201	靠山屯村委会（兴顺德二分场）	120.770999	41.800801	0	12	26	区县
211322102201	贾台子村委会	119.715601	41.904538	0	25	70	乡镇
211322112201	四盆营子村委会	119.517017	41.789442	1	80	97	政府机构
211382111216	白庙子村民委员会	119.467220	41.014849	0	30	72	村庄
211322218209	富和村委会	119.423303	41.665010	0	16	38	乡镇
211303103207	宋杖子村民委员会	120.404800	41.695089	0	18	49	乡镇
211324111209	羊角沟村民委员会	119.979046	41.157891	0	16	47	乡镇
211324101209	西村村民委员会	119.670620	40.923440	0	30	72	村庄
211322101211	七台营子村委会	120.035240	41.616210	0	30	72	村庄
211382102206	石羊石虎沟村民委员会	119.255190	41.201700	0	25	47	乡镇
211381001012	新苑社区	120.823808	41.862281	0	30	72	乡镇
211321224200	长皋村民委员会	120.518577	41.373447	0	18	49	乡镇
211381113208	兴隆沟村民委员会	120.586855	41.798695	0	18	49	乡镇
211381103208	小北沟村民委员会	121.035180	41.694829	0	30	72	村庄
211322206201	套卜河洛村委会	119.787471	41.822862	0	18	49	乡镇
211382111200	四合当村民委员会	119.483820	40.909079	0	25	55	乡镇
211382101200	佐杖子村民委员会	119.386628	41.376775	0	16	38	乡镇
211322111207	宽昌沟村委会	119.737952	41.538938	1	80	100	政府机构
211382102210	康官村民委员会	119.255190	41.201700	0	25	70	乡镇
211322101207	大庙村委会	119.993860	41.679041	0	30	72	村庄
211302008002	铁路社区	120.422412	41.557159	0	30	72	乡镇
211321110209	炮手村民委员会	120.274179	41.803976	0	16	65	乡镇
211381220205	七家子村民委员会	120.665690	42.060389	0	25	55	乡镇
211322106203	新店村委会	119.445541	41.533748	0	30	72	村庄
211322103001	恒安社区	119.550878	42.138206	0	16	65	乡镇
211303107205	姑营子村民委员会	120.369250	41.645609	0	30	72	村庄
211321230202	南营子村民委员会	120.413164	41.031090	0	18	49	乡镇
211382116204	牛营子村民委员会	119.349811	41.025299	0	30	72	村庄
211324001203	小城子村民委员会	119.724379	41.159877	0	18	66	乡镇
211321220202	徐家店村民委员会	120.646360	41.287051	0	30	72	村庄
211322211205	毕杖子村委会	119.563699	42.209273	0	16	38	乡镇
211382106204	尧阳杖子村民委员会	119.207302	40.946812	0	16	38	乡镇
211324108205	梅素奤村民委员会	119.640692	41.236518	0	16	65	乡镇
211321111208	南梁村民委员会	120.381630	41.352829	0	30	72	村庄
211303101200	水泉村民委员会	120.364550	41.589679	0	30	72	村庄
211381216209	崔杖子村民委员会	120.726275	41.466775	0	16	47	乡镇
211382103211	三道沟村民委员会	119.099751	41.064459	0	30	72	村庄
211382217207	坤都沟村民委员会	119.400460	40.839530	0	25	47	乡镇
211324002004	建设社区	119.741000	41.127501	0	14	46	区县
211382110201	小城子村民委员会	119.308457	41.300835	0	18	66	乡镇
211324109204	周杖子村民委员会	119.651569	40.993629	0	16	47	乡镇
211382107205	梅杖子村民委员会	119.535830	41.011819	0	30	72	村庄
211322104212	董梁村委会	120.018030	41.754049	0	25	70	乡镇
211321221203	大二台村民委员会	120.720441	41.254473	0	18	49	乡镇
211382117205	毛家店村民委员会	119.003995	40.789811	0	16	47	乡镇
211321231203	章吉营子村民委员会	120.322490	41.099369	0	30	72	村庄
211303106204	长立哈达村委会	120.212401	41.521285	0	16	47	乡镇
211321001214	拉拉屯村民委员会	120.419233	41.468931	0	16	47	乡镇
211302102203	平房店村委会	120.503750	41.469789	0	30	58	UNKNOWN
211381221204	克洛湾村民委员会	120.684050	42.144769	0	25	55	乡镇
211382210203	南炉村民委员会	119.288924	41.070400	0	18	49	村庄
211322117202	青山村委会	119.776670	41.747879	0	30	72	村庄
211303105202	赵家沟村委会	120.175379	41.460780	0	30	72	村庄
211324109212	北洞村民委员会	119.741000	41.127501	0	14	37	区县
211381108203	郑家窝铺村民委员会	120.673290	41.781481	0	18	49	乡镇
211322114204	梁家村委会	119.741069	42.082034	0	16	65	乡镇
211302101205	八里村委会	120.505164	41.664406	0	18	66	乡镇
211322104204	唐杖子村委会	120.018030	41.754049	0	25	70	乡镇
211382107213	小窝铺村民委员会	119.587241	41.046509	0	25	55	乡镇
211303106212	北台子村委会	120.212401	41.521285	0	16	65	乡镇
211321108204	水泉村民委员会	120.275860	41.710560	0	30	72	村庄
211321232205	二车户村民委员会	120.359879	41.075180	0	18	40	村庄
211382114203	兴隆沟村民委员会	119.383154	41.125297	0	18	49	乡镇
211324003204	化金沟村民委员会	119.717764	41.059712	0	18	40	乡镇
211321222205	老道沟村民委员会	120.493867	41.155660	0	30	72	村庄
211321001202	南大营子村民委员会	120.323270	41.453649	0	30	72	村庄
211381218201	四合城村民委员会	120.995418	42.182677	0	16	47	乡镇
211381112209	南荒村民委员会	120.774520	41.476120	0	30	58	UNKNOWN
211381228208	下河套村民委员会	120.462100	41.939051	0	30	72	UNKNOWN
211382113207	七间房村民委员会	119.530444	41.146940	0	18	49	乡镇
211322214206	旦洲城村委会	119.461742	41.734053	0	16	33	村庄
211324001002	民族社区	119.724379	41.159877	0	18	66	乡镇
211382217211	天盛号村民委员会	119.425540	40.861169	0	30	72	地产小区
211382103207	小孤山村民委员会	119.049833	41.042357	0	16	65	乡镇
211303102206	北山村民委员会	120.390100	41.553470	0	30	72	村庄
211324110208	乱泥塘子村民委员会	119.886444	41.004826	1	80	97	政府机构
211382204201	小刘杖子村民委员会	119.249888	41.115845	0	16	47	乡镇
211322113200	小塘村委会	119.581010	41.629270	0	30	72	村庄
211322103200	东台村委会	119.426680	42.071259	0	30	72	村庄
211324110209	太沟村民委员会	119.930953	40.971825	0	18	49	乡镇
211303102207	中涝村民委员会	120.336466	41.520025	0	18	66	乡镇
211382204200	宫家烧锅村民委员会	119.303350	41.215629	0	30	72	餐饮
211322113201	水头村委会	119.620740	41.633732	1	80	97	政府机构
211381003002	天缘社区	120.782868	41.821844	0	20	67	乡镇
211322103201	后山村村委会	119.418071	42.083779	0	30	58	村庄
211381218200	台吉营村民委员会	120.995418	42.182677	0	16	47	乡镇
211381112208	朝阳沟村民委员会	120.797541	41.901329	0	30	72	村庄
211381228209	小苏营村民委员会	120.846984	41.850153	0	16	47	村庄
211382113206	十二官营子村民委员会	119.550090	41.142560	0	30	72	村庄
211324001003	昌盛社区	119.724379	41.159877	0	18	66	乡镇
211382217210	大杖子村民委员会	119.309904	40.899967	0	30	72	村庄
211382103206	北店村民委员会	119.401000	41.245300	0	12	34	区县
211321108205	卧佛头沟村民委员会	120.244330	41.733909	0	30	72	村庄
211321232204	郑杖子村民委员会	120.359879	41.075180	0	18	49	村庄
211382114202	瓦房店村民委员会	119.383154	41.125297	0	18	49	乡镇
211324003205	白音爱里村民委员会	119.717764	41.059712	0	18	66	乡镇
211321222204	曹家杖子村民委员会	120.542363	41.147143	0	16	47	乡镇
211321001203	牟台子村民委员会	120.419233	41.468931	0	16	65	乡镇
211302008202	榆树林子村委会	120.422412	41.557159	0	30	72	乡镇
211303105203	东平房村委会	120.437000	41.592699	0	14	37	区县
211381108202	宋杖子村民委员会	120.673290	41.781481	0	18	49	乡镇
211322114205	河南村委会	119.745232	42.087022	0	30	72	村庄
211302101204	铁匠营子村委会	120.505164	41.664406	0	18	66	乡镇
211322104205	大营子村委会	119.976580	41.833771	0	30	72	村庄
211382107212	葛杖子村民委员会	119.587241	41.046509	0	25	55	乡镇
211303106205	西房申村委会	120.163609	41.514550	1	80	97	政府机构
211322102001	龙丰社区	119.715601	41.904538	0	25	70	乡镇
211302102202	小房申村委会	120.523377	41.509793	0	30	72	村庄
211382210202	北炉村民委员会	119.288924	41.070400	0	18	49	村庄
211381221205	大力虎村民委员会	120.727275	42.166125	1	80	100	政府机构
211322117203	勿心吐鲁村委会	119.689950	41.793141	0	25	43	乡镇
211324109205	三家村民委员会	119.784490	41.010009	0	30	72	UNKNOWN
211382107204	水泉沟村民委员会	119.451049	40.991291	0	30	72	村庄
211321221202	范家村民委员会	120.735133	41.293898	0	30	72	村庄
211302205204	嘎岔村委会	120.616110	41.613578	0	30	58	UNKNOWN
211382117204	榆树底下村民委员会	119.003995	40.789811	0	16	47	乡镇
211321231202	姜杖子村民委员会	120.317410	41.136969	0	30	72	村庄
211382009206	西五官村民委员会	119.361875	41.219097	0	16	38	乡镇
211324002005	古塔社区	119.741000	41.127501	0	14	46	区县
211382110200	修杖子村民委员会	119.308457	41.300835	0	18	40	乡镇
211321111209	单家店村民委员会	120.373732	41.351488	0	16	47	乡镇
211302009002	融汇社区	120.444492	41.591844	0	30	72	乡镇
211303101201	上河首村民委员会	120.386466	41.589128	1	80	100	政府机构
211381216208	古家子村民委员会	120.726275	41.466775	0	16	47	乡镇
211382103210	头道沟村民委员会	119.049833	41.042357	0	16	47	乡镇
211382217206	吴杖子村民委员会	119.402290	40.733120	0	30	72	村庄
211321230203	北营子村民委员会	120.420245	41.064016	0	30	72	村庄
211382116205	小北沟村民委员会	119.253660	41.061300	0	30	72	村庄
211324001202	小双庙村民委员会	119.683689	41.109031	0	30	72	村庄
211322211204	车杖子村委会	119.563699	42.209273	0	16	65	乡镇
211321220203	孤山子村民委员会	120.645994	41.239703	0	18	49	乡镇
211382106205	茶棚村民委员会	119.207302	40.946812	0	16	47	乡镇
211324108204	六官营子村民委员会	119.636820	41.174110	0	30	72	村庄
211381220204	生金皋村民委员会	120.660950	42.040570	0	30	72	UNKNOWN
211322106202	南洼村委会	119.386050	41.544221	0	30	72	村庄
211381006001	舍宅社区	120.719024	41.805874	0	30	72	乡镇
211303107204	辛杖子村民委员会	120.325685	41.646867	1	80	100	政府机构
211322111206	小马厂村委会	119.708741	41.511779	0	30	72	村庄
211382102211	翟杖子村民委员会	119.255190	41.201700	0	25	47	乡镇
211381001005	桂圆社区	120.823808	41.862281	0	30	72	乡镇
211322101206	西科村委会	119.940398	41.650455	0	16	65	乡镇
211302008003	鹏程社区	120.432100	41.572989	1	80	100	地产小区
211303105002	西街居民委员会	120.183483	41.435330	0	16	65	乡镇
211321110208	红石村民委员会	120.327120	41.730070	0	30	72	村庄
211322206200	杨树岭村委会	119.787471	41.822862	0	18	66	乡镇
211382111201	小马营子村民委员会	119.461630	40.920990	0	30	72	村庄
211382101201	康杖子村民委员会	119.401000	41.245300	0	12	26	区县
211303103210	李杖子村村民委员会	120.439790	41.675799	0	30	72	村庄
211322101210	水塘沟村委会	119.940398	41.650455	0	16	38	乡镇
211381001013	北煤社区	120.823808	41.862281	0	30	58	乡镇
211382102207	西高杖子村民委员会	119.255190	41.201700	0	25	47	乡镇
211321224201	川心店村民委员会	120.518577	41.373447	0	18	49	乡镇
211381103209	张宝吐村民委员会	120.934560	41.566400	0	30	72	UNKNOWN
211381002003	信合社区	120.737335	41.790713	0	25	70	乡镇
211381400200	兴顺德村委会（兴顺德一分场）	120.770999	41.800801	0	12	23	区县
211322102200	建平村委会	119.715601	41.904538	0	25	70	乡镇
211322112200	奎德素村委会	119.504850	41.862183	0	16	38	乡镇
211322218208	小新地村委会	119.423303	41.665010	0	16	38	乡镇
211324111208	上窝铺村民委员会	119.979046	41.157891	0	16	65	乡镇
211303103206	烧锅村村民委员会	120.375960	41.664129	0	30	72	村庄
211324101208	小店村民委员会	119.744860	40.938811	0	30	72	村庄
211322105204	下城子村委会	119.741920	42.161361	0	25	70	乡镇
211382106213	大场子村民委员会	119.207302	40.946812	0	16	47	乡镇
211302100205	平顶山村委会	120.568347	41.692205	0	16	65	乡镇
211381223202	艾树沟村民委员会	120.739841	41.704129	0	30	72	村庄
211322115204	牌甸村委会	119.407107	42.005969	0	16	38	乡镇
211381109203	土洞子村民委员会	120.621670	41.940389	0	25	55	乡镇
211382004009	八间房社区	119.407732	41.284700	0	25	70	乡镇
211382105203	柏杖子村民委员会	119.102475	40.775622	0	16	38	乡镇
211324002204	红石砬村民委员会	119.887270	40.942179	0	50	82	UNKNOWN
211382115203	榆树沟村民委员会	119.069910	40.770400	0	30	72	村庄
211324207203	东汤村民委员会	119.780490	41.054949	0	30	72	村庄
211321111213	山后村民委员会	120.373732	41.351488	0	16	47	乡镇
211381112204	龙潭村民委员会	120.751127	41.927952	0	30	72	村庄
211381102204	黄土坎村民委员会	120.833700	41.707741	0	25	55	乡镇
211322400204	尧都地村委会（尧都地分场）	119.347204	41.879248	1	80	100	UNKNOWN
211322002007	北山社区	119.636860	41.402630	0	25	70	乡镇
211302007006	怡盛园社区	120.445644	41.556079	0	60	100	地产小区
211321215205	东乌兰河硕村民委员会	119.940074	41.340374	0	18	49	乡镇
211303003001	飞马社区	120.319528	41.621070	0	30	72	乡镇
211382219202	大河西村民委员会	119.214180	40.717751	0	30	72	村庄
211381228205	海丰村民委员会	120.846984	41.850153	0	16	47	村庄
211321112203	六家子村民委员会	120.213849	41.327268	0	16	47	乡镇
211324110205	河东村民委员会	119.914202	40.973574	1	80	97	政府机构
211321102203	焦营子村民委员会	119.959225	41.427093	0	30	72	村庄
211382007202	朝阳沟村民委员会	119.432511	41.310402	0	18	49	乡镇
211321107001	凌河湾社区村民委员会	120.456735	41.548181	0	60	87	地产小区
211381215202	房申沟村民委员会	120.890170	41.524251	0	25	55	乡镇
211322209205	于家杖子村委会	119.832811	42.011179	0	25	47	乡镇
211321228202	唐杖子村民委员会	120.295610	41.290731	0	25	55	乡镇
211321115207	双庙村民委员会	120.597630	41.327920	0	30	72	村庄
211381202206	马窝铺村民委员会	121.099211	41.712599	0	25	55	乡镇
211321105207	倒廷沟村民委员会	120.363250	41.185490	0	25	70	乡镇
211381212206	新亭村民委员会	120.529799	41.714991	0	30	72	村庄
211324107201	平房子村民委员会	119.783410	41.191940	0	30	51	村庄
211322104209	大马厂村委会	120.018030	41.754049	0	25	55	乡镇
211302101208	姜家窝铺村委会	120.505164	41.664406	0	18	66	乡镇
211321108209	鞠杖子村民委员会	120.261070	41.690149	0	25	47	乡镇
211302010002	燕北社区	120.466218	41.589106	1	80	100	政府机构
211303070201	七道泉子北村村委会	120.421890	41.612030	0	30	58	村庄
211381105200	黑城子村民委员会	120.971770	42.140799	0	25	55	乡镇
211324104211	丛家沟村民委员会	119.767230	41.411459	0	30	72	村庄
211321212201	周台子村民委员会	120.036900	41.703211	0	30	72	村庄
211322119207	要道吐村委会	119.361877	41.810223	0	16	38	乡镇
211321222208	邸三家子村民委员会	120.542363	41.147143	0	16	47	乡镇
211322109207	大西营子村委会	119.844400	41.603650	0	30	72	村庄
211303004005	新北社区	120.431664	41.587712	0	30	72	乡镇
211302003004	网通社区	120.453254	41.585163	1	75	100	地产小区
211322220200	义成功村委会	119.551896	42.021621	0	16	38	乡镇
211321211207	大井村民委员会	120.168980	41.601851	0	30	72	村庄
211321105211	孤家子村民委员会	120.361650	41.172510	0	30	72	村庄
211324109209	双庙村民委员会	119.722870	40.978619	0	30	72	村庄
211321115211	羊山沟村民委员会	120.675588	41.371731	0	16	47	乡镇
211382117208	西胡杖子村民委员会	119.003995	40.789811	0	16	38	乡镇
211382107208	两家村民委员会	119.587241	41.046509	0	25	55	乡镇
211382220207	唐杖子村民委员会	119.341450	40.690930	0	30	72	村庄
211324104207	小塔子沟村民委员会	119.804079	41.349441	0	30	72	村庄
211321106201	魏营子村民委员会	120.312071	41.032189	0	30	72	村庄
211303106209	林家沟村委会	120.262530	41.473959	0	30	72	村庄
211324114207	东台子村民委员会	119.566140	40.930021	0	30	72	村庄
211381201200	长皋村民委员会	121.051480	41.807290	0	25	55	村庄
211321116201	徐家村民委员会	120.065830	41.493429	0	30	72	村庄
211322109211	房身村委会	119.797940	41.632451	0	16	65	乡镇
211381216204	大夫营村民委员会	120.726275	41.466775	0	16	47	乡镇
211382001006	滨河社区	119.457504	41.213977	0	18	66	乡镇
211381206204	涌泉村民委员会	120.931186	41.978472	0	16	47	乡镇
211324113203	宋家店村民委员会	119.823831	41.278820	0	30	72	UNKNOWN
211321111205	下杖子村民委员会	120.427420	41.373509	0	30	72	村庄
211381101202	松树台沟村民委员会	120.592030	41.850781	0	30	72	村庄
211322004203	黄土梁子村委会	119.692670	41.428381	1	80	100	政府机构
211322001001	镜湖社区	119.622639	41.433856	0	18	66	乡镇
211324214205	下井村民委员会	119.760910	41.259630	0	30	72	村庄
211381111202	西山村民委员会	120.745650	42.187439	0	30	72	村庄
211381220208	南四家村民委员会	120.665690	42.060389	0	25	55	乡镇
211303107208	林杖子村民委员会	120.285504	41.623489	0	16	47	乡镇
211324115206	南亮子村民委员会	119.928517	41.267529	0	18	49	乡镇
211382007003	底盘社区	119.432511	41.310402	0	18	66	乡镇
211321107200	团山子村民委员会	120.158260	41.054871	0	30	72	村庄
211324105206	白沟村民委员会	119.629777	40.853743	0	16	47	乡镇
211382106209	柏树沟村民委员会	119.180120	40.899869	0	30	72	村庄
211382116209	西大川村民委员会	119.450000	41.050011	0	30	72	村庄
211303003200	大西山村村委会	120.329621	41.628774	1	80	100	政府机构
211321114210	山咀子村民委员会	120.105893	41.198811	0	16	47	乡镇
211321104210	南三家子村民委员会	120.253001	41.234799	0	12	34	区县
211381107207	骆驼营村民委员会	120.763989	41.820701	0	25	55	乡镇
211302002005	北塔社区	120.457711	41.580770	1	75	100	地产小区
211322218212	西胡素台村委会	119.423303	41.665010	0	16	33	乡镇
211381110203	正北沟村民委员会	120.255381	41.842538	0	30	72	村庄
211324111212	下稠沟村民委员会	119.925410	41.139871	0	30	72	村庄
211322005202	富山村委会	119.593315	41.373332	0	18	66	乡镇
211302005001	光明社区	120.443213	41.575026	0	30	72	乡镇
211321110204	关杖子村民委员会	120.335390	41.839081	0	30	72	村庄
211324112202	章京营子村民委员会	119.805160	41.134101	0	30	72	村庄
211324102202	道虎沟村民委员会	119.577081	40.919968	0	16	47	乡镇
211322218204	新安村委会	119.425690	41.625129	0	30	72	村庄
211324101204	大三家子村民委员会	119.738211	40.906908	0	18	49	乡镇
211381214203	松树营村民委员会	120.718617	41.587740	0	16	47	乡镇
211321103202	满达营子村民委员会	120.024350	41.308360	0	30	72	村庄
211382003001	兴隆社区	119.399203	41.238861	0	30	72	乡镇
211381204203	大庙村民委员会	121.156540	41.848569	0	30	72	村庄
211324111204	小黄杖子村民委员会	119.987090	41.194651	0	30	72	村庄
211321113202	哈拉贵沟村民委员会	120.228601	41.150047	0	18	40	乡镇
211321214204	奈林皋村民委员会	119.940220	41.328660	0	30	72	UNKNOWN
211381103205	土宝营村民委员会	120.974140	41.612368	0	25	55	乡镇
211322003006	南山社区	119.651433	41.354629	0	18	66	乡镇
211321110212	刘于营子村民委员会	120.223181	41.801083	0	30	72	村庄
211381113205	羊肠沟村民委员会	120.586855	41.798695	0	18	49	乡镇
211303005004	丰源社区	120.410591	41.578032	0	30	72	乡镇
211381008005	金南社区	120.770999	41.800801	0	12	44	区县
211322108206	刘尺营子村委会	119.479476	42.310071	0	16	47	乡镇
211322118206	赵家店村委会	119.594626	41.515086	0	16	65	乡镇
211324105210	小马架子村民委员会	119.677671	40.858780	1	80	97	政府机构
211302001003	金元社区	120.455981	41.573988	0	50	100	UNKNOWN
211322004002	城关社区	119.692730	41.453773	0	16	65	乡镇
211324211206	衣杖子村民委员会	119.561940	41.248150	0	18	40	乡镇
211381104201	弥力营村民委员会	120.770790	42.085611	1	80	100	政府机构
211322115208	双山子村委会	119.407107	42.005969	0	16	65	乡镇
211382108201	胡杖子村民委员会	119.298494	40.807081	0	16	47	乡镇
211302100209	小桃花吐村委会	120.568347	41.692205	0	16	38	乡镇
211382118201	郭杖子村民委员会	119.275300	40.836390	0	30	58	村庄
211324106200	中三家村民委员会	119.818277	41.477222	0	16	47	乡镇
211382004005	双圆东社区	119.407732	41.284700	0	25	55	乡镇
211381107211	上油房沟村民委员会	120.760935	41.883044	0	30	72	村庄
211321104206	铧子沟村民委员会	120.547331	41.283889	0	25	55	乡镇
211321114206	赵家湾村民委员会	120.053050	41.293721	0	30	72	村庄
