220323100208	新德村委会	125.320920	43.342812	0	25	70	乡镇
220381108208	双龙村委会	124.606567	43.893087	1	80	100	政府机构
220381106216	四道岗村委会	124.705031	43.882933	1	80	100	政府机构
220323110208	德胜村委会	125.656585	43.117517	0	16	65	乡镇
220381115206	长山村委会	124.421610	43.868102	0	30	72	村庄
220381201210	西立村委会	124.924604	43.849573	0	16	38	村庄
220381105206	三合村委会	125.017410	43.872821	0	25	70	乡镇
220382104208	红星村委会	123.643230	43.431281	0	30	72	村庄
220323001002	正阳社区	125.305000	43.345000	0	14	32	区县
220322109201	马家油坊村委会	124.692246	43.275136	0	16	65	乡镇
220303004003	曙光社区	124.390470	43.172229	1	80	97	政府机构
220322203209	安家屯村委会	124.164790	43.353529	0	25	70	乡镇
220381112202	辽河村委会	124.743992	43.611245	0	18	66	乡镇
220381106241	青山村委会	124.839200	44.010951	0	30	72	村庄
220381102202	长河村委会	124.963710	43.678221	0	30	72	村庄
220381111212	孟家窝堡村委会	124.159231	43.921259	0	25	70	乡镇
220381101212	杜家店村委会	124.867651	43.689569	0	25	70	乡镇
220381102214	永庆村委会	124.946800	43.630729	0	30	72	村庄
220381112214	城子上村委会	124.743992	43.611245	0	18	40	乡镇
220302004006	北沟社区	124.377090	43.182530	1	80	97	政府机构
220381101204	太平河村委会	124.867651	43.689569	0	25	47	乡镇
220323109204	孤山河村委会	125.303261	43.140710	0	50	73	UNKNOWN
220381111204	广宁村委会	124.159231	43.921259	0	25	70	乡镇
220381008202	大兴村委会	124.732089	43.494191	0	30	72	村庄
220322108001	十家堡社区	124.502130	43.261623	0	50	100	UNKNOWN
220302003002	中兴社区	124.366540	43.164491	1	80	100	地产小区
220381103002	北街居委会	125.095791	43.724055	0	25	70	乡镇
220381106200	李油坊村委会	124.762850	43.876019	0	25	70	乡镇
220381116200	前十屋村委会	124.210463	43.768978	1	80	100	政府机构
220323002004	永宁社区	125.305000	43.345000	0	14	46	区县
220322104219	庆东村委会	124.559490	43.667560	0	30	72	村庄
220381105210	崔家村委会	125.017410	43.872821	0	25	70	乡镇
220381201206	营城村委会	124.924604	43.849573	0	16	65	村庄
220381115210	郝家村委会	124.394878	43.820273	0	30	72	村庄
220382200208	勿兰村委会	123.375434	43.493987	0	18	40	乡镇
220322107209	三家窝堡村委会	123.923938	43.535224	0	16	65	乡镇
220322100221	高家村委会	124.247730	43.315591	0	30	72	村庄
220381009203	迎新村委会	124.838380	43.539831	0	30	72	地产小区
220322110221	田家洼子村委会	124.599840	43.403121	0	30	58	村庄
220381110205	洪兴河村委会	124.342021	43.977091	0	30	72	村庄
220381100205	高台子村委会	124.796951	43.395736	0	25	70	乡镇
220323108205	平安村委会	125.544900	43.189719	0	30	72	村庄
220302005007	利群社区	124.348310	43.173339	1	80	97	政府机构
220382100226	巨宝村委会	123.517017	44.007904	0	16	65	乡镇
220382005203	金良村委会	123.520500	43.522726	1	80	95	政府机构
220381103215	清泉村委会	125.095791	43.724055	0	25	70	乡镇
220322106208	下坎子村委会	124.687110	43.445259	0	30	72	村庄
220382201209	农阁村委会	123.846541	43.606469	0	25	47	村庄
220381114211	南平村委会	124.633480	43.796244	0	30	72	村庄
220381200207	土门岭村委会	124.809591	43.305061	0	25	70	乡镇
220381104211	孙油坊村委会	125.221036	43.659200	0	16	65	乡镇
220303006004	东关社区	124.391554	43.178531	1	80	97	政府机构
220381117201	西桑树台村委会	124.155657	43.751207	1	80	100	政府机构
220381107201	偏脸城村委会	124.683080	44.085780	0	25	47	乡镇
220302002003	文苑社区	124.366770	43.167591	1	80	97	政府机构
220303005002	胜利社区	124.410000	43.162000	0	14	46	区县
220322202208	小城子村委会	124.203946	43.435577	0	18	66	村庄
220322108200	八棵树村委会	124.501090	43.261460	0	25	70	乡镇
220302001005	天桥社区	124.362525	43.182454	0	30	58	乡镇
220381104207	刘小窝堡村委会	125.221036	43.659200	0	16	47	乡镇
220381114207	赵家屯村委会	124.596830	43.707911	0	30	72	村庄
220382004003	北宁社区	123.494880	43.517840	1	80	97	政府机构
220381107217	自由村委会	124.683080	44.085780	0	25	70	乡镇
220323101209	后山村委会	125.456860	43.335261	0	30	72	村庄
220381109209	金盆村委会	124.483495	43.970642	0	16	65	乡镇
220381002009	农场社区	124.808756	43.504635	1	80	97	政府机构
220323108213	砂谷村委会	125.523776	43.194879	0	16	38	乡镇
220382006205	桑树村委会	123.620350	43.584889	1	80	97	政府机构
220381103203	太平庄村委会	125.115091	43.693579	0	30	72	村庄
220381106001	怀德社区	124.762850	43.876019	0	25	70	乡镇
220381116001	十屋社区	124.222021	43.781601	1	80	100	政府机构
220381113203	太平桥村委会	124.695321	43.753009	0	30	72	村庄
220322203205	李家桥村委会	124.031911	43.331969	0	30	72	村庄
220382104204	团结村委会	123.676200	43.395829	0	30	72	村庄
220322107213	吴家坨子村委会	123.923938	43.535224	0	16	38	乡镇
220323110204	吉祥村委会	125.680780	43.088371	0	30	72	村庄
220381108204	永茂村委会	124.612102	43.901471	0	18	66	乡镇
220323100204	长安村委会	125.253350	43.401731	0	30	72	村庄
220382203202	永加村委会	123.810296	43.775185	1	80	100	政府机构
220322111001	赵家店社区	124.649130	43.564750	0	30	100	UNKNOWN
220322114203	五家户村委会	124.353151	43.693359	0	18	40	乡镇
220322104203	大桥村委会	124.429860	43.722511	0	30	72	村庄
220322101001	站北社区	124.582380	43.351609	0	25	70	乡镇
220303102201	板仓子村委会	124.531848	42.945042	0	16	33	乡镇
220323107200	街东村委会	124.954640	43.237361	0	25	70	乡镇
220322113207	头道岗村委会	123.983440	43.439479	0	25	70	乡镇
220382100210	丁家村委会	123.517017	44.007904	0	16	65	乡镇
220322103207	红旗村委会	124.236760	43.667461	0	25	43	乡镇
220323200206	远大村委会	125.417330	43.547434	0	18	66	村庄
220303101211	小孤家子村委会	124.716264	43.130168	0	16	38	乡镇
220323104210	东方红村委会	125.146936	43.564460	0	16	65	乡镇
220322204201	三合堡村委会	124.631500	43.617559	0	25	70	村庄
220322110217	南太平村委会	124.518082	43.485353	0	16	38	乡镇
220322100217	后房身村委会	124.276830	43.288089	0	30	72	村庄
220382103200	服先村委会	123.503001	43.518399	0	14	37	区县
220381111208	前高家村委会	124.159231	43.921259	0	25	70	乡镇
220381101208	西洼子村委会	124.867651	43.689569	0	25	70	乡镇
220382100206	二龙山村委会	123.517017	44.007904	0	16	65	乡镇
220322113211	夏甸子村委会	123.983440	43.439479	0	25	47	乡镇
220323104206	景台村委会	125.146936	43.564460	0	16	38	乡镇
220303101207	云盘沟村委会	124.716264	43.130168	0	16	65	乡镇
220322100201	南杏山村委会	124.362530	43.299241	0	30	72	村庄
220322110201	东万发村委会	124.518082	43.485353	0	16	38	乡镇
220323103202	友联村委会	125.176461	43.387459	0	30	72	村庄
220381107221	红星村委会	124.700911	43.981269	0	30	72	村庄
220322107205	纪家村委会	123.923938	43.535224	0	16	65	乡镇
220382104212	仕家村委会	123.672231	43.451889	0	25	47	乡镇
220382200204	前进村委会	123.491130	43.543079	0	30	72	村庄
220323100212	跃进村委会	125.320920	43.342812	0	25	70	乡镇
220381108212	兴林村委会	124.612102	43.901471	0	18	66	乡镇
220382107202	和平村委会	123.830159	43.564031	0	30	72	村庄
220322104215	中央堡村委会	124.521580	43.660109	0	25	47	乡镇
220322200203	刘家窝堡村委会	124.339103	43.385394	0	18	66	村庄
220302200217	西条子河村委会	124.324009	43.200634	1	80	100	政府机构
220322111200	东河村委会	124.683600	43.568410	0	30	72	村庄
220382102217	土山村委会	123.555351	43.704409	0	25	70	乡镇
220322101200	石槽沟村委会	124.582380	43.351609	0	25	70	乡镇
220381101224	河沿村委会	124.867651	43.689569	0	25	70	乡镇
220303100206	新兴村委会	124.424340	43.027711	0	30	72	村庄
220323105207	姜家村委会	125.033930	43.385141	0	25	70	乡镇
220322112210	闫达村委会	124.079195	43.628186	0	16	38	乡镇
220322102210	厢房李村委会	124.290210	43.476180	0	25	47	乡镇
220381007211	石头庙村委会	124.911390	43.549757	0	16	47	乡镇
220382101207	石头村委会	123.862200	43.675979	0	30	72	村庄
220323202201	西李村委会	125.020228	43.280285	0	16	65	村庄
220323108209	新宏村委会	125.523776	43.194879	0	16	38	乡镇
220381110209	宋家屯村委会	124.316909	43.908019	0	16	65	乡镇
220322201202	蒋机房村委会	124.374939	43.513206	0	18	40	乡镇
220382106203	大有村委会	123.848161	43.868929	0	25	70	乡镇
220303200204	平东村委会	124.389553	43.155000	0	25	70	乡镇
220381109213	新兴村委会	124.483495	43.970642	0	16	47	乡镇
220382201205	汤头村委会	123.846541	43.606469	0	25	70	村庄
220322106204	拉腰子村委会	124.676737	43.406072	0	16	65	乡镇
220381106220	前营子村委会	124.648920	43.869980	0	30	72	村庄
220323107001	小孤山居委会	124.954640	43.237361	0	25	55	乡镇
220323102203	毯子村委会	125.413091	43.430047	0	16	38	乡镇
220322105202	老程窝堡村委会	124.134650	43.300111	0	25	70	乡镇
220381010203	向阳村委会	124.821346	43.505970	1	80	95	政府机构
220382202203	新胜村委会	124.039761	43.676749	0	30	72	村庄
220381109205	杨大城子村委会	124.434196	43.939441	0	30	58	村庄
220323101205	石门村委会	125.503820	43.381121	0	30	72	村庄
220323111205	杨家村委会	124.974099	43.451483	0	16	65	乡镇
220322202204	长发堡村委会	124.203946	43.435577	0	18	66	村庄
220382201213	后俗村委会	123.846541	43.606469	0	25	43	村庄
220381106236	新发村委会	124.792311	43.761566	0	30	72	村庄
220322101216	蔬菜村委会	124.582380	43.351609	0	25	70	乡镇
220382102201	五星村委会	123.555351	43.704409	0	25	70	乡镇
220302200201	红嘴村委会	124.298010	43.188223	0	18	40	村庄
220322205200	金山村委会	124.377720	43.585900	0	30	72	村庄
220303100210	古洞村委会	124.430239	43.083521	0	25	70	乡镇
220382101211	秀水村委会	123.956329	43.794121	0	30	72	村庄
220381007207	刘房子村委会	124.902555	43.587487	1	80	100	政府机构
220322102206	徐家油坊村委会	124.242509	43.554511	0	30	72	村庄
220322112206	前太平村委会	124.079195	43.628186	0	16	38	乡镇
220323106201	大榆树村委会	125.187431	43.292357	0	16	65	乡镇
220382101210	川头村委会	123.883280	43.686152	0	25	47	乡镇
220322102207	东胜村委会	124.290210	43.476180	0	25	70	乡镇
220381007206	石丰村委会	124.866230	43.598269	0	30	72	村庄
220322112207	白沙坨村委会	124.079195	43.628186	0	16	65	乡镇
220323106200	大孤山村委会	125.187431	43.292357	0	16	65	乡镇
220382102200	卧虎村委会	123.555351	43.704409	0	25	47	乡镇
220302200200	致富村委会	124.333374	43.137458	1	80	100	政府机构
220322205201	平安堡村委会	124.372480	43.572341	0	30	72	村庄
220303100211	老城村委会	124.430239	43.083521	0	25	70	乡镇
220323201206	老虎沟村委会	125.092423	43.452453	0	18	66	乡镇
220382105204	长岭村委会	123.514540	43.873470	0	30	72	村庄
220322202205	郭家窝堡村委会	124.203946	43.435577	0	18	66	村庄
220382201212	大白村委会	123.846541	43.606469	0	25	70	村庄
220381106237	朝阳村委会	124.718080	43.770771	0	30	72	村庄
220302001008	红宇社区	124.362525	43.182454	0	30	58	乡镇
220322105203	梨树贝村委会	124.134650	43.300111	0	25	47	乡镇
220322100001	树文社区	124.351945	43.304010	0	16	65	乡镇
220303008001	平东社区	124.397253	43.134480	1	80	97	政府机构
220322110001	永发社区	124.518082	43.485353	0	16	65	乡镇
220381010202	向华村委会	124.821346	43.505970	1	80	93	政府机构
220382202202	新立村委会	124.034661	43.684839	0	30	72	村庄
220381109204	福巨公村委会	124.483495	43.970642	0	16	38	乡镇
220323101204	万德村委会	125.492690	43.366930	0	25	47	乡镇
220323111204	和平村委会	124.982310	43.498900	0	30	72	村庄
220382201204	小凌村委会	123.846541	43.606469	0	25	70	村庄
220322106205	马家村委会	124.640790	43.395169	0	30	72	村庄
220381006006	新城社区	124.796991	43.498326	1	80	97	政府机构
220381106221	河南村委会	124.684320	43.847250	0	30	72	村庄
220303102001	叶赫那拉社区	124.531848	42.945042	0	16	65	乡镇
220323102202	东升村委会	125.472630	43.474309	0	30	72	村庄
220322201203	新发堡村委会	124.374939	43.513206	0	18	66	乡镇
220382106202	乐利村委会	123.848161	43.868929	0	25	47	乡镇
220303200205	合力村委会	124.389553	43.155000	0	25	70	乡镇
220381109212	风翔村委会	124.483495	43.970642	0	16	65	乡镇
220322112211	李家街村委会	124.079195	43.628186	0	16	65	乡镇
220381007210	田元村委会	124.911390	43.549757	0	16	47	乡镇
220322102211	新江村委会	124.172290	43.526451	0	30	72	村庄
220382101206	玉尺村委会	123.883280	43.686152	0	25	47	乡镇
220323202200	三道村委会	125.020228	43.280285	0	16	65	村庄
220323108208	向前村委会	125.382483	43.284150	0	30	72	村庄
220381100208	小山村委会	124.750520	43.401789	0	30	72	餐饮
220381110208	三门宋村委会	124.316909	43.908019	0	16	33	乡镇
220323106216	杏木村委会	125.187431	43.292357	0	16	38	乡镇
220322111201	梁家岗子村委会	124.630641	43.544949	0	25	47	乡镇
220302200216	孤榆树村委会	124.298010	43.188223	0	18	66	村庄
220382102216	东方红村委会	123.555351	43.704409	0	25	70	乡镇
220322101201	化石山村委会	124.582380	43.351609	0	25	47	乡镇
220381101225	高台村委会	124.867651	43.689569	0	25	70	乡镇
220303100207	靠山村委会	124.461231	43.038169	0	30	72	村庄
220323105206	下沟村委会	125.033930	43.385141	0	25	70	乡镇
220323100213	小营城子村委会	125.177414	43.327561	1	80	100	政府机构
220381108213	新兴村委会	124.651020	43.926540	0	30	72	村庄
220382107203	公安村委会	123.745550	43.522791	0	16	65	乡镇
220322104214	友贤村委会	124.521580	43.660109	0	25	47	乡镇
220382102001	西安社区	123.555351	43.704409	0	25	70	乡镇
220322200202	老山头村委会	124.339103	43.385394	0	18	66	村庄
220323106001	大孤山居委会	125.133785	43.306603	0	25	70	村庄
220323103203	马安山村委会	125.195950	43.465426	0	16	65	乡镇
220381107220	红旗村委会	124.683080	44.085780	0	25	70	乡镇
220322107204	韩家村委会	123.923938	43.535224	0	16	65	乡镇
220382104213	光明村委会	123.632730	43.470451	0	30	72	村庄
220382200205	合力村委会	123.375434	43.493987	0	18	66	乡镇
220323104207	大榆树村委会	125.146936	43.564460	0	16	65	乡镇
220303101206	耿老村委会	124.716264	43.130168	0	16	38	乡镇
220322100200	北杏山村委会	124.344570	43.303279	0	30	72	村庄
220322110200	长胜村委会	124.524260	43.509639	0	30	72	村庄
220381111209	重兴村委会	124.159231	43.921259	0	25	70	乡镇
220381101209	上台子村委会	124.867651	43.689569	0	25	70	乡镇
220382100207	振兴村委会	123.513870	44.022750	0	30	72	村庄
220322113210	老奤村委会	123.983440	43.439479	0	25	47	乡镇
220323200207	新兴村委会	125.421122	43.553281	0	30	72	村庄
220303101210	姜家洼子村委会	124.730150	43.084391	0	30	58	村庄
220323104211	立新村委会	125.146936	43.564460	0	16	65	乡镇
220322204200	于大壕村委会	124.631500	43.617559	0	25	43	村庄
220322110216	牟家村委会	124.518082	43.485353	0	16	65	乡镇
220382103201	五一村委会	123.865770	43.951860	0	25	70	乡镇
220303102200	白木匠村委会	124.531848	42.945042	0	16	47	乡镇
220323107201	街西村委会	124.954640	43.237361	0	25	70	乡镇
220322113206	揣家洼子村委会	123.983440	43.439479	0	25	55	乡镇
220382100211	孟益村委会	123.517017	44.007904	0	16	38	乡镇
220322103206	七里介村委会	124.236760	43.667461	0	25	40	乡镇
220323110205	保南村委会	125.656585	43.117517	0	16	65	乡镇
220381108205	双龙泉村委会	124.612102	43.901471	0	18	66	乡镇
220323100205	前桥村委会	125.244900	43.440469	0	30	72	村庄
220382203203	望杏村委会	123.808730	43.776710	0	25	47	村庄
220322200214	石家堡村委会	124.339103	43.385394	0	18	66	村庄
220322114202	长发村委会	124.353151	43.693359	0	18	66	乡镇
220322104202	船口村委会	124.521580	43.660109	0	25	70	乡镇
220381107236	腰窝堡村委会	124.683080	44.085780	0	25	70	乡镇
220322203204	王家桥村委会	124.164790	43.353529	0	25	70	乡镇
220382104205	三江村委会	123.672231	43.451889	0	25	70	乡镇
220322107212	苇田村委会	123.923938	43.535224	0	16	38	乡镇
220381103202	杨家店村委会	125.076568	43.653916	1	80	100	政府机构
220381113202	韩家店村委会	124.661701	43.701697	0	16	65	乡镇
220381002008	新发社区	124.808756	43.504635	1	80	97	政府机构
220302005010	华宇社区	124.348310	43.173339	1	80	97	政府机构
220382006204	官井村委会	123.620350	43.584889	1	80	97	政府机构
220323108212	后柳村委会	125.523776	43.194879	0	16	65	乡镇
220382003006	中兴社区	123.501621	43.513089	1	80	97	政府机构
220381107216	太平村委会	124.683080	44.085780	0	25	70	乡镇
220382001200	工农村委会	123.511975	43.518746	1	80	97	政府机构
220323101208	黄家村委会	125.492690	43.366930	0	25	70	乡镇
220381109208	靠山村委会	124.405805	43.900961	0	30	72	村庄
220322202209	洋苇岭村委会	124.203946	43.435577	0	18	40	村庄
220303005003	解放社区	124.410000	43.162000	0	14	46	区县
220322108201	八盘碾子村委会	124.501090	43.261460	0	25	55	乡镇
220322104222	高山村委会	124.496320	43.724331	0	30	72	村庄
220302001004	益民社区	124.362525	43.182454	0	30	58	乡镇
220381104206	四合村委会	125.221036	43.659200	0	16	65	乡镇
220381114206	韩泡子村委会	124.558344	43.790205	0	16	47	乡镇
220303006005	泰安社区	124.391554	43.178531	1	80	97	政府机构
220381117200	东桑树台村委会	124.090539	43.781450	0	16	38	乡镇
220303200209	永乐村委会	124.506310	43.172839	0	30	72	村庄
220381107200	黄花城子村委会	124.683080	44.085780	0	25	47	乡镇
220302002002	师大社区	124.366770	43.167591	1	80	97	政府机构
220322106209	新村村委会	124.742391	43.383913	0	80	72	村庄
220382201208	白牛村委会	123.846541	43.606469	0	25	70	村庄
220381114210	王家窝堡村委会	124.558344	43.790205	0	16	65	乡镇
220381200206	仙山村委会	124.809591	43.305061	0	25	70	乡镇
220381104210	顺山村委会	125.221036	43.659200	0	16	38	乡镇
220382005202	勃山村委会	123.520500	43.522726	1	80	95	政府机构
220381103214	东河村委会	125.097670	43.734210	0	30	72	村庄
220322100220	苗圃村委会	124.351945	43.304010	0	16	65	乡镇
220322110220	宋家围子村委会	124.499395	43.740110	1	80	95	政府机构
220381009202	火炬村委会	124.889110	43.527510	0	30	72	村庄
220323001202	东宋村委会	125.305000	43.345000	0	14	32	区县
220322109001	青山路社区	124.692246	43.275136	0	16	65	乡镇
220303001001	宏大社区	124.392249	43.157739	1	80	97	政府机构
220381110204	于塘坊村委会	124.316909	43.908019	0	16	33	乡镇
220381100204	二十家子村委会	124.796951	43.395736	0	25	47	乡镇
220323108204	小桥子村委会	125.523776	43.194879	0	16	65	乡镇
220302005006	地直社区	124.348310	43.173339	1	80	97	政府机构
220381105211	永和村委会	125.017410	43.872821	0	25	70	乡镇
220381201207	永发村委会	124.924604	43.849573	0	16	65	村庄
220382200209	井岗村委会	123.344599	43.533572	0	30	72	村庄
220322107208	南六家子村委会	123.879696	43.514759	1	80	95	餐饮
220302003003	新铁社区	124.369030	43.164141	1	80	100	地产小区
220381103003	兴华街居委会	125.095791	43.724055	0	25	55	乡镇
220381106201	岭南村委会	124.762850	43.876019	0	25	70	乡镇
220381116201	后十屋村委会	124.238056	43.807296	0	16	33	乡镇
220303007004	双汇社区	124.385597	43.160243	1	80	97	政府机构
220323002005	福庆社区	125.305000	43.345000	0	14	46	区县
220322104218	张家窝堡村委会	124.521580	43.660109	0	25	70	乡镇
220302004007	北铁社区	124.377090	43.182530	1	80	97	政府机构
220381101205	伊家屯村委会	124.867651	43.689569	0	25	70	乡镇
220323109205	碱场村委会	125.259759	43.204291	0	30	72	UNKNOWN
220381111205	玻璃城子村委会	124.159231	43.921259	0	25	55	乡镇
220381008203	刘大壕村委会	124.732830	43.479664	0	16	33	乡镇
220382001001	东华社区	123.511975	43.518746	1	80	97	政府机构
220381112215	九间房村委会	124.743992	43.611245	0	18	66	乡镇
220381111213	东山村委会	124.176850	43.977901	0	30	72	村庄
220381101213	迎丰村委会	124.870010	43.729319	0	30	72	村庄
220381117001	桑树台社区	124.155657	43.751207	1	80	100	政府机构
220381112203	山咀子村委会	124.724828	43.593510	0	80	58	村庄
220381106240	民助村委会	124.762850	43.876019	0	25	47	乡镇
220381102203	丰庆村委会	124.995279	43.662858	0	25	47	乡镇
220381107001	双城堡社区	124.681791	44.070107	1	80	100	政府机构
220381115207	放牛村委会	124.429992	43.815131	0	16	65	乡镇
220381201211	西兴村委会	124.924604	43.849573	0	16	65	村庄
220381105207	黄花村委会	125.017410	43.872821	0	25	70	乡镇
220382104209	巨兴村委会	123.672231	43.451889	0	25	47	乡镇
220322109200	孟家岭村委会	124.692246	43.275136	0	16	65	乡镇
220323001003	福安社区	125.305000	43.345000	0	14	32	区县
220381406598	公主岭市鹿场虚拟生活区	124.805340	43.342519	1	80	95	UNKNOWN
220322203208	后韩家村委会	124.027300	43.382779	0	30	72	村庄
220303004002	东星社区	124.390470	43.172229	1	80	97	政府机构
220323100209	永新村委会	125.339300	43.326160	0	30	72	地产小区
220381108209	拉拉屯村委会	124.831615	43.870958	1	80	100	政府机构
220381106217	三道岗村委会	124.762850	43.876019	0	25	70	乡镇
220323110209	流沙村委会	125.656585	43.117517	0	16	65	乡镇
220323103212	新风村委会	125.195950	43.465426	0	16	65	乡镇
220381107231	良正甲村委会	124.683080	44.085780	0	25	43	乡镇
220322107215	西卡篓村委会	123.923938	43.535224	0	16	33	乡镇
220382104202	高产村委会	123.672231	43.451889	0	25	70	乡镇
220322203203	三棵树村委会	124.164790	43.353529	0	25	70	乡镇
220323100202	关家村委会	125.320920	43.342812	0	25	70	乡镇
220381108202	合作村委会	124.628071	43.927739	0	30	72	村庄
220381114221	城东村委会	124.626441	43.805639	0	30	72	村庄
220323110202	榆树村委会	125.656585	43.117517	0	16	65	乡镇
220322101007	大顶子山社区	124.582380	43.351609	0	25	70	乡镇
220382107212	铁洛村委会	123.745550	43.522791	0	16	38	乡镇
220381004006	中粮社区	124.845776	43.515205	1	80	97	政府机构
220322104205	六屋村委会	124.521580	43.660109	0	25	70	乡镇
220322200213	友谊村委会	124.406040	43.411500	0	30	72	村庄
220382203204	忠信村委会	123.808730	43.776710	0	25	70	村庄
220322114205	宏伟村委会	124.353151	43.693359	0	18	66	乡镇
220303102207	叶赫村委会	124.531848	42.945042	0	16	38	乡镇
220323107206	二龙村委会	124.954640	43.237361	0	25	70	乡镇
220381101218	柳杨村委会	124.867651	43.689569	0	25	47	乡镇
220322103201	大林子村委会	124.236760	43.667461	0	25	47	乡镇
220382100216	新发村委会	123.411899	43.962731	0	30	72	村庄
220322113201	五家子村委会	123.983440	43.439479	0	25	70	乡镇
220323104216	房身村委会	125.146936	43.564460	0	16	65	乡镇
220381112208	东兴村委会	124.743992	43.611245	0	18	66	乡镇
220323200200	巩固村委会	125.446490	43.573772	0	30	72	村庄
220381102208	河东村委会	125.010990	43.591590	0	30	72	村庄
220382103206	胜利村委会	123.980941	43.975279	0	30	72	村庄
220322100211	马地方村委会	124.351945	43.304010	0	16	47	乡镇
220322204207	柳家屯村委会	124.631500	43.617559	0	25	47	村庄
220322110211	闫家堡子村委会	124.518082	43.485353	0	16	38	乡镇
220323107210	东大有村委会	125.305000	43.345000	0	14	37	区县
220303102211	张家村委会	124.491420	42.942871	0	30	72	村庄
220381008208	大泉眼村委会	124.732830	43.479664	0	16	47	乡镇
220382100200	美丽村委会	123.517017	44.007904	0	16	65	乡镇
220323104200	赵家村委会	125.146936	43.564460	0	16	65	乡镇
220303101201	塔子沟村委会	124.716264	43.130168	0	16	65	乡镇
220322110207	孙家店村委会	124.518082	43.485353	0	16	65	乡镇
220322204211	双顶子村委会	124.631500	43.617559	0	25	47	村庄
220322100207	霍家店村委会	124.351945	43.304010	0	16	65	乡镇
220382103210	姜家村委会	123.865770	43.951860	0	25	70	乡镇
220303170207	小塔子村委会	124.413582	43.130047	0	18	49	乡镇
220381107227	恒玉山村委会	124.683080	44.085780	0	25	55	乡镇
220323103204	街里村委会	125.195950	43.465426	0	16	65	乡镇
220322112001	沈新社区	124.079195	43.628186	0	16	47	乡镇
220382200202	双城村委会	123.375434	43.493987	0	18	66	乡镇
220322102001	光明社区	124.290210	43.476180	0	25	70	乡镇
220382104214	宝山村委会	123.673361	43.469849	0	30	72	村庄
220322107203	东五家村委会	123.879696	43.514759	1	80	95	餐饮
220323100214	前范村委会	125.320920	43.342812	0	25	70	乡镇
220322200205	四合村委会	124.339103	43.385394	0	18	66	村庄
220322104213	新农村村委会	124.522437	43.662479	1	80	100	政府机构
220382107204	东明村委会	123.773760	43.531251	0	30	72	村庄
220322101206	新胜村委会	124.561190	43.400850	0	30	72	村庄
220382102211	大富村委会	123.555351	43.704409	0	25	70	乡镇
220302200211	九间房村委会	124.298010	43.188223	0	18	66	村庄
220322111206	王平房村委会	124.630641	43.544949	0	25	70	乡镇
220303100200	山门村委会	124.437960	43.079470	0	30	72	村庄
220323105201	太平村委会	125.033930	43.385141	0	25	70	乡镇
220381101222	高家窝堡村委会	124.867651	43.689569	0	25	70	乡镇
220382101201	山玻璃村委会	123.883280	43.686152	0	25	55	乡镇
220322102216	兴发堡村委会	124.333900	43.472819	0	30	58	UNKNOWN
220323106211	大桥村委会	125.223548	43.294541	0	30	72	村庄
220323202207	瓦盆村委会	125.020228	43.280285	0	16	65	村庄
220322105212	一棵树村委会	124.134650	43.300111	0	25	70	乡镇
220322100010	兴旺社区	124.351945	43.304010	0	16	65	乡镇
220382106205	连珠村委会	123.848161	43.868929	0	25	70	乡镇
220322201204	玻璃城子村委会	124.374939	43.513206	0	18	49	乡镇
220381109215	下台子村委会	124.483495	43.970642	0	16	65	乡镇
220322106202	横道子村委会	124.676737	43.406072	0	16	65	乡镇
220382201203	丰宝村委会	123.846541	43.606469	0	25	47	村庄
220323102205	新民村委会	125.361481	43.451219	0	30	72	村庄
220381106226	兴龙沟村委会	124.762850	43.876019	0	25	70	乡镇
220381010205	獾子洞村委会	124.821346	43.505970	1	80	97	政府机构
220382202205	马家村委会	124.011840	43.664111	0	30	72	村庄
220322100006	奉化社区	124.351945	43.304010	0	16	65	乡镇
220322105204	柳树营村委会	124.134650	43.300111	0	25	47	乡镇
220323111203	烧锅村委会	124.975981	43.445552	0	30	72	村庄
220323101203	杨木村委会	125.492690	43.366930	0	25	70	乡镇
220323104001	景台居委会	125.146936	43.564460	0	16	65	乡镇
220381109203	公北沟村委会	124.422400	44.005642	0	30	58	村庄
220322202202	十家子村委会	124.203946	43.435577	0	18	40	村庄
220382100001	新茂社区	123.517017	44.007904	0	16	65	乡镇
220382105203	合心村委会	123.537850	43.840220	0	30	72	村庄
220381106230	铁岭窝堡村委会	124.749750	43.841429	1	80	95	UNKNOWN
220302200207	海丰村委会	124.349911	43.162457	1	80	100	政府机构
220322111210	赵家店村委会	124.630641	43.544949	0	25	70	乡镇
220322205206	朝阳村委会	124.447821	43.618589	0	30	72	村庄
220382102207	前六家子村委会	123.555351	43.704409	0	25	47	乡镇
220322101210	东青石岭村委会	124.491429	43.387911	0	30	72	村庄
220381103209	香山村委会	125.047150	43.772059	0	30	72	村庄
220323201201	莫里村委会	125.092423	43.452453	0	18	40	乡镇
220381113209	两半屯村委会	124.661701	43.701697	0	16	38	乡镇
220322112200	后太平村委会	124.079195	43.628186	0	16	65	乡镇
220381007201	洪喜河村委会	124.911390	43.549757	0	16	33	乡镇
220322102200	路明村委会	124.290210	43.476180	0	25	47	乡镇
220382101217	百录村委会	123.883280	43.686152	0	25	47	乡镇
220302400498	红嘴高新技术开发区虚拟社区	124.359089	43.202223	0	25	70	乡镇
220323106207	何家村委会	125.187431	43.292357	0	16	65	乡镇
220381106210	西岭村委会	124.749095	43.871765	1	80	100	政府机构
220381116210	利民村委会	124.149110	43.854439	0	30	72	村庄
220382203208	集凤村委会	123.776260	43.722211	0	30	58	UNKNOWN
220322104209	围子村委会	124.521580	43.660109	0	25	70	乡镇
220381105200	大岭村委会	125.017410	43.872821	0	25	70	乡镇
220381115200	久丰村委会	124.429992	43.815131	0	16	65	乡镇
220322109207	潘家沟村委会	124.706290	43.290139	0	30	72	村庄
220303004005	东方社区	124.390470	43.172229	1	80	97	政府机构
220382401500	双辽种羊场一分场	123.508080	43.881380	0	25	47	UNKNOWN
220381102204	同庆村委会	124.995279	43.662858	0	25	70	乡镇
220381112204	孔家屯村委会	124.740733	43.586116	1	80	100	政府机构
220381106247	勤俭村委会	124.821120	43.935729	0	30	72	村庄
220303003001	鑫荣社区	124.390763	43.166912	1	75	100	地产小区
220322102220	潘家村委会	124.290210	43.476180	0	25	70	乡镇
220381101214	河沿子村委会	124.867651	43.689569	0	25	70	乡镇
220381111214	董家村委会	124.237210	43.942951	0	30	72	村庄
220381008212	鲜丰村委会	124.732830	43.479664	0	16	47	乡镇
220381112212	徐家村委会	124.743992	43.611245	0	18	66	乡镇
220381102212	义和村委会	125.001331	43.573949	0	30	72	村庄
220381111202	苑金村委会	124.159231	43.921259	0	25	47	乡镇
220323109202	哈蟆塘村委会	125.309140	43.209520	0	25	47	乡镇
220381101202	小黑林子村委会	124.867651	43.689569	0	25	70	乡镇
220381008204	温家村委会	124.732830	43.479664	0	16	47	乡镇
220323100218	利民村委会	125.349070	43.378559	0	30	72	村庄
220381116206	三门李村委会	124.267940	43.846389	0	30	58	UNKNOWN
220302003004	新立社区	124.365220	43.162581	1	80	97	政府机构
220381106206	六家子村委会	124.762850	43.876019	0	25	70	乡镇
220381103004	永胜街居委会	125.095791	43.724055	0	25	55	乡镇
220382107208	后太平村委会	123.734898	43.506943	1	80	100	政府机构
220303007003	南桥社区	124.385597	43.160243	1	80	97	政府机构
220322200209	郑家村委会	124.350320	43.388560	0	30	72	村庄
220323002002	福康社区	125.305000	43.345000	0	14	46	区县
220381201200	红石村委会	124.977430	43.783501	0	30	72	村庄
220323103208	幸福村委会	125.246700	43.514160	0	30	72	村庄
220382003200	工商村委会	123.501621	43.513089	1	80	97	政府机构
220381009205	土城子村委会	124.771240	43.566260	0	30	72	村庄
220381105001	大岭社区	125.017410	43.872821	0	25	70	乡镇
220323108203	四间村委会	125.523776	43.194879	0	16	65	乡镇
220381100203	小顶山村委会	124.796951	43.395736	0	25	47	乡镇
220302005001	迎宾社区	124.348310	43.173339	1	80	97	政府机构
220381110203	后山村委会	124.339570	43.916589	0	30	72	村庄
220381115001	八屋社区	124.404075	43.804724	1	80	100	政府机构
220382100220	桂花村委会	123.595343	44.024022	1	80	100	政府机构
220381103213	铁南村委会	125.095791	43.724055	0	25	47	乡镇
220381113213	团结村委会	124.687910	43.663689	0	30	72	村庄
220322108210	铁岭窝堡村委会	124.455841	43.283099	0	30	58	UNKNOWN
220382002201	巨丰村委会	123.493562	43.517764	1	80	97	政府机构
220381104217	杨柳河村委会	125.221036	43.659200	0	16	65	乡镇
220381114217	老坦屯村委会	124.558344	43.790205	0	16	38	乡镇
220323102209	心合村委会	125.383830	43.386361	0	30	72	村庄
220381200201	和平村委会	124.819420	43.299919	0	30	72	村庄
220303006002	八三社区	124.391554	43.178531	1	80	97	政府机构
220322201208	常青村委会	124.331331	43.482979	0	30	72	村庄
220381404598	十屋种牛场虚拟生活区	124.823000	43.504699	0	12	23	区县
220382106209	庆丰村委会	123.848161	43.868929	0	25	70	乡镇
220322400510	小宽分场	124.267265	43.680998	0	16	47	UNKNOWN
220381107207	双城村委会	124.683080	44.085780	0	25	70	乡镇
220302002005	英雄社区	124.366770	43.167591	1	80	97	政府机构
220381109219	老房身村委会	124.483495	43.970642	0	16	65	乡镇
220381117207	互助村委会	124.090539	43.781450	0	16	65	乡镇
220382400501	双辽农场二分场	123.993150	43.697451	1	80	97	UNKNOWN
220303005004	朝阳社区	124.410000	43.162000	0	14	46	区县
220322108206	三家子村委会	124.501090	43.261460	0	25	70	乡镇
220323100222	五四村委会	125.320920	43.342812	0	25	70	乡镇
220381114201	丰源村委会	124.596520	43.793061	0	30	72	村庄
220302001003	电业社区	124.362525	43.182454	0	30	58	乡镇
220381104201	姜家店村委会	125.221036	43.659200	0	16	65	乡镇
220322105208	平岭村委会	124.134650	43.300111	0	25	70	乡镇
220382202209	丰收村委会	124.038391	43.685279	0	25	70	村庄
220381107211	后岗村委会	124.729979	44.116511	0	30	72	村庄
220381201001	永发社区	124.924604	43.849573	0	16	65	村庄
220382003001	南康社区	123.501621	43.513089	1	80	97	政府机构
220382006203	郝家村委会	123.620350	43.584889	1	80	95	政府机构
220381113205	福胜广村委会	124.661701	43.701697	0	16	33	乡镇
220381103205	十家子村委会	125.193240	43.741240	0	30	58	村庄
220303002001	金桥社区	124.382610	43.166570	1	80	97	政府机构
220323002202	邵家村委会	125.305520	43.331370	0	30	72	村庄
220381113204	老柜村委会	124.661701	43.701697	0	16	38	乡镇
220381103204	马洼子村委会	125.095791	43.724055	0	25	70	乡镇
220382006202	白菜村委会	123.620350	43.584889	1	80	97	政府机构
220322105209	前加巴村委会	124.134650	43.300111	0	25	55	乡镇
220382202208	丰产村委会	124.038391	43.685279	0	25	70	村庄
220381117210	周家窝堡村委会	124.090539	43.781450	0	16	65	乡镇
220381107210	前岗村委会	124.733659	44.086391	0	30	72	村庄
220382400500	双辽农场一分场	123.993150	43.697451	1	80	97	UNKNOWN
220322108207	上三台村委会	124.501090	43.261460	0	25	70	乡镇
220323100223	新立村委会	125.358560	43.296219	0	30	72	村庄
220381114200	秦家屯村委会	124.558344	43.790205	0	16	65	乡镇
220302001002	迎春社区	124.363849	43.180923	1	80	100	地产小区
220381104200	新丰村委会	125.168680	43.664729	0	30	72	村庄
220303006003	新春社区	124.391554	43.178531	1	80	97	政府机构
220382106208	义勇村委会	123.848161	43.868929	0	25	47	乡镇
220322400511	茅山分场	124.264500	43.721279	1	80	100	UNKNOWN
220381107206	边岗村委会	124.683080	44.085780	0	25	70	乡镇
220302002004	阳光社区	124.366770	43.167591	1	80	97	政府机构
220381109218	宝泉村委会	124.483495	43.970642	0	16	65	乡镇
220381117206	永清村委会	124.110099	43.748405	1	80	100	政府机构
220322108211	王相村委会	124.501090	43.261460	0	25	47	乡镇
220382002200	吉兴村委会	123.493562	43.517764	1	80	97	政府机构
220381104216	八家子村委会	125.221036	43.659200	0	16	65	乡镇
220381114216	杨树林村委会	124.558344	43.790205	0	16	65	乡镇
220323102208	六家村委会	125.413091	43.430047	0	16	65	乡镇
220381200200	民族村委会	124.809591	43.305061	0	25	70	乡镇
220382100221	桥家村委会	123.517017	44.007904	0	16	38	乡镇
220381001008	曙光社区	124.820704	43.501535	1	80	97	政府机构
220381103212	凤响村委会	125.095791	43.724055	0	25	47	乡镇
220381113212	陈家河口村委会	124.661701	43.701697	0	16	38	乡镇
220381009204	新桥村委会	124.797570	43.553100	0	30	72	村庄
220323108202	杂木村委会	125.523776	43.194879	0	16	38	乡镇
220381100202	解放村委会	124.796951	43.395736	0	25	55	乡镇
220381110202	小河沿村委会	124.316909	43.908019	0	16	65	乡镇
220381201201	龙湾村委会	124.955920	43.787121	0	30	72	村庄
220323103209	岗阳村委会	125.195950	43.465426	0	16	65	乡镇
220382003201	张家村委会	123.501621	43.513089	1	80	97	政府机构
220323100219	东新村委会	125.332430	43.349161	0	30	72	地产小区
220381116207	林源村委会	124.238056	43.807296	0	16	38	乡镇
220302003005	海丰园社区	124.365220	43.162581	1	80	100	政府机构
220381106207	张家店村委会	124.812180	43.921399	0	30	72	村庄
220381103005	东街居委会	125.095791	43.724055	0	25	70	乡镇
220382107209	前太平村委会	123.745550	43.522791	0	16	38	乡镇
220322200208	隋家村委会	124.339103	43.385394	0	18	66	村庄
220303007002	万盛社区	124.385597	43.160243	1	80	97	政府机构
220381405598	创业农场虚拟生活区	124.823000	43.504699	0	12	29	区县
220323002003	庆阳社区	125.305000	43.345000	0	14	46	区县
220381111203	团山子村委会	124.125629	43.985411	0	30	72	村庄
220381114001	秦家屯居委会	124.558344	43.790205	0	16	47	乡镇
220302004001	北河社区	124.380219	43.184110	1	80	100	地产小区
220323109203	椽子沟村委会	125.309140	43.209520	0	25	70	乡镇
220381104001	响水社区	125.221036	43.659200	0	16	65	乡镇
220381101203	李学坊村委会	124.867651	43.689569	0	25	43	乡镇
220381008205	南崴子村委会	124.732830	43.479664	0	16	33	乡镇
220381112213	李家店村委会	124.743992	43.611245	0	18	66	乡镇
220381102213	曹家洼子村委会	124.995279	43.662858	0	25	70	乡镇
220382101220	五棵村委会	123.883280	43.686152	0	25	43	乡镇
220381101215	郭家店村委会	124.557374	43.319107	1	80	100	政府机构
220382002001	西环社区	123.493631	43.517279	1	80	100	地产小区
220381102205	久胜村委会	124.995279	43.662858	0	25	47	乡镇
220381112205	清水村委会	124.773227	43.579548	0	30	72	村庄
220381106246	民安村委会	124.762850	43.876019	0	25	70	乡镇
220381105201	岭西村委会	125.017410	43.872821	0	25	70	乡镇
220381115201	八屋村委会	124.404075	43.804724	1	80	100	政府机构
220322109206	二道沟村委会	124.720599	43.318794	1	80	100	政府机构
220303004004	四热社区	124.390470	43.172229	1	80	97	政府机构
220382401501	双辽种羊场二分场	123.508080	43.881380	0	25	47	UNKNOWN
220381106211	新富村委会	124.776110	43.913721	0	30	72	村庄
220381116211	韦家窝堡村委会	124.238056	43.807296	0	16	33	乡镇
220322114208	陈家村委会	124.353151	43.693359	0	18	40	乡镇
220382203209	新凤村委会	123.808730	43.776710	0	25	70	村庄
220322104208	土龙村委会	124.559990	43.712920	0	30	72	村庄
220322112201	兴无村委会	124.099150	43.696819	0	30	72	村庄
220322102201	新合村委会	124.290210	43.476180	0	25	70	乡镇
220381007200	双桥村委会	124.926271	43.611429	0	30	72	村庄
220382101216	多甲村委会	123.883280	43.686152	0	25	47	乡镇
220323202210	太安村委会	125.020228	43.280285	0	16	65	村庄
220323106206	杨树村委会	125.187431	43.292357	0	16	65	乡镇
220322111211	周家岗子村委会	124.630641	43.544949	0	25	70	乡镇
220302200206	三合村委会	124.298010	43.188223	0	18	66	村庄
220322205207	沿河村委会	124.417270	43.639681	0	30	72	村庄
220382102206	六家子村委会	123.555351	43.704409	0	25	70	乡镇
220322101211	西青石岭村委会	124.459440	43.350589	0	30	72	村庄
220381103208	金城村委会	125.095791	43.724055	0	25	70	乡镇
220323201200	刘家村委会	125.115431	43.436369	0	30	72	村庄
220381113208	涌泉村委会	124.661701	43.701697	0	16	65	乡镇
220382201214	吉星村委会	123.846541	43.606469	0	25	70	村庄
220322202203	九家子村委会	124.203946	43.435577	0	18	40	村庄
220382105202	永安村委会	123.590750	43.831741	0	30	72	村庄
220381106231	平房店村委会	124.762850	43.876019	0	25	47	乡镇
220381010204	长青村委会	124.821346	43.505970	1	80	95	政府机构
220382202204	孙家村委会	124.038391	43.685279	0	25	70	村庄
220381005006	科研社区	124.814608	43.513478	1	80	97	政府机构
220322100007	天阳社区	124.351945	43.304010	0	16	65	乡镇
220322105205	六家子村委会	124.134650	43.300111	0	25	70	乡镇
220323111202	莽丈村委会	124.974099	43.451483	0	16	38	乡镇
220323101202	石场村委会	125.492690	43.366930	0	25	70	乡镇
220381109202	筢子铺村委会	124.483495	43.970642	0	16	38	乡镇
220303101001	哈福社区	124.521244	43.097615	1	80	100	政府机构
220322103001	沈洋社区	124.236760	43.667461	0	25	55	乡镇
220322106203	敬友村委会	124.676737	43.406072	0	16	38	乡镇
220382201202	王合村委会	123.846541	43.606469	0	25	70	村庄
220322113001	爱欣社区	123.983440	43.439479	0	25	70	乡镇
220323102204	车家村委会	125.356411	43.469979	0	30	72	村庄
220381106227	柳灌印子村委会	124.554149	44.048151	0	30	58	村庄
220322105213	前胡家村委会	124.134650	43.300111	0	25	70	乡镇
220382106204	连庆村委会	123.848161	43.868929	0	25	70	乡镇
220322201205	南泉村委会	124.374939	43.513206	0	18	66	乡镇
220381109214	胜利村委会	124.432527	43.972821	0	30	72	村庄
220303200203	房身村委会	124.374389	43.133591	0	30	72	村庄
220382101200	三合村委会	123.883280	43.686152	0	25	70	乡镇
220322102217	大榆树村委会	124.290210	43.476180	0	25	70	乡镇
220323106210	万福德村委会	125.187431	43.292357	0	16	38	乡镇
220323202206	七一村委会	125.020228	43.280285	0	16	65	村庄
220322101207	青堆子村委会	124.582380	43.351609	0	25	70	乡镇
220381001004	阳光社区	124.820704	43.501535	1	80	97	政府机构
220382102210	佐岭村委会	123.555351	43.704409	0	25	47	乡镇
220322111207	五业村委会	124.630641	43.544949	0	25	43	乡镇
220302200210	巨丰村委会	124.393358	43.223927	1	80	100	政府机构
220303100201	头道村委会	124.430239	43.083521	0	25	70	乡镇
220323105200	靠山村委会	125.034340	43.384441	0	30	72	村庄
220381101223	瓦房村委会	124.985460	43.745709	0	30	72	村庄
220323100215	后范村委会	125.320920	43.342812	0	25	70	乡镇
220322200204	大泉眼村委会	124.339103	43.385394	0	18	66	村庄
220322104212	新家村委会	124.451770	43.704549	0	30	72	村庄
220382107205	七棵村委会	123.745550	43.522791	0	16	33	乡镇
220381107226	弓棚子村委会	124.683080	44.085780	0	25	70	乡镇
220323103205	前进村委会	125.235361	43.457249	0	30	72	村庄
220382200203	跃进村委会	123.375434	43.493987	0	18	66	乡镇
220381007001	刘房子社区	124.902555	43.587487	1	80	100	政府机构
220322107202	东卡篓村委会	123.879696	43.514759	1	80	93	餐饮
220323104201	锦山村委会	125.146936	43.564460	0	16	65	乡镇
220303101200	石河村委会	124.706530	43.094390	0	30	72	村庄
220322110206	吕家岗子村委会	124.518082	43.485353	0	16	47	乡镇
220322204210	王木铺村委会	124.631500	43.617559	0	25	47	村庄
220322100206	东平安村委会	124.351945	43.304010	0	16	38	乡镇
220382103211	合作村委会	123.718640	43.955450	0	30	72	村庄
220323107211	路家村委会	125.010220	43.219020	0	30	72	村庄
220303102210	永合村委会	124.561965	42.933171	0	30	72	村庄
220381008209	安家村委会	124.780289	43.445091	0	30	72	村庄
220382100201	日新村委会	123.517017	44.007904	0	16	65	乡镇
220303101216	王家沟村委会	124.826970	43.142080	0	30	72	村庄
220381112209	中央堡村委会	124.755340	43.611569	0	30	58	UNKNOWN
220323200201	闫家村委会	125.415140	43.574579	0	30	72	村庄
220381102209	石柱沟村委会	124.995279	43.662858	0	25	70	乡镇
220382103207	天兴村委会	123.865770	43.951860	0	25	70	乡镇
220322100210	双城子村委会	124.351945	43.304010	0	16	38	乡镇
220322204206	腰窝堡村委会	124.631500	43.617559	0	25	70	村庄
220322110210	朱家村委会	124.518082	43.485353	0	16	65	乡镇
220303102206	杨木林子村委会	124.531848	42.945042	0	16	38	乡镇
220323107207	山河村委会	124.883880	43.187499	0	30	72	村庄
220381101219	中兴村委会	124.867651	43.689569	0	25	70	乡镇
220322103200	孤家子村委会	124.233117	43.685125	1	80	100	政府机构
220381003003	广盛社区	124.826570	43.504130	1	80	97	政府机构
220382100217	宏盛村委会	123.517017	44.007904	0	16	38	乡镇
220322113200	双山村委会	123.978500	43.435299	0	30	72	村庄
220303170302	河夹信子村委会	124.467957	43.146469	1	80	100	政府机构
220323100203	建国村委会	125.277450	43.379551	0	30	72	村庄
220381108203	石佛村委会	124.588490	43.959920	0	30	72	村庄
220323105001	靠山居委会	125.033930	43.385141	0	25	55	乡镇
220381114220	永丰村委会	124.552369	43.800941	0	30	72	村庄
220323110203	大酱村委会	125.656585	43.117517	0	16	38	乡镇
220322101006	晨晖社区	124.582380	43.351609	0	25	70	乡镇
220322104204	东河山村委会	124.521580	43.660109	0	25	47	乡镇
220322200212	平山村委会	124.407870	43.386310	0	30	72	村庄
220382203205	安仁村委会	123.808730	43.776710	0	25	70	村庄
220322114204	新风村委会	124.353151	43.693359	0	18	66	乡镇
220381107230	曲宝山村委会	124.683080	44.085780	0	25	55	乡镇
220322107214	乌兰村委会	123.841240	43.536810	0	30	72	村庄
220382101001	富贵社区	123.883280	43.686152	0	25	70	乡镇
220382104203	长江村委会	123.693800	43.427541	0	30	72	村庄
220322203202	小郑屯村委会	124.164790	43.353529	0	25	47	乡镇
220323106205	柴家村委会	125.116204	43.278940	0	30	72	村庄
220322102202	三合村委会	124.290210	43.476180	0	25	70	乡镇
220381007203	湾沟村委会	124.911390	43.549757	0	16	47	乡镇
220381002001	京华社区	124.808756	43.504635	1	80	97	政府机构
220382101215	仲德村委会	123.883280	43.686152	0	25	47	乡镇
220322112202	辽河村委会	124.079195	43.628186	0	16	65	乡镇
220323201203	兴宏村委会	125.092423	43.452453	0	18	40	乡镇
220382102205	九家子村委会	123.555351	43.704409	0	25	47	乡镇
220322101212	花城子村委会	124.582380	43.351609	0	25	47	乡镇
220302200205	太平沟村委会	124.377660	43.217010	0	30	72	村庄
220322205204	旱河村委会	124.408613	43.583872	0	18	66	村庄
220323102211	马场村委会	125.429470	43.413320	0	30	72	UNKNOWN
220381106232	三合堡村委会	124.762850	43.876019	0	25	70	乡镇
220382402498	双辽经济开发区虚拟社区	123.503001	43.518399	0	14	37	区县
220382100003	北安社区	123.517017	44.007904	0	16	65	乡镇
220382105201	聚宝村委会	123.555989	43.835642	0	18	66	乡镇
220322108208	十家堡村委会	124.487924	43.249199	1	80	100	政府机构
220322202200	关家屯村委会	124.203946	43.435577	0	18	66	村庄
220323101201	黑顶村委会	125.492690	43.366930	0	25	47	乡镇
220381109201	王杂铺村委会	124.483495	43.970642	0	16	33	乡镇
220303101002	二龙社区	124.716264	43.130168	0	16	65	乡镇
220323111201	迎风村委会	124.974099	43.451483	0	16	65	乡镇
220322100004	春阳社区	124.336780	43.306309	0	60	100	地产小区
220322105206	牛家窝堡村委会	124.134650	43.300111	0	25	70	乡镇
220303008004	兴工社区	124.397253	43.134480	1	80	97	政府机构
220382202207	双龙村委会	123.965220	43.671199	0	30	72	村庄
220381106224	明伦村委会	124.762850	43.876019	0	25	47	乡镇
220381104219	榆树林村委会	125.138579	43.667151	0	30	72	村庄
220323102207	曹家村委会	125.413091	43.430047	0	16	65	乡镇
220381114219	高家窝堡村委会	124.558344	43.790205	0	16	65	乡镇
220382201201	万斤村委会	123.846541	43.606469	0	25	47	村庄
220381006003	新建社区	124.796991	43.498326	1	80	97	政府机构
220322103002	兴隆社区	124.236760	43.667461	0	25	47	乡镇
220322106200	爱国村委会	124.676737	43.406072	0	16	65	乡镇
220303200200	一面城村委会	124.412233	43.166885	1	80	100	政府机构
220381107209	大磙子村委会	124.707484	44.076185	0	30	58	村庄
220381117209	榛柴岗村委会	124.090539	43.781450	0	16	65	乡镇
220381109217	碱锅村委会	124.483495	43.970642	0	16	65	乡镇
220382202211	公平村委会	124.038391	43.685279	0	25	70	村庄
220322201206	小房身村委会	124.372259	43.501841	0	30	72	村庄
220322105210	申染房村委会	124.134650	43.300111	0	25	55	乡镇
220382106207	兴隆村委会	123.848700	43.880041	1	80	100	政府机构
220323202205	胜利村委会	125.005120	43.316500	0	30	72	村庄
220323106213	孟家村委会	125.219450	43.313510	0	30	72	村庄
220382101203	合亲村委会	123.883280	43.686152	0	25	47	乡镇
220322102214	袁家岭村委会	124.290210	43.476180	0	25	70	乡镇
220381101220	徐家村委会	124.867651	43.689569	0	25	70	乡镇
220303100202	大洼村委会	124.424348	43.096232	0	30	72	村庄
220381108001	双龙社区	124.612102	43.901471	0	18	66	乡镇
220323105203	河沿村委会	125.033930	43.385141	0	25	70	乡镇
220322111204	双树子村委会	124.625950	43.459059	0	30	58	村庄
220302200213	仁家村委会	124.298010	43.188223	0	18	66	村庄
220322101204	八家子村委会	124.582380	43.351609	0	25	70	乡镇
220381001007	永红社区	124.820704	43.501535	1	80	97	政府机构
220382102213	浩然村委会	123.555351	43.704409	0	25	47	乡镇
220322104211	西河山村委会	124.521580	43.660109	0	25	70	乡镇
220382107206	盘山村委会	123.745550	43.522791	0	16	65	乡镇
220322200207	东白山村委会	124.339103	43.385394	0	18	66	村庄
220381116208	丁家窝堡村委会	124.802360	43.751680	0	30	58	UNKNOWN
220323100216	任家村委会	125.320920	43.342812	0	25	70	乡镇
220381106208	城东村委会	124.626441	43.805639	0	30	72	村庄
220381007002	煤矿社区	124.911390	43.549757	0	16	47	乡镇
220322107201	大力虎村委会	123.923938	43.535224	0	16	38	乡镇
220382200200	金宝村委会	123.375434	43.493987	0	18	66	乡镇
220323103206	新农村委会	125.173840	43.443569	0	30	72	村庄
220381107225	刘家炉村委会	124.683080	44.085780	0	25	70	乡镇
220322100205	西平安村委会	124.351945	43.304010	0	16	38	乡镇
220382103212	立新村委会	123.865770	43.951860	0	25	70	乡镇
220322110205	刘家岗子村委会	124.518082	43.485353	0	16	65	乡镇
220323104202	五台子村委会	125.146936	43.564460	0	16	38	乡镇
220303101203	磨盘沟村委会	124.716264	43.130168	0	16	65	乡镇
220382100202	喜善村委会	123.517017	44.007904	0	16	38	乡镇
220323107212	先锋村委会	124.926610	43.183099	0	30	72	村庄
220322204205	刘家炉村委会	124.631500	43.617559	0	25	70	村庄
220322110213	毕家堡子村委会	124.518082	43.485353	0	16	38	乡镇
220382103204	太和村委会	123.973070	43.952709	0	30	72	村庄
220322100213	泉眼沟村委会	124.351945	43.304010	0	16	65	乡镇
220323200202	灯塔村委会	125.399060	43.539140	0	30	72	村庄
220303101215	大孤家村委会	124.716264	43.130168	0	16	38	乡镇
220323104214	永久村委会	125.283481	43.619730	0	30	72	村庄
220322113203	李家围子村委会	123.983440	43.439479	0	25	70	乡镇
220322103203	马家窑村委会	124.236760	43.667461	0	25	47	乡镇
220322106001	蔡家小站社区	124.667634	43.408694	1	80	97	政府机构
220382100214	东升村委会	123.419910	43.974120	0	30	72	村庄
220303102205	兴隆村委会	124.516220	42.898539	0	30	72	村庄
220323107204	唐家村委会	124.889860	43.239290	0	30	72	村庄
220322200211	岫岩村委会	124.339103	43.385394	0	18	66	村庄
220382203206	洪源村委会	123.786760	43.782919	0	30	72	村庄
220322114207	大宽村委会	124.353151	43.693359	0	18	40	乡镇
220381004004	通钢社区	124.845776	43.515205	1	80	97	政府机构
220382107210	东胜村委会	123.745550	43.522791	0	16	65	乡镇
220322101005	曙光社区	124.582380	43.351609	0	25	70	乡镇
220322104207	亲仁村委会	124.521580	43.660109	0	25	70	乡镇
220323110200	板石村委会	125.603950	43.133749	1	80	100	政府机构
220303170301	长发村委会	124.413582	43.130047	0	18	49	乡镇
220323100200	兴隆村委会	125.237081	43.337479	0	30	72	村庄
220381108200	大青山村委会	124.612102	43.901471	0	18	66	乡镇
220322203201	七家子村委会	124.164790	43.353529	0	25	70	乡镇
220382101002	荣华社区	123.883280	43.686152	0	25	70	乡镇
220382104200	王奔村委会	123.672231	43.451889	0	25	47	乡镇
220381107233	治山村委会	124.683080	44.085780	0	25	47	乡镇
220323103210	富强村委会	125.148030	43.520322	0	30	72	村庄
220381103207	孟家村委会	125.068090	43.774160	0	30	72	村庄
220381113207	兴家村委会	124.661701	43.701697	0	16	65	乡镇
220381400598	省原种繁殖场虚拟生活区	124.823000	43.504699	0	12	24	区县
220322205208	三合屯村委会	124.408613	43.583872	0	18	66	村庄
220303002002	马车房社区	124.382610	43.166570	1	80	95	政府机构
220323002201	永青村委会	125.305000	43.345000	0	14	46	区县
220302200209	三道林村委会	124.389346	43.207257	1	80	100	政府机构
220382102209	贺家村委会	123.555351	43.704409	0	25	70	乡镇
220382006201	敖卜村委会	123.620350	43.584889	1	80	94	政府机构
220323106209	新建村委会	125.093200	43.335261	0	30	72	村庄
220382101219	班达村委会	123.883280	43.686152	0	25	47	乡镇
220381107213	幸福村委会	124.759231	44.052709	0	30	72	村庄
220322100008	奉和社区	124.351945	43.304010	0	16	65	乡镇
220381005009	建华社区	124.814608	43.513478	1	80	97	政府机构
220302001001	园北社区	124.362525	43.182454	0	30	58	乡镇
220323109001	西苇居委会	125.309140	43.209520	0	25	55	乡镇
220381104203	万山村委会	125.204129	43.720042	0	30	72	村庄
220381101001	黑林子社区	124.867651	43.689569	0	25	70	乡镇
220381111001	玻璃城子社区	124.159231	43.921259	0	25	55	乡镇
220323100220	头道村委会	125.320920	43.342812	0	25	70	乡镇
220381114203	三家子村委会	124.558344	43.790205	0	16	65	乡镇
220322108204	龙湾村委会	124.623230	43.238459	0	30	72	村庄
220382400503	双辽农场四分场	123.993150	43.697451	1	80	97	UNKNOWN
220381117205	春园村委会	124.103430	43.735579	0	30	72	村庄
220381107205	吕家店村委会	124.683080	44.085780	0	25	70	乡镇
220302002007	南湖社区	124.366770	43.167591	1	80	97	政府机构
220322400512	福宁分场	124.415710	43.666131	1	80	100	UNKNOWN
220381114215	新发村委会	124.577031	43.853549	0	30	72	村庄
220381200203	翻身村委会	124.809591	43.305061	0	25	70	乡镇
220381104215	平安村委会	125.105600	43.630979	0	30	72	村庄
220381106228	大榆树村委会	124.762850	43.876019	0	25	70	乡镇
220322108212	西黑嘴子村委会	124.501090	43.261460	0	25	43	乡镇
220381113211	于家窝堡村委会	124.661701	43.701697	0	16	65	乡镇
220381103211	平顶山村委会	125.095791	43.724055	0	25	70	乡镇
220382100222	韩家村委会	123.517017	44.007904	0	16	65	乡镇
220322101208	小泉眼村委会	124.503840	43.406540	0	30	58	UNKNOWN
220322111208	新发村委会	124.607720	43.529831	0	30	72	村庄
220381110201	举家店村委会	124.316909	43.908019	0	16	33	乡镇
220323108201	红塔村委会	125.523776	43.194879	0	16	65	乡镇
220381407498	吉林公主岭经济开发区虚拟社区	125.071034	43.739985	0	20	50	乡镇
220381100201	全结村委会	124.796951	43.395736	0	25	47	乡镇
220323202209	前瓦村委会	125.020228	43.280285	0	16	38	村庄
220302005003	桥西社区	124.348310	43.173339	1	80	95	政府机构
220322102218	张家街村委会	124.290210	43.476180	0	25	70	乡镇
220381009207	孤榆树村委会	124.765509	43.505272	0	18	49	乡镇
220303001004	辉煌社区	124.392249	43.157739	1	80	97	政府机构
220382003202	城乡村委会	123.501621	43.513089	1	80	97	政府机构
220381105214	孟学坊村委会	125.017410	43.872821	0	25	43	乡镇
220381107229	赵家围子村委会	124.683080	44.085780	0	25	47	乡镇
220381201202	先进村委会	124.975160	43.821721	0	30	72	村庄
220303007001	振兴社区	124.385597	43.160243	1	80	97	政府机构
220302003006	柏林社区	124.365220	43.162581	1	80	97	政府机构
220381106204	新建村委会	124.720039	43.965131	0	30	72	村庄
220381116204	三道圈村委会	124.325483	43.799660	1	80	100	政府机构
220381008206	大榆树村委会	124.732830	43.479664	0	16	47	乡镇
220302004002	北郊社区	124.377090	43.182530	1	80	97	政府机构
220323109200	西苇村委会	125.309140	43.209520	0	25	43	乡镇
220381101200	黑林子村委会	124.867651	43.689569	0	25	70	乡镇
220381111200	东升村委会	124.201710	43.917610	0	30	72	村庄
220322110209	幸福村委会	124.510310	43.493269	0	30	72	村庄
220322100209	中安堡村委会	124.410570	43.345690	0	30	72	村庄
220381102210	三户村委会	124.995279	43.662858	0	25	70	乡镇
220382001004	新兴社区	123.511975	43.518746	1	80	97	政府机构
220381112210	长胜村委会	124.785110	43.655632	0	30	72	村庄
220382100218	先进村委会	123.517017	44.007904	0	16	65	乡镇
220381008210	六家村委会	124.732830	43.479664	0	16	47	乡镇
220323107208	拉腰村委会	124.954640	43.237361	0	25	47	乡镇
220303102209	营盘村委会	124.546850	42.991981	0	30	72	村庄
220381101216	林西村委会	124.855760	43.679221	0	30	72	村庄
220382103208	向阳村委会	123.649199	43.952881	0	30	72	村庄
220322204209	平安村委会	124.530660	43.574810	0	30	72	村庄
220303003003	玉泉社区	124.393480	43.168517	0	40	59	道路
220381112206	八家子村委会	124.743992	43.611245	0	18	66	乡镇
220381106245	同心村委会	124.856272	43.966236	0	30	72	村庄
220381102206	永胜村委会	125.004820	43.613139	0	30	72	村庄
220382401502	双辽种羊场三分场	123.618588	43.866644	1	80	100	UNKNOWN
220322109205	赫尔苏门村委会	124.692246	43.275136	0	16	33	乡镇
220381115202	胜利村委会	124.466630	43.777299	0	30	72	村庄
220381105202	永兴村委会	125.000210	43.892319	0	30	72	村庄
220381116212	林丰村委会	124.294160	43.813690	0	30	72	村庄
220381106212	楼上村委会	124.762850	43.876019	0	25	70	乡镇
220381106213	朝阳山村委会	124.762850	43.876019	0	25	70	乡镇
220382401503	双辽种羊场四分场	123.508080	43.881380	0	25	43	UNKNOWN
220322109204	大河沿村委会	124.692246	43.275136	0	16	65	乡镇
220381110001	毛城子社区	124.293411	43.876580	1	80	100	政府机构
220381109220	管家沟村委会	124.483495	43.970642	0	16	38	乡镇
220381115203	五家村委会	124.429992	43.815131	0	16	65	乡镇
220381105203	山咀子村委会	124.771297	43.348599	1	80	100	政府机构
220323108001	营城子居委会	125.523776	43.194879	0	16	65	乡镇
220381100001	二十家子居委会	124.796951	43.395736	0	25	55	乡镇
220382103209	新甸村委会	123.865770	43.951860	0	25	70	乡镇
220381401598	四平农科院虚拟生活区	124.839768	43.494474	1	80	95	教育
220303003002	为民社区	124.393480	43.168517	0	40	59	道路
220322204208	三道岗子村委会	124.631500	43.617559	0	25	70	村庄
220381112207	大房身村委会	124.768500	43.591000	0	30	72	村庄
220381106244	同意村委会	124.826010	43.956800	0	30	72	村庄
220381102207	小城子村委会	124.995279	43.662858	0	25	70	乡镇
220382100219	三好村委会	123.517017	44.007904	0	16	65	乡镇
220381008211	三道梁子村委会	124.732830	43.479664	0	16	38	乡镇
220323107209	西大有村委会	124.940960	43.194369	1	80	95	UNKNOWN
220303102208	英额堡村委会	124.531848	42.945042	0	16	38	乡镇
220381101217	头道岗村委会	124.867651	43.689569	0	25	70	乡镇
220322110208	西万发村委会	124.518082	43.485353	0	16	38	乡镇
220322100208	西中安村委会	124.404625	43.361306	0	30	72	村庄
220382001005	迎新社区	123.511975	43.518746	1	80	97	政府机构
220381102211	东岭村委会	125.037010	43.650111	0	30	72	村庄
220381112211	岭上村委会	124.753371	43.661349	0	30	72	村庄
220381008207	房身岗子村委会	124.734620	43.434931	0	30	58	村庄
220302004003	前锋社区	124.377090	43.182530	1	80	97	政府机构
220323109201	长泡子村委会	125.309140	43.209520	0	25	70	乡镇
220381101201	林东村委会	124.885570	43.705509	0	30	72	村庄
220381111201	后高家村委会	124.159231	43.921259	0	25	70	乡镇
220323002001	康泰社区	125.305000	43.345000	0	14	46	区县
220302003007	东煤社区	124.365220	43.162581	1	80	95	政府机构
220381106205	范家窖村委会	124.762850	43.876019	0	25	70	乡镇
220381116205	双河村委会	124.249870	43.821551	0	30	72	村庄
220381107228	腰江家村委会	124.560383	44.083665	0	30	72	村庄
220381201203	先丰村委会	124.924604	43.849573	0	16	38	村庄
220381110200	毛城子村委会	124.293411	43.876580	1	80	100	政府机构
220323108200	营城子村委会	125.498168	43.195382	1	80	100	政府机构
220381100200	猴石村委会	124.838659	43.357401	0	30	72	村庄
220302005002	二里社区	124.348310	43.173339	1	80	97	政府机构
220323202208	后瓦村委会	125.020228	43.280285	0	16	38	村庄
220322100224	郝家村委会	124.239160	43.290151	0	30	72	村庄
220322102219	张家油坊村委会	124.290210	43.476180	0	25	70	乡镇
220381009206	高家岗村委会	124.750839	43.526971	1	80	100	政府机构
220303001005	城东社区	124.392249	43.157739	1	80	97	政府机构
220381113210	新合村委会	124.661701	43.701697	0	16	65	乡镇
220381103210	四马架村委会	125.095791	43.724055	0	25	70	乡镇
220382100223	大兴村委会	123.604220	44.024739	0	30	72	村庄
220322101209	双马架村委会	124.582380	43.351609	0	25	47	乡镇
220322111209	业家屯村委会	124.630641	43.544949	0	25	47	乡镇
220381114214	太平山村委会	124.558344	43.790205	0	16	65	乡镇
220381200202	泉眼村委会	124.809591	43.305061	0	25	70	乡镇
220381106229	十里镇村委会	124.762850	43.876019	0	25	47	乡镇
220381104214	致富村委会	125.221036	43.659200	0	16	65	乡镇
220322108213	小桥子村委会	124.501090	43.261460	0	25	70	乡镇
220381117204	长江村委会	124.147590	43.717929	0	30	72	村庄
220381107204	万胜店村委会	124.671069	44.056721	0	30	58	UNKNOWN
220302002006	丰茂社区	124.366770	43.167591	1	80	97	政府机构
220322400513	新鲜分场	124.279880	43.617209	1	80	100	UNKNOWN
220303006001	西关社区	124.391554	43.178531	1	80	97	政府机构
220381104202	陈家岗子村委会	125.221036	43.659200	0	16	65	乡镇
220381114202	佟家屯村委会	124.558344	43.790205	0	16	65	乡镇
220322108205	龙王庙村委会	124.516751	43.228098	0	30	72	村庄
220382400502	双辽农场三分场	124.018029	43.728398	1	80	100	UNKNOWN
220381107212	玛瑙村委会	124.683080	44.085780	0	25	70	乡镇
220381005008	东洼社区	124.814608	43.513478	1	80	97	政府机构
220322100009	树俭社区	124.351945	43.304010	0	16	65	乡镇
220382006200	义顺村委会	123.620350	43.584889	1	80	97	政府机构
220323106208	山西村委会	125.112011	43.306339	0	30	72	村庄
220382101218	慈惠村委会	123.883280	43.686152	0	25	47	乡镇
220381103206	田油坊村委会	125.095791	43.724055	0	25	70	乡镇
220381113206	围子村委会	124.661701	43.701697	0	16	65	乡镇
220303002003	金龙社区	124.382610	43.166570	1	80	97	政府机构
220322205209	崔家岗子村委会	124.408613	43.583872	0	18	40	村庄
220323002200	河北村委会	125.308610	43.362010	0	30	72	村庄
220302200208	勤业村委会	124.298010	43.188223	0	18	66	村庄
220382102208	报马村委会	123.555351	43.704409	0	25	47	乡镇
220322203200	四棵树村委会	124.164790	43.353529	0	25	70	乡镇
220322109208	四台子村委会	124.692246	43.275136	0	16	65	乡镇
220382403498	双辽鸭场虚拟社区	123.503001	43.518399	0	14	37	区县
220322107216	西五家村委会	123.923938	43.535224	0	16	38	乡镇
220382104201	东岗村委会	123.696700	43.467311	0	30	72	村庄
220381107232	莲花山村委会	124.683080	44.085780	0	25	70	乡镇
220323103211	新发村委会	125.215490	43.475621	0	30	72	村庄
220322200210	东风村委会	124.376490	43.386130	0	30	72	村庄
220382203207	荣光村委会	123.746251	43.772845	0	30	72	村庄
220322114206	长兴村委会	124.391101	43.704079	0	30	72	村庄
220382107211	德胜村委会	123.745550	43.522791	0	16	65	乡镇
220322101004	河南社区	124.582380	43.351609	0	25	70	乡镇
220381004005	轴承社区	124.845776	43.515205	1	80	97	政府机构
220322104206	平庄村委会	124.521580	43.660109	0	25	70	乡镇
220323110201	大湾村委会	125.567869	43.139751	0	30	72	村庄
220303170300	城东村委会	124.430240	43.162411	0	30	72	村庄
220323100201	北岭村委会	125.320920	43.342812	0	25	70	乡镇
220381108201	新民村委会	124.651420	43.943990	0	30	72	村庄
220322113202	绿海村委会	123.983440	43.439479	0	25	47	乡镇
220322103202	两家子村委会	124.264149	43.574614	1	80	100	政府机构
220382100215	红光村委会	123.517017	44.007904	0	16	65	乡镇
220381003001	光荣社区	124.826570	43.504130	1	80	97	政府机构
220303102204	新立村委会	124.409050	42.885070	0	30	72	村庄
220323107205	新华村委会	124.891040	43.227800	0	30	72	村庄
220322204204	陈大窝堡村委会	124.631500	43.617559	0	25	43	村庄
220322110212	北太平村委会	124.452640	43.430479	0	30	72	村庄
220382103205	安乐村委会	123.865770	43.951860	0	25	70	乡镇
220322100212	北老壕村委会	124.351945	43.304010	0	16	33	乡镇
220323200203	朝阳村委会	125.389720	43.529931	0	30	72	村庄
220303101214	二龙山村委会	124.798013	43.200546	1	80	100	政府机构
220381106248	新三道岗村委会	124.762850	43.876019	0	25	43	乡镇
220323104215	核桃背村委会	125.146936	43.564460	0	16	38	乡镇
220382100203	二龙卜村委会	123.517017	44.007904	0	16	33	乡镇
220322113214	靠山李村委会	123.983440	43.439479	0	25	47	乡镇
220303102212	砬子沟村委会	124.618800	42.987580	0	30	72	村庄
220322100204	八里庙子村委会	124.351945	43.304010	0	16	65	乡镇
220382103213	四合村委会	123.865770	43.951860	0	25	70	乡镇
220322110204	李家店村委会	124.518082	43.485353	0	16	65	乡镇
220322204212	刘家屯村委会	124.631500	43.617559	0	25	70	村庄
220323101001	宏明街居委会	125.492690	43.366930	0	25	55	乡镇
220323104203	昌盛村委会	125.146936	43.564460	0	16	65	乡镇
220381109001	杨大城子社区	124.434196	43.939441	0	30	100	村庄
220303101202	哈福村委会	124.521244	43.097615	1	80	100	政府机构
220322102002	银河社区	124.290210	43.476180	0	25	70	乡镇
220322107200	北六家子村委会	123.879696	43.514759	1	80	95	餐饮
220382200201	建设村委会	123.576046	43.415777	0	30	72	村庄
220323103207	铁炉村委会	125.195950	43.465426	0	16	65	乡镇
220381107224	胜利村委会	124.798741	44.022713	0	30	72	村庄
220322104210	西道村委会	124.521580	43.660109	0	25	70	乡镇
220382107207	王家村委会	123.745550	43.522791	0	16	65	乡镇
220322200206	西白山村委会	124.339103	43.385394	0	18	40	村庄
220381116209	跃进村委会	124.238056	43.807296	0	16	65	乡镇
220323100217	东尖村委会	125.320920	43.342812	0	25	47	乡镇
220381106209	城乡村委会	124.762850	43.876019	0	25	70	乡镇
220381101221	柳条村委会	124.867651	43.689569	0	25	47	乡镇
220303100203	英城村委会	124.430239	43.083521	0	25	47	乡镇
220323105202	九龙村委会	125.033930	43.385141	0	25	70	乡镇
220302200212	团山子村委会	124.461381	43.262829	0	30	72	村庄
220322111205	松树村委会	124.630641	43.544949	0	25	70	乡镇
220322101205	八里城村委会	124.582380	43.351609	0	25	47	乡镇
220382102212	五家子村委会	123.555351	43.704409	0	25	70	乡镇
220381001006	永兴社区	124.820704	43.501535	1	80	97	政府机构
220323202204	曹家村委会	125.020228	43.280285	0	16	65	村庄
220323106212	聂家村委会	125.271099	43.306361	0	30	72	村庄
220382101202	元吉村委会	123.883280	43.686152	0	25	70	乡镇
220322102215	周家油坊村委会	124.300099	43.440591	0	30	72	村庄
220381107208	城南村委会	124.691910	44.056559	0	30	72	村庄
220381117208	二丘村委会	124.090539	43.781450	0	16	38	乡镇
220381109216	王家窑村委会	124.483495	43.970642	0	16	65	乡镇
220382202210	山丁村委会	124.038391	43.685279	0	25	47	村庄
220322201207	东洼子村委会	124.374939	43.513206	0	18	66	乡镇
220322105211	王家园子村委会	124.134650	43.300111	0	25	70	乡镇
220382106206	连丰村委会	123.822799	43.920241	0	30	72	村庄
220381104218	响水村委会	125.200560	43.670251	0	30	72	村庄
220381106225	三里堡村委会	124.762850	43.876019	0	25	70	乡镇
220323102206	西岭村委会	125.413091	43.430047	0	16	65	乡镇
220381114218	北平村委会	124.535391	43.830283	0	30	72	村庄
220382201200	清沟村委会	123.846541	43.606469	0	25	70	村庄
220322103003	电塔社区	124.236760	43.667461	0	25	47	乡镇
220322106201	蔡家村委会	124.667634	43.408694	1	80	100	政府机构
220323101200	宏明村委会	125.492690	43.366930	0	25	47	乡镇
220381109200	吴大屯村委会	124.483495	43.970642	0	16	65	乡镇
220303101003	河东社区	124.716264	43.130168	0	16	65	乡镇
220323111200	黄岭子村委会	124.974099	43.451483	0	16	65	乡镇
220322100005	康平社区	124.351945	43.304010	0	16	65	乡镇
220381005004	东风社区	124.814608	43.513478	1	80	97	政府机构
220322105207	彭家窝堡村委会	124.134650	43.300111	0	25	70	乡镇
220322400509	三塔分场	124.378030	43.654070	1	80	100	UNKNOWN
220382202206	长泡村委会	124.038391	43.685279	0	25	47	村庄
220323102210	火红村委会	125.413091	43.430047	0	16	38	乡镇
220381106233	团山子村委会	124.667968	43.806272	0	30	72	村庄
220382100002	南平社区	123.517017	44.007904	0	16	65	乡镇
220382105200	玻璃山村委会	123.555989	43.835642	0	18	40	乡镇
220322108209	太阳沟村委会	124.501090	43.261460	0	25	70	乡镇
220322202201	顺城堡村委会	124.203946	43.435577	0	18	35	村庄
220323201202	劳动村委会	125.092423	43.452453	0	18	66	乡镇
220382102204	白山村委会	123.578069	43.789371	0	30	72	村庄
220322101213	四大家村委会	124.582380	43.351609	0	25	70	乡镇
220302200204	新发村委会	124.335585	43.217869	1	80	100	政府机构
220322205205	南岗子村委会	124.408613	43.583872	0	18	66	村庄
220323106204	欢欣岭村委会	125.073463	43.302648	0	30	58	村庄
220381007202	兴治村委会	124.911390	43.549757	0	16	47	乡镇
220322102203	团结村委会	124.233500	43.496891	0	30	72	村庄
220382101214	乔木村委会	123.883280	43.686152	0	25	47	乡镇
220322107001	长安社区	123.923938	43.535224	0	16	65	乡镇
220322112203	丰收村委会	124.079195	43.628186	0	16	65	乡镇
220381113201	孙平房村委会	124.687777	43.692063	1	80	100	政府机构
220381103201	尖山子村委会	125.069184	43.680532	1	80	100	政府机构
220303002004	广兴茂社区	124.382610	43.166570	1	80	95	政府机构
220323108211	打草村委会	125.523776	43.194879	0	16	38	乡镇
220382003005	团结社区	123.501621	43.513089	1	80	97	政府机构
220381007209	石头哨村委会	124.911390	43.549757	0	16	33	乡镇
220322102208	房身村委会	124.290210	43.476180	0	25	70	乡镇
220322112208	张家堡子村委会	124.079195	43.628186	0	16	65	乡镇
220381107215	育林村委会	124.742390	43.988500	0	30	72	村庄
220382004001	西化社区	123.494880	43.517840	1	80	97	政府机构
220381114205	新立村委会	124.494210	43.765201	0	30	72	村庄
220302001007	北体社区	124.362525	43.182454	0	30	72	乡镇
220381104205	凤凰坨村委会	125.221036	43.659200	0	16	38	乡镇
220381106238	民立村委会	124.762850	43.876019	0	25	70	乡镇
220382400505	双辽农场博爱分场	123.993150	43.697451	1	80	95	UNKNOWN
220322104221	江东道村委会	124.521580	43.660109	0	25	55	乡镇
220381008001	南崴子社区	124.732830	43.479664	0	16	47	乡镇
220322108202	何家村委会	124.501090	43.261460	0	25	70	乡镇
220381102001	陶家屯社区	124.572171	43.731569	0	30	100	村庄
220381107203	朝阳堡村委会	124.683080	44.085780	0	25	70	乡镇
220302002001	拥军社区	124.366770	43.167591	1	80	97	政府机构
220381117203	河夹信子村委会	124.174807	43.726526	1	80	100	政府机构
220381112001	朝阳坡社区	124.724828	43.593510	0	80	100	村庄
220303006006	喜庆社区	124.388750	43.173949	1	80	100	地产小区
220322400514	农科所生活区	124.267265	43.680998	0	16	33	UNKNOWN
220381104213	湾龙村委会	125.221036	43.659200	0	16	38	乡镇
220381114213	大榆树村委会	124.558344	43.790205	0	16	65	乡镇
220381200205	沿河村委会	124.780119	43.321751	0	30	72	村庄
220322108214	营城子村委会	124.501090	43.261460	0	25	70	乡镇
220382005201	丰巨村委会	123.520500	43.522726	1	80	95	政府机构
220381103217	王学坊村委会	125.095791	43.724055	0	25	43	乡镇
220303100208	靠道村委会	124.430239	43.083521	0	25	47	乡镇
220302200219	獾子洞村委会	124.298010	43.188223	0	18	66	村庄
220382100224	新兴村委会	123.533590	44.058581	0	30	72	村庄
220381100207	南山村委会	124.780360	43.361951	0	30	72	村庄
220323108207	横河村委会	125.523776	43.194879	0	16	47	乡镇
220302005005	西园社区	124.348310	43.173339	1	80	97	政府机构
220381110207	许菜园村委会	124.296363	43.959216	1	80	95	UNKNOWN
220322110223	张家屯村委会	124.518082	43.485353	0	16	65	乡镇
220381009201	石人村委会	124.821970	43.478529	0	30	72	村庄
220323001201	沈家村委会	125.263799	43.327711	0	30	72	村庄
220303001002	国测社区	124.392249	43.157739	1	80	100	政府机构
220381403598	十屋农场虚拟生活区	124.313864	43.797265	0	50	73	UNKNOWN
220382101209	幸福村委会	124.017960	43.798941	0	30	72	村庄
220322100223	后加把村委会	124.351945	43.304010	0	16	33	乡镇
220381201204	田家村委会	124.924604	43.849573	0	16	65	村庄
220381105212	长发村委会	125.017410	43.872821	0	25	70	乡镇
220381116202	二里界村委会	124.238056	43.807296	0	16	38	乡镇
220381106202	岭东村委会	124.762850	43.876019	0	25	70	乡镇
220382100208	农林村委会	123.449760	43.979020	0	30	72	村庄
220381008200	河北村委会	124.769360	43.457920	0	30	72	村庄
220381111206	江东里村委会	124.070859	43.946760	0	30	72	村庄
220302004004	西二里社区	124.377090	43.182530	1	80	97	政府机构
220381101206	卡伦村委会	124.867651	43.689569	0	25	70	乡镇
220323109206	红光村委会	125.309140	43.209520	0	25	70	乡镇
220303101209	十里堡村委会	124.716264	43.130168	0	16	65	乡镇
220381112216	玉川村委会	124.803320	43.577830	0	30	72	村庄
220323104208	范家村委会	125.146936	43.564460	0	16	65	乡镇
220382004200	东风村委会	123.494880	43.517840	1	80	97	政府机构
220322113209	顺山村委会	123.983440	43.439479	0	25	47	乡镇
220381101210	七家子村委会	124.867651	43.689569	0	25	70	乡镇
220381111210	双山村委会	124.234800	43.917371	0	30	72	村庄
220322110219	青松村委会	124.504010	43.413150	0	30	72	村庄
220303003005	富强社区	124.393480	43.168517	0	40	59	道路
220322100219	胡家村委会	124.266960	43.252709	0	30	72	村庄
220381102200	陶家村委会	124.995279	43.662858	0	25	70	乡镇
220381112200	朝阳坡村委会	124.724828	43.593510	1	80	100	政府机构
220381106243	民强村委会	124.801490	43.966220	0	30	72	村庄
220322109203	下安村委会	124.692246	43.275136	0	16	65	乡镇
220303004001	木兰社区	124.390470	43.172229	1	80	97	政府机构
220382401504	双辽种羊场五分场	123.508080	43.881380	0	25	47	UNKNOWN
220381105204	南道村委会	125.017410	43.872821	0	25	70	乡镇
220381115204	刘屯村委会	124.429992	43.815131	0	16	65	乡镇
220381201212	曲家村委会	124.867377	43.876974	1	80	100	政府机构
220381106214	农林村委会	124.703000	43.948630	0	30	72	村庄
220323106203	河南村委会	125.133380	43.297301	0	30	72	村庄
220323103001	马安居委会	125.195950	43.465426	0	16	65	乡镇
220322112204	翻身村委会	124.079195	43.628186	0	16	65	乡镇
220382101213	绿化村委会	123.928970	43.774080	0	30	72	村庄
220322102204	六合村委会	124.290210	43.476180	0	25	70	乡镇
220381007205	山前村委会	124.839560	43.563061	0	30	72	村庄
220323201205	施家村委会	125.092423	43.452453	0	18	66	乡镇
220303100212	塔山村委会	124.441514	43.124168	0	30	72	村庄
220302200203	泉沟村委会	124.311702	43.188167	1	80	100	政府机构
220322205202	大城子村委会	124.408613	43.583872	0	18	66	村庄
220322101214	东黑嘴子村委会	124.582380	43.351609	0	25	55	乡镇
220382102203	孤店村委会	123.555351	43.704409	0	25	47	乡镇
220381106234	双榆树村委会	124.762850	43.876019	0	25	70	乡镇
220381104209	王烧锅村委会	125.221036	43.659200	0	16	47	乡镇
220381114209	两家子村委会	124.559039	43.804770	1	80	100	政府机构
220322202206	四家子村委会	124.203946	43.435577	0	18	66	村庄
220382201211	小白村委会	123.846541	43.606469	0	25	70	村庄
220322106210	姚家村委会	124.613580	43.418321	0	30	72	村庄
220381107219	金山村委会	124.771640	44.012541	0	30	72	村庄
220381109207	黑岗子村委会	124.406081	43.934320	1	80	100	政府机构
220323101207	中心村委会	125.453659	43.385841	0	30	72	村庄
220303101004	河西社区	124.716264	43.130168	0	16	65	乡镇
220381010201	向前村委会	124.821346	43.505970	1	80	97	政府机构
220382202201	刘家村委会	124.050090	43.698340	0	30	72	村庄
220322105200	高家窝堡村委会	124.134650	43.300111	0	25	70	乡镇
220322100002	树勤社区	124.351945	43.304010	0	16	65	乡镇
220303008002	平南社区	124.397253	43.134480	1	80	97	政府机构
220323102201	大岭村委会	125.479120	43.440228	1	80	100	政府机构
220381106222	榆树堡村委会	124.762850	43.876019	0	25	47	乡镇
220322106206	孟家村委会	124.662709	43.419222	0	30	72	村庄
220381006005	新园社区	124.796991	43.498326	1	80	97	政府机构
220322103004	文明社区	124.236760	43.667461	0	25	47	乡镇
220382201207	通德村委会	123.846541	43.606469	0	25	47	村庄
220322202210	南老奤村委会	124.203946	43.435577	0	18	35	村庄
220381109211	平安村委会	124.499329	43.924435	0	30	72	村庄
220382106201	常熟村委会	123.848161	43.868929	0	25	47	乡镇
220322201200	西泉村委会	124.374939	43.513206	0	18	66	乡镇
220323106215	前刘家村委会	125.187431	43.292357	0	16	65	乡镇
220302005009	爱民社区	124.348310	43.173339	1	80	97	政府机构
220323202203	城子村委会	125.032710	43.280151	0	30	72	村庄
220381007213	乐园村委会	124.911390	43.549757	0	16	47	乡镇
220322102212	双龙村委会	124.186449	43.539512	0	30	72	村庄
220382101205	长发村委会	123.883280	43.686152	0	25	70	乡镇
220322112212	沈洋村委会	124.079195	43.628186	0	16	38	乡镇
220303100204	上二台村委会	124.352480	42.988011	0	30	58	UNKNOWN
220323105205	庄家村委会	125.033930	43.385141	0	25	70	乡镇
220381101226	仁和村委会	124.934791	43.747779	0	30	72	村庄
220381001001	正阳社区	124.820704	43.501535	1	80	97	政府机构
220382102215	东兴村委会	123.555351	43.704409	0	25	70	乡镇
220322101202	孙家屯村委会	124.582380	43.351609	0	25	70	乡镇
220322111202	胜利村委会	124.548599	43.542291	0	30	72	村庄
220302200215	西八大村委会	124.297938	43.188224	0	18	49	村庄
220322200201	鲍家村委会	124.339103	43.385394	0	18	66	村庄
220382107200	庆祥村委会	123.745550	43.522791	0	16	38	乡镇
220382102002	东安社区	123.555351	43.704409	0	25	70	乡镇
220322104217	二里界村委会	124.521580	43.660109	0	25	47	乡镇
220323110210	大桥村委会	125.656585	43.117517	0	16	47	乡镇
220323100210	二道村委会	125.320920	43.342812	0	25	70	乡镇
220381108210	立志村委会	124.612102	43.901471	0	18	40	乡镇
220382200206	白市村委会	123.375434	43.493987	0	18	66	乡镇
220322203211	田家庙村委会	124.164790	43.353529	0	25	70	乡镇
220322107207	龙山村委会	123.942259	43.546911	0	30	72	村庄
220382104210	留久村委会	123.672231	43.451889	0	25	47	乡镇
220381107223	新建村委会	124.720039	43.965131	0	30	72	村庄
220323103200	东风村委会	125.228670	43.407099	0	30	72	村庄
220381201208	新发村委会	124.925269	43.873813	0	30	72	村庄
220322110203	贾杂铺村委会	124.577630	43.443529	0	30	58	UNKNOWN
220322105001	昌平社区	124.134650	43.300111	0	25	70	乡镇
220382103214	农科村委会	123.865770	43.951860	0	25	70	乡镇
220322100203	园艺村委会	124.351945	43.304010	0	16	65	乡镇
220323104204	秀山村委会	125.076730	43.556941	0	30	72	村庄
220303101205	梨树沟村委会	124.716264	43.130168	0	16	65	乡镇
220322113213	王家局子村委会	123.983440	43.439479	0	25	43	乡镇
220382100204	靠山村委会	123.563120	44.011110	0	30	72	村庄
220322100215	北夏家村委会	124.414880	43.329810	0	30	72	村庄
220382103202	双喜村委会	123.865770	43.951860	0	25	70	乡镇
220322204203	杨船口村委会	124.631500	43.617559	0	25	55	村庄
220322110215	龙母庙村委会	124.518082	43.485353	0	16	65	乡镇
220303101213	赵家沟村委会	124.762530	43.170939	0	30	72	村庄
220323104212	绿化村委会	125.253870	43.582480	0	30	72	村庄
220323200204	前程村委会	125.417330	43.547434	0	18	66	村庄
220381003006	先锋社区	124.826570	43.504130	1	80	97	政府机构
220382100212	三林村委会	123.517017	44.007904	0	16	65	乡镇
220322103205	团山子村委会	124.236760	43.667461	0	25	43	乡镇
220322113205	夏窑村委会	123.983440	43.439479	0	25	70	乡镇
220303102203	双合村委会	124.572480	42.969639	0	30	72	村庄
220323107202	张家岗村委会	124.954640	43.237361	0	25	70	乡镇
220322104201	长山村委会	124.443431	43.736890	0	30	72	村庄
220322101003	建材社区	124.582380	43.351609	0	25	70	乡镇
220382203200	安边村委会	123.808730	43.776710	0	25	70	村庄
220322114201	西河村委会	124.353151	43.693359	0	18	66	乡镇
220381108206	泉眼河村委会	124.597250	43.910971	0	30	58	UNKNOWN
220323100206	新四村委会	125.320920	43.342812	0	25	70	乡镇
220323110206	联合村委会	125.688979	43.145771	0	30	72	村庄
220381106218	陈家村委会	124.762850	43.876019	0	25	47	乡镇
220382104206	捌家村委会	123.672231	43.451889	0	25	47	乡镇
220322107211	王河村委会	123.896670	43.601650	0	30	72	村庄
220322203207	长山堡村委会	124.336000	43.307099	0	12	26	区县
220381115208	头道村委会	124.429992	43.815131	0	16	65	乡镇
220381107235	五道泉子村委会	124.617710	44.044981	0	30	58	村庄
220381105208	东沟村委会	125.071350	43.817771	0	30	72	村庄
220382104207	宏伟村委会	123.672231	43.451889	0	25	70	乡镇
220322107210	炭窑村委会	123.923938	43.535224	0	16	65	乡镇
220322203206	十二马架村委会	124.164790	43.353529	0	25	47	乡镇
220381115209	三角寺村委会	124.429992	43.815131	0	16	65	乡镇
220381105209	姜李村委会	125.017410	43.872821	0	25	70	乡镇
220381107234	前油房村委会	124.683080	44.085780	0	25	47	乡镇
220322104200	爱德村委会	124.521580	43.660109	0	25	47	乡镇
220322101002	站南社区	124.582380	43.351609	0	25	55	乡镇
220381004003	黄龙社区	124.845776	43.515205	1	80	97	政府机构
220382203201	真固村委会	123.808730	43.776710	0	25	47	村庄
220322114200	小宽村委会	124.353151	43.693359	0	18	40	乡镇
220381108207	七马架村委会	124.556000	43.886671	0	30	58	UNKNOWN
220323100207	星光村委会	125.251050	43.416411	0	30	72	村庄
220323110207	地局子村委会	125.632169	43.181241	0	30	72	村庄
220381106219	黄花村委会	124.762850	43.876019	0	25	70	乡镇
220382100213	永兴村委会	123.411900	44.030501	0	30	72	村庄
220381003007	兴盛社区	124.826570	43.504130	1	80	97	政府机构
220322103204	张家街村委会	124.236760	43.667461	0	25	47	乡镇
220322113204	大门丁村委会	123.983440	43.439479	0	25	43	乡镇
220303102202	东升村委会	124.663130	43.013031	0	30	72	村庄
220323107203	宏大村委会	124.954640	43.237361	0	25	70	乡镇
220323102001	伊丹居委会	125.408875	43.440470	1	80	97	政府机构
220322100214	夏家堡子村委会	124.351945	43.304010	0	16	65	乡镇
220382103203	勤俭村委会	123.937560	43.950811	0	30	72	村庄
220322204202	范家屯村委会	124.631500	43.617559	0	25	70	村庄
220322110214	李家村委会	124.518082	43.485353	0	16	65	乡镇
220303101212	佘家村委会	124.716264	43.130168	0	16	65	乡镇
220323104213	姚家村委会	125.146936	43.564460	0	16	47	乡镇
220323200205	永胜村委会	125.427750	43.513800	0	30	72	村庄
220322113212	兴开城村委会	124.139341	43.452621	1	80	95	UNKNOWN
220382100205	新凤村委会	123.517017	44.007904	0	16	65	乡镇
220322110202	关家岗子村委会	124.518082	43.485353	0	16	47	乡镇
220303170202	立业村委会	124.395751	43.190579	0	30	72	村庄
220322100202	大烟筒村委会	124.351945	43.304010	0	16	38	乡镇
220323104205	富山村委会	125.146936	43.564460	0	16	65	乡镇
220303101204	郭家村委会	124.576950	43.112279	0	30	72	村庄
220382200207	那木村委会	123.375434	43.493987	0	18	66	乡镇
220322203210	傅家街村委会	124.164790	43.353529	0	25	47	乡镇
220322107206	刘家馆子村委会	123.923938	43.535224	0	16	65	乡镇
220382104211	呈祥村委会	123.672231	43.451889	0	25	70	乡镇
220381007005	果树农场社区	124.961410	43.522891	1	80	100	UNKNOWN
220381107222	西山村委会	124.679080	43.970810	0	30	72	村庄
220323103201	北岗子村委会	125.195950	43.465426	0	16	65	乡镇
220381201209	西安村委会	124.924604	43.849573	0	16	65	村庄
220322200200	裴家村委会	124.339103	43.385394	0	18	66	村庄
220382107201	吴家村委会	123.852960	43.564659	0	30	72	村庄
220322104216	大房身村委会	124.609630	43.674001	0	30	72	村庄
220323110211	红星村委会	125.656585	43.117517	0	16	47	乡镇
220323100211	西宋村委会	125.320920	43.342812	0	25	70	乡镇
220381108211	兴隆村委会	124.647050	43.892230	0	30	72	村庄
220303100205	解放村委会	124.429350	42.981521	0	30	72	村庄
220323105204	周户村委会	125.033930	43.385141	0	25	70	乡镇
220381101227	唐家桥村委会	124.867651	43.689569	0	25	70	乡镇
220382102214	协力村委会	123.555351	43.704409	0	25	70	乡镇
220322104001	新城社区	124.521580	43.660109	0	25	70	乡镇
220322101203	柴火沟村委会	124.582380	43.351609	0	25	70	乡镇
220302200214	东八大村委会	124.298010	43.188223	0	18	35	村庄
220322111203	双城子村委会	124.698201	43.486089	0	30	58	村庄
220322114001	宽城社区	124.353151	43.693359	0	18	66	乡镇
220323106214	陈家村委会	125.187431	43.292357	0	16	38	乡镇
220323202202	东李村委会	125.020228	43.280285	0	16	65	村庄
220302005008	长征社区	124.348310	43.173339	1	80	97	政府机构
220322102213	董家窝堡村委会	124.290210	43.476180	0	25	70	乡镇
220381007212	笤条坡村委会	124.911390	43.549757	0	16	38	乡镇
220382101204	余粮村委会	123.927830	43.728780	0	30	72	村庄
220381109210	长山村委会	124.421610	43.868102	0	30	72	村庄
220382106200	耕耘村委会	123.848161	43.868929	0	25	47	乡镇
220322201201	东泉村委会	124.390840	43.534339	0	30	72	村庄
220322405598	良种场生产区虚拟生活区	124.336000	43.307099	0	12	24	区县
220323102200	伊丹村委会	125.408875	43.440470	1	80	100	政府机构
220381106223	靖安村委会	124.762850	43.876019	0	25	70	乡镇
220322106207	娘娘庙村委会	124.676737	43.406072	0	16	65	乡镇
220322103005	韩道社区	124.236760	43.667461	0	25	47	乡镇
220382201206	红石村委会	123.841850	43.599800	0	30	72	村庄
220322202211	石庙子村委会	124.203946	43.435577	0	18	66	村庄
220303200211	下三台村委会	124.490014	43.153322	1	80	100	政府机构
220323111206	保家村委会	124.921840	43.485860	0	30	72	村庄
220381107218	解放村委会	124.830240	44.035820	0	30	72	村庄
220381109206	五星村委会	124.483495	43.970642	0	16	65	乡镇
220323101206	二道村委会	125.492690	43.366930	0	25	70	乡镇
220381010200	苇子沟村委会	124.821346	43.505970	1	80	97	政府机构
220382202200	荷花村委会	124.038391	43.685279	0	25	70	村庄
220322105201	喇嘛甸村委会	124.134650	43.300111	0	25	43	乡镇
220322100003	朝阳社区	124.351945	43.304010	0	16	65	乡镇
220381005002	中天社区	124.814608	43.513478	1	80	97	政府机构
220303008003	风光社区	124.397253	43.134480	1	80	97	政府机构
220381104208	岳家店村委会	125.257897	43.666768	1	80	100	政府机构
220381106235	兴隆泉村委会	124.762850	43.876019	0	25	70	乡镇
220381114208	戥子街村委会	124.558344	43.790205	0	16	38	乡镇
220322202207	戴家堡村委会	124.203946	43.435577	0	18	66	村庄
220382201210	柳条村委会	123.846541	43.606469	0	25	47	村庄
220323201204	八家村委会	125.092423	43.452453	0	18	66	乡镇
220302200202	条子河村委会	124.324009	43.200634	1	80	100	政府机构
220322205203	长岭子村委会	124.434870	43.540481	0	30	72	村庄
220322101215	镇郊村委会	124.582380	43.351609	0	25	47	乡镇
220382102202	同乐村委会	123.555351	43.704409	0	25	70	乡镇
220323106202	升礼村委会	125.187431	43.292357	0	16	38	乡镇
220381006100	国家农业科技园区特殊社区	124.796991	43.498326	1	80	95	政府机构
220322112205	工农村委会	124.047720	43.614840	0	30	72	村庄
220382101212	杜力村委会	123.883280	43.686152	0	25	47	乡镇
220381002006	朝阳社区	124.808756	43.504635	1	80	97	政府机构
220381007204	向阳坡村委会	124.911390	43.549757	0	16	47	乡镇
220322102205	新兴村委会	124.265790	43.508999	0	30	72	村庄
220382005001	东郊社区	123.520500	43.522726	1	80	97	政府机构
220381106215	五道岗村委会	124.762850	43.876019	0	25	70	乡镇
220323001001	福宁社区	125.305000	43.345000	0	14	32	区县
220322109202	苏家村委会	124.692246	43.275136	0	16	65	乡镇
220382401505	双辽种羊场六分场	123.508080	43.881380	0	25	43	UNKNOWN
220381105205	南兴村委会	125.031690	43.873331	0	30	72	村庄
220381115205	张屯村委会	124.429992	43.815131	0	16	65	乡镇
220381201213	西河村委会	124.924604	43.849573	0	16	65	村庄
220322110218	前梁家村委会	124.518082	43.485353	0	16	65	乡镇
220303003004	福民社区	124.393480	43.168517	0	40	59	道路
220322100218	前房身村委会	124.237570	43.257411	0	30	72	村庄
220381102201	马家屯村委会	124.995240	43.671447	0	30	72	村庄
220381112201	新河口村委会	124.688600	43.600349	0	30	72	村庄
220381106242	和气村委会	124.762850	43.876019	0	25	47	乡镇
220322113208	长丰村委会	124.105680	43.535369	0	30	72	村庄
220322103208	于家街村委会	124.193299	43.684891	0	30	58	道路
220382002005	电厂社区	123.493562	43.517764	1	80	97	政府机构
220381101211	八岔沟村委会	124.867651	43.689569	0	25	70	乡镇
220381111211	海丰刘村委会	124.159231	43.921259	0	25	43	乡镇
220303101208	石岭村委会	124.716264	43.130168	0	16	65	乡镇
220381112217	新华村委会	124.763870	43.639980	0	30	72	村庄
220323104209	石灰村委会	125.146936	43.564460	0	16	65	乡镇
220382004201	城镇村委会	123.494880	43.517840	1	80	94	政府机构
220382100209	育林村委会	123.444800	44.015500	0	30	72	村庄
220381402598	公主岭市种猪场虚拟生活区	124.823000	43.504699	0	12	29	区县
220381008201	长兴村委会	124.746931	43.493539	0	30	72	村庄
220381111207	柳条村委会	124.159231	43.921259	0	25	47	乡镇
220302004005	一道口社区	124.377090	43.182530	1	80	97	政府机构
220381101207	立新村委会	124.867651	43.689569	0	25	70	乡镇
220323109207	腰苇村委会	125.309140	43.209520	0	25	47	乡镇
220381116203	束龙岱村委会	124.238056	43.807296	0	16	38	乡镇
220381113001	大榆树社区	124.675929	43.721623	1	80	100	政府机构
220302003001	站前社区	124.365220	43.162581	1	80	97	政府机构
220381103001	西街居委会	125.095791	43.724055	0	25	70	乡镇
220381106203	平安岭村委会	124.762850	43.876019	0	25	70	乡镇
220381201205	昌龙村委会	124.924604	43.849573	0	16	38	村庄
220381105213	二道村委会	125.017410	43.872821	0	25	70	乡镇
220381100206	西地村委会	124.796951	43.395736	0	25	70	乡镇
220323108206	太平村委会	125.523776	43.194879	0	16	65	乡镇
220302005004	南河社区	124.349552	43.172228	1	70	100	地产小区
220381110206	太平沟村委会	124.281490	43.977469	0	30	72	村庄
220381009200	靠山村委会	124.798007	43.467281	1	80	100	政府机构
220322110222	榆树村委会	124.518082	43.485353	0	16	65	乡镇
220323001200	庆德村委会	125.305000	43.345000	0	14	29	区县
220303001003	烟厂社区	124.392249	43.157739	1	80	97	政府机构
220382101208	祥云村委会	123.883280	43.686152	0	25	70	乡镇
220322100222	杨家村委会	124.351945	43.304010	0	16	65	乡镇
220382005200	山场村委会	123.520500	43.522726	1	80	97	政府机构
220381103216	郜家村委会	125.095791	43.724055	0	25	70	乡镇
220323105208	护山村委会	125.033930	43.385141	0	25	47	乡镇
220303100209	龙王村委会	124.516630	43.038629	0	30	72	村庄
220302200218	海青村委会	124.307930	43.267991	0	30	72	村庄
220382100225	红岗村委会	123.517017	44.007904	0	16	65	乡镇
220382102218	四合屯村委会	123.555351	43.704409	0	25	70	乡镇
220381104212	蔡家店村委会	125.149658	43.621179	1	80	100	政府机构
220381114212	城北村委会	124.625280	43.829479	0	30	72	村庄
220381200204	建设村委会	124.809591	43.305061	0	25	55	乡镇
220381107202	东风村委会	124.618340	44.100140	0	30	72	村庄
220381117202	东辽村委会	124.090539	43.781450	0	16	38	乡镇
220303006007	桃源社区	124.391554	43.178531	1	80	97	政府机构
220381114204	四家子村委会	124.558344	43.790205	0	16	65	乡镇
220302001006	仁兴社区	124.362525	43.182454	0	30	58	乡镇
220381106239	民兴村委会	124.762850	43.876019	0	25	70	乡镇
220381104204	龙泉村委会	125.217280	43.705851	0	30	72	村庄
220382400504	双辽农场五分场	123.993150	43.697451	1	80	97	UNKNOWN
220322104220	同庆村委会	124.521580	43.660109	0	25	70	乡镇
220303005001	北大桥社区	124.395851	43.188608	0	50	100	道路
220322108203	靠山屯村委会	124.792239	43.463902	1	80	100	政府机构
220381107214	兴城村委会	124.683080	44.085780	0	25	70	乡镇
220381110210	梁山村委会	124.316909	43.908019	0	16	65	乡镇
220323108210	新家村委会	125.425490	43.236190	0	30	72	村庄
220322102209	闫家村委会	124.290210	43.476180	0	25	70	乡镇
220381007208	施家村委会	124.906329	43.550351	0	30	72	村庄
220322112209	大孤山村委会	124.079195	43.628186	0	16	65	乡镇
220381113200	大榆树村委会	124.661701	43.701697	0	16	65	乡镇
220381103200	平洋村委会	125.095791	43.724055	0	25	70	乡镇
