220702100221	新兴村委会	124.921470	45.414450	0	30	72	村庄
220722109203	中兴村委会	124.168513	44.244802	0	16	65	乡镇
220781201212	老窝堡村委会	125.138354	45.181475	0	16	65	村庄
220721212205	郑家村委会	124.022010	44.384680	0	30	72	村庄
220721106213	莫日格其村委会	124.408220	45.374509	0	25	43	乡镇
220781105204	江西镇村委会	125.741727	45.122162	0	16	38	乡镇
220721100001	郭尔罗斯社区	124.823995	45.119516	1	80	100	地产小区
220781106214	八百村委会	125.346461	45.156660	0	16	65	乡镇
220721105203	哈玛尔村委会	125.026029	44.874461	0	25	47	乡镇
220722209201	五撮村委会	123.456329	44.615687	0	16	33	村庄
220722103209	卢家屯村委会	124.509690	44.221976	0	16	38	乡镇
220771200203	倪家村委会	124.828777	45.129072	0	30	72	村庄
220721401598	红光农场虚拟生活区	124.803025	44.981926	0	18	49	UNKNOWN
220781111210	西黄家村委会	125.544270	45.403889	0	30	72	村庄
220722123200	东兴村委会	123.968000	44.275299	0	12	34	区县
220721102207	三义井子村委会	124.537399	44.735977	0	16	47	乡镇
220781101210	长青村委会	125.454330	45.372971	0	30	72	村庄
220702017002	望湖社区	124.817001	45.171800	0	14	46	区县
220721205201	前营子村委会	124.686491	45.049611	0	30	72	村庄
220781206216	老坎子村委会	125.909247	45.093147	0	18	40	村庄
220702007002	化南社区	124.826121	45.186348	1	80	95	政府机构
220723200208	辰字村委会	124.085750	45.143100	0	25	47	村庄
220781102200	西园子村委会	125.654706	44.968172	0	16	65	乡镇
220702202208	新民村委会	124.788729	45.351691	0	30	72	村庄
220781101206	六家子村委会	125.377321	45.354663	0	16	65	乡镇
220721102211	深井子林场村委会	124.537399	44.735977	0	16	47	乡镇
220781111206	河江村委会	125.549772	45.391493	0	16	38	乡镇
220721206207	尖山子村委会	124.882760	44.796179	0	25	70	村庄
220721101201	库里村委会	124.476330	45.313221	0	25	70	乡镇
220781102216	班家村委会	125.654706	44.968172	0	16	65	乡镇
220723104208	后训村委会	123.763749	44.805891	0	25	43	乡镇
220781206200	新华村委会	125.899027	45.041101	1	80	100	政府机构
220781105212	欢喜村委会	125.741727	45.122162	0	16	65	乡镇
220721106205	东风村委会	124.367999	45.425521	0	30	72	村庄
220781201204	福宁村委会	125.108940	45.148660	0	30	72	村庄
220721105215	二龙山村委会	125.087351	44.778284	1	80	100	政府机构
220781106202	太安村委会	125.346461	45.156660	0	16	65	乡镇
220721211203	天德村委会	124.104280	44.444570	0	25	47	乡镇
220721201203	黑岗子村委会	124.608555	45.359722	0	16	65	村庄
220723105209	辞字村委会	124.036640	44.832409	0	25	47	乡镇
220721105002	阿木古郎社区	125.007187	44.875915	1	80	100	地产小区
220781103217	大三家子村委会	125.842078	44.920748	1	80	100	政府机构
220702015005	长安社区	124.817001	45.171800	0	14	46	区县
220721207206	双榆树村委会	124.863134	44.908320	0	16	65	村庄
220781204211	房身地村委会	125.700050	45.238638	0	16	65	乡镇
220723104224	灵字村委会	123.763749	44.805891	0	25	47	乡镇
220781110207	宗家村委会	125.999997	44.863054	0	16	65	乡镇
220781100207	东十三号村委会	126.088597	44.920555	1	80	100	政府机构
220721103210	高家围子村委会	124.399150	44.577999	0	25	47	乡镇
220781203215	庙荒村委会	125.491119	44.970484	0	16	38	乡镇
220702012001	建民社区	124.816053	45.113446	1	80	97	政府机构
220721200202	聚宝山村委会	124.604780	44.897461	0	25	47	村庄
220702002001	商贸社区	124.821001	45.174280	1	80	97	政府机构
220721210202	莲花山村委会	124.449180	44.668279	0	25	70	乡镇
220781102001	五家站居委会	125.654706	44.968172	0	16	47	乡镇
220781107203	增兴村委会	126.050000	44.988501	0	12	34	区县
220781200205	何家村委会	125.184421	45.331346	0	16	65	乡镇
220781104213	东二十五号村委会	126.079381	45.095129	0	16	38	乡镇
220721107204	小城子村委会	125.112511	44.886849	0	25	70	乡镇
220781107215	李勇村委会	125.331198	44.977610	0	16	38	乡镇
220721104202	昂格赉村委会	124.095151	44.602059	0	25	47	乡镇
220781203203	西井村委会	125.453019	44.920151	0	30	72	村庄
220781104205	大十八号村委会	126.110220	45.081923	0	30	58	地产小区
220721213204	达日哈都村委会	123.726501	44.565019	0	30	58	地产小区
220781200213	西达户村委会	125.184421	45.331346	0	16	33	乡镇
220721203204	四家子村委会	124.351123	45.429199	1	80	100	政府机构
220722108202	乔家围子村委会	123.436710	44.487909	0	25	47	乡镇
220781103201	陶西村委会	125.865080	44.879190	0	16	65	乡镇
220702006003	职大社区	124.810031	45.191120	1	80	97	政府机构
220721214200	红星村委会	124.856512	45.113955	1	80	100	政府机构
220723201209	圣字村委会	123.762978	44.970188	0	16	38	村庄
220702016003	青年社区	124.817001	45.171800	0	14	46	区县
220721204200	锡伯屯村委会	124.947709	45.059717	1	80	100	政府机构
220721103206	太力伯村委会	124.399150	44.577999	0	25	47	乡镇
220781100211	西十一号村委会	126.031244	44.972949	0	16	38	乡镇
220781204207	新红村委会	125.731130	45.227851	0	30	72	村庄
220721207210	北坨子村委会	124.863134	44.908320	0	16	38	村庄
220722102208	大榆树村委会	124.474840	44.461821	0	25	70	乡镇
220722208200	三团村委会	123.709580	44.422751	0	25	70	村庄
220722104201	十二号村委会	123.708860	44.198141	0	25	70	乡镇
220722101003	新风路社区	123.220339	44.397481	0	25	70	乡镇
220781004002	李家店社区	126.050000	44.988501	0	12	34	区县
220702101200	善友村委会	124.942329	45.163701	1	80	100	政府机构
220781106218	万泉村委会	125.439291	45.190784	1	80	100	政府机构
220781108206	成发村委会	125.567372	45.078895	0	16	38	乡镇
220723100206	西北村委会	124.010610	45.009714	0	30	72	村庄
220722107211	义和村委会	123.562760	44.205909	0	30	72	村庄
220702102210	刘家围子村委会	124.673715	45.204587	0	16	65	乡镇
220781105208	三横道村委会	125.775420	45.118240	0	30	72	村庄
220781400506	西山分场	125.619915	45.469047	0	18	66	UNKNOWN
220721108201	蒙古艾里村委会	124.363769	45.200992	0	25	43	旅游景点
220722204203	西沟村委会	124.247822	44.042743	0	18	66	村庄
220722100215	三合村委会	123.973410	44.283529	0	25	70	乡镇
220723200204	结字村委会	124.085750	45.143100	0	25	47	村庄
220723104212	图字村委会	123.763749	44.805891	0	25	47	乡镇
220702202212	蔡家村委会	124.802680	45.283180	0	25	70	村庄
220722103205	吴大屯村委会	124.445209	44.241516	1	80	100	政府机构
220781103221	朝农村委会	125.865080	44.879190	0	16	33	乡镇
220723203214	前率村委会	124.048720	44.905209	0	25	43	村庄
220721208203	碱巴拉村委会	124.737340	44.925070	0	25	47	乡镇
220722100203	拉拉街村委会	123.973410	44.283529	0	25	70	乡镇
220722110203	宁家屯村委会	124.386171	44.097100	0	30	58	村庄
220723104204	令字村委会	123.763749	44.805891	0	25	47	乡镇
220723200212	东金村委会	124.019610	45.108562	0	30	72	村庄
220722207205	九十一村委会	123.542470	44.278120	0	25	70	村庄
220702202204	杨家村委会	124.802680	45.283180	0	25	70	村庄
220723203202	父字村委会	124.048720	44.905209	0	25	47	村庄
220721408598	八郎农场虚拟生活区	124.401220	45.370911	1	80	95	政府机构
220722200201	胜利村委会	124.325410	44.418219	0	30	72	村庄
220781200225	双丰村委会	125.068630	45.300600	0	30	72	村庄
220723100210	归字村委会	124.029982	45.009940	0	18	40	乡镇
220781108210	长发村委会	125.567372	45.078895	0	16	65	乡镇
220702102206	六家子村委会	124.673715	45.204587	0	16	65	乡镇
220722107207	金山村委会	123.313230	44.214699	0	30	72	村庄
220781201208	前围子村委会	125.138354	45.181475	0	16	65	村庄
220723103200	让字村委会	124.258690	45.031312	0	25	70	乡镇
220721106209	冷家屯村委会	124.408220	45.374509	0	25	70	乡镇
220723202203	随字村委会	123.906690	44.845629	0	25	47	村庄
220781206220	王家村委会	125.860110	45.026103	0	30	72	村庄
220722206204	羊依山村委会	124.008433	44.082557	0	16	33	乡镇
220781101226	腰窝堡村委会	125.377321	45.354663	0	16	65	乡镇
220723201213	朝字村委会	123.762978	44.970188	0	16	33	村庄
220723105205	渭字村委会	124.036640	44.832409	0	25	47	乡镇
220723100007	城东社区	124.029982	45.009940	0	18	66	乡镇
220722111202	邢坨子村委会	124.310659	44.140871	0	25	47	乡镇
220781001001	东北街社区	126.050000	44.988501	0	12	34	区县
220722101202	铁东村委会	123.203840	44.403309	0	30	72	村庄
220721107208	孙家窝堡村委会	125.112511	44.886849	0	25	70	乡镇
220781106222	庆丰村委会	125.346461	45.156660	0	16	65	乡镇
220723102201	龙字村委会	123.994653	45.030276	1	80	100	政府机构
220702400598	华侨农场虚拟生活区	124.778640	45.377681	1	70	88	UNKNOWN
220781200209	苏家村委会	125.184421	45.331346	0	16	65	乡镇
220722106206	前伏山村委会	124.584780	44.347639	0	30	72	村庄
220702103207	富康村委会	124.817001	45.171800	0	14	37	区县
220723101211	松字村委会	123.550380	44.840219	0	25	47	乡镇
220781109211	巨发村委会	125.562779	45.291962	0	30	72	村庄
220722201200	光明村委会	124.344873	44.276758	1	80	100	政府机构
220722105216	二里界村委会	123.770143	44.129486	0	60	80	UNKNOWN
220702100217	班德村委会	124.926360	45.280560	0	25	47	乡镇
220721213208	赵泉窝堡村委会	123.915276	44.551429	1	80	95	UNKNOWN
220781104209	郑家村委会	126.079381	45.095129	0	16	65	乡镇
220702103211	大岗子村委会	124.817001	45.171800	0	14	37	区县
220722202206	庄家屯村委会	124.393497	44.093479	0	16	65	乡镇
220781109207	更新村委会	125.552311	45.220091	0	16	65	乡镇
220723101207	建字村委会	123.550380	44.840219	0	25	47	乡镇
220723402598	大遐畜牧场虚拟生活区	124.348352	44.836181	0	18	49	乡镇
220702100201	解放村委会	124.920810	45.247920	0	30	72	村庄
220722105200	新一村委会	123.867510	44.048910	0	25	70	乡镇
220722100002	长盛路社区	123.975686	44.279976	1	80	100	地产小区
220781005003	新安堡社区	126.050000	44.988501	0	12	44	区县
220721209202	六股道村委会	124.680570	44.740990	0	25	70	村庄
220781102220	临江村委会	125.569679	44.932421	0	30	72	村庄
220722102204	朝阳村委会	124.604208	44.445899	0	30	72	村庄
220723105213	瑟字村委会	124.036640	44.832409	0	25	47	乡镇
220723201205	拱字村委会	123.762978	44.970188	0	16	38	村庄
220781101230	前坨子村委会	125.377321	45.354663	0	16	65	乡镇
220722205202	东升村委会	124.221381	44.119429	0	30	72	村庄
220702200203	长虹村委会	124.890250	45.191841	0	30	72	村庄
220723105212	对字村委会	124.036640	44.832409	0	25	47	乡镇
220723201204	乃字村委会	123.762978	44.970188	0	16	38	村庄
220722205203	张家炉村委会	124.163300	44.078227	0	16	38	村庄
220702200202	两家子村委会	124.892814	45.205934	0	18	66	村庄
220721209203	大兴村委会	124.733700	44.722971	0	30	72	村庄
220781102221	甄祥村委会	125.654706	44.968172	0	16	38	乡镇
220722102205	左克垒村委会	124.474840	44.461821	0	25	43	乡镇
220781109206	龙科村委会	125.552311	45.220091	0	16	38	乡镇
220723101206	端字村委会	123.550380	44.840219	0	25	47	乡镇
220702100200	向阳村委会	124.961860	45.255642	0	30	72	村庄
220722105201	新二村委会	123.867510	44.048910	0	25	70	乡镇
220781005002	道西街社区	126.050000	44.988501	0	12	44	区县
220722100003	长岭街社区	123.995342	44.280042	1	80	100	地产小区
220781104208	万家坨子村委会	126.079381	45.095129	0	16	47	乡镇
220702103210	富达村委会	124.817001	45.171800	0	14	29	区县
220722202207	黑泉眼村委会	124.393497	44.093479	0	16	47	乡镇
220723101210	丛字村委会	123.550380	44.840219	0	25	47	乡镇
220781109210	改善村委会	125.552311	45.220091	0	16	38	乡镇
220722201201	大力拐村委会	124.385615	44.285620	0	16	33	村庄
220722105217	四合村委会	123.867510	44.048910	0	25	70	乡镇
220702100216	风华村委会	124.926360	45.280560	0	25	70	乡镇
220721409598	查干湖渔场虚拟生活区	124.285530	45.306390	1	75	92	UNKNOWN
220721107209	章京营子村委会	125.109870	44.855309	0	30	72	村庄
220781106223	龙盛村委会	125.346461	45.156660	0	16	65	乡镇
220723102200	珍字村委会	123.883580	45.094233	0	25	47	乡镇
220781200208	杨柳村委会	125.229791	45.353389	0	30	72	村庄
220722405598	太平川机械林场虚拟生活区	123.206212	44.409466	1	80	95	UNKNOWN
220722106207	依家坨子村委会	124.548350	44.353102	0	25	47	乡镇
220702103206	丛家村委会	124.817001	45.171800	0	14	37	区县
220781101227	黑岗子村委会	125.377321	45.354663	0	16	65	乡镇
220723201212	白字村委会	123.762978	44.970188	0	16	38	村庄
220723105204	次字村委会	124.036640	44.832409	0	25	47	乡镇
220723100006	昆池社区	124.029982	45.009940	0	18	66	乡镇
220722111203	四家子村委会	124.310659	44.140871	0	25	70	乡镇
220722101203	风水村委会	123.220339	44.397481	0	25	70	乡镇
220723202202	妇字村委会	123.906690	44.845629	0	25	47	村庄
220781206221	黎明村委会	125.909247	45.093147	0	18	49	村庄
220722206205	两宝山村委会	124.008433	44.082557	0	16	47	乡镇
220702102207	姜家村委会	124.673715	45.204587	0	16	65	乡镇
220722107206	义洲海村委会	123.479330	44.187070	0	25	43	乡镇
220781201209	百灵村委会	125.138354	45.181475	0	16	65	村庄
220702401598	大洼商业渔场虚拟生活区	124.817001	45.171800	0	14	26	区县
220723103201	遐字村委会	124.258690	45.031312	0	25	47	乡镇
220721106208	苏玛村委会	124.408220	45.374509	0	25	47	乡镇
220722200200	东双村委会	124.313733	44.386099	0	16	65	村庄
220781200224	春风村委会	125.047561	45.296429	0	30	72	村庄
220723100211	宾字村委会	124.029982	45.009940	0	18	40	乡镇
220781108211	双合村委会	125.633722	45.078872	1	80	100	政府机构
220722207204	八十一村委会	123.542470	44.278120	0	25	70	村庄
220702202205	溪浪河村委会	124.802680	45.283180	0	25	55	村庄
220723203203	敢字村委会	124.037527	44.940655	1	80	100	政府机构
220722100202	南门外村委会	123.973410	44.283529	0	25	70	乡镇
220722110202	柳蒿泉子村委会	124.641001	44.165999	0	25	43	乡镇
220723104205	中入村委会	123.763749	44.805891	0	25	47	乡镇
220723200213	西金村委会	124.085750	45.143100	0	25	70	村庄
220702202213	井发村委会	124.802680	45.283180	0	25	47	村庄
220722103204	平安村委会	124.481869	44.226231	0	30	72	村庄
220781103220	二十家子村委会	125.865080	44.879190	0	16	38	乡镇
220723203215	鞠字村委会	124.162018	44.948541	1	80	100	政府机构
220721208202	长坨子村委会	124.737340	44.925070	0	25	70	乡镇
220723102001	水字居委会	123.880828	45.094328	0	50	82	UNKNOWN
220722204202	新建村委会	124.347010	44.034580	0	30	72	村庄
220722100214	马莲村委会	123.892060	44.297971	0	30	72	村庄
220723200205	附余村委会	124.085750	45.143100	0	25	47	村庄
220723104213	动字村委会	123.763749	44.805891	0	25	47	乡镇
220722203206	尹家炉村委会	124.303590	44.211481	0	30	58	UNKNOWN
220722107210	顺山村委会	123.479330	44.187070	0	25	47	乡镇
220781105209	东胜村委会	125.741727	45.122162	0	16	65	乡镇
220781400507	实验站分场	125.619915	45.469047	0	18	49	UNKNOWN
220721212208	张家围子村委会	124.092561	44.362199	0	25	70	乡镇
220721108200	前宝勒太村委会	124.363769	45.200992	0	25	47	旅游景点
220722104200	前七号村委会	123.723080	44.207803	1	80	100	政府机构
220722101002	站前街社区	123.220339	44.397481	0	25	70	乡镇
220702101201	辛家村委会	124.961660	45.166881	0	16	65	乡镇
220723403598	乾安鹿场虚拟生活区	124.213695	44.784444	0	18	49	乡镇
220702406498	雅达虹工业集中区虚拟社区	124.882053	45.188151	1	80	67	工业园区
220781106219	万新村委会	125.346461	45.156660	0	16	65	乡镇
220781108207	北四村委会	125.567372	45.078895	0	16	65	乡镇
220723100207	鳞字村委会	124.029982	45.009940	0	18	40	乡镇
220721103207	八大户村委会	124.399150	44.577999	0	25	70	乡镇
220781100210	东十一号村委会	126.031244	44.972949	0	16	38	乡镇
220781110210	团山村委会	125.961720	44.911668	0	30	72	村庄
220781204206	五家村委会	125.700050	45.238638	0	16	65	乡镇
220721400598	红旗农场虚拟生活区	124.965384	45.035594	1	80	95	UNKNOWN
220722102209	四平山村委会	124.474840	44.461821	0	25	70	乡镇
220721410598	韩家店林场虚拟生活区	124.699992	45.078698	1	80	95	UNKNOWN
220722208201	六十三村委会	123.709580	44.422751	0	25	70	村庄
220781103200	陶东村委会	125.865080	44.879190	0	16	65	乡镇
220721214201	鲜丰村委会	124.898739	45.081341	1	80	100	政府机构
220723201208	才字村委会	123.762978	44.970188	0	16	38	村庄
220702006002	前进社区	124.810031	45.191120	1	80	97	政府机构
220721204201	七家子村委会	124.960709	45.052183	0	25	70	乡镇
220702016002	新世纪社区	124.817001	45.171800	0	14	46	区县
220781104204	里半号村委会	126.079381	45.095129	0	16	33	乡镇
220721213205	后蒙户村委会	123.837886	44.578442	0	16	33	乡镇
220781200212	东达户村委会	125.184421	45.331346	0	16	33	乡镇
220722108203	七撮村委会	123.297665	44.521560	1	70	88	UNKNOWN
220781107214	毛家村委会	125.331198	44.977610	0	16	65	乡镇
220721101001	科尔沁社区	124.476027	45.317079	1	80	100	地产小区
220721104203	腰五井子村委会	124.095151	44.602059	0	25	43	乡镇
220781203202	王录村委会	125.491119	44.970484	0	16	38	乡镇
220781200204	乡约村委会	126.050000	44.988501	0	12	22	区县
220781104212	后二十四号村委会	126.079381	45.095129	0	16	47	乡镇
220721107205	哈崩店村委会	125.112511	44.886849	0	25	47	乡镇
220781203214	临界村委会	125.577284	44.990527	1	80	100	政府机构
220721200203	二道梁子村委会	124.604780	44.897461	0	25	70	村庄
220721210203	哈沙吐村委会	124.449180	44.668279	0	25	47	乡镇
220781107202	兴和村委会	125.371460	44.988310	0	30	72	村庄
220721207207	太平川村委会	124.863134	44.908320	0	16	65	村庄
220781204210	富强村委会	125.795260	45.226031	0	30	72	村庄
220781110206	大房村委会	126.038157	44.881282	0	30	72	村庄
220781100206	半号村委会	126.042129	44.934331	1	75	92	地产小区
220721103211	大德营子村委会	124.291150	44.585980	0	30	72	村庄
220771100001	新天地社区	124.825000	45.141301	0	10	33	城市
220723105208	前寸村委会	124.036640	44.832409	0	25	43	乡镇
220781103216	小城子村委会	125.865080	44.879190	0	16	65	乡镇
220721105214	新立屯村委会	125.026029	44.874461	0	25	70	乡镇
220781103001	陶赖昭居委会	125.865080	44.879190	0	16	65	乡镇
220781106203	永久村委会	125.407760	45.135370	0	30	72	村庄
220721211202	东太平村委会	124.208645	44.410750	0	30	72	村庄
220702003001	兴旺社区	124.822529	45.181011	1	80	97	政府机构
220781200228	二屯村委会	125.184421	45.331346	0	16	65	乡镇
220721201202	长江村委会	124.548959	45.356911	0	30	72	村庄
220702013001	敬业社区	124.859420	45.092142	1	80	97	政府机构
220722109214	幸福村委会	124.049580	44.183810	0	30	72	村庄
220781105213	榆树村委会	125.741727	45.122162	0	16	65	乡镇
220721106204	塔虎城村委会	124.353480	45.415960	0	25	55	UNKNOWN
220781201205	九连山村委会	125.183751	45.152687	1	80	100	政府机构
220721101200	东库里村委会	124.476330	45.313221	0	25	55	乡镇
220781102217	公正村委会	125.654706	44.968172	0	16	38	乡镇
220723104209	受字村委会	123.763749	44.805891	0	25	47	乡镇
220781206201	艾家沟村委会	125.909247	45.093147	0	18	66	村庄
220702202209	松林村委会	124.802680	45.283180	0	25	70	村庄
220781402598	下岱吉灌区管理局虚拟生活区	125.409168	45.403714	1	80	94	UNKNOWN
220781101207	西长发村委会	125.377321	45.354663	0	16	38	乡镇
220721102210	七棵树村委会	124.537399	44.735977	0	16	65	乡镇
220781111207	北江村委会	125.549772	45.391493	0	16	65	乡镇
220721206206	太平庄村委会	124.975129	44.824770	0	30	72	村庄
220722100218	九号村委会	123.973410	44.283529	0	25	70	乡镇
220721205200	韩家店村委会	124.709359	45.081395	1	80	100	政府机构
220781206217	东榆树村委会	125.909247	45.093147	0	18	66	村庄
220723200209	宙字村委会	124.085750	45.143100	0	25	47	村庄
220781102201	东南村委会	125.674620	44.962860	0	30	72	村庄
220722209200	三十号村委会	123.456329	44.615687	0	16	65	村庄
220722103208	三教寺村委会	124.509690	44.221976	0	16	38	乡镇
220771200202	西郊村委会	124.801280	45.126021	0	30	72	村庄
220781111211	徐家店村委会	125.538400	45.380149	0	30	72	村庄
220722123201	宝山村委会	124.015669	44.334201	0	30	72	村庄
220721102206	旱龙坑村委会	124.583410	44.685119	0	30	72	村庄
220781101211	长岭村委会	125.475951	45.375888	0	30	72	村庄
220781106215	八井子村委会	125.346461	45.156660	0	16	38	乡镇
220721105202	阿拉嘎村委会	125.026029	44.874461	0	25	47	乡镇
220702100220	华家村委会	124.926360	45.280560	0	25	70	乡镇
220722109202	后太阳村委会	124.168513	44.244802	0	16	47	乡镇
220781201213	东范家村委会	125.138354	45.181475	0	16	65	村庄
220721212204	西波音村委会	124.092561	44.362199	0	25	43	乡镇
220721106212	羊营子村委会	124.401220	45.370911	1	80	94	政府机构
220781105205	永生村委会	125.741727	45.122162	0	16	65	乡镇
220722101005	岭川路社区	123.220339	44.397481	0	25	55	乡镇
220722104207	西十一号村委会	123.708860	44.198141	0	25	47	乡镇
220702101206	林家村委会	124.961660	45.166881	0	16	65	乡镇
220723100200	民字村委会	124.029982	45.009940	0	18	40	乡镇
220781108200	万发村委会	125.581162	45.080583	1	80	100	政府机构
220722407598	东岭机械林场虚拟生活区	123.968000	44.275299	0	12	26	区县
220721105209	大榆树村委会	125.026029	44.874461	0	25	70	乡镇
220722109209	西金宝村委会	124.168513	44.244802	0	16	47	乡镇
220722203201	高产村委会	124.296858	44.193383	0	18	66	村庄
220723103210	西露村委会	124.258690	45.031312	0	25	43	乡镇
220721108207	外七村委会	124.363769	45.200992	0	25	47	旅游景点
220781201218	孤山村委会	125.067740	45.221660	0	30	72	村庄
220721106219	铁桥村委会	124.433953	45.332786	1	80	100	政府机构
220781400500	临江分场	125.619915	45.469047	0	18	49	UNKNOWN
220722100213	固鲁玍村委会	123.973410	44.283529	0	25	47	乡镇
220722204205	和平村委会	124.185199	44.048011	0	30	72	村庄
220723104214	神字村委会	123.763749	44.805891	0	25	47	乡镇
220723200202	张字村委会	124.085750	45.143100	0	25	47	村庄
220722103203	车木铺村委会	124.505621	44.215384	1	80	100	政府机构
220771200209	卡伦村委会	124.801200	45.122731	0	25	70	村庄
220781103227	新发村委会	125.769956	44.945814	0	30	72	村庄
220723203212	墨字村委会	124.048720	44.905209	0	25	47	村庄
220721208205	腰围子村委会	124.737340	44.925070	0	25	47	乡镇
220722110205	葛平房村委会	124.647545	44.152223	1	80	100	政府机构
220722100205	串坨子村委会	123.892000	44.173751	0	30	58	村庄
220723200214	吕字村委会	124.085750	45.143100	0	25	47	村庄
220781100221	腰七号村委会	126.031244	44.972949	0	16	47	乡镇
220723104202	忠字村委会	123.763749	44.805891	0	25	47	乡镇
220722207203	五十八村委会	123.542470	44.278120	0	25	47	村庄
220702202202	新安村委会	124.836620	45.283271	0	30	72	村庄
220723203204	羔字村委会	124.048720	44.905209	0	25	47	村庄
220722200207	西双村委会	124.313733	44.386099	0	16	38	村庄
220702101210	光荣村委会	124.961660	45.166881	0	16	65	乡镇
220722104211	十八号村委会	123.783487	44.363589	1	80	100	政府机构
220781106208	六井子村委会	125.346461	45.156660	0	16	65	乡镇
220781200223	曙光村委会	125.031379	45.249951	0	30	72	村庄
220721201209	八家户村委会	124.608555	45.359722	0	16	65	村庄
220781108216	同意村委会	125.585780	45.150890	0	30	72	村庄
220702102200	奔布来村委会	124.673715	45.204587	0	16	33	乡镇
220722107201	中兴村委会	123.479330	44.187070	0	25	70	乡镇
220781105218	双胜村委会	125.767170	45.162080	0	30	72	村庄
220723103206	珠字村委会	124.258690	45.031312	0	25	47	乡镇
220721108211	米占村委会	124.363769	45.200992	0	25	43	旅游景点
220781206226	上河湾村委会	125.815303	45.092539	1	80	100	政府机构
220723202205	情字村委会	124.041001	45.002601	0	12	26	区县
220722206202	头段村委会	124.008433	44.082557	0	16	65	乡镇
220723100001	鸣凤社区	124.029982	45.009940	0	18	66	乡镇
220781111220	石碑村委会	125.549772	45.391493	0	16	65	乡镇
220723105203	东下村委会	124.069253	44.805240	0	30	72	村庄
220702008001	一厂社区	124.807514	45.202638	1	80	97	政府机构
220781101220	三家子村委会	125.377321	45.354663	0	16	65	乡镇
220723201215	男字村委会	123.762978	44.970188	0	16	38	村庄
220722101204	蛤蟆沁村委会	123.220339	44.397481	0	25	43	乡镇
220722111204	苏粉坊村委会	124.310659	44.140871	0	25	70	乡镇
220723102207	水字村委会	123.880828	45.094328	0	50	73	UNKNOWN
220781106224	龙福村委会	125.346461	45.156660	0	16	65	乡镇
220781003201	高家村委会	126.050049	44.927861	0	30	72	村庄
220722106200	大房身村委会	124.582670	44.323060	0	30	72	村庄
220723401598	腾字种畜场虚拟生活区	124.277791	45.128360	0	60	80	UNKNOWN
220702103201	新山村委会	125.181480	44.979588	0	30	72	村庄
220721200208	长立村委会	124.824000	45.117300	0	12	34	区县
220781107209	荣家村委会	126.050000	44.988501	0	12	34	区县
220721210208	乌兰扎拉嘎村委会	124.449180	44.668279	0	25	47	乡镇
220702100211	民生村委会	124.900116	45.351570	0	30	72	村庄
220722201206	二龙村委会	124.385615	44.285620	0	16	65	村庄
220781200219	太阳村委会	125.118656	45.278724	1	80	100	政府机构
220723102211	光字村委会	123.883580	45.094233	0	25	47	乡镇
220722202200	三县堡村委会	124.393497	44.093479	0	16	33	乡镇
220722108208	前二十七村委会	123.436710	44.487909	0	25	55	乡镇
220781105222	农场村委会	125.864460	45.175342	0	30	72	UNKNOWN
220721104208	腰英吐村委会	124.095151	44.602059	0	25	43	乡镇
220781203209	柳家村委会	125.491119	44.970484	0	16	65	乡镇
220723101201	夙字村委会	123.550380	44.840219	0	25	47	乡镇
220702403598	国营八家子苗圃虚拟生活区	124.817001	45.171800	0	14	25	区县
220781109201	街基村委会	125.552311	45.220091	0	16	38	乡镇
220702100207	北大洼村委会	124.926360	45.280560	0	25	70	乡镇
220722100004	新业街社区	123.973410	44.283529	0	25	70	乡镇
220722105206	对龙山村委会	123.917793	44.070894	1	80	95	UNKNOWN
220721209204	苇芦山村委会	124.680570	44.740990	0	25	55	村庄
220702102001	油田居委会	124.673715	45.204587	0	16	65	乡镇
220722102202	靠山村委会	124.474840	44.461821	0	25	55	乡镇
220781002001	西北街社区	126.050000	44.988501	0	12	44	区县
220723201203	文字村委会	123.762978	44.970188	0	16	65	村庄
220722205204	六家子村委会	124.163300	44.078227	0	16	65	村庄
220702200205	民主村委会	124.893890	45.218032	0	30	72	村庄
220722109205	爱国村委会	124.168513	44.244802	0	16	65	乡镇
220702100227	东六家子村委会	124.926414	45.280560	0	25	55	乡镇
220721212203	乌珠尔村委会	124.092561	44.362199	0	25	47	乡镇
220781105202	腰房身村委会	125.668690	45.089421	0	30	72	村庄
220721106215	富岗子村委会	124.401220	45.370911	1	80	95	政府机构
220781201214	西范家村委会	125.140539	45.206282	0	30	72	村庄
220721105205	二部落村委会	125.026029	44.874461	0	25	47	乡镇
220721100007	乌兰社区	124.828985	45.118241	1	80	100	地产小区
220781106212	纪家村委会	125.346461	45.156660	0	16	65	乡镇
220721201213	松江村委会	124.679400	45.289980	0	30	72	村庄
220771200205	孙喜村委会	124.801200	45.122731	0	25	70	村庄
220781101216	四合村委会	125.377321	45.354663	0	16	65	乡镇
220721102201	阎家窝堡村委会	124.537399	44.735977	0	16	38	乡镇
220781111216	合力村委会	125.549772	45.391493	0	16	65	乡镇
220722204209	大邹屯村委会	124.247822	44.042743	0	18	40	村庄
220721101211	骆驼岗子村委会	124.476330	45.313221	0	25	55	乡镇
220781102206	娄家村委会	125.654706	44.968172	0	16	65	乡镇
220781206210	上号村委会	125.909247	45.093147	0	18	66	村庄
220702017004	镜湖社区	124.817001	45.171800	0	14	46	区县
220721205207	白依拉哈村委会	124.707840	45.007084	0	30	58	村庄
220723104218	姑字村委会	123.763749	44.805891	0	25	47	乡镇
220781111200	得胜村委会	125.549772	45.391493	0	16	65	乡镇
220702014002	晨光社区	124.837070	45.177622	1	80	97	政府机构
220721206201	老北井子村委会	124.882760	44.796179	0	25	55	村庄
220781101200	长丰村委会	125.389619	45.374811	0	30	72	村庄
220702004002	临盛社区	124.818471	45.171380	1	80	97	政府机构
220723203208	后鸣村委会	124.048720	44.905209	0	25	43	村庄
220722100209	龙凤村委会	123.947959	44.385166	1	80	100	政府机构
220721412598	库里渔场虚拟生活区	124.824000	45.117300	0	12	24	区县
220721402598	红星牧场虚拟生活区	124.470510	45.026303	1	80	95	UNKNOWN
220781206206	威武村委会	125.909247	45.093147	0	18	40	村庄
220781102210	万兴村委会	125.654706	44.968172	0	16	65	乡镇
220721101207	袁家窝堡村委会	124.476330	45.313221	0	25	70	乡镇
220723200218	后盈村委会	124.085750	45.143100	0	25	43	村庄
220702100231	两家子村委会	124.926360	45.280560	0	25	70	乡镇
220722109213	号力宝村委会	124.168513	44.244802	0	16	33	乡镇
220781201202	四棵树村委会	125.138354	45.181475	0	16	65	村庄
220721106203	北上台子村委会	124.401220	45.370911	1	80	95	政府机构
220721103001	大老爷府社区	124.414383	44.578202	1	80	100	UNKNOWN
220781105214	井泉村委会	125.741727	45.122162	0	16	65	乡镇
220721201205	郭家窝堡村委会	124.608555	45.359722	0	16	65	村庄
220781106204	二井子村委会	125.446167	45.115245	1	80	100	政府机构
220721100011	图雅社区	124.876747	45.107664	0	18	66	乡镇
220721105213	小榆树村委会	125.065708	44.806337	1	80	100	政府机构
220702003006	富江苑社区	124.822529	45.181011	1	80	100	政府机构
220721211205	老东三家子村委会	124.382877	45.385998	1	80	100	政府机构
220781103211	乌金村委会	125.865080	44.879190	0	16	65	乡镇
220722101208	三十九村委会	123.220339	44.397481	0	25	70	乡镇
220723202209	行字村委会	123.906690	44.845629	0	25	43	村庄
220781100201	杨大桥村委会	126.031244	44.972949	0	16	38	乡镇
220702015003	和宁社区	124.817001	45.171800	0	14	46	区县
220721207200	大山村委会	124.853910	44.887111	0	30	72	村庄
220781110201	孤树村委会	125.999997	44.863054	0	16	65	乡镇
220723104222	左字村委会	123.763749	44.805891	0	25	43	乡镇
220721210204	腰哈沙吐村委会	124.449180	44.668279	0	25	43	乡镇
220781107205	福民村委会	125.331198	44.977610	0	16	65	乡镇
220721200204	西罗家围子村委会	124.604780	44.897461	0	25	55	村庄
220781203213	赵福村委会	125.491119	44.970484	0	16	65	乡镇
220721107202	前哈拉毛都村委会	125.124871	44.885379	0	60	80	地产小区
220781104215	后两家子村委会	126.079381	45.095129	0	16	38	乡镇
220781106228	牧场村委会	125.329030	45.226002	0	30	72	UNKNOWN
220781200203	冯家村委会	125.184421	45.331346	0	16	65	乡镇
220781203205	通途村委会	125.491119	44.970484	0	16	38	乡镇
220721104204	白音花村委会	124.095151	44.602059	0	25	47	乡镇
220781107213	沿江村委会	125.205739	44.919031	0	30	72	村庄
220722100008	永久路社区	123.973410	44.283529	0	25	70	乡镇
220781108220	新农村委会	125.513950	45.093812	0	30	72	村庄
220702011001	锦江社区	124.818450	45.125420	1	80	97	政府机构
220721203202	额仁套宝村委会	124.594990	45.195951	0	30	58	UNKNOWN
220781200215	嘎尔奇村委会	125.184421	45.331346	0	16	38	乡镇
220781104203	腰号村委会	126.079381	45.095129	0	16	38	乡镇
220781101001	东街居委会	125.377321	45.354663	0	16	65	乡镇
220702001001	团结社区	124.810951	45.176480	1	80	97	政府机构
220721213202	红卫村委会	123.851171	44.573459	0	30	72	村庄
220722108204	前四十七村委会	123.436710	44.487909	0	25	47	乡镇
220702016005	班芙社区	124.817001	45.171800	0	14	46	区县
220721204206	扎拉吐村委会	124.915300	45.018113	0	30	58	UNKNOWN
220781103207	河沿村委会	125.865080	44.879190	0	16	65	乡镇
220702006005	红烛社区	124.810031	45.191120	1	80	97	政府机构
220702200209	罗斯村委会	124.892814	45.205934	0	18	40	村庄
220781204201	平安村委会	125.636530	45.259131	0	30	72	村庄
220781100217	东房身村委会	126.180600	44.920710	0	30	72	村庄
220721103200	乌兰图嘎村委会	124.399150	44.577999	0	25	47	乡镇
220721209208	长龙村委会	124.679107	44.739257	0	30	72	村庄
220722208206	苑家街村委会	123.680578	44.480008	0	50	73	道路
220781204200	南平村委会	125.710442	45.233409	1	80	97	UNKNOWN
220781100216	前房身村委会	126.163959	44.916411	0	30	72	村庄
220721103201	浩勒宝坨子村委会	124.355304	44.539879	1	80	100	政府机构
220721209209	老钱柜村委会	124.680570	44.740990	0	25	47	村庄
220721204207	老吉拉吐村委会	124.901551	45.041701	1	80	95	UNKNOWN
220781103206	许家村委会	125.865080	44.879190	0	16	65	乡镇
220702006004	前程社区	124.810031	45.191120	1	80	97	政府机构
220702200208	四家子村委会	124.892814	45.205934	0	18	66	村庄
220721203203	灯笼山村委会	124.605980	45.132746	0	16	65	乡镇
220781200214	苗盛村委会	125.184421	45.331346	0	16	38	乡镇
220781104202	张堡村委会	126.079381	45.095129	0	16	47	乡镇
220721213203	浩勒宝村委会	123.837886	44.578442	0	16	38	乡镇
220722108205	后四十七村委会	123.436710	44.487909	0	25	47	乡镇
220781203204	松花江村委会	125.491119	44.970484	0	16	38	乡镇
220721104205	乌兰花村委会	124.130206	44.598632	1	80	100	政府机构
220781107212	世元村委会	125.331198	44.977610	0	16	38	乡镇
220722100009	东关街社区	123.988555	44.280216	0	50	100	道路
220721107203	后店村委会	125.211380	44.842931	0	30	72	村庄
220781104214	西二十五号村委会	126.079381	45.095129	0	16	38	乡镇
220781200202	发德村委会	125.184421	45.331346	0	16	38	乡镇
220721210205	谢力嘎村委会	124.449180	44.668279	0	25	47	乡镇
220781107204	兴盛村委会	125.328070	45.015974	0	30	72	村庄
220721200205	菲菜坨子村委会	124.604780	44.897461	0	25	55	村庄
220781203212	杨家村委会	125.491119	44.970484	0	16	65	乡镇
220723202208	当字村委会	123.906690	44.845629	0	25	47	村庄
220702005002	新源社区	124.866290	45.167750	1	80	97	政府机构
220781100200	新城局村委会	126.131581	44.986759	1	80	95	政府机构
220721207201	砖厂村委会	124.863134	44.908320	0	16	38	村庄
220702015002	新苑社区	124.817001	45.171800	0	14	46	区县
220781110200	铁东村委会	125.985750	44.913201	0	30	72	村庄
220723104223	达字村委会	123.763749	44.805891	0	25	47	乡镇
220781103210	石人沟村委会	125.865080	44.879190	0	16	65	乡镇
220721403598	查干花种畜场虚拟生活区	123.840334	44.630648	1	80	95	UNKNOWN
220721413598	哈拉毛都良种场虚拟生活区	125.124871	44.885379	0	60	74	地产小区
220722101209	六合元村委会	123.220339	44.397481	0	25	43	乡镇
220721201204	新富村委会	124.572851	45.306399	0	30	72	村庄
220781106205	新井村委会	125.346461	45.156660	0	16	65	乡镇
220721100010	满都拉社区	124.876747	45.107664	0	18	66	乡镇
220721105212	青龙山村委会	125.026029	44.874461	0	25	70	乡镇
220721211204	盟吐村委会	124.219514	44.477318	1	80	95	UNKNOWN
220702100230	后土木村委会	124.926360	45.280560	0	25	43	乡镇
220722109212	长坨子村委会	124.168513	44.244802	0	16	65	乡镇
220781201203	陈家村委会	125.138354	45.181475	0	16	38	村庄
220721106202	西上台子村委会	124.401220	45.370911	1	80	95	政府机构
220781105215	镇山村委会	125.741727	45.122162	0	16	65	乡镇
220722100208	新太村委会	123.973410	44.283529	0	25	70	乡镇
220722110208	团山子村委会	124.551069	44.163081	0	30	72	村庄
220781206207	福泉村委会	125.909247	45.093147	0	18	66	村庄
220781102211	福兴村委会	125.654706	44.968172	0	16	65	乡镇
220721101206	四克基村委会	124.476489	45.316604	0	25	67	乡镇
220723200219	来字村委会	124.085750	45.143100	0	25	47	村庄
220771200212	牛份格村委会	124.801200	45.122731	0	25	47	村庄
220781111201	前阳村委会	125.657680	45.341298	0	30	72	村庄
220721206200	洪泉村委会	124.882760	44.796179	0	25	70	村庄
220702014003	工贸社区	124.837070	45.177622	1	80	97	政府机构
220781101201	长兴村委会	125.388939	45.347901	0	30	72	村庄
220723203209	鸣字村委会	124.048720	44.905209	0	25	47	村庄
220702004003	临强社区	124.818471	45.171380	1	80	97	政府机构
220781401598	拉林灌区管理局虚拟生活区	126.050000	44.988501	0	12	22	区县
220722204208	五美村委会	124.247822	44.042743	0	18	40	村庄
220702007005	府安社区	124.826121	45.186348	1	80	97	政府机构
220721101210	偏脸子村委会	124.476330	45.313221	0	25	47	乡镇
220781102207	保安村委会	125.654706	44.968172	0	16	65	乡镇
220781206211	韩家村委会	126.161793	44.991546	1	80	100	政府机构
220721205206	白喇嘛窝堡村委会	124.750092	45.030882	0	16	47	乡镇
220723104219	操字村委会	123.763749	44.805891	0	25	47	乡镇
220771200204	于家村委会	124.816757	45.101737	0	30	72	村庄
220781101217	蔬菜村委会	125.377321	45.354663	0	16	65	乡镇
220721102200	孤杨村委会	124.537399	44.735977	0	16	38	乡镇
220781111217	杏山村委会	125.569149	45.320251	0	30	72	村庄
220721100006	巴彦社区	124.825857	45.122139	1	75	100	地产小区
220781106213	黄家村委会	125.346461	45.156660	0	16	65	乡镇
220721201212	朱家窝堡村委会	124.608555	45.359722	0	16	65	村庄
220722109204	碱草村委会	124.168513	44.244802	0	16	38	乡镇
220702100226	廿家子村委会	124.926360	45.280560	0	25	47	乡镇
220721212202	周家村委会	124.092561	44.362199	0	25	70	乡镇
220781105203	双庙村委会	125.741727	45.122162	0	16	47	乡镇
220721106214	向阳村委会	124.311540	45.408451	0	30	72	村庄
220702010001	铁安社区	124.817001	45.171800	0	14	46	区县
220781201215	创业村委会	125.128090	45.234300	0	30	72	村庄
220723201202	人字村委会	123.762978	44.970188	0	16	38	村庄
220723105214	西字村委会	124.036640	44.832409	0	25	43	乡镇
220722205205	糜子场村委会	124.163300	44.078227	0	16	38	村庄
220702200204	代家村委会	124.921461	45.210749	0	30	72	村庄
220721209205	大合村委会	124.680570	44.740990	0	25	70	村庄
220722102203	新立村委会	124.508960	44.495949	0	30	72	村庄
220722406598	三团机械林场虚拟生活区	123.713830	44.434891	1	80	95	UNKNOWN
220781203208	新合村委会	125.466180	45.042411	0	30	72	村庄
220723101200	得字村委会	123.550380	44.840219	0	25	47	乡镇
220781109200	大林子村委会	125.552311	45.220091	0	16	65	乡镇
220702100206	南大洼村委会	124.926360	45.280560	0	25	70	乡镇
220781005004	大九号社区	126.050000	44.988501	0	12	44	区县
220722100005	岭城路社区	123.973361	44.276981	0	30	100	道路
220722105207	保安村委会	123.867510	44.048910	0	25	70	乡镇
220781200218	东升村委会	125.216183	45.296530	1	80	97	政府机构
220723102210	玉字村委会	123.883580	45.094233	0	25	47	乡镇
220722202201	南泉子村委会	124.393497	44.093479	0	16	65	乡镇
220722108209	后二十七村委会	123.436710	44.487909	0	25	55	乡镇
220702103216	冬勒赫村委会	124.817001	45.171800	0	14	32	区县
220723101216	温字村委会	123.550380	44.840219	0	25	47	乡镇
220781107208	兴丰村委会	125.259860	45.085023	0	30	72	村庄
220721210209	刘家村委会	124.490209	44.691421	0	30	72	村庄
220722105211	新发村委会	123.787670	44.135619	0	30	72	村庄
220702100210	果园村委会	124.904219	45.328032	0	30	72	村庄
220723102206	大师村委会	123.883580	45.094233	0	25	70	乡镇
220781106225	七里村委会	125.346461	45.156660	0	16	65	乡镇
220722106201	夏家窝堡村委会	124.548350	44.353102	0	25	70	乡镇
220781003200	十四号村委会	126.050000	44.988501	0	12	44	区县
220702103200	社里村委会	125.138190	45.029753	0	30	72	村庄
220781111221	太平村委会	125.549772	45.391493	0	16	65	乡镇
220723105202	西下村委会	124.050369	44.797303	0	30	72	村庄
220781101221	五里村委会	125.377321	45.354663	0	16	65	乡镇
220723201214	在字村委会	123.762978	44.970188	0	16	38	村庄
220722101205	双丰村委会	123.262113	44.295826	0	30	72	村庄
220702200212	松江村委会	124.812871	45.181920	0	30	72	村庄
220722111205	建设村委会	124.348530	44.148590	0	30	72	村庄
220781206227	六大户村委会	125.909247	45.093147	0	18	40	村庄
220723202204	性字村委会	123.906690	44.845629	0	25	47	村庄
220722206203	战胜村委会	124.008433	44.082557	0	16	38	乡镇
220702102201	三马架村委会	124.673715	45.204587	0	16	38	乡镇
220723400598	国营林场虚拟生活区	124.041001	45.002601	0	12	26	区县
220722107200	大兴村委会	123.468579	44.180171	0	30	72	村庄
220781105219	双山子村委会	125.741727	45.122162	0	16	65	乡镇
220723103207	巨字村委会	124.258690	45.031312	0	25	47	乡镇
220721108210	门德村委会	124.363769	45.200992	0	25	47	旅游景点
220722200206	东金宝村委会	124.160640	44.337639	0	30	58	村庄
220722104210	十四号村委会	123.708860	44.198141	0	25	70	乡镇
220721211208	乌日都巴拉村委会	124.104280	44.444570	0	25	47	乡镇
220781106209	七井子村委会	125.346461	45.156660	0	16	38	乡镇
220781200222	刘杭村委会	125.184421	45.331346	0	16	65	乡镇
220721201208	孔家围子村委会	124.608555	45.359722	0	16	38	村庄
220781108217	兴隆村委会	125.510059	45.136252	0	30	72	村庄
220722207202	五十九村委会	123.542470	44.278120	0	25	70	村庄
220702202203	仲仕村委会	124.802680	45.283180	0	25	47	村庄
220723203205	景字村委会	124.048720	44.905209	0	25	47	村庄
220722110204	明塔村委会	124.724479	44.172027	1	80	100	政府机构
220722100204	先锋谱村委会	123.973410	44.283529	0	25	43	乡镇
220723200215	岁字村委会	124.085750	45.143100	0	25	47	村庄
220781100220	山泉堡村委会	126.172870	45.022553	0	30	58	UNKNOWN
220702009001	新兴社区	124.835670	45.125632	1	80	97	政府机构
220723101001	大布苏居委会	123.643728	44.863458	1	80	100	政府机构
220723104203	命字村委会	123.763749	44.805891	0	25	47	乡镇
220722103202	永安村委会	124.509690	44.221976	0	16	47	乡镇
220781003001	联盟社区	126.050000	44.988501	0	12	44	区县
220771200208	单家村委会	124.801200	45.122731	0	25	70	村庄
220781103226	永发村委会	125.865080	44.879190	0	16	65	乡镇
220723203213	大率村委会	124.048720	44.905209	0	25	47	村庄
220721208204	套浩村委会	124.737340	44.925070	0	25	47	乡镇
220722100212	金水村委会	123.973410	44.283529	0	25	70	乡镇
220722204204	车家屯村委会	124.247822	44.042743	0	18	66	村庄
220723104215	物字村委会	124.041001	45.002601	0	12	34	区县
220723200203	为字村委会	124.085750	45.143100	0	25	47	村庄
220722109208	四间房村委会	124.112101	44.304434	1	80	100	政府机构
220722203200	海青村委会	124.278099	44.193626	0	30	72	村庄
220723103211	号字村委会	124.258690	45.031312	0	25	47	乡镇
220721108206	新戎村委会	124.363769	45.200992	0	25	47	旅游景点
220721106218	梁店村委会	124.401220	45.370911	1	80	94	政府机构
220781400501	新立分场	125.619915	45.469047	0	18	66	UNKNOWN
220722101004	长白路社区	123.220339	44.397481	0	25	70	乡镇
220722104206	大四号村委会	123.683890	44.126440	0	30	58	地产小区
220702101207	巨兴村委会	124.961660	45.166881	0	16	38	乡镇
220702402598	国营善友林场虚拟生活区	124.921700	45.167037	1	80	95	UNKNOWN
220723100201	王字村委会	124.029982	45.009940	0	18	40	乡镇
220781108201	三合村委会	125.567372	45.078895	0	16	65	乡镇
220721105208	腰大洼村委会	124.686599	44.664658	1	80	100	政府机构
220702200207	八家子村委会	124.892814	45.205934	0	18	66	村庄
220721204208	良种场村委会	124.960709	45.052183	0	25	70	乡镇
220723201201	道字村委会	123.762978	44.970188	0	16	38	村庄
220781103209	南江村委会	125.974830	44.796970	0	30	72	村庄
220723405598	地字种畜场虚拟生活区	124.041001	45.002601	0	12	24	区县
220722102200	韭菜坨子村委会	124.474840	44.461821	0	25	70	乡镇
220721209206	长山堡村委会	124.680570	44.740990	0	25	47	村庄
220781100219	韩家村委会	126.161793	44.991546	1	80	100	政府机构
220781102224	杨茂村委会	125.654706	44.968172	0	16	38	乡镇
220702100205	由家村委会	124.902390	45.307512	0	30	72	村庄
220722100006	永治街社区	123.978244	44.277594	0	40	100	道路
220722105204	八方地村委会	123.867510	44.048910	0	25	47	乡镇
220723101203	改字村委会	123.550380	44.840219	0	25	47	乡镇
220781109203	永胜村委会	125.571553	45.216834	0	30	72	村庄
220781105220	腾家店村委会	125.920705	45.168192	1	80	100	政府机构
220702103215	一部落村委会	124.817001	45.171800	0	14	29	区县
220722202202	北岭村委会	124.393497	44.093479	0	16	65	乡镇
220722201204	蒙古屯村委会	124.327649	44.280138	1	80	100	政府机构
220722105212	太平坨子村委会	123.867510	44.048910	0	25	55	乡镇
220722100010	长兴路社区	123.973410	44.283529	0	25	70	乡镇
220702100213	伊尔丹村委会	124.926360	45.280560	0	25	47	乡镇
220723101215	叔字村委会	123.550380	44.840219	0	25	47	乡镇
220722106202	西伏山村委会	124.574940	44.382509	0	30	72	村庄
220702103203	永兴村委会	125.244620	45.038621	0	30	72	村庄
220781106226	四方村委会	125.346461	45.156660	0	16	65	乡镇
220723102205	柰字村委会	123.883580	45.094233	0	25	47	乡镇
220702200211	晨光村委会	124.843819	45.175172	0	30	72	村庄
220722111206	王坨子村委会	124.310659	44.140871	0	25	70	乡镇
220722101206	新丰村委会	123.241788	44.427631	0	30	72	村庄
220781101222	巨发村委会	125.302621	45.313419	0	30	72	村庄
220723201217	念字村委会	123.762978	44.970188	0	16	38	村庄
220781111222	祥茂村委会	125.549772	45.391493	0	16	38	乡镇
220723100003	丹青社区	124.029982	45.009940	0	18	66	乡镇
220723105201	退字村委会	124.036640	44.832409	0	25	47	乡镇
220722206200	腰坨子村委会	124.019081	44.068200	1	80	100	政府机构
220723202207	美字村委会	123.906690	44.845629	0	25	47	村庄
220781206224	下沟村委会	125.909247	45.093147	0	18	66	村庄
220721108213	双丰村委会	124.363769	45.200992	0	25	55	旅游景点
220723103204	河字村委会	124.258690	45.031312	0	25	47	乡镇
220702102202	东兴村委会	124.673715	45.204587	0	16	65	乡镇
220722107203	光荣村委会	123.479330	44.187070	0	25	70	乡镇
220781200221	万发村委会	125.184421	45.331346	0	16	65	乡镇
220781108214	东岗村委会	125.600901	45.149810	0	30	72	村庄
220722104213	东十一村委会	123.968000	44.275299	0	12	29	区县
220722200205	高家窝堡村委会	124.313733	44.386099	0	16	65	村庄
220723203206	前洁村委会	124.048720	44.905209	0	25	43	村庄
220722207201	二十号村委会	123.589508	44.259880	1	80	100	政府机构
220702202200	永青村委会	124.802680	45.283180	0	25	70	村庄
220781206208	姚家村委会	125.926194	45.072326	0	30	72	村庄
220702009002	金钻社区	124.835670	45.125632	1	80	97	政府机构
220723104200	所字村委会	123.763749	44.805891	0	25	47	乡镇
220723200216	暑字村委会	124.085750	45.143100	0	25	47	村庄
220721101209	那嘎岱村委会	124.476330	45.313221	0	25	43	乡镇
220781100223	老鹰嘴村委会	126.031244	44.972949	0	16	65	乡镇
220722100207	蔬菜村委会	123.973410	44.283529	0	25	70	乡镇
220722204211	南城子村委会	124.247822	44.042743	0	18	66	村庄
220722110207	北姜家村委会	123.968000	44.275299	0	12	34	区县
220781101218	石桥村委会	125.335570	45.339801	0	30	72	村庄
220781103225	王家村委会	125.865080	44.879190	0	16	65	乡镇
220723203210	女字村委会	124.048720	44.905209	0	25	47	村庄
220781111218	林丰村委会	125.615070	45.302781	0	30	72	村庄
220722103201	西新村委会	124.589010	44.181630	0	30	72	地产小区
220781003002	西南街社区	126.050000	44.988501	0	12	44	区县
220781102208	桥北村委会	125.693160	44.992981	0	30	72	村庄
220723200200	余字村委会	124.085750	45.143100	0	25	47	村庄
220723104216	西物村委会	123.763749	44.805891	0	25	47	乡镇
220722204207	胡家窝堡村委会	124.247822	44.042743	0	18	66	村庄
220722100211	落实村委会	123.845202	44.326870	1	80	100	政府机构
220781400502	堰北分场	125.619915	45.469047	0	18	49	UNKNOWN
220721108205	二家窝堡村委会	124.363769	45.200992	0	25	43	旅游景点
220723103212	海字村委会	124.041001	45.002601	0	12	26	区县
220722203203	阎坨子村委会	124.296858	44.193383	0	18	49	村庄
220702100229	前土木村委会	124.926360	45.280560	0	25	43	乡镇
220721100009	阿拉坦社区	124.876747	45.107664	0	18	66	乡镇
220723100202	翔字村委会	124.029982	45.009940	0	18	40	乡镇
220781108202	潘家村委会	125.567372	45.078895	0	16	65	乡镇
220722104205	龙凤山村委会	123.708860	44.198141	0	25	70	乡镇
220702101204	十家子村委会	124.961660	45.166881	0	16	38	乡镇
220722208204	六十八村委会	123.709580	44.422751	0	25	47	村庄
220781100215	利民村委会	126.177510	44.919980	0	30	72	村庄
220721103202	万宝山村委会	124.399150	44.577999	0	25	70	乡镇
220723200220	月字村委会	124.085750	45.143100	0	25	47	村庄
220781204203	胡家村委会	125.683710	45.246052	0	30	72	村庄
220781103205	新建村委会	125.820940	44.870470	0	30	72	村庄
220721204204	下嘎罕扎布村委会	124.960709	45.052183	0	25	47	乡镇
220702016007	滨江嘉园东社区	124.832207	45.144687	0	60	87	地产小区
220722108206	二十五村委会	123.436710	44.487909	0	25	70	乡镇
220781104201	万家桥村委会	126.079381	45.095129	0	16	65	乡镇
220721213200	乌兰敖都村委会	123.837886	44.578442	0	16	38	乡镇
220702001003	松滨社区	124.810951	45.176480	1	80	97	政府机构
220721203200	达里巴村委会	124.653290	45.134830	1	80	100	政府机构
220702011003	康宁社区	124.818450	45.125420	1	80	97	政府机构
220781200217	六大村委会	125.184421	45.331346	0	16	65	乡镇
220722105208	双榆树村委会	123.867510	44.048910	0	25	70	乡镇
220702100209	互助村委会	124.926360	45.280560	0	25	70	乡镇
220721104206	长发村委会	124.095151	44.602059	0	25	70	乡镇
220721101004	索龙嘎社区	124.473037	45.315543	1	80	100	地产小区
220781107211	兴发村委会	125.226120	44.983659	0	30	72	村庄
220781203207	大六家子村委会	125.491119	44.970484	0	16	65	乡镇
220781200201	西孤家子村委会	125.184421	45.331346	0	16	65	乡镇
220723102209	往调村委会	123.883580	45.094233	0	25	43	乡镇
220721107200	王府屯村委会	125.113802	44.906483	0	30	58	村庄
220721200206	靠勺山村委会	124.604780	44.897461	0	25	43	村庄
220781203211	马家烧锅村委会	125.491119	44.970484	0	16	38	乡镇
220721210206	新庄村委会	124.351940	44.678341	0	30	72	村庄
220781107207	站荒村委会	125.331198	44.977610	0	16	38	乡镇
220781206228	白面铺村委会	125.821047	45.069314	1	80	100	政府机构
220721207202	土城子村委会	124.807110	44.885619	0	30	72	村庄
220702015001	四百社区	124.817001	45.171800	0	14	46	区县
220781110203	东太平村委会	126.030140	44.876770	0	30	72	村庄
220723104220	雅字村委会	123.763749	44.805891	0	25	47	乡镇
220702005001	新福社区	124.866290	45.167750	1	80	97	政府机构
220781105001	建业街居委会	125.741727	45.122162	0	16	47	乡镇
220781100203	东九号村委会	126.031244	44.972949	0	16	38	乡镇
220781103213	铁北村委会	125.865080	44.879190	0	16	65	乡镇
220781106206	头井子村委会	125.346461	45.156660	0	16	65	乡镇
220721105211	三棵树村委会	125.026029	44.874461	0	25	70	乡镇
220721211207	前盟吐村委会	124.219514	44.477318	1	80	95	UNKNOWN
220702003004	主力社区	124.822529	45.181011	1	80	97	政府机构
220781108218	姜家村委会	125.567372	45.078895	0	16	65	乡镇
220721201207	太平山村委会	124.608555	45.359722	0	16	65	村庄
220721106201	陶克陶胡村委会	124.401220	45.370911	1	80	94	政府机构
220781105216	前号村委会	125.741727	45.122162	0	16	65	乡镇
220723103208	东露村委会	124.041001	45.002601	0	12	26	区县
220781201200	永平村委会	125.138354	45.181475	0	16	65	村庄
220722109211	大龙村委会	124.081960	44.250730	0	30	72	村庄
220702100233	松原港工贸集中区（特殊村委会）	124.926360	45.280560	0	25	41	乡镇
220781102212	朝阳川村委会	125.654706	44.968172	0	16	38	乡镇
220721101205	新立村委会	124.488698	45.303302	1	80	100	政府机构
220781206204	大沟村委会	125.883570	45.118751	0	30	72	村庄
220781101202	钱粮村委会	125.377321	45.354663	0	16	65	乡镇
220781111202	临河村委会	125.549772	45.391493	0	16	65	乡镇
220721206203	胡勒斯沟村委会	124.882760	44.796179	0	25	43	村庄
220771200211	二莫村委会	124.801200	45.122731	0	25	43	村庄
220781206212	二道沟村委会	125.909247	45.093147	0	18	66	村庄
220721205205	新艾里村委会	124.750092	45.030882	0	16	38	乡镇
220721101213	庙东村委会	124.494430	45.227151	0	30	72	村庄
220781102204	许林村委会	125.654706	44.968172	0	16	65	乡镇
220781111214	大围子村委会	125.549772	45.391493	0	16	65	乡镇
220781101214	长江村委会	125.435770	45.418900	0	30	72	村庄
220721102203	双龙山村委会	124.537399	44.735977	0	16	65	乡镇
220722209205	顺山堡村委会	123.456329	44.615687	0	16	65	村庄
220771200207	贺什勒村委会	124.801200	45.122731	0	25	47	村庄
220721201211	郎家窝堡村委会	124.608555	45.359722	0	16	65	村庄
220721105207	红房子村委会	125.026029	44.874461	0	25	70	乡镇
220781106210	西围子村委会	125.346461	45.156660	0	16	65	乡镇
220721100005	查干淖尔社区	124.827445	45.113428	1	80	100	地产小区
220702101208	三家子村委会	124.806857	45.083406	1	80	100	政府机构
220722104209	六号村委会	123.708860	44.198141	0	25	47	乡镇
220721406598	查干花林场虚拟生活区	124.824000	45.117300	0	12	26	区县
220702010002	希望社区	124.817001	45.171800	0	14	46	区县
220781201216	韭菜村委会	125.138354	45.181475	0	16	65	村庄
220721108209	欣发村委会	124.363769	45.200992	0	25	47	旅游景点
220721212201	保安村委会	124.087481	44.324889	0	30	72	村庄
220781105200	弓棚子村委会	125.741130	45.104238	1	80	100	政府机构
220721106217	腰窝堡村委会	124.408220	45.374509	0	25	70	乡镇
220702100225	祥发村委会	124.926360	45.280560	0	25	47	乡镇
220722109207	前太阳村委会	124.168513	44.244802	0	16	47	乡镇
220702010003	铁康社区	124.817001	45.171800	0	14	46	区县
220781201217	顾家村委会	125.138354	45.181475	0	16	65	村庄
220721108208	图那嘎村委会	124.363769	45.200992	0	25	47	旅游景点
220721212200	老孤店村委会	124.091520	44.364078	1	75	92	UNKNOWN
220781105201	大房身村委会	125.685430	45.103643	0	30	72	村庄
220721106216	青山头村委会	124.401220	45.370911	1	80	95	政府机构
220702100224	郭家村委会	125.006040	45.265129	0	30	72	村庄
220722109206	小青村委会	124.226005	44.281309	1	80	100	政府机构
220721201210	丰园村委会	124.608555	45.359722	0	16	65	村庄
220721105206	外五家村委会	125.026029	44.874461	0	25	55	乡镇
220781106211	万宝村委会	125.346461	45.156660	0	16	65	乡镇
220721100004	哈萨尔社区	124.829095	45.118331	1	80	100	地产小区
220702101209	团结村委会	124.944400	45.187910	0	30	72	村庄
220722104208	十家户村委会	123.788587	44.236280	1	80	100	政府机构
220781111215	双合村委会	125.491480	45.291970	0	30	72	村庄
220781101215	上岱吉村委会	125.377321	45.354663	0	16	33	乡镇
220781103228	西三家子村委会	125.865080	44.879190	0	16	65	乡镇
220721102202	腰井子村委会	124.537399	44.735977	0	16	38	乡镇
220722209204	腰井子村委会	123.456329	44.615687	0	16	38	村庄
220771200206	革新村委会	124.849479	45.081343	0	30	72	地产小区
220781206213	小榆树沟村委会	125.909247	45.093147	0	18	66	村庄
220721205204	前三家子村委会	124.750092	45.030882	0	16	65	乡镇
220721101212	白家店村委会	124.476330	45.313221	0	25	70	乡镇
220781102205	东兴村委会	125.654706	44.968172	0	16	65	乡镇
220781104001	蔡家沟居委会	126.135855	45.119632	0	30	72	村庄
220781101203	福春村委会	125.377321	45.354663	0	16	38	乡镇
220702004001	临兴社区	124.818471	45.171380	1	80	97	政府机构
220781111203	牛营子村委会	125.626470	45.395341	0	30	72	村庄
220702014001	创新社区	124.837070	45.177622	1	80	97	政府机构
220721206202	大青坨子村委会	124.882760	44.796179	0	25	55	村庄
220771200210	后屯村委会	124.742337	45.162747	0	30	72	村庄
220781102213	沈阳村委会	125.654706	44.968172	0	16	38	乡镇
220721101204	长山村委会	124.485639	45.315321	0	30	72	村庄
220781206205	下二号村委会	125.981390	45.055773	0	30	58	地产小区
220721106200	八郎村委会	124.401220	45.370911	1	80	100	政府机构
220781105217	京城村委会	125.741727	45.122162	0	16	38	乡镇
220723103209	藏字村委会	124.258690	45.031312	0	25	47	乡镇
220781201201	平川村委会	125.138354	45.181475	0	16	65	村庄
220722109210	双龙村委会	124.130016	44.214060	0	30	72	村庄
220702100232	李家村委会	124.926360	45.280560	0	25	70	乡镇
220781106207	五井子村委会	125.346461	45.156660	0	16	38	乡镇
220721105210	万宝村委会	125.026029	44.874461	0	25	70	乡镇
220721211206	北三家子村委会	124.104280	44.444570	0	25	47	乡镇
220781108219	青山村委会	125.453160	45.133252	0	30	72	村庄
220721201206	大岗子村委会	124.608555	45.359722	0	16	65	村庄
220781103212	永利村委会	125.963170	44.886279	0	30	72	村庄
220781206229	刘家店村委会	125.909247	45.093147	0	18	66	村庄
220721207203	波拉户村委会	124.863134	44.908320	0	16	33	村庄
220781110202	霍家村委会	125.999997	44.863054	0	16	65	乡镇
220723104221	丙字村委会	123.763749	44.805891	0	25	47	乡镇
220781100202	大梁家村委会	126.031244	44.972949	0	16	65	乡镇
220721200207	青山村委会	124.676830	44.808740	0	30	72	村庄
220781203210	东井村委会	125.478550	44.929668	0	30	72	村庄
220721210207	大什门村委会	124.449180	44.668279	0	25	47	乡镇
220781107206	兴华村委会	125.331198	44.977610	0	16	65	乡镇
220781200200	四马架村委会	125.184421	45.331346	0	16	65	乡镇
220723102208	丽字村委会	123.883580	45.094233	0	25	47	乡镇
220721107201	桥南村委会	125.112511	44.886849	0	25	47	乡镇
220781104216	珠山村委会	126.148970	45.127031	0	30	72	村庄
220721407598	王府林场虚拟生活区	125.007841	44.871876	0	50	68	UNKNOWN
220722105209	交界村委会	123.867510	44.048910	0	25	70	乡镇
220702100208	小房身村委会	124.951095	45.316601	0	30	72	村庄
220721104207	五家户村委会	124.095151	44.602059	0	25	47	乡镇
220721101005	苏莫社区	124.539819	45.288897	1	80	100	地产小区
220781107210	长安村委会	125.239561	45.003811	0	30	72	村庄
220781203206	新立村委会	125.557130	44.970660	0	30	72	村庄
220722108207	三十三村委会	123.436710	44.487909	0	25	70	乡镇
220781104200	石家崴子村委会	126.079381	45.095129	0	16	38	乡镇
220781101002	西街居委会	125.377321	45.354663	0	16	65	乡镇
220702001002	胜利社区	124.810951	45.176480	1	80	97	政府机构
220721213201	蒙户村委会	123.837886	44.578442	0	16	38	乡镇
220721203201	吉郭村委会	124.605980	45.132746	0	16	38	乡镇
220781200216	三义村委会	125.131955	45.281526	1	80	100	政府机构
220781103204	李家坨子村委会	125.865080	44.879190	0	16	65	乡镇
220702016006	滨江嘉园西社区	124.832207	45.144687	0	60	87	地产小区
220721204205	扎罕布勒格村委会	124.960709	45.052183	0	25	43	乡镇
220722208205	七十六村委会	123.709580	44.422751	0	25	47	村庄
220781100214	前二十四号村委会	126.031244	44.972949	0	16	47	乡镇
220721103203	花坨子村委会	124.399150	44.577999	0	25	47	乡镇
220781204202	曾家村委会	125.700050	45.238638	0	16	65	乡镇
220721100008	纳荷芽社区	124.837489	45.116318	1	80	100	地产小区
220723100203	东南村委会	124.038291	44.996571	0	30	72	村庄
220781108203	新春村委会	125.539561	45.076820	0	30	72	村庄
220722104204	大三号村委会	123.734392	44.174106	0	50	73	地产小区
220702101205	后官村委会	125.014937	45.170141	1	80	100	政府机构
220781400503	骑马屯分场	125.619915	45.469047	0	18	66	UNKNOWN
220721108204	腰初字井村委会	124.363769	45.200992	0	25	47	旅游景点
220723103213	位字村委会	124.258690	45.031312	0	25	47	乡镇
220722203202	草房王村委会	124.296858	44.193383	0	18	49	村庄
220722107214	保安村委会	123.479330	44.187070	0	25	70	乡镇
220702100228	西六家子村委会	124.667099	45.210572	0	30	58	村庄
220781102209	迎新村委会	125.772930	45.014911	0	30	72	地产小区
220723200201	成字村委会	124.085750	45.143100	0	25	47	村庄
220723104217	坚字村委会	123.763749	44.805891	0	25	47	乡镇
220721205208	讷日吐村委会	124.750092	45.030882	0	16	38	乡镇
220722204206	保卫村委会	124.178700	44.007421	0	30	72	村庄
220722100210	治安村委会	123.973410	44.283529	0	25	70	乡镇
220781103224	罗家村委会	125.865080	44.879190	0	16	65	乡镇
220781101219	欢迎村委会	125.377321	45.354663	0	16	38	乡镇
220721208206	查干吐莫村委会	124.737340	44.925070	0	25	47	乡镇
220723203211	岂字村委会	124.048720	44.905209	0	25	47	村庄
220781111219	范家村委会	125.549772	45.391493	0	16	65	乡镇
220722103200	南太平山村委会	124.550050	44.191831	0	30	72	村庄
220723404598	来字良种繁育基地虚拟生活区	124.041001	45.002601	0	12	24	区县
220781206209	杏树沟村委会	125.909247	45.093147	0	18	66	村庄
220702009003	金域社区	124.835670	45.125632	1	80	97	政府机构
220723104201	则字村委会	123.763749	44.805891	0	25	47	乡镇
220723200217	前盈村委会	124.085750	45.143100	0	25	47	村庄
220721101208	四十家子村委会	124.476330	45.313221	0	25	47	乡镇
220781100222	双龙泉村委会	126.031244	44.972949	0	16	65	乡镇
220722100206	中心村委会	123.991400	44.276770	0	30	72	村庄
220722204210	龙王村委会	124.231890	44.010650	0	30	72	村庄
220722110206	桑家窝堡村委会	124.641001	44.165999	0	25	47	乡镇
220723203207	洁字村委会	124.048720	44.905209	0	25	47	村庄
220721108300	西索恩图村委会（查干湖旅游经济开发区）（省级）	124.363769	45.200992	0	25	43	旅游景点
220722207200	八十八村委会	123.542470	44.278120	0	25	70	村庄
220702202201	伯都村委会	124.802680	45.283180	0	25	47	村庄
220781200220	费家村委会	125.184421	45.331346	0	16	65	乡镇
220781108215	四平村委会	125.567372	45.078895	0	16	65	乡镇
220722104212	十七号村委会	123.708860	44.198141	0	25	70	乡镇
220722200204	高坨子村委会	124.330511	44.377796	1	80	100	政府机构
220721108212	重字井村委会	124.363769	45.200992	0	25	47	旅游景点
220723103205	淡字村委会	124.258690	45.031312	0	25	47	乡镇
220702102203	牙木吐村委会	124.673715	45.204587	0	16	33	乡镇
220722107202	宝兴村委会	123.367997	44.099806	0	30	72	村庄
220722206201	排子山村委会	124.008433	44.082557	0	16	65	乡镇
220723202206	外字村委会	123.906690	44.845629	0	25	47	村庄
220781206225	北井村委会	125.810609	45.054903	0	30	72	村庄
220722111207	利发盛村委会	124.298745	44.133776	1	80	93	政府机构
220702200210	联合村委会	124.769710	45.249530	0	30	72	村庄
220722101207	新民村委会	123.159380	44.463648	1	80	100	政府机构
220781101223	南天村委会	125.377321	45.354663	0	16	38	乡镇
220723201216	克字村委会	123.762978	44.970188	0	16	38	村庄
220723100002	德建社区	124.012799	45.006666	1	70	100	地产小区
220723105200	安字村委会	124.041001	45.002601	0	12	26	区县
220722106203	宝青山村委会	124.548350	44.353102	0	25	47	乡镇
220702103202	赵家村委会	124.817001	45.171800	0	14	37	区县
220781106227	腰岗子村委会	125.346461	45.156660	0	16	65	乡镇
220723102204	阳字村委会	123.883580	45.094233	0	25	47	乡镇
220722201205	张大院村委会	124.385615	44.285620	0	16	65	村庄
220722105213	黑坨子村委会	123.867510	44.048910	0	25	70	乡镇
220702100212	长兴村委会	124.948783	45.429984	0	30	72	村庄
220723101214	正字村委会	123.550380	44.840219	0	25	47	乡镇
220702103214	前官村委会	124.817001	45.171800	0	14	29	区县
220722202203	钓鱼台村委会	124.393497	44.093479	0	16	65	乡镇
220723102212	周字村委会	123.883580	45.094233	0	25	47	乡镇
220702100204	马家村委会	124.884940	45.300369	0	30	72	村庄
220722100007	岭南路社区	123.973410	44.283529	0	25	70	乡镇
220722105205	乌树台村委会	123.874360	44.114400	0	30	58	UNKNOWN
220723101202	表字村委会	123.550380	44.840219	0	25	47	乡镇
220781109202	沙岗子村委会	125.552311	45.220091	0	16	65	乡镇
220781105221	转山子村委会	125.741727	45.122162	0	16	65	乡镇
220722102201	少力户村委会	124.474840	44.461821	0	25	47	乡镇
220781002002	小九号社区	126.050000	44.988501	0	12	44	区县
220721209207	巨龙山村委会	124.680570	44.740990	0	25	47	村庄
220781100218	西房身村委会	126.159939	44.916421	0	30	72	村庄
220702200206	田家村委会	124.908785	45.176640	1	80	100	政府机构
220723201200	食字村委会	123.762978	44.970188	0	16	38	村庄
220781103208	大青山村委会	125.865080	44.879190	0	16	65	乡镇
220722208202	九十三村委会	123.709580	44.422751	0	25	70	村庄
220781204205	新河村委会	125.693639	45.297811	0	30	72	村庄
220721103204	大房身村委会	124.392360	44.491679	0	30	72	村庄
220781100213	西十号村委会	126.031244	44.972949	0	16	38	乡镇
220702016001	青松社区	124.817001	45.171800	0	14	46	区县
220781103203	八岔村委会	125.865080	44.879190	0	16	65	乡镇
220781106001	富民居委会	125.346461	45.156660	0	16	65	乡镇
220721214202	粮窝村委会	124.888787	45.091065	1	80	41	工业园区
220702006001	春江社区	124.810031	45.191120	1	80	97	政府机构
220722108200	北正镇村委会	123.436710	44.487909	0	25	55	乡镇
220722202208	后三县堡村委会	124.393497	44.093479	0	16	33	乡镇
220781200211	明安村委会	125.234411	45.367469	0	30	72	村庄
220721107210	春光村委会	125.114231	44.868469	0	30	72	村庄
220781104207	西车家店村委会	126.079381	45.095129	0	16	33	乡镇
220721213206	统领窝堡村委会	123.837886	44.578442	0	16	33	乡镇
220723101209	莫字村委会	123.550380	44.840219	0	25	47	乡镇
220781109209	西联村委会	125.504780	45.262341	0	30	72	村庄
220781203201	新西村委会	125.465270	44.973129	0	30	72	村庄
220721101002	青格勒社区	124.466481	45.276220	1	80	100	地产小区
220721104200	查干花村委会	124.095151	44.602059	0	25	47	乡镇
220702103209	单家村委会	124.817001	45.171800	0	14	37	区县
220722106208	三青山村委会	124.548350	44.353102	0	25	47	乡镇
220781104211	二十三号村委会	126.079381	45.095129	0	16	65	乡镇
220721107206	后蒙村委会	125.112511	44.886849	0	25	47	乡镇
220781200207	东孤家子村委会	125.184421	45.331346	0	16	38	乡镇
220702100219	新风村委会	124.926360	45.280560	0	25	70	乡镇
220722105218	长发村委会	123.867510	44.048910	0	25	70	乡镇
220721210200	乌兰塔拉村委会	124.449180	44.668279	0	25	47	乡镇
220702002003	实验社区	124.821001	45.174280	1	80	97	政府机构
220781107201	茶棚村委会	125.321040	44.978521	0	30	72	村庄
220721200200	孤店村委会	124.604780	44.897461	0	25	47	村庄
220702012003	建业社区	124.816053	45.113446	1	80	97	政府机构
220771100002	万福社区	124.825000	45.141301	0	10	28	城市
220781100205	二十号村委会	126.031244	44.972949	0	16	65	乡镇
220721207204	北围子村委会	124.863134	44.908320	0	16	65	村庄
220781110205	东公村委会	125.999997	44.863054	0	16	38	乡镇
220781103215	红星村委会	125.936259	44.826360	0	30	72	村庄
220781101228	杜家村委会	125.301650	45.345819	0	30	72	村庄
220721201201	嫩江村委会	124.608555	45.359722	0	16	38	村庄
220702013002	自强社区	124.859420	45.092142	1	80	97	政府机构
220781106200	三井子村委会	125.364260	45.121868	1	80	100	政府机构
220722409598	良种繁育场虚拟生活区	123.957042	44.274086	1	80	95	UNKNOWN
220721211201	西太平庄村委会	124.191729	44.410321	0	30	72	村庄
220702003002	龙源社区	124.822529	45.181011	1	80	97	政府机构
220781201206	四榆村委会	125.138354	45.181475	0	16	33	村庄
220781105210	城山村委会	125.743530	45.178082	0	30	72	村庄
220721106207	曙光村委会	124.439460	45.411730	0	30	72	村庄
220722107209	万福村委会	123.479330	44.187070	0	25	70	乡镇
220721415598	新庙泡渔场虚拟生活区	124.824000	45.117300	0	12	26	区县
220702102208	复兴村委会	124.698260	45.249199	0	30	72	村庄
220721405598	乌兰嘎图林场虚拟生活区	98.480200	36.929899	0	12	26	区县
220781206202	东大十五号村委会	125.909247	45.093147	0	18	49	村庄
220721101203	卡伦店村委会	124.476330	45.313221	0	25	43	乡镇
220721104001	赛罕塔拉社区	124.095151	44.602059	0	25	70	乡镇
220781102214	方家村委会	125.656205	44.976453	1	80	100	政府机构
220781111204	肖家村委会	125.635580	45.414800	0	30	72	村庄
220721206205	东井子村委会	124.882760	44.796179	0	25	47	村庄
220781101204	李家围子村委会	125.377321	45.354663	0	16	65	乡镇
220781102202	东北村委会	125.691170	44.972191	0	30	72	村庄
220721101215	新庙村委会	124.548100	45.288481	0	30	72	村庄
220721205203	朝阳堡村委会	124.750092	45.030882	0	16	65	乡镇
220781206214	十二号村委会	125.909247	45.093147	0	18	66	村庄
220721102205	朝阳坡村委会	124.537399	44.735977	0	16	65	乡镇
220781101212	长东村委会	125.486820	45.395689	0	30	72	村庄
220781111212	镰刀湾村委会	125.549772	45.391493	0	16	65	乡镇
220722123202	三八村委会	123.968000	44.275299	0	12	34	区县
220722209203	三十二村委会	123.456329	44.615687	0	16	38	村庄
220771200201	后瓦房村委会	124.801200	45.122731	0	25	70	村庄
220781106216	二龙山村委会	125.400355	45.190255	1	80	100	政府机构
220721100003	蒙古艾里社区	124.834929	45.110746	1	80	100	地产小区
220721105201	三岔沟村委会	125.026029	44.874461	0	25	70	乡镇
220723100208	称字村委会	124.029982	45.009940	0	18	40	乡镇
220781108208	房身村委会	125.567372	45.078895	0	16	65	乡镇
220721212207	土莫文德村委会	124.824000	45.117300	0	12	26	区县
220781400508	鹿队分场	125.619915	45.469047	0	18	49	UNKNOWN
220721106211	三不管村委会	124.408220	45.374509	0	25	70	乡镇
220781105206	万生村委会	125.741727	45.122162	0	16	38	乡镇
220781201210	先锋村委会	125.108390	45.180520	0	30	72	村庄
220722109201	粮窝村委会	124.168513	44.244802	0	16	38	乡镇
220702100223	前朝阳村委会	124.926360	45.280560	0	25	47	乡镇
220722205200	朝阳村委会	124.212070	44.073079	0	30	72	村庄
220702200201	农林村委会	124.788100	45.203992	0	30	72	村庄
220723201207	草字村委会	123.762978	44.970188	0	16	38	村庄
220723105211	前上村委会	124.036640	44.832409	0	25	70	乡镇
220722102206	大榛柴村委会	124.512617	44.448584	1	80	95	UNKNOWN
220721209200	双先村委会	124.680570	44.740990	0	25	47	村庄
220781102222	马场村委会	125.575360	44.910500	0	30	72	UNKNOWN
220721103208	五间房村委会	124.399150	44.577999	0	25	70	乡镇
220781204209	丛林村委会	125.700050	45.238638	0	16	38	乡镇
220702404598	良种繁育场虚拟生活区	124.817001	45.171800	0	14	32	区县
220702100203	胜利村委会	124.901250	45.292041	0	30	72	村庄
220722105202	新三村委会	123.867510	44.048910	0	25	70	乡镇
220781005001	铁西社区	126.050000	44.988501	0	12	44	区县
220781109205	七家子村委会	125.552311	45.220091	0	16	65	乡镇
220723101205	知字村委会	123.550380	44.840219	0	25	47	乡镇
220722202204	东沟村委会	124.327621	44.086289	0	30	72	村庄
220702103213	常保村委会	124.817001	45.171800	0	14	32	区县
220722105214	孟家村委会	123.794830	44.111409	0	30	72	村庄
220702100215	常家村委会	124.926360	45.280560	0	25	70	乡镇
220722201202	藕梨岗村委会	124.413250	44.325750	0	30	58	村庄
220723101213	传字村委会	123.550380	44.840219	0	25	47	乡镇
220722106204	小榆树村委会	124.548350	44.353102	0	25	70	乡镇
220702103205	东北村委会	125.160850	45.070632	0	30	72	村庄
220723102203	附阳村委会	123.883580	45.094233	0	25	47	乡镇
220781106220	万众村委会	125.457270	45.200811	0	30	72	村庄
220781001003	腰六号社区	126.050000	44.988501	0	12	34	区县
220722101200	铁西村委会	123.187441	44.402809	0	30	72	村庄
220722111200	吴家窝堡村委会	124.310659	44.140871	0	25	70	乡镇
220723105207	后寸村委会	124.036640	44.832409	0	25	43	乡镇
220723100005	传声社区	124.029982	45.009940	0	18	66	乡镇
220781101224	茂山村委会	125.377321	45.354663	0	16	65	乡镇
220781103219	曹家村委会	125.865080	44.879190	0	16	65	乡镇
220723201211	效字村委会	123.762978	44.970188	0	16	38	村庄
220722102210	金宝山村委会	124.474840	44.461821	0	25	70	乡镇
220722206206	太阳村委会	124.008433	44.082557	0	16	65	乡镇
220781110209	小五号村委会	125.999997	44.863054	0	16	38	乡镇
220781206222	迎春村委会	125.909247	45.093147	0	18	49	村庄
220721207208	上格斯户村委会	124.863134	44.908320	0	16	38	村庄
220781100209	西十三号村委会	126.031244	44.972949	0	16	38	乡镇
220723202201	君字村委会	123.906690	44.845629	0	25	47	村庄
220723103202	体字村委会	124.258690	45.031312	0	25	47	乡镇
220702102204	西伯村委会	124.673715	45.204587	0	16	38	乡镇
220722107205	先进村委会	123.479330	44.187070	0	25	70	乡镇
220781200227	六家子村委会	125.184421	45.331346	0	16	65	乡镇
220723100212	陶字村委会	124.029982	45.009940	0	18	40	乡镇
220781108212	集厂村委会	125.567372	45.078895	0	16	38	乡镇
220722200203	集体村委会	124.239910	44.354151	0	30	72	村庄
220723203200	赞字村委会	124.048720	44.905209	0	25	47	村庄
220781101208	东长发村委会	125.377321	45.354663	0	16	38	乡镇
220781111208	獾洞村委会	125.549772	45.391493	0	16	38	乡镇
220702202206	于家村委会	124.809480	45.261599	0	30	72	村庄
220723200210	元字村委会	124.085750	45.143100	0	25	47	村庄
220781102218	桥西村委会	125.654706	44.968172	0	16	38	乡镇
220702009004	金瑞社区	124.835670	45.125632	1	80	97	政府机构
220723104206	前入村委会	123.763749	44.805891	0	25	43	乡镇
220722110201	东新村委会	123.968000	44.275299	0	12	34	区县
220722100201	东门外村委会	123.996500	44.279311	0	30	72	村庄
220781005200	新安镇村委会	126.050000	44.988501	0	12	29	区县
220722400598	长岭种马场虚拟生活区	123.525539	44.579991	1	80	95	UNKNOWN
220781103223	半拉城子村委会	125.865080	44.879190	0	16	38	乡镇
220721102209	十家户村委会	124.537399	44.735977	0	16	65	乡镇
220721208201	两家子村委会	124.737340	44.925070	0	25	70	乡镇
220722410598	前七号机械林场虚拟生活区	123.968000	44.275299	0	12	26	区县
220722103207	徐家屯村委会	124.434460	44.211391	0	30	72	村庄
220702202210	河西村委会	124.773480	45.336881	0	30	72	村庄
220723104210	仙字村委会	123.763749	44.805891	0	25	47	乡镇
220781206218	西榆树村委会	125.909247	45.093147	0	18	66	村庄
220723200206	列字村委会	124.085750	45.143100	0	25	47	村庄
220722100217	山湾村委会	123.973410	44.283529	0	25	70	乡镇
220722204201	前高家村委会	124.247822	44.042743	0	18	66	村庄
220721108203	双昆村委会	124.363769	45.200992	0	25	47	旅游景点
220723103214	大咸村委会	124.258690	45.031312	0	25	47	乡镇
220781400504	龙南分场	125.619915	45.469047	0	18	49	UNKNOWN
220722107213	杜家子村委会	123.479330	44.187070	0	25	47	乡镇
220722203205	贺家坨子村委会	124.296858	44.193383	0	18	49	村庄
220781108204	龙凤村委会	125.494710	45.057932	0	30	72	村庄
220723100204	东北村委会	124.031331	45.012961	0	30	72	村庄
220722104203	六合村委会	123.708860	44.198141	0	25	70	乡镇
220722101001	迎宾街社区	123.220339	44.397481	0	25	70	乡镇
220702101202	新屯村委会	125.005430	45.115181	0	30	72	村庄
220781108205	合成村委会	125.567372	45.078895	0	16	65	乡镇
220723100205	西南村委会	124.029982	45.009940	0	18	66	乡镇
220722104202	三益村委会	123.708860	44.198141	0	25	70	乡镇
220781004001	士英街社区	126.034310	44.985000	0	40	100	道路
220702101203	中官村委会	124.961660	45.166881	0	16	65	乡镇
220721108202	云字井村委会	124.363769	45.200992	0	25	47	旅游景点
220723103215	小贤村委会	124.258690	45.031312	0	25	47	乡镇
220781400505	万发分场	125.619915	45.469047	0	18	49	UNKNOWN
220722107212	八付村委会	123.479330	44.187070	0	25	43	乡镇
220722203204	李家炉村委会	124.227650	44.207990	0	30	58	UNKNOWN
220723104211	广字村委会	123.763749	44.805891	0	25	47	乡镇
220781206219	立新村委会	125.881900	45.034192	0	30	72	地产小区
220723200207	地字村委会	124.085750	45.143100	0	25	47	村庄
220722100216	大二号村委会	123.899556	44.261877	1	80	100	政府机构
220722204200	前进村委会	124.269180	44.034832	0	30	72	村庄
220702405598	哈达山林场虚拟生活区	124.838338	45.121033	0	30	51	村庄
220781103222	小四号村委会	125.865080	44.879190	0	16	38	乡镇
220721102208	深井子村委会	124.537399	44.735977	0	16	65	乡镇
220721208200	套浩太村委会	124.737340	44.925070	0	25	55	乡镇
220722103206	兴隆山村委会	124.509690	44.221976	0	16	65	乡镇
220702202211	建业村委会	124.814980	45.368939	0	30	72	村庄
220723200211	天字村委会	124.085750	45.143100	0	25	70	村庄
220781102219	莲花村委会	125.616940	44.952011	0	30	72	村庄
220781100224	东大七号村委会	126.031244	44.972949	0	16	47	乡镇
220702009005	金伦社区	124.835670	45.125632	1	80	97	政府机构
220723104207	前训村委会	123.763749	44.805891	0	25	43	乡镇
220722110200	永久村委会	124.644827	44.165991	0	30	72	村庄
220781005201	西九号村委会	126.050000	44.988501	0	12	34	区县
220722100200	北门外村委会	123.973410	44.283529	0	25	70	乡镇
220723203201	竞字村委会	124.048720	44.905209	0	25	47	村庄
220781101209	新发村委会	125.481650	45.347360	1	80	100	政府机构
220721206208	苇芦坨子村委会	124.882760	44.796179	0	25	55	村庄
220781111209	再兴村委会	125.549772	45.391493	0	16	38	乡镇
220722207206	十九号村委会	123.542470	44.278120	0	25	70	村庄
220702202207	新村村委会	124.802680	45.283180	0	25	55	村庄
220722103210	新太平山村委会	124.509690	44.221976	0	16	38	乡镇
220781200226	新立村委会	125.082289	45.312286	0	30	72	村庄
220781108213	苇塘村委会	125.567372	45.078895	0	16	65	乡镇
220722200202	望海村委会	124.313733	44.386099	0	16	65	村庄
220722104214	十三号村委会	123.708860	44.198141	0	25	70	乡镇
220721108214	妙音寺村委会	124.363769	45.200992	0	25	70	旅游景点
220723103203	有字村委会	124.258690	45.031312	0	25	47	乡镇
220702102205	额仁索赫村委会	124.623207	45.191021	1	80	95	UNKNOWN
220722107204	四方坨子村委会	123.971141	44.130986	0	30	58	村庄
220722206207	六五新村委会	124.008433	44.082557	0	16	47	乡镇
220781110208	大五号村委会	125.999997	44.863054	0	16	38	乡镇
220781206223	利丰村委会	125.909247	45.093147	0	18	66	村庄
220721207209	下格斯户村委会	124.824000	45.117300	0	12	29	区县
220781100208	前十三号村委会	126.031244	44.972949	0	16	47	乡镇
220723202200	严字村委会	123.906690	44.845629	0	25	47	村庄
220781001002	石头城子社区	126.055455	45.016939	1	80	100	政府机构
220781004200	新富村委会	126.075250	44.949308	0	30	72	村庄
220722101201	铁北村委会	123.220339	44.397481	0	25	70	乡镇
220722111201	双庙子村委会	124.310659	44.140871	0	25	70	乡镇
220723105206	造字村委会	124.036640	44.832409	0	25	47	乡镇
220723100004	在竹社区	124.029982	45.009940	0	18	66	乡镇
220702008004	华侨社区	124.807514	45.202638	1	80	97	政府机构
220781103218	小南园子村委会	125.865080	44.879190	0	16	47	乡镇
220781101225	代家村委会	125.407131	45.291550	0	30	72	村庄
220723201210	良字村委会	123.762978	44.970188	0	16	38	村庄
220722106205	义发坎村委会	124.511952	44.299043	1	80	95	UNKNOWN
220702103204	奋斗村委会	124.817001	45.171800	0	14	37	区县
220723102202	果字村委会	123.883580	45.094233	0	25	47	乡镇
220781106221	天启村委会	125.346461	45.156660	0	16	38	乡镇
220722105215	靠山村委会	123.852011	44.118099	0	30	72	村庄
220702100214	薛家村委会	124.885959	45.403521	0	30	72	村庄
220722201203	团结村委会	124.428819	44.265561	0	30	72	村庄
220723101212	摄字村委会	123.550380	44.840219	0	25	47	乡镇
220781109212	九坨子村委会	125.552311	45.220091	0	16	47	乡镇
220722202205	复胜村委会	124.393497	44.093479	0	16	38	乡镇
220702103212	永安村委会	125.231540	45.056370	0	30	72	村庄
220702100202	民乐村委会	124.876120	45.256468	1	80	100	政府机构
220722105203	王家窝堡村委会	123.867510	44.048910	0	25	70	乡镇
220722100001	西关街社区	123.975654	44.279974	1	80	100	地产小区
220781109204	主力村委会	125.552311	45.220091	0	16	38	乡镇
220723101204	及字村委会	123.550380	44.840219	0	25	47	乡镇
220722102207	西安村委会	124.425484	44.446912	1	80	100	政府机构
220721209201	大洼村委会	124.686599	44.664658	1	80	100	政府机构
220781102223	东荒村委会	126.050000	44.988501	0	12	26	区县
220721103209	董家窝堡村委会	124.399150	44.577999	0	25	70	乡镇
220781204208	郑家窝堡村委会	125.700050	45.238638	0	16	65	乡镇
220722205201	海峰村委会	124.163300	44.078227	0	16	65	村庄
220702200200	和平村委会	124.827310	45.203130	0	30	72	村庄
220723201206	垂字村委会	123.762978	44.970188	0	16	38	村庄
220723105210	后上村委会	124.036640	44.832409	0	25	55	乡镇
220721212206	浩特芒哈村委会	124.092561	44.362199	0	25	43	乡镇
220721106210	穆家崴子村委会	124.401220	45.370911	1	80	95	政府机构
220781105207	广发村委会	125.741727	45.122162	0	16	65	乡镇
220781201211	丰收村委会	125.138354	45.181475	0	16	65	村庄
220722109200	流水村委会	124.204015	44.295181	1	80	100	政府机构
220702100222	朝阳村委会	125.009290	45.309270	0	30	72	村庄
220781106217	永和村委会	125.346461	45.156660	0	16	65	乡镇
220721100002	巴特尔社区	124.818447	45.116919	1	75	100	地产小区
220721105200	王府站村委会	125.006654	44.874869	1	70	88	UNKNOWN
220723100209	潜字村委会	124.029982	45.009940	0	18	40	乡镇
220781108209	站发村委会	125.567372	45.078895	0	16	38	乡镇
220721102204	长发屯村委会	124.537399	44.735977	0	16	65	乡镇
220781101213	长久村委会	125.411761	45.402949	0	30	72	村庄
220781111213	东围子村委会	125.549772	45.391493	0	16	65	乡镇
220722123203	太平村委会	123.968000	44.275299	0	12	34	区县
220722209202	三十一村委会	123.456329	44.615687	0	16	65	村庄
220771200200	前瓦房村委会	124.801200	45.122731	0	25	70	村庄
220702007001	府宁社区	124.826121	45.186348	1	80	97	政府机构
220781102203	菜园子村委会	125.654706	44.968172	0	16	65	乡镇
220721101214	繁荣村委会	124.559050	45.276605	1	80	100	政府机构
220702017001	静安社区	124.817001	45.171800	0	14	46	区县
220721205202	常家围子村委会	124.750092	45.030882	0	16	38	乡镇
220781206215	西大十五号村委会	125.909247	45.093147	0	18	49	村庄
220781111205	小围子村委会	125.549772	45.391493	0	16	65	乡镇
220721206204	东升村委会	124.986901	44.774449	0	30	72	村庄
220781101205	二道林子村委会	125.377321	45.354663	0	16	47	乡镇
220721102212	深井子牧场村委会	124.534235	44.826376	1	80	97	UNKNOWN
220781206203	小十五号村委会	125.909247	45.093147	0	18	40	村庄
220721101202	西库里村委会	124.476330	45.313221	0	25	55	乡镇
220781102215	袁家村委会	125.654706	44.968172	0	16	65	乡镇
220781201207	程家村委会	125.169681	45.171850	0	30	72	村庄
220781105211	季家村委会	125.688260	45.162163	1	80	100	政府机构
220721106206	黎明村委会	124.420640	45.417811	0	30	72	村庄
220722107208	永胜村委会	123.551791	44.160589	0	30	72	村庄
220702102209	二龙村委会	124.673715	45.204587	0	16	65	乡镇
220702013003	前瓦社区	124.859420	45.092142	1	80	97	政府机构
220721201200	平凤村委会	124.604870	45.327401	0	30	72	村庄
220781106201	德安村委会	125.316280	45.129632	0	30	72	村庄
220702003003	民强社区	124.822529	45.181011	1	80	97	政府机构
220721211200	东瓦房村委会	124.104280	44.444570	0	25	70	乡镇
220781101229	杨家店村委会	125.264123	45.336675	0	30	72	村庄
220781103214	松北村委会	125.865080	44.879190	0	16	65	乡镇
220721105001	吉日嘎郎社区	125.007577	44.875865	1	80	100	地产小区
220781100204	长岭子村委会	125.939870	44.965090	0	30	72	村庄
220721207205	额如村委会	124.863134	44.908320	0	16	38	村庄
220781110204	西太平村委会	126.003240	44.874849	0	30	72	村庄
220702100218	何廷村委会	124.926360	45.280560	0	25	47	乡镇
220702002002	建设社区	124.821001	45.174280	1	80	97	政府机构
220721210201	太平村委会	124.449180	44.668279	0	25	70	乡镇
220722408598	十四号种畜场虚拟生活区	123.807314	44.354953	1	80	95	UNKNOWN
220781107200	增盛村委会	126.050000	44.988501	0	12	34	区县
220702012002	建荣社区	124.816053	45.113446	1	80	97	政府机构
220721200201	曲家围子村委会	124.824000	45.117300	0	12	44	区县
220721404598	莲花泡农场虚拟生活区	124.670070	44.989971	0	20	50	乡镇
220721414598	哈拉毛都林场虚拟生活区	125.124871	44.885379	0	60	76	地产小区
220702103208	跃进村委会	124.817001	45.171800	0	14	37	区县
220722106209	半截岗村委会	124.498500	44.388570	0	30	58	村庄
220781104210	四方台村委会	126.079381	45.095129	0	16	65	乡镇
220721107207	先锋村委会	125.178531	44.822919	0	30	72	村庄
220781200206	五大村委会	125.231886	45.300485	1	80	100	政府机构
220723101208	兰字村委会	123.550380	44.840219	0	25	47	乡镇
220781109208	新图村委会	125.552311	45.220091	0	16	38	乡镇
220781203200	新东村委会	125.489170	44.976360	0	30	72	村庄
220721101003	满达社区	124.477075	45.313075	1	80	100	地产小区
220781107216	兴旺村委会	125.366460	44.941759	0	30	72	村庄
220721104201	晏家窝堡村委会	124.095151	44.602059	0	25	43	乡镇
220781110300	松原农业高新技术产业开发区（省级）（特殊村委会）	125.999997	44.863054	0	16	47	乡镇
220722108201	水月村委会	123.436710	44.487909	0	25	70	乡镇
220781200210	郎郡村委会	125.184421	45.331346	0	16	38	乡镇
220702011004	明珠社区	124.818450	45.125420	1	80	97	政府机构
220721107211	朝阳村委会	125.113341	44.908108	0	30	72	村庄
220781104206	小十八号村委会	126.079381	45.095129	0	16	38	乡镇
220702001004	松宁社区	124.810951	45.176480	1	80	97	政府机构
220721213207	杨家围子村委会	123.733996	44.615958	1	80	100	政府机构
220721204203	上嘎罕扎布村委会	124.960709	45.052183	0	25	47	乡镇
220781103202	陶北村委会	125.865080	44.879190	0	16	65	乡镇
220721214203	镇南村委会	124.888787	45.091065	1	80	67	工业园区
220722208203	一零九村委会	123.709580	44.422751	0	25	70	村庄
220781204204	景家村委会	125.701995	45.269125	0	30	72	村庄
220721103205	岱音村委会	124.399150	44.577999	0	25	47	乡镇
220781100212	西大七号村委会	126.031244	44.972949	0	16	47	乡镇
