220882109200	高家村委会	124.062860	45.558361	0	30	72	村庄
220821406598	国营渔场虚拟生活区	123.200001	45.847298	0	12	29	区县
220822104209	五井子村委会	123.082590	44.606709	0	30	58	村庄
220802101208	黎明村委会	122.866349	45.716290	0	30	72	村庄
220821100005	民康社区	123.192501	45.845058	0	25	70	乡镇
220821105207	七棵吐村委会	123.716850	46.070709	0	25	43	乡镇
220821201211	米太村委会	123.696440	45.871799	0	30	58	UNKNOWN
220881202206	金蟾村委会	122.081380	45.573520	0	25	47	村庄
220881105200	庆茂村委会	122.553340	45.507900	0	25	47	乡镇
220821202201	金山卜村委会	123.162329	45.886050	0	25	43	村庄
220881102204	东安村委会	122.868029	45.208932	0	30	72	村庄
220821101213	龙波村委会	123.349369	46.182460	0	25	70	乡镇
220821102203	大龙村委会	123.427810	46.002978	0	30	72	村庄
220881101214	西太平村委会	121.712770	45.723249	0	30	72	村庄
220881205202	兴德村委会	122.340800	45.607099	0	25	47	村庄
220871003209	保平村委会	122.809776	45.636481	0	20	50	乡镇
220881206204	蛟河村委会	122.440680	45.488021	0	25	47	乡镇
220821101205	特立村委会	123.349369	46.182460	0	25	70	乡镇
220881008204	文化村委会	122.965880	45.282459	0	30	72	村庄
220881101202	新丰村委会	121.823270	45.757208	0	30	72	村庄
220882107208	长城村委会	123.366550	45.483179	0	30	72	村庄
220821201207	元宝吐村委会	123.628010	45.948138	0	25	43	乡镇
220821105211	苏可村委会	123.716850	46.070709	0	25	47	乡镇
220882104218	同安村委会	123.947210	45.522421	0	25	70	乡镇
220881201200	新民村委会	121.864130	45.868548	0	30	72	村庄
220881105216	富源村委会	122.553340	45.507900	0	25	70	乡镇
220821106201	大围子村委会	123.366260	45.835918	0	25	70	乡镇
220881100203	白塔村委会	122.370530	45.748659	0	30	72	村庄
220821103214	榆树岗子村委会	123.855237	45.935826	0	16	38	乡镇
220802005001	明珠社区	122.851000	45.621499	0	14	46	区县
220821100204	架其营子村委会	123.228360	45.760650	0	30	72	村庄
220881103213	太安村委会	122.134670	45.792020	0	25	70	乡镇
220881207205	申家村委会	122.541760	45.369139	0	25	70	村庄
220802202220	利民村委会	122.545270	45.651249	0	30	72	村庄
220882408598	良种繁育场虚拟生活区	124.292000	45.506999	0	12	29	区县
220881210201	车力村委会	122.401790	45.217710	0	25	47	乡镇
220881200201	育林村委会	121.838720	45.970370	0	30	72	村庄
220882105219	庆民村委会	123.376181	45.558148	0	25	47	乡镇
220802002005	馨华园社区	122.839874	45.613935	1	80	97	政府机构
220802204209	木头村委会	122.902310	45.416701	0	16	65	乡镇
220821203200	嘎什根村委会	123.678348	46.216787	0	60	80	UNKNOWN
220802001003	丹顶鹤社区	122.855448	45.622934	1	80	97	政府机构
220881101003	万宝社区	121.849259	45.771960	0	25	70	乡镇
220881104201	太平村委会	122.626330	45.183422	0	25	70	乡镇
220881203207	国光村委会	121.956548	45.875490	0	16	65	村庄
220821104206	苇海村委会	123.789730	45.801948	0	25	47	乡镇
220802100209	辉煌村委会	122.555650	45.750620	0	25	70	乡镇
220822105208	青山村委会	122.983169	44.934594	0	30	72	村庄
220882108201	前程村委会	123.601490	45.092021	0	25	70	乡镇
220881204203	平原村委会	122.039130	45.731339	0	30	72	村庄
220821103202	大官村委会	123.855237	45.935826	0	16	38	乡镇
220882003001	长虹社区	124.292030	45.496369	1	80	97	政府机构
220881100215	林海村委会	122.364050	45.696889	0	25	70	乡镇
220881207213	四海村委会	122.541760	45.369139	0	25	70	村庄
220881103205	富文村委会	122.788000	45.335099	0	12	29	区县
220882104202	殿生村委会	123.947210	45.522421	0	25	47	乡镇
220822203203	富民村委会	122.446279	44.327521	0	30	72	村庄
220882200214	腰围村委会	124.217451	45.439106	0	16	38	乡镇
220802101204	勤劳村委会	122.864549	45.733150	0	30	72	村庄
220822104205	宝龙岱村委会	123.165079	44.598771	0	25	43	乡镇
220882203204	永和村委会	123.843166	45.655728	0	16	65	乡镇
220871001003	花园社区	122.829430	45.603624	1	80	97	政府机构
220821400505	四方坨子农场六分场	123.901314	46.065036	0	16	65	乡镇
220821100009	广通社区	123.192501	45.845058	0	25	70	乡镇
220881003002	光华社区	122.791225	45.332512	1	80	97	政府机构
220822103201	兴盛村委会	122.449400	44.879241	0	30	72	村庄
220882204200	榆树村委会	123.775730	45.195241	0	25	70	村庄
220802202216	河东村委会	122.526690	45.698528	0	30	72	村庄
220871003205	二龙村委会	122.809776	45.636481	0	20	50	乡镇
220802170310	新建村委会	122.423580	45.847368	0	25	40	乡镇
220822100211	五星村委会	123.085550	44.816129	0	25	70	乡镇
220882103206	长征村委会	123.849301	45.321819	0	30	72	村庄
220882207210	日新村委会	123.659670	45.537209	0	30	72	地产小区
220822204207	前屈村委会	122.324349	44.598501	0	25	70	村庄
220802201206	西宝山村委会	122.690966	45.634028	0	18	40	村庄
220802202200	永合村委会	122.556425	45.622497	0	16	65	乡镇
220822207201	华安村委会	123.321080	44.679099	0	25	70	乡镇
220882100200	汉书村委会	124.011704	45.673603	0	16	38	乡镇
220871003213	保胜村委会	122.809776	45.636481	0	20	36	乡镇
220882207206	永乐村委会	123.780260	45.533119	0	30	72	村庄
220882103210	长富村委会	123.668771	45.344899	0	25	70	乡镇
220822100207	富强村委会	122.977910	44.691371	0	30	72	村庄
220802100004	陶瓷居委会	122.555650	45.750620	0	25	55	乡镇
220802170306	胜利村委会	122.455919	45.784679	0	30	72	村庄
220802105206	一棵树村委会	123.145336	45.579159	0	16	65	乡镇
220821101209	保民村委会	123.349369	46.182460	0	25	70	乡镇
220802009002	民主社区	122.851000	45.621499	0	14	46	区县
220822403598	双岗鹿场虚拟生活区	122.869701	45.089889	0	18	49	乡镇
220881206208	五烈士村委会	122.440680	45.488021	0	25	43	乡镇
220882200202	南山湾村委会	124.217451	45.439106	0	16	65	乡镇
220822107203	林水村委会	122.648141	44.720219	0	25	47	乡镇
220822102001	东中居委会	122.937830	45.102212	0	25	70	乡镇
220882104214	同富村委会	123.947210	45.522421	0	25	70	乡镇
220802102202	敖宝村委会	122.736668	45.527758	1	80	100	政府机构
220822200205	德胜村委会	122.482410	44.571229	0	25	70	村庄
220882107204	庆平村委会	123.397060	45.439340	0	25	47	乡镇
220802101212	新兴村委会	122.850530	45.770359	0	30	72	村庄
220881207209	湖沧村委会	122.541760	45.369139	0	25	47	村庄
220821100208	新立村委会	123.110799	45.852460	0	30	72	村庄
220802104207	红塔村委会	122.783615	45.710403	0	16	65	乡镇
220822101206	卫国村委会	122.652350	44.508919	0	25	70	乡镇
220882206207	富新村委会	123.544050	45.648158	0	25	70	乡镇
220882101201	爱国村委会	123.746821	45.649606	0	16	65	乡镇
220822206200	八面村委会	123.261231	45.084870	0	25	70	村庄
220802203201	呼兰村委会	122.677351	45.504477	0	16	38	村庄
220882106205	欧力村委会	123.573140	45.229761	0	25	70	乡镇
220822201204	西太村委会	122.844854	44.768306	0	16	38	村庄
220802204205	先进村委会	122.964160	45.455109	0	30	72	村庄
220802103203	关帝村委会	123.010910	45.494298	0	25	70	乡镇
220822106202	强胜村委会	122.895781	44.583739	0	25	47	乡镇
220882105215	庆新村委会	123.376181	45.558148	0	25	55	乡镇
220881006001	通庆社区	122.804106	45.343270	1	80	97	政府机构
220882201203	万福村委会	124.093490	45.509078	0	30	72	村庄
220822202214	查格歹村委会	122.356450	45.045610	0	25	43	乡镇
220881105220	幸福村委会	122.607950	45.436310	0	30	72	村庄
220802204213	十家子村委会	122.902310	45.416701	0	16	38	乡镇
220882202205	铁北村委会	124.330665	45.517423	0	18	66	村庄
220822105204	聚富村委会	123.035090	44.987480	0	25	47	乡镇
220822100006	繁荣社区	123.085550	44.816129	0	25	70	乡镇
220802100205	新合村委会	122.555650	45.750620	0	25	70	乡镇
220822202202	利民村委会	122.235491	45.020561	0	30	72	村庄
220882105203	民合村委会	123.376181	45.558148	0	25	55	乡镇
220882100001	水库居委会	124.011704	45.673603	0	16	65	乡镇
220881103209	巴海村委会	122.788000	45.335099	0	12	26	区县
220881209201	仁义村委会	123.129711	45.426959	0	30	72	村庄
220882411598	红旗饲养场虚拟生活区	124.264391	45.471099	1	80	95	UNKNOWN
220882401598	新荒渔场虚拟生活区	123.764629	45.632501	1	80	95	UNKNOWN
220802200207	友谊村委会	122.861089	45.598170	0	30	72	村庄
220882206211	富田村委会	123.544050	45.648158	0	25	70	乡镇
220822205206	海金村委会	123.280667	44.907069	0	16	38	乡镇
220822101210	丰盛村委会	122.652350	44.508919	0	25	70	乡镇
220882102207	新立村委会	123.687714	45.689267	0	30	72	村庄
220802104211	永丰村委会	122.748599	45.693500	0	30	72	村庄
220882205201	富发村委会	123.406837	45.656123	0	18	40	乡镇
220881007201	福胜村委会	122.791470	45.304140	0	30	72	村庄
220822102200	林海村委会	122.937830	45.102212	0	25	70	乡镇
220882205200	富兴村委会	123.406837	45.656123	0	18	66	乡镇
220881002002	富兴社区	122.769830	45.343419	1	80	100	政府机构
220822102201	太平村委会	122.937830	45.102212	0	25	70	乡镇
220881007200	万福村委会	122.677480	45.338361	0	30	72	村庄
220881103208	好田村委会	122.788000	45.335099	0	12	29	区县
220881209200	保民村委会	123.057380	45.348430	0	25	70	村庄
220802200206	工农村委会	122.884480	45.625189	0	30	72	村庄
220882206210	新发村委会	123.544050	45.648158	0	25	55	乡镇
220822205207	新富村委会	123.174300	44.870791	0	30	72	村庄
220822101211	昌盛村委会	122.652350	44.508919	0	25	70	乡镇
220882102206	洮儿河村委会	123.619230	45.742495	0	50	73	UNKNOWN
220802104210	永乐村委会	122.753159	45.704920	0	30	72	村庄
220822202203	红旗村委会	123.093520	44.783470	0	30	72	村庄
220882105202	民富村委会	123.376181	45.558148	0	25	47	乡镇
220881105221	草房村委会	122.553340	45.507900	0	25	70	乡镇
220802204212	全保村委会	122.902310	45.416701	0	16	38	乡镇
220882202204	永昌村委会	124.283570	45.508558	0	30	72	村庄
220822105205	明月村委会	123.035090	44.987480	0	25	70	乡镇
220822100007	兴华社区	123.085550	44.816129	0	25	70	乡镇
220802100204	安全村委会	122.555650	45.750620	0	25	70	乡镇
220802103202	榆树村委会	123.010910	45.494298	0	25	70	乡镇
220822106203	新农村委会	122.974000	44.531600	0	30	72	村庄
220882105214	庆丰村委会	123.376181	45.558148	0	25	70	乡镇
220822103001	顺兴居委会	122.437600	44.822671	0	25	55	乡镇
220882201202	曙光村委会	124.185260	45.519290	0	30	72	村庄
220822202215	七台庙村委会	122.356450	45.045610	0	25	43	乡镇
220882106204	杏树川村委会	123.573140	45.229761	0	25	43	乡镇
220822201205	东兴村委会	122.844854	44.768306	0	16	65	村庄
220802204204	双塔村委会	122.955781	45.392848	0	30	72	村庄
220882101200	向前村委会	123.767710	45.573620	0	30	72	村庄
220822206201	四家子村委会	123.261231	45.084870	0	25	70	村庄
220802203200	平顶村委会	122.677351	45.504477	0	16	65	村庄
220822402598	良井子畜牧场虚拟生活区	122.504220	44.430411	1	80	95	UNKNOWN
220881207208	富乐村委会	122.541760	45.369139	0	25	70	村庄
220821100209	洋营子村委会	123.155730	45.858890	0	30	72	村庄
220802104206	红旗村委会	122.783615	45.710403	0	16	65	乡镇
220881001004	安逸社区	122.771764	45.333412	1	80	97	政府机构
220822101207	兴龙村委会	122.652350	44.508919	0	25	70	乡镇
220882206206	富余村委会	123.544050	45.648158	0	25	47	乡镇
220822200204	永胜村委会	122.429920	44.515240	0	30	72	村庄
220882107205	庆学村委会	123.397060	45.439340	0	25	47	乡镇
220802101213	八家子村委会	122.848383	45.803832	0	16	65	乡镇
220882200203	铁西村委会	124.234180	45.480480	0	30	72	村庄
220822107202	双龙村委会	122.676320	44.831330	0	30	72	村庄
220881007001	北郊居委会	122.797665	45.360253	1	80	100	政府机构
220882104215	同顺村委会	123.947210	45.522421	0	25	47	乡镇
220871002004	保平社区	122.792682	45.606464	1	80	97	政府机构
220882207207	永建村委会	123.775160	45.561660	0	25	70	村庄
220822100206	和平村委会	123.038200	44.726741	0	30	72	村庄
220802100005	平安居委会	122.555650	45.750620	0	25	70	乡镇
220802170307	岭河村委会	122.423580	45.847368	0	25	39	乡镇
220821101208	双宝岱村委会	123.349369	46.182460	0	25	43	乡镇
220802406598	到保林场虚拟生活区	123.178649	45.607245	1	80	95	政府机构
220802009003	北胜利社区	122.851000	45.621499	0	14	46	区县
220881206209	姚炎村委会	122.440680	45.488021	0	25	47	乡镇
220802202201	晓光村委会	122.556425	45.622497	0	16	65	乡镇
220822207200	苏公坨村委会	123.321080	44.679099	0	25	47	乡镇
220882100201	先进村委会	124.011704	45.673603	0	16	65	乡镇
220871003212	铁岭村委会	122.809776	45.636481	0	20	41	乡镇
220822100210	永丰村委会	123.035290	44.838510	0	30	72	村庄
220882103207	于家洼村委会	123.668771	45.344899	0	25	70	乡镇
220882207211	古城村委会	123.642920	45.453601	0	30	72	村庄
220822204206	解放村委会	122.189430	44.661090	0	30	72	村庄
220802201207	大房村委会	122.741300	45.634760	0	30	72	村庄
220882410598	安广猪场虚拟生活区	124.292000	45.506999	0	12	44	区县
220881003003	光照社区	122.791225	45.332512	1	80	97	政府机构
220822103200	长胜村委会	122.439300	44.836361	0	30	72	村庄
220882204201	三业村委会	123.775730	45.195241	0	25	43	村庄
220802202217	红升村委会	122.495760	45.710870	0	30	72	村庄
220871003204	代家村委会	122.764540	45.613978	0	30	72	村庄
220802101205	德胜村委会	122.848383	45.803832	0	16	65	乡镇
220822104204	腰围子村委会	123.066000	44.551839	0	30	58	村庄
220882203205	新合村委会	123.816800	45.664580	0	30	72	村庄
220821400504	四方坨子农场五分场	123.901314	46.065036	0	16	65	乡镇
220821100008	庆安社区	123.192501	45.845058	0	25	70	乡镇
220882104203	同丰村委会	123.947210	45.522421	0	25	70	乡镇
220882101001	光明社区	123.746821	45.649606	0	16	65	乡镇
220822203202	五道营子村委会	122.317040	44.260741	0	30	72	村庄
220882200215	良种场村委会	124.217451	45.439106	0	16	65	乡镇
220881207212	丰收村委会	122.541760	45.369139	0	25	70	村庄
220881103204	新立村委会	122.165730	45.845408	0	30	72	村庄
220821100213	二井子村委会	123.239265	45.734325	1	80	100	政府机构
220881204202	新明村委会	122.068740	45.702468	0	25	70	村庄
220821103203	代头村委会	123.855237	45.935826	0	16	38	乡镇
220881100214	春阳村委会	122.364050	45.696889	0	25	70	乡镇
220881203206	东平村委会	121.956548	45.875490	0	16	65	村庄
220802100208	中兴村委会	122.555650	45.750620	0	25	70	乡镇
220822105209	花园村委会	123.019600	44.915919	0	30	72	村庄
220821407598	到保农场虚拟生活区	123.180275	45.671451	0	20	50	UNKNOWN
220882108200	太平村委会	123.601490	45.092021	0	25	70	乡镇
220821203201	那林村委会	123.770969	46.212018	0	16	65	乡镇
220802001002	民福社区	122.855448	45.622934	1	80	97	政府机构
220881101002	青年社区	121.849259	45.771960	0	25	70	乡镇
220881104200	兴旺村委会	122.619410	45.181032	0	30	72	村庄
220802002004	白福社区	122.839874	45.613935	1	80	97	政府机构
220881203210	进步村委会	121.956548	45.875490	0	16	65	村庄
220802204208	敖宝村委会	122.902310	45.416701	0	16	65	乡镇
220881210200	立业村委会	122.400700	45.217301	0	30	72	村庄
220881200200	胡力吐村委会	121.899689	45.966257	0	16	38	乡镇
220882105218	庆和村委会	123.376181	45.558148	0	25	70	乡镇
220821100205	太平山村委会	123.192501	45.845058	0	25	70	乡镇
220881103212	林茂村委会	122.788000	45.335099	0	12	29	区县
220881207204	双余村委会	122.541760	45.369139	0	25	70	村庄
220881100202	长山村委会	122.273960	45.787050	0	30	72	村庄
220882104219	同心村委会	123.778750	45.451040	0	30	72	村庄
220881201201	团结村委会	121.924371	45.907898	0	30	72	村庄
220882409598	大安马场虚拟生活区	123.526005	45.389092	0	20	50	UNKNOWN
220881105217	如意村委会	122.427800	45.620619	0	30	72	村庄
220821106200	黑鱼泡村委会	123.346539	45.835900	0	50	73	UNKNOWN
220882107209	建国村委会	123.348840	45.439581	0	30	72	村庄
220821201206	巴喜召村委会	123.628010	45.948138	0	25	47	乡镇
220802003005	灯塔社区	122.829774	45.619415	1	80	97	政府机构
220821105210	张家园子村委会	123.781272	46.007470	1	80	100	政府机构
220881008205	新村村委会	122.943650	45.227731	0	30	72	村庄
220802004001	明仁社区	122.852080	45.621183	1	80	97	政府机构
220881101203	德发村委会	121.849259	45.771960	0	25	47	乡镇
220881206205	双兴村委会	122.519660	45.479539	0	30	72	村庄
220821101204	新丰村委会	123.515571	46.225195	0	30	72	村庄
220821102202	格力吐村委会	123.285230	46.093290	0	25	43	乡镇
220881101215	兴仁村委会	121.849259	45.771960	0	25	70	乡镇
220882002001	永兴社区	124.293070	45.511499	1	80	97	政府机构
220881205203	新胜村委会	122.279810	45.642539	0	30	72	村庄
220871003208	东兴村委会	122.809776	45.636481	0	20	50	乡镇
220881102205	旭日村委会	122.830511	45.224120	0	25	47	乡镇
220821101212	四家子村委会	123.349369	46.182460	0	25	70	乡镇
220881105201	庆平村委会	122.553340	45.507900	0	25	47	乡镇
220821202200	平堡村委会	123.162329	45.886050	0	25	70	村庄
220882109201	张家村委会	124.089551	45.558458	0	30	72	村庄
220822104208	天宝村委会	123.165079	44.598771	0	25	70	乡镇
220802101209	永红村委会	122.848383	45.803832	0	16	65	乡镇
220821100004	庆余社区	123.192501	45.845058	0	25	70	乡镇
220821105206	铁力村委会	123.700210	46.046027	1	80	100	政府机构
220821400508	四方坨子农场九分场	123.901314	46.065036	0	16	65	乡镇
220821201210	卧卜村委会	123.628010	45.948138	0	25	47	乡镇
220881202207	长久村委会	122.090359	45.556240	0	30	72	村庄
220882200212	新立村委会	124.205000	45.462589	0	30	72	村庄
220822107213	陆家村委会	122.522544	44.775044	1	80	100	政府机构
220882104204	同享村委会	123.947210	45.522421	0	25	47	乡镇
220882203202	万发村委会	123.843166	45.655728	0	16	65	乡镇
220802101202	复兴村委会	122.900590	45.708518	0	30	72	村庄
220822101001	瞻榆居委会	122.650321	44.509810	0	50	82	UNKNOWN
220822104203	铁西村委会	123.154200	44.583531	0	30	72	村庄
220821400503	四方坨子农场四分场	123.901314	46.065036	0	16	65	乡镇
220871001005	吉鹤苑社区	122.829430	45.603624	1	80	97	政府机构
220882204206	黑山村委会	123.775730	45.195241	0	25	70	村庄
220802202210	东方红村委会	122.556425	45.622497	0	16	65	乡镇
220822103207	东风河村委会	123.143450	45.113820	0	30	47	村庄
220821102209	白音河村委会	123.285230	46.093290	0	25	47	乡镇
220881205208	茂好村委会	122.340800	45.607099	0	25	47	村庄
220871003203	于家村委会	122.776611	45.646918	0	30	72	村庄
220822204201	幸福村委会	122.324020	44.619151	0	30	72	村庄
220882207216	长源村委会	123.775160	45.561660	0	25	70	村庄
220802201200	方家村委会	122.690966	45.634028	0	18	66	村庄
220882103200	平安村委会	123.669741	45.350929	0	30	72	村庄
220822100217	五一村委会	123.085550	44.816129	0	25	70	乡镇
220882100206	东山头村委会	124.080250	45.655899	0	30	72	村庄
220802202206	奋战村委会	122.556425	45.622497	0	16	38	乡镇
220822207207	乔围子村委会	123.321080	44.679099	0	25	70	乡镇
220882204210	四家村委会	123.775730	45.195241	0	25	70	村庄
220881101208	二龙锁口村委会	121.849259	45.771960	0	25	55	乡镇
220822100201	东郊村委会	123.096020	44.805220	0	30	72	村庄
220802170300	新平村委会	122.388929	45.856450	0	30	72	村庄
220802105200	到保村委会	123.178649	45.607245	1	80	100	政府机构
220802100002	兴安居委会	122.555650	45.750620	0	25	70	乡镇
220882207200	乐胜村委会	123.775160	45.561660	0	25	47	村庄
220802009004	建设社区	122.851000	45.621499	0	14	46	区县
220882104212	同建村委会	123.947210	45.522421	0	25	47	乡镇
220881007006	永胜居委会	122.779821	45.308883	1	80	100	政府机构
220822107205	星火村委会	122.704370	44.685759	0	30	72	村庄
220802102204	大兴村委会	122.748810	45.529141	0	30	72	村庄
220882200204	来宝村委会	124.217451	45.439106	0	16	38	乡镇
220871002003	果树场社区	122.792682	45.606464	1	80	97	政府机构
220882107202	先锋村委会	123.452500	45.407790	0	30	72	村庄
220822200203	联合村委会	122.439560	44.494151	0	30	72	村庄
220882206201	四一村委会	123.544050	45.648158	0	25	47	乡镇
220802104201	前进村委会	122.636450	45.687280	0	30	72	村庄
220822101200	东关村委会	122.652350	44.508919	0	25	70	乡镇
220881001003	安泰社区	122.771764	45.333412	1	80	97	政府机构
220881100209	三友村委会	122.364050	45.696889	0	25	70	乡镇
220882402598	东方红农场虚拟生活区	123.555431	45.722438	1	80	95	UNKNOWN
220822206206	荣华村委会	123.261231	45.084870	0	25	70	村庄
220802203207	新建村委会	122.674520	45.510340	0	30	72	村庄
220882101207	永富村委会	123.746821	45.649606	0	16	38	乡镇
220822201202	新茂村委会	122.854260	44.728411	0	30	72	村庄
220802204203	洮河村委会	122.902310	45.416701	0	16	38	乡镇
220882106203	双岗子村委会	123.573140	45.229761	0	25	70	乡镇
220822202212	西艾力村委会	122.356450	45.045610	0	25	43	乡镇
220882201205	联合村委会	124.235480	45.511370	0	30	72	村庄
220802103205	新发村委会	123.136070	45.457198	0	30	72	村庄
220882105213	庆华村委会	123.298159	45.551012	1	80	100	政府机构
220822106204	新丰村委会	122.921200	44.521881	0	30	72	村庄
220881105226	吉安村委会	122.553340	45.507900	0	25	70	乡镇
220881005001	永电社区	122.783630	45.324881	0	30	72	乡镇
220822105202	文牛村委会	123.035090	44.987480	0	25	47	乡镇
220802170101	中华居委会	122.423580	45.847368	0	25	41	乡镇
220802100203	红光村委会	122.555650	45.750620	0	25	70	乡镇
220802204215	德顺村委会	122.902310	45.416701	0	16	38	乡镇
220882202203	嫩江村委会	124.330665	45.517423	0	18	40	村庄
220822106212	农林村委会	122.834391	44.629459	0	30	72	村庄
220882105205	民主村委会	123.376181	45.558148	0	25	55	乡镇
220822202204	四井子村委会	122.356450	45.045610	0	25	47	乡镇
220821100218	满汉村委会	123.192501	45.845058	0	25	47	乡镇
220881209207	民治村委会	123.168390	45.261052	0	30	72	村庄
220882102201	新乐村委会	123.669680	45.645768	0	30	72	村庄
220822101216	前锋村委会	122.667430	44.422950	0	30	72	村庄
220802200201	大青山村委会	122.947877	45.628494	0	16	65	村庄
220822205200	襄平村委会	123.280667	44.907069	0	16	38	乡镇
220802404598	洮儿河农场虚拟生活区	123.175524	45.496797	0	50	68	UNKNOWN
220881204209	苇塘村委会	122.142350	45.668530	0	30	72	村庄
220821103208	西报马台村委会	123.855237	45.935826	0	16	38	乡镇
220802203211	富强村委会	122.640870	45.546069	0	30	72	村庄
220882109206	跃进村委会	124.082990	45.560399	0	25	70	乡镇
220881202200	龙泉村委会	122.083470	45.574100	0	30	72	村庄
220821105201	树北村委会	123.712946	46.100465	1	80	100	政府机构
220882005002	老坎子社区	124.246339	45.522781	1	80	97	政府机构
220821100003	庆生社区	123.192501	45.845058	0	25	70	乡镇
220882104208	三家村委会	123.947210	45.522421	0	25	70	乡镇
220821202207	大岗村委会	123.162329	45.886050	0	25	70	村庄
220881105206	东胜村委会	122.553340	45.507900	0	25	70	乡镇
220821106211	包金台村委会	123.366260	45.835918	0	25	55	乡镇
220881102202	繁荣村委会	123.166129	45.129049	1	80	100	政府机构
220881205204	五棵树村委会	122.340800	45.607099	0	25	70	村庄
220881101212	河南村委会	121.812110	45.734888	0	30	72	村庄
220821102205	前进村委会	123.370260	45.987398	0	30	72	村庄
220821101203	西明嘎村委会	123.359595	46.215370	1	80	100	政府机构
220881206202	先锋村委会	122.365720	45.530999	0	30	72	村庄
220881008202	金光村委会	122.917610	45.315741	0	30	72	村庄
220802004006	红叶社区	122.852080	45.621183	1	80	97	政府机构
220881101204	共同村委会	121.795830	45.800600	0	30	72	村庄
220882109210	进步村委会	124.203920	45.562629	0	30	72	村庄
220821201201	才力村委会	123.628010	45.948138	0	25	47	乡镇
220882200208	大洼村委会	124.195840	45.414760	0	30	72	村庄
220821405598	大岗林场虚拟生活区	123.079850	45.661918	1	80	95	UNKNOWN
220802102208	龙弯村委会	122.761527	45.549540	0	18	66	乡镇
220822107209	太平村委会	122.648141	44.720219	0	25	70	乡镇
220821106207	报马吐村委会	123.366260	45.835918	0	25	47	乡镇
220881105210	德胜村委会	122.553340	45.507900	0	25	70	乡镇
220881201206	三义村委会	121.854537	45.879364	0	18	66	乡镇
220821202211	民主村委会	123.108060	46.041570	0	30	72	村庄
220821103212	杭乃村委会	123.855237	45.935826	0	16	38	乡镇
220881100205	共和村委会	122.357531	45.736727	0	30	72	村庄
220881207203	林发村委会	122.541760	45.369139	0	25	47	村庄
220881103215	里仁村委会	122.134670	45.792020	0	25	70	乡镇
220821100202	南岗村委会	123.240384	45.833404	0	30	72	村庄
220881200207	炭窑村委会	121.899689	45.966257	0	16	65	乡镇
220821203210	新慌户村委会	123.770969	46.212018	0	16	38	乡镇
220822106208	新华村委会	122.772980	44.547329	0	30	72	村庄
220802103209	两家子村委会	123.010910	45.494298	0	25	70	乡镇
220882201209	兴业村委会	124.100270	45.472238	0	30	72	村庄
220821200200	哈吐气村委会	123.422630	46.160429	0	25	47	乡镇
220802002003	安居社区	122.839874	45.613935	1	80	97	政府机构
220882108211	长春岭村委会	123.601490	45.092021	0	25	70	乡镇
220802001005	解放社区	122.855448	45.622934	1	80	97	政府机构
220881104207	远望村委会	122.626330	45.183422	0	25	47	乡镇
220821203206	于家围子村委会	123.770969	46.212018	0	16	38	乡镇
220822202208	富国村委会	122.652001	44.969248	0	30	72	村庄
220881008003	建业居委会	122.843725	45.304169	1	80	100	政府机构
220882105209	民新村委会	123.372230	45.601968	0	30	72	地产小区
220821104200	西二龙村委会	123.789712	45.801948	0	25	55	乡镇
220882004003	康宁社区	124.281111	45.511368	1	80	97	政府机构
220881203201	永德村委会	121.956548	45.875490	0	16	38	村庄
220882108207	八方村委会	123.601490	45.092021	0	25	70	乡镇
220881100213	悦来村委会	122.364050	45.696889	0	25	70	乡镇
220821103204	小二龙村委会	123.855237	45.935826	0	16	38	乡镇
220881204205	金山村委会	122.112201	45.711568	0	30	72	村庄
220802006001	草原社区	122.845887	45.603288	1	80	95	政府机构
220821100214	麻子村委会	123.192501	45.845058	0	25	70	乡镇
220881103203	宝合村委会	122.788000	45.335099	0	12	29	区县
220821100215	八格歹村委会	123.235339	45.667404	1	80	100	政府机构
220881103202	互利村委会	122.134670	45.792020	0	25	47	乡镇
220881100212	互助村委会	122.364050	45.696889	0	25	70	乡镇
220821103205	东五家子村委会	123.855237	45.935826	0	16	38	乡镇
220881204204	新安村委会	121.965290	45.722950	0	30	72	村庄
220821104201	东二龙村委会	123.789748	45.801948	0	25	55	乡镇
220881203200	东升村委会	121.976530	45.813659	0	30	72	村庄
220882108206	红光村委会	123.601490	45.092021	0	25	70	乡镇
220802204218	古城村委会	122.975050	45.370910	0	30	72	村庄
220802001004	海翔社区	122.855448	45.622934	1	80	97	政府机构
220881104206	明星村委会	122.666590	45.158431	0	30	72	村庄
220821203207	后围子村委会	123.770969	46.212018	0	16	65	乡镇
220822202209	龙井子村委会	122.356450	45.045610	0	25	47	乡镇
220881008002	联合居委会	122.813148	45.339697	1	80	100	政府机构
220882105208	民有村委会	123.376181	45.558148	0	25	55	乡镇
220821200201	宝山村委会	123.511340	46.163459	0	30	72	村庄
220802002002	跃辉社区	122.839874	45.613935	1	80	97	政府机构
220882108210	新风村委会	123.601490	45.092021	0	25	70	乡镇
220881200206	双庙村委会	121.937450	45.948357	0	30	72	村庄
220821203211	团结村委会	123.851891	46.258078	0	30	72	村庄
220881210206	马站村委会	122.401790	45.217710	0	25	70	乡镇
220822106209	新民村委会	122.746850	44.587461	0	30	72	村庄
220802103208	连城村委会	123.010910	45.494298	0	25	47	乡镇
220882201208	安北村委会	124.220240	45.528068	0	30	72	村庄
220881207202	德信村委会	122.541760	45.369139	0	25	70	村庄
220881103214	郝关村委会	122.134670	45.792020	0	25	47	乡镇
220821100203	西艾力村委会	123.192501	45.845058	0	25	43	乡镇
220821103213	谢家岗子村委会	123.855237	45.935826	0	16	38	乡镇
220881100204	福顺村委会	122.364050	45.696889	0	25	47	乡镇
220822100220	裕民村委会	123.257790	44.777069	0	30	72	村庄
220882200209	三合村委会	124.217451	45.439106	0	16	65	乡镇
220822107208	春阳村委会	122.648141	44.720219	0	25	70	乡镇
220821106206	胡立台村委会	123.366260	45.835918	0	25	43	乡镇
220881105211	大榆树村委会	122.553340	45.507900	0	25	70	乡镇
220881201207	东立村委会	121.854537	45.879364	0	18	66	乡镇
220821202210	民生村委会	123.165869	46.008190	0	30	72	村庄
220882109211	东风村委会	124.154251	45.596638	0	30	72	村庄
220802003003	新村社区	122.829774	45.619415	1	80	97	政府机构
220821201200	莫莫格村委会	123.624137	45.939035	0	25	55	旅游景点
220881008203	青松村委会	122.884131	45.298530	0	30	72	村庄
220802004007	日升社区	122.852080	45.621183	1	80	97	政府机构
220881101205	光华村委会	121.849259	45.771960	0	25	70	乡镇
220882001001	新明社区	124.298310	45.495410	1	80	97	政府机构
220821101202	哈拉村委会	123.349369	46.182460	0	25	70	乡镇
220881206203	山河村委会	122.490930	45.535079	0	30	72	村庄
220881205205	头段村委会	122.340800	45.607099	0	25	70	村庄
220881101213	三发村委会	121.849259	45.771960	0	25	47	乡镇
220821102204	太平村委会	123.285230	46.093290	0	25	70	乡镇
220881102203	丰满村委会	122.830511	45.224120	0	25	70	乡镇
220802007001	长富社区	122.865096	45.628837	1	80	97	政府机构
220882104209	同兴村委会	123.943829	45.472161	0	30	72	村庄
220821202206	民治村委会	123.124550	45.995258	0	30	72	村庄
220881105207	建国村委会	122.599431	45.492938	0	30	72	村庄
220821106210	岔台村委会	123.366260	45.835918	0	25	47	乡镇
220882109207	幸福村委会	124.153210	45.566368	0	30	72	村庄
220881202201	宝泉村委会	122.081380	45.573520	0	25	70	村庄
220821105200	五棵树村委会	123.716850	46.070709	0	25	70	乡镇
220821100002	铁北社区	123.192501	45.845058	0	25	70	乡镇
220882005003	安铁社区	124.246339	45.522781	1	80	97	政府机构
220881204208	安山村委会	121.985840	45.690058	0	30	72	村庄
220822401598	三家子种牛场虚拟生活区	123.405822	44.787852	0	18	49	乡镇
220821103209	茨勒营子村委会	123.836900	45.964955	0	30	72	村庄
220802203210	保安村委会	122.628710	45.558091	0	30	72	村庄
220881209206	二龙山村委会	123.057380	45.348430	0	25	70	村庄
220882102200	新富村委会	123.639160	45.676860	0	30	72	村庄
220822101217	新胜村委会	122.661530	44.385449	0	30	72	村庄
220802200200	长发村委会	122.947877	45.628494	0	16	65	村庄
220822205201	光辉村委会	123.280667	44.907069	0	16	65	乡镇
220882206216	新建村委会	123.544050	45.648158	0	25	55	乡镇
220822106213	金山村委会	123.025270	44.504169	0	30	72	村庄
220882105204	民众村委会	123.434360	45.524648	0	30	72	村庄
220822202205	金星村委会	122.888220	44.874459	0	30	72	村庄
220881105227	长岗村委会	122.711291	45.379668	0	30	72	村庄
220822100001	团结社区	123.087370	44.807489	0	50	100	地产小区
220822105203	前程村委会	123.035090	44.987480	0	25	70	乡镇
220802170100	中兴居委会	122.423580	45.847368	0	25	41	乡镇
220802100202	永平村委会	122.555650	45.750620	0	25	70	乡镇
220802204214	白吉村委会	122.902310	45.416701	0	16	38	乡镇
220882202202	兴华村委会	124.330665	45.517423	0	18	66	村庄
220822202213	梧赫村委会	122.356450	45.045610	0	25	47	乡镇
220882201204	二龙山村委会	124.189179	45.491890	0	25	70	村庄
220802103204	大六家子村委会	123.010910	45.494298	0	25	70	乡镇
220882105212	庆功村委会	123.376181	45.558148	0	25	47	乡镇
220822106205	育林村委会	122.937280	44.472360	0	30	72	村庄
220822201203	宏源村委会	122.844854	44.768306	0	16	65	村庄
220802204202	保民太村委会	122.902310	45.416701	0	16	33	乡镇
220882106202	靠山村委会	123.496051	45.180490	0	30	72	村庄
220881100208	振林村委会	122.364050	45.696889	0	25	47	乡镇
220822206207	明兴村委会	123.261231	45.084870	0	25	47	村庄
220802203206	新华村委会	122.621590	45.515010	0	30	72	村庄
220882101206	永强村委会	123.731790	45.595218	0	30	72	村庄
220882206200	富民村委会	123.527379	45.645850	0	30	72	村庄
220802104200	光明村委会	122.658110	45.709777	0	30	72	村庄
220822101201	西关村委会	122.652350	44.508919	0	25	70	乡镇
220881001002	安抚社区	122.771764	45.333412	1	80	97	政府机构
220882107203	庆安村委会	123.397060	45.439340	0	25	70	乡镇
220822200202	新发村委会	122.485530	44.548689	0	30	72	村庄
220881007007	增胜居委会	122.823181	45.310811	1	80	100	政府机构
220882104213	同强村委会	123.947210	45.522421	0	25	47	乡镇
220822107204	冷家店村委会	122.719279	44.733328	1	80	100	政府机构
220882200205	头段村委会	124.217451	45.439106	0	16	65	乡镇
220871002002	阳光社区	122.792682	45.606464	1	80	97	政府机构
220822100200	永青村委会	123.085550	44.816129	0	25	70	乡镇
220802105201	双龙村委会	123.107670	45.556381	0	30	72	村庄
220802170301	吉庆村委会	122.480720	45.806198	0	30	72	村庄
220802100003	龙湾居委会	122.555650	45.750620	0	25	70	乡镇
220882207201	永安村委会	123.804270	45.566589	0	30	72	村庄
220802009005	长青南社区	122.851000	45.621499	0	14	37	区县
220882100207	王家泡村委会	124.050706	45.677592	1	80	100	政府机构
220802202207	三好村委会	122.556425	45.622497	0	16	65	乡镇
220822207206	巨宝村委会	123.321080	44.679099	0	25	70	乡镇
220882204211	政权村委会	123.811370	45.131311	0	30	72	村庄
220882403598	舍力林场虚拟生活区	123.357430	45.555310	1	80	95	UNKNOWN
220881101209	永久村委会	121.752970	45.763767	0	30	72	村庄
220822204200	民主村委会	122.317090	44.588971	0	30	72	村庄
220882207217	长志村委会	123.775160	45.561660	0	25	47	村庄
220802201201	八青村委会	122.690966	45.634028	0	18	35	村庄
220882103201	长进村委会	123.668771	45.344899	0	25	47	乡镇
220822100216	榆林村委会	123.112679	44.742591	0	30	72	村庄
220882204207	兴功村委会	123.775730	45.195241	0	25	47	村庄
220802202211	长胜村委会	122.511190	45.636210	0	30	72	村庄
220822103206	爱国村委会	122.437600	44.822671	0	25	70	乡镇
220821102208	致祥村委会	123.285230	46.093290	0	25	70	乡镇
220881205209	三段村委会	122.340800	45.607099	0	25	70	村庄
220871003202	向阳村委会	122.809776	45.636481	0	20	41	乡镇
220802405598	保民农场虚拟生活区	123.114079	45.477480	1	75	92	UNKNOWN
220882203203	八家村委会	123.843166	45.655728	0	16	65	乡镇
220802104001	平台居委会	122.783615	45.710403	0	16	65	乡镇
220802101203	光荣村委会	122.848383	45.803832	0	16	65	乡镇
220881004001	隆新社区	122.787960	45.343189	1	80	95	政府机构
220822104202	西战村委会	123.213765	44.618467	1	80	100	政府机构
220821400502	四方坨子农场三分场	123.901314	46.065036	0	16	65	乡镇
220871001004	光明社区	122.829430	45.603624	1	80	97	政府机构
220882200213	建设村委会	124.160120	45.436839	0	30	72	村庄
220822107212	万宝村委会	122.648141	44.720219	0	25	70	乡镇
220882101007	文化社区	123.746821	45.649606	0	16	65	乡镇
220882104205	同发村委会	123.947210	45.522421	0	25	70	乡镇
220802203213	晓华村委会	122.677351	45.504477	0	16	38	村庄
220822102204	长青村委会	123.023590	45.047451	0	30	72	村庄
220802200203	金宝村委会	122.947877	45.628494	0	16	65	村庄
220822205202	金堡村委会	123.280667	44.907069	0	16	65	乡镇
220882206215	新志村委会	123.544050	45.648158	0	25	47	乡镇
220882102203	富有村委会	123.628370	45.681086	0	16	65	乡镇
220822101214	繁荣村委会	123.166129	45.129049	1	80	100	政府机构
220881209205	立志村委会	123.057380	45.348430	0	25	47	村庄
220882201211	长虹村委会	124.162510	45.469469	0	30	72	村庄
220822202206	哈拉毛头村委会	122.711247	44.914834	0	30	58	村庄
220822106210	朝阳村委会	122.694710	44.621601	0	30	72	村庄
220882105207	民发村委会	123.376181	45.558148	0	25	47	乡镇
220881104209	畜牧场村委会	122.626330	45.183422	0	25	70	乡镇
220882406598	风水山牧场虚拟生活区	123.446516	45.256890	0	18	49	UNKNOWN
220821203208	丹岱村委会	123.770969	46.212018	0	16	38	乡镇
220802204217	城四村委会	122.851000	45.621499	0	14	27	区县
220882108209	兴俭村委会	123.601490	45.092021	0	25	47	乡镇
220882202201	城南村委会	124.293340	45.492840	0	30	72	村庄
220881005003	永军社区	122.783630	45.324881	0	30	72	乡镇
220822100002	育才社区	123.085550	44.816129	0	25	70	乡镇
220822105200	鸿兴村委会	123.035090	44.987480	0	25	47	乡镇
220802170103	中东居委会	122.423580	45.847368	0	25	40	乡镇
220802407498	白城市生态新区虚拟社区	122.851000	45.621499	0	14	37	区县
220802100201	平安村委会	122.555900	45.753380	0	30	72	村庄
220881105224	温保村委会	122.553340	45.507900	0	25	47	乡镇
220802103207	拉先村委会	123.010910	45.494298	0	25	47	乡镇
220882105211	东升村委会	123.359170	45.516919	0	30	72	村庄
220822106206	新林村委会	122.865760	44.472282	0	30	72	村庄
220822202210	复兴村委会	122.647071	44.940289	0	30	72	村庄
220882201207	长发村委会	124.189179	45.491890	0	25	70	村庄
220881200209	满兴村委会	121.899689	45.966257	0	16	38	乡镇
220882106201	前大岗子村委会	123.573140	45.229761	0	25	47	乡镇
220822201200	新兴村委会	122.785570	44.732699	0	30	72	村庄
220802204201	明山村委会	122.927129	45.435961	0	30	72	村庄
220882101205	永丰村委会	123.725890	45.618118	0	30	72	村庄
220822206204	阳光村委会	123.347099	45.111203	0	30	72	村庄
220802203205	东风村委会	122.640730	45.481149	0	30	72	村庄
220802104203	西五村委会	122.783615	45.710403	0	16	38	乡镇
220822101202	东胜村委会	122.652350	44.508919	0	25	70	乡镇
220881001001	安静社区	122.771764	45.333412	1	80	97	政府机构
220882206203	富国村委会	123.500031	45.665978	0	30	72	村庄
220822200201	红旗村委会	122.506629	44.489032	0	30	72	村庄
220882107200	庆发村委会	123.397060	45.439340	0	25	47	乡镇
220821106209	二龙村委会	123.366260	45.835918	0	25	70	乡镇
220822404598	同发牧场虚拟生活区	122.167164	44.899554	0	16	47	乡镇
220871002001	经纬社区	122.792682	45.606464	1	80	97	政府机构
220881201208	三立村委会	121.854537	45.879364	0	18	40	乡镇
220882200206	青山村委会	124.264010	45.421979	0	30	72	村庄
220881007004	西郊居委会	122.761898	45.342399	1	80	100	政府机构
220882104210	同胜村委会	123.947210	45.522421	0	25	47	乡镇
220822107207	西木村委会	122.648141	44.720219	0	25	47	乡镇
220802102206	孟家村委会	122.720830	45.547778	0	30	72	村庄
220802009006	新兴社区	122.851000	45.621499	0	14	46	区县
220882207202	永平村委会	123.775160	45.561660	0	25	70	村庄
220822100203	西郊村委会	123.033040	44.826650	0	30	72	村庄
220822105001	鸿兴居委会	123.035090	44.987480	0	25	55	乡镇
220802105202	高平村委会	123.145336	45.579159	0	16	65	乡镇
220802170302	四家子村委会	122.423580	45.847368	0	25	70	乡镇
220802202204	六和村委会	122.556425	45.622497	0	16	65	乡镇
220822207205	天利太村委会	123.321080	44.679099	0	25	43	乡镇
220882204212	三助村委会	123.775730	45.195241	0	25	43	村庄
220882100204	殿元村委会	124.011704	45.673603	0	16	38	乡镇
220882103202	长胜村委会	123.714159	45.364171	0	30	72	村庄
220822100215	羊井村委会	123.085550	44.816129	0	25	70	乡镇
220822204203	建设村委会	122.312420	44.533681	0	30	72	村庄
220882207214	长新村委会	123.591419	45.481570	0	30	72	地产小区
220802201202	三合村委会	122.690966	45.634028	0	18	66	村庄
220871003201	丰产村委会	122.809776	45.636481	0	20	41	乡镇
220822103205	林茂村委会	122.437600	44.822671	0	25	70	乡镇
220882204204	团结村委会	124.055230	45.248281	0	30	72	村庄
220802202212	日升村委会	122.521620	45.619329	0	30	72	村庄
220871001007	瑞普社区	122.829430	45.603624	1	80	97	政府机构
220821400501	四方坨子农场二分场	123.901314	46.065036	0	16	65	乡镇
220802101200	生产村委会	122.848383	45.803832	0	16	38	乡镇
220881004002	隆德社区	122.787960	45.343189	1	80	97	政府机构
220822104201	靠山村委会	123.166370	44.638931	0	30	72	村庄
220882203200	红岗子村委会	123.936766	45.621481	1	80	100	政府机构
220882109208	宝石村委会	124.193889	45.598570	0	30	72	村庄
220821202209	三合村委会	123.162329	45.886050	0	25	70	村庄
220881105208	红星村委会	122.581960	45.472119	0	30	72	村庄
220822107211	西辛力村委会	122.648141	44.720219	0	25	43	乡镇
220882104206	同乐村委会	123.947210	45.522421	0	25	70	乡镇
220882200210	大围子村委会	124.217451	45.439106	0	16	65	乡镇
220822101218	新立村委会	122.596601	44.384449	0	30	72	村庄
220802006003	顺达社区	122.845887	45.603288	1	80	95	政府机构
220881209209	光明村委会	123.141621	45.193300	0	30	72	村庄
220821100216	郭家村委会	123.211620	45.677850	0	30	72	村庄
220881103201	兴顺村委会	122.788000	45.335099	0	12	26	区县
220881204207	永安村委会	122.044310	45.695888	0	30	72	村庄
220881100211	怀德村委会	122.364050	45.696889	0	25	70	乡镇
220821103206	西五家子村委会	123.194581	45.993737	0	30	58	村庄
220882108205	兴胜村委会	123.601490	45.092021	0	25	70	乡镇
220881203203	桂林村委会	121.956440	45.879550	0	30	72	村庄
220821104202	东莫龙村委会	123.789730	45.801948	0	25	43	乡镇
220881105228	金生村委会	122.715970	45.417708	0	30	72	村庄
220882004001	祥安社区	124.281111	45.511368	1	80	97	政府机构
220881008001	凤凰山居委会	122.845227	45.356297	1	80	100	政府机构
220821203204	二力把村委会	123.770969	46.212018	0	16	33	乡镇
220881104205	新光村委会	122.550670	45.188661	0	30	72	村庄
220802002001	白鹤社区	122.839874	45.613935	1	80	97	政府机构
220821200202	呼兰村委会	123.422630	46.160429	0	25	47	乡镇
220881210205	兴发村委会	122.520930	45.187591	0	30	72	村庄
220881200205	新起村委会	121.899689	45.966257	0	16	38	乡镇
220821203212	农科村委会	123.770969	46.212018	0	16	47	乡镇
220821100200	长安村委会	123.192811	45.846928	0	30	72	村庄
220881207201	爱国村委会	122.541760	45.369139	0	25	70	村庄
220802203209	跃进村委会	122.677351	45.504477	0	16	65	村庄
220821103210	前杭村委会	123.746770	45.951228	0	30	72	村庄
220881100207	兴盛村委会	122.381229	45.727090	0	30	72	村庄
220881201204	复茂村委会	121.854537	45.879364	0	18	40	乡镇
220821202213	康平村委会	123.162329	45.886050	0	25	70	村庄
220821106205	嘎海村委会	123.366260	45.835918	0	25	47	乡镇
220881105212	袁家村委会	122.553340	45.507900	0	25	70	乡镇
220821201203	代珠村委会	123.628010	45.948138	0	25	47	乡镇
220882109212	长春村委会	124.120310	45.603510	0	30	72	村庄
220881205210	永兴村委会	122.360400	45.575548	0	30	72	村庄
220802004004	通业社区	122.852080	45.621183	1	80	97	政府机构
220821102211	查干村委会	123.285230	46.093290	0	25	47	乡镇
220881101206	宏山村委会	121.849259	45.771960	0	25	70	乡镇
220882100208	高阳村委会	124.040143	45.686698	0	30	72	村庄
220802202208	杨树村委会	122.556425	45.622497	0	16	65	乡镇
220881008200	朝阳村委会	122.912860	45.337550	0	30	72	村庄
220881206200	昌盛村委会	122.424620	45.501309	0	30	72	村庄
220882001002	南湖社区	124.298310	45.495410	1	80	97	政府机构
220821101201	红岗村委会	123.349369	46.182460	0	25	70	乡镇
220881101210	北太平村委会	121.694820	45.740528	0	30	72	村庄
220821102207	乌木村委会	123.285230	46.093290	0	25	47	乡镇
220881205206	九家子村委会	122.340800	45.607099	0	25	47	村庄
220821401598	白音套海牧场虚拟生活区	123.165545	46.156890	0	18	49	乡镇
220882204208	巩固村委会	123.787401	45.248700	0	30	72	村庄
220822103209	莲花泡村委会	122.437600	44.822671	0	25	70	乡镇
220881102200	黑水村委会	122.815595	45.213660	1	80	100	政府机构
220802007002	铁西社区	122.865096	45.628837	1	80	97	政府机构
220822100219	路阳村委会	123.085550	44.816129	0	25	47	乡镇
220881105204	翻身村委会	122.554114	45.514377	1	80	100	政府机构
220821106213	棉西村委会	123.530639	45.780230	1	70	88	UNKNOWN
220821202205	英华村委会	123.162329	45.886050	0	25	47	村庄
220821105203	后英台村委会	123.716850	46.070709	0	25	43	乡镇
220821100001	正阳社区	123.192501	45.845058	0	25	70	乡镇
220881202202	长兴村委会	122.078459	45.665050	0	30	72	村庄
220882109204	解放村委会	124.086681	45.539939	0	30	72	村庄
220821105202	前英台村委会	123.698520	46.144311	1	80	100	政府机构
220881202203	丁家村委会	122.081380	45.573520	0	25	70	村庄
220882109205	聚宝村委会	124.082990	45.560399	0	25	70	乡镇
220881105205	振兴村委会	122.576200	45.510100	0	30	72	村庄
220821106212	他四海村委会	123.366260	45.835918	0	25	55	乡镇
220821202204	长发村委会	123.162329	45.886050	0	25	70	村庄
220881102201	五一村委会	122.830511	45.224120	0	25	70	乡镇
220802007003	长利社区	122.865096	45.628837	1	80	97	政府机构
220822100218	晓光村委会	123.085550	44.816129	0	25	70	乡镇
220881101211	红旗村委会	121.849259	45.771960	0	25	70	乡镇
220821102206	东升村委会	123.328810	46.076959	0	30	72	村庄
220881205207	永丰村委会	122.286670	45.603398	0	30	72	村庄
220882204209	于家村委会	123.743679	45.215310	0	30	72	村庄
220822103208	交格尔庙村委会	122.437600	44.822671	0	25	41	乡镇
220881206201	龙山村委会	122.464380	45.568959	0	30	72	村庄
220882001003	城南社区	124.298310	45.495410	1	80	97	政府机构
220821101200	坦途村委会	123.349369	46.182460	0	25	47	乡镇
220881205211	四段村委会	122.340800	45.607099	0	25	70	村庄
220802004005	兴业社区	122.852080	45.621183	1	80	97	政府机构
220821102210	洋沙村委会	123.285230	46.093290	0	25	70	乡镇
220881101207	碱土村委会	121.849259	45.771960	0	25	47	乡镇
220882100209	新店村委会	124.031189	45.701063	0	30	72	村庄
220881402598	市原种场虚拟生活区	122.788000	45.335099	0	12	29	区县
220822207208	七撮村委会	123.321080	44.679099	0	25	47	乡镇
220881008201	玉成村委会	122.875498	45.354436	0	30	72	村庄
220802202209	有利村委会	122.556425	45.622497	0	16	65	乡镇
220821201202	双青山村委会	123.628010	45.948138	0	25	47	乡镇
220802003001	瑞庆社区	122.829774	45.619415	1	80	97	政府机构
220882109213	地窝棚村委会	124.082990	45.560399	0	25	47	乡镇
220881201205	民主村委会	121.827050	45.875049	0	30	72	村庄
220821202212	平安村委会	123.190841	45.979087	0	30	72	村庄
220821106204	来明村委会	123.317601	45.755437	0	30	58	村庄
220881105213	五家子村委会	122.553340	45.507900	0	25	70	乡镇
220802203208	林场村委会	122.683359	45.519151	0	30	72	UNKNOWN
220882101208	永兴村委会	123.763010	45.695760	0	30	72	村庄
220821103211	腰杭村委会	123.855237	45.935826	0	16	38	乡镇
220881100206	靠山村委会	122.307030	45.726789	0	30	72	村庄
220802005004	爱民社区	122.851000	45.621499	0	14	46	区县
220881204210	野马图村委会	122.068740	45.702468	0	25	47	村庄
220881103216	富泉村委会	122.134670	45.792020	0	25	47	乡镇
220821100201	街北村委会	123.192501	45.845058	0	25	70	乡镇
220881207200	会清村委会	122.541760	45.369139	0	25	47	村庄
220881210204	榆林村委会	122.366890	45.225740	0	30	72	村庄
220881200204	水泉村委会	121.910750	45.990110	0	30	72	村庄
220821203213	乌兰吐村委会	123.770969	46.212018	0	16	38	乡镇
220821200203	硕焕村委会	123.422630	46.160429	0	25	47	乡镇
220821203205	创业村委会	123.676281	46.237927	0	30	72	村庄
220802001006	海兴社区	122.855448	45.622934	1	80	97	政府机构
220881104204	友谊村委会	122.630639	45.214612	0	30	72	村庄
220882108204	榆树村委会	123.601490	45.092021	0	25	70	乡镇
220881203202	福民村委会	121.976119	45.901719	0	30	72	村庄
220821104203	南莫龙村委会	123.789730	45.801948	0	25	43	乡镇
220821101001	坦途居委会	123.349369	46.182460	0	25	55	乡镇
220881204206	东山村委会	122.159890	45.714649	0	30	72	村庄
220881100210	崇德村委会	122.364050	45.696889	0	25	70	乡镇
220821103207	东报马台村委会	123.855237	45.935826	0	16	38	乡镇
220822101219	耀东村委会	122.652350	44.508919	0	25	70	乡镇
220802006002	兴盛社区	122.845887	45.603288	1	80	95	政府机构
220881209208	三家子村委会	123.057380	45.348430	0	25	70	村庄
220821100217	乌拉村委会	123.278550	45.666880	0	30	72	村庄
220881103200	那金村委会	122.134670	45.792020	0	25	70	乡镇
220882407598	东风马场虚拟生活区	123.301130	45.320760	1	80	95	UNKNOWN
220821202208	双庙村委会	123.164243	46.031375	0	30	72	村庄
220881105209	中心村委会	122.641290	45.464049	0	30	72	村庄
220882101005	安平社区	123.746821	45.649606	0	16	65	乡镇
220822107210	迷仁村委会	122.648141	44.720219	0	25	47	乡镇
220882104207	同权村委会	123.947210	45.522421	0	25	47	乡镇
220882200211	双榆树村委会	124.217451	45.439106	0	16	65	乡镇
220871001006	二三七社区	122.829430	45.603624	1	80	95	政府机构
220821400500	四方坨子农场一分场	123.901314	46.065036	0	16	65	乡镇
220802101201	永胜村委会	122.895761	45.694817	0	30	72	村庄
220822104200	边昭村委会	123.165079	44.598771	0	25	43	乡镇
220882203201	马营村委会	123.930655	45.620048	0	30	72	村庄
220882109209	双全村委会	124.082990	45.560399	0	25	70	乡镇
220871003200	河北村委会	122.809776	45.636481	0	20	41	乡镇
220822103204	三宝村委会	122.437600	44.822671	0	25	70	乡镇
220882204205	姜家村委会	123.775730	45.195241	0	25	70	村庄
220802202213	春光村委会	122.552140	45.637150	0	30	72	村庄
220882103203	长明村委会	123.668771	45.344899	0	25	70	乡镇
220822100214	黎明村委会	123.243130	44.855499	0	30	72	村庄
220822204202	团结村委会	122.387210	44.596332	0	30	72	村庄
220882207215	长庆村委会	123.729690	45.467658	0	30	72	村庄
220802201203	凤城村委会	122.658750	45.636338	0	30	72	村庄
220802202205	新合村委会	122.556780	45.707320	0	30	72	村庄
220822207204	农牧村委会	123.321080	44.679099	0	25	47	乡镇
220882100205	岔古敖村委会	124.011704	45.673603	0	16	38	乡镇
220802009007	和平社区	122.851000	45.621499	0	14	46	区县
220882207203	太平村委会	123.775160	45.561660	0	25	70	村庄
220822100202	迎新村委会	123.062120	44.797540	0	30	72	地产小区
220802170303	红石岭村委会	122.423580	45.847368	0	25	70	乡镇
220802105203	车力村委会	123.145336	45.579159	0	16	38	乡镇
220802100001	新和居委会	122.555650	45.750620	0	25	70	乡镇
220821106208	索龙村委会	123.366260	45.835918	0	25	47	乡镇
220881201209	四立村委会	121.854537	45.879364	0	18	35	乡镇
220882200207	德昌村委会	124.318933	45.441430	1	80	100	政府机构
220882104211	同庆村委会	123.947210	45.522421	0	25	70	乡镇
220881007005	桥南居委会	122.710040	45.335323	0	18	40	乡镇
220822107206	东木村委会	122.648141	44.720219	0	25	70	乡镇
220802102207	四合村委会	122.761527	45.549540	0	18	66	乡镇
220822200200	六合村委会	122.482410	44.571229	0	25	70	村庄
220882400498	大安经济开发区管委会虚拟社区	124.292000	45.506999	0	12	29	区县
220882107201	光明村委会	123.456820	45.451741	0	30	72	村庄
220802104202	东五村委会	122.783615	45.710403	0	16	65	乡镇
220822101203	民胜村委会	122.652350	44.508919	0	25	70	乡镇
220822104001	边昭居委会	123.165079	44.598771	0	25	55	乡镇
220882206202	富强村委会	123.541700	45.685189	0	30	72	村庄
220882101204	永庆村委会	123.803180	45.621958	0	30	72	村庄
220822206205	宏大村委会	123.261231	45.084870	0	25	70	村庄
220802203204	立新村委会	122.680580	45.499801	0	30	72	地产小区
220882106200	大岗子村委会	123.573140	45.229761	0	25	70	乡镇
220822201201	东太村委会	122.870509	44.768411	0	30	72	村庄
220802204200	庆丰村委会	122.909410	45.413890	0	30	72	村庄
220802103206	庆生村委会	123.010910	45.494298	0	25	70	乡镇
220882105210	洮东村委会	123.376181	45.558148	0	25	47	乡镇
220881006004	通富社区	122.804106	45.343270	1	80	97	政府机构
220822106207	桑树村委会	122.895781	44.583739	0	25	70	乡镇
220822202211	回民村委会	122.917540	44.889891	0	30	72	村庄
220882201206	红权村委会	124.189179	45.491890	0	25	47	村庄
220822405598	新华牛场虚拟生活区	123.088000	44.812999	0	12	26	区县
220881200208	双发村委会	121.899689	45.966257	0	16	38	乡镇
220802204216	胡里村委会	122.902310	45.416701	0	16	65	乡镇
220882108208	兴学村委会	123.601490	45.092021	0	25	70	乡镇
220882202200	长白村委会	124.292170	45.494699	0	30	72	村庄
220822100003	开通社区	123.085550	44.816129	0	25	70	乡镇
220881005002	永财社区	122.783630	45.324881	0	30	72	乡镇
220822105201	东风村委会	123.087940	44.995642	0	30	72	村庄
220802170102	中津居委会	122.423580	45.847368	0	25	40	乡镇
220802100200	一心村委会	122.555650	45.750620	0	25	70	乡镇
220881105225	新德村委会	122.553340	45.507900	0	25	70	乡镇
220882201210	小窝棚村委会	124.189179	45.491890	0	25	70	村庄
220822202207	大房村委会	122.700860	44.944010	0	30	72	村庄
220822106211	农丰村委会	122.895781	44.583739	0	25	70	乡镇
220882105206	民权村委会	123.376181	45.558148	0	25	70	乡镇
220802103210	那尼哈村委会	123.010910	45.494298	0	25	43	乡镇
220881104208	四海泡村委会	122.544070	45.065361	0	50	73	UNKNOWN
220821203209	乌鸦山村委会	123.770969	46.212018	0	16	65	乡镇
220802200202	青山村委会	122.871600	45.674940	0	30	72	村庄
220822205203	青海村委会	123.280667	44.907069	0	16	65	乡镇
220882206214	新丰村委会	123.544050	45.648158	0	25	55	乡镇
220882102202	新田村委会	123.633800	45.653230	0	30	72	村庄
220822101215	前进村委会	122.695200	44.427001	0	30	72	村庄
220881209204	新政村委会	123.057380	45.348430	0	25	47	村庄
220802203212	青龙村委会	122.682410	45.574360	0	30	72	村庄
220882205204	新艾里村委会	123.406837	45.656123	0	18	40	乡镇
220822205208	曙光村委会	123.179510	44.928620	0	30	72	村庄
220881400598	东方红畜牧场虚拟生活区	123.052838	45.157991	0	18	49	UNKNOWN
220802200209	长青村委会	122.813805	45.621887	1	80	100	政府机构
220881103207	向阳山村委会	122.134670	45.792020	0	25	47	乡镇
220821100210	哈拉本召村委会	123.192501	45.845058	0	25	47	乡镇
220881207211	黄花村委会	122.541760	45.369139	0	25	70	村庄
220821103200	大屯村委会	123.778600	45.911479	0	30	72	村庄
220882003003	民主社区	124.292030	45.496369	1	80	97	政府机构
220881204201	德惠村委会	122.068740	45.702468	0	25	47	村庄
220882108203	龙沼村委会	123.601490	45.092021	0	25	47	乡镇
220822100008	铁西南社区	123.085550	44.816129	0	25	70	乡镇
220821104204	前少力村委会	123.789730	45.801948	0	25	43	乡镇
220881203205	兴泉村委会	121.956548	45.875490	0	16	38	村庄
220802001001	民生社区	122.855448	45.622934	1	80	97	政府机构
220881101001	红旗社区	121.849259	45.771960	0	25	70	乡镇
220881104203	新兴村委会	122.543860	45.219360	0	30	72	村庄
220821203202	望海村委会	123.770969	46.212018	0	16	65	乡镇
220821200204	张海村委会	123.422630	46.160429	0	25	70	乡镇
220802002007	新居社区	122.839874	45.613935	1	80	97	政府机构
220821203214	立新村委会	123.749940	46.245839	0	30	72	地产小区
220881200203	长青村委会	121.865200	45.993228	0	30	72	村庄
220881210203	宏图村委会	122.401790	45.217710	0	25	70	乡镇
220822101208	大宁村委会	122.652350	44.508919	0	25	70	乡镇
220802104209	民生村委会	122.776820	45.738558	0	30	72	村庄
220882206209	新兴村委会	123.544050	45.648158	0	25	55	乡镇
220881207207	赵民村委会	122.541760	45.369139	0	25	47	村庄
220821100206	六合村委会	123.192501	45.845058	0	25	70	乡镇
220881103211	新农村委会	122.211569	45.792260	0	30	72	村庄
220881100201	荣华村委会	122.364050	45.696889	0	25	70	乡镇
220802005003	通途社区	122.851000	45.621499	0	14	46	区县
220881105214	创新村委会	122.553340	45.507900	0	25	70	乡镇
220821106203	三家子村委会	123.366260	45.835918	0	25	70	乡镇
220881201202	马鞍村委会	121.854537	45.879364	0	18	66	乡镇
220802003006	军民社区	122.829774	45.619415	1	80	97	政府机构
220821201205	包力村委会	123.628010	45.948138	0	25	47	乡镇
220882109214	静山村委会	124.157390	45.567178	1	80	95	UNKNOWN
220802004002	文化社区	122.852080	45.621183	1	80	97	政府机构
220881101200	永红村委会	121.849259	45.771960	0	25	70	乡镇
220881008206	安乐村委会	122.985669	45.226702	0	30	72	村庄
220821101207	双山子村委会	123.349369	46.182460	0	25	70	乡镇
220881206206	光荣村委会	122.399580	45.449680	0	30	72	村庄
220882207208	永治村委会	123.775160	45.561660	0	25	47	村庄
220821402598	良种繁育场虚拟生活区	123.200001	45.847298	0	12	29	区县
220802170308	石头井子村委会	122.423580	45.847368	0	25	55	乡镇
220822100209	光明村委会	122.947010	44.817399	0	30	72	村庄
220881205200	二段村委会	122.340800	45.607099	0	25	70	村庄
220821102201	蒙古索口村委会	123.285230	46.093290	0	25	43	乡镇
220881101216	前进村委会	121.777309	45.711430	0	30	72	村庄
220882002002	人和社区	124.293070	45.511499	1	80	97	政府机构
220802202218	仁合村委会	122.488219	45.686609	0	30	72	村庄
220881102206	新生村委会	122.769741	45.197950	0	30	72	村庄
220821101211	永庆村委会	123.248220	46.218808	0	30	72	村庄
220802007004	新安社区	122.865096	45.628837	1	80	97	政府机构
220882103208	东南岗村委会	123.668771	45.344899	0	25	70	乡镇
220802201208	金家村委会	122.721170	45.650508	0	30	72	村庄
220821202203	莲泡村委会	123.162329	45.886050	0	25	47	村庄
220821106215	哈拉村委会	123.366260	45.835918	0	25	70	乡镇
220881105202	庆太村委会	122.553340	45.507900	0	25	47	乡镇
220881202204	四平村委会	122.081380	45.573520	0	25	70	村庄
220821100007	新兴社区	123.192501	45.845058	0	25	70	乡镇
220821105205	徐家村委会	123.716850	46.070709	0	25	70	乡镇
220882109202	太平村委会	124.082990	45.560399	0	25	70	乡镇
220881002001	富强社区	122.781674	45.340453	0	30	58	乡镇
220822102202	双岗村委会	122.937830	45.102212	0	25	70	乡镇
220882205203	民生村委会	123.356770	45.642680	0	30	72	村庄
220822101212	向阳村委会	122.772891	44.458719	0	30	72	村庄
220882102205	富安村委会	123.628370	45.681086	0	16	65	乡镇
220802104213	勤俭村委会	122.778961	45.686807	0	30	72	村庄
220802200205	致富村委会	122.947877	45.628494	0	16	65	村庄
220882206213	富乐村委会	123.544050	45.648158	0	25	70	乡镇
220822205204	四海村委会	123.280667	44.907069	0	16	65	乡镇
220881209203	建民村委会	123.234769	45.352421	0	30	72	村庄
220882105201	民强村委会	123.376181	45.558148	0	25	55	乡镇
220822202200	向海村委会	123.036140	45.119532	0	30	58	UNKNOWN
220822105206	兴东村委会	123.124268	44.963724	0	30	72	村庄
220822100004	东盛社区	123.085550	44.816129	0	25	70	乡镇
220802100207	三甲村委会	122.555650	45.750620	0	25	70	乡镇
220802204211	兴建村委会	122.818310	45.406290	0	30	72	村庄
220882202207	渔业村委会	124.330665	45.517423	0	18	66	村庄
220802403598	白城牧场虚拟生活区	122.851000	45.621499	0	14	32	区县
220881203209	兴安村委会	121.907330	45.795420	0	30	72	村庄
220881105222	福安村委会	122.553340	45.507900	0	25	70	乡镇
220882201201	五间房村委会	123.158126	45.580582	1	80	100	政府机构
220802103201	楚伦村委会	123.010910	45.494298	0	25	47	乡镇
220822106200	大有村委会	122.895781	44.583739	0	25	70	乡镇
220881006003	通畅社区	122.804106	45.343270	1	80	97	政府机构
220822103002	泰和居委会	122.437600	44.822671	0	25	70	乡镇
220882105217	庆有村委会	123.376181	45.558148	0	25	47	乡镇
220802204207	乌兰村委会	122.723130	45.487158	0	30	72	村庄
220882405598	大岗子林场虚拟生活区	124.292000	45.506999	0	12	26	区县
220822206202	新建村委会	123.362720	45.146301	0	30	72	村庄
220802203203	卫东村委会	122.703691	45.498388	0	30	72	村庄
220882101203	新荒村委会	123.746821	45.649606	0	16	38	乡镇
220882206205	富河村委会	123.544050	45.648158	0	25	47	乡镇
220802200213	三跃村委会	122.846652	45.631823	1	80	100	政府机构
220802104205	侯家村委会	122.783615	45.710403	0	16	65	乡镇
220822101204	蔬菜村委会	122.652350	44.508919	0	25	70	乡镇
220821201209	苏可马村委会	123.628010	45.948138	0	25	43	乡镇
220882107206	六合堂村委会	123.397060	45.439340	0	25	70	乡镇
220802101210	红星村委会	122.866320	45.756940	0	30	72	村庄
220881105218	春华村委会	122.553340	45.507900	0	25	70	乡镇
220822107201	沙力村委会	122.648141	44.720219	0	25	47	乡镇
220881007002	南郊居委会	122.790911	45.330236	1	80	100	政府机构
220882104216	同德村委会	123.864480	45.374429	0	30	72	村庄
220822400498	通榆经济开发区虚拟社区	123.088000	44.812999	0	12	34	区县
220802102200	甜水村委会	122.800150	45.491311	0	30	72	村庄
220882200200	四棵树村委会	124.217451	45.439106	0	16	65	乡镇
220822100205	红旗村委会	123.085550	44.816129	0	25	70	乡镇
220802105204	复兴村委会	123.179580	45.587169	0	30	72	村庄
220802170304	岭西村委会	122.410060	45.846808	0	30	72	村庄
220882207204	同立村委会	123.775160	45.561660	0	25	47	村庄
220871003211	朱家村委会	122.809776	45.636481	0	20	41	乡镇
220882100202	志发村委会	124.011704	45.673603	0	16	38	乡镇
220802202202	庆生村委会	122.556425	45.622497	0	16	65	乡镇
220822207203	五家子村委会	123.321080	44.679099	0	25	70	乡镇
220882207212	长安村委会	123.636890	45.471790	0	30	72	村庄
220822204205	胜利村委会	122.229991	44.643759	0	30	72	村庄
220802201204	夏家村委会	122.690966	45.634028	0	18	66	村庄
220822100213	跃进村委会	123.085550	44.816129	0	25	70	乡镇
220882103204	长和村委会	123.692530	45.292250	1	80	95	UNKNOWN
220871003207	朝阳村委会	122.809776	45.636481	0	20	41	乡镇
220882204202	胡家村委会	123.955369	45.225741	0	30	72	村庄
220802202214	光辉村委会	122.556425	45.622497	0	16	65	乡镇
220822106001	华中居委会	122.895781	44.583739	0	25	70	乡镇
220822103203	长发村委会	122.437600	44.822671	0	25	70	乡镇
220821400507	四方坨子农场八分场	123.901314	46.065036	0	16	65	乡镇
220821105209	八家子村委会	123.716850	46.070709	0	25	70	乡镇
220882203206	南岗村委会	123.909335	45.665153	0	30	72	村庄
220802101206	利民村委会	122.887560	45.733838	0	30	72	村庄
220822104207	佟家店村委会	123.165079	44.598771	0	25	47	乡镇
220882107210	三八村委会	123.397060	45.439340	0	25	70	乡镇
220822203201	半拉格森村委会	122.465007	44.302589	0	16	30	乡镇
220882200216	榆树村委会	124.217451	45.439106	0	16	65	乡镇
220882104200	两家村委会	123.947210	45.522421	0	25	47	乡镇
220822203200	迷子荒村委会	122.465007	44.302589	0	16	38	乡镇
220882104201	来福村委会	123.568146	45.561292	1	80	100	政府机构
220882101003	龙泉社区	123.746821	45.649606	0	16	65	乡镇
220821400506	四方坨子农场七分场	123.901314	46.065036	0	16	65	乡镇
220821105208	卜荷村委会	123.716850	46.070709	0	25	47	乡镇
220802402598	镇南种羊场虚拟生活区	123.094686	45.767728	0	60	74	UNKNOWN
220882203207	一心村委会	123.843166	45.655728	0	16	65	乡镇
220802101207	富裕村委会	122.848383	45.803832	0	16	65	乡镇
220822104206	哈拉道村委会	123.165079	44.598771	0	25	47	乡镇
220871003206	纯阳村委会	122.809776	45.636481	0	20	50	乡镇
220882204203	前进村委会	124.045280	45.275349	0	30	72	村庄
220802202215	三胜村委会	122.556425	45.622497	0	16	65	乡镇
220881003001	光大社区	122.791225	45.332512	1	80	97	政府机构
220822103202	粮丰村委会	122.437600	44.822671	0	25	70	乡镇
220882207213	长虹村委会	123.542280	45.462289	0	30	72	村庄
220822204204	新春村委会	122.138690	44.649921	0	30	72	村庄
220802201205	宝山村委会	122.665900	45.663578	0	30	72	村庄
220822100212	胡家店村委会	123.085550	44.816129	0	25	70	乡镇
220882103205	长兴村委会	123.753050	45.316730	0	30	72	村庄
220871003210	交通村委会	122.809776	45.636481	0	20	50	乡镇
220882100203	焕新村委会	124.011704	45.673603	0	16	38	乡镇
220802202203	和平村委会	122.569700	45.609340	0	30	72	村庄
220822207202	两家子村委会	123.321080	44.679099	0	25	70	乡镇
220802009001	工人街社区	122.851000	45.621499	0	14	46	区县
220822100204	永和村委会	123.085550	44.816129	0	25	70	乡镇
220802170305	建政村委会	122.423580	45.847368	0	25	39	乡镇
220802105205	太平村委会	123.145336	45.579159	0	16	65	乡镇
220882207205	同生村委会	123.775160	45.561660	0	25	70	村庄
220881105219	六家子村委会	122.553340	45.507900	0	25	70	乡镇
220822107200	乌兰花村委会	122.648141	44.720219	0	25	70	乡镇
220882104217	同合村委会	123.872170	45.417070	0	30	72	村庄
220822102002	铁西居委会	122.937830	45.102212	0	25	70	乡镇
220881007003	东郊居委会	122.710040	45.335323	0	18	49	乡镇
220882200201	治安村委会	124.304219	45.477451	0	30	72	村庄
220821201208	乌兰召村委会	123.589653	45.919411	1	80	95	UNKNOWN
220882404598	五间房水库虚拟生活区	123.297034	45.491885	0	18	49	UNKNOWN
220882107207	民乐村委会	123.407710	45.481661	0	30	72	村庄
220802101211	四发村委会	122.848383	45.803832	0	16	38	乡镇
220882206204	富志村委会	123.544050	45.648158	0	25	47	乡镇
220802200212	乘风村委会	122.947877	45.628494	0	16	38	村庄
220802104204	民乐村委会	122.797920	45.663920	0	30	72	村庄
220822101205	四合村委会	122.652350	44.508919	0	25	70	乡镇
220822206203	四平村委会	123.261231	45.084870	0	25	70	村庄
220802203202	金祥村委会	122.677351	45.504477	0	16	65	村庄
220882101202	胜利村委会	123.785451	45.592879	0	30	72	村庄
220802204206	曙光村委会	123.006051	45.420279	0	30	72	村庄
220882106206	五盛堂村委会	123.573140	45.229761	0	25	43	乡镇
220882201200	红旗村委会	124.184389	45.488861	0	30	72	村庄
220802103200	高产村委会	123.098841	45.472020	1	80	100	政府机构
220822106201	保安村委会	122.895781	44.583739	0	25	70	乡镇
220882105216	庆生村委会	123.376181	45.558148	0	25	70	乡镇
220881006002	通途社区	122.804106	45.343270	1	80	97	政府机构
220822105207	绿化村委会	123.041550	44.901911	0	30	72	村庄
220822100005	富强社区	123.085550	44.816129	0	25	70	乡镇
220802100206	新胜村委会	122.598620	45.668378	0	30	72	村庄
220802170104	中州居委会	122.423580	45.847368	0	25	41	乡镇
220802204210	哈日呼基村委会	122.902310	45.416701	0	16	33	乡镇
220882202206	林业村委会	124.330665	45.517423	0	18	66	村庄
220881203208	古树村委会	121.956548	45.875490	0	16	65	村庄
220881105223	粉坊村委会	122.553340	45.507900	0	25	70	乡镇
220882105200	新华村委会	123.380381	45.551978	0	30	72	村庄
220822202201	创业村委会	122.478555	45.004776	1	80	100	政府机构
220822101213	东升村委会	122.769640	44.416009	0	30	72	村庄
220882102204	富胜村委会	123.628370	45.681086	0	16	38	乡镇
220802104212	发家村委会	122.783615	45.710403	0	16	65	乡镇
220802200204	绿水村委会	122.947877	45.628494	0	16	65	村庄
220882206212	新民村委会	123.544050	45.648158	0	25	55	乡镇
220822205205	岭上村委会	123.421990	44.846870	0	30	72	村庄
220881209202	兴义村委会	123.057380	45.348430	0	25	47	村庄
220822107001	贸政居委会	122.648141	44.720219	0	25	70	乡镇
220881007202	长龙村委会	122.711941	45.357379	0	30	72	村庄
220822102203	绿海村委会	122.937830	45.102212	0	25	47	乡镇
220882205202	民兴村委会	124.292000	45.506999	0	12	26	区县
220821201212	少力村委会	123.628010	45.948138	0	25	47	乡镇
220881202205	黑顶村委会	122.081380	45.573520	0	25	47	村庄
220821100006	华城社区	123.192501	45.845058	0	25	70	乡镇
220821105204	且力目村委会	123.716850	46.070709	0	25	47	乡镇
220882109203	山湾村委会	124.082990	45.560399	0	25	70	乡镇
220821202202	后六家子村委会	123.092427	45.920875	0	30	58	村庄
220821106214	大河村委会	123.366260	45.835918	0	25	70	乡镇
220881105203	富裕村委会	122.553340	45.507900	0	25	70	乡镇
220881102207	友好村委会	122.824860	45.160890	0	30	72	村庄
220821101210	大户拉村委会	123.349369	46.182460	0	25	43	乡镇
220882103209	长建村委会	123.668771	45.344899	0	25	47	乡镇
220822204208	北河村委会	122.324349	44.598501	0	25	70	村庄
220881401598	永茂林场虚拟生活区	122.210868	45.555858	1	80	95	政府机构
220881205201	引蛟村委会	122.340800	45.607099	0	25	47	村庄
220821102200	公和勒村委会	123.285230	46.093290	0	25	43	乡镇
220802202219	红日村委会	122.556425	45.622497	0	16	65	乡镇
220821101206	向阳村委会	123.479800	46.198099	0	30	72	村庄
220881206207	志强村委会	122.464260	45.450719	0	30	72	村庄
220882207209	永茂村委会	123.775160	45.561660	0	25	70	村庄
220802170309	兴龙村委会	122.423580	45.847368	0	25	41	乡镇
220822100208	向荣村委会	123.085550	44.816129	0	25	47	乡镇
220802004003	明盛社区	122.852080	45.621183	1	80	97	政府机构
220881101201	煤窑村委会	121.849259	45.771960	0	25	70	乡镇
220881008207	兴隆山村委会	122.788000	45.335099	0	12	44	区县
220821105212	三门召村委会	123.716850	46.070709	0	25	43	乡镇
220821100010	团结社区	123.192501	45.845058	0	25	70	乡镇
220821201204	哈拉塔村委会	123.628010	45.948138	0	25	47	乡镇
220882109215	万山村委会	124.246690	45.572320	0	30	72	村庄
220881105215	翟家村委会	122.553340	45.507900	0	25	70	乡镇
220821106202	腰围子村委会	123.366260	45.835918	0	25	47	乡镇
220881201203	复盛村委会	121.854537	45.879364	0	18	40	乡镇
220881100200	瓦房村委会	122.348560	45.693478	0	30	72	村庄
220802005002	曙光社区	122.851000	45.621499	0	14	46	区县
220822101209	四明村委会	122.652350	44.508919	0	25	70	乡镇
220802104208	大岭村委会	122.783615	45.710403	0	16	65	乡镇
220882206208	新平村委会	123.544050	45.648158	0	25	55	乡镇
220821403598	九龙山马场虚拟生活区	122.944284	46.076235	0	20	50	UNKNOWN
220881207206	长安村委会	122.459860	45.361490	0	30	72	村庄
220821100207	二龙村委会	123.192501	45.845058	0	25	70	乡镇
220881103210	益泉村委会	122.788000	45.335099	0	12	29	区县
220881200202	晋隆村委会	121.821031	46.008976	0	30	58	村庄
220881210202	创业村委会	122.508809	45.246642	0	30	72	村庄
220802002006	丰华园社区	122.839874	45.613935	1	80	97	政府机构
220881104202	万宝山村委会	122.626330	45.183422	0	25	70	乡镇
220821203203	长发村委会	123.770969	46.212018	0	16	65	乡镇
220882108202	山湾村委会	123.601490	45.092021	0	25	70	乡镇
220822100009	铁西北社区	123.085550	44.816129	0	25	55	乡镇
220821104205	后少力村委会	123.789730	45.801948	0	25	43	乡镇
220881203204	三胜村委会	121.956548	45.875490	0	16	65	村庄
220821103201	英台村委会	123.855237	45.935826	0	16	65	乡镇
220882003002	铁西社区	124.292030	45.496369	1	80	97	政府机构
220881100216	道岭村委会	122.364050	45.696889	0	25	47	乡镇
220881204200	双合村委会	122.078680	45.704050	0	30	72	村庄
220822205209	春风村委会	123.215310	44.955221	0	30	72	村庄
220802200208	长利村委会	122.947877	45.628494	0	16	65	村庄
220882102208	丰收村委会	123.628370	45.681086	0	16	65	乡镇
220802006004	东兴社区	122.845887	45.603288	1	80	95	政府机构
220881103206	群昌村委会	122.788000	45.335099	0	12	29	区县
220881207210	三富村委会	122.541760	45.369139	0	25	70	村庄
