222402102210	磨盘村委会	129.676310	43.029649	0	25	70	乡镇
222401001004	正阳社区	129.517515	42.918438	0	25	55	乡镇
222404003002	阳光社区	130.377830	42.867300	1	80	97	政府机构
222426101210	德化村委会	128.322220	42.575841	0	25	47	乡镇
222403108209	前进村委会	128.499945	43.747931	0	30	72	村庄
222424104219	仲兴村委会	129.610201	43.262239	0	25	47	乡镇
222403202201	都陵河村委会	128.366804	43.771347	0	50	73	UNKNOWN
222402101200	陆地村委会	129.737344	43.116332	1	80	100	政府机构
222403100005	铁北社区	128.490570	43.308440	0	25	70	乡镇
222426102200	红丰村委会	128.111075	42.313400	0	14	64	乡镇
222403105207	河南村委会	128.080660	43.788121	0	30	72	村庄
222406107201	太平村委会	129.137655	42.576847	1	80	100	政府机构
222403400509	保中桥林场	128.232000	43.372599	0	10	25	区县
222424107209	尖山子村委会	129.814820	43.293501	0	25	70	乡镇
222424402507	柳亭林场	129.682115	43.469850	0	18	49	乡镇
222403201211	牡丹岗村委会	128.164785	43.559448	1	80	100	政府机构
222401005010	白川社区	129.514000	42.906800	0	14	46	区县
222426105204	新立村委会	128.281220	42.880410	0	30	72	村庄
222403102203	三道沟村委会	128.585580	43.548238	1	80	100	政府机构
222406100205	龙山村委会	129.190030	42.691239	0	30	72	村庄
222404400502	三道沟林场	130.369928	42.885252	1	80	95	政府机构
222426201212	春光村委会	128.297891	42.690158	0	30	72	村庄
222403003009	中心社区	128.232000	43.372599	0	10	43	区县
222403101213	黄泥河村委会	128.027349	43.558501	0	25	70	乡镇
222426106214	青林村委会	128.783220	43.191279	0	25	70	乡镇
222424101220	红日村委会	129.658620	43.418800	0	25	70	乡镇
222424012001	新民社区	129.771000	43.312801	0	12	34	区县
222401005006	白梅社区	129.514000	42.906800	0	14	46	区县
222426201204	环山村委会	128.220150	42.671410	0	30	72	村庄
222403110228	北官屯村委会	128.262150	43.362061	0	25	47	乡镇
222403102215	胜利村委会	128.551460	43.718651	0	30	72	村庄
222426105212	东安村委会	128.200239	42.886751	0	30	72	村庄
222406103203	城南村委会	129.155610	42.699230	0	30	72	村庄
222406106001	富民居委会	129.003400	42.095669	0	25	70	乡镇
222426106202	东明村委会	128.756560	43.227310	0	30	72	村庄
222403101205	三道泉村委会	128.027349	43.558501	0	25	47	乡镇
222405105209	龙海村委会	129.434620	42.764688	0	25	70	乡镇
222401001012	文河社区	129.517515	42.918438	0	25	55	乡镇
222402102206	龙家村委会	129.676310	43.029649	0	25	70	乡镇
222403102242	东胜南村委会	128.421550	43.558049	0	30	72	村庄
222424401501	太阳林场	129.634620	43.599211	1	80	97	政府机构
222406104207	高产村委会	129.212860	42.265910	0	25	70	乡镇
222426101206	兴隆村委会	128.305360	42.512690	0	30	72	村庄
222406401509	官地林场	129.115570	42.671991	1	80	95	政府机构
222403106201	德胜村委会	128.143920	43.250231	0	25	70	乡镇
222401002002	丹山社区	129.514000	42.906800	0	14	46	区县
222403201207	新集村委会	128.251139	43.629124	0	30	72	村庄
222406107217	官地村委会	129.050140	42.625031	0	30	72	村庄
222403105211	靠山村委会	128.212799	43.724911	0	30	72	村庄
222403100204	新立屯村委会	128.490570	43.308440	0	25	70	乡镇
222403102239	横道村委会	128.543750	43.659739	0	30	72	村庄
222426102001	红丰社区	128.111075	42.313400	0	14	64	乡镇
222406102202	三河村委会	129.209290	42.755769	0	25	70	乡镇
222403110204	小站村委会	128.306029	43.356801	1	80	100	政府机构
222401400503	八道林场	129.514000	42.906800	0	14	32	区县
222402101001	石兴社区	129.789231	43.081829	0	25	70	乡镇
222403103214	沙河桥村委会	128.377051	43.482790	0	40	77	道路
222405002006	龙门社区	129.426000	42.765899	0	12	44	区县
222426100250	福兴村委会	128.901180	43.118969	0	25	70	乡镇
222426200205	北沟岭村委会	128.647693	42.958354	1	80	100	政府机构
222401004007	园建社区	129.514000	42.906800	0	14	46	区县
222405102221	水北村委会	129.210170	42.850140	0	30	72	村庄
222403110253	山头村委会	128.250660	43.294540	0	30	72	村庄
222424104223	棉田村委会	129.610201	43.262239	0	25	47	乡镇
222403200206	兴隆村委会	128.355640	43.362898	0	30	72	村庄
222401003003	民昌社区	129.508154	42.913276	1	80	100	地产小区
222404001005	沿河社区	130.405629	42.882055	0	25	55	乡镇
222403102002	昌盛社区	128.418820	43.564799	0	25	70	乡镇
222426100207	龙山村委会	128.877220	43.137141	0	30	72	村庄
222404204219	雪岱山村委会	130.492540	42.934571	0	25	55	乡镇
222403107200	小蒲柴河村委会	127.889594	43.001302	0	50	73	UNKNOWN
222406105206	海兰村委会	129.325510	42.746429	0	25	47	乡镇
222424400500	金沟岭林场	130.256290	43.299891	1	80	95	政府机构
222403203216	小石河村委会	128.132940	43.361410	0	25	70	村庄
222402103207	南大村委会	129.978761	43.038639	0	30	72	村庄
222405104208	太平村委会	129.465512	42.794530	1	80	100	政府机构
222404103209	英新村委会	130.290980	42.888750	0	25	47	乡镇
222403200210	崎岖村委会	128.377000	43.347841	0	25	47	村庄
222424106208	五道村委会	130.502580	43.364010	0	25	70	乡镇
222406103002	安民社区	129.095790	42.697321	0	25	70	乡镇
222406106200	大洞村委会	129.003400	42.095669	0	25	70	乡镇
222403110245	南关村委会	128.262150	43.362061	0	25	70	乡镇
222403401508	意气松林场	127.935270	43.816829	1	80	100	UNKNOWN
222426120131	康乐社区（滨河）	128.132530	42.449991	0	50	50	工业园区
222403101004	新民社区	128.027349	43.558501	0	25	70	乡镇
222426103201	大兴川村委会	128.105800	42.654739	0	25	43	乡镇
222403104206	横道河子村委会	128.156660	43.497461	0	25	70	乡镇
222402100201	水口村委会	129.815060	42.891870	0	30	72	村庄
222403203200	四人班村委会	128.132940	43.361410	0	25	47	村庄
222404100219	镇安岭村委会	130.366000	42.862802	0	12	44	区县
222403109208	永发村委会	128.022619	43.176412	0	25	70	乡镇
222424105218	金矿村委会	129.449930	43.710340	0	25	47	乡镇
222424107225	牡丹村委会	129.762489	43.138691	0	30	72	村庄
222426100211	福满村委会	128.767320	43.039441	1	80	100	政府机构
222404002003	长城社区	130.366000	42.862802	0	12	44	区县
222402103211	北大村委会	129.981440	43.067669	0	30	72	村庄
222403204204	临江西村委会	128.179760	43.305049	0	25	47	村庄
222403110212	永胜村委会	128.201890	43.294021	0	30	72	村庄
222406102214	新北村委会	129.211124	42.754628	0	30	72	村庄
222403100212	永乐村委会	128.499230	43.355371	0	30	72	村庄
222426200213	新合村委会	128.420080	42.960929	0	30	72	村庄
222426100246	龙丰村委会	128.901180	43.118969	0	25	70	乡镇
222426104205	龙兴村委会	129.047920	43.056091	0	30	72	村庄
222403103202	河东村委会	128.395710	43.361741	0	30	72	村庄
222401004011	园锦社区	129.514000	42.906800	0	14	46	区县
222405103001	三合社区	129.742750	42.478909	0	25	70	乡镇
222404102204	新农村委会	130.331421	42.791769	0	30	72	村庄
222401100202	吉兴村委会	129.530299	42.917581	0	25	70	乡镇
222424107205	秋松村委会	129.814820	43.293501	0	25	47	乡镇
222426100231	福城村委会	128.901180	43.118969	0	25	70	乡镇
222406402503	青山林场	128.861080	42.446161	1	80	100	UNKNOWN
222405105213	合成利村委会	129.434620	42.764688	0	25	43	乡镇
222403004001	江滨社区	128.240565	43.357132	1	80	100	地产小区
222401001008	文庆社区	129.517515	42.918438	0	25	55	乡镇
222424104215	吉祥村委会	129.612171	43.272799	0	30	72	村庄
222403108205	杨木嘴子村委会	128.602960	43.689329	0	25	55	乡镇
222424200203	太安村委会	129.865480	43.475970	0	25	70	村庄
222426120111	站前社区（白河）	128.132530	42.449991	0	50	50	工业园区
222403403515	黄泥河国营林场	128.027539	43.559091	1	80	100	UNKNOWN
222405102217	永胜村委会	129.277340	42.895081	0	30	72	村庄
222406001003	惠民社区	129.004351	42.535619	1	80	100	政府机构
222403003005	林源社区	128.232000	43.372599	0	10	43	区县
222424103211	新村村委会	130.267286	43.790392	0	30	72	村庄
222404202206	永丰村委会	130.276671	42.835739	0	30	72	村庄
222404100002	枫泉社区	131.085380	43.191791	0	25	70	乡镇
222403110232	北山村委会	128.222040	43.377990	0	30	72	村庄
222424100201	城关村委会	129.764480	43.315221	0	25	70	乡镇
222426400506	兴隆林场	128.117400	42.438449	1	80	97	政府机构
222426105208	太平村委会	129.137655	42.576847	1	80	100	政府机构
222405102201	太阳村委会	129.154210	42.905830	0	25	70	乡镇
222403101209	富民村委会	128.064770	43.540829	0	30	72	村庄
222424103207	中河村委会	130.348450	43.729570	0	25	70	乡镇
222406002005	海兰社区	129.004251	42.539539	1	80	97	政府机构
222404201200	杨木林子村委会	130.600761	42.891739	0	16	38	乡镇
222403102219	后红石村委会	128.418820	43.564799	0	25	55	乡镇
222403110224	太平岭村委会	128.262150	43.362061	0	25	70	乡镇
222426201208	高城村委会	128.259579	42.725611	0	25	70	村庄
222426100227	兴华村委会	128.901180	43.118969	0	25	70	乡镇
222403400513	大沟林场	128.780980	43.588329	1	80	100	UNKNOWN
222424107213	塔子沟村委会	129.814820	43.293501	0	25	70	乡镇
222405105205	新安村委会	129.433770	42.763208	0	30	72	村庄
222406401505	安北林场	129.115570	42.671991	1	80	95	政府机构
222403403503	新兴林场	128.169711	43.130539	1	80	100	UNKNOWN
222424101001	兴盛社区	129.658620	43.418800	0	25	70	乡镇
222424104203	梨花村委会	129.610201	43.262239	0	25	70	乡镇
222404101202	四道泡村委会	130.548040	42.652321	0	50	73	UNKNOWN
222426200209	鸡房子村委会	128.522660	42.958059	0	25	47	村庄
222424101216	和盛村委会	129.658620	43.418800	0	25	70	乡镇
222404200201	河南村委会	130.452051	42.882249	0	30	72	村庄
222403103218	双山子村委会	128.445720	43.434271	0	25	70	乡镇
222406003004	文盛社区	129.018081	42.548939	1	80	100	政府机构
222403001002	北苑社区	128.232000	43.372599	0	10	43	区县
222403110208	新颜村委会	128.262150	43.362061	0	25	70	乡镇
222401105201	勤劳村委会	129.322930	42.891139	0	30	72	村庄
222424102206	鹿圈子村委会	129.646730	43.586762	0	25	70	乡镇
222401100003	东阳社区	129.530299	42.917581	0	25	70	乡镇
222426402501	福兴林场	128.895960	43.115129	1	80	95	政府机构
222403102235	海林村委会	128.418820	43.564799	0	25	70	乡镇
222403100208	哈尔巴岭村委会	128.652021	43.256619	0	30	58	村庄
222405103200	北兴村委会	129.734621	42.544489	0	30	72	村庄
222404100203	桦树村委会	131.085380	43.191791	0	25	70	乡镇
222401102205	平岗村委会	129.140441	43.264099	0	30	72	村庄
222403109212	马五店村委会	128.002023	43.059642	1	80	100	政府机构
222424105202	上屯村委会	129.558060	43.724809	0	30	72	村庄
222403402502	万宝林场	128.423790	42.848849	1	80	100	UNKNOWN
222404060263	图鲁村委会	130.386331	42.835219	1	80	94	政府机构
222404204215	塔子沟村委会	130.492540	42.934571	0	25	70	乡镇
222405104204	东明村委会	129.575640	42.800351	0	30	72	村庄
222404103213	城西村委会	130.344526	42.864790	0	30	72	村庄
222402002001	新平社区	129.855834	42.963738	1	80	97	政府机构
222403401512	北大秧苗圃	128.081121	43.526047	0	50	65	UNKNOWN
222426101226	杨木条村委会	128.322220	42.575841	0	25	47	乡镇
222404001009	友好社区	130.405629	42.882055	0	25	55	乡镇
222404204203	河北村委会	130.512251	42.940629	0	30	72	村庄
222406400512	许家洞林场	128.771650	42.350908	1	80	100	UNKNOWN
222406107221	源河村委会	129.014951	42.552749	0	25	47	乡镇
222403402514	青林子林场	128.537890	43.053378	0	30	72	村庄
222424107229	十里坪村委会	129.814820	43.293501	0	25	70	乡镇
222424105214	石城村委会	129.494550	43.695899	0	30	72	村庄
222403109204	西小牡丹村委会	128.022619	43.176412	0	25	55	乡镇
222404100215	五道沟村委会	131.085380	43.191791	0	25	70	乡镇
222405200204	南阳村委会	129.588249	42.715621	0	30	72	村庄
222426101230	东山村委会	128.399540	42.638650	0	30	72	村庄
222403401504	塔拉站林场	128.081121	43.526047	0	50	65	UNKNOWN
222403110249	新设村委会	128.262150	43.362061	0	25	70	乡镇
222401101203	北大村委会	129.514900	42.928080	0	30	72	村庄
222424106204	杜荒子村委会	130.502580	43.364010	0	25	47	乡镇
222404103205	八二村委会	130.290980	42.888750	0	25	70	乡镇
222426198002	九龙社区	128.899000	43.111699	0	12	44	区县
222426104209	柳河村委会	129.021661	43.039579	0	25	70	乡镇
222424101200	河南村委会	129.666850	43.407319	0	30	72	村庄
222403102223	西大甸子村委会	128.418820	43.564799	0	25	47	乡镇
222424102210	转角楼村委会	129.667931	43.680539	0	30	72	村庄
222401105217	八道村委会	129.308496	42.980015	0	16	38	乡镇
222403204208	金岗村委会	128.179760	43.305049	0	25	70	村庄
222403002004	长城社区	128.232000	43.372599	0	10	43	区县
222403102222	杨家屯村委会	128.418820	43.564799	0	25	70	乡镇
222401105216	太兴村委会	129.308496	42.980015	0	16	38	乡镇
222424102211	团结村委会	129.697770	43.688371	0	30	72	村庄
222403204209	尚日村委会	128.179760	43.305049	0	25	47	村庄
222401100501	果树农场（特殊村委会）	129.087390	42.796970	1	80	94	UNKNOWN
222426104208	镜城村委会	129.021661	43.039579	0	25	47	乡镇
222426401506	东明林场	128.776840	43.200149	1	80	100	UNKNOWN
222424101201	河东村委会	129.667791	43.430589	0	30	72	村庄
222426101231	大旺村委会	128.322220	42.575841	0	25	70	乡镇
222403110248	利民村委会	128.227870	43.359219	0	30	72	村庄
222403401505	北大秧林场	128.032455	43.888255	1	80	100	UNKNOWN
222424106205	道芬村委会	130.502580	43.364010	0	25	47	乡镇
222401101202	古城村委会	129.429770	43.145299	0	30	72	村庄
222404103204	甩弯子村委会	130.290980	42.888750	0	25	47	乡镇
222426198003	瓮声社区	128.899000	43.111699	0	12	40	区县
222405102001	天宝社区	128.998185	42.928681	1	80	100	地产小区
222404204202	平安村委会	130.535620	42.954631	0	30	72	村庄
222406107220	和兴村委会	129.014951	42.552749	0	25	70	乡镇
222403109205	夹皮沟村委会	128.022619	43.176412	0	25	70	乡镇
222424105215	五家子村委会	129.449930	43.710340	0	25	70	乡镇
222424107228	太平村委会	129.814820	43.293501	0	25	70	乡镇
222404100214	四道沟村委会	131.085380	43.191791	0	25	70	乡镇
222405200205	金谷村委会	129.618891	42.653659	0	30	72	村庄
222404103212	中华村委会	130.290980	42.888750	0	25	70	乡镇
222403401513	青沟子林场	128.081121	43.526047	0	50	65	UNKNOWN
222404001008	新兴社区	130.405629	42.882055	0	25	55	乡镇
222404100202	草坪村委会	131.085380	43.191791	0	25	70	乡镇
222424105203	幸福村委会	129.462180	43.707081	0	30	72	村庄
222401102204	东沟村委会	129.151140	43.219601	0	30	72	村庄
222403109213	十八道沟村委会	128.022619	43.176412	0	25	43	乡镇
222403402503	西北岔林场	127.927260	43.919389	1	80	100	UNKNOWN
222404060262	春景村委会	130.382303	42.833391	1	80	100	政府机构
222406400505	长红林场	128.667610	42.213979	1	80	100	UNKNOWN
222404204214	马滴达村委会	130.492540	42.934571	0	25	43	乡镇
222405104205	勇成村委会	129.528737	42.764732	1	80	100	政府机构
222424102207	青松村委会	129.651059	43.622551	0	30	72	村庄
222403110209	万福村委会	128.262150	43.362061	0	25	70	乡镇
222401105200	吉成村委会	129.308496	42.980015	0	16	38	乡镇
222426402500	石门林场	128.895960	43.115129	1	80	95	政府机构
222403100209	回族村委会	128.490570	43.308440	0	25	70	乡镇
222403102234	碱场沟村委会	128.418820	43.564799	0	25	47	乡镇
222405103201	三合村委会	129.742750	42.478909	0	25	70	乡镇
222426200208	大荒沟村委会	128.631470	42.921941	0	30	58	村庄
222424101217	五站村委会	129.658620	43.418800	0	25	47	乡镇
222403103219	全发村委会	128.445720	43.434271	0	25	47	乡镇
222404200200	五二村委会	130.456111	42.853190	0	18	66	乡镇
222403001003	爱民社区	128.232000	43.372599	0	10	43	区县
222405105204	龙池村委会	129.405959	42.784521	0	30	72	村庄
222406401504	腰团林场	129.011001	42.545999	0	12	26	区县
222403403502	秋梨沟国营林场	128.156651	43.497456	1	80	97	政府机构
222424104202	丽城村委会	129.610201	43.262239	0	25	47	乡镇
222404101203	六道泡村委会	130.477240	42.646601	0	25	43	乡镇
222426100226	明东村委会	128.901180	43.118969	0	25	47	乡镇
222403400512	光明林场	128.071070	42.908120	1	80	100	UNKNOWN
222402003001	富裕社区	129.840920	42.972495	1	80	97	政府机构
222424107212	清河村委会	130.027780	43.371829	0	30	72	村庄
222406002004	天池社区	129.004251	42.539539	1	80	97	政府机构
222403102218	前红石村委会	128.418820	43.564799	0	25	55	乡镇
222404201201	泡子沿村委会	130.600761	42.891739	0	16	65	乡镇
222403110225	铁北村委会	128.262150	43.362061	0	25	70	乡镇
222426201209	腰团村委会	128.259579	42.725611	0	25	70	村庄
222405102200	宝兴村委会	129.140340	42.956419	0	30	72	村庄
222403101208	双泉村委会	128.028800	43.501321	0	30	72	村庄
222424103206	创业村委会	130.314149	43.791581	0	30	72	村庄
222424100200	汪清村委会	129.764480	43.315221	0	25	55	乡镇
222403110233	长江村委会	128.229080	43.363239	0	30	72	村庄
222426400507	黄松浦林场	128.117400	42.438449	1	80	95	政府机构
222426105209	大顶子村委会	128.326449	42.873951	0	25	70	乡镇
222405102216	铜西村委会	129.154210	42.905830	0	25	47	乡镇
222424103210	太平沟村委会	130.335771	43.641289	0	30	72	村庄
222404202207	八连城村委会	130.308639	42.838181	0	25	43	乡镇
222405105212	龙丰村委会	129.434620	42.764688	0	25	70	乡镇
222401001009	文明社区	129.517515	42.918438	0	25	55	乡镇
222403108204	腰甸村委会	128.602960	43.689329	0	25	47	乡镇
222424104214	百草沟村委会	129.610917	43.278208	1	80	100	政府机构
222403403514	红石国营林场	128.232000	43.372599	0	10	28	区县
222424200202	影壁村委会	129.865480	43.475970	0	25	47	村庄
222404102205	南秦孟村委会	130.366000	42.862802	0	12	26	区县
222401105001	胜利社区	129.308496	42.980015	0	16	65	乡镇
222424107204	磨盘山村委会	129.814820	43.293501	0	25	70	乡镇
222401100203	民主村委会	129.530299	42.917581	0	25	55	乡镇
222403400504	仁义河林场	127.718628	43.047744	0	50	82	UNKNOWN
222406402502	下天坪林场	129.025496	42.126426	0	30	72	村庄
222426100230	光兴村委会	128.901180	43.118969	0	25	47	乡镇
222403100008	中心社区	128.490570	43.308440	0	25	70	乡镇
222426100247	庆农村委会	128.901180	43.118969	0	25	47	乡镇
222426200212	七顶子村委会	128.522660	42.958059	0	25	55	村庄
222403103203	杨家店村委会	128.455120	43.449231	0	30	72	村庄
222426104204	崇山村委会	129.021661	43.039579	0	25	70	乡镇
222403106001	牡丹社区居民委员会	128.143920	43.250231	0	25	47	乡镇
222401004010	园法社区	129.514000	42.906800	0	14	46	区县
222403204205	临江东村委会	128.179760	43.305049	0	25	55	村庄
222403110213	宝泉村委会	128.262150	43.362061	0	25	70	乡镇
222406102215	镇兴村委会	129.209290	42.755769	0	25	47	乡镇
222405001001	土城堡社区	129.426774	42.765346	1	80	97	政府机构
222403100213	河北村委会	128.482800	43.327959	0	30	72	村庄
222404100218	洋金沟村委会	130.953940	43.095351	0	30	72	村庄
222403203201	翰章村委会	128.132940	43.361410	0	25	47	村庄
222424107224	三道沟村委会	129.814820	43.293501	0	25	70	乡镇
222403109209	新发村委会	128.063680	43.081309	0	30	72	村庄
222424408598	复兴农场虚拟生活区	130.438529	43.439295	0	18	49	UNKNOWN
222404002002	迎新社区	130.366000	42.862802	0	12	44	区县
222402103210	亭岩村委会	130.010279	43.001791	0	25	47	乡镇
222403200211	南山头村委会	128.377000	43.347841	0	25	70	村庄
222404103208	向阳村委会	130.341790	42.953269	0	30	72	村庄
222424106209	六道村委会	130.502580	43.364010	0	25	70	乡镇
222403401509	金沟林场	128.206030	43.686762	1	80	100	UNKNOWN
222406106201	古城村委会	129.003400	42.095669	0	25	55	乡镇
222403110244	民主村委会	128.247510	43.369619	0	30	72	村庄
222403101005	曙光社区	128.027349	43.558501	0	25	70	乡镇
222403104207	南河村委会	128.156660	43.497461	0	25	70	乡镇
222426103200	东江村委会	128.113390	42.655208	0	30	72	村庄
222404001012	民安社区	130.405629	42.882055	0	25	55	乡镇
222402100200	笠峰村委会	129.830620	42.885621	0	25	47	乡镇
222403107201	松江河村委会	127.852945	42.782396	1	80	100	政府机构
222406400509	广坪林场	129.006208	42.545825	1	75	92	政府机构
222426100206	河东村委会	128.944846	43.119463	0	30	72	村庄
222404204218	三道沟村委会	130.687819	42.974722	1	80	100	政府机构
222406105207	东城村委会	129.342591	42.743336	0	30	72	村庄
222401102208	梨树村委会	129.180940	43.237663	0	16	65	乡镇
222403203217	丰成村委会	128.132940	43.361410	0	25	47	村庄
222424400501	地阴沟林场	130.256290	43.299891	1	80	95	政府机构
222402103206	东山村委会	130.035640	43.001478	0	30	72	村庄
222403110252	江沿村委会	128.262150	43.362061	0	25	70	乡镇
222426120126	昆明湖社区（美人松）	128.132530	42.449991	0	50	50	工业园区
222424104222	富岩村委会	129.610201	43.262239	0	25	70	乡镇
222403200207	得胜村委会	128.377000	43.347841	0	25	55	村庄
222401003002	民安社区	129.514000	42.906800	0	14	46	区县
222404001004	康平社区	130.405629	42.882055	0	25	55	乡镇
222403103215	上沟村委会	128.319729	43.488181	0	30	72	村庄
222405002007	铁北社区	129.426000	42.765899	0	12	44	区县
222426200204	参场村委会	128.522660	42.958059	0	25	47	村庄
222401004006	园艺社区	129.514000	42.906800	0	14	46	区县
222424013001	江北社区	130.085673	43.213059	1	80	94	UNKNOWN
222405102220	细鳞村委会	129.154210	42.905830	0	25	47	乡镇
222403102238	新房子村委会	128.418820	43.564799	0	25	70	乡镇
222403100205	红星村委会	128.477180	43.278469	0	30	72	村庄
222406102203	龙坪村委会	129.209290	42.755769	0	25	70	乡镇
222406107001	永安社区	129.014951	42.552749	0	25	70	乡镇
222403110205	鹿场村委会	128.432229	43.333026	1	80	100	政府机构
222401400502	帽儿山林场	129.479511	42.851671	0	25	70	村庄
222401002003	丹明社区	129.514000	42.906800	0	14	46	区县
222403201206	苏北村委会	128.205099	43.620521	0	25	70	村庄
222406107216	土山村委会	129.040192	42.626842	1	80	100	政府机构
222405105208	工农村委会	129.419970	42.761300	0	30	72	村庄
222405400506	开山屯林场	129.426000	42.765899	0	12	29	区县
222402102207	富岩村委会	129.676310	43.029649	0	25	70	乡镇
222401001013	文化社区	129.517515	42.918438	0	25	55	乡镇
222403102243	东胜北村委会	128.418820	43.564799	0	25	55	乡镇
222424401500	桶子沟林场	129.634620	43.599211	1	80	95	政府机构
222403103002	沙河沿鹿场社区	128.367470	43.416560	1	80	100	UNKNOWN
222403106200	太平山村委会	128.143920	43.250231	0	25	70	乡镇
222426101207	向阳村委会	128.313760	42.458400	0	30	72	村庄
222406401508	先锋林场	129.115570	42.671991	1	80	97	政府机构
222402100001	月兴社区	129.830620	42.885621	0	25	70	乡镇
222406103202	龙浦村委会	129.095790	42.697321	0	25	70	乡镇
222403101204	半截河村委会	127.947220	43.487740	0	30	72	村庄
222426106203	河北村委会	128.731800	43.224720	0	30	72	村庄
222426103001	两江通湖社区	128.105800	42.654739	0	25	55	乡镇
222401005007	烟厂社区	129.514000	42.906800	0	14	46	区县
222426201205	立新村委会	128.182610	42.692139	0	30	72	地产小区
222403110229	平安堡村委会	128.262150	43.362061	0	25	70	乡镇
222426105213	金化村委会	128.326449	42.873951	0	25	47	乡镇
222403102214	岗子村委会	128.360330	43.541729	0	30	72	村庄
222401006001	延春社区	129.515674	42.878880	0	30	58	乡镇
222403101212	石嘴子村委会	128.027349	43.558501	0	25	70	乡镇
222424101221	后河村委会	129.463960	43.475461	0	30	72	村庄
222401005011	白丰社区	129.514000	42.906800	0	14	46	区县
222403102202	龙泉村委会	128.476181	43.550379	0	30	72	村庄
222426105205	江北村委会	128.387030	42.926981	0	30	72	村庄
222406100204	河南村委会	129.162510	42.691121	0	30	72	村庄
222404400503	河山林场	130.369928	42.885252	1	80	95	政府机构
222426201213	朝阳村委会	128.230801	42.718869	0	30	72	村庄
222402101201	永昌村委会	129.706630	43.148982	0	30	72	村庄
222403100004	西林社区	128.490570	43.308440	0	25	70	乡镇
222403105206	民众村委会	128.115960	43.722999	0	30	72	村庄
222426102201	安北村委会	128.219350	42.413440	0	30	72	村庄
222406102002	江南社区	129.209290	42.755769	0	25	70	乡镇
222403400508	沙河沿林场	128.577490	43.455741	1	80	100	UNKNOWN
222406107200	牛心村委会	129.014951	42.552749	0	25	47	乡镇
222424107208	明月沟村委会	129.814820	43.293501	0	25	47	乡镇
222403201210	蛤蟆塘村委会	128.205099	43.620521	0	25	70	村庄
222424402506	大石林场	129.682115	43.469850	0	18	66	乡镇
222401001005	南阳社区	129.517515	42.918438	0	25	55	乡镇
222402102211	长岭村委会	129.720250	43.029200	0	30	72	村庄
222404003003	居安社区	130.377830	42.867300	1	80	97	政府机构
222426101211	文昌村委会	128.322220	42.575841	0	25	70	乡镇
222406104210	兴化村委会	129.212860	42.265910	0	25	70	乡镇
222424104218	新城村委会	129.612841	43.258399	0	30	72	村庄
222403108208	塔拉站村委会	128.602960	43.689329	0	25	47	乡镇
222404103224	荒山村委会	130.161400	42.916799	0	30	72	村庄
222403202200	双河口村委会	128.385277	43.852463	0	16	65	乡镇
222403400503	和平林场	127.659250	43.214701	1	80	100	UNKNOWN
222426100237	水东村委会	128.986330	43.256821	0	30	72	村庄
222406402505	高岭林场	129.011001	42.545999	0	12	29	区县
222404102202	柳亭村委会	130.396256	42.783533	0	16	65	乡镇
222401100204	五凤村委会	129.530299	42.917581	0	25	70	乡镇
222424107203	小汪清村委会	129.814820	43.293501	0	25	47	乡镇
222424102001	春光社区	129.646730	43.586762	0	25	70	乡镇
222405105215	新化村委会	129.434620	42.764688	0	25	70	乡镇
222403004007	林峰社区	128.232000	43.372599	0	10	43	区县
222424200205	腰营沟村委会	129.811220	43.541591	0	30	58	村庄
222403403513	新立国营林场	128.450713	43.321709	1	80	97	UNKNOWN
222426120117	三江社区（白河）	128.132530	42.449991	0	50	50	工业园区
222404101212	大肚川村委会	130.477240	42.646601	0	25	47	乡镇
222424104213	西城村委会	129.612171	43.272799	0	30	72	村庄
222403108203	小山嘴子村委会	128.602960	43.689329	0	25	55	乡镇
222405102211	大马村委会	129.293550	42.838231	0	30	72	村庄
222404202200	三家子村委会	130.308639	42.838181	0	25	70	乡镇
222424103217	金星村委会	130.292830	43.696830	0	30	72	村庄
222426400500	两江林场	128.117400	42.438449	1	80	95	政府机构
222403102209	柳木桥村委会	128.418820	43.564799	0	25	47	乡镇
222401102002	煤矿社区	129.180940	43.237663	0	16	65	乡镇
222403110234	工农村委会	128.227910	43.368549	0	30	72	村庄
222404400508	敬信林场	130.483550	42.637338	1	80	100	UNKNOWN
222424100207	砂南村委会	129.764480	43.315221	0	25	55	乡镇
222405102207	新成村委会	129.154210	42.905830	0	25	70	乡镇
222424103201	古城村委会	130.351960	43.730471	0	30	72	村庄
222405401598	龙井大苏果树农场虚拟生活区	129.087390	42.796970	1	80	95	UNKNOWN
222404103002	育才社区	130.290980	42.888750	0	25	70	乡镇
222426106208	大西村委会	128.719701	43.216339	0	30	72	村庄
222424100211	老村村委会	129.764480	43.315221	0	25	70	乡镇
222403110222	下石桩子村委会	128.262150	43.362061	0	25	43	乡镇
222404201206	庙岭村委会	130.586280	42.902129	0	30	72	村庄
222426105218	红旗村委会	128.326449	42.873951	0	25	70	乡镇
222401002008	丹春社区	129.514000	42.906800	0	14	46	区县
222424107215	永新村委会	129.769889	43.255951	0	30	72	地产小区
222401100212	光明村委会	129.535369	42.908490	0	30	72	村庄
222426100221	发财村委会	128.901180	43.118969	0	25	47	乡镇
222403400515	石门子林场	127.857660	43.121630	1	80	100	UNKNOWN
222405100001	联盟社区	129.716771	42.706684	0	16	65	乡镇
222405105203	光新村委会	129.434620	42.764688	0	25	70	乡镇
222424104205	龙河村委会	129.425400	43.248259	0	30	72	村庄
222404101204	九沙坪村委会	130.519792	42.626475	1	80	100	政府机构
222406401503	马鞍山林场	129.115570	42.671991	1	80	95	政府机构
222403403505	小榆树川国营林场	128.232000	43.372599	0	10	28	区县
222404200207	炮台村委会	130.423949	42.851841	0	30	72	村庄
222424101210	双河村委会	129.625600	43.439409	0	30	72	村庄
222426402507	石门苗圃生活区	128.895960	43.115129	1	80	94	政府机构
222406102208	新民村委会	129.244630	42.749499	0	30	72	村庄
222403102233	二道沟村委会	128.601244	43.555421	1	80	100	政府机构
222401105207	三成村委会	129.308496	42.980015	0	16	65	乡镇
222424102200	天桥岭村委会	129.628680	43.605557	1	80	100	政府机构
222403402504	鱼亮子林场	128.232000	43.372599	0	10	21	区县
222406400502	花砬子林场	128.599420	42.322469	1	80	100	UNKNOWN
222404204213	新兴村委会	130.479800	42.922051	0	30	72	村庄
222404100205	上草帽村委会	131.085380	43.191791	0	25	47	乡镇
222401102203	北张芝村委会	129.180940	43.237663	0	16	33	乡镇
222424105204	阳光村委会	129.449930	43.710340	0	25	70	乡镇
222405104202	东盛涌村委会	129.528008	42.792213	0	18	35	乡镇
222403401514	威虎岭林场	127.825250	43.549339	1	80	100	UNKNOWN
222404103215	八棵树村委会	130.399307	42.887265	1	80	100	政府机构
222424104229	东崴子村委会	129.611335	43.264408	0	30	58	村庄
222401003009	民兴社区	129.514000	42.906800	0	14	46	区县
222403401001	老白山雪村社区	128.081121	43.526047	0	50	65	UNKNOWN
222402001001	兴边社区	129.838136	42.963670	0	30	58	乡镇
222424105212	老庙村委会	129.419410	43.782160	0	30	72	村庄
222403109202	帽山村委会	128.022619	43.176412	0	25	70	乡镇
222403001100	敦化经济开发区（省级）（特殊社区）	128.262837	43.389921	1	70	92	UNKNOWN
222404100213	葫芦头沟村委会	131.085380	43.191791	0	25	70	乡镇
222404204205	太平村委会	130.492540	42.934571	0	25	70	乡镇
222403402512	东石河林场	128.933080	43.444301	1	80	100	UNKNOWN
222405200202	石门村委会	129.656658	42.712001	1	80	100	政府机构
222401101205	东兴村委会	129.492560	42.958869	0	25	70	乡镇
222424106202	复兴村委会	130.432850	43.338801	0	30	72	村庄
222404103203	富民村委会	130.303419	42.878352	1	80	100	政府机构
222426101236	新发村委会	128.442419	42.547451	0	30	72	村庄
222403401502	桦皮林场	128.081121	43.526047	0	50	65	UNKNOWN
222426198004	明安社区	128.899000	43.111699	0	12	44	区县
222424101206	庙岭村委会	129.680074	43.518805	1	80	100	政府机构
222403103208	裕山村委会	128.445720	43.434271	0	25	70	乡镇
222426401501	梨树林场	128.899000	43.111699	0	12	29	区县
222426120300	二道村委会（滨河）	128.132530	42.449991	0	50	50	工业园区
222405100200	船口村委会	129.716771	42.706684	0	16	65	乡镇
222424102216	天平村委会	129.646730	43.586762	0	25	70	乡镇
222401105211	朝阳村委会	129.318230	43.176019	0	30	72	村庄
222403110218	中黑顶子村委会	128.262150	43.362061	0	25	43	乡镇
222404203201	解放村委会	130.174970	43.024031	0	30	72	村庄
222403102225	腰会村委会	128.418820	43.564799	0	25	47	乡镇
222403100218	三道梁子村委会	128.490570	43.308440	0	25	55	乡镇
222401001002	娇阳社区	129.517515	42.918438	0	25	55	乡镇
222404003004	永盛社区	130.377830	42.867300	1	80	97	政府机构
222403202207	向江村委会	128.385277	43.852463	0	16	33	乡镇
222424401511	新开林场	129.634620	43.599211	1	80	97	政府机构
222404103223	大榆树村委会	130.290980	42.888750	0	25	70	乡镇
222426101216	松江屯村委会	128.322220	42.575841	0	25	70	乡镇
222424200209	张家店村委会	129.995720	43.621501	0	30	72	村庄
222401002012	丹进社区	129.514000	42.906800	0	14	46	区县
222402101206	石岘村委会	129.789231	43.081829	0	25	47	乡镇
222401100208	东光村委会	129.555900	42.895529	0	30	72	村庄
222424402501	周仁沟林场	129.682115	43.469850	0	18	49	乡镇
222403201217	宋家岗子村委会	128.205099	43.620521	0	25	47	村庄
222426102206	宝马村委会	128.111075	42.313400	0	14	64	乡镇
222403105201	北大秧村委会	128.157480	43.748741	0	25	47	乡镇
222403100003	星火社区	128.490570	43.308440	0	25	70	乡镇
222406107207	黎明村委会	129.005541	42.548609	0	30	72	村庄
222404400504	大荒沟林场	130.369928	42.885252	1	80	95	政府机构
222403110238	工业村委会	128.227910	43.368549	0	30	72	村庄
222426201214	东清村委会	128.259579	42.725611	0	25	70	村庄
222426101241	光明村委会	128.459880	42.563410	0	30	72	村庄
222403102205	东甸子村委会	128.418820	43.564799	0	25	47	乡镇
222406105001	东丰居委会	129.325510	42.746429	0	25	70	乡镇
222406100203	南沟村委会	129.158759	42.655021	0	30	72	村庄
222424011001	大川社区	129.771000	43.312801	0	12	29	区县
222401006006	长青社区	129.515674	42.878880	0	30	58	乡镇
222424101226	富兴村委会	129.658620	43.418800	0	25	70	乡镇
222403101215	黄泥河东村委会	128.027349	43.558501	0	25	55	乡镇
222426106212	普光村委会	128.783220	43.191279	0	25	70	乡镇
222403102213	成记号村委会	128.418820	43.564799	0	25	47	乡镇
222426105214	前进村委会	128.411530	42.864709	0	30	72	村庄
222426201202	高登村委会	128.259579	42.725611	0	25	47	村庄
222424102220	桶子沟村委会	129.716950	43.763411	0	30	58	村庄
222401006010	长新社区	129.515674	42.878880	0	30	58	乡镇
222406103205	甲山村委会	128.878700	42.614030	0	30	72	村庄
222403104001	兴华社区	128.156660	43.497461	0	25	70	乡镇
222426106204	会财村委会	128.783220	43.191279	0	25	47	乡镇
222403101203	驼腰子村委会	128.027349	43.558501	0	25	47	乡镇
222424101230	前河村委会	129.470069	43.414191	0	30	72	村庄
222402102200	长安村委会	129.673530	43.030919	0	30	72	村庄
222405400501	细鳞河林场	129.137294	42.817838	0	50	82	UNKNOWN
222403403509	寒葱岭国营林场	128.000170	43.010379	0	30	58	村庄
222406101003	福民社区	129.147460	42.575259	0	25	70	乡镇
222426101200	杨木村委会	128.322220	42.575841	0	25	70	乡镇
222403106207	福胜村委会	128.143920	43.250231	0	25	47	乡镇
222403102244	新丰村委会	128.251500	43.628130	0	30	72	村庄
222424401507	向阳林场	129.634620	43.599211	1	80	97	政府机构
222404101208	回龙峰村委会	130.474220	42.570530	0	30	72	村庄
222403202211	勤发村委会	128.385277	43.852463	0	16	38	乡镇
222424104209	大松树村委会	129.610201	43.262239	0	25	70	乡镇
222402101210	松林村委会	129.789231	43.081829	0	25	70	乡镇
222401002004	丹英社区	129.512940	42.918720	1	75	100	地产小区
222403400519	小沟林场	128.803700	43.643431	0	30	72	村庄
222406107211	东南村委会	128.904150	42.564809	0	30	72	村庄
222403105217	额穆村委会	128.157480	43.748741	0	25	47	乡镇
222403201201	黑石村委会	128.205099	43.620521	0	25	70	村庄
222424107219	明山村委会	129.821730	43.229771	0	30	72	村庄
222403110202	五间房村委会	128.262150	43.362061	0	25	70	乡镇
222403100202	东升村委会	128.449462	43.247136	0	30	72	村庄
222406102204	龙新村委会	129.240110	42.768760	0	30	72	地产小区
222426200203	西韩村委会	128.522660	42.958059	0	25	70	村庄
222403103212	长寿村委会	128.387520	43.407052	0	30	72	村庄
222401004001	园城社区	129.514000	42.906800	0	14	46	区县
222424104225	兴隆村委会	129.599060	43.314570	0	30	72	村庄
222403200200	大桥村委会	128.373181	43.347199	1	80	100	政府机构
222404103219	东关村委会	130.290980	42.888750	0	25	70	乡镇
222426103211	四岔子村委会	128.105800	42.654739	0	25	47	乡镇
222403401518	额穆林场	128.081121	43.526047	0	50	73	UNKNOWN
222402100211	集中村委会	129.830620	42.885621	0	25	70	乡镇
222401003005	民和社区	129.514000	42.906800	0	14	46	区县
222404001003	龙盛社区	130.405629	42.882055	0	25	55	乡镇
222424105208	中屯村委会	129.449930	43.710340	0	25	70	乡镇
222404100209	太平沟村委会	131.000480	43.263339	0	30	72	村庄
222424400506	大荒沟林场	130.256290	43.299891	1	80	95	政府机构
222403203210	福生村委会	128.132940	43.361410	0	25	47	村庄
222426100201	明安村委会	128.915640	43.110401	0	30	72	村庄
222403107206	浪柴河村委会	127.883865	42.770689	0	50	73	UNKNOWN
222406105200	琵岩村委会	129.325510	42.746429	0	25	47	乡镇
222403402508	和平林场	127.659250	43.214701	1	80	100	UNKNOWN
222406100002	振兴社区	129.141138	42.653279	0	18	66	乡镇
222402103201	龙虎村委会	130.010279	43.001791	0	25	70	乡镇
222403110243	西苇子沟村委会	128.262150	43.362061	0	25	47	乡镇
222426103207	片砬子村委会	128.105800	42.654739	0	25	43	乡镇
222403104200	永强村委会	128.005850	43.470409	0	30	72	村庄
222403101002	新风社区	128.027349	43.558501	0	25	70	乡镇
222424104233	红星村委会	129.596389	43.311130	0	30	72	村庄
222401101209	龙渊村委会	129.492560	42.958869	0	25	70	乡镇
222402100207	石建村委会	129.830620	42.885621	0	25	70	乡镇
222404204209	涌泉村委会	130.492540	42.934571	0	25	70	乡镇
222426100217	福林村委会	128.901180	43.118969	0	25	70	乡镇
222403203206	大兴村委会	128.094360	43.360751	0	30	72	村庄
222424400510	杜荒子林场	130.256290	43.299891	1	80	97	政府机构
222424107223	松林洞村委会	129.814820	43.293501	0	25	70	乡镇
222404002005	迎春社区	130.366000	42.862802	0	12	44	区县
222405001006	东山社区	129.426774	42.765346	1	80	97	政府机构
222406102212	龙门村委会	129.106370	42.741161	0	30	72	村庄
222403100214	东昌村委会	128.490570	43.308440	0	25	70	乡镇
222403102229	江南村委会	128.418820	43.564799	0	25	70	乡镇
222403204202	郑家村委会	128.179507	43.326492	0	30	72	村庄
222403110214	兴隆河村委会	128.262150	43.362061	0	25	47	乡镇
222406101202	民光村委会	129.147460	42.575259	0	25	47	乡镇
222426104203	北山村委会	128.960511	43.078639	0	30	72	村庄
222403103204	富贵村委会	128.445720	43.434271	0	25	47	乡镇
222426200215	南十骑村委会	128.522660	42.958059	0	25	43	村庄
222426100240	新屯村委会	128.969430	43.238030	0	30	72	村庄
222402102001	长兴社区	129.677170	43.031289	1	80	100	地产小区
222406104001	友谊居委会	129.212860	42.265910	0	25	70	乡镇
222406101203	福洞村委会	129.147460	42.575259	0	25	70	乡镇
222403103205	八家子村委会	128.445720	43.434271	0	25	70	乡镇
222426100241	红星村委会	128.908370	43.210880	0	30	72	村庄
222426200214	台前村委会	128.522660	42.958059	0	25	70	村庄
222406102213	青龙村委会	129.026850	42.767980	0	30	72	村庄
222405001007	升龙社区	129.426774	42.765346	1	80	97	政府机构
222403102228	下洼子村委会	128.453459	43.726251	0	30	72	村庄
222403100215	长青村委会	128.479100	43.300979	0	30	72	村庄
222403204203	中成村委会	128.179760	43.305049	0	25	70	村庄
222403110215	东兴隆河村委会	128.262150	43.362061	0	25	47	乡镇
222404204208	仲坪村委会	130.438065	42.982343	0	30	72	村庄
222426100216	青丘村委会	128.901180	43.118969	0	25	70	乡镇
222424400511	西南岔林场	130.256290	43.299891	1	80	95	政府机构
222403203207	新乡村委会	128.132940	43.361410	0	25	70	村庄
222424107222	龙泉坪村委会	129.814820	43.293501	0	25	47	乡镇
222404002004	龙源社区	130.366000	42.862802	0	12	44	区县
222403110242	碗铺村委会	128.179480	43.384968	1	80	95	UNKNOWN
222403104201	玉泉村委会	128.156660	43.497461	0	25	70	乡镇
222426103206	白河村委会	128.105800	42.654739	0	25	70	乡镇
222403101003	新兴社区	128.027349	43.558501	0	25	70	乡镇
222401101208	兴农村委会	129.486180	42.976439	0	30	72	村庄
222424104232	牡丹川村委会	129.610201	43.262239	0	25	47	乡镇
222402100206	歧新村委会	129.830620	42.885621	0	25	55	乡镇
222424105209	红云村委会	129.449930	43.710340	0	25	70	乡镇
222403203211	宝山村委会	128.056451	43.404309	0	30	72	村庄
222404100208	中土门子村委会	131.085380	43.191791	0	25	43	乡镇
222403107207	腰岔村委会	128.028830	42.880561	0	25	47	乡镇
222426100200	新安村委会	128.920199	43.111111	0	30	72	村庄
222403402509	大荒沟林场	128.691380	42.938361	1	80	100	UNKNOWN
222406105201	光东村委会	129.325510	42.746429	0	25	47	乡镇
222402103200	凉水村委会	130.004899	42.998981	0	30	72	村庄
222403404598	敖东鹿场虚拟生活区	128.210065	43.360393	1	80	95	UNKNOWN
222424104224	永和村委会	129.610201	43.262239	0	25	70	乡镇
222404103218	新地方村委会	130.290980	42.888750	0	25	70	乡镇
222403200201	西大桥村委会	128.377000	43.347841	0	25	47	村庄
222426103210	石人沟村委会	128.105800	42.654739	0	25	70	乡镇
222401003004	民盛社区	129.514000	42.906800	0	14	46	区县
222402100210	五工村委会	129.830620	42.885621	0	25	47	乡镇
222404001002	文化社区	130.405629	42.882055	0	25	55	乡镇
222424103220	西碱村委会	130.348450	43.729570	0	25	47	乡镇
222426200202	小荒沟村委会	128.522660	42.958059	0	25	47	村庄
222403103213	桥北村委会	128.382077	43.483358	1	80	97	政府机构
222405002001	河西社区	129.426000	42.765899	0	12	44	区县
222403001009	利民社区	128.232000	43.372599	0	10	43	区县
222403110203	东苇子沟村委会	128.262150	43.362061	0	25	70	乡镇
222403100203	民胜村委会	128.490570	43.308440	0	25	70	乡镇
222406102205	广新村委会	129.209290	42.755769	0	25	47	乡镇
222401002005	丹虹社区	129.514000	42.906800	0	14	46	区县
222402101211	上龙城村委会	129.783531	43.058032	1	80	95	UNKNOWN
222406107210	富兴村委会	129.014951	42.552749	0	25	70	乡镇
222403201200	东崴子村委会	128.205099	43.620521	0	25	70	村庄
222424107218	东山村委会	129.813770	43.241390	0	30	72	村庄
222402102201	河东村委会	129.706850	43.037662	0	30	72	村庄
222401001015	丽阳社区	129.517515	42.918438	0	25	55	乡镇
222403403508	王牛沟国营林场	127.854990	43.195281	0	30	58	村庄
222406104200	南坪村委会	129.212860	42.265910	0	25	55	乡镇
222406101002	民兴社区	129.147460	42.575259	0	25	70	乡镇
222403106206	丰产村委会	128.987915	43.137818	1	80	100	政府机构
222426101201	胜利村委会	128.384379	42.601631	0	30	72	村庄
222403202210	双顶子村委会	128.385277	43.852463	0	16	38	乡镇
222424401506	西大河林场	129.634620	43.599211	1	80	95	政府机构
222404101209	玻璃洞村委会	130.454122	42.563503	1	80	95	UNKNOWN
222424104208	永安村委会	129.610201	43.262239	0	25	55	乡镇
222401006011	延兴社区	129.515674	42.878880	0	30	58	乡镇
222406103204	卧龙村委会	129.095790	42.697321	0	25	70	乡镇
222403101202	大川村委会	127.910730	43.530031	0	30	72	村庄
222424101231	东阳村委会	129.423860	43.398150	0	30	72	村庄
222401005001	碧水社区	129.514000	42.906800	0	14	46	区县
222426105215	共荣村委会	128.326449	42.873951	0	25	70	乡镇
222403102212	八棵树村委会	128.418820	43.564799	0	25	70	乡镇
222426201203	通阳村委会	128.259579	42.725611	0	25	47	村庄
222424102221	响水村委会	129.877720	43.790911	0	30	72	村庄
222401006007	长林社区	129.515674	42.878880	0	30	58	乡镇
222424101227	红星村委会	129.596389	43.311130	0	30	72	村庄
222426106213	东林村委会	128.824580	43.247869	0	30	72	村庄
222403101214	清胜村委会	128.027349	43.558501	0	25	47	乡镇
222402103001	凉城社区	130.010279	43.001791	0	25	70	乡镇
222403110239	腰苇子沟村委会	128.262150	43.362061	0	25	70	乡镇
222404400505	解放林场	130.369928	42.885252	1	80	97	政府机构
222426201215	金盛村委会	128.259579	42.725611	0	25	47	村庄
222403102204	腰岭子村委会	128.425699	43.466017	1	80	100	政府机构
222426105203	万宝村委会	128.326449	42.873951	0	25	70	乡镇
222406100202	中南村委会	129.141138	42.653279	0	18	66	乡镇
222402101207	水南村委会	129.807910	43.023430	0	30	72	村庄
222401100209	东新村委会	129.546840	42.888659	0	30	72	地产小区
222403201216	红胜村委会	128.199049	43.621861	0	30	72	村庄
222424402500	小东沟林场	129.682115	43.469850	0	18	49	乡镇
222403105200	西北岔村委会	128.157480	43.748741	0	25	70	乡镇
222426102207	奶头山村委会	128.144999	42.334451	0	50	73	UNKNOWN
222403100002	商业社区	128.490570	43.308440	0	25	70	乡镇
222406107206	清湖村委会	129.009330	42.576879	0	30	72	村庄
222401001003	春阳社区	129.517515	42.918438	0	25	55	乡镇
222404003005	沿南社区	130.377830	42.867300	1	80	97	政府机构
222404103222	营子村委会	130.329180	42.871029	0	30	72	村庄
222424401510	桦皮甸子林场	129.634620	43.599211	1	80	95	政府机构
222403202206	老屯村委会	128.385277	43.852463	0	16	65	乡镇
222426101217	松岭村委会	128.322220	42.575841	0	25	70	乡镇
222403106210	山河村委会	128.200639	43.241981	0	30	72	村庄
222424200208	吉兴村委会	129.865480	43.475970	0	25	70	村庄
222401105210	光荣村委会	129.308496	42.980015	0	16	65	乡镇
222403110219	下黑顶子村委会	128.262150	43.362061	0	25	43	乡镇
222424102217	新华村委会	129.844530	43.676349	0	30	72	村庄
222403100219	民强村村委会	128.448210	43.291821	0	30	58	村庄
222403102224	大荒地村委会	128.418820	43.564799	0	25	70	乡镇
222404203200	密江村委会	130.141323	42.995243	1	80	100	政府机构
222403002003	南湖社区	128.229790	43.356839	1	80	100	政府机构
222424101207	光明村委会	129.683080	43.505459	0	30	72	村庄
222403103209	明新村委会	128.445720	43.434271	0	25	70	乡镇
222426401500	屯田林场	128.899000	43.111699	0	12	29	区县
222426120301	长白山自然保护区（滨河）（特殊村委会）	128.274970	42.054221	0	25	100	旅游景点
222405100201	光昭村委会	129.753312	42.734690	1	80	100	政府机构
222424106203	兴华村委会	130.502580	43.364010	0	25	70	乡镇
222401101204	兴安村委会	129.498110	42.948862	1	80	100	政府机构
222424103001	金城社区	130.348450	43.729570	0	25	70	乡镇
222404103202	富新村委会	130.290980	42.888750	0	25	70	乡镇
222426101237	新建村委会	128.487710	42.518869	0	30	72	村庄
222403401503	西北岔林场	127.927260	43.919389	1	80	100	UNKNOWN
222403109203	农林村委会	127.910950	43.158211	0	30	72	村庄
222424105213	中大川村委会	129.449930	43.710340	0	25	55	乡镇
222404100212	大六道沟村委会	130.966089	43.144911	0	30	58	村庄
222404204204	河山村委会	130.505610	43.012739	0	30	72	村庄
222403402513	东明林场	128.776840	43.200149	1	80	100	UNKNOWN
222405200203	崇民村委会	129.607760	42.730899	0	30	58	UNKNOWN
222404002008	乐园社区	130.366000	42.862802	0	12	44	区县
222403401515	马鹿沟林场	128.608870	43.611210	1	80	100	UNKNOWN
222426101221	庙岭村委会	128.322220	42.575841	0	25	70	乡镇
222404103214	双新村委会	130.415360	42.915831	0	30	72	地产小区
222424104228	共兴村委会	129.610201	43.262239	0	25	70	乡镇
222401003008	民强社区	129.514000	42.906800	0	14	46	区县
222404060264	长城村委会	130.386331	42.835219	1	80	97	政府机构
222403402505	小荒沟林场	128.590320	42.883749	1	80	100	UNKNOWN
222406400503	星火林场	129.006208	42.545825	1	75	95	政府机构
222404204212	胜利村委会	130.460881	42.904539	0	30	72	村庄
222404100204	兰家趟子村委会	131.085380	43.191791	0	25	43	乡镇
222424105205	东升村委会	129.488961	43.762639	0	30	72	村庄
222401102202	南张芝村委会	129.180940	43.237663	0	16	33	乡镇
222405104203	延东村委会	129.535544	42.809979	1	80	95	UNKNOWN
222426402506	明月营林段生活区	128.896195	43.113272	1	80	97	UNKNOWN
222406102209	龙源村委会	129.229399	42.737391	0	30	72	村庄
222403102232	林胜村委会	128.418820	43.564799	0	25	47	乡镇
222424102201	天河村委会	129.646730	43.586762	0	25	70	乡镇
222401105206	三峰村委会	129.308496	42.980015	0	16	65	乡镇
222404200206	电线村委会	130.456111	42.853190	0	18	40	乡镇
222424101211	鲜民村委会	129.658620	43.418800	0	25	47	乡镇
222406003003	文慧社区	129.007231	42.547629	1	80	100	地产小区
222424104204	芳草村委会	129.610201	43.262239	0	25	70	乡镇
222404101205	圈河村委会	130.477240	42.646601	0	25	70	乡镇
222406401502	升平林场	129.115570	42.671991	1	80	95	政府机构
222424200212	刺老芽沟村委会	129.865480	43.475970	0	25	47	村庄
222403403504	柞木台子国营林场	128.181173	43.132669	0	30	58	村庄
222401002009	丹光社区	129.514000	42.906800	0	14	46	区县
222424107214	林子沟村委会	129.814820	43.293501	0	25	70	乡镇
222426100220	永新村委会	128.824880	43.064059	0	30	72	地产小区
222403400514	大蒲柴河林场	128.022703	42.874490	1	80	100	UNKNOWN
222406002002	花园社区	129.004251	42.539539	1	80	97	政府机构
222403110223	车站村委会	128.207911	43.420895	0	30	72	村庄
222424100210	东振村委会	129.764480	43.315221	0	25	70	乡镇
222405102206	官船村委会	129.154210	42.905830	0	25	47	乡镇
222424103200	绥芬村委会	130.348450	43.729570	0	25	47	乡镇
222404103003	光兴社区	130.290980	42.888750	0	25	70	乡镇
222426106209	凤栖村委会	128.783220	43.191279	0	25	47	乡镇
222426400501	春雷林场	128.117400	42.438449	1	80	95	政府机构
222403102208	黑背村委会	128.418820	43.564799	0	25	47	乡镇
222404400509	珲春森林山莹林有限公司	130.369928	42.885252	1	80	95	政府机构
222424100206	春和村委会	129.700351	43.367581	1	80	100	政府机构
222403110235	城关村委会	128.262150	43.362061	0	25	70	乡镇
222405102210	勇进村委会	129.154210	42.905830	0	25	70	乡镇
222404202201	立新村委会	130.309259	42.852371	1	80	95	地产小区
222424103216	上碱村委会	130.348450	43.729570	0	25	47	乡镇
222405201202	勇新村委会	129.411040	42.453651	0	25	47	村庄
222405105214	胜地村委会	129.434620	42.764688	0	25	70	乡镇
222403004006	林泉社区	128.232000	43.372599	0	10	43	区县
222403403512	新开岭国营林场	128.139739	43.072331	0	30	58	村庄
222426120116	泰安社区（白河）	128.132530	42.449991	0	50	50	工业园区
222424200204	大北沟村委会	130.186931	43.273272	1	80	100	政府机构
222404101213	白石村委会	130.344430	42.650069	0	30	72	村庄
222403108202	小东沟村委会	128.602960	43.689329	0	25	70	乡镇
222424104212	风林村委会	129.610201	43.262239	0	25	55	乡镇
222403400502	大石河林场	128.232000	43.372599	0	10	22	区县
222406402504	柳洞林场	129.116030	42.319071	1	80	100	UNKNOWN
222426100236	岛安村委会	128.901180	43.118969	0	25	47	乡镇
222404102203	湖龙村委会	130.396256	42.783533	0	16	38	乡镇
222424107202	东光村委会	129.816400	43.293311	0	30	72	村庄
222401100205	河龙村委会	129.530299	42.917581	0	25	70	乡镇
222403102227	仁和村委会	128.417947	43.678142	0	30	72	村庄
222404203203	中岗子村委会	130.220586	43.079557	0	16	38	村庄
222401105213	柳新村委会	129.308496	42.980015	0	16	38	乡镇
222424102214	民主村委会	129.751960	43.677020	0	30	72	村庄
222403001010	工农社区	128.238910	43.362819	1	80	100	地产小区
222405100202	怀庆村委会	129.733495	42.715813	1	80	100	政府机构
222426401503	三道林场	128.538920	42.517279	1	80	100	UNKNOWN
222424101204	新立村委会	129.727130	43.463569	0	30	72	村庄
222402100209	安山村委会	129.853180	42.986779	0	30	72	村庄
222405102004	铜佛社区	129.154210	42.905830	0	25	70	乡镇
222401402598	延边原种场虚拟生活区	129.396976	42.881146	1	80	95	UNKNOWN
222426103209	北大阴子村委会	128.105800	42.654739	0	25	43	乡镇
222426101234	南道村委会	128.322220	42.575841	0	25	70	乡镇
222403401500	团北林场	127.912099	44.021721	1	80	100	UNKNOWN
222424106200	金苍村委会	130.502580	43.364010	0	25	47	乡镇
222401101207	平安村委会	129.497087	42.950914	1	80	100	政府机构
222404103201	关门村委会	130.290980	42.888750	0	25	70	乡镇
222405200200	龙岩村委会	129.636200	42.758481	0	30	72	村庄
222426100219	龙林村委会	128.901180	43.118969	0	25	70	乡镇
222404204207	松树村委会	130.492540	42.934571	0	25	70	乡镇
222403402510	沟口林场	128.792860	43.431840	1	80	100	UNKNOWN
222403109200	马号东村委会	128.022619	43.176412	0	25	47	乡镇
222424105210	南沟村委会	129.299800	43.689460	0	30	72	村庄
222402001003	兴平社区	129.838136	42.963670	0	30	58	乡镇
222403203208	香水村委会	128.048420	43.345529	0	30	72	村庄
222404100211	小六道沟村委会	131.085380	43.191791	0	25	70	乡镇
222404103217	高产村委会	130.290980	42.888750	0	25	70	乡镇
222401101211	台岩村委会	129.424220	43.001169	0	50	73	UNKNOWN
222403401516	威虎河林场	127.952580	43.642780	1	80	100	UNKNOWN
222426101222	双丰村委会	128.384770	42.671711	0	30	72	村庄
222405104200	龙山村委会	129.506330	42.840159	0	30	72	村庄
222424400508	金苍林场	130.256290	43.299891	1	80	97	政府机构
222404100207	分水岭村委会	131.085380	43.191791	0	25	70	乡镇
222424105206	石头村委会	129.506350	43.679040	0	30	72	村庄
222401102201	五道村委会	129.180940	43.237663	0	16	65	乡镇
222403402506	新合林场	128.335190	42.965171	1	80	100	UNKNOWN
222404204211	新华村委会	130.450701	42.924849	0	30	72	村庄
222406400500	路电管理处	128.788879	42.350073	1	80	100	UNKNOWN
222403107208	大蒲柴河村委会	128.047481	42.886939	0	50	73	UNKNOWN
222424102202	天安村委会	129.646730	43.586762	0	25	70	乡镇
222401105205	合成村委会	129.308496	42.980015	0	16	65	乡镇
222426402505	松江林场	128.895960	43.115129	1	80	97	政府机构
222403102231	双丰村委会	128.509900	43.586971	0	30	72	村庄
222424101212	双桥村委会	129.634710	43.428621	0	30	72	村庄
222404200205	红星村委会	130.458360	42.860259	0	30	72	村庄
222406401501	古洞河林场	129.115570	42.671991	1	80	95	政府机构
222403106209	三道荒沟村委会	128.143920	43.250231	0	25	55	乡镇
222424200211	霍家营村委会	129.865480	43.475970	0	25	70	村庄
222403403507	大沟林场	128.780980	43.588329	1	80	100	UNKNOWN
222424104207	长兴村委会	129.551890	43.272889	0	30	72	村庄
222404101206	防川村委会	130.590813	42.438777	0	25	55	旅游景点
222424401509	内河林场	129.634620	43.599211	1	80	95	政府机构
222405100003	长青社区	129.716771	42.706684	0	16	65	乡镇
222424407598	罗子沟农场虚拟生活区	130.283790	43.737039	1	80	95	UNKNOWN
222405105201	智新村委会	129.434620	42.764688	0	25	55	乡镇
222426100223	凤岩村委会	128.807419	43.021871	0	30	72	村庄
222403400517	小蒲柴河林场	127.959229	42.896641	1	80	100	UNKNOWN
222401100210	理化村委会	129.530299	42.917581	0	25	70	乡镇
222402003004	富华社区	129.840920	42.972495	1	80	97	政府机构
222424107217	东沟村委会	129.797030	43.241598	0	30	72	村庄
222404201204	东阿拉村委会	130.600761	42.891739	0	16	47	乡镇
222403110220	上石桩子村委会	128.262150	43.362061	0	25	43	乡镇
222424100213	东明村委会	129.680927	43.331928	1	80	100	政府机构
222403109001	丹源社区	128.022619	43.176412	0	25	70	乡镇
222406002001	乐园社区	129.004251	42.539539	1	80	97	政府机构
222424103203	河南村委会	130.343867	43.722787	0	30	72	村庄
222405102205	廉明村委会	129.154210	42.905830	0	25	47	乡镇
222424100205	柳树河村委会	129.764480	43.315221	0	25	70	乡镇
222403110236	铁西村委会	128.235040	43.383179	0	30	72	村庄
222405104001	振兴社区	129.528008	42.792213	0	18	66	乡镇
222424101228	广兴村委会	129.658620	43.418800	0	25	70	乡镇
222424103215	河东村委会	130.348450	43.729570	0	25	55	乡镇
222404202202	东岗子村委会	130.308639	42.838181	0	25	70	乡镇
222405102213	铜佛村委会	129.154210	42.905830	0	25	70	乡镇
222401006008	长生社区	129.515674	42.878880	0	30	58	乡镇
222403202209	四海店村委会	128.385277	43.852463	0	16	33	乡镇
222404101210	朝阳村委会	130.446230	42.628989	0	30	72	村庄
222403108201	大沟村委会	128.602960	43.689329	0	25	70	乡镇
222424104211	平安村委会	129.611170	43.292179	0	30	72	村庄
222403403511	四海店国营林场	128.333300	43.773841	1	80	100	UNKNOWN
222426120115	白山社区（白河）	128.132530	42.449991	0	50	50	工业园区
222424200207	新民村委会	129.877700	43.507581	0	30	72	村庄
222426101218	三道白河村委会	128.322220	42.575841	0	25	55	乡镇
222405201201	平顶村委会	129.411040	42.453651	0	25	70	村庄
222404102200	板石村委会	130.341173	42.783190	0	30	72	村庄
222403201219	朝阳村委会	128.205698	43.623434	0	30	72	村庄
222424107201	东兴村委会	129.814820	43.293501	0	25	70	乡镇
222401100206	长东村委会	129.584870	42.895831	0	30	72	村庄
222401105004	朝阳社区	129.308496	42.980015	0	16	65	乡镇
222406107209	青山村委会	128.868520	42.444111	0	30	72	村庄
222403400501	二龙山林场	128.459130	43.533620	1	80	100	UNKNOWN
222406402507	长仁林场	129.011001	42.545999	0	12	44	区县
222426100235	东北村委会	128.950791	43.326989	0	30	72	村庄
222402101208	向阳村委会	129.789231	43.081829	0	25	55	乡镇
222424400400	林业局居委会	130.256290	43.299891	1	80	95	政府机构
222426100242	奉阳村委会	128.901180	43.118969	0	25	47	乡镇
222426200217	靠山村委会	128.614813	42.962430	1	80	100	政府机构
222424101208	北城村委会	129.642100	43.454462	0	30	72	村庄
222406101200	东新村委会	129.185971	42.603249	0	30	72	地产小区
222426403498	海沟金矿虚拟社区	128.899000	43.111699	0	12	26	区县
222403103206	东沟村委会	128.516179	43.440780	0	30	72	村庄
222426104201	新丰村委会	129.030650	43.031360	0	30	72	村庄
222403204200	红石村委会	128.108510	43.295949	0	30	72	村庄
222424102218	北城子村委会	129.646730	43.586762	0	25	47	乡镇
222403110216	丹阳村委会	128.262150	43.362061	0	25	70	乡镇
222406102210	龙水村委会	129.209290	42.755769	0	25	70	乡镇
222405001004	文化社区	129.426774	42.765346	1	80	97	政府机构
222403100216	永青村委会	128.490570	43.308440	0	25	70	乡镇
222404002007	长安社区	130.366000	42.862802	0	12	44	区县
222424400512	兰家林场	130.256290	43.299891	1	80	95	政府机构
222403203204	长河村委会	128.108961	43.326499	0	30	72	村庄
222424107221	大坎子村委会	129.814820	43.293501	0	25	70	乡镇
222426100215	太阳村委会	128.901180	43.118969	0	25	70	乡镇
222402100205	马牌村委会	129.836216	42.892874	1	80	100	政府机构
222403200214	东八家子村委会	128.377000	43.347841	0	25	70	村庄
222424104231	牡丹池村委会	129.610201	43.262239	0	25	47	乡镇
222403110241	双胜村委会	128.252000	43.373210	0	30	72	村庄
222403104202	明川村委会	128.156660	43.497461	0	25	47	乡镇
222426101238	幸福村委会	128.446010	42.502801	0	30	72	村庄
222426103205	江南村委会	128.105800	42.654739	0	25	70	乡镇
222402103203	河西村委会	129.980900	42.987129	0	30	72	村庄
222403107204	腰屯村委会	128.039590	42.911560	0	30	72	村庄
222426105001	东盛社区	128.326449	42.873951	0	25	70	乡镇
222406105202	兴城村委会	129.325510	42.746429	0	25	70	乡镇
222403203212	朝阳川村委会	128.132940	43.361410	0	25	47	村庄
222424400504	大柞树林场	130.256290	43.299891	1	80	95	政府机构
222401003007	民富社区	129.514000	42.906800	0	14	46	区县
222402100213	大星村委会	129.849287	42.988710	0	30	72	村庄
222404001001	永新社区	130.405629	42.882055	0	25	55	乡镇
222426120123	爱林社区（美人松）	128.132530	42.449991	0	50	50	工业园区
222424104227	永兴村委会	129.422300	43.306270	0	30	72	村庄
222403200202	沙河东村委会	128.377000	43.347841	0	25	47	村庄
222401004003	园新社区	129.470733	42.907062	1	80	100	地产小区
222403103210	马鞍山村委会	128.445720	43.434271	0	25	70	乡镇
222405002002	龙池社区	129.426000	42.765899	0	12	44	区县
222426200201	大坝村委会	128.571769	42.916411	0	30	72	村庄
222402101005	石源社区	129.789231	43.081829	0	25	70	乡镇
222403100200	太平川村委会	128.490570	43.308440	0	25	70	乡镇
222406102206	龙海村委会	129.209290	42.755769	0	25	70	乡镇
222401105209	长青村委会	129.381280	42.881589	0	30	72	村庄
222403110200	土腰子村委会	128.262150	43.362061	0	25	47	乡镇
222403201203	立新村委会	128.205099	43.620521	0	25	55	村庄
222403204001	红石鹿场社区居民委员会	128.033130	43.276411	1	80	95	UNKNOWN
222401006100	延吉经济开发区（省级）（特殊社区）	129.515674	42.878880	0	30	51	乡镇
222406107213	兴隆村委会	129.021451	42.558229	0	30	72	村庄
222403105215	大崴子村委会	127.836680	43.927001	0	30	58	村庄
222401002006	丹岭社区	129.514000	42.906800	0	14	46	区县
222402101212	下龙城村委会	129.778983	43.041749	1	80	95	UNKNOWN
222406104203	龙渊村委会	129.212860	42.265910	0	25	70	乡镇
222406101001	富阳社区	129.147460	42.575259	0	25	70	乡镇
222403106205	南黄泥河村委会	128.143920	43.250231	0	25	55	乡镇
222426101202	松花村委会	128.322220	42.575841	0	25	47	乡镇
222405400503	白金林场	129.426000	42.765899	0	12	29	区县
222402102202	苇子村委会	129.676310	43.029649	0	25	70	乡镇
222424101232	东台村委会	129.411199	43.397151	0	30	72	村庄
222402101300	图们市经济开发区（特殊村委会）	129.789231	43.081829	0	25	43	乡镇
222403101201	永安村委会	127.823280	43.551479	0	30	72	村庄
222405102209	老西村委会	129.147960	42.910159	0	30	72	村庄
222426201200	勇进村委会	128.259579	42.725611	0	25	70	村庄
222424102222	太阳村委会	129.646730	43.586762	0	25	70	乡镇
222404400510	杨泡营林站生活区	130.369928	42.885252	1	80	94	政府机构
222426105216	古城村委会	128.320650	42.870321	0	30	72	村庄
222403102211	四道沟村委会	128.418820	43.564799	0	25	70	乡镇
222401005002	白玉社区	129.514000	42.906800	0	14	46	区县
222426106210	新胜村委会	128.745330	43.144281	0	30	72	村庄
222424103219	新丰村委会	130.311369	43.667081	0	30	72	村庄
222424101224	蛤蟆塘村委会	129.658620	43.418800	0	25	70	乡镇
222401006004	延虹社区	129.515674	42.878880	0	30	72	乡镇
222424011003	幸福社区	129.771000	43.312801	0	12	29	区县
222403102207	南天门村委会	128.418820	43.564799	0	25	70	乡镇
222406100201	八家子村委会	129.141138	42.653279	0	18	66	乡镇
222424100209	砂北村委会	129.764480	43.315221	0	25	55	乡镇
222404400506	英安林场	130.369928	42.885252	1	80	95	政府机构
222426201216	富沟村委会	128.259579	42.725611	0	25	47	村庄
222403105203	桦树林子村委会	128.157480	43.748741	0	25	47	乡镇
222426100239	裕民村委会	128.943620	43.246449	0	30	72	村庄
222426102204	头道白河村委会	128.111075	42.313400	0	14	46	乡镇
222403100001	金融社区	128.490570	43.308440	0	25	70	乡镇
222406107205	新元村委会	129.035610	42.534401	0	30	72	村庄
222403201215	丹南村委会	128.205099	43.620521	0	25	47	村庄
222424402503	影壁林场	129.682115	43.469850	0	18	49	乡镇
222402101204	春华村委会	129.789231	43.081829	0	25	70	乡镇
222426101214	政通村委会	128.322220	42.575841	0	25	47	乡镇
222404103221	城北村委会	130.379670	42.880296	0	30	72	村庄
222424401513	葡萄沟林场	129.634620	43.599211	1	80	95	政府机构
222403202205	道口村委会	128.383150	43.740812	0	30	72	村庄
222404003006	昌盛社区	130.377830	42.867300	1	80	97	政府机构
222426101215	板石村委会	128.319620	42.574491	0	30	72	村庄
222403202204	江山村委会	128.384540	43.702131	0	30	72	村庄
222424401512	张家店林场	129.634620	43.599211	1	80	95	政府机构
222404103220	西郊村委会	130.316840	42.858830	0	30	72	村庄
222401001001	向阳社区	129.517515	42.918438	0	25	55	乡镇
222426102205	长白村委会	128.162270	42.511760	0	30	72	村庄
222426100238	五一村委会	128.901180	43.118969	0	25	70	乡镇
222403105202	珠尔多河村委会	127.977881	44.068490	0	50	73	UNKNOWN
222406107204	合新村委会	129.014951	42.552749	0	25	70	乡镇
222424402502	托盘林场	129.682115	43.469850	0	18	66	乡镇
222403201214	后黄花松村委会	128.205099	43.620521	0	25	41	村庄
222401002011	丹吉社区	129.514000	42.906800	0	14	46	区县
222402101205	东兴村委会	129.789231	43.081829	0	25	70	乡镇
222426105201	兴农村委会	128.329830	42.873611	0	30	72	村庄
222403102206	老虎洞村委会	128.418820	43.564799	0	25	70	乡镇
222406100200	上南村委会	129.133110	42.634059	0	30	72	村庄
222424100208	砂东村委会	129.764480	43.315221	0	25	47	乡镇
222404400507	凉水林场	130.369928	42.885252	1	80	95	政府机构
222426101242	桃园村委会	128.463700	42.534779	0	30	72	村庄
222424401400	天桥岭林业局居委会	129.634620	43.599211	1	80	97	政府机构
222426106211	新成村委会	128.783220	43.191279	0	25	70	乡镇
222424101225	太和村委会	129.540680	43.413950	0	30	72	村庄
222424103218	新屯子村委会	130.348450	43.729570	0	25	70	乡镇
222401006005	延盛社区	129.515674	42.878880	0	30	72	乡镇
222424011002	大明社区	129.771000	43.312801	0	12	29	区县
222426201201	马鞍山村委会	128.259579	42.725611	0	25	70	村庄
222404400511	板石营林站生活区	130.369928	42.885252	1	80	94	政府机构
222403102210	东兴村委会	128.418820	43.564799	0	25	70	乡镇
222426105217	矿山村委会	128.326449	42.873951	0	25	70	乡镇
222424012004	新惠社区居民委员会	129.771000	43.312801	0	12	26	区县
222401005003	白桦社区	129.514000	42.906800	0	14	46	区县
222424101233	西阳村委会	129.658620	43.418800	0	25	70	乡镇
222406103206	和安村委会	128.610470	42.840290	0	30	72	村庄
222426106207	碱场村委会	128.779311	43.262059	0	30	72	UNKNOWN
222403101200	威虎岭村委会	127.822860	43.554499	0	30	72	村庄
222405102208	奋斗村委会	129.154210	42.905830	0	25	70	乡镇
222424401504	大安林场	129.634620	43.599211	1	80	97	政府机构
222426101203	沙金沟村委会	128.442640	42.602991	0	30	72	村庄
222403106204	贤儒村委会	128.143920	43.250231	0	25	47	乡镇
222426104001	阳光社区	129.021661	43.039579	0	25	70	乡镇
222405400502	勇新林场	129.426000	42.765899	0	12	29	区县
222402102203	长上村委会	129.676310	43.029649	0	25	47	乡镇
222403201202	南台子村委会	128.205099	43.620521	0	25	70	村庄
222406107212	兴西村委会	129.000460	42.593300	0	30	72	村庄
222401002007	丹华社区	129.514000	42.906800	0	14	46	区县
222402101004	石荣社区	129.789231	43.081829	0	25	70	乡镇
222403100201	大榆树川村委会	128.382449	43.188131	0	30	72	村庄
222406102207	龙湖村委会	129.185750	42.740229	0	30	72	村庄
222401105208	东丰村委会	129.407061	42.880410	1	80	100	政府机构
222403110201	甩湾子村委会	128.315180	43.390501	0	30	72	村庄
222401004002	园月社区	129.514000	42.906800	0	14	46	区县
222403103211	长乐村委会	128.411650	43.412559	0	30	72	村庄
222404200208	五一村委会	130.456111	42.853190	0	18	66	乡镇
222405002003	维新社区	129.426000	42.765899	0	12	44	区县
222426200200	十骑村委会	128.522660	42.958059	0	25	43	村庄
222402100212	曲水村委会	129.830620	42.885621	0	25	70	乡镇
222401003006	民泰社区	129.514000	42.906800	0	14	46	区县
222424104226	八棵树村委会	129.610201	43.262239	0	25	70	乡镇
222403200203	永兴村委会	128.387540	43.371071	0	30	72	村庄
222402103202	东甸村委会	130.010279	43.001791	0	25	70	乡镇
222426100202	园艺村委会	128.901180	43.118969	0	25	70	乡镇
222403107205	富源村委会	128.028830	42.880561	0	25	70	乡镇
222406105203	太兴村委会	129.325510	42.746429	0	25	47	乡镇
222406100001	新兴社区	129.141138	42.653279	0	18	66	乡镇
222424400505	荒沟林场	130.256290	43.299891	1	80	95	政府机构
222403203213	河山村委会	128.096490	43.391580	0	30	72	村庄
222401003010	民旺社区	129.514000	42.906800	0	14	46	区县
222402100204	榆基村委会	129.801500	42.910599	0	30	58	UNKNOWN
222424104230	仲安村委会	129.582079	43.331453	1	80	100	政府机构
222403110240	站北村委会	128.262150	43.362061	0	25	47	乡镇
222426120134	翠湖社区（滨河）	128.132530	42.449991	0	50	50	工业园区
222426103204	永红村委会	128.105800	42.654739	0	25	70	乡镇
222426101239	育林村委会	128.419020	42.503829	0	30	72	村庄
222403104203	秋梨沟村委会	128.156651	43.497456	1	80	100	政府机构
222403101001	新利社区	128.027349	43.558501	0	25	70	乡镇
222404002006	春粮社区	130.366000	42.862802	0	12	44	区县
222403203205	海兴村委会	128.132940	43.361410	0	25	47	村庄
222424400513	六道林场	130.256290	43.299891	1	80	95	政府机构
222424107220	北丰里村委会	129.814820	43.293501	0	25	55	乡镇
222403400520	雁鸣湖中心林场	128.232000	43.372599	0	10	22	区县
222426100214	山泉村委会	128.671030	43.050850	0	30	72	村庄
222403204201	一心村委会	128.179760	43.305049	0	25	70	村庄
222403110217	上黑顶子村委会	128.262150	43.362061	0	25	55	乡镇
222424102219	神仙洞村委会	129.646730	43.586762	0	25	70	乡镇
222405001005	天图社区	129.426774	42.765346	1	80	97	政府机构
222406102211	长仁村委会	129.209290	42.755769	0	25	47	乡镇
222403100217	明星村委会	128.538679	43.324840	0	30	72	村庄
222426200216	西山村委会	128.564581	42.960686	0	30	72	村庄
222426100243	大兴村委会	129.017951	43.126659	0	30	72	村庄
222424101209	二甲山村委会	129.681140	43.395529	0	30	72	村庄
222406101201	南阳村委会	129.121070	42.598340	0	30	72	村庄
222426104200	茶条村委会	129.021661	43.039579	0	25	47	乡镇
222403103207	金山村委会	128.486570	43.417450	0	30	72	村庄
222403201218	叉鱼河村委会	128.205099	43.620521	0	25	43	村庄
222404102201	孟岭村委会	130.396256	42.783533	0	16	65	乡镇
222401100207	新农村委会	129.572940	42.888780	0	30	72	村庄
222424107200	五人班村委会	129.814820	43.293501	0	25	47	乡镇
222401105005	和平社区	129.308496	42.980015	0	16	65	乡镇
222403400500	松江林场	127.848850	42.834281	1	80	100	UNKNOWN
222406107208	百里村委会	128.788620	42.250280	0	30	72	村庄
222426100234	西北村委会	128.949471	43.308029	0	30	72	村庄
222406402506	龙水林场	129.011001	42.545999	0	12	29	区县
222402101209	下嘎村委会	129.789231	43.081829	0	25	47	乡镇
222404101211	西架山村委会	130.477240	42.646601	0	25	47	乡镇
222403202208	同心村委会	128.428100	43.773049	0	30	72	村庄
222424104210	新田村委会	129.619050	43.205239	0	30	72	村庄
222403108200	大山嘴子村委会	128.602960	43.689329	0	25	55	乡镇
222424200206	公家店村委会	129.865480	43.475970	0	25	43	村庄
222403403510	小牡丹国营林场	128.232000	43.372599	0	10	28	区县
222426101219	小沙河村委会	128.322220	42.575841	0	25	70	乡镇
222403004004	林建社区	128.232000	43.372599	0	10	43	区县
222405201200	白金村委会	129.411040	42.453651	0	25	47	村庄
222424103214	内河村委会	130.348450	43.729570	0	25	70	乡镇
222424101229	前塘村委会	129.466269	43.420012	0	30	72	村庄
222404202203	沙坨子村委会	130.267720	42.803369	0	30	72	村庄
222405102212	鹰岩村委会	129.154210	42.905830	0	25	47	乡镇
222401006009	长海社区	129.515674	42.878880	0	30	58	乡镇
222401102001	参场社区	129.180940	43.237663	0	16	65	乡镇
222403110237	沿江村委会	128.229530	43.363529	0	30	72	村庄
222424100204	夹皮沟村委会	129.764480	43.315221	0	25	70	乡镇
222426400503	宝马林场	128.117400	42.438449	1	80	100	UNKNOWN
222424103202	城子后村委会	130.348450	43.729570	0	25	47	乡镇
222404103001	英义社区（农场）	130.290980	42.888750	0	25	70	乡镇
222405102204	大箕村委会	129.154210	42.905830	0	25	47	乡镇
222404201205	松林村委会	130.600761	42.891739	0	16	65	乡镇
222424100212	西崴子村委会	129.764480	43.315221	0	25	70	乡镇
222403110221	中石桩子村委会	128.262150	43.362061	0	25	43	乡镇
222426100222	城东村委会	128.928679	43.112621	0	30	72	村庄
222424107216	新兴村委会	129.800020	43.272799	0	30	72	村庄
222401100211	仁坪村委会	129.530299	42.917581	0	25	70	乡镇
222403106208	兴农村委会	128.119970	43.168509	0	30	72	村庄
222406401500	仲乡林场	129.011001	42.545999	0	12	29	区县
222403403506	大山林场	128.601084	43.686848	1	80	100	UNKNOWN
222424200210	桦皮甸子村委会	129.865480	43.475970	0	25	47	村庄
222424104206	龙岩村委会	129.545600	43.257759	0	30	72	村庄
222401404498	延边新兴工业集中区虚拟社区	129.514000	42.906800	0	14	29	区县
222404101207	鲁田村委会	130.477240	42.646601	0	25	47	乡镇
222424401508	上河林场	129.634620	43.599211	1	80	95	政府机构
222405100002	南山社区	129.716771	42.706684	0	16	65	乡镇
222405105200	明东村委会	129.434620	42.764688	0	25	47	乡镇
222406003001	文兴社区	129.009411	42.545039	1	80	97	政府机构
222424101213	仲兴村委会	129.658620	43.418800	0	25	47	乡镇
222403108001	江北社区居民委员会	128.232000	43.372599	0	10	25	区县
222404200204	依力村委会	130.456111	42.853190	0	18	40	乡镇
222401105204	德新村委会	129.308496	42.980015	0	16	65	乡镇
222424102203	口山村委会	129.646730	43.586762	0	25	70	乡镇
222426402504	大沙河林场	128.895960	43.115129	1	80	95	政府机构
222403102230	大成村委会	128.489503	43.604196	0	30	72	村庄
222405104201	平安村委会	129.513340	42.826850	0	30	72	村庄
222404100206	下草帽村委会	131.085380	43.191791	0	25	47	乡镇
222401102200	中心村委会	129.180940	43.237663	0	16	47	乡镇
222424105207	新安村委会	129.537400	43.700271	0	30	72	村庄
222403402507	黎明林场	128.232000	43.372599	0	10	21	区县
222404204210	明新村委会	130.492540	42.934571	0	25	70	乡镇
222406400501	荒沟林场	128.603370	42.419709	0	30	72	村庄
222404103216	自兴村委会	130.290980	42.888750	0	25	70	乡镇
222402002004	新兴社区	129.855834	42.963738	1	80	97	政府机构
222401101210	利民村委会	129.490321	43.001229	0	30	72	村庄
222403401517	团山子林场	127.859740	43.947630	1	80	100	UNKNOWN
222405200201	兴隆村委会	129.650560	42.734271	0	30	72	村庄
222426100218	岛兴村委会	128.901180	43.118969	0	25	47	乡镇
222404204206	和平村委会	130.494990	42.940741	0	30	72	村庄
222403402511	沙河源林场	129.102639	43.432721	1	80	100	UNKNOWN
222402001002	兴疆社区	129.838136	42.963670	0	30	72	乡镇
222424105211	大兴村委会	129.482230	43.661290	0	30	72	村庄
222403109201	马号西村委会	128.022619	43.176412	0	25	47	乡镇
222404100210	梨树沟村委会	131.085380	43.191791	0	25	70	乡镇
222403203209	民生村委会	128.010130	43.353700	0	30	72	村庄
222402100208	白龙村委会	129.803272	42.808710	1	80	100	政府机构
222426101235	北道村委会	128.322220	42.575841	0	25	70	乡镇
222426103208	六人沟村委会	128.105800	42.654739	0	25	43	乡镇
222403401501	小白林场	128.081121	43.526047	0	50	68	UNKNOWN
222401101206	大成村委会	129.489280	42.937829	0	30	72	村庄
222424106201	糖厂村委会	130.502580	43.364010	0	25	47	乡镇
222404103200	英安村委会	130.297383	42.884542	1	80	100	政府机构
222405100203	子洞村委会	129.716771	42.706684	0	16	38	乡镇
222405105001	大砬子社区	129.434620	42.764688	0	25	70	乡镇
222424101205	龙水村委会	129.658620	43.418800	0	25	70	乡镇
222404203202	下洼子村委会	130.192110	43.045451	0	30	72	村庄
222403102226	新立村委会	128.387249	43.653022	0	30	72	村庄
222424102215	青沟子村委会	129.646730	43.586762	0	25	70	乡镇
222401105212	龙盛村委会	129.308496	42.980015	0	16	65	乡镇
222403103200	沙河沿村委会	128.445720	43.434271	0	25	70	乡镇
222426104207	仲坪村委会	129.082940	43.069189	0	30	72	村庄
222426101005	白山社区	128.322220	42.575841	0	25	70	乡镇
222426100244	长坪村委会	128.988091	43.110043	0	30	72	村庄
222426200211	大桥村委会	128.499526	42.962216	1	80	100	政府机构
222405001002	六道河社区	129.426774	42.765346	1	80	97	政府机构
222403100210	增益村委会	128.490570	43.308440	0	25	47	乡镇
222403204206	青沟子村委会	128.179760	43.305049	0	25	70	村庄
222403110210	安乐村委会	128.262150	43.362061	0	25	70	乡镇
222401105219	平道村委会	129.315521	42.976639	0	30	72	村庄
222404002001	团结社区	130.366000	42.862802	0	12	44	区县
222426100213	福利村委会	128.697590	43.093230	0	30	72	村庄
222424400514	浪溪林场	130.256290	43.299891	1	80	95	政府机构
222403203202	永富村委会	128.132940	43.361410	0	25	47	村庄
222424107227	长荣村委会	130.085673	43.213059	1	80	95	UNKNOWN
222404001011	龙泉社区	130.405629	42.882055	0	25	55	乡镇
222426120133	滨河社区（滨河）	128.132530	42.449991	0	50	50	工业园区
222403110247	南湖村委会	128.229080	43.363239	0	30	72	村庄
222406106202	上天村委会	129.003400	42.095669	0	25	47	乡镇
222426106001	裕民社区	128.783220	43.191279	0	25	70	乡镇
222403101006	向阳社区	128.027349	43.558501	0	25	70	乡镇
222403104204	唐家店村委会	128.156660	43.497461	0	25	70	乡镇
222426103203	汉阳村委会	128.105800	42.654739	0	25	70	乡镇
222403200212	裕家村委会	128.377000	43.347841	0	25	47	村庄
222402103205	鹤林村委会	130.015210	43.001781	0	30	72	村庄
222403203214	富裕村委会	128.132940	43.361410	0	25	70	村庄
222424400502	沙金沟林场	130.256290	43.299891	1	80	95	政府机构
222403107202	鑫源村委会	128.028830	42.880561	0	25	47	乡镇
222426100205	安坪村委会	128.901180	43.118969	0	25	70	乡镇
222406105204	明新村委会	129.325510	42.746429	0	25	70	乡镇
222401003001	民平社区	129.514000	42.906800	0	14	46	区县
222404001007	大唐社区	130.405629	42.882055	0	25	55	乡镇
222424104221	安田村委会	129.611335	43.264408	0	30	47	村庄
222403200204	兴发村委会	128.409551	43.392109	0	30	72	村庄
222426101228	东南村委会	128.353870	42.650128	0	30	72	村庄
222403110251	平安屯村委会	128.262150	43.362061	0	25	70	乡镇
222424013002	长荣社区居民委员会	130.085673	43.213059	1	80	92	UNKNOWN
222401004005	园校社区	129.514000	42.906800	0	14	46	区县
222424101218	南阳村委会	129.586419	43.435011	0	30	72	村庄
222426200207	青沟子村委会	128.522660	42.958059	0	25	70	村庄
222403103216	下沟村委会	128.445720	43.434271	0	25	70	乡镇
222405002004	前进社区	129.426000	42.765899	0	12	44	区县
222402101003	石盛社区	129.789231	43.081829	0	25	70	乡镇
222403110206	吉祥村委会	128.264379	43.295762	0	30	72	村庄
222424102208	天山村委会	129.615566	43.618339	1	80	100	政府机构
222401400501	烟集造林场	129.514000	42.906800	0	14	32	区县
222403204210	西黄泥河村委会	128.045391	43.263189	0	30	72	村庄
222403100206	二道河子村委会	128.490570	43.308440	0	25	70	乡镇
222406102200	延安村委会	129.209290	42.755769	0	25	47	乡镇
222406107215	大成村委会	128.972230	42.541570	0	30	72	村庄
222426100229	永胜村委会	128.795120	42.958891	0	30	72	村庄
222403105213	新集村委会	128.157480	43.748741	0	25	70	乡镇
222403201205	自安村委会	128.205099	43.620521	0	25	70	村庄
222406104205	车场村委会	129.212860	42.265910	0	25	55	乡镇
222403103001	原种场社区	128.445720	43.434271	0	25	70	乡镇
222403106203	荣兴村委会	128.143920	43.250231	0	25	70	乡镇
222426101204	盘道村委会	128.322220	42.575841	0	25	70	乡镇
222424401503	八人沟林场	129.634620	43.599211	1	80	94	政府机构
222403102240	官地南村委会	128.418820	43.564799	0	25	55	乡镇
222402102204	长青村委会	129.673980	43.037529	0	30	72	村庄
222401001010	文汇社区	129.517515	42.918438	0	25	55	乡镇
222405400505	三合林场	129.741921	42.480194	1	80	100	UNKNOWN
222406103201	二道村委会	129.095790	42.697321	0	25	70	乡镇
222403101207	五人班前屯村委会	127.993161	43.513204	0	30	72	村庄
222426106200	亮兵村委会	128.783220	43.191279	0	25	47	乡镇
222424103209	上河村委会	130.273881	43.799279	0	30	72	村庄
222424101234	大石村委会	129.293190	43.443501	0	30	72	村庄
222426105210	新兴村委会	128.324139	42.875091	0	30	72	村庄
222403102217	福兴村委会	128.418820	43.564799	0	25	70	乡镇
222426201206	清山村委会	128.259579	42.725611	0	25	70	村庄
222401005004	晨光社区	129.514000	42.906800	0	14	46	区县
222424012003	东振社区	129.771000	43.312801	0	12	34	区县
222424101222	永安村委会	129.494920	43.470049	0	30	72	村庄
222403101211	新开道村委会	128.027349	43.558501	0	25	47	乡镇
222405102219	文化村委会	129.128590	42.815339	0	30	72	村庄
222401006002	延华社区	129.515674	42.878880	0	30	58	乡镇
222404400500	青龙台林场	130.369928	42.885252	1	80	95	政府机构
222426101245	金山村委会	128.436730	42.488171	0	30	72	村庄
222426201210	江湾村委会	128.259579	42.725611	0	25	70	村庄
222403102201	石塘村委会	128.459190	43.582380	0	30	72	村庄
222426105206	马趟岭村委会	128.129630	42.903010	0	30	58	村庄
222426400508	东方红林场	128.117400	42.438449	1	80	97	政府机构
222401005012	白山社区	129.514000	42.906800	0	14	46	区县
222403201213	黄花松村委会	128.205099	43.620521	0	25	43	村庄
222424402505	岭东林场	129.682115	43.469850	0	18	66	乡镇
222403100007	南林社区	128.490570	43.308440	0	25	70	乡镇
222403105205	中心村委会	128.139500	43.731691	0	30	72	村庄
222426102202	长胜村委会	128.125180	42.498289	0	30	72	村庄
222406102001	江北社区	129.209290	42.755769	0	25	70	乡镇
222406107203	和南村委会	129.014951	42.552749	0	25	70	乡镇
222402101202	河北村委会	129.773878	43.100915	1	80	100	政府机构
222403202203	林江村委会	128.385277	43.852463	0	16	38	乡镇
222426101212	永丰村委会	128.343850	42.582930	0	30	72	村庄
222401001006	安阳社区	129.517515	42.918438	0	25	55	乡镇
222402102212	碧水村委会	129.676310	43.029649	0	25	70	乡镇
222403002006	民和社区	128.218090	43.361190	1	80	100	政府机构
222401105215	仲坪村委会	129.384880	42.915589	0	30	72	村庄
222424102212	东新村委会	129.721560	43.689720	0	30	72	地产小区
222403102221	会民村委会	128.418820	43.564799	0	25	47	乡镇
222404203205	东新村委会	130.239759	43.008511	0	30	72	地产小区
222405100204	爱民村委会	129.771170	42.690531	0	30	72	村庄
222424101202	河西村委会	129.654910	43.410211	0	30	72	村庄
222426401505	长兴林场	128.992769	42.360291	1	80	100	UNKNOWN
222405102002	烽火社区	129.154210	42.905830	0	25	70	乡镇
222424106206	一道村委会	130.502580	43.364010	0	25	47	乡镇
222401101201	春兴村委会	129.492560	42.958869	0	25	70	乡镇
222404103207	大荒沟村委会	130.290980	42.888750	0	25	47	乡镇
222426101232	旭阳村委会	128.322220	42.575841	0	25	47	乡镇
222403104208	双发村委会	128.156660	43.497461	0	25	47	乡镇
222403401506	秃顶子林场	128.624630	43.881682	1	80	100	UNKNOWN
222405200206	英东村委会	129.633208	42.771575	0	16	38	村庄
222403109206	四道荒沟村委会	128.022619	43.176412	0	25	55	乡镇
222424105216	骆驼山村委会	129.547896	43.647623	1	80	100	政府机构
222402001005	兴城社区	129.838136	42.963670	0	30	58	乡镇
222404100217	河东村委会	130.992110	43.042309	0	30	72	村庄
222406400510	红旗河林场	128.791580	42.248170	1	80	100	UNKNOWN
222404204201	一松亭村委会	130.612669	42.978240	1	80	95	UNKNOWN
222403401510	都陵林场	128.313270	43.918111	1	80	100	UNKNOWN
222426101224	辛平岭村委会	128.322220	42.575841	0	25	55	乡镇
222403200208	解放村委会	128.337130	43.318791	0	30	72	村庄
222404103211	靖边村委会	130.290980	42.888750	0	25	70	乡镇
222402002003	新民社区	129.855834	42.963738	1	80	97	政府机构
222402103209	石头村委会	130.026090	43.044299	0	30	72	村庄
222405104206	石井村委会	129.528008	42.792213	0	18	49	乡镇
222401401598	东山农场虚拟生活区	129.514000	42.906800	0	14	32	区县
222404060261	支边村委会	130.386331	42.835219	1	80	97	政府机构
222403402500	刘生店林场	128.232000	43.372599	0	10	21	区县
222404204217	青山村委会	130.759391	42.984838	0	30	72	村庄
222406400506	马鹿沟林场	128.501530	42.203041	1	80	100	UNKNOWN
222404100201	东兴镇村委会	130.366000	42.862802	0	12	29	区县
222424105200	春阳村委会	129.440526	43.702826	1	80	100	政府机构
222403109210	寒葱沟村委会	128.027075	43.131887	1	80	100	政府机构
222401102207	支边村委会	129.262499	43.295457	1	80	100	政府机构
222405103202	鹤栖村委会	129.742750	42.478909	0	25	47	乡镇
222403002010	凌武社区	128.232000	43.372599	0	10	43	区县
222426402503	东清林场	128.895960	43.115129	1	80	95	政府机构
222403102237	大甸子村委会	128.418820	43.564799	0	25	70	乡镇
222424102204	桃源村委会	129.579649	43.568341	0	30	72	餐饮
222401105203	光石村委会	129.308496	42.980015	0	16	38	乡镇
222401004009	园纺社区	129.514000	42.906800	0	14	46	区县
222404200203	南山村委会	130.457790	42.849309	0	30	72	村庄
222424101214	柳亭村委会	129.658620	43.418800	0	25	70	乡镇
222424104201	高城村委会	129.610201	43.262239	0	25	70	乡镇
222403108211	烧锅屯村委会	128.602960	43.689329	0	25	70	乡镇
222404101200	二道泡村委会	130.497770	42.642360	0	50	73	UNKNOWN
222406401507	荒沟林场	129.115570	42.671991	1	80	95	政府机构
222426101208	四合村委会	128.322220	42.575841	0	25	70	乡镇
222406104209	高岭村委会	129.248430	42.466619	0	30	72	村庄
222403403501	牡丹岗国营林场	128.164785	43.559448	1	80	95	政府机构
222405105207	龙南村委会	129.434620	42.764688	0	25	70	乡镇
222402102208	广兴村委会	129.676310	43.029649	0	25	70	乡镇
222402003002	富民社区	129.840920	42.972495	1	80	97	政府机构
222424107211	城墙村委会	129.814820	43.293501	0	25	70	乡镇
222403201209	耕读村委会	128.202990	43.607068	1	80	100	政府机构
222426100225	丰兴村委会	128.972943	43.135707	1	80	100	政府机构
222403400511	柳树河林场	128.758960	43.395120	1	80	100	UNKNOWN
222406107219	五明村委会	129.014951	42.552749	0	25	47	乡镇
222403110226	柳树沟村委会	128.262150	43.362061	0	25	70	乡镇
222404201202	红旗河村委会	130.600761	42.891739	0	16	38	乡镇
222401005008	白菊社区	129.514000	42.906800	0	14	46	区县
222424103205	常青村委会	130.348450	43.729570	0	25	70	乡镇
222405102203	龙水村委会	129.154210	42.905830	0	25	70	乡镇
222404060060	宝安社区	130.386331	42.835219	1	80	97	政府机构
222426400504	劲松林场	128.117400	42.438449	1	80	97	政府机构
222424100203	河北村委会	129.658910	43.424840	0	30	72	村庄
222403110230	高松树村委会	128.262150	43.362061	0	25	70	乡镇
222424105001	春阳镇中社区	129.449930	43.710340	0	25	70	乡镇
222403103220	路家村委会	128.400200	43.456880	0	30	72	村庄
222404202204	西崴子村委会	130.308639	42.838181	0	25	70	乡镇
222424106011	金苍社区居委会	130.502580	43.364010	0	25	70	乡镇
222424103213	西河村委会	130.348450	43.729570	0	25	70	乡镇
222406001001	爱民社区	129.006480	42.539610	0	50	58	乡镇
222405102215	铜尚村委会	129.154210	42.905830	0	25	47	乡镇
222403003007	文化社区	128.232000	43.372599	0	10	43	区县
222424200201	鸡鸣村委会	129.866530	43.476510	0	30	72	村庄
222406401511	庙岭林场	129.115570	42.671991	1	80	95	政府机构
222403108207	湖北村委会	128.602960	43.689329	0	25	70	乡镇
222424104217	南城村委会	129.612421	43.256349	0	30	72	村庄
222405105211	龙明村委会	129.434620	42.764688	0	25	47	乡镇
222403004003	江东社区	128.232000	43.372599	0	10	43	区县
222403400507	浪柴河林场	127.883865	42.770689	0	50	82	UNKNOWN
222406402501	长兴林场	128.992769	42.360291	1	80	100	UNKNOWN
222426100233	二青村委会	128.901180	43.118969	0	25	43	乡镇
222403105209	五道沟村委会	128.017591	44.049038	0	12	63	乡镇
222404102206	东兴村委会	130.396256	42.783533	0	16	65	乡镇
222424402509	档树河林场	129.682115	43.469850	0	18	66	乡镇
222401105002	文化社区	129.308496	42.980015	0	16	65	乡镇
222424107207	金城村委会	129.814820	43.293501	0	25	70	乡镇
222401100200	小营村委会	129.584490	42.919262	0	30	72	村庄
222424404598	八人沟农场虚拟生活区	129.859871	43.864839	1	80	95	UNKNOWN
222403105208	新民村委会	128.271770	43.699091	0	30	72	村庄
222426100232	长兴村委会	128.946570	43.184499	0	30	72	村庄
222406402500	源水林场	128.965810	42.297529	1	80	100	UNKNOWN
222424402508	红石林场	129.682115	43.469850	0	18	49	乡镇
222401105003	春光社区	129.308496	42.980015	0	16	65	乡镇
222401100201	光进村委会	129.530299	42.917581	0	25	47	乡镇
222424107206	西大坡村委会	129.814820	43.293501	0	25	70	乡镇
222424200200	鸡冠村委会	129.868480	43.476630	0	30	72	村庄
222406401510	泉水洞林场	129.115570	42.671991	1	80	95	政府机构
222424104216	正阳村委会	129.610201	43.262239	0	25	70	乡镇
222403108206	湖东村委会	128.602960	43.689329	0	25	70	乡镇
222405105210	龙江村委会	129.405059	42.760741	0	30	72	村庄
222404202205	古城村委会	130.263840	42.821580	0	30	72	村庄
222403103221	凉水泉子村委会	128.445720	43.434271	0	25	47	乡镇
222424103212	三道河子村委会	130.348450	43.729570	0	25	70	乡镇
222405102214	铜心村委会	129.154210	42.905830	0	25	47	乡镇
222403003006	城西社区	128.232000	43.372599	0	10	43	区县
222426400505	红石林场	128.117400	42.438449	1	80	95	政府机构
222403110231	北小石河村委会	128.252980	43.384111	0	30	72	村庄
222424100202	大川村委会	129.775102	43.321741	0	30	72	村庄
222424103204	下河村委会	130.348450	43.729570	0	25	70	乡镇
222405102202	桃源村委会	129.116800	42.922211	0	30	72	餐饮
222403110227	长益村委会	128.262150	43.362061	0	25	47	乡镇
222404201203	烟筒砬子村委会	130.600761	42.891739	0	16	38	乡镇
222401005009	白新社区	129.514000	42.906800	0	14	46	区县
222424107210	东林村委会	129.912450	43.283549	0	30	72	村庄
222402003003	富强社区	129.840920	42.972495	1	80	97	政府机构
222403201208	长福村委会	128.205099	43.620521	0	25	70	村庄
222406107218	水南村委会	129.060540	42.629830	0	30	72	村庄
222403400510	建设林场	127.860480	42.941650	1	80	100	UNKNOWN
222403108210	张家窑村委会	128.602960	43.689329	0	25	70	乡镇
222424104200	仲坪村委会	129.551990	43.246269	0	30	72	村庄
222404101201	金塘村委会	130.510780	42.649939	0	30	72	村庄
222406401506	三道林场	129.115570	42.671991	1	80	95	政府机构
222426101209	营林村委会	128.339650	42.498230	0	30	72	村庄
222403403500	太平林场	128.442740	43.240375	1	80	100	UNKNOWN
222406104208	芦果村委会	129.176194	42.191489	1	80	95	UNKNOWN
222405105206	吉兴村委会	129.434620	42.764688	0	25	70	乡镇
222405100004	开山社区	129.716771	42.706684	0	16	65	乡镇
222402102209	广济村委会	129.676310	43.029649	0	25	70	乡镇
222401004008	园航社区	129.514000	42.906800	0	14	46	区县
222403001001	红旗社区	128.232000	43.372599	0	10	43	区县
222404200202	马新村委会	130.456111	42.853190	0	18	40	乡镇
222424101215	和信村委会	129.658620	43.418800	0	25	47	乡镇
222405103203	富裕村委会	129.742750	42.478909	0	25	70	乡镇
222426402502	福满林场	128.895960	43.115129	1	80	97	政府机构
222403102236	滴达嘴村委会	128.418820	43.564799	0	25	47	乡镇
222401105202	太东村委会	129.308496	42.980015	0	16	38	乡镇
222424102205	天宁村委会	129.646730	43.586762	0	25	47	乡镇
222402103208	庆荣村委会	130.010279	43.001791	0	25	47	乡镇
222405104207	龙河村委会	129.528008	42.792213	0	18	49	乡镇
222404060260	太阳村委会	130.386331	42.835219	1	80	95	政府机构
222403402501	大石头林场	128.232000	43.372599	0	10	21	区县
222404204216	柳树河子村委会	130.755350	42.974689	1	80	100	政府机构
222426100208	大砬子村委会	128.953650	43.134939	0	30	72	村庄
222406400507	大满沟林场	129.006208	42.545825	1	75	92	政府机构
222404100200	西土门子村委会	131.081730	43.197041	0	30	58	村庄
222403109211	二合店村委会	128.022619	43.176412	0	25	70	乡镇
222401102206	屯田村委会	129.180940	43.237663	0	16	65	乡镇
222424105201	春光村委会	129.444630	43.715849	0	30	72	村庄
222426120128	高峰社区（美人松）	128.132530	42.449991	0	50	50	工业园区
222403401511	上马厂林场	128.081121	43.526047	0	50	65	UNKNOWN
222426101225	茂朱村委会	128.322220	42.575841	0	25	47	乡镇
222404103210	新明村委会	130.290980	42.888750	0	25	70	乡镇
222403200209	义和村委会	128.358695	43.300148	0	80	72	村庄
222402002002	新安社区	129.855834	42.963738	1	80	97	政府机构
222402001004	兴安社区	129.838136	42.963670	0	30	58	乡镇
222424105217	下大川村委会	129.449930	43.710340	0	25	55	乡镇
222403109207	延发村委会	128.022619	43.176412	0	25	47	乡镇
222404100216	官道沟村委会	131.085380	43.191791	0	25	70	乡镇
222404204200	中心村委会	130.491197	42.932160	0	30	72	村庄
222406107222	太阳村委会	129.014951	42.552749	0	25	70	乡镇
222405102003	元宝社区	129.154210	42.905830	0	25	70	乡镇
222426198001	兴华社区	128.899000	43.111699	0	12	44	区县
222401101200	九龙村委会	129.492560	42.958869	0	25	70	乡镇
222424106207	四道村委会	130.502580	43.364010	0	25	47	乡镇
222404103206	里化村委会	130.290980	42.888750	0	25	70	乡镇
222426101233	三道村委会	128.322220	42.575841	0	25	70	乡镇
222403401507	大川林场	127.935731	43.480389	1	80	100	UNKNOWN
222424101203	河北村委会	129.658910	43.424840	0	30	72	村庄
222424104001	闹枝社区	129.610201	43.262239	0	25	70	乡镇
222426100249	水西村委会	128.966727	43.258596	0	30	72	村庄
222426401504	岛安林场	128.983940	43.263651	1	80	100	UNKNOWN
222403002007	文苑社区	128.232000	43.372599	0	10	43	区县
222424102213	鱼亮子村委会	129.646730	43.586762	0	25	70	乡镇
222401105214	横道村委会	129.349109	42.949501	0	30	72	村庄
222404203204	三安村委会	130.220586	43.079557	0	16	65	村庄
222403102220	新胜村委会	128.398040	43.592500	0	30	72	村庄
222403202202	凤凰店村委会	128.277445	43.763097	1	80	100	政府机构
222424401514	新华林场	129.634620	43.599211	1	80	97	政府机构
222426101213	东风村委会	128.333030	42.584591	0	30	72	村庄
222401001007	旭阳社区	129.517515	42.918438	0	25	55	乡镇
222404003001	矿泉社区	130.377830	42.867300	1	80	97	政府机构
222424402504	北青沟林场	129.682115	43.469850	0	18	49	乡镇
222403201212	幸福村委会	128.322390	43.656491	0	30	72	村庄
222403100006	东林社区	128.506252	43.295918	1	80	100	地产小区
222426102203	铁北村委会	128.111075	42.313400	0	14	64	乡镇
222403105204	十里堡村委会	128.157480	43.748741	0	25	70	乡镇
222406107202	泉水村委会	128.999160	42.496110	0	30	72	村庄
222404400501	春化林场	130.369928	42.885252	1	80	97	政府机构
222426201211	柳树村委会	128.259579	42.725611	0	25	70	村庄
222426101244	增谊村委会	128.322220	42.575841	0	25	47	乡镇
222426105207	永富村委会	128.326449	42.873951	0	25	47	乡镇
222403102200	北河沿村委会	128.418820	43.564799	0	25	70	乡镇
222426400509	光明林场	128.117400	42.438449	1	80	97	政府机构
222424101223	复安村委会	129.658620	43.418800	0	25	47	乡镇
222403101210	团山子村委会	128.080210	43.555331	0	30	72	村庄
222424011004	南山社区	129.771000	43.312801	0	12	29	区县
222405102218	泗水村委会	129.154210	42.905830	0	25	70	乡镇
222401006003	延青社区	129.515674	42.878880	0	30	72	乡镇
222403102216	杨木村委会	128.418820	43.564799	0	25	70	乡镇
222426105211	江源村委会	128.326449	42.873951	0	25	70	乡镇
222426201207	富强村委会	128.254810	42.724120	0	30	72	村庄
222401005005	春光社区	129.514000	42.906800	0	14	46	区县
222424012002	新华社区	129.771000	43.312801	0	12	34	区县
222406103200	金达莱村委会	129.095790	42.697321	0	25	47	乡镇
222426106201	南沟村委会	128.679219	43.244791	0	30	72	村庄
222403101206	五人班村委会	128.000253	43.520062	0	30	58	村庄
222424103208	永胜村委会	130.274381	43.829069	0	30	72	村庄
222424402400	林业局居委会	129.682115	43.469850	0	18	49	乡镇
222406104204	柳洞村委会	129.212860	42.265910	0	25	70	乡镇
222426101205	黄泥村委会	128.353519	42.528723	0	30	72	村庄
222403106202	城山子村委会	128.143920	43.250231	0	25	55	乡镇
222424401502	响水林场	129.634620	43.599211	1	80	97	政府机构
222403102241	官地北村委会	128.418820	43.564799	0	25	55	乡镇
222401001011	文新社区	129.517515	42.918438	0	25	55	乡镇
222402102205	兴家村委会	129.676310	43.029649	0	25	70	乡镇
222405400504	智新林场	129.571915	42.642445	1	80	100	UNKNOWN
222406107214	工农村委会	128.952210	42.515188	0	30	72	村庄
222403105212	黎明村委会	128.192850	43.726051	0	30	72	村庄
222426100228	龙泉村委会	128.826915	43.104875	0	30	72	村庄
222403201204	苏子河村委会	128.205099	43.620521	0	25	47	村庄
222401002001	丹延社区	129.514000	42.906800	0	14	46	区县
222424102209	椴树背村委会	129.646730	43.586762	0	25	47	乡镇
222403110207	东吉祥村委会	128.262150	43.362061	0	25	55	乡镇
222401400500	依兰林场	129.315320	43.243828	1	80	100	UNKNOWN
222403204211	大兴川村委会	128.179760	43.305049	0	25	43	村庄
222403100207	三道河子村委会	128.490570	43.308440	0	25	70	乡镇
222406102201	明星村委会	129.174490	42.723471	0	30	72	村庄
222401004004	园辉社区	129.514000	42.906800	0	14	46	区县
222424101219	上村村委会	129.658620	43.418800	0	25	70	乡镇
222426200206	曙光村委会	128.568430	42.981151	0	30	72	村庄
222403103217	一号山村委会	128.372380	43.439318	0	30	58	村庄
222405002005	北新社区	129.426000	42.765899	0	12	44	区县
222404001006	希望社区	130.405629	42.882055	0	25	55	乡镇
222424104220	卧龙村委会	129.610201	43.262239	0	25	70	乡镇
222403200205	河沿村委会	128.377000	43.347841	0	25	70	村庄
222426101229	山后村委会	128.322220	42.575841	0	25	70	乡镇
222426120124	银河社区（美人松）	128.132530	42.449991	0	50	50	工业园区
222402103204	迎花村委会	130.010279	43.001791	0	25	47	乡镇
222424107230	满河村委会	129.814820	43.293501	0	25	47	乡镇
222424400503	塔子沟林场	130.256290	43.299891	1	80	95	政府机构
222403203215	友好村委会	128.127570	43.392370	0	30	72	村庄
222403102001	繁荣社区	128.418820	43.564799	0	25	70	乡镇
222426100204	河西村委会	128.900220	43.103719	0	30	72	村庄
222403107203	柳树河村委会	128.028830	42.880561	0	25	70	乡镇
222406105205	普城村委会	129.325510	42.746429	0	25	70	乡镇
222404001010	林园社区	130.405629	42.882055	0	25	55	乡镇
222402100202	杰满村委会	129.830620	42.885621	0	25	47	乡镇
222406103001	新城居委会	129.095790	42.697321	0	25	70	乡镇
222403110246	南官屯村委会	128.262150	43.362061	0	25	47	乡镇
222406106203	竹林村委会	129.071910	42.198139	0	30	72	村庄
222426120132	光明社区（滨河）	128.132530	42.449991	0	50	50	工业园区
222426103202	西江村委会	128.093629	42.649431	0	30	72	村庄
222403104205	富河村委会	128.156660	43.497461	0	25	47	乡镇
222403200213	裕家上村委会	128.377000	43.347841	0	25	55	村庄
222403203203	孤山子村委会	128.365171	43.467272	1	80	100	政府机构
222424400515	亲和种子园	130.256290	43.299891	1	80	95	政府机构
222424107226	苍林村委会	129.814820	43.293501	0	25	70	乡镇
222405001003	吉明社区	129.426774	42.765346	1	80	97	政府机构
222403100211	长胜村委会	128.521410	43.354400	0	30	72	村庄
222403204207	大岗村委会	128.179760	43.305049	0	25	70	村庄
222403110211	六顶山村委会	128.225131	43.321579	0	60	80	UNKNOWN
222401105218	长胜村委会	129.313961	43.074269	0	30	72	村庄
222401004012	恒润社区	129.514000	42.906800	0	14	46	区县
222426104206	榆树川村委会	129.090390	42.986860	0	30	72	村庄
222403103201	团结村委会	128.448410	43.432711	0	30	72	村庄
222426200210	寒葱沟村委会	128.582373	42.957349	1	80	100	政府机构
222426100245	丰产村委会	128.987915	43.137818	1	80	100	政府机构
