230231200205	卫东村民委员会	126.093560	47.400641	0	30	72	村庄
230231104213	同乐村民委员会	125.995599	47.396921	0	30	72	村庄
230227201203	立新村民委员会	124.974710	47.546912	0	30	72	地产小区
230231210205	跃先村民委员会	125.807319	47.545242	0	25	55	村庄
230230204202	山河村民委员会	126.518269	47.819572	0	30	72	村庄
230229203207	新生村村民委员会	125.929849	48.199652	0	30	72	村庄
230206200205	库勒村村委员会	123.634920	47.204101	0	25	55	村庄
230223207202	长福村民委员会	125.025651	48.029830	0	30	72	村庄
230208105207	哈力村民委员会	123.758879	47.312782	0	25	55	乡镇
230281108204	兴隆村村民委员会	125.150699	48.121872	0	30	72	村庄
230230103204	春和村民委员会	126.451790	48.088672	0	25	55	乡镇
230229104201	新兴村村民委员会	125.679042	48.240039	0	30	72	村庄
230227101201	来克村民委员会	124.663989	47.640332	0	25	55	乡镇
230231100207	新胜村民委员会	126.083051	47.545209	0	30	72	村庄
230205101209	后五家子满族村民委员会	123.747563	47.159700	0	16	47	乡镇
230208102203	岗子村民委员会	124.003309	47.570782	0	25	55	乡镇
230229103205	新隆村村民委员会	125.817029	48.009830	0	30	72	村庄
230230101002	兴华社区居民委员会	126.220070	48.167272	0	25	47	乡镇
230230104200	光辉村民委员会	126.165507	47.991238	0	16	65	乡镇
230221102209	新城村民委员会	122.696320	47.548891	0	30	72	村庄
230204004004	鹤乡社区居民委员会	123.978001	47.340799	0	16	33	区县
230229204203	东胜村村民委员会	125.855770	48.094662	0	30	72	村庄
230223104210	民乐村民委员会	125.325690	47.770012	0	30	72	村庄
230223200206	兴温村民委员会	125.549300	47.415871	0	25	70	村庄
230281208206	祥乐村村民委员会	125.100499	48.251437	0	16	47	村庄
230231214207	安福村民委员会	125.987040	47.561602	0	30	72	村庄
230231204207	中和村民委员会	126.027820	47.670261	0	30	72	村庄
230223203200	新里村民委员会	125.474270	47.838240	0	25	55	村庄
230281111208	利民村村民委员会	124.914140	48.634481	0	30	72	村庄
230229207205	同庆村村民委员会	125.515760	48.327312	0	30	72	村庄
230231209209	长荣村民委员会	125.855240	47.629472	0	25	55	村庄
230208101205	东风村民委员会	123.828130	47.453642	0	30	72	村庄
230231103201	裕民村民委员会	125.603350	47.730440	0	30	72	村庄
230227102207	宏生村民委员会	124.861340	47.873041	0	25	55	乡镇
230281102218	长兴村村民委员会	124.813411	48.558139	0	30	72	村庄
230224209201	雄壮村民委员会	123.728300	46.289438	0	25	70	乡镇
230281208210	巨和村村民委员会	125.196350	48.302802	0	30	72	村庄
230229105001	镇直第一居民委员会	125.571479	48.076662	0	25	55	乡镇
230223104206	平等村民委员会	125.335489	47.692141	0	25	55	乡镇
230231104205	朝阳村民委员会	126.017050	47.414459	0	30	72	村庄
230206008001	甲区社区居民委员会	123.659174	47.212819	1	80	95	政府机构
230227105203	理建村民委员会	124.186503	47.502615	0	14	64	乡镇
230227100001	富裕县富裕镇老窖社区	124.474810	47.801472	0	25	70	乡镇
230230100202	致富村民委员会	126.276734	48.041595	0	18	49	乡镇
230223103202	东安村民委员会	125.004780	47.607990	0	30	72	村庄
230230204214	东兴村民委员会	126.410889	47.830852	0	25	55	村庄
230227202205	农乐村民委员会	124.840678	47.961808	0	16	47	村庄
230203007009	文宾社区居民委员会	123.934055	47.365782	1	80	94	政府机构
230231203203	永丰村民委员会	126.222139	47.657642	0	30	72	村庄
230281582598	孔国乡进化种猪场虚拟生活区	124.975971	48.482188	1	80	95	UNKNOWN
230229210201	丰胜村村民委员会	125.723428	48.374723	0	30	72	村庄
230230103212	新家村民委员会	126.557971	48.133069	0	30	72	村庄
230223204204	巨宝村民委员会	125.477321	47.902489	0	25	55	村庄
230229200201	二河村村民委员会	125.952081	47.989540	0	30	72	村庄
230223105207	创造村民委员会	124.986690	47.736450	0	30	72	村庄
230230202211	永胜村民委员会	126.397940	47.947572	0	30	72	村庄
230223100005	新街社区	125.316910	47.878990	0	18	66	乡镇
230229101202	工农村村民委员会	125.756910	48.457481	0	30	72	村庄
230227103206	永生村民委员会	124.538350	47.958682	0	25	55	乡镇
230281001003	卫东社区居民委员会	124.904735	48.472758	0	25	43	乡镇
230231102200	众兴村民委员会	125.967110	47.796270	0	25	55	乡镇
230208501502	哈拉海农场第二管理区	123.614750	47.631549	1	70	92	UNKNOWN
230281110209	光芒村村民委员会	125.434540	48.389022	0	30	72	村庄
230229206204	平安村村民委员会	125.267880	48.185252	0	30	72	村庄
230223202201	精进村民委员会	125.497170	47.765352	0	25	70	村庄
230225201209	人民村民委员会	123.551271	47.743920	0	30	72	村庄
230229500504	克山农场第四管理区	125.363142	48.299400	0	16	65	乡镇
230231101210	和乐村民委员会	126.423290	47.500880	0	30	72	村庄
230223101213	平山村民委员会	125.279460	47.401441	0	30	72	村庄
230206202202	洪河村村委员会	123.610411	47.123519	0	30	72	村庄
230223205205	建明村民委员会	125.377778	47.983190	0	16	47	村庄
230204001007	南花园社区居民委员会	123.986650	47.338190	1	80	94	政府机构
230227501402	繁荣场直社区	124.569231	47.461830	1	80	95	UNKNOWN
230227203204	宁年村民委员会	124.323712	47.774838	0	14	64	乡镇
230231212202	新士村民委员会	125.725850	47.377460	0	25	70	村庄
230223102203	福地村民委员会	125.603590	47.558770	0	25	55	乡镇
230230101203	丰平村民委员会	126.220070	48.167272	0	25	55	乡镇
230229106206	中心村村民委员会	125.807109	47.921602	0	30	72	村庄
230227104202	东风村民委员会	124.483129	47.576082	0	30	72	村庄
230224581598	第二良种场虚拟生活区	124.955440	47.760692	1	80	95	UNKNOWN
230231100006	通泉社区居民委员会	126.087790	47.607411	0	25	47	乡镇
230231105204	复兴村民委员会	126.442180	47.619090	0	30	72	村庄
230230102205	长胜村民委员会	126.312000	47.837930	0	30	72	村庄
230229100002	远东社区居民委会	125.883381	48.032592	1	80	92	地产小区
230229105200	和平村村民委员会	125.564010	47.972332	0	30	72	村庄
230281109205	新合村村民委员会	124.688751	48.165660	0	30	72	村庄
230223101205	德玉村民委员会	125.367900	47.476101	0	25	55	乡镇
230208104206	永长村民委员会	123.686870	47.451040	0	25	70	乡镇
230227203212	勤联村民委员会	124.576210	47.764379	0	30	72	村庄
230231106202	新立村民委员会	125.827261	47.508000	0	30	72	村庄
230225580508	双河农场第九生产队	123.759350	47.856302	1	80	97	UNKNOWN
230229106210	赤心村村民委员会	125.812670	47.886672	0	30	72	村庄
230230101215	文昌村民委员会	126.220070	48.167272	0	25	55	乡镇
230223206203	建荣村民委员会	125.252820	48.007811	0	30	72	村庄
230227200202	万发村民委员会	124.632811	47.397829	0	25	55	村庄
230231201204	整理村民委员会	126.233096	47.543821	0	16	65	村庄
230227501506	繁荣种畜场第五管理区	124.569231	47.461830	1	80	97	UNKNOWN
230223201207	双龙村民委员会	125.565730	47.651612	0	30	72	村庄
230229205202	六合村村民委员会	125.392268	48.098956	0	30	72	村庄
230230202207	忠信村民委员会	126.332239	47.960445	0	16	47	村庄
230223105211	东南村民委员会	124.999877	47.744132	0	16	47	乡镇
230231206200	大众村民委员会	125.875580	47.794781	0	30	72	村庄
230221103208	红胜村民委员会	122.981070	47.304901	0	30	72	村庄
230230100003	庆祥社区居民委员会	126.276734	48.041595	0	18	40	乡镇
230229102204	自治村村民委员会	125.468951	48.125140	0	30	72	村庄
230208103202	丰宝村民委员会	123.828829	47.525222	0	25	70	乡镇
230231101206	群心村民委员会	126.404719	47.421442	0	25	55	地产小区
230281002005	祥鸿社区居民委员会	124.876781	48.481509	1	80	94	政府机构
230227100200	杨屯村民委员会	124.474810	47.801472	0	25	55	乡镇
230224404598	东方红机械林场虚拟生活区	123.443771	46.454262	1	80	93	UNKNOWN
230225103200	同盟村民委员会	124.295620	48.029771	0	30	72	村庄
230203007013	明月社区居民委员会	123.934055	47.365782	1	80	94	政府机构
230221100003	福龙社区居民委员会	123.184490	47.331910	0	25	47	乡镇
230221105201	东六九村民委员会	123.025679	46.886516	0	14	46	乡镇
230224107207	保安村民委员会	123.283890	46.532090	0	30	72	村庄
230230103208	前进村民委员会	126.425010	48.142560	0	30	72	村庄
230281108208	康宁村村民委员会	124.956870	48.086832	0	30	72	村庄
230206006005	国宝社区居民委员会	123.606218	47.208722	0	30	47	乡镇
230225100210	边疆村民委员会	123.504890	47.913771	0	25	55	乡镇
230231200209	光复村民委员会	126.158059	47.441522	0	25	55	村庄
230225204206	泉眼村民委员会	123.953809	48.130402	0	25	55	村庄
230281105206	向荣村村民委员会	125.256060	48.383111	0	30	72	村庄
230224200201	三合村民委员会	123.617190	46.457908	0	25	55	乡镇
230281201210	满仓村村民委员会	125.037220	48.576931	0	30	72	村庄
230206001001	华孚社区居民委员会	123.651959	47.204091	1	80	94	政府机构
230231209213	永兴村民委员会	125.687110	47.662822	0	30	72	村庄
230225203202	新建村民委员会	123.722710	48.086761	0	30	72	村庄
230281102202	鲜兴村村民委员会	124.705740	48.458160	0	30	72	村庄
230221101215	金山东村民委员会	123.034330	47.081661	0	25	47	乡镇
230221215203	四撮房村民委员会	123.053024	47.478153	0	16	47	村庄
230204500402	齐齐哈尔场直社区	124.148166	47.352297	0	16	65	UNKNOWN
230205101205	中心村民委员会	123.801411	47.155109	0	30	72	村庄
230225104204	金星村民委员会	124.172870	47.893401	0	30	72	村庄
230230580598	红旗奶山羊场虚拟生活区	113.875000	35.303800	0	16	28	区县
230221102205	旧边村民委员会	122.760460	47.489801	0	25	55	乡镇
230224100203	同乐村民委员会	123.361530	46.306089	0	30	72	村庄
230224105001	街道居民委员会	123.745210	46.877849	0	25	55	乡镇
230231209205	有利村民委员会	125.855240	47.629472	0	25	55	村庄
230224103205	临江村民委员会	123.687660	46.769160	0	25	55	乡镇
230221101203	太平村民委员会	123.092750	47.054390	0	30	72	村庄
230281102214	靠山村村民委员会	124.598370	48.480412	0	25	55	乡镇
230281111204	晨光村村民委员会	125.075730	48.640212	0	30	72	村庄
230221102213	大湾村民委员会	122.760750	47.454471	0	30	72	村庄
230203007005	矿勘社区居民委员会	123.934055	47.365782	1	80	94	政府机构
230206005003	三十七社区居民委员会	123.597135	47.210118	1	80	93	政府机构
230221201201	索伯台村民委员会	123.501757	47.221177	1	80	97	政府机构
230223204208	沿江村民委员会	125.424310	47.907500	0	30	72	村庄
230224107211	丰收村民委员会	123.346170	46.587471	0	30	72	村庄
230202003002	新合社区居民委员会	123.926268	47.326009	1	80	94	政府机构
230281106200	太和村村民委员会	124.792920	48.312102	0	30	72	村庄
230203198202	光明村民委员会	124.077690	47.441381	1	80	100	政府机构
230225204210	新兴村民委员会	124.043350	48.270630	0	30	72	村庄
230231104209	群众村民委员会	125.972370	47.418611	0	25	70	乡镇
230225100206	富胜村民委员会	123.504890	47.913771	0	25	55	乡镇
230281201206	信义村村民委员会	125.050740	48.500470	0	30	72	村庄
230224104201	平兴村民委员会	123.051169	46.607921	0	25	55	乡镇
230281105210	东兴村村民委员会	124.977790	48.414591	0	30	72	村庄
230221106207	七村民委员会	123.227007	47.209492	0	16	47	乡镇
230207002203	龙华村村民委员会	122.891501	47.510523	1	80	95	政府机构
230221103212	对宝村民委员会	122.873380	47.239101	0	25	70	乡镇
230221217204	桦树村民委员会	122.704330	47.381360	0	25	55	乡镇
230202005007	太阳社区居民委员会	123.951940	47.329262	1	80	94	政府机构
230229206208	永发村村民委员会	125.330699	48.185552	0	25	55	村庄
230281110205	安仁村村民委员会	125.254650	48.458732	0	30	72	村庄
230208001002	胜利社区居民委员会	123.754065	47.310828	0	30	47	乡镇
230229500508	克山农场第八管理区	125.363142	48.299400	0	16	65	乡镇
230225201205	前程村民委员会	123.548601	47.771150	0	25	55	村庄
230221100202	鲜光村民委员会	123.130400	47.280749	0	30	72	村庄
230224102204	四间房村民委员会	123.675850	47.060133	0	30	72	村庄
230281207203	农乐村村民委员会	124.824870	48.118060	0	30	72	村庄
230281104211	富裕村村民委员会	125.484690	48.583280	0	30	72	村庄
230204100201	哈拉乌苏村民委员会	124.189650	47.245612	0	30	72	村庄
230221107206	四合村民委员会	123.271739	46.939313	0	16	65	乡镇
230281210207	团结村村民委员会	124.597913	48.107507	0	30	72	村庄
230224100002	建新社区居民委员会	123.419320	46.399219	0	25	47	乡镇
230224105200	依布气村民委员会	123.745210	46.877849	0	25	55	乡镇
230223208207	洪发村民委员会	125.084520	47.871682	0	25	55	村庄
230231105208	兴隆村民委员会	126.491261	47.730179	0	30	72	村庄
230281107201	长发村村民委员会	124.870336	48.317956	0	30	72	村庄
230223205209	新生村民委员会	125.361746	47.988542	0	30	72	村庄
230224106210	太平村民委员会	123.342330	46.381281	0	30	72	村庄
230202007201	爱国社区村委会	123.918978	47.269411	1	80	97	政府机构
230225500501	查哈阳农场花香管理区	123.506000	47.920801	0	12	24	区县
230227203208	五家子村民委员会	124.412491	47.705427	1	80	97	政府机构
230225206201	幸福村民委员会	124.294350	48.457482	0	30	72	村庄
230225580512	双河农场第十三生产队	123.759350	47.856302	1	80	97	UNKNOWN
230221203206	大黑村民委员会	123.452740	47.130031	0	25	55	村庄
230202001005	通达社区居民委员会	123.941714	47.335237	1	80	94	政府机构
230281210211	民强村村民委员会	124.732490	48.121362	0	30	72	村庄
230281101005	西城社区居民委员会	124.589904	48.211259	0	18	40	乡镇
230281104207	保安村村民委员会	125.649701	48.558209	0	30	72	村庄
230231201208	兴利村民委员会	126.233096	47.543821	0	16	47	村庄
230203005002	王仔花苑社区居民委员会	123.954494	47.354505	1	80	95	政府机构
230206007004	二十四社区居民委员会	123.623872	47.213525	0	30	47	乡镇
230223101209	农民村民委员会	125.277480	47.442431	0	30	72	村庄
230281109209	同义村村民委员会	124.857840	48.209281	0	30	72	村庄
230230102209	福安村民委员会	126.241780	47.732681	0	30	72	村庄
230224106206	团结村民委员会	123.029470	46.440069	0	30	72	村庄
230221101002	第二社区居民委员会	123.034330	47.081661	0	25	47	乡镇
230221104200	七棵树村民委员会	123.259290	47.530140	0	25	55	乡镇
230225580504	双河农场第二十一生产队	123.759350	47.856302	1	80	95	UNKNOWN
230229581598	克山县第二良种场虚拟生活区	125.174094	48.342278	0	25	55	UNKNOWN
230225102201	永利村民委员会	124.394020	48.181549	0	30	72	村庄
230224101202	平洋村民委员会	123.549945	46.609433	1	80	100	政府机构
230229102208	兴胜村村民委员会	125.535369	48.207193	0	30	72	村庄
230221103204	东昌胜村民委员会	122.873380	47.239101	0	25	55	乡镇
230229208200	庆功村村民委员会	125.702490	48.159020	0	30	72	村庄
230225100007	东方红社区居委会	123.500722	47.914299	1	80	100	政府机构
230205100204	平房村民委员会	124.018800	47.237010	0	30	72	村庄
230206003010	光辉社区居民委员会	123.643868	47.195872	1	80	94	政府机构
230221204202	三棵树村民委员会	123.411599	47.437202	0	25	55	乡镇
230202006001	虹园社区居民委员会	123.953560	47.311111	1	80	93	政府机构
230281103203	学田村村民委员会	124.853590	48.755772	0	30	72	村庄
230204005009	和平社区居民委员会	123.977319	47.339389	1	80	94	政府机构
230225202203	保安村民委员会	123.052660	47.627002	0	30	72	村庄
230203002006	育英社区居民委员会	123.963735	47.351022	1	80	94	政府机构
230221204203	巨宝村民委员会	123.411599	47.437202	0	25	55	乡镇
230281103202	增产村村民委员会	124.903849	48.730882	0	30	72	村庄
230225202202	中四村民委员会	123.238550	47.702581	0	25	55	村庄
230203002007	建东社区居民委员会	123.963735	47.351022	1	80	94	政府机构
230224101203	永发村民委员会	123.510760	46.672840	0	30	72	村庄
230224104001	街道居民委员会	123.051169	46.607921	0	25	55	乡镇
230221103205	小泉子村民委员会	122.873380	47.239101	0	25	55	乡镇
230229208201	向阳村村民委员会	125.792400	48.180531	0	30	72	村庄
230230581598	第一良种场虚拟生活区	126.249001	48.041900	0	14	32	区县
230225100006	建设社区居委会	123.504890	47.913771	0	25	70	乡镇
230205100205	巴虎村民委员会	124.031453	47.265925	0	30	72	村庄
230223101208	德成村民委员会	125.367900	47.476101	0	25	55	乡镇
230281109208	荣胜村村民委员会	124.810051	48.289730	0	30	72	村庄
230230102208	红升村民委员会	126.241495	47.857625	0	30	72	村庄
230224106207	宏升村民委员会	123.156320	46.522430	0	25	55	乡镇
230221104201	青龙山村民委员会	123.176410	47.561251	0	50	82	UNKNOWN
230225580505	双河农场第六生产队	123.759350	47.856302	1	80	97	UNKNOWN
230225102200	东升村民委员会	124.337990	48.272060	0	30	72	村庄
230221203207	色力村民委员会	123.452740	47.130031	0	25	70	村庄
230202001004	新化社区居民委员会	123.941714	47.335237	1	80	94	政府机构
230230101218	石山村民委员会	126.238460	48.066721	0	30	72	村庄
230281210210	黑龙村村民委员会	124.623730	48.047980	0	30	72	村庄
230207003002	北疆社区居民委员会	122.880661	47.510486	1	80	94	政府机构
230281101004	红光社区居民委员会	124.589904	48.211259	0	18	40	乡镇
230281104206	先锋村村民委员会	125.554530	48.558321	0	30	72	村庄
230203005003	天增社区居民委员会	123.954494	47.354505	1	80	94	政府机构
230281107200	建设村村民委员会	124.920210	48.332401	0	30	72	村庄
230202002002	滨湖社区居民委员会	123.929120	47.333320	1	80	94	政府机构
230224106211	建设村民委员会	123.233209	46.307420	0	30	72	村庄
230223205208	红光村民委员会	125.321880	47.965482	0	30	72	村庄
230202007200	明星社区村委会	123.918978	47.269411	1	80	94	政府机构
230227203209	富友村民委员会	124.323712	47.774838	0	14	46	乡镇
230206004003	火电社区居民委员会	123.611977	47.187403	0	40	51	乡镇
230225206200	灯塔村民委员会	124.301920	48.422632	0	25	55	乡镇
230225580513	双河农场第十四生产队	123.759350	47.856302	1	80	97	UNKNOWN
230281104210	友好村村民委员会	125.513850	48.628621	0	30	72	村庄
230221107207	团结村民委员会	123.247960	46.948659	0	30	72	村庄
230204100200	扎龙村民委员会	124.206141	47.214480	0	30	72	村庄
230224100003	先锋社区居民委员会	123.426050	46.386435	1	80	100	政府机构
230281210206	永久村村民委员会	124.677300	48.127431	0	30	72	村庄
230224105201	时雨村民委员会	123.745210	46.877849	0	25	70	乡镇
230223208206	复兴村民委员会	125.023430	47.932222	0	30	72	村庄
230231105209	清洁村民委员会	126.441901	47.664529	0	30	72	村庄
230221100203	九里村民委员会	123.184490	47.331910	0	25	55	乡镇
230281103214	保昌村村民委员会	124.769231	48.759877	0	30	72	村庄
230224102205	佰大街村民委员会	123.766329	46.978671	0	25	70	乡镇
230281207202	万宝村村民委员会	124.877091	48.124570	0	30	72	村庄
230207002202	兴华村村民委员会	122.891501	47.510523	1	80	95	政府机构
230221103213	柳树村民委员会	122.873380	47.239101	0	25	70	乡镇
230202005006	南市场社区居民委员会	123.951940	47.329262	1	80	95	政府机构
230221217205	东北沟村民委员会	122.704330	47.381360	0	25	55	乡镇
230208001003	团结社区居民委员会	123.754065	47.310828	0	30	47	乡镇
230281110204	九井村村民委员会	125.363310	48.454180	0	30	72	村庄
230225201204	双城村民委员会	123.548601	47.771150	0	25	55	村庄
230229500509	克山农场第九管理区	125.363142	48.299400	0	16	65	乡镇
230203198203	黎明村民委员会	124.010960	47.369271	0	30	72	村庄
230225204211	三合村民委员会	124.018737	48.170528	1	80	97	政府机构
230231104208	富裕村民委员会	125.972370	47.418611	0	25	55	乡镇
230225100207	欢喜村民委员会	123.504890	47.913771	0	25	55	乡镇
230281201207	忠孝村村民委员会	125.104160	48.516900	0	30	72	村庄
230224104200	塔子城村民委员会	123.051169	46.607921	0	25	70	乡镇
230281105211	前进村村民委员会	124.955300	48.409492	0	30	72	村庄
230221106206	六村民委员会	123.227007	47.209492	0	16	47	乡镇
230203007004	锦湖社区居民委员会	123.939635	47.361106	1	75	92	地产小区
230221201200	黑岗村民委员会	123.405480	47.247752	0	25	55	村庄
230202003003	华丽社区居民委员会	123.926268	47.326009	1	80	94	政府机构
230224107210	永安村民委员会	123.224499	46.546391	0	30	72	村庄
230221105216	新农村民委员会	122.976250	46.778421	0	30	72	村庄
230281106201	仁和村村民委员会	124.744320	48.304990	0	30	72	村庄
230281111205	共福村村民委员会	125.068810	48.662740	0	30	72	村庄
230221102212	四架山村民委员会	122.854160	47.366601	0	50	82	UNKNOWN
230206001016	公园社区居民委员会	123.651959	47.204091	1	80	94	政府机构
230231209204	爱国村民委员会	125.932880	47.657002	0	30	72	村庄
230224103204	艾伦村民委员会	123.687660	46.769160	0	25	55	乡镇
230221101202	街基村民委员会	123.001873	47.070022	0	30	72	村庄
230281102215	前卫村村民委员会	124.598370	48.480412	0	25	55	乡镇
230205101204	红胜村民委员会	123.835652	47.163120	0	30	72	村庄
230225104205	巨宝村民委员会	124.189959	47.897592	0	25	55	乡镇
230221102204	麒麟村民委员会	122.617520	47.522842	0	30	72	村庄
230224100202	丰田村民委员会	123.414710	46.307240	0	30	72	村庄
230229103208	志程村村民委员会	125.652310	48.002569	0	30	72	村庄
230231209212	新荣村民委员会	125.727190	47.679160	0	30	72	村庄
230225203203	兴鲜村民委员会	123.662630	48.033790	0	25	70	村庄
230204004009	跃进社区居民委员会	123.978001	47.340799	0	16	33	区县
230281102203	西庄村村民委员会	124.771080	48.467491	0	30	72	村庄
230221101214	二龙山村民委员会	122.807399	47.236151	0	30	72	UNKNOWN
230202007001	新鹤城社区居民委员会	123.918978	47.269411	1	80	93	政府机构
230221215202	三道沟村民委员会	123.013091	47.559130	0	30	72	村庄
230281406598	一良苗圃虚拟生活区	124.884001	48.484200	0	12	34	区县
230225100211	美满村民委员会	123.501780	47.892590	0	30	72	村庄
230203004002	名人社区居民委员会	123.964441	47.355601	1	80	94	政府机构
230231200208	青山村民委员会	126.174410	47.480531	0	30	72	村庄
230225204207	一心村民委员会	123.953809	48.130402	0	25	70	村庄
230281105207	兴业村村民委员会	125.246770	48.435311	0	30	72	村庄
230224200200	二龙村民委员会	123.617190	46.457908	0	25	55	乡镇
230281201211	仁爱村村民委员会	124.998421	48.505669	0	30	72	村庄
230221202206	三村民委员会	123.392360	47.076351	0	25	55	村庄
230203007012	西园社区居民委员会	123.934055	47.365782	1	80	94	政府机构
230225103201	和平村民委员会	124.339360	48.113209	0	30	72	村庄
230229580598	克山县第一良种场虚拟拟生活区	125.875000	48.036802	0	12	29	区县
230221105200	杏山村民委员会	122.967160	46.936159	0	30	72	村庄
230224107206	隆庆村民委员会	123.442760	46.506188	0	25	55	乡镇
230230103209	双权村民委员会	126.451790	48.088672	0	25	70	乡镇
230281108209	新富村村民委员会	125.046730	48.153390	0	30	72	村庄
230221103209	核心村民委员会	122.873380	47.239101	0	25	55	乡镇
230230100002	保安社区居民委员会	126.276734	48.041595	0	18	40	乡镇
230229102205	胜发村村民委员会	125.552590	48.134172	0	30	72	村庄
230208103203	二合村民委员会	123.828829	47.525222	0	25	55	乡镇
230231101207	华光村民委员会	126.426941	47.524890	0	30	72	村庄
230281002004	兴华社区居民委员会	124.876781	48.481509	1	80	94	政府机构
230227100201	五一村民委员会	124.474810	47.801472	0	25	70	乡镇
230223201206	平安村民委员会	125.544370	47.622120	0	30	72	村庄
230229205203	合兴村村民委员会	125.376740	48.072052	0	30	72	村庄
230205001003	东兴社区居民委员会	123.813375	47.158686	1	80	94	政府机构
230223105210	东荣村民委员会	125.134255	47.745897	1	80	97	政府机构
230230202206	万民村民委员会	126.286290	47.893423	0	30	72	村庄
230231206201	永合村民委员会	125.882780	47.843379	0	30	72	村庄
230229106211	诚心村村民委员会	125.860569	47.888862	0	30	72	村庄
230223206202	文化村民委员会	125.157640	47.930341	0	30	72	村庄
230230101214	平安村民委员会	126.275940	48.101941	0	30	72	村庄
230227200203	新发村民委员会	124.750101	47.430049	0	30	72	村庄
230223500502	依安农场第二管理区	125.293750	47.874009	0	60	87	UNKNOWN
230231201205	和顺村民委员会	126.323511	47.530980	0	30	72	村庄
230230102204	展望村民委员会	126.261905	47.796811	0	16	47	乡镇
230229100003	金鼎社区居民委会	125.867860	48.027687	1	80	92	地产小区
230229105201	仁政村村民委员会	125.577300	47.992921	0	30	72	村庄
230281109204	保国村村民委员会	124.724809	48.184052	0	30	72	村庄
230223101204	东风村民委员会	125.326680	47.493702	0	30	72	村庄
230208104207	兴华村民委员会	123.708599	47.488022	0	30	72	村庄
230227203213	三家子村民委员会	124.323712	47.774838	0	14	64	乡镇
230231106203	勤劳村民委员会	125.771751	47.487449	0	30	72	村庄
230225580509	双河农场第十生产队	123.759350	47.856302	1	80	97	UNKNOWN
230223102202	德信村民委员会	125.603590	47.558770	0	25	55	乡镇
230230101202	护路村民委员会	126.220070	48.167272	0	25	55	乡镇
230229106207	护心村村民委员会	125.773141	47.916200	0	30	72	村庄
230227104203	雅洲村民委员会	124.450800	47.521079	0	25	55	乡镇
230231105205	通肯村民委员会	126.418906	47.651905	0	16	65	乡镇
230205005001	林机社区居民委员会	123.969056	47.257252	0	30	47	乡镇
230223101212	巨龙村民委员会	125.325789	47.434142	0	30	72	村庄
230223205204	新建村民委员会	125.378710	48.047007	0	30	72	村庄
230281583598	二克浅镇二里种畜场虚拟生活区	124.571841	48.400390	1	80	95	UNKNOWN
230204001006	南树园社区居民委员会	123.986650	47.338190	1	80	95	政府机构
230203006009	福顺社区居民委员会	123.980460	47.353484	1	80	94	政府机构
230227203205	东极村民委员会	124.323712	47.774838	0	14	46	乡镇
230231212203	新业村民委员会	125.605790	47.319670	0	30	72	村庄
230208501503	哈拉海农场第三管理区	123.614750	47.631549	1	70	92	UNKNOWN
230229206205	民发村村民委员会	125.265780	48.155641	0	30	72	村庄
230281110208	育民村村民委员会	125.426480	48.410201	0	30	72	村庄
230223202200	长安村民委员会	125.498779	47.765732	0	30	72	村庄
230225201208	向阳村民委员会	123.635520	47.712821	0	30	72	村庄
230231101211	竞业村民委员会	126.404719	47.421442	0	25	55	地产小区
230230202210	富饶村民委员会	126.332239	47.960445	0	16	47	村庄
230223105206	西北村民委员会	124.926350	47.734280	0	30	72	村庄
230223100004	西北街社区	125.316910	47.878990	0	18	66	乡镇
230229101203	尖山村村民委员会	125.800969	48.435762	0	30	72	村庄
230229104001	镇直第一居民委员会	125.702388	48.290568	0	16	47	乡镇
230227103207	平安村民委员会	124.586570	47.975260	0	30	72	村庄
230281001002	兴业社区居民委员会	124.904735	48.472758	0	25	43	乡镇
230231102201	和平村民委员会	125.916650	47.844021	0	30	72	村庄
230227202204	荣生村民委员会	124.872996	47.984727	1	80	97	政府机构
230227500402	富裕场直社区	124.640700	47.839220	0	50	82	UNKNOWN
230231203202	发展村民委员会	126.242650	47.646640	0	25	55	村庄
230229210200	兴光村村民委员会	125.660960	48.422223	0	30	72	村庄
230223204205	和祥村民委员会	125.477321	47.902489	0	25	55	村庄
230230103213	东风村民委员会	126.525979	48.161052	0	30	72	村庄
230229200200	学习村村民委员会	126.003430	47.982920	0	30	72	村庄
230231104204	龙泉村民委员会	125.967150	47.415240	0	30	72	村庄
230224580598	第一良种场虚拟生活区	123.551446	46.621966	1	80	95	UNKNOWN
230227105202	周三村民委员会	124.186503	47.502615	0	14	46	乡镇
230230100203	城东村民委员会	126.269090	48.040401	0	30	72	村庄
230223103203	裕民村民委员会	125.034109	47.640361	0	30	72	村庄
230230404598	东兴林场虚拟生活区	126.554840	47.842360	1	80	95	UNKNOWN
230231209208	同意村民委员会	125.941980	47.626181	0	30	72	村庄
230208101204	哈拉村民委员会	123.905670	47.446230	0	25	55	乡镇
230231103200	胜利村民委员会	125.667770	47.734500	0	30	72	村庄
230227102206	富胜村民委员会	124.861340	47.873041	0	25	55	乡镇
230224209200	新江村民委员会	123.769609	46.272540	0	30	72	村庄
230223104207	丰收村民委员会	125.379092	47.664418	0	30	72	村庄
230231214206	永乐村民委员会	125.996340	47.537731	0	30	72	村庄
230231100210	兴发村民委员会	126.017141	47.492579	0	30	72	村庄
230231204206	春发村民委员会	126.047123	47.700220	0	16	47	村庄
230223203201	福来村民委员会	125.404270	47.799910	0	30	72	村庄
230229207204	同喜村村民委员会	125.616345	48.295849	0	30	72	村庄
230281111209	丰盛村村民委员会	124.959840	48.605132	0	30	72	村庄
230229204202	龙泉村村民委员会	125.814510	48.093402	0	30	72	村庄
230223104211	中平村民委员会	125.300871	47.704880	0	30	72	村庄
230223200207	兴信村民委员会	125.549300	47.415871	0	25	55	村庄
230281208207	革新村村民委员会	125.115620	48.327680	0	30	72	地产小区
230227101200	富路村民委员会	124.663989	47.640332	0	25	55	乡镇
230231100206	利民村民委员会	126.073190	47.572359	0	30	72	村庄
230205101208	榆树屯村民委员会	123.904585	47.160286	0	30	72	村庄
230208102202	地房子村民委员会	124.003309	47.570782	0	25	55	乡镇
230229103204	民和村村民委员会	125.787460	47.998710	0	30	72	村庄
230230104201	勤俭村民委员会	126.105549	48.001302	0	30	72	村庄
230221102208	利华村民委员会	122.760460	47.489801	0	25	55	乡镇
230208105206	齐齐哈村民委员会	123.758879	47.312782	0	25	55	乡镇
230281108205	吉祥村村民委员会	125.169481	48.158380	0	30	72	村庄
230230103205	复兴村民委员会	126.431430	48.052339	0	30	72	村庄
230229104200	同富村村民委员会	125.631420	48.206922	0	30	72	村庄
230231200204	和发村民委员会	126.158059	47.441522	0	25	55	村庄
230231104212	富民村民委员会	126.044950	47.390612	0	30	72	村庄
230227201202	全好村民委员会	124.897440	47.533421	0	25	70	村庄
230231210204	平安村民委员会	125.781140	47.567500	0	30	72	村庄
230230204203	安全村民委员会	126.453490	47.890531	0	30	72	村庄
230229203206	新启村村民委员会	126.013859	48.213428	0	30	72	村庄
230223207203	长山村民委员会	124.945370	48.031181	0	30	72	村庄
230206200204	岗阿村村委员会	123.634920	47.204101	0	25	55	村庄
230225103206	东阳村民委员会	124.259780	48.015091	0	30	72	村庄
230203007015	兴海社区居委会	123.934055	47.365782	1	80	97	政府机构
230221105207	太平庄村民委员会	123.099081	46.955828	0	30	72	村庄
230281106210	照耀村村民委员会	124.824340	48.375830	0	30	72	村庄
230224107201	新胜村民委员会	123.411490	46.539660	0	30	72	村庄
230225204200	长吉岗村民委员会	123.953809	48.130402	0	25	55	村庄
230206006003	华通社区居民委员会	123.606218	47.208722	0	30	47	乡镇
230203004005	方兴社区居民委员会	123.964441	47.355601	1	80	94	政府机构
230230204208	红光村民委员会	126.469052	47.847754	0	30	72	村庄
230221202201	万发村民委员会	123.392360	47.076351	0	25	55	村庄
230281105200	讷南村村民委员会	125.162560	48.428901	0	30	72	村庄
230223207208	育智村民委员会	125.103730	48.019400	0	25	70	村庄
230225203204	兴国村民委员会	123.662630	48.033790	0	25	55	村庄
230206001007	燕北社区居民委员会	123.651959	47.204091	1	80	94	政府机构
230231209215	有富村民委员会	125.855240	47.629472	0	25	55	村庄
230221101213	北沟村民委员会	123.034330	47.081661	0	25	55	乡镇
230281102204	文化村村民委员会	124.726700	48.492582	0	30	72	村庄
230221215205	繁荣村民委员会	122.994659	47.513071	0	30	72	村庄
230205101203	心合村民委员会	123.812190	47.117841	0	30	72	村庄
230225104202	红旗村民委员会	124.160160	47.848760	0	30	72	村庄
230221102203	花园村民委员会	122.760460	47.489801	0	25	55	乡镇
230224100205	宏程村民委员会	123.419320	46.399219	0	25	55	乡镇
230281588598	第四良种场虚拟生活区	124.884001	48.484200	0	12	24	区县
230231209203	欢胜村民委员会	125.855240	47.629472	0	25	70	村庄
230206001011	新光社区居民委员会	123.651959	47.204091	1	80	94	政府机构
230230583598	果树繁殖场虚拟生活区	126.249001	48.041900	0	14	32	区县
230224106001	街道居民委员会	123.156320	46.522430	0	25	55	乡镇
230224103203	胡勒村民委员会	123.687660	46.769160	0	25	55	乡镇
230281102212	庆丰村村民委员会	124.786599	48.596882	0	30	72	村庄
230221101205	东升村民委员会	123.077101	47.076849	0	30	72	村庄
230221102215	东风村民委员会	122.942300	47.385400	0	30	72	村庄
230281111202	双合村村民委员会	125.215379	48.664441	0	30	72	村庄
230203007003	西虹桥社区居民委员会	123.934055	47.365782	1	80	94	政府机构
230231203209	巩固村民委员会	126.279285	47.627297	0	30	72	村庄
230230103218	永久村民委员会	126.467069	48.131352	0	30	72	村庄
230202003004	合意社区居民委员会	123.926268	47.326009	1	80	95	政府机构
230281106206	繁强村村民委员会	124.688780	48.331970	0	30	72	村庄
230221105211	东河口村民委员会	123.025679	46.886516	0	14	46	乡镇
230207001002	阳光社区居民委员会	122.888000	47.516900	0	16	33	区县
230225100200	东郊村民委员会	123.532381	47.922521	0	30	72	村庄
230227105209	库木村民委员会	124.186503	47.502615	0	14	46	乡镇
230225204216	德胜村民委员会	123.953809	48.130402	0	25	55	村庄
230221106201	龙哈村民委员会	123.300401	47.252903	1	80	97	政府机构
230281201200	隆昌村村民委员会	125.217470	48.614221	0	30	72	村庄
230281110203	青山村村民委员会	125.389369	48.453602	0	30	72	村庄
230208001004	华丰社区居民委员会	123.754065	47.310828	0	30	47	乡镇
230221103214	燕窝村民委员会	122.873380	47.239101	0	25	55	乡镇
230229208210	幸福村村民委员会	125.995020	48.256891	0	30	72	村庄
230207002205	三皇庙村村民委员会	122.891501	47.510523	1	80	95	政府机构
230221217202	南济村民委员会	122.704330	47.381360	0	25	55	乡镇
230202005001	青云社区居民委员会	123.951940	47.329262	1	80	94	政府机构
230225201203	长新村民委员会	123.423640	47.681630	0	30	72	地产小区
230281207205	高升村村民委员会	124.774510	48.086952	0	30	72	村庄
230281103213	向阳村村民委员会	124.804131	48.663540	0	30	72	村庄
230221100204	腰公司村民委员会	123.184490	47.331910	0	25	70	乡镇
230224102202	汤池村民委员会	123.766329	46.978671	0	25	55	乡镇
230223208201	东新村民委员会	125.176711	47.860409	0	30	72	地产小区
230204100207	向阳村民委员会	124.025600	47.300300	0	30	72	村庄
230221107200	头站村民委员会	123.271739	46.939313	0	16	47	乡镇
230230101209	德胜村民委员会	126.220070	48.167272	0	25	55	乡镇
230224105206	创业村民委员会	123.578650	46.929971	0	30	72	村庄
230281210201	兴旺村村民委员会	124.530710	48.099601	0	30	72	村庄
230224100004	卫星社区居民委员会	123.419320	46.399219	0	25	47	乡镇
230205101002	化工社区居民委员会	123.747563	47.159700	0	16	38	乡镇
230225101201	兴农村民委员会	123.739480	47.918000	0	30	72	村庄
230225500507	查哈阳农场长吉冈管理区	123.506000	47.920801	0	12	24	区县
230281107207	和心村村民委员会	124.947710	48.334910	0	25	55	乡镇
230221104210	发达村民委员会	123.259290	47.530140	0	25	55	乡镇
230202002005	一厂社区居民委员会	123.931262	47.338619	1	80	95	UNKNOWN
230225580514	双河农场第十五生产队	123.759350	47.856302	1	80	97	UNKNOWN
230231212208	国太村民委员会	125.725850	47.377460	0	25	55	村庄
230203006002	北民强社区居委会	123.980460	47.353484	0	80	94	政府机构
230281404598	老莱镇宽余林场虚拟生活区	125.277850	48.696141	1	80	95	UNKNOWN
230281104201	勇进村村民委员会	125.353670	48.543049	0	30	72	村庄
230281101003	东岗社区居民委员会	124.589904	48.211259	0	18	40	乡镇
230204100211	四家子村民委员会	124.279848	47.272528	0	16	65	乡镇
230221203200	华民村民委员会	123.452740	47.130031	0	25	70	村庄
230203005004	鑫海社区居民委员会	123.954494	47.354505	1	80	95	政府机构
230227200208	祥发村民委员会	124.632811	47.397829	0	25	55	村庄
230224106200	长青村民委员会	123.145720	46.519679	0	30	72	村庄
230221104206	福山永村民委员会	123.259290	47.530140	0	25	55	乡镇
230225500511	查哈阳场直四区	123.506000	47.920801	0	12	26	区县
230203006014	鸿福社区居民委员会	123.980460	47.353484	1	80	94	政府机构
230231106208	新农村民委员会	125.747110	47.434472	0	30	72	村庄
230225580502	双河农场第三生产队	123.759350	47.856302	1	80	97	UNKNOWN
230224101204	解放村民委员会	123.498681	46.624848	0	30	72	村庄
230229208206	勤富村村民委员会	125.850770	48.209431	0	30	72	村庄
230221103202	前太平村民委员会	122.873380	47.239101	0	25	55	乡镇
230225100001	红旗社区居委会	123.508823	47.923119	1	80	100	政府机构
230205100202	崔门村民委员会	123.994600	47.251481	0	25	55	乡镇
230204008001	东湖社区居民委员会	124.007469	47.339162	1	80	94	政府机构
230208103208	哈什哈村民委员会	123.828829	47.525222	0	25	55	乡镇
230202006007	新跃社区居民委员会	123.953560	47.311111	1	80	93	政府机构
230207004001	站前社区居民委员会	122.892713	47.517304	1	80	94	政府机构
230281103205	永发村村民委员会	124.701431	48.685739	0	30	72	村庄
230221204204	连家岗村民委员会	123.411599	47.437202	0	25	55	乡镇
230225202205	兴胜村民委员会	123.332810	47.675651	0	30	72	村庄
230231210203	丰盛村民委员会	125.807319	47.545242	0	25	70	村庄
230227201205	民乐村民委员会	124.901479	47.490842	0	30	72	村庄
230281581598	六合镇黎明奶牛场虚拟生活区	124.628540	48.299280	1	80	95	UNKNOWN
230231200203	致富村民委员会	126.158059	47.441522	0	25	55	村庄
230204003006	繁荣社区居民委员会	124.007469	47.339162	1	80	94	政府机构
230206200203	水哈拉村村委员会	123.634920	47.204101	0	25	47	村庄
230223207204	幸福村民委员会	125.070590	47.971631	0	30	72	村庄
230229203201	新建村村民委员会	125.938160	48.150191	0	30	72	村庄
230230204204	保胜村民委员会	126.410889	47.830852	0	25	55	村庄
230208105201	大八旗村民委员会	123.733163	47.296969	1	80	97	政府机构
230230103202	新兴村民委员会	126.476619	48.003981	0	30	72	村庄
230221100009	龙湾社区居民委员会	123.168004	47.327364	1	80	100	政府机构
230223100202	创业村民委员会	125.282950	47.874110	0	30	72	村庄
230281108202	乐业村村民委员会	124.943540	48.156340	0	30	72	村庄
230231100201	六合村民委员会	126.087790	47.607411	0	25	70	乡镇
230208102205	新村村民委员会	124.003309	47.570782	0	25	55	乡镇
230227101207	长兴村民委员会	124.770520	47.632771	0	30	72	村庄
230230104206	玉华村民委员会	126.165507	47.991238	0	16	47	乡镇
230229103203	建国村村民委员会	125.740009	47.978582	0	30	72	村庄
230231103211	众意村民委员会	125.665200	47.734410	0	25	55	乡镇
230225203208	双龙村民委员会	123.658620	48.087221	0	30	72	村庄
230204004002	光荣社区居民委员会	123.978001	47.340799	0	16	33	区县
230281208200	同心村村民委员会	124.939901	48.198819	0	30	72	村庄
230223200200	兴让村民委员会	125.549300	47.415871	0	25	55	村庄
230281102208	庆祥村村民委员会	124.656820	48.528462	0	30	72	村庄
230227500501	富裕牧场第一管理区	124.640700	47.839220	0	50	82	UNKNOWN
230223104216	团结村民委员会	125.459870	47.624121	0	30	72	村庄
230229204205	同结村村民委员会	125.891690	48.153620	0	30	72	村庄
230231204201	众家村民委员会	126.047123	47.700220	0	16	47	村庄
230227101211	龙水泉村民委员会	124.663989	47.640332	0	25	47	乡镇
230231214201	共荣村民委员会	125.921082	47.518836	1	80	100	政府机构
230229207203	同起村村民委员会	125.611402	48.254824	0	30	72	村庄
230230104210	国富村民委员会	126.168840	47.974022	0	30	72	村庄
230227102201	大泉子村民委员会	124.977415	47.834627	0	30	72	村庄
230208101203	鲜明村民委员会	123.857220	47.403419	0	30	72	村庄
230231103207	建设村民委员会	125.697760	47.738121	0	30	72	村庄
230223104200	向阳村民委员会	125.342210	47.583340	0	30	72	村庄
230221101209	新发村民委员会	122.974150	47.183381	0	30	72	村庄
230227100007	富裕县富裕镇宏晨社区	124.474810	47.801472	0	25	70	乡镇
230227105205	小哈柏村民委员会	124.186503	47.502615	0	14	64	乡镇
230231104203	民意村民委员会	126.060150	47.469840	0	30	72	村庄
230223103204	全新村民委员会	125.045880	47.619340	0	25	55	乡镇
230230204212	兴龙村民委员会	126.410889	47.830852	0	25	55	村庄
230230100204	万发村民委员会	126.276734	48.041595	0	18	49	乡镇
230231203205	永安村民委员会	126.177380	47.618391	0	30	72	村庄
230227202203	日升村民委员会	124.913048	48.005651	0	30	72	村庄
230229200207	公政村村民委员会	126.016270	48.022800	0	30	72	村庄
230230103214	福录村民委员会	126.593189	48.122912	0	30	72	村庄
230223204202	永进村民委员会	125.477321	47.902489	0	25	55	村庄
230229101204	保卫村村民委员会	125.800720	48.461492	0	30	72	村庄
230221100208	八岔河村民委员会	123.184490	47.331910	0	25	55	乡镇
230281207209	南阳村村民委员会	124.692870	48.003649	0	30	72	村庄
230223100003	东北街社区	125.316910	47.878990	0	18	66	乡镇
230223105201	平胜村民委员会	124.999877	47.744132	0	16	47	乡镇
230231102206	进展村民委员会	125.967110	47.796270	0	25	70	乡镇
230227103200	二道湾村民委员会	124.539374	47.961643	1	80	100	政府机构
230223202207	德宝村民委员会	125.497170	47.765352	0	25	55	村庄
230221103218	长胜村民委员会	122.776130	47.163929	0	30	72	村庄
230205002002	新建社区居民委员会	123.802346	47.157969	1	80	100	政府机构
230229206202	长胜村村民委员会	125.264829	48.221732	0	30	72	村庄
230208103212	土房子村民委员会	123.828829	47.525222	0	25	55	乡镇
230229500502	克山农场第二管理区	125.363142	48.299400	0	16	65	乡镇
230204006005	北八里社区居民委员会	124.001907	47.360275	0	30	47	乡镇
230223205203	兴堡村民委员会	125.401434	48.017733	1	80	100	政府机构
230223101215	庆生村民委员会	125.367900	47.476101	0	25	55	乡镇
230231212204	中家村民委员会	125.725850	47.377460	0	25	55	村庄
230227203202	长胜村民委员会	124.567021	47.813070	0	30	72	村庄
230208200200	莽格吐村民委员会	124.139780	47.785891	0	25	70	乡镇
230225580518	双河农场第十九生产队	123.759350	47.856302	1	80	95	UNKNOWN
230229106200	铁心村村民委员会	125.983669	47.874642	0	30	72	村庄
230230101205	四合村民委员会	126.220070	48.167272	0	25	70	乡镇
230223102205	孟常村民委员会	125.603590	47.558770	0	25	70	乡镇
230231105202	红旗村民委员会	126.376061	47.596379	0	30	72	村庄
230227104204	兴裕村民委员会	124.450800	47.521079	0	25	55	乡镇
230223101203	新立村民委员会	125.238301	47.425019	0	30	72	村庄
230281109203	凌云村村民委员会	124.769650	48.189751	0	30	72	村庄
230229105206	巨河村村民委员会	125.635780	48.072912	0	30	72	村庄
230230102203	繁荣村民委员会	126.261905	47.796811	0	16	47	乡镇
230229100004	天泽社区居民委会	125.864536	48.034203	1	80	92	地产小区
230224582598	宏胜种畜场虚拟生活区	123.623910	46.394538	1	80	95	UNKNOWN
230231212212	新展村民委员会	125.804978	47.347081	1	80	100	政府机构
230208104200	共和村民委员会	123.680270	47.452009	0	30	72	村庄
230231106204	爱群村民委员会	125.796310	47.479821	0	25	55	乡镇
230230101213	春光村民委员会	126.286049	48.152483	0	30	72	村庄
230223206205	兆祥村民委员会	125.230050	47.952750	0	25	70	村庄
230231201202	兴国村民委员会	126.206033	47.558501	1	80	100	政府机构
230227200204	永进村民委员会	124.632811	47.397829	0	25	55	村庄
230230202201	太安村民委员会	126.332239	47.960445	0	16	65	村庄
230229205204	合富村村民委员会	125.308452	48.118308	0	30	72	村庄
230281103209	明星村村民委员会	124.716720	48.730652	0	30	72	村庄
230223201201	解放村民委员会	125.511189	47.654782	0	30	72	村庄
230231206206	福顺村民委员会	125.877700	47.796711	0	25	55	村庄
230225202209	建设村民委员会	123.220000	47.677472	0	30	72	村庄
230204005003	新民社区居民委员会	123.977319	47.339389	1	80	94	政府机构
230231102210	振祥村民委员会	125.967110	47.796270	0	25	55	乡镇
230224101208	新建村民委员会	123.432631	46.593798	0	30	72	村庄
230229102202	同立村村民委员会	125.432990	48.226611	0	30	72	村庄
230281002003	铁路社区居民委员会	124.876781	48.481509	1	80	94	政府机构
230208103204	复兴村民委员会	123.744030	47.560530	0	30	72	村庄
230231101200	合心村民委员会	126.404719	47.421442	0	25	70	地产小区
230230100004	春和社区居民委员会	126.276734	48.041595	0	18	40	乡镇
230229102203	联西村村民委员会	125.419440	48.146510	0	30	72	村庄
230281002002	通江社区居民委员会	124.876781	48.481509	1	80	94	政府机构
230208103205	腰店村民委员会	123.828829	47.525222	0	25	55	乡镇
230231101201	利华村民委员会	126.404719	47.421442	0	25	55	地产小区
230230202200	和平村民委员会	126.252810	47.988809	0	30	72	村庄
230229205205	大众村村民委员会	125.274912	48.122962	0	30	72	村庄
230227501501	繁荣种畜场第一管理区	124.569231	47.461830	1	80	97	UNKNOWN
230281103208	宏大村村民委员会	124.772680	48.811471	0	30	72	村庄
230223201200	坤顺村民委员会	125.506755	47.657805	0	16	47	村庄
230231206207	共同村民委员会	125.898731	47.713519	0	30	72	村庄
230225202208	兴久村民委员会	123.238550	47.702581	0	25	55	村庄
230231102211	新福村民委员会	126.167329	47.795922	0	30	72	村庄
230223206204	红星村民委员会	125.264870	47.958453	0	30	72	村庄
230230101212	富民村民委员会	126.324950	48.130460	0	30	72	村庄
230204002006	文明社区居民委员会	124.008022	47.328088	1	80	94	政府机构
230231201203	兴展村民委员会	126.233096	47.543821	0	16	47	村庄
230227200205	新立村民委员会	124.685511	47.460840	0	30	72	村庄
230223101202	新华村民委员会	125.142769	47.498452	0	30	72	村庄
230281109202	升平村村民委员会	124.797919	48.165164	0	30	72	村庄
230229105207	西河村村民委员会	125.562759	48.075942	0	30	72	村庄
230230102202	新立村民委员会	126.296870	47.763191	0	30	72	村庄
230229100005	鹏程社区居民委会	125.858944	48.031169	1	75	92	地产小区
230231212213	新功村民委员会	125.750330	47.332536	1	80	100	政府机构
230208104201	隆胜村民委员会	123.686870	47.451040	0	25	55	乡镇
230231106205	敬义村民委员会	125.796310	47.479821	0	25	70	乡镇
230229106201	钢心村村民委员会	125.915350	47.885002	0	30	72	村庄
230230101204	保卫村民委员会	126.269010	48.186361	0	30	72	村庄
230223102204	双兴村民委员会	125.496590	47.552661	0	30	72	村庄
230231105203	民强村民委员会	126.417540	47.618911	0	30	72	村庄
230231100001	东方红社区居民委员会	126.087790	47.607411	0	25	47	乡镇
230227104205	富欣村民委员会	124.450800	47.521079	0	25	55	乡镇
230223205202	兴阳村民委员会	125.441198	48.028881	1	80	100	政府机构
230223101214	劳动村民委员会	125.243270	47.495640	0	30	72	村庄
230231212205	国民村民委员会	125.725850	47.377460	0	25	55	村庄
230227203203	勤俭村民委员会	124.537209	47.850042	0	30	72	村庄
230208200201	三间房村民委员会	124.137527	47.780851	1	80	97	政府机构
230225580519	双河农场第二十生产队	123.759350	47.856302	1	80	95	UNKNOWN
230223202206	和乐村民委员会	125.436690	47.718321	0	30	72	村庄
230207002208	春光村村民委员会	122.891501	47.510523	1	80	97	政府机构
230205002003	前进社区居民委员会	123.805374	47.154937	1	80	94	政府机构
230229206203	四座村村民委员会	125.234483	48.183243	0	30	72	村庄
230229500503	克山农场第三管理区	125.363142	48.299400	0	16	65	乡镇
230204006004	纺织社区居民委员会	124.001907	47.360275	0	30	47	乡镇
230229101205	兴旺村村民委员会	125.704620	48.508630	0	30	72	村庄
230221100209	西太平川村民委员会	123.184490	47.331910	0	25	55	乡镇
230281207208	华升村村民委员会	124.720511	48.009539	0	30	72	村庄
230223100002	西南街社区	125.303126	47.894595	0	30	100	道路
230223105200	爱民村民委员会	125.050000	47.742359	0	30	72	村庄
230231102207	守林村民委员会	125.967110	47.796270	0	25	70	乡镇
230227103201	兴安村民委员会	124.712459	47.858281	1	80	97	政府机构
230281001004	文化社区居民委员会	124.904735	48.472758	0	25	43	乡镇
230231203204	团结村民委员会	126.160850	47.637082	0	30	72	村庄
230206005008	北玻社区居民委员会	123.597030	47.212921	1	80	92	地产小区
230227202202	忠厚村民委员会	124.840678	47.961808	0	16	47	村庄
230229200206	永兴村村民委员会	126.063350	48.021160	0	30	72	村庄
230229210206	全富村村民委员会	125.623228	48.374707	0	30	72	村庄
230223204203	民玉村民委员会	125.477321	47.902489	0	25	70	村庄
230230103215	邻河村民委员会	126.451790	48.088672	0	25	55	乡镇
230281002203	龙华村村民委员会	124.876781	48.481509	1	80	97	政府机构
230227100006	富裕县富裕镇瑞德社区	124.474810	47.801472	0	25	70	乡镇
230227105204	吉斯堡村民委员会	124.186503	47.502615	0	14	64	乡镇
230231104202	群富村民委员会	125.972370	47.418611	0	25	55	乡镇
230230204213	东龙村民委员会	126.410889	47.830852	0	25	55	村庄
230223103205	三兴村民委员会	125.045880	47.619340	0	25	55	乡镇
230227102200	富海村民委员会	124.861340	47.873041	0	25	55	乡镇
230208101202	奈门沁村民委员会	123.847013	47.416016	1	80	100	政府机构
230231103206	光荣村民委员会	125.700020	47.766371	0	30	72	村庄
230223104201	德庆村民委员会	125.335489	47.692141	0	25	70	乡镇
230224209206	黄花村民委员会	123.728300	46.289438	0	25	55	乡镇
230221101208	庆丰村民委员会	123.097730	47.114932	0	30	72	村庄
230231204200	春光村民委员会	126.069640	47.699069	0	30	72	村庄
230227101210	得胜村民委员会	124.663989	47.640332	0	25	55	乡镇
230231214200	新安村民委员会	125.947681	47.517330	0	30	72	村庄
230229207202	同建村村民委员会	125.575010	48.209192	0	30	72	村庄
230230104211	建华村民委员会	126.219360	47.956572	0	30	72	村庄
230231103210	新建村民委员会	125.655471	47.831629	0	30	72	村庄
230204004003	先进社区居民委员会	123.978001	47.340799	0	16	33	区县
230281208201	满丰村村民委员会	124.980190	48.176201	0	30	72	村庄
230223200201	兴俭村民委员会	125.549300	47.415871	0	25	70	村庄
230281102209	朝阳村村民委员会	124.744570	48.527630	0	30	72	村庄
230229204204	永胜村村民委员会	125.859559	48.121312	0	30	72	村庄
230231100200	镇郊村民委员会	126.087790	47.607411	0	25	55	乡镇
230208102204	四间房村民委员会	124.003309	47.570782	0	25	55	乡镇
230227101206	大岗子村民委员会	124.663989	47.640332	0	25	55	乡镇
230230104207	卫星村民委员会	126.162159	47.903013	0	30	72	村庄
230229103202	古城村村民委员会	125.683010	47.965212	0	30	72	村庄
230208105200	梅里斯村民委员会	123.758879	47.312782	0	25	70	乡镇
230224583598	二龙涛农场虚拟生活区	123.160500	46.418320	1	80	95	UNKNOWN
230229104206	建设村村民委员会	125.710070	48.305640	0	30	72	村庄
230230103203	群英村民委员会	126.398149	48.058292	0	30	72	村庄
230221100008	青华社区居民委员会	123.184490	47.331910	0	25	47	乡镇
230281108203	通胜村村民委员会	125.163240	48.091140	0	30	72	村庄
230231210202	万合村民委员会	125.883131	47.570506	1	80	100	政府机构
230227201204	绍文村民委员会	124.897440	47.533421	0	25	70	村庄
230231200202	互助村民委员会	126.134771	47.367829	0	30	72	村庄
230223207205	集福村民委员会	125.103730	48.019400	0	25	55	村庄
230206200202	永前村村委员会	123.598115	47.221328	0	30	72	村庄
230229203200	新大村村民委员会	125.942610	48.108771	0	30	72	村庄
230230204205	保国村民委员会	126.410889	47.830852	0	25	55	村庄
230202006006	新联社区居民委员会	123.953560	47.311111	1	80	93	政府机构
230281103204	合庆村村民委员会	124.769000	48.706171	0	30	72	村庄
230221204205	红光村民委员会	123.455550	47.467502	0	30	72	村庄
230203002001	东市场社区居民委员会	123.963735	47.351022	1	80	95	政府机构
230225202204	太平村民委员会	123.238550	47.702581	0	25	70	村庄
230224101205	双山村民委员会	123.497341	46.609728	0	30	72	村庄
230229208207	拥政村村民委员会	125.894971	48.198419	0	30	72	村庄
230221103203	龙山村民委员会	122.794140	47.243951	0	30	72	村庄
230205100203	小阿拉街满族村民委员会	123.994600	47.251481	0	25	47	乡镇
230208103209	巨宝山村民委员会	123.828829	47.525222	0	25	55	乡镇
230224106201	英山村民委员会	123.156320	46.522430	0	25	70	乡镇
230221104207	顺兴村民委员会	123.244871	47.576480	0	30	72	村庄
230225500510	查哈阳场直三区	123.506000	47.920801	0	12	26	区县
230203006015	凤凰社区居名委员会	123.980460	47.353484	1	80	95	政府机构
230231106209	保富村民委员会	125.789182	47.474847	1	80	100	政府机构
230225580503	双河农场第四生产队	123.759350	47.856302	1	80	97	UNKNOWN
230202001002	公园社区居民委员会	123.945251	47.341055	0	30	47	乡镇
230223206208	互助村民委员会	125.239951	47.876510	0	30	72	村庄
230281104200	高潮村村民委员会	125.334269	48.541711	0	30	72	村庄
230204100210	卢屯村民委员会	124.279848	47.272528	0	16	47	乡镇
230281101002	中兴社区居民委员会	124.589904	48.211259	0	18	40	乡镇
230221203201	朝阳村民委员会	123.483900	47.046280	0	30	72	村庄
230203005005	玉坤社区居民委员会	123.954494	47.354505	1	80	95	政府机构
230227200209	永兴村民委员会	124.604589	47.349912	0	30	72	村庄
230206007003	二十五社区居民委员会	123.623872	47.213525	0	30	47	乡镇
230225500506	查哈阳农场金光管理区	123.506000	47.920801	0	12	24	区县
230281107206	平原村村民委员会	124.992661	48.339670	0	30	72	村庄
230221104211	三兴村民委员会	123.259290	47.530140	0	25	55	乡镇
230202002004	二厂社区居民委员会	123.929120	47.333320	1	80	94	政府机构
230225580515	双河农场第十六生产队	123.759350	47.856302	1	80	97	UNKNOWN
230231212209	国乐村民委员会	125.725850	47.377460	0	25	70	村庄
230223208200	丰产村民委员会	125.120280	47.859050	0	30	72	村庄
230221107201	南华村民委员会	123.157800	46.989971	0	30	72	村庄
230204100206	宛屯村民委员会	124.053520	47.340511	0	30	72	村庄
230230101208	永发村民委员会	126.226969	48.264262	0	30	72	村庄
230224105207	青岗村民委员会	123.604611	46.967970	0	30	72	村庄
230224100005	向阳社区居民委员会	123.419976	46.400873	1	80	100	政府机构
230281210200	新兴村村民委员会	124.537160	48.052512	0	30	72	村庄
230205101003	东风社区居民委员会	123.747563	47.159700	0	16	38	乡镇
230225101200	兴业村民委员会	123.660090	47.954201	0	30	72	村庄
230281207204	仁厚村村民委员会	124.777699	48.124882	0	30	72	村庄
230281103212	永强村村民委员会	124.770530	48.616231	0	30	72	村庄
230221100205	山包村民委员会	123.184490	47.331910	0	25	55	乡镇
230224107001	街道居民委员会	123.442760	46.506188	0	25	55	乡镇
230224102203	乌诺村民委员会	123.766329	46.978671	0	25	70	乡镇
230230582598	第二良种繁殖场虚拟生活区	123.206070	47.337079	1	80	95	UNKNOWN
230281110202	双兴村村民委员会	125.465240	48.462840	0	30	72	村庄
230221103215	西双龙村民委员会	122.873380	47.239101	0	25	55	乡镇
230207002204	三江省村村民委员会	122.891501	47.510523	1	80	95	政府机构
230221217203	龙头村民委员会	122.520210	47.356101	0	30	72	村庄
230225201202	建华村民委员会	123.479730	47.758541	0	30	72	村庄
230225100201	西郊村民委员会	123.486451	47.927820	0	30	72	村庄
230203004012	学院社区居民委员会	123.964441	47.355601	1	80	94	政府机构
230227105208	冯屯村民委员会	124.186503	47.502615	0	14	46	乡镇
230229583598	克山县种猪场虚拟生活区	125.488440	48.189441	1	80	95	UNKNOWN
230225204217	靠河村民委员会	123.953809	48.130402	0	25	55	村庄
230221106200	东白土村民委员会	123.227007	47.209492	0	16	38	乡镇
230281201201	文明村村民委员会	125.180141	48.579509	0	30	72	村庄
230203007002	安居社区居民委员会	123.934055	47.365782	1	80	94	政府机构
230281405598	新江林场虚拟生活区	124.884001	48.484200	0	12	29	区县
230204500501	齐齐哈尔种畜场第一管理区	124.148166	47.352297	0	16	65	UNKNOWN
230231203208	治安村民委员会	126.312710	47.593139	0	30	72	村庄
230202003005	西岗子社区居民委员会	123.926268	47.326009	1	80	94	政府机构
230281106207	富强村村民委员会	124.674980	48.314782	0	30	72	村庄
230206009498	砖瓦虚拟社区	123.630000	47.209501	0	16	38	区县
230207001003	团结社区居民委员会	122.888000	47.516900	0	16	33	区县
230221105210	仙人洞村民委员会	123.025679	46.886516	0	14	46	乡镇
230202004001	海山社区居民委员会	123.965331	47.342093	1	80	94	政府机构
230221102214	奋勇村民委员会	122.876810	47.384881	0	30	72	村庄
230281111203	群英村村民委员会	125.151430	48.636352	0	30	72	村庄
230231209202	民众村民委员会	125.812989	47.678432	0	30	72	村庄
230224103202	齐心村民委员会	123.687660	46.769160	0	25	55	乡镇
230281102213	荣光村村民委员会	124.598370	48.480412	0	25	55	乡镇
230221101204	解放村民委员会	122.950790	47.079829	0	30	72	村庄
230205101202	胜合村民委员会	123.786450	47.141550	0	30	72	村庄
230225104203	新华村民委员会	124.220680	47.902710	0	30	72	村庄
230221102202	文化村民委员会	122.672340	47.505101	0	30	72	村庄
230224100204	繁荣村民委员会	123.419320	46.399219	0	25	55	乡镇
230225203205	东兴村民委员会	123.662630	48.033790	0	25	55	村庄
230231209214	兴良村民委员会	125.855240	47.629472	0	25	55	村庄
230221101212	兴隆川村民委员会	123.034330	47.081661	0	25	55	乡镇
230281102205	红星村村民委员会	124.694451	48.567709	0	30	72	村庄
230221215204	黑里沟村民委员会	123.053024	47.478153	0	16	47	村庄
230225204201	巨新村民委员会	123.953809	48.130402	0	25	70	村庄
230203004004	华溪社区居民委员会	123.964441	47.355601	1	80	94	政府机构
230230204209	民富村民委员会	126.410889	47.830852	0	25	55	村庄
230221202200	广厚村民委员会	123.392360	47.076351	0	25	70	村庄
230281105201	平房村村民委员会	125.122250	48.436140	0	30	72	村庄
230203007014	万达社区居民委员会	123.934055	47.365782	1	80	94	政府机构
230225103207	东胜村民委员会	124.213391	48.036530	0	30	72	村庄
230221105206	前六九村民委员会	123.025679	46.886516	0	14	46	乡镇
230221100004	文化社区居民委员会	123.184490	47.331910	0	25	47	乡镇
230224107200	红旗村民委员会	123.541900	46.506989	0	30	72	村庄
230225202207	核心村民委员会	123.238550	47.702581	0	25	55	村庄
230281400598	龙河镇保安林场虚拟生活区	125.592680	48.564250	1	80	95	UNKNOWN
230221204206	东兴村民委员会	123.411599	47.437202	0	25	55	乡镇
230202006005	南郊社区居民委员会	123.953560	47.311111	1	80	93	政府机构
230281103207	江东村村民委员会	124.681410	48.729500	0	30	72	村庄
230225100003	东风社区居委会	123.504890	47.913771	0	25	70	乡镇
230205100200	水师营村民委员会	123.994600	47.251481	0	25	55	乡镇
230224101206	东胜村民委员会	123.589509	46.655391	0	30	72	村庄
230229208204	上升村村民委员会	125.751910	48.160672	0	30	72	村庄
230221103200	平安村民委员会	122.872710	47.239572	0	30	72	村庄
230225580500	双河农场第一生产队	123.759350	47.856302	1	80	97	UNKNOWN
230203006016	民乐社区居民委员会	123.980460	47.353484	1	80	94	政府机构
230225500513	查哈阳场直六区	123.506000	47.920801	0	12	26	区县
230224106202	宏丰村民委员会	123.156320	46.522430	0	25	55	乡镇
230229105208	联民村村民委员会	125.476820	48.081640	0	30	72	村庄
230221104204	大榆树村民委员会	123.259290	47.530140	0	25	55	乡镇
230221203202	沙河台村民委员会	123.452740	47.130031	0	25	55	村庄
230202001001	新宫社区居民委员会	123.937720	47.337832	1	75	92	UNKNOWN
230281104203	勤俭村村民委员会	125.429340	48.566620	0	30	72	村庄
230281101001	文昌社区居民委员会	124.589904	48.211259	0	18	40	乡镇
230225580516	双河农场第十七生产队	123.759350	47.856302	1	80	95	UNKNOWN
230225206205	黎明村民委员会	124.302299	48.365812	0	30	72	村庄
230281107205	兴胜村村民委员会	125.026740	48.296662	0	30	72	村庄
230221104212	双龙村民委员会	123.247248	47.443716	0	30	72	村庄
230202007205	五福玛社区村委会	123.918978	47.269411	1	80	93	政府机构
230225500505	查哈阳农场金边管理区	123.506000	47.920801	0	12	24	区县
230225101203	兴武村民委员会	123.619899	47.931012	1	80	97	政府机构
230221107202	二沟河村民委员会	123.271739	46.939313	0	16	47	乡镇
230204100205	查罕诺村民委员会	124.094610	47.283459	0	30	72	村庄
230224105204	新风村民委员会	123.797490	46.841558	0	30	72	村庄
230281210203	河江村村民委员会	124.531440	48.099731	0	25	55	乡镇
230223208203	腰心村民委员会	125.084520	47.871682	0	25	70	村庄
230231102208	建国村民委员会	126.079599	47.820962	0	30	72	村庄
230281103211	长胜村村民委员会	124.694201	48.662279	0	30	72	村庄
230221100206	合山村民委员会	123.184490	47.331910	0	25	55	乡镇
230224102200	合兴村民委员会	123.766329	46.978671	0	25	55	乡镇
230281207207	新祥村村民委员会	124.767520	48.037150	0	30	72	村庄
230225201201	长红村民委员会	123.548601	47.771150	0	25	70	村庄
230221103216	五二村民委员会	122.873380	47.239101	0	25	55	乡镇
230207002207	前进村村民委员会	122.891501	47.510523	1	80	97	政府机构
230221217200	会兴村民委员会	122.704330	47.381360	0	25	70	乡镇
230223202209	祥顺村民委员会	125.497170	47.765352	0	25	55	村庄
230281110201	谦益村村民委员会	125.496799	48.466392	0	30	72	村庄
230281201202	双发村村民委员会	125.162130	48.548091	0	30	72	村庄
230221106203	兴隆岗村民委员会	123.189375	47.255283	1	80	97	政府机构
230225204214	胜利村民委员会	123.863480	48.182450	0	30	72	村庄
230225100202	富强村民委员会	123.348150	47.811132	0	30	72	村庄
230202003006	滨江社区居民委员会	123.926268	47.326009	1	80	94	政府机构
230224107215	曙光村民委员会	123.316810	46.627128	0	30	72	村庄
230281106204	黎明村村民委员会	124.633810	48.293759	0	30	72	村庄
230221100011	新城社区居民委员会	123.184490	47.331910	0	25	47	乡镇
230221105213	西六家子村民委员会	123.025679	46.886516	0	14	46	乡镇
230204500502	齐齐哈尔种畜场第二管理区	124.148166	47.352297	0	16	65	UNKNOWN
230206005007	二十七社区居民委员会	123.597135	47.210118	1	80	94	政府机构
230281111200	胜利村村民委员会	125.052821	48.692639	0	30	72	村庄
230202004002	永青社区居民委员会	123.965331	47.342093	1	80	95	政府机构
230281101200	四季青村村民委员会	124.623930	48.221870	0	30	72	村庄
230224103201	保隆村民委员会	123.685326	46.771166	0	60	80	火车站
230281102210	五星村村民委员会	124.739400	48.544781	0	30	72	村庄
230221101207	景山村民委员会	123.010590	47.140819	0	30	72	村庄
230231103209	同利村民委员会	125.703920	47.826250	0	30	72	村庄
230231209201	平等村民委员会	125.855240	47.629472	0	25	55	村庄
230221102201	德胜村民委员会	122.760460	47.489801	0	25	55	乡镇
230224100207	长胜村民委员会	123.473070	46.247570	0	30	72	村庄
230230104208	富强村民委员会	126.152090	47.925201	0	30	72	村庄
230224403598	泰来县二苗圃虚拟生活区	123.417000	46.392199	0	12	29	区县
230205101201	稻田朝鲜族村民委员会	123.747563	47.159700	0	16	38	乡镇
230225104200	建新村民委员会	124.164130	47.909700	0	30	72	地产小区
230227101209	福合村民委员会	124.854156	47.636572	0	30	72	村庄
230221101211	大肚川村民委员会	123.010110	47.182769	0	30	72	UNKNOWN
230281102206	富乡村村民委员会	124.645070	48.499120	0	30	72	村庄
230225203206	望山村民委员会	123.838140	48.038514	0	30	72	村庄
230281105202	鲁民村村民委员会	125.051908	48.421455	0	30	72	村庄
230221202203	北山村民委员会	123.260391	47.104449	0	30	72	村庄
230206006001	宝石社区居民委员会	123.606218	47.208722	0	30	47	乡镇
230203004007	湖畔社区居民委员会	123.964441	47.355601	1	80	94	政府机构
230225204202	巨宏村民委员会	123.953809	48.130402	0	25	70	村庄
230204003008	人民社区居民委员会	124.007469	47.339162	1	80	94	政府机构
230221105205	碱水村民委员会	123.025679	46.886516	0	14	46	乡镇
230221100007	通达社区居民委员会	123.188427	47.344236	1	80	95	政府机构
230224107203	乾兴村民委员会	123.442760	46.506188	0	25	55	乡镇
230224102001	街道居民委员会	123.766329	46.978671	0	25	55	乡镇
230206005011	东重社区居民委员会	123.597135	47.210118	1	80	94	政府机构
230225103204	东方村民委员会	124.326791	48.063820	0	30	72	村庄
230208103206	红旗村民委员会	123.828829	47.525222	0	25	55	乡镇
230231101202	革心村民委员会	126.404719	47.421442	0	25	70	地产小区
230281002001	爱民社区居民委员会	124.876781	48.481509	1	80	94	政府机构
230229208208	均冲村村民委员会	125.834950	48.288149	0	30	72	村庄
230229102200	西城村村民委员会	125.485340	48.168630	0	30	72	村庄
230231102212	大兴村民委员会	125.967110	47.796270	0	25	55	乡镇
230204005001	中东社区居民委员会	123.977319	47.339389	1	80	94	政府机构
230231206204	长征村民委员会	125.792160	47.780441	0	30	72	村庄
230227501502	繁荣种畜场第二管理区	124.569231	47.461830	1	80	97	UNKNOWN
230223201203	团结村民委员会	125.459870	47.624121	0	30	72	村庄
230223105215	新合村民委员会	125.163870	47.733260	0	30	72	地产小区
230230202203	玉和村民委员会	126.241587	47.893328	0	30	72	村庄
230229205206	合发村村民委员会	125.212390	48.118493	0	30	72	村庄
230227200206	龙山村民委员会	124.658000	47.475252	0	30	72	村庄
230204002005	南化社区居民委员会	124.008022	47.328088	1	80	94	政府机构
230231201200	爱众村民委员会	126.233096	47.543821	0	16	47	村庄
230208501402	哈拉海场直社区	123.614750	47.631549	1	70	88	UNKNOWN
230223206207	红旗村民委员会	125.282560	47.920551	0	30	72	村庄
230230101211	富裕村民委员会	126.220070	48.167272	0	25	55	乡镇
230205006002	东局宅社区居民委员会	123.822999	47.155102	0	14	29	区县
230231212210	国安村民委员会	125.725850	47.377460	0	25	55	村庄
230208104202	长兴村民委员会	123.655785	47.492632	0	30	72	村庄
230231106206	文明村民委员会	125.670500	47.441541	0	30	72	村庄
230221104208	高地村民委员会	123.287920	47.628102	0	30	72	村庄
230229105204	清政村村民委员会	125.525130	48.079630	0	30	72	村庄
230229100006	嘉利盈社区居民委会	125.879772	48.019552	1	80	92	地产小区
230230102201	安陆村民委员会	126.261905	47.796811	0	16	47	乡镇
230223101201	庆丰村民委员会	125.206070	47.522042	0	30	72	村庄
230281109201	志诚村村民委员会	124.878081	48.151959	0	30	72	村庄
230231105200	保护村民委员会	126.418906	47.651905	0	16	47	乡镇
230231100002	光辉社区居民委员会	126.087790	47.607411	0	25	47	乡镇
230230402598	爱华林场虚拟生活区	126.126577	48.230717	1	80	95	UNKNOWN
230223102207	双阳村民委员会	125.603590	47.558770	0	25	70	乡镇
230229106202	一心村村民委员会	125.948150	47.937630	0	30	72	村庄
230224105208	托力河村民委员会	123.629390	47.058120	1	80	97	UNKNOWN
230230101207	东连村民委员会	126.220070	48.167272	0	25	55	乡镇
230204100209	胡屯村民委员会	124.101120	47.377479	0	30	72	村庄
230208200202	西地房子村民委员会	124.093440	47.745789	0	30	72	村庄
230231212206	中起村民委员会	125.725850	47.377460	0	25	70	村庄
230227203200	友谊村民委员会	124.465360	47.777560	0	30	72	村庄
230225500509	查哈阳场直二区	123.506000	47.920801	0	12	26	区县
230223101217	公平村民委员会	125.367900	47.476101	0	25	55	乡镇
230223205201	兴欣村民委员会	125.377778	47.983190	0	16	47	村庄
230231101214	组织村民委员会	126.404719	47.421442	0	25	55	地产小区
230208103210	阿拉村民委员会	123.828829	47.525222	0	25	55	乡镇
230229206200	双发村村民委员会	125.317233	48.154083	0	30	72	村庄
230223202205	福德村民委员会	125.497170	47.765352	0	25	55	村庄
230227103202	力合村民委员会	124.538350	47.958682	0	25	55	乡镇
230231102204	努力村民委员会	125.967110	47.796270	0	25	55	乡镇
230223100001	东南街社区	125.316910	47.878990	0	18	66	乡镇
230223105203	建民村民委员会	125.058340	47.678470	0	30	72	村庄
230229101206	红星村村民委员会	125.570750	48.476982	0	30	72	村庄
230229210205	富民村村民委员会	125.602190	48.421090	0	30	72	村庄
230281106208	前程村村民委员会	124.698161	48.283010	0	30	72	村庄
230223204200	长兴村民委员会	125.477241	47.902849	0	30	72	村庄
230230103216	北兴村民委员会	126.511980	48.208471	0	30	72	村庄
230229200205	仁发村村民委员会	126.069591	47.981900	0	30	72	村庄
230227202201	蓬生村民委员会	124.840678	47.961808	0	16	65	村庄
230231203207	勤富村民委员会	126.242650	47.646640	0	25	55	村庄
230229102001	民安居民委员会	125.522454	48.169714	0	16	38	乡镇
230230204210	民主村民委员会	126.409100	47.768422	0	30	72	村庄
230223103206	东兴村民委员会	125.039620	47.590971	0	30	72	村庄
230231104201	仁义村民委员会	125.904110	47.445900	0	30	72	村庄
230281002200	建华村村民委员会	124.876781	48.481509	1	80	97	政府机构
230225204218	全胜村民委员会	123.953809	48.130402	0	25	55	村庄
230227100005	富裕县富裕镇鑫鑫社区	124.474810	47.801472	0	25	70	乡镇
230227105207	肖屯村民委员会	124.186503	47.502615	0	14	46	乡镇
230224209205	立志村民委员会	123.728300	46.289438	0	25	55	乡镇
230223104202	自由村民委员会	125.240840	47.582740	0	30	72	村庄
230208101201	雅尔塞村民委员会	123.899976	47.443302	1	80	97	政府机构
230231103205	民生村民委员会	125.643270	47.767640	0	30	72	村庄
230227102203	五星村民委员会	124.861340	47.873041	0	25	55	乡镇
230223501402	红旗马场场直社区	125.306000	47.893401	0	12	29	区县
230223203204	新联村民委员会	125.644170	47.874600	0	30	72	村庄
230230104212	庆丰村民委员会	126.175439	47.943891	0	30	72	村庄
230229207201	同联村村民委员会	125.522892	48.222557	0	30	72	村庄
230231214203	新旺村民委员会	125.856820	47.516372	0	30	72	村庄
230231204203	集体村民委员会	126.103670	47.708022	0	30	72	村庄
230281585598	第一良种场虚拟生活区	124.822408	48.479255	1	80	95	UNKNOWN
230223104214	兴盛村民委员会	125.315030	47.644484	0	30	72	村庄
230281208202	文光村村民委员会	125.041240	48.183911	0	30	72	村庄
230223200202	富饶村民委员会	125.549300	47.415871	0	25	55	村庄
230227500503	富裕牧场第三管理区	124.640700	47.839220	0	50	82	UNKNOWN
230230104204	齐心村民委员会	126.186470	48.047550	0	30	72	村庄
230229103201	均城村村民委员会	125.678031	47.989622	0	30	72	村庄
230227101205	解放村民委员会	124.760860	47.591400	0	30	72	村庄
230231100203	民乐村民委员会	126.047280	47.525602	0	30	72	村庄
230223100200	合心村民委员会	125.335260	47.894082	0	30	72	村庄
230281108200	通南村村民委员会	125.007840	48.139670	0	30	72	村庄
230229104205	北合村村民委员会	125.748849	48.345682	0	30	72	村庄
230230103200	新合村民委员会	126.444780	48.004430	0	30	72	村庄
230221105209	后六家子村民委员会	123.025679	46.886516	0	14	46	乡镇
230225103208	团民村民委员会	124.255220	48.012952	0	25	55	乡镇
230208105203	后平村民委员会	123.758879	47.312782	0	25	55	乡镇
230229203203	新安村村民委员会	126.043760	48.110922	0	30	72	村庄
230230204206	保安村民委员会	126.406739	47.842352	0	30	72	村庄
230223207206	光明村民委员会	125.062350	47.992460	0	30	72	村庄
230206200201	新联村村委员会	123.617189	47.237067	0	30	72	村庄
230227105211	大马岗村民委员会	124.186503	47.502615	0	14	46	乡镇
230204003004	前程社区居民委员会	124.013394	47.342971	1	80	92	地产小区
230231200201	永发村民委员会	126.279920	47.368001	0	30	72	村庄
230231210201	永勤村民委员会	125.842096	47.551525	1	80	100	政府机构
230229203202	新农村村民委员会	126.000870	48.069611	0	30	72	村庄
230230204207	太平村民委员会	126.410889	47.830852	0	25	70	村庄
230206200200	长青村村委员会	123.672586	47.222918	0	30	72	村庄
230223207207	海城村民委员会	125.103730	48.019400	0	25	55	村庄
230227105210	大高粮村民委员会	124.186503	47.502615	0	14	64	乡镇
230231200200	新生村民委员会	126.159099	47.440822	0	30	72	村庄
230206008012	红旗社区居民委员会	123.661740	47.210620	1	80	94	政府机构
230231210200	新民村民委员会	125.916550	47.548272	0	30	72	村庄
230227201206	团结村民委员会	124.849960	47.509172	0	30	72	村庄
230223100201	东平村民委员会	125.290600	47.897200	0	30	72	村庄
230281108201	双乐村村民委员会	125.131180	48.072021	0	30	72	村庄
230229104204	复兴村村民委员会	125.645320	48.331260	0	30	72	村庄
230230103201	新胜村民委员会	126.476680	48.026691	0	30	72	村庄
230221105208	后六九村民委员会	123.025679	46.886516	0	14	46	乡镇
230208105202	前平村民委员会	123.758879	47.312782	0	25	55	乡镇
230230104205	古城村民委员会	126.158640	48.088512	0	30	72	村庄
230229103200	日新村村民委员会	125.606610	47.933390	0	30	72	地产小区
230227101204	长发村民委员会	124.663989	47.640332	0	25	55	乡镇
230231100202	永久村民委员会	126.099120	47.597502	0	30	72	村庄
230208102206	额尔门沁村民委员会	124.003309	47.570782	0	25	55	乡镇
230223104215	同心村民委员会	125.335489	47.692141	0	25	55	乡镇
230229204206	更好村村民委员会	125.800889	48.125503	0	30	72	村庄
230281208203	保育村村民委员会	125.060800	48.226659	0	30	72	村庄
230223200203	兴智村民委员会	125.549300	47.415871	0	25	55	村庄
230227500502	富裕牧场第二管理区	124.640700	47.839220	0	50	82	UNKNOWN
230204004001	曙光社区居民委员会	123.978001	47.340799	0	16	33	区县
230231103212	万发村民委员会	125.665200	47.734410	0	25	55	乡镇
230223203205	新发村民委员会	125.478430	47.840940	0	30	72	村庄
230229207200	同生村村民委员会	125.544090	48.259223	0	30	72	村庄
230231214202	乐业村民委员会	125.886960	47.514390	0	30	72	村庄
230231204202	永宁村民委员会	126.185320	47.723010	0	30	72	村庄
230227101212	兴隆村民委员会	124.817761	47.691370	0	30	72	村庄
230224209204	好新村民委员会	123.569207	46.316400	1	80	97	政府机构
230223104203	永胜村民委员会	125.344341	47.534950	0	30	72	村庄
230208101200	音钦村民委员会	123.905649	47.484187	1	80	97	政府机构
230231103204	幸福村民委员会	125.755980	47.705512	0	30	72	村庄
230227102202	新生村民委员会	124.936981	47.853029	0	30	72	村庄
230223103207	保国村民委员会	125.306000	47.893401	0	12	44	区县
230230204211	民安村民委员会	126.429451	47.746350	0	30	72	村庄
230230403598	发展林场虚拟生活区	126.477413	47.925502	1	80	95	UNKNOWN
230231104200	卫星村民委员会	125.966350	47.415070	0	30	72	村庄
230281002201	五一村村民委员会	124.876781	48.481509	1	80	97	政府机构
230227100004	富裕县富裕镇富隆社区	124.474810	47.801472	0	25	70	乡镇
230227105206	大哈柏村民委员会	124.186503	47.502615	0	14	64	乡镇
230281106209	火烽村村民委员会	124.918460	48.403921	0	30	72	村庄
230229210204	庄河村村民委员会	125.597130	48.434490	0	30	72	村庄
230230103217	忠良村民委员会	126.482063	48.151388	1	80	95	地产小区
230223204201	联合村民委员会	125.549851	47.917221	0	30	72	村庄
230229200204	联合村村民委员会	126.032460	47.901372	0	30	72	村庄
230227202200	庆生村民委员会	124.840678	47.961808	0	16	47	村庄
230231203206	进步村民委员会	126.233049	47.623172	0	30	72	村庄
230227103203	林业村民委员会	124.538350	47.958682	0	25	55	乡镇
230231102205	远见村民委员会	125.967110	47.796270	0	25	55	乡镇
230229402598	克山县北联林场虚拟生活区	125.673830	48.208071	1	80	95	UNKNOWN
230223105202	太平村民委员会	125.021422	47.707257	0	30	72	村庄
230230202214	光荣村民委员会	126.350560	47.951842	0	30	72	村庄
230229101207	大同村村民委员会	125.611887	48.484401	0	30	72	村庄
230281584598	龙河镇青色草原种畜场虚拟生活区	125.747600	48.641092	1	80	95	UNKNOWN
230204006006	劳动社区居民委员会	124.001907	47.360275	0	30	47	乡镇
230229500501	克山农场第一管理区	125.243610	48.278430	1	80	100	UNKNOWN
230208103211	北兴村民委员会	123.711810	47.705522	0	30	72	村庄
230229206201	民胜村村民委员会	125.345380	48.216710	0	30	72	村庄
230223202204	龙泉村民委员会	125.557640	47.711472	0	30	72	村庄
230223500402	依安场直社区	125.293750	47.874009	0	60	87	UNKNOWN
230231212207	国平村民委员会	125.725850	47.377460	0	25	55	村庄
230227203201	长久村民委员会	124.516581	47.796429	0	30	72	村庄
230225500508	查哈阳农场幸福之路管理区	123.506000	47.920801	0	12	24	区县
230223101216	丰林村民委员会	125.211929	47.560792	0	30	72	村庄
230223205200	兴旺村民委员会	125.378120	47.949902	0	30	72	村庄
230231105201	自治村民委员会	126.355329	47.638851	0	30	72	村庄
230231100003	星火社区居民委员会	126.087790	47.607411	0	25	47	乡镇
230223102206	仁和村民委员会	125.561213	47.548403	0	30	72	村庄
230229106203	双心村村民委员会	125.900546	47.947689	0	30	72	村庄
230229103001	镇直第一居民委员会	125.716806	47.984186	0	16	47	乡镇
230230101206	中兴村民委员会	126.220070	48.167272	0	25	55	乡镇
230204100208	先锋村民委员会	124.017120	47.323301	0	30	72	村庄
230231212211	中勤村民委员会	125.725850	47.377460	0	25	55	村庄
230208101001	雅尔塞社区居民委员会	123.899976	47.443302	1	80	95	政府机构
230208104203	敖宝村民委员会	123.686870	47.451040	0	25	55	乡镇
230231106207	新辉村民委员会	125.708685	47.430282	1	80	100	政府机构
230221104209	正阳村民委员会	123.259290	47.530140	0	25	55	乡镇
230229105205	东升村村民委员会	125.628780	48.047812	0	30	72	村庄
230230102200	兴国村民委员会	126.261905	47.796811	0	16	47	乡镇
230223101200	公和村民委员会	125.367900	47.476101	0	25	55	乡镇
230281109200	广义村村民委员会	124.810341	48.188840	0	30	72	村庄
230227200207	永丰村民委员会	124.614370	47.408582	0	30	72	村庄
230231201201	双仁村民委员会	126.233096	47.543821	0	16	47	村庄
230204002004	新兴社区居民委员会	124.008022	47.328088	1	80	94	政府机构
230230101210	红兴村民委员会	126.220070	48.167272	0	25	55	乡镇
230223206206	合发村民委员会	125.230050	47.952750	0	25	55	村庄
230205006003	西局宅社区居民委员会	123.822999	47.155102	0	14	32	区县
230231102213	兴旺村民委员会	126.129621	47.827040	0	30	72	村庄
230231206205	福民村民委员会	125.801910	47.753752	0	30	72	村庄
230227501503	繁荣种畜场第三管理区	124.569231	47.461830	1	80	97	UNKNOWN
230223201202	太来村民委员会	125.506755	47.657805	0	16	47	村庄
230230202202	同意村民委员会	126.266230	47.937490	0	30	72	村庄
230223105214	东和平村民委员会	124.999877	47.744132	0	16	47	乡镇
230229205207	发家村村民委员会	125.246380	48.062390	0	30	72	村庄
230208103207	瑞廷村民委员会	123.828829	47.525222	0	25	70	乡镇
230231101203	富业村民委员会	126.404719	47.421442	0	25	55	地产小区
230229208209	勤政村村民委员会	125.822030	48.315941	0	30	72	村庄
230229102201	心合村村民委员会	125.469260	48.190050	0	30	72	村庄
230221105204	六合村民委员会	123.025679	46.886516	0	14	64	乡镇
230221100006	华龙社区居民委员会	123.184490	47.331910	0	25	47	乡镇
230224107202	克利村民委员会	123.441650	46.505489	1	80	100	政府机构
230225103205	东发村民委员会	124.255220	48.012952	0	25	55	乡镇
230281105203	五福村村民委员会	125.062110	48.379020	0	30	72	村庄
230224200204	哈拉村民委员会	123.617190	46.457908	0	25	55	乡镇
230221202202	东阳村民委员会	123.302540	47.099760	0	30	72	村庄
230203004006	明园社区居民委员会	123.964441	47.355601	1	80	94	政府机构
230225204203	巨丰村民委员会	123.953809	48.130402	0	25	55	村庄
230221101210	聚宝盆村民委员会	123.034330	47.081661	0	25	55	乡镇
230281102207	远大村村民委员会	124.884001	48.484200	0	12	26	区县
230221215206	龙德村民委员会	123.053024	47.478153	0	16	47	村庄
230231209216	仁合村民委员会	125.698560	47.601501	0	30	72	村庄
230281401598	龙河镇茂山林场虚拟生活区	125.833561	48.695850	1	80	95	UNKNOWN
230225203207	先进村民委员会	123.845790	48.122960	0	30	72	村庄
230221102200	龙兴村民委员会	122.751379	47.491212	0	30	72	村庄
230224100206	明月村民委员会	123.419320	46.399219	0	25	55	乡镇
230230104209	红塔村民委员会	126.165507	47.991238	0	16	47	乡镇
230205101200	大五福玛村民委员会	123.747563	47.159700	0	16	65	乡镇
230225104201	立志村民委员会	124.189959	47.897592	0	25	55	乡镇
230227101208	永太村民委员会	124.663989	47.640332	0	25	55	乡镇
230224103200	先进村民委员会	123.657620	46.778620	0	30	72	村庄
230281102211	城北村村民委员会	124.598370	48.480412	0	25	55	乡镇
230221101206	永发村民委员会	123.027830	47.166240	0	30	72	村庄
230231103208	德发村民委员会	125.665200	47.734410	0	25	55	乡镇
230231209200	礼让村民委员会	125.855240	47.629472	0	25	55	村庄
230281111201	聚宝村村民委员会	125.110181	48.694960	0	30	72	村庄
230202004003	火电社区居民委员会	123.965331	47.342093	1	80	94	政府机构
230221102216	小湾村民委员会	122.725490	47.454740	0	30	72	村庄
230281101201	永远回族村村民委员会	124.589904	48.211259	0	18	40	乡镇
230221201204	靠山村民委员会	123.390682	47.276930	0	30	72	村庄
230229200208	大河村村民委员会	125.971105	48.000037	0	30	72	村庄
230224107214	四间村民委员会	123.442760	46.506188	0	25	55	乡镇
230281106205	新安村村民委员会	124.718050	48.352632	0	30	72	村庄
230221100010	幸福社区居民委员会	123.184490	47.331910	0	25	47	乡镇
230221105212	四合堂村民委员会	123.110910	46.846411	0	30	72	村庄
230207001001	安居社区居民委员会	122.888000	47.516900	0	16	33	区县
230204500503	齐齐哈尔种畜场第四管理区	124.148166	47.352297	0	16	65	UNKNOWN
230281201203	孔国村村民委员会	125.212239	48.524492	0	30	72	村庄
230224104204	平安村民委员会	123.206990	46.555779	0	30	72	村庄
230221106202	长山村民委员会	123.232650	47.252782	0	30	72	村庄
230227100008	富裕县富裕镇万和社区	124.474810	47.801472	0	25	70	乡镇
230225204215	巨变村民委员会	123.953809	48.130402	0	25	70	村庄
230206008008	万平社区居民委员会	123.661740	47.210620	1	80	94	政府机构
230225100203	长胜村民委员会	123.479830	47.846461	0	30	72	村庄
230206003003	北群社区居民委员会	123.643868	47.195872	1	80	93	政府机构
230225201200	新生村民委员会	123.547411	47.766060	0	30	72	村庄
230221103217	羊草村民委员会	122.873380	47.239101	0	25	55	乡镇
230207002206	华丰村村民委员会	122.891501	47.510523	1	80	95	政府机构
230221217201	护林村民委员会	122.704330	47.381360	0	25	55	乡镇
230223202208	诚顺村民委员会	125.497170	47.765352	0	25	55	村庄
230202005002	五福社区居民委员会	123.951940	47.329262	1	80	94	政府机构
230281110200	利国村村民委员会	125.556969	48.398532	0	30	72	村庄
230231102209	民政村民委员会	126.083840	47.773680	0	30	72	村庄
230225202210	绿化村民委员会	123.157979	47.677162	0	30	72	村庄
230281103210	和平村村民委员会	124.727229	48.622402	0	30	72	村庄
230221100207	二龙村民委员会	123.184490	47.331910	0	25	55	乡镇
230224102201	达佰岱村民委员会	123.766329	46.978671	0	25	70	乡镇
230281207206	复兴村村民委员会	124.804261	48.065820	0	30	72	村庄
230205101001	友谊社区居民委员会	123.747563	47.159700	0	16	38	乡镇
230225101202	山湾村民委员会	123.600530	48.017091	0	30	72	村庄
230204100204	边屯村民委员会	124.135880	47.313681	0	30	72	村庄
230221107203	一心村民委员会	123.271739	46.939313	0	16	65	乡镇
230221102001	龙兴街道居民委员会	122.760460	47.489801	0	25	47	乡镇
230224105205	前官地村民委员会	123.875060	46.888910	0	30	72	村庄
230281210202	索伦村村民委员会	124.514951	48.122940	0	30	72	村庄
230223208202	太民村民委员会	125.084520	47.871682	0	25	70	村庄
230225580517	双河农场第十八生产队	123.759350	47.856302	1	80	95	UNKNOWN
230225206204	富国村民委员会	124.236850	48.452911	0	30	72	村庄
230281107204	平安村村民委员会	125.005080	48.261330	0	30	72	村庄
230221104213	同兴村民委员会	123.217230	47.470712	0	30	72	村庄
230202007204	大民社区村委会	123.918978	47.269411	1	80	94	政府机构
230202002006	园艺社区居民委员会	123.929120	47.333320	1	80	94	政府机构
230225500504	查哈阳农场太平湖管理区	124.099920	48.305323	0	30	72	村庄
230221203203	爱民村民委员会	123.482830	47.111980	0	30	72	村庄
230281104202	康庄村村民委员会	125.351791	48.592440	0	30	72	村庄
230225580501	双河农场第二生产队	123.759350	47.856302	1	80	97	UNKNOWN
230225102204	宏光村民委员会	124.333441	48.308379	0	30	72	村庄
230281480498	黑龙江省老莱农场虚拟社区	124.889569	48.765771	1	80	97	UNKNOWN
230225500512	查哈阳场直五区	123.506000	47.920801	0	12	26	区县
230224106203	仁合村民委员会	123.167589	46.479981	0	30	72	村庄
230224103001	街道居民委员会	123.687660	46.769160	0	25	55	乡镇
230221104205	吉祥村民委员会	123.149080	47.585911	0	30	72	村庄
230225100002	繁荣社区居委会	123.504890	47.913771	0	25	70	乡镇
230205100201	衙门满族村民委员会	123.994600	47.251481	0	25	55	乡镇
230224402598	泰来县一苗圃虚拟生活区	123.417000	46.392199	0	12	24	区县
230204008002	八里社区居民委员会	124.007469	47.339162	1	80	94	政府机构
230224101207	山头村民委员会	123.473950	46.582460	0	30	72	村庄
230229208205	联放村村民委员会	125.621847	48.181328	0	30	72	村庄
230221103201	大泉子村民委员会	122.873380	47.239101	0	25	55	乡镇
230225202206	同利村民委员会	123.299830	47.773651	0	30	72	村庄
230224500501	泰来非场直生活区	123.746813	46.446472	0	16	47	UNKNOWN
230203002003	裕民社区居民委员会	123.963735	47.351022	1	80	94	政府机构
230221204207	西里村民委员会	123.411599	47.437202	0	25	55	乡镇
230202006004	华光社区居民委员会	123.953560	47.311111	1	80	93	政府机构
230207004002	富强社区居民委员会	122.892713	47.517304	1	80	94	政府机构
230281103206	清和村村民委员会	124.737410	48.798201	0	30	72	村庄
230229500510	克山农场第五管理区	125.363142	48.299400	0	16	65	乡镇
230227100202	繁荣村民委员会	124.474810	47.801472	0	25	55	乡镇
230208103200	达呼店村民委员会	123.823989	47.528977	1	80	100	政府机构
230231101204	久胜村民委员会	126.404719	47.421442	0	25	55	地产小区
230229102206	联众村村民委员会	125.588181	48.114760	0	30	72	村庄
230230100001	中兴社区居民委员会	126.276734	48.041595	0	18	40	乡镇
230231206202	勤俭村民委员会	125.827090	47.837010	0	30	72	村庄
230231102214	东风村民委员会	126.046260	47.851542	0	30	72	村庄
230229205200	新乐村村民委员会	125.285120	48.087580	0	30	72	村庄
230223105213	安乐村民委员会	124.999877	47.744132	0	16	65	乡镇
230230202205	吉利村民委员会	126.332239	47.960445	0	16	47	村庄
230227501504	繁荣种畜场第四管理区	124.569231	47.461830	1	80	97	UNKNOWN
230223201205	兴业村民委员会	125.503770	47.681782	0	30	72	村庄
230231201206	自立村民委员会	126.269490	47.521121	0	30	72	村庄
230227200200	建设村民委员会	124.613610	47.374211	0	30	72	村庄
230231105210	合理村民委员会	126.386070	47.701660	0	30	72	村庄
230223500501	依安农场第一管理区	125.293750	47.874009	0	60	87	UNKNOWN
230221203208	龙鲜村民委员会	123.452740	47.130031	0	25	70	村庄
230229500402	克山场直社区	125.363142	48.299400	0	16	65	乡镇
230281104209	国庆村村民委员会	125.576579	48.653681	0	30	72	村庄
230223206201	文合村民委员会	125.230050	47.952750	0	25	55	村庄
230230101217	河林村民委员会	126.220070	48.167272	0	25	55	乡镇
230208104204	胜利村民委员会	123.686870	47.451040	0	25	55	乡镇
230227203210	小哈州村民委员会	124.323712	47.774838	0	14	46	乡镇
230230401598	第二苗圃虚拟生活区	126.203900	48.151240	1	80	94	UNKNOWN
230231106200	公平村民委员会	125.796310	47.479821	0	25	55	乡镇
230281109207	光华村村民委员会	124.755231	48.251569	0	30	72	村庄
230223101207	东永福村民委员会	125.367900	47.476101	0	25	55	乡镇
230224106208	代克村民委员会	123.156320	46.522430	0	25	55	乡镇
230230102207	福建村民委员会	126.213160	47.805961	0	30	72	村庄
230229105202	新人村村民委员会	125.533880	47.999459	0	30	72	村庄
230231100004	育新社区居民委员会	126.087790	47.607411	0	25	47	乡镇
230231105206	国富村民委员会	126.466709	47.638032	0	30	72	村庄
230227104200	龙安桥村民委员会	124.436701	47.526034	0	30	72	道路
230230101201	长发村民委员会	126.220070	48.167272	0	25	55	乡镇
230281210209	天津村村民委员会	124.621930	48.151941	0	30	72	村庄
230229106204	联心村村民委员会	125.859050	47.957952	0	30	72	村庄
230221107208	兴盛村民委员会	123.304019	46.901463	0	30	72	村庄
230223102201	吉利村民委员会	125.603590	47.558770	0	25	55	乡镇
230227203206	登科村民委员会	124.323712	47.774838	0	14	46	乡镇
230231212200	中富村民委员会	125.725850	47.377460	0	25	55	村庄
230223205207	红建村民委员会	125.312800	47.995641	0	30	72	村庄
230206202200	杜尔门沁村村委员会	123.576620	47.171111	0	25	70	乡镇
230230102211	自卫村民委员会	126.261905	47.796811	0	16	47	乡镇
230223101211	庆玉村民委员会	125.367900	47.476101	0	25	70	乡镇
230204006001	新自卫社区居民委员会	123.993686	47.354124	0	50	73	UNKNOWN
230229500506	克山农场第六管理区	125.363142	48.299400	0	16	65	乡镇
230223202203	民力村民委员会	125.306000	47.893401	0	12	44	区县
230229206206	全发村村民委员会	125.362425	48.179175	0	30	72	村庄
230231102202	星火村民委员会	125.968460	47.853041	0	30	72	村庄
230227103204	龙生村民委员会	124.538350	47.958682	0	25	55	乡镇
230281001001	雨亭社区居民委员会	124.904735	48.472758	0	25	43	乡镇
230204005011	建工社区居民委员会	123.977319	47.339389	1	80	94	政府机构
230229101200	双兴村村民委员会	125.675350	48.479962	0	30	72	村庄
230230202213	建设村民委员会	126.403909	47.965132	0	30	72	村庄
230223105205	兴福村民委员会	124.999877	47.744132	0	16	47	乡镇
230223100007	瑞雪社区	125.316910	47.878990	0	18	66	乡镇
230229200203	兴利村村民委员会	126.113056	47.896291	0	30	72	村庄
230281108210	公安村村民委员会	125.066340	48.083670	0	30	72	村庄
230229210203	双互村村民委员会	125.683822	48.438635	0	30	72	村庄
230223204206	新民村民委员会	125.457300	47.964451	0	30	72	村庄
230230103210	爱民村民委员会	126.354870	48.140302	0	30	72	村庄
230231203201	上升村民委员会	126.228056	47.643093	1	80	97	政府机构
230223103200	保卫村民委员会	125.173840	47.645689	0	30	72	村庄
230281201208	长安村村民委员会	125.005830	48.536530	0	30	72	村庄
230230100200	兴胜村民委员会	126.240021	48.041086	0	30	72	村庄
230227105201	东塔哈村民委员会	124.474000	47.774302	0	12	34	区县
230227100003	富裕县富裕镇福兴社区	124.474810	47.801472	0	25	70	乡镇
230225100208	光辉村民委员会	123.504890	47.913771	0	25	70	乡镇
230231104207	新发村民委员会	125.850550	47.346731	0	30	72	村庄
230223104204	兴林村民委员会	125.335489	47.692141	0	25	55	乡镇
230224209203	光荣村民委员会	123.818680	46.373840	0	30	72	村庄
230227102205	富民村民委员会	124.787559	47.892522	0	30	72	村庄
230206001019	兴隆社区居民委员会	123.651959	47.204091	1	80	94	政府机构
230231103203	新春村民委员会	125.667580	47.688111	0	30	72	村庄
230223203202	利民村民委员会	125.566800	47.853032	0	30	72	村庄
230231204205	长久村民委员会	126.113650	47.668522	0	30	72	村庄
230231214205	荣跃村民委员会	125.965840	47.527920	0	25	55	村庄
230223200204	兴仁村民委员会	125.549300	47.415871	0	25	55	村庄
230281208204	茂林村村民委员会	125.110361	48.236680	0	30	72	村庄
230229204201	改革村村民委员会	125.763004	48.063636	0	30	72	村庄
230223104212	翻身村民委员会	125.335489	47.692141	0	25	55	乡镇
230281586598	第二良种场虚拟生活区	125.174094	48.342278	0	25	55	UNKNOWN
230229103207	国星村村民委员会	125.716806	47.984186	0	16	47	乡镇
230230104202	幸福村民委员会	126.167500	48.001352	0	30	72	村庄
230231100205	一心村民委员会	126.041199	47.564974	1	80	100	政府机构
230208102201	西卧牛吐村民委员会	124.003309	47.570782	0	25	47	乡镇
230229400598	克山县河北林场虚拟生活区	126.023401	48.184760	1	80	95	UNKNOWN
230227101203	万宝村民委员会	124.743060	47.661880	0	30	72	村庄
230230103206	兴华村民委员会	126.470459	48.089402	0	30	72	村庄
230229101001	镇直第一居民委员会	125.665909	48.489106	0	16	47	乡镇
230224107209	四里五村民委员会	123.442760	46.506188	0	25	55	乡镇
230229104203	民兴村村民委员会	125.682121	48.259962	0	30	72	村庄
230281108206	吉庆村村民委员会	125.160820	48.188501	0	30	72	村庄
230208105205	利发村民委员会	123.758879	47.312782	0	25	55	乡镇
230223207200	先锋村民委员会	125.106391	48.007590	0	30	72	村庄
230281105208	双泉村村民委员会	125.205949	48.445162	0	30	72	村庄
230230204200	翻身村民委员会	126.410889	47.830852	0	25	55	村庄
230229203205	新中村村民委员会	125.982510	48.166522	0	30	72	村庄
230231104211	新兴村民委员会	126.077550	47.352989	0	30	72	村庄
230227201201	齐心村民委员会	124.784389	47.532292	0	30	72	村庄
230231210207	立功村民委员会	125.807319	47.545242	0	25	55	村庄
230204003002	东苑西社区居民委员会	124.007469	47.339162	1	80	93	政府机构
230225204208	宝发村民委员会	123.953809	48.130402	0	25	55	村庄
230231200207	自新村民委员会	126.158059	47.441522	0	25	55	村庄
230225202201	前进村民委员会	123.338747	47.779600	0	30	72	村庄
230202006003	丰富社区居民委员会	123.953560	47.311111	1	80	93	政府机构
230281103201	丰产村村民委员会	124.858220	48.695741	0	30	72	村庄
230221204200	红旗村民委员会	123.402736	47.429042	0	30	72	村庄
230230202209	仁和村民委员会	126.389635	48.000762	0	30	72	村庄
230225100005	立新社区居委会	123.502953	47.914148	1	80	100	政府机构
230231101208	战斗村民委员会	126.389450	47.538931	0	30	72	村庄
230204008005	自建二社区居民委员会	124.007469	47.339162	1	80	93	政府机构
230225201211	丰收村民委员会	123.420070	47.779871	0	30	72	村庄
230224101200	太平村民委员会	123.602238	46.583084	0	30	72	村庄
230221103206	兴隆泉村民委员会	122.873380	47.239101	0	25	55	乡镇
230229208202	新放村村民委员会	125.688690	48.115242	0	30	72	村庄
230203006010	欣豪社区居民委员会	123.980460	47.353484	1	80	94	政府机构
230225102203	兴隆村民委员会	124.355545	48.248775	0	30	72	村庄
230208104208	永昌回民村民委员会	123.686870	47.451040	0	25	47	乡镇
230225580506	双河农场第七生产队	123.759350	47.856302	1	80	97	UNKNOWN
230224106204	联合村民委员会	123.125750	46.475829	0	30	72	村庄
230221104202	前进村民委员会	123.112229	47.528282	0	30	72	村庄
230207003001	春光社区居民委员会	122.880661	47.510486	1	80	94	政府机构
230281104205	新生活村村民委员会	125.689930	48.615862	0	30	72	UNKNOWN
230221203204	复民村民委员会	123.452740	47.130031	0	25	70	村庄
230225206203	曙光村民委员会	124.296270	48.388331	0	30	72	村庄
230204001009	南虹社区居民委员会	123.986650	47.338190	1	80	94	政府机构
230225580510	双河农场第十一生产队	123.759350	47.856302	1	80	97	UNKNOWN
230225500503	查哈阳农场海洋管理区	123.506000	47.920801	0	12	24	区县
230224500402	泰来场直社区	123.746813	46.446472	0	16	47	UNKNOWN
230221104214	兴隆沟村民委员会	123.259290	47.530140	0	25	55	乡镇
230281107203	丰收村村民委员会	124.953130	48.269702	0	30	72	村庄
230202002001	湖西社区居民委员会	123.929120	47.333320	1	80	94	政府机构
230202007203	新光社区村委会	123.918978	47.269411	1	80	97	政府机构
230225101205	兴十四村民委员会	123.668150	47.937664	0	16	65	乡镇
230223208205	金星村民委员会	124.979530	47.930871	0	30	72	村庄
230221107204	北华村民委员会	123.205000	47.337700	0	12	34	区县
230204100203	长沟村民委员会	124.222770	47.308770	0	30	72	村庄
230229106208	众心村村民委员会	125.751250	47.915102	0	30	72	村庄
230281210205	凤鸣村村民委员会	124.684160	48.092290	0	30	72	村庄
230224105202	阿拉新村民委员会	123.745210	46.877849	0	25	55	乡镇
230225500411	查哈阳场直一区	123.506000	47.920801	0	12	26	区县
230227103208	东胜村民委员会	124.637672	47.991395	0	30	72	村庄
230223105209	向前村民委员会	125.230081	47.761820	0	30	72	村庄
230281207201	和义村村民委员会	124.899330	48.070682	0	30	72	村庄
230221100200	龙东村民委员会	123.190800	47.331764	0	30	72	村庄
230225201207	四方山村民委员会	123.548601	47.771150	0	25	55	村庄
230281403598	学田镇富源林场虚拟生活区	124.774421	48.703113	0	16	47	乡镇
230281110207	三合村村民委员会	125.362160	48.399439	0	30	72	村庄
230207002201	九里村村民委员会	122.891501	47.510523	1	80	95	政府机构
230221103210	红卫村民委员会	122.920769	47.337592	0	30	72	村庄
230202005005	通航社区居民委员会	123.951940	47.329262	1	80	94	政府机构
230221217206	北济村民委员会	122.704330	47.381360	0	25	55	乡镇
230224101001	街道居民委员会	123.537990	46.598260	0	25	55	乡镇
230224104203	河西村民委员会	123.138660	46.589769	0	30	72	村庄
230221106205	五村民委员会	123.227007	47.209492	0	16	47	乡镇
230281201204	兆麟村村民委员会	125.269440	48.534892	0	30	72	村庄
230225100204	晓光村民委员会	123.504890	47.913771	0	25	55	乡镇
230203198200	星光村民委员会	123.954980	47.370021	0	30	72	村庄
230230584598	种猪场虚拟生活区	126.249001	48.041900	0	14	32	区县
230225204212	巨强村民委员会	123.953809	48.130402	0	25	70	村庄
230224107213	互助村民委员会	123.279149	46.604531	0	30	72	村庄
230221105215	东华村民委员会	123.189921	46.821279	0	30	72	村庄
230281106202	灯塔村村民委员会	124.835220	48.353542	0	30	72	村庄
230221201203	三家子村民委员会	123.405480	47.247752	0	25	70	村庄
230206005001	三十三社区居民委员会	123.597337	47.210253	1	80	92	地产小区
230204500504	齐齐哈尔种畜场第八管理区	124.148166	47.352297	0	16	65	UNKNOWN
230202004004	安智社区居民委员会	123.965331	47.342093	1	80	94	政府机构
230221102211	雅鲁河村民委员会	122.850810	47.628521	1	80	97	UNKNOWN
230281111206	老莱村村民委员会	125.009630	48.655521	0	30	72	村庄
230205101211	大阿拉街满族村民委员会	123.747563	47.159700	0	16	38	乡镇
230231214209	军民村民委员会	125.961280	47.565959	0	30	72	村庄
230231204209	永利村民委员会	126.032170	47.702031	0	30	72	村庄
230221101201	保安村民委员会	123.127911	47.086949	0	30	72	村庄
230281102216	合发村村民委员会	124.598370	48.480412	0	25	55	乡镇
230223104208	建设村民委员会	125.338200	47.748331	0	30	72	村庄
230206001015	奋斗社区居民委员会	123.651959	47.204091	1	80	94	政府机构
230224400598	葡萄场虚拟生活区	123.417000	46.392199	0	12	26	区县
230231209207	双河村民委员会	125.886980	47.607930	0	30	72	村庄
230221102207	新功村民委员会	122.760460	47.489801	0	25	55	乡镇
230224100201	街基村民委员会	123.419320	46.399219	0	25	55	乡镇
230205101207	大兴屯村民委员会	123.747563	47.159700	0	16	47	乡镇
230231100209	民权村民委员会	126.089493	47.510467	1	80	100	政府机构
230281102200	二克浅村村民委员会	124.597030	48.482742	0	30	72	村庄
230221101217	金山西村民委员会	123.034330	47.081661	0	25	55	乡镇
230281208208	更新村村民委员会	125.078850	48.341312	0	30	72	地产小区
230223200208	兴国村民委员会	125.549300	47.415871	0	25	55	村庄
230221215201	先锋村民委员会	123.082861	47.417119	0	30	72	村庄
230225203200	奋斗村民委员会	123.843510	48.007980	0	30	72	村庄
230231209211	富荣村民委员会	125.855240	47.629472	0	25	55	村庄
230224200203	黑帝村民委员会	123.617190	46.457908	0	25	70	乡镇
230221202205	二村民委员会	123.392360	47.076351	0	25	55	村庄
230281105204	新化村村民委员会	125.133260	48.370371	0	30	72	村庄
230225204204	富海村民委员会	123.953809	48.130402	0	25	55	村庄
230203004001	亨达社区居民委员会	123.964441	47.355601	1	80	94	政府机构
230221100001	通齐社区居民委员会	123.184490	47.331910	0	25	47	乡镇
230221105203	西六九村民委员会	123.025679	46.886516	0	14	46	乡镇
230224107205	河北村民委员会	123.372201	46.533828	0	30	72	村庄
230208105209	十三方村民委员会	123.758879	47.312782	0	25	55	乡镇
230225103202	联合村民委员会	124.185749	48.019902	0	30	72	村庄
230221105202	东杏山村民委员会	123.025679	46.886516	0	14	46	乡镇
230224107204	前程村民委员会	123.442760	46.506188	0	25	55	乡镇
230208105208	黑岗子村民委员会	123.758879	47.312782	0	25	55	乡镇
230225103203	隆胜村民委员会	124.344443	48.118995	1	80	97	政府机构
230229203208	新民村村民委员会	125.911100	48.053501	0	30	72	村庄
230224200202	半拉山村民委员会	123.617190	46.457908	0	25	55	乡镇
230221202204	一村民委员会	123.392360	47.076351	0	25	55	村庄
230281105205	光辉村村民委员会	125.184060	48.395690	0	30	72	村庄
230225204205	太平山村民委员会	123.953809	48.130402	0	25	55	村庄
230281102201	福兴村村民委员会	124.636040	48.449480	0	30	72	村庄
230221101216	敖宝村民委员会	123.034330	47.081661	0	25	55	乡镇
230281208209	联盟村村民委员会	125.190520	48.326211	0	30	72	村庄
230221215200	鲁河村民委员会	122.997581	47.452918	1	80	97	政府机构
230225203201	新发村民委员会	123.760910	48.111742	0	30	72	村庄
230231209210	长安村民委员会	125.761460	47.634270	0	30	72	村庄
230221102206	新安村民委员会	122.817870	47.535071	0	30	72	村庄
230224100200	东明村民委员会	123.371301	46.241718	0	30	72	村庄
230205101206	头站村民委员会	123.747563	47.159700	0	16	47	乡镇
230231100208	新乐村民委员会	126.094970	47.525171	0	30	72	村庄
230221101200	景星村民委员会	123.034330	47.081661	0	25	55	乡镇
230281102217	万兴村村民委员会	124.803050	48.521210	0	30	72	村庄
230223104209	合顺村民委员会	125.335489	47.692141	0	25	55	乡镇
230231209206	向前村民委员会	126.018500	47.632729	0	30	72	村庄
230206001014	繁胜社区居民委员会	123.651959	47.204091	1	80	94	政府机构
230229584598	克山县种畜场虚拟生活区	125.915125	48.263249	1	80	95	UNKNOWN
230221102210	荣胜村民委员会	122.760460	47.489801	0	25	55	乡镇
230281111207	继光村村民委员会	124.973004	48.717064	0	30	72	村庄
230281402598	龙河镇国庆林场虚拟生活区	125.588171	48.841660	1	80	95	UNKNOWN
230205101210	霍托气村民委员会	123.747563	47.159700	0	16	47	乡镇
230231214208	合作村民委员会	125.937780	47.594751	0	30	72	村庄
230231204208	顺利村民委员会	125.962050	47.704550	0	30	72	村庄
230224107212	水上村民委员会	123.353580	46.633951	0	30	72	村庄
230202003001	一厂社区居民委员会	123.926268	47.326009	1	80	94	政府机构
230221105214	西山头村民委员会	123.025679	46.886516	0	14	46	乡镇
230281106203	旭光村村民委员会	124.770220	48.352081	0	30	72	村庄
230221201202	后兴山村民委员会	123.405480	47.247752	0	25	55	村庄
230224480498	六三监狱虚拟社区	123.401659	46.642736	0	18	66	乡镇
230203007006	学府社区居民委员会	123.934055	47.365782	1	80	94	政府机构
230204500505	齐齐哈尔种畜场第十管理区	124.148166	47.352297	0	16	65	UNKNOWN
230224104202	两井子村民委员会	123.051169	46.607921	0	25	70	乡镇
230221106204	后道老村民委员会	123.227007	47.209492	0	16	47	乡镇
230281201205	德宝村村民委员会	125.262679	48.560382	0	30	72	村庄
230225100205	水丰村民委员会	123.504890	47.913771	0	25	55	乡镇
230203198201	曙光村民委员会	123.978720	47.381009	0	30	72	村庄
230225204213	宝山村民委员会	123.953349	48.131032	0	30	72	村庄
230225201206	永青村民委员会	123.548601	47.771150	0	25	55	村庄
230206003005	红岸社区居民委员会	123.643868	47.195872	1	80	94	政府机构
230281110206	祥云村村民委员会	125.512570	48.433842	0	30	72	村庄
230208001001	爱民社区居民委员会	123.754065	47.310828	0	30	47	乡镇
230207002200	丰荣村村民委员会	122.891501	47.510523	1	80	95	政府机构
230221103211	后大巨宝村民委员会	122.873380	47.239101	0	25	47	乡镇
230202005004	赵园社区居民委员会	123.951940	47.329262	1	80	94	政府机构
230227103209	富兴村民委员会	124.538350	47.958682	0	25	55	乡镇
230224401598	果树场虚拟生活区	123.417000	46.392199	0	12	29	区县
230223105208	爱农村民委员会	124.999877	47.744132	0	16	47	乡镇
230281207200	和盛村村民委员会	124.864160	48.068380	0	30	72	村庄
230221100201	龙西村民委员会	123.175021	47.355982	0	30	72	村庄
230230585598	黑龙江省社会救助安置中心虚拟生活区	126.089171	48.220616	1	80	95	政府机构
230206007011	岗西社区居民委员会	123.623872	47.213525	0	30	47	乡镇
230225101204	音河村民委员会	123.557850	47.927759	1	80	97	UNKNOWN
230223208204	胜利村民委员会	125.013720	47.892861	0	30	72	村庄
230281104212	炬光村村民委员会	125.470800	48.658739	0	30	72	村庄
230204100202	克钦村民委员会	124.279848	47.272528	0	16	47	乡镇
230221107205	民主村民委员会	123.257641	46.995379	0	30	72	村庄
230281210204	百路村村民委员会	124.392821	47.995150	0	30	72	村庄
230224100001	光明社区居民委员会	123.419320	46.399219	0	25	47	乡镇
230229106209	群心村村民委员会	125.738309	47.877312	0	30	72	村庄
230224105203	东方红村民委员会	123.745210	46.877849	0	25	70	乡镇
230225206202	朝阳村民委员会	124.273620	48.414699	0	30	72	村庄
230225580511	双河农场第十二生产队	123.759350	47.856302	1	80	97	UNKNOWN
230206004001	富电社区居民委员会	123.611977	47.187403	0	40	51	乡镇
230203006007	运建园社区居民委员会	123.980460	47.353484	1	80	95	政府机构
230225500502	查哈阳农场丰收管理区	123.506000	47.920801	0	12	24	区县
230281107202	东方红村村民委员会	124.891081	48.269009	0	30	72	村庄
230202007202	三合社区村委会	123.918978	47.269411	1	80	97	政府机构
230203005001	解放门回民社区居民委员会	123.955440	47.353461	1	80	94	购物
230206007007	建新社区居民委员会	123.623872	47.213525	0	30	47	乡镇
230202001006	红星社区居民委员会	123.941714	47.335237	1	80	94	政府机构
230281104204	龙河村村民委员会	125.430480	48.549291	0	30	72	村庄
230221203205	莫呼村民委员会	123.452740	47.130031	0	25	70	村庄
230225102202	建国村民委员会	124.367170	48.213682	0	30	72	村庄
230225580507	双河农场第八生产队	123.759350	47.856302	1	80	97	UNKNOWN
230224106205	同合村民委员会	123.097159	46.423730	0	30	72	村庄
230221101001	第一社区居民委员会	123.034330	47.081661	0	25	47	乡镇
230221104203	向阳村民委员会	123.213920	47.557201	0	30	72	村庄
230225100004	幸福社区居委会	123.516950	47.910162	1	80	100	政府机构
230231101209	向荣村民委员会	126.404719	47.421442	0	25	70	地产小区
230204008004	自建一社区居民委员会	124.007469	47.339162	1	80	93	政府机构
230225201210	永恒村民委员会	123.600110	47.808611	0	30	72	村庄
230224101201	战斗村民委员会	123.555251	46.571628	0	30	72	村庄
230221103207	官窑村民委员会	122.873380	47.239101	0	25	55	乡镇
230229208203	富强村村民委员会	125.706861	48.134420	0	30	72	村庄
230203002005	军校社区居民委员会	123.963735	47.351022	1	80	94	政府机构
230225202200	繁荣村民委员会	123.318520	47.703910	0	30	72	村庄
230281103200	国兴村村民委员会	124.808241	48.685530	0	30	72	村庄
230221204201	文古达村民委员会	123.411599	47.437202	0	25	47	乡镇
230230202208	礼让村民委员会	126.332239	47.960445	0	16	47	村庄
230206200206	海格村村委员会	123.634920	47.204101	0	25	55	村庄
230223207201	四烈村民委员会	125.103730	48.019400	0	25	55	村庄
230281105209	全胜村村民委员会	124.919900	48.407501	0	30	72	村庄
230230204201	互助村民委员会	126.463350	47.815642	0	30	72	村庄
230229203204	新成村村民委员会	126.035730	48.145652	0	30	72	村庄
230231104210	光辉村民委员会	125.972370	47.418611	0	25	70	乡镇
230223501501	红旗马场非场直生活区	125.306000	47.893401	0	12	26	区县
230227201200	胜利村民委员会	124.857150	47.539701	0	30	72	村庄
230231210206	荣胜村民委员会	125.807319	47.545242	0	25	55	村庄
230225204209	四明村民委员会	123.953809	48.130402	0	25	55	村庄
230231200206	兴安村民委员会	126.241220	47.448911	0	30	72	村庄
230206008014	八砖社区居民委员会	123.661740	47.210620	1	80	93	政府机构
230230103207	建国村民委员会	126.527410	48.097732	0	30	72	村庄
230224107208	利民村民委员会	123.351980	46.523671	0	30	72	村庄
230229104202	黎明村村民委员会	125.748549	48.258152	0	30	72	村庄
230281108207	治和村村民委员会	125.163313	48.212244	0	30	72	村庄
230208105204	荣胜村民委员会	123.758879	47.312782	0	25	55	乡镇
230230400598	第一苗圃虚拟生活区	126.249001	48.041900	0	14	32	区县
230230101001	振兴社区居民委员会	126.220070	48.167272	0	25	47	乡镇
230229103206	民主村村民委员会	125.725900	48.023310	0	30	72	村庄
230230104203	勇进村民委员会	126.192908	48.030668	1	80	97	政府机构
230231100204	振兴村民委员会	126.039250	47.542062	0	30	72	村庄
230208102200	东卧牛吐村民委员会	123.753000	47.309601	0	14	27	区县
230227101202	红星村民委员会	124.681870	47.581461	0	30	72	村庄
230223200205	黎明村民委员会	125.394063	47.380888	0	30	72	村庄
230281208205	双喜村村民委员会	125.118310	48.290709	0	30	72	村庄
230227500504	富裕牧场第四管理区	124.640700	47.839220	0	50	82	UNKNOWN
230229204200	保安村村民委员会	125.766940	48.094500	0	30	72	村庄
230223104213	兴长村民委员会	125.335489	47.692141	0	25	70	乡镇
230229207206	同贺村村民委员会	125.518226	48.294354	0	30	72	村庄
230223203203	北安村民委员会	125.480870	47.818100	0	30	72	村庄
230231204204	兴华村民委员会	126.144610	47.693290	0	30	72	村庄
230231214204	光明村民委员会	125.903161	47.478229	0	30	72	村庄
230223104205	兴顺村民委员会	125.335489	47.692141	0	25	55	乡镇
230224209202	宁姜村民委员会	123.417000	46.392199	0	12	26	区县
230229100200	城郊村村民委员会	125.876366	48.035276	0	30	72	村庄
230227102204	富北村民委员会	124.837450	47.903212	0	30	72	村庄
230208101206	红星村民委员会	123.873280	47.479691	0	30	72	村庄
230231103202	新义村民委员会	125.622330	47.695282	0	30	72	村庄
230223103201	卫东村民委员会	125.144550	47.584132	0	30	72	村庄
230281201209	三星村村民委员会	125.085180	48.581072	0	30	72	村庄
230202579598	齐齐哈尔局直虚拟生活区	123.897602	47.324393	0	25	55	乡镇
230221106208	八村民委员会	123.227007	47.209492	0	16	47	乡镇
230230100201	光明村民委员会	126.315720	48.083270	0	30	72	村庄
230227105200	塔哈村民委员会	124.186503	47.502615	0	14	64	乡镇
230227100002	富裕县富裕镇林源社区	124.474810	47.801472	0	25	70	乡镇
230225100209	富余村民委员会	123.504890	47.913771	0	25	55	乡镇
230231104206	凡荣村民委员会	125.972370	47.418611	0	25	70	乡镇
230281108211	三山村村民委员会	124.979550	48.054631	0	30	72	村庄
230229200202	华安村村民委员会	126.035850	47.931842	0	30	72	村庄
230229210202	靠山村村民委员会	125.793730	48.404892	0	30	72	村庄
230230103211	青山村民委员会	126.386369	48.127455	0	30	72	村庄
230223204207	前进村民委员会	125.398030	47.903461	0	30	72	村庄
230231203200	中心村民委员会	126.236349	47.645711	0	30	72	村庄
230227202206	春生村民委员会	124.788699	47.987522	0	30	72	村庄
230231102203	卫国村民委员会	125.967110	47.796270	0	25	55	乡镇
230227103205	联富村民委员会	124.538350	47.958682	0	25	55	乡镇
230204005010	龙南社区居民委员会	123.977319	47.339389	1	80	94	政府机构
230229101201	民众村村民委员会	125.711601	48.483810	0	30	72	村庄
230223105204	治家村民委员会	124.957265	47.713271	1	80	97	政府机构
230230202212	安业村民委员会	126.332239	47.960445	0	16	47	村庄
230223100006	泰安社区	125.316910	47.878990	0	18	66	乡镇
230231101213	自由村民委员会	126.514890	47.572672	0	30	72	村庄
230206003009	园丁社区居民委员会	123.643868	47.195872	1	80	94	政府机构
230229500507	克山农场第七管理区	125.363142	48.299400	0	16	65	乡镇
230223202202	东风村民委员会	125.551960	47.774411	0	30	72	村庄
230208501501	哈拉海农场第一管理区	123.614750	47.631549	1	70	92	UNKNOWN
230229206207	巨胜村村民委员会	125.403121	48.175351	0	30	72	村庄
230227203207	中和村民委员会	124.383590	47.678260	0	30	72	村庄
230231212201	爱农村民委员会	125.725850	47.377460	0	25	55	村庄
230204001004	新木社区居民委员会	123.986650	47.338190	1	80	94	政府机构
230230102210	双龙村民委员会	126.342969	47.739402	0	30	72	村庄
230206202201	罕伯岱村村委员会	123.576620	47.171111	0	25	70	乡镇
230223205206	建华村民委员会	125.270100	48.036742	0	30	72	村庄
230223101210	奋斗村民委员会	125.252820	47.560021	0	30	72	村庄
230281109210	庆宝村村民委员会	124.820670	48.258790	0	30	72	村庄
230231100005	群英社区居民委员会	126.087790	47.607411	0	25	47	乡镇
230231105207	爱护村民委员会	126.418906	47.651905	0	16	65	乡镇
230227104201	小河东村民委员会	124.466889	47.481293	0	30	72	村庄
230230101200	治安村民委员会	126.093080	48.092632	0	30	72	村庄
230229106205	齐心村村民委员会	125.919890	47.973912	0	30	72	村庄
230281210208	钢铁村村民委员会	124.709990	48.058471	0	30	72	村庄
230221107209	和平村民委员会	123.337730	46.948301	0	30	72	村庄
230223208208	太平村民委员会	125.084520	47.871682	0	25	70	村庄
230223102200	东北村民委员会	125.617429	47.630902	0	30	72	村庄
230208104205	双岗子村民委员会	123.686870	47.451040	0	25	55	乡镇
230227203211	永久村民委员会	124.471820	47.742101	0	30	72	村庄
230231106201	太来村民委员会	125.796310	47.479821	0	25	55	乡镇
230281109206	启民村村民委员会	124.678960	48.232651	0	30	72	村庄
230223101206	永珍村民委员会	125.367900	47.476101	0	25	70	乡镇
230229100001	沃华社区居民委会	125.881248	48.037932	1	80	92	地产小区
230224106209	和平村民委员会	123.333030	46.315900	0	30	72	村庄
230230102206	庆祝村民委员会	126.261905	47.796811	0	16	47	乡镇
230229105203	利民村村民委员会	125.512440	48.021272	0	30	72	村庄
230231201207	保胜村民委员会	126.233096	47.543821	0	16	47	村庄
230204002002	黎明社区居民委员会	124.008022	47.328088	1	80	94	政府机构
230227200201	丰年村民委员会	124.679730	47.354721	0	30	72	村庄
230231105211	卫民村民委员会	126.418906	47.651905	0	16	47	乡镇
230281104208	新世纪村村民委员会	125.611090	48.655401	0	30	72	UNKNOWN
230230101216	龙泉村民委员会	126.191500	48.065550	0	30	72	村庄
230223206200	东升村民委员会	125.222480	47.961541	0	30	72	村庄
230231206203	自爱村民委员会	125.877700	47.796711	0	25	70	村庄
230281587598	第三良种场虚拟生活区	125.079154	48.235960	1	80	95	UNKNOWN
230231102215	进化村民委员会	126.128430	47.862810	0	30	72	村庄
230229205201	东合村村民委员会	125.419608	48.078033	0	30	72	村庄
230230202204	礼善村民委员会	126.332239	47.960445	0	16	65	村庄
230223105212	仁义村民委员会	125.249790	47.709241	0	30	72	村庄
230205001001	新兴社区居民委员会	123.813375	47.158686	1	80	94	政府机构
230223201204	东胜村民委员会	125.482030	47.630800	0	30	72	村庄
230229401598	克山县涌泉林场虚拟生活区	125.854391	48.214601	1	80	95	政府机构
230208103201	长发村民委员会	123.828829	47.525222	0	25	55	乡镇
230231101205	众心村民委员会	126.404719	47.421442	0	25	55	地产小区
230225100008	光明社区居委会	123.497932	47.918403	1	80	100	政府机构
230229102207	英民村村民委员会	125.604390	48.137660	0	30	72	村庄
