230505101209	四合村委会	131.240140	46.735598	0	25	70	乡镇
230521204222	富强村委会	131.299390	46.928859	0	30	72	村庄
230521102209	友好村委会	131.448930	46.707141	0	30	72	村庄
230522204201	东明村委会	131.866879	46.933131	0	30	72	村庄
230523104210	柳毛河村委会	132.097490	46.131390	0	25	70	乡镇
230521101219	务正村委会	131.248220	46.815759	0	25	47	乡镇
230522502501	友谊农场第一管理区	131.810710	46.781561	0	50	82	UNKNOWN
230522203205	富源村委会	131.761579	46.819507	0	16	65	村庄
230523501502	八五二农场第二管理区	132.197001	46.326898	0	10	28	区县
230523103214	宏泉村委会	132.177014	46.256457	0	16	38	乡镇
230521480510	五大队生活区	130.929435	46.847709	0	16	47	乡镇
230523100204	双胜村委会	132.213080	46.328179	0	30	72	村庄
230523204212	中岗村委会	132.478380	46.351199	0	25	70	乡镇
230523103202	徐马村委会	132.177014	46.256457	0	16	38	乡镇
230521480506	七大队生活区	130.917999	46.787031	1	80	97	政府机构
230522200203	宏坤村委会	131.652261	46.759178	0	25	47	村庄
230523105505	果酒基地生活区	132.046050	46.218811	0	25	47	乡镇
230523502504	八五三农场四管理区	132.197001	46.326898	0	10	43	区县
230523204204	东红村委会	132.406660	46.344061	0	30	72	村庄
230505004001	翠园社区	131.339000	46.596400	0	16	47	区县
230523100212	庆兰村委会	132.198311	46.323258	0	25	70	乡镇
230523104206	龙泉村委会	132.051140	46.169830	0	30	72	村庄
230523101213	兰凤村委会	131.763670	46.565929	0	25	47	乡镇
230503200204	立新村村委会	131.249035	46.562498	1	80	100	政府机构
230522201202	永林村委会	131.941601	46.821793	0	16	65	村庄
230523102203	永红村委会	132.243110	46.487969	0	25	70	乡镇
230523105207	富山村委会	132.046050	46.218811	0	25	70	乡镇
230523100005	双胜社区	132.198311	46.323258	0	25	70	乡镇
230521204218	永明村委会	131.248740	46.870460	0	25	70	村庄
230524102208	联合村委会	133.266700	47.090609	0	30	72	村庄
230522101200	兴隆村委会	131.594980	46.729758	0	30	72	村庄
230523406598	青龙林场虚拟生活区	118.950000	40.406800	0	14	37	区县
230505002004	锦程社区	131.350391	46.596911	1	80	97	政府机构
230521101223	德祥村委会	131.248220	46.815759	0	25	47	乡镇
230523202201	朝阳村委会	132.373340	46.210398	0	30	72	村庄
230522206206	对面城村委会	131.852225	46.644502	0	16	33	乡镇
230523104400	龙头桥水库社区	132.097490	46.131390	0	25	55	乡镇
230505001002	广源社区	131.337618	46.597178	0	40	59	道路
230522205200	新镇村委会	132.109909	46.793501	0	25	47	村庄
230502200201	双胜村委会	131.137773	46.664131	1	80	100	政府机构
230524500508	饶河农场第八管理区	133.936721	47.088679	1	80	97	UNKNOWN
230521103208	太联村委会	130.873621	46.818618	0	25	47	乡镇
230523101205	解放村委会	131.818890	46.589230	0	30	72	村庄
230523102215	卫东村委会	132.284600	46.556351	0	30	72	村庄
230522202204	永兴村委会	131.996371	46.723761	0	30	72	村庄
230523500503	五九七农场第三管理区	131.952710	46.601567	1	80	100	政府机构
230506001001	红永社区	131.401000	46.577199	0	16	47	区县
230521101215	永富村委会	131.248220	46.815759	0	25	47	乡镇
230524207205	永合村委会	133.956020	46.731051	0	25	70	乡镇
230505101205	靠山村委会	131.324820	46.682201	0	30	72	村庄
230524502515	八五九农场第十五管理区	134.054859	47.426203	0	50	82	UNKNOWN
230524100203	岭南朝鲜族村委会	134.027049	46.802341	0	25	43	乡镇
230521102205	德兴村委会	131.401860	46.714179	0	25	70	乡镇
230524404598	石场林场虚拟生活区	133.546532	46.892375	0	16	47	UNKNOWN
230521100003	亿安社区居委会	131.125530	46.735839	0	25	70	乡镇
230523100208	解放村委会	132.175553	46.330781	0	30	72	村庄
230524101500	瓦厂生活区	133.741960	47.213440	0	25	55	乡镇
230523209210	北宝村委会	131.931639	46.630600	0	25	47	乡镇
230521202207	仁德村委会	131.043060	46.849620	0	25	47	村庄
230524200201	北山村委会	133.988060	46.950509	0	30	72	村庄
230523101225	胜利村委会	131.965990	46.467908	0	30	72	村庄
230523103218	光辉村委会	132.177014	46.256457	0	16	65	乡镇
230524203207	永前村委会	133.564792	47.175308	0	16	65	乡镇
230521201201	昌平村委会	131.464831	46.829769	0	16	65	村庄
230502003002	北秀社区	131.159031	46.640956	0	30	72	乡镇
230523204208	东鑫村委会	132.478380	46.351199	0	25	47	乡镇
230521405598	爱林林场虚拟村委会	131.417100	46.666808	1	80	94	UNKNOWN
230523209206	东强村委会	131.931639	46.630600	0	25	70	乡镇
230521202211	兴业村委会	131.065790	46.864579	0	30	72	村庄
230521101203	中兴村委会	131.248220	46.815759	0	25	70	乡镇
230521104001	永发社区居委会	130.731440	46.770918	0	16	47	乡镇
230524502503	八五九农场第三管理区	134.054859	47.426203	0	50	73	UNKNOWN
230505101213	东岗村委会	131.211359	46.753371	0	30	72	村庄
230524204203	二林子村委会	133.431239	47.131322	0	25	55	村庄
230521102213	太升村委会	131.401860	46.714179	0	25	47	乡镇
230524100002	团山社区	134.027049	46.802341	0	25	70	乡镇
230502002003	建鑫社区	131.169961	46.649386	0	40	59	道路
230521104216	太荣村委会	130.731440	46.770918	0	16	38	乡镇
230523408498	七星河金矿虚拟社区	131.471461	46.317678	1	80	95	UNKNOWN
230506101532	上游村	131.394770	46.586190	0	25	70	乡镇
230506004002	星旺社区	131.620939	46.522631	1	80	97	政府机构
230521103212	太丰村委会	130.889719	46.806739	0	30	72	村庄
230524503502	胜利农场第二管理区	133.871687	47.368209	1	70	92	UNKNOWN
230524102204	莲花村委会	133.259790	47.158650	0	30	72	村庄
230521100202	东荣村委会	131.125530	46.735839	0	25	70	乡镇
230521204214	永合村委会	131.248740	46.870460	0	25	70	村庄
230523100009	煤电社区	132.198311	46.323258	0	25	70	乡镇
230521103204	奋斗村委会	130.873621	46.818618	0	25	70	乡镇
230524101202	佳兴村委会	133.741960	47.213440	0	25	47	乡镇
230521204202	宏伟村委会	131.248740	46.870460	0	25	70	村庄
230524504402	红卫场直社区	133.454741	47.332389	0	50	73	UNKNOWN
230521100214	红联村委会	131.125530	46.735839	0	25	70	乡镇
230502006001	长安社区	131.159000	46.646200	0	16	47	区县
230524102212	长山村委会	133.294560	46.996191	0	30	72	村庄
230524500504	饶河农场第四管理区	133.936721	47.088679	1	80	97	UNKNOWN
230524201200	四排赫哲族村委会	134.054391	46.969416	0	18	35	乡镇
230524100501	王家店生活区	134.021013	46.844350	1	80	97	UNKNOWN
230523101209	永兴村委会	131.781641	46.512658	0	30	72	村庄
230521101002	兴达社区居委会	131.248220	46.815759	0	25	70	乡镇
230524504510	红卫农场第十管理区	133.454741	47.332389	0	50	82	UNKNOWN
230523101208	永胜村委会	131.730600	46.437079	0	30	72	村庄
230521104201	太平村委会	130.731440	46.770918	0	16	65	乡镇
230524405598	宝马山林场虚拟生活区	133.680500	47.051860	1	80	95	UNKNOWN
230524201201	曙光村委会	134.031379	47.024801	0	30	72	村庄
230502001004	春晖社区	131.154277	46.634988	1	80	97	政府机构
230524100500	森川林场生活区	133.945731	46.858328	1	80	97	UNKNOWN
230503005003	学府社区	131.158000	46.458199	0	14	46	区县
230521204203	兴富村委会	131.248740	46.870460	0	25	70	村庄
230521201001	兴民社区居民委员会	131.464831	46.829769	0	16	38	村庄
230521100215	安邦村委会	131.125530	46.735839	0	25	70	乡镇
230524102213	迎丰村委会	133.393611	46.909939	0	30	72	村庄
230524500505	饶河农场第五管理区	133.936721	47.088679	1	80	97	UNKNOWN
230521103205	兴发村委会	130.843829	46.855301	0	30	72	村庄
230524101203	蛤蟆河子村委会	133.741960	47.213440	0	25	47	乡镇
230524503515	胜利农场第八管理区	133.871687	47.368209	1	70	92	UNKNOWN
230524102205	乐山村委会	133.275930	47.127579	0	30	72	村庄
230521100203	东兴村委会	131.125530	46.735839	0	25	70	乡镇
230521204215	永升村委会	131.248740	46.870460	0	25	47	村庄
230523100008	亨利社区	132.198311	46.323258	0	25	70	乡镇
230521103213	庆丰村委会	130.873621	46.818618	0	25	70	乡镇
230503001001	安邦社区	131.158000	46.458199	0	14	46	区县
230524503503	胜利农场第三管理区	133.871687	47.368209	1	70	92	UNKNOWN
230502002002	福园社区	131.169961	46.649386	0	40	59	道路
230521104217	太发村委会	130.731440	46.770918	0	16	38	乡镇
230506101533	前进村	131.317130	46.509290	0	30	100	村庄
230506004003	星盛社区	131.620939	46.522631	1	80	97	政府机构
230524504507	红卫农场第七管理区	133.454741	47.332389	0	50	82	UNKNOWN
230524100003	欣民社区	134.027049	46.802341	0	25	70	乡镇
230521404598	峻山林场虚拟村委会	131.023510	46.725591	1	80	94	UNKNOWN
230524502502	八五九农场第二管理区	134.054859	47.426203	0	50	73	UNKNOWN
230521500504	二九一农场第四管理区	131.443933	46.960082	0	16	47	UNKNOWN
230505101212	四新村委会	131.240140	46.735598	0	25	70	乡镇
230524204202	双河村委会	133.475230	47.153411	0	30	72	村庄
230521102212	东方红村委会	131.401860	46.714179	0	25	70	乡镇
230521101202	双胜村委会	131.210040	46.818521	0	30	72	村庄
230523209207	前平村委会	131.931639	46.630600	0	25	70	乡镇
230521202210	宏德村委会	131.043060	46.849620	0	25	47	村庄
230506005002	新兴社区	131.401000	46.577199	0	16	47	区县
230524203206	永发村委会	133.564792	47.175308	0	16	65	乡镇
230521100014	翠园社区	131.125530	46.735839	0	25	70	乡镇
230523204209	三道林子村委会	132.478380	46.351199	0	25	70	乡镇
230502003003	鞍山社区	131.159031	46.640956	0	30	58	乡镇
230521202206	永乐村委会	131.051590	46.827659	0	30	72	村庄
230523101224	凉水村委会	131.891281	46.520878	0	30	72	村庄
230524200200	西林子村委会	134.002326	46.924040	0	50	73	地产小区
230521100002	曙光社区居委会	131.125530	46.735839	0	25	70	乡镇
230521201216	万生村委会	131.464831	46.829769	0	16	38	村庄
230523100209	十八里村委会	132.198311	46.323258	0	25	70	乡镇
230505101204	山河村委会	131.264939	46.690951	0	30	72	村庄
230524502514	八五九农场第十四管理区	134.054859	47.426203	0	50	82	UNKNOWN
230524100202	振兴村委会	134.025249	46.791641	0	30	72	村庄
230521102204	华山村委会	131.385490	46.736011	0	30	72	村庄
230502007001	河西社区	131.149228	46.678941	1	80	97	政府机构
230521101214	长安村委会	131.213540	46.801471	0	30	72	村庄
230524207204	永利村委会	133.956020	46.731051	0	25	70	乡镇
230523102214	本北村委会	132.243110	46.487969	0	25	55	乡镇
230522202205	胜利村委会	131.927430	46.696201	0	30	72	村庄
230523500502	五九七农场第二管理区	132.197001	46.326898	0	10	28	区县
230523101204	平安村委会	131.825651	46.571789	0	30	72	村庄
230521103209	太乐村委会	130.873621	46.818618	0	25	47	乡镇
230506402598	双鸭山林业局大叶沟林场虚拟村委会	131.153420	46.635681	1	80	93	政府机构
230505001003	为民社区	131.337618	46.597178	0	40	59	道路
230506500501	双鸭山农场第一管理区	131.501541	46.541792	0	20	67	UNKNOWN
230522205201	双林村委会	132.084250	46.750919	0	30	72	村庄
230524500509	饶河农场第九管理区	133.936721	47.088679	1	80	97	UNKNOWN
230521101222	黎明村委会	131.329900	46.813941	0	30	72	村庄
230523105206	梨北村委会	132.046050	46.218811	0	25	55	乡镇
230523100004	幸福社区	132.198311	46.323258	0	25	70	乡镇
230521204219	双跃村委会	131.248740	46.870460	0	25	47	村庄
230524102209	富丰村委会	133.316090	47.074351	0	25	70	乡镇
230522101201	爱林村委会	131.597150	46.729798	0	25	47	乡镇
230523102202	永乐村委会	132.229730	46.397631	0	30	72	村庄
230523101212	金沙岗村委会	131.880890	46.546729	0	30	72	村庄
230505005001	二矿社区	131.334766	46.603263	0	30	58	乡镇
230503200205	宏强村村委会	131.278710	46.542420	0	30	58	村庄
230522201203	兴旺村委会	131.878340	46.835160	0	30	72	村庄
230523407598	宝石经营所虚拟生活区	132.197001	46.326898	0	10	22	区县
230523104207	农林村委会	132.185720	46.133138	0	30	72	村庄
230523102500	原种场	132.352370	46.515751	1	80	100	UNKNOWN
230523203201	万隆村委会	132.277620	46.343781	0	25	70	乡镇
230523105504	果树场	132.046050	46.218811	0	25	70	乡镇
230521480507	九大队生活区	130.950647	46.827631	1	80	97	政府机构
230522200202	宏伟村委会	131.652261	46.759178	0	25	70	村庄
230523502505	八五三农场五管理区	132.197001	46.326898	0	10	43	区县
230523204205	东风村委会	132.518320	46.394920	0	30	72	村庄
230523100213	红新村委会	132.198311	46.323258	0	25	70	乡镇
230523103203	勇进村委会	132.177014	46.256457	0	16	65	乡镇
230521581598	良种场虚拟村委会	131.499560	46.821621	1	80	94	UNKNOWN
230521480511	第十三大队生活区	130.929435	46.847709	0	16	47	乡镇
230523100205	东关村委会	132.198311	46.323258	0	25	70	乡镇
230523204213	北岗村委会	132.560780	46.630068	0	30	72	村庄
230522203204	富民村委会	131.785810	46.783149	0	30	72	村庄
230523501503	八五二农场第三管理区	132.197001	46.326898	0	10	28	区县
230523101228	西太村委会	131.815169	46.498880	0	30	58	UNKNOWN
230523103215	林泉村委会	132.177014	46.256457	0	16	65	乡镇
230522204200	友邻村委会	131.990849	46.920091	0	25	47	村庄
230521101218	洪仁村委会	131.248220	46.815759	0	25	47	乡镇
230522103206	幸福村委会	131.781600	46.653778	0	30	72	村庄
230505101208	东胜村委会	131.240140	46.735598	0	25	70	乡镇
230521204223	向荣村委会	131.248740	46.870460	0	25	47	村庄
230521102208	大兴村委会	131.441869	46.747491	0	30	72	村庄
230524501503	红旗岭农场第三管理区	133.247069	46.838091	0	50	82	UNKNOWN
230524207203	太平村委会	133.956020	46.731051	0	25	70	乡镇
230502007006	盛苑社区	131.149228	46.678941	1	80	97	政府机构
230521101213	同意村委会	131.215540	46.776690	0	30	72	村庄
230524502513	八五九农场第十三管理区	134.054859	47.426203	0	50	82	UNKNOWN
230505101203	开原村委会	131.222335	46.699502	0	30	72	村庄
230521204228	新合村委会	131.373630	46.920640	0	30	72	村庄
230524100205	朝阳村委会	133.979250	46.860560	0	30	72	村庄
230521102203	保丰村委会	131.368000	46.716439	0	30	72	村庄
230521406598	腰屯林场虚拟村委会	131.397630	46.811520	1	80	94	UNKNOWN
230521201211	联合村委会	131.377230	46.836341	0	30	72	村庄
230521100005	振业社区居委会	131.140943	46.714096	1	80	100	政府机构
230523501508	八五二农场第八管理区	132.197001	46.326898	0	10	28	区县
230506006003	西平社区	131.401000	46.577199	0	16	47	区县
230521202201	笔架山村委会	131.043060	46.849620	0	25	70	村庄
230524200207	川河村委会	134.003081	46.926549	0	25	70	乡镇
230523101223	巨宝村委会	131.763670	46.565929	0	25	70	乡镇
230524102500	果树场生活区	133.302080	46.985262	0	30	72	UNKNOWN
230521100013	站前社区居委会	131.125530	46.735839	0	25	70	乡镇
230502003004	兴化社区	131.159031	46.640956	0	30	58	乡镇
230524203201	东升村委会	133.586860	47.181290	0	30	72	村庄
230523100218	高家村委会	132.121950	46.463159	0	30	72	村庄
230521201207	明星村委会	131.410480	46.814819	0	30	72	村庄
230524407598	永幸林场虚拟生活区	133.759811	46.685858	1	80	95	UNKNOWN
230523103208	七一村委会	132.177014	46.256457	0	16	65	乡镇
230521202217	保胜村委会	131.043060	46.849620	0	25	47	村庄
230521101205	顺发村委会	131.248220	46.815759	0	25	47	乡镇
230502007010	福悦湾社区	131.149228	46.678941	1	80	95	政府机构
230524103203	大带村委会	133.662759	46.558071	0	25	47	乡镇
230505101215	九三村委会	131.240140	46.735598	0	25	70	乡镇
230506002001	宏吉社区	131.401000	46.577199	0	16	47	区县
230524502505	八五九农场第五管理区	134.054859	47.426203	0	50	73	UNKNOWN
230521500503	二九一农场第三管理区	131.443933	46.960082	0	16	47	UNKNOWN
230521102215	永华村委会	131.401860	46.714179	0	25	70	乡镇
230524204205	山河村委会	133.403391	47.172419	0	30	72	村庄
230523102209	复兴村委会	132.233640	46.474770	0	30	72	村庄
230523101219	永泉村委会	131.716271	46.473698	0	30	72	村庄
230502002005	益人社区	131.169961	46.649386	0	40	59	道路
230521104210	太洪村委会	130.731440	46.770918	0	16	65	乡镇
230522201208	年丰村委会	131.950640	46.755708	0	30	72	村庄
230506004004	星隆社区	131.620939	46.522631	1	80	97	政府机构
230524101212	杏树村委会	133.741960	47.213440	0	25	47	乡镇
230502005001	窑地社区	131.162781	46.615429	0	30	100	UNKNOWN
230521103214	太华村委会	130.873621	46.818618	0	25	47	乡镇
230524503504	胜利农场第四管理区	133.871687	47.368209	1	70	92	UNKNOWN
230521204212	兴华村委会	131.248740	46.870460	0	25	70	村庄
230524102202	东南村委会	133.373510	47.061561	0	30	72	村庄
230521100204	青山村委会	130.790169	46.661941	0	30	72	村庄
230521103202	东升村委会	130.906749	46.895922	0	30	72	村庄
230524101204	林海村委会	133.741960	47.213440	0	25	70	乡镇
230521100212	金星村委会	131.089590	46.767871	0	30	72	村庄
230524102214	连丰村委会	133.423740	46.958001	0	30	72	村庄
230521204204	兴源村委会	131.248740	46.870460	0	25	70	村庄
230524500502	饶河农场第二管理区	133.936721	47.088679	1	80	97	UNKNOWN
230502001003	春光社区	131.154277	46.634988	1	80	97	政府机构
230523100222	永宁村委会	132.198311	46.323258	0	25	70	乡镇
230521104206	太辉村委会	130.731440	46.770918	0	16	65	乡镇
230522103201	集富村委会	131.745112	46.694552	0	16	38	乡镇
230523203210	宝金村委会	132.277620	46.343781	0	25	47	乡镇
230521204224	富民村委会	131.340540	46.942160	0	30	72	村庄
230522502507	友谊农场第七管理区	131.810710	46.781561	0	50	82	UNKNOWN
230523501504	八五二农场第四管理区	132.690661	46.248000	1	80	100	政府机构
230522203203	中心村委会	131.769810	46.828099	0	30	72	村庄
230523103212	三道村委会	132.177014	46.256457	0	16	65	乡镇
230521480516	八大队生活区	130.995754	46.935095	1	80	97	政府机构
230521100009	前进社区居委会	131.125530	46.735839	0	25	70	乡镇
230523204214	银龙村委会	132.638269	46.620041	0	30	72	村庄
230523100202	和平村委会	132.178200	46.330689	0	30	72	村庄
230523502502	八五三农场二管理区	132.197001	46.326898	0	10	43	区县
230522200205	丰源村委会	131.624169	46.680141	0	30	72	村庄
230523105503	种畜场	132.022760	46.238268	1	80	100	UNKNOWN
230523100214	庄园村委会	132.198311	46.323258	0	25	70	乡镇
230523204202	东方村委会	132.478380	46.351199	0	25	70	乡镇
230524502509	八五九农场第九管理区	134.054859	47.426203	0	50	73	UNKNOWN
230523203206	三星村委会	132.277620	46.343781	0	25	70	乡镇
230522502511	友谊农场第十一管理区	131.810710	46.781561	0	50	73	UNKNOWN
230521101209	国庆村委会	131.265329	46.793231	0	30	72	村庄
230506500402	双鸭山场直社区	131.501541	46.541792	0	20	67	UNKNOWN
230503200202	东风村村委会	131.275747	46.562947	1	80	100	政府机构
230523101215	民主村委会	131.794380	46.556560	0	30	72	村庄
230522201204	兴发村委会	131.927150	46.817711	0	30	72	村庄
230523104502	宝密桥场	132.048393	45.863258	0	30	72	道路
230523100111	清河社区	132.198311	46.323258	0	25	70	乡镇
230523102205	兴旺村委会	132.204770	46.467798	0	30	72	村庄
230521583598	果树示范场虚拟村委会	131.087450	46.690111	1	80	94	UNKNOWN
230521100208	先锋村委会	131.096480	46.755020	0	30	72	村庄
230523100003	真理社区	132.198311	46.323258	0	25	70	乡镇
230523105201	小城子村委会	132.046050	46.218811	0	25	70	乡镇
230502200211	富安村委会	131.168440	46.620309	1	80	100	政府机构
230522101206	青年庄村委会	131.597150	46.729798	0	25	70	乡镇
230523202207	丰收村委会	132.363850	46.220658	0	25	70	村庄
230505002002	富饶社区	131.350391	46.596911	1	80	97	政府机构
230521204208	向阳村委会	131.222190	46.895750	0	30	72	村庄
230505001004	四井社区	131.337618	46.597178	0	40	59	道路
230522205206	新建村委会	132.103720	46.848041	0	30	72	村庄
230502200207	原鲜村委会	131.103546	46.647797	0	16	38	村庄
230524101208	蜂场村委会	133.741960	47.213440	0	25	70	乡镇
230523202211	东旺村委会	132.363850	46.220658	0	25	55	村庄
230523405598	三岔河林场虚拟生活区	131.962925	46.034371	0	50	68	UNKNOWN
230522102200	龙山村委会	131.585730	46.535459	0	30	72	村庄
230523101203	红峰村委会	131.747839	46.557761	0	30	72	村庄
230522100006	富强社区居民委员会	131.819189	46.779655	0	20	41	乡镇
230523102213	本德村委会	132.243110	46.487969	0	25	47	乡镇
230523500505	五九七农场第五管理区	132.197001	46.326898	0	10	28	区县
230522202202	新欣村委会	131.964214	46.723670	0	16	38	村庄
230523102212	新城村委会	132.268910	46.513279	0	30	72	村庄
230523500504	五九七农场第四管理区	132.197001	46.326898	0	10	28	区县
230522202203	富裕村委会	131.964214	46.723670	0	16	65	村庄
230521202220	双保村委会	131.043060	46.849620	0	25	70	村庄
230523101202	中红村委会	131.763670	46.565929	0	25	47	乡镇
230523202210	东胜村委会	132.363850	46.220658	0	25	70	村庄
230524101209	永丰朝鲜族村委会	133.741960	47.213440	0	25	43	乡镇
230522102201	北峰村委会	131.511780	46.616811	0	30	72	村庄
230521204209	五七村委会	131.248740	46.870460	0	25	70	村庄
230505001005	秀山社区	131.337618	46.597178	0	40	59	道路
230502200206	公立村委会	131.103546	46.647797	0	16	38	村庄
230523202206	灯塔村委会	132.290860	46.212570	0	30	72	村庄
230505002003	满意社区	131.350391	46.596911	1	80	97	政府机构
230522206201	套河村委会	131.852225	46.644502	0	16	38	乡镇
230521100209	长征村委会	131.075880	46.747690	0	30	72	村庄
230523100002	建设社区	132.198311	46.323258	0	25	70	乡镇
230502200210	窑地村委会	131.103546	46.647797	0	16	65	村庄
230522101207	平安村委会	131.579990	46.746620	0	30	72	村庄
230523102204	东富村委会	132.248340	46.427878	0	30	72	村庄
230503200203	东兴村村委会	131.238459	46.579617	0	18	66	村庄
230502002008	合兴社区	131.169961	46.649386	0	40	59	道路
230523101214	新民村委会	131.807850	46.544361	0	30	72	村庄
230523104503	宝山林场	132.106969	45.973410	1	80	100	UNKNOWN
230522201205	富强村委会	131.970960	46.797080	0	30	72	村庄
230523100110	岚峰社区	132.198311	46.323258	0	25	70	乡镇
230523104201	龙头村委会	132.097490	46.131390	0	25	70	乡镇
230522502510	友谊农场第十管理区	131.810710	46.781561	0	50	82	UNKNOWN
230521101208	山东村委会	131.314950	46.817871	0	30	72	村庄
230524502508	八五九农场第八管理区	134.054859	47.426203	0	50	73	UNKNOWN
230524204208	二道岗村委会	133.431239	47.131322	0	25	70	村庄
230523203207	万中村委会	132.277620	46.343781	0	25	47	乡镇
230523502503	八五三农场三管理区	132.197001	46.326898	0	10	43	区县
230521480501	一大队生活区	130.934434	46.866733	1	80	97	政府机构
230522200204	农民村委会	131.630820	46.736241	0	30	72	村庄
230523100215	郝家村委会	132.091620	46.409760	0	30	72	村庄
230523204203	东青村委会	132.452840	46.341019	0	30	72	村庄
230521582598	种畜场虚拟村委会	132.022760	46.238268	1	80	94	UNKNOWN
230521480517	十大队生活区	130.929435	46.847709	0	16	38	乡镇
230523100203	真理村委会	132.178100	46.334300	0	30	72	村庄
230523501505	八五二农场第五管理区	132.197001	46.326898	0	10	28	区县
230522203202	兴华村委会	131.761579	46.819507	0	16	65	村庄
230523103213	河泉村委会	132.177014	46.256457	0	16	38	乡镇
230523101500	胜利林场	131.785560	46.444189	1	80	100	UNKNOWN
230522502506	友谊农场第六管理区	131.810710	46.781561	0	50	82	UNKNOWN
230522103200	凤岗村委会	131.792560	46.709230	0	30	72	村庄
230523404598	红旗林场虚拟生活区	131.866939	46.206867	1	80	94	UNKNOWN
230523203211	志强村委会	132.312390	46.409218	0	30	72	村庄
230521204225	联明村委会	131.328280	46.921511	0	30	72	村庄
230521104207	太合村委会	130.731440	46.770918	0	16	38	乡镇
230524207500	通河林场生活区	133.923909	46.632386	1	80	97	UNKNOWN
230521407598	升平煤矿虚拟居委会	131.199676	46.791588	1	80	97	UNKNOWN
230502001002	吉星社区	131.154277	46.634988	1	80	97	政府机构
230521100213	新发村委会	131.127070	46.704699	0	30	72	村庄
230521204205	永林村委会	131.248740	46.870460	0	25	70	村庄
230503002001	东明社区	131.158000	46.458199	0	14	46	区县
230524500503	饶河农场第三管理区	133.936721	47.088679	1	80	97	UNKNOWN
230521103203	东风村委会	130.886950	46.889760	0	30	72	村庄
230524101205	新村村委会	133.806679	47.163926	0	30	72	村庄
230521204213	永革村委会	131.248740	46.870460	0	25	47	村庄
230524102203	五道桥村委会	133.316090	47.074351	0	25	70	乡镇
230521100205	双丰村委会	130.953400	46.711681	0	30	72	村庄
230521202001	兴安社区居民委员会	131.043060	46.849620	0	25	47	村庄
230524101213	吉龙村委会	133.741960	47.213440	0	25	70	乡镇
230521103215	新立村委会	130.857180	46.779100	0	30	72	村庄
230524503505	胜利农场第五管理区	133.871687	47.368209	1	70	92	UNKNOWN
230506003001	东兴社区	131.521840	46.502026	1	80	97	政府机构
230523101218	永安村委会	131.740560	46.473500	0	30	72	村庄
230502002004	向阳社区	131.169961	46.649386	0	40	59	道路
230521104211	太玉村委会	130.731440	46.770918	0	16	38	乡镇
230524504501	红卫农场第一管理区	133.294979	47.303479	1	80	100	UNKNOWN
230522201209	二站村委会	131.941601	46.821793	0	16	38	村庄
230503006003	蓝天社区	131.158000	46.458199	0	14	46	区县
230522501598	红兴隆管理局局直虚拟生活区	131.569567	46.710414	1	80	93	UNKNOWN
230506004005	星福社区	131.620939	46.522631	1	80	97	政府机构
230523102208	庆东村委会	132.273970	46.471690	0	30	72	村庄
230524100005	荣久社区	134.027049	46.802341	0	25	70	乡镇
230524406598	大岱林场虚拟生活区	133.776799	46.791291	1	80	95	UNKNOWN
230505101214	永久村委会	131.194510	46.758590	0	30	72	村庄
230524502504	八五九农场第四管理区	134.054859	47.426203	0	50	73	UNKNOWN
230521500502	二九一农场第二管理区	131.443933	46.960082	0	16	47	UNKNOWN
230521102214	太昌村委会	131.405050	46.711019	0	30	72	村庄
230502004001	南山社区	131.167887	46.625495	0	30	58	乡镇
230524204204	奋斗村委会	133.431239	47.131322	0	25	70	村庄
230521101204	七一村委会	131.248220	46.815759	0	25	70	乡镇
230524103202	西南岔村委会	133.662759	46.558071	0	25	47	乡镇
230523103209	西沟村委会	132.177014	46.256457	0	16	65	乡镇
230523209201	七星河村委会	132.055890	46.708220	1	80	95	UNKNOWN
230521202216	光明村委会	130.996500	46.873079	0	30	72	村庄
230524102501	良种场生活区	133.277676	46.982536	1	80	97	UNKNOWN
230521100012	农丰社区居委会	131.125530	46.735839	0	25	70	乡镇
230502003005	隆安社区	131.159031	46.640956	0	30	58	乡镇
230523100219	四新村委会	132.198311	46.323258	0	25	70	乡镇
230524203200	大佳河村委会	133.564792	47.175308	0	16	33	乡镇
230521201206	腰屯村委会	131.430220	46.805680	0	30	72	村庄
230506006002	富民社区	131.401000	46.577199	0	16	47	区县
230523101222	双北村委会	131.763670	46.565929	0	25	70	乡镇
230524200206	柳兰村委会	134.003081	46.926549	0	25	47	乡镇
230521201210	联丰村委会	131.357081	46.830598	0	30	72	村庄
230524502512	八五九农场第十二管理区	134.054859	47.426203	0	50	82	UNKNOWN
230505101202	中华村委会	131.240140	46.735598	0	25	70	乡镇
230524100204	三义村委会	134.027049	46.802341	0	25	70	乡镇
230521102202	五星村委会	131.401860	46.714179	0	25	70	乡镇
230524501502	红旗岭农场第二管理区	133.247069	46.838091	0	50	82	UNKNOWN
230524207202	镇江村委会	133.922800	46.632209	0	30	72	村庄
230502007007	银苑社区	131.149228	46.678941	1	80	97	政府机构
230521101212	兆林村委会	131.248220	46.815759	0	25	47	乡镇
230522100008	学府社区居民委员会	131.819189	46.779655	0	20	41	乡镇
230506101520	华新村	131.394770	46.586190	0	25	70	乡镇
230521104204	太山村委会	130.707840	46.784469	0	30	72	村庄
230523100220	靠山村委会	132.166730	46.307320	0	30	72	地产小区
230524503402	胜利场直社区	133.871059	47.371620	1	80	97	购物
230502001001	春城社区	131.154277	46.634988	1	80	97	政府机构
230502200209	建胜村委会	131.202750	46.668931	0	30	72	村庄
230521204206	永兴村委会	131.226050	46.873429	0	30	72	村庄
230521100210	胜利村委会	131.106600	46.748279	0	30	72	村庄
230524101206	新风村委会	133.741960	47.213440	0	25	70	乡镇
230522101208	四马架村委会	131.597150	46.729798	0	25	70	乡镇
230524102200	西丰村委会	133.308210	47.074171	0	30	72	村庄
230521204210	青春村委会	131.238550	46.869309	0	30	72	村庄
230503001004	通达社区	131.158000	46.458199	0	14	46	区县
230523209500	芦苇公司生活区	131.931639	46.630600	0	25	55	乡镇
230524503506	胜利农场第六管理区	133.871687	47.368209	1	70	92	UNKNOWN
230523202209	东兴村委会	132.363850	46.220658	0	25	70	村庄
230524101210	富饶村委会	133.741960	47.213440	0	25	70	乡镇
230521103216	太源村委会	130.873621	46.818618	0	25	70	乡镇
230506004006	星吉社区	131.620939	46.522631	1	80	97	政府机构
230524504502	红卫农场第二管理区	133.454741	47.332389	0	50	82	UNKNOWN
230502002007	光明社区	131.169961	46.649386	0	40	59	道路
230521104212	太林村委会	130.731440	46.770918	0	16	38	乡镇
230524204207	新利村委会	133.340650	47.182729	0	30	72	村庄
230523203208	新星村委会	132.339811	46.367211	0	30	72	村庄
230502004002	富东社区	131.167887	46.625495	0	30	58	乡镇
230524502507	八五九农场第七管理区	134.054859	47.426203	0	50	73	UNKNOWN
230521500501	二九一农场第一管理区	131.443933	46.960082	0	16	47	UNKNOWN
230506002003	宏如社区	131.401000	46.577199	0	16	47	区县
230521101207	德胜村委会	131.248220	46.815759	0	25	70	乡镇
230524103201	关门村委会	133.662759	46.558071	0	25	70	乡镇
230521402598	丰乐林场虚拟村村委会	130.908400	46.740771	1	80	94	UNKNOWN
230521202215	兴四村委会	131.043060	46.849620	0	25	47	村庄
230523209202	常张村委会	131.970468	46.665725	1	80	95	UNKNOWN
230521103001	长发社区居委会	130.873621	46.818618	0	25	70	乡镇
230524203203	富山村委会	133.564792	47.175308	0	16	65	乡镇
230521201205	宏图村委会	131.464831	46.829769	0	16	65	村庄
230524102502	渔丰村生活区	133.316090	47.074351	0	25	55	乡镇
230521202203	柳河村委会	131.040130	46.960733	0	30	72	村庄
230523101221	福兴村委会	131.763670	46.565929	0	25	70	乡镇
230524200205	三人班村委会	134.003081	46.926549	0	25	70	乡镇
230506006001	东平社区	131.401000	46.577199	0	16	47	区县
230521201213	民胜村委会	131.464831	46.829769	0	16	65	村庄
230521102201	永胜村委会	131.297681	46.728389	0	30	72	地产小区
230524403598	大牙克林场虚拟生活区	133.350580	46.840470	1	80	95	UNKNOWN
230505101201	七一村委会	131.240140	46.735598	0	25	70	乡镇
230502007004	铁路社区	131.149228	46.678941	1	80	97	政府机构
230522502509	友谊农场第九管理区	132.008650	46.921749	1	80	100	政府机构
230521101211	丰收村委会	131.248220	46.815759	0	25	70	乡镇
230524207201	兴隆村委会	133.915579	46.683930	0	30	72	村庄
230524501501	红旗岭农场第一管理区	133.247069	46.838091	0	50	82	UNKNOWN
230522202200	庆丰村委会	131.871860	46.734611	0	30	72	村庄
230523102211	东发村委会	132.243110	46.487969	0	25	70	乡镇
230522100004	百兴社区居民委员会	131.819189	46.779655	0	20	41	乡镇
230521104208	太忠村委会	130.731440	46.770918	0	16	38	乡镇
230523101201	向华村委会	131.763670	46.565929	0	25	43	乡镇
230522205204	西邻村委会	132.081960	46.789619	0	30	72	村庄
230506500504	双鸭山农场第四管理区	131.501541	46.541792	0	20	67	UNKNOWN
230502200205	双合村委会	131.174270	46.660858	0	30	72	村庄
230522206202	凤林村委会	131.870200	46.612271	0	30	72	村庄
230523202205	曙光村委会	132.335600	46.213699	0	30	72	村庄
230522101204	和发村委会	131.597150	46.729798	0	25	47	乡镇
230502200213	双富村委会	131.103546	46.647797	0	16	65	村庄
230523100001	东关社区	132.220799	46.333080	1	80	100	政府机构
230523105203	太平村委会	132.046050	46.218811	0	25	70	乡镇
230523401598	南瓮泉经营所虚拟生活区	131.583943	46.424764	1	80	93	政府机构
230523104500	龙头林场	132.140731	46.130348	1	80	100	UNKNOWN
230522201206	青年村委会	132.030130	46.829440	0	30	72	村庄
230523101217	金沙河村委会	131.763670	46.565929	0	25	70	乡镇
230523104202	红山村委会	132.183200	46.167288	0	30	72	村庄
230523203204	方胜村委会	132.277620	46.343781	0	25	47	乡镇
230523501402	八五二场直社区	132.197001	46.326898	0	10	33	区县
230521201209	繁荣村委会	131.365680	46.822049	0	30	72	村庄
230523100216	报国村委会	132.198311	46.323258	0	25	47	乡镇
230523105501	六道林场	131.895980	46.109308	1	80	100	UNKNOWN
230521480502	二大队生活区	130.912390	46.909358	1	80	97	政府机构
230522502401	友谊场直社区	131.810710	46.781561	0	50	82	UNKNOWN
230521202219	兴旺村委会	131.029260	46.885411	0	30	72	村庄
230523103206	合作村委会	132.225569	46.300501	0	30	72	村庄
230521480514	水管站生活区	130.989170	46.730728	0	30	72	UNKNOWN
230523103210	头道村委会	132.177014	46.256457	0	16	65	乡镇
230523501506	八五二农场第六管理区	132.197001	46.326898	0	10	28	区县
230506101500	杨木岗村	131.556290	46.388650	0	30	100	村庄
230522203201	北新发村委会	131.761579	46.819507	0	16	38	村庄
230522502505	友谊农场第五管理区	131.810710	46.781561	0	50	82	UNKNOWN
230502007008	长虹社区	131.149228	46.678941	1	80	97	政府机构
230522204205	北良村委会	131.990849	46.920091	0	25	70	村庄
230521204226	北安村委会	131.266469	46.917451	0	30	72	村庄
230522103203	友利村委会	131.745112	46.694552	0	16	38	乡镇
230521204227	洪胜村委会	131.248740	46.870460	0	25	47	村庄
230522103202	六合村委会	131.745112	46.694552	0	16	65	乡镇
230522502504	友谊农场第四管理区	131.810710	46.781561	0	50	82	UNKNOWN
230502007009	民生社区	131.149228	46.678941	1	80	97	政府机构
230522204204	西北屯村委会	131.990849	46.920091	0	25	70	村庄
230523103211	二道村委会	132.177014	46.256457	0	16	65	乡镇
230524200208	沙河子村委会	133.991728	46.984690	0	30	72	村庄
230523501507	八五二农场第七管理区	132.197001	46.326898	0	10	28	区县
230522203200	建设村委会	131.743290	46.744581	0	30	72	村庄
230523100201	建设村委会	132.184253	46.334705	0	30	72	村庄
230521202218	鲜兴村委会	131.043060	46.849620	0	25	47	村庄
230523103207	团结村委会	132.233400	46.286290	0	30	72	村庄
230523400598	上游经营所虚拟生活区	131.407866	46.347127	1	80	93	政府机构
230523204201	尖东村委会	132.478380	46.351199	0	25	47	乡镇
230521201208	永红村委会	131.464831	46.829769	0	16	65	村庄
230505004004	创业社区	131.339000	46.596400	0	16	47	区县
230523100217	双泉村委会	132.150977	46.431116	0	30	72	村庄
230523502501	八五三农场一管理区	132.197001	46.326898	0	10	43	区县
230522200206	向阳村委会	131.672370	46.652820	0	30	72	村庄
230521480503	三大队生活区	130.958089	46.913834	1	80	97	政府机构
230523105500	梨树林场	132.018850	46.310118	0	60	100	UNKNOWN
230523203205	农业场村委会	132.277620	46.343781	0	25	43	乡镇
230522502512	友谊农场林业管理区	131.810710	46.781561	0	50	82	UNKNOWN
230523101001	第一居委会	131.763670	46.565929	0	25	70	乡镇
230523104203	东龙村委会	132.097490	46.131390	0	25	70	乡镇
230522201207	靠乡村委会	131.941601	46.821793	0	16	38	村庄
230523104501	头道岗林场	132.270400	46.128409	1	80	100	UNKNOWN
230523101216	义合村委会	131.763670	46.565929	0	25	70	乡镇
230503200201	东升村村委会	131.156770	46.585530	0	30	58	村庄
230523102206	青山村委会	132.255410	46.455488	0	30	72	村庄
230522101205	猴石村委会	131.581990	46.622959	0	30	72	村庄
230502200212	长安村委会	131.212359	46.627470	0	30	72	村庄
230523105202	青龙山村委会	132.046050	46.218811	0	25	70	乡镇
230522206203	大成富村委会	131.852225	46.644502	0	16	33	乡镇
230523500402	五九七场直社区	132.197001	46.326898	0	10	33	区县
230523202204	红日村委会	132.363850	46.220658	0	25	70	村庄
230522205205	长林村委会	132.144040	46.824209	0	30	72	村庄
230506500505	双鸭山农场第五管理区	131.501541	46.541792	0	20	67	UNKNOWN
230502200204	西山村委会	131.163169	46.678766	1	80	100	政府机构
230522100005	康乐社区居民委员会	131.807410	46.779691	1	80	100	政府机构
230521104209	太恒村委会	130.731440	46.770918	0	16	38	乡镇
230523500506	五九七农场第六管理区	132.021880	46.443078	1	80	100	政府机构
230522202201	康家店村委会	131.964214	46.723670	0	16	65	村庄
230523102210	兴业村委会	132.228490	46.499391	0	30	72	村庄
230502007005	豫园社区	131.149228	46.678941	1	80	97	政府机构
230522502508	友谊农场第八管理区	131.810710	46.781561	0	50	82	UNKNOWN
230521101210	红光村委会	131.248220	46.815759	0	25	70	乡镇
230524207200	青山村委会	133.943380	46.721819	0	30	72	村庄
230503003002	青山社区	131.158000	46.458199	0	14	46	区县
230523409598	桦南林业局岚峰林场虚拟生活区	131.781830	46.122208	1	80	95	UNKNOWN
230524100206	昌盛村委会	134.027049	46.802341	0	25	70	乡镇
230521201212	常胜村委会	131.464831	46.829769	0	16	65	村庄
230524502402	八五九场直社区	134.054859	47.426203	0	50	73	UNKNOWN
230521202202	精神村委会	131.043060	46.849620	0	25	47	村庄
230524200204	兰桥村委会	134.003081	46.926549	0	25	70	乡镇
230523101220	三合村委会	131.763670	46.565929	0	25	70	乡镇
230524203202	前唐村委会	133.564792	47.175308	0	16	65	乡镇
230521201204	兴久村委会	131.464831	46.829769	0	16	38	村庄
230521100010	花园社区居委会	131.125530	46.735839	0	25	70	乡镇
230521202214	兴三村委会	131.043060	46.849620	0	25	47	村庄
230523209203	杨树村委会	131.931639	46.630600	0	25	70	乡镇
230521101206	山河村委会	131.347381	46.796069	0	30	72	村庄
230524103200	鹿山村委会	133.662759	46.558071	0	25	70	乡镇
230524204206	三道岗村委会	133.431239	47.131322	0	25	70	村庄
230523203209	金山村委会	132.277630	46.388110	0	30	72	村庄
230524502506	八五九农场第六管理区	134.054859	47.426203	0	50	73	UNKNOWN
230505101216	五四村委会	131.240140	46.735598	0	25	70	乡镇
230506002002	宏祥社区	131.401000	46.577199	0	16	47	区县
230521102001	永昌社区居委会	131.401860	46.714179	0	25	70	乡镇
230503006001	兴华社区	131.158000	46.458199	0	14	46	区县
230502002006	朝阳社区	131.169961	46.649386	0	40	59	道路
230521104213	太岩村委会	130.731440	46.770918	0	16	65	乡镇
230524503507	胜利农场第七管理区	133.871687	47.368209	1	70	92	UNKNOWN
230524101211	创新村委会	133.741960	47.213440	0	25	70	乡镇
230523202208	合兴村委会	132.363850	46.220658	0	25	70	村庄
230524203500	种畜场生活区	133.620820	47.178120	1	80	97	UNKNOWN
230521403598	七星林场虚拟村委会	130.944430	46.710219	1	80	94	UNKNOWN
230524102201	东林村委会	133.377219	47.094341	0	30	72	村庄
230521100207	清泉村委会	131.125530	46.735839	0	25	70	乡镇
230521204211	长发村委会	131.248740	46.870460	0	25	70	村庄
230524402598	西丰林场虚拟生活区	133.259308	47.077838	0	20	50	UNKNOWN
230521103201	卫东村委会	130.921240	46.928440	0	30	72	村庄
230524101207	东鲜朝鲜族村委会	133.741960	47.213440	0	25	41	乡镇
230524500501	饶河农场第一管理区	133.936721	47.088679	1	80	97	UNKNOWN
230502200208	集东村委会	131.103546	46.647797	0	16	65	村庄
230503002003	东升社区	131.158000	46.458199	0	14	46	区县
230521204207	永吉村委会	131.248740	46.870460	0	25	70	村庄
230521100211	东发村委会	131.125530	46.735839	0	25	70	乡镇
230506007001	电厂社区	131.401000	46.577199	0	16	47	区县
230523100221	北关村委会	132.236710	46.352090	0	30	72	村庄
230521104205	太安村委会	130.731440	46.770918	0	16	65	乡镇
230523500501	五九七农场第一管理区	132.197001	46.326898	0	10	28	区县
230523402598	七一林场虚拟生活区	132.197001	46.326898	0	10	25	区县
230523101207	永发村委会	131.763670	46.565929	0	25	70	乡镇
230523103001	第一居委会	132.177014	46.256457	0	16	65	乡镇
230506500502	双鸭山农场第二管理区	131.444198	46.548644	1	80	100	政府机构
230522205202	新发村委会	132.012600	46.790338	0	30	72	村庄
230502200203	双兴村委会	131.124820	46.648489	0	30	72	村庄
230522206204	老菜营村委会	131.852225	46.644502	0	16	33	乡镇
230521101221	五一村委会	131.248220	46.815759	0	25	70	乡镇
230523202203	红升村委会	132.409600	46.226740	0	30	72	村庄
230522101202	利华村委会	131.597150	46.729798	0	25	70	乡镇
230523105205	梨中村委会	132.046050	46.218811	0	25	47	乡镇
230523100007	和平社区	132.198311	46.323258	0	25	70	乡镇
230523203500	良种场	132.364490	46.460009	1	80	100	UNKNOWN
230523102201	兴东村委会	132.256591	46.492068	0	30	72	村庄
230522201200	东建村委会	131.941601	46.821793	0	16	65	村庄
230524504508	红卫农场第八管理区	133.454741	47.332389	0	50	82	UNKNOWN
230503200206	团山村村委会	131.238459	46.579617	0	18	40	村庄
230523101211	新发村委会	131.877260	46.575150	0	30	72	村庄
230505005002	三矿社区	131.334766	46.603263	0	30	58	乡镇
230523104204	兰花村委会	132.097490	46.131390	0	25	70	乡镇
230523203202	红光村委会	132.310010	46.270618	0	30	72	村庄
230524203209	永胜村委会	133.493250	47.136251	0	30	72	村庄
230523100210	十二里村委会	132.198311	46.323258	0	25	70	乡镇
230505004003	邮政社区	131.339000	46.596400	0	16	47	区县
230523204206	索东村委会	132.478380	46.351199	0	25	47	乡镇
230522200201	东胜村委会	131.652261	46.759178	0	25	70	村庄
230521480504	四大队生活区	131.011882	46.914495	1	80	97	政府机构
230523502506	八五三农场六管理区	132.197001	46.326898	0	10	43	区县
230503401498	岭东区岭东经营所虚拟社区	131.100870	46.535099	1	80	97	UNKNOWN
230523209208	永新村委会	132.233869	46.622813	1	80	95	地产小区
230523204210	头道林子村委会	132.478380	46.351199	0	25	55	乡镇
230523100206	南元村委会	132.198311	46.323258	0	25	70	乡镇
230521480512	十四大队生活区	130.929435	46.847709	0	16	38	乡镇
230523103216	向山村委会	132.177014	46.256457	0	16	65	乡镇
230521202209	合发村委会	131.043060	46.849620	0	25	47	村庄
230524409598	芦源林场虚拟生活区	133.358638	46.941816	0	18	49	乡镇
230523502402	八五三场直社区	132.197001	46.326898	0	10	33	区县
230521480400	黑龙江省双鸭山市监狱社区	130.929435	46.847709	0	16	65	乡镇
230522502503	友谊农场第三管理区	131.810710	46.781561	0	50	82	UNKNOWN
230522204203	瓦盆窑村委会	131.990849	46.920091	0	25	70	村庄
230521204220	曙光村委会	131.236371	46.939468	0	30	72	村庄
230522103205	马家街村委会	131.745112	46.694552	0	16	65	乡镇
230521104202	太兴村委会	130.731440	46.770918	0	16	38	乡镇
230524201202	东河村委会	133.984988	47.009632	0	30	72	村庄
230524500506	饶河农场第六管理区	133.936721	47.088679	1	80	97	UNKNOWN
230521100216	东辉村委会	131.125530	46.735839	0	25	70	乡镇
230524102210	芦源村委会	133.316090	47.074351	0	25	70	乡镇
230502006003	安平社区	131.159000	46.646200	0	16	47	区县
230524503516	胜利农场第九管理区	133.871687	47.368209	1	70	92	UNKNOWN
230521103206	太复村委会	130.873621	46.818618	0	25	47	乡镇
230524101200	佳平村委会	133.741960	47.213440	0	25	70	乡镇
230521204216	幸福村委会	131.310930	46.863420	0	30	72	村庄
230523105209	天山村委会	131.800889	46.119030	0	30	72	村庄
230524102206	河南村委会	133.304449	47.036972	0	30	72	村庄
230521103210	永丰村委会	130.901700	46.820931	0	30	72	村庄
230524504504	红卫农场第四管理区	133.454741	47.332389	0	50	82	UNKNOWN
230506101530	宝山村	131.661630	46.593089	0	30	100	村庄
230524500402	饶河场直社区	133.936721	47.088679	1	80	97	UNKNOWN
230502002001	中植社区	131.164507	46.647328	0	60	100	UNKNOWN
230521104214	太阳村委会	130.731440	46.770918	0	16	65	乡镇
230521102211	丰林村委会	131.416490	46.676368	0	30	72	村庄
230524204201	光明村委会	133.448760	47.141559	0	30	72	村庄
230505101211	建兴村委会	131.243760	46.763419	0	30	72	村庄
230524502501	八五九农场第一管理区	134.054859	47.426203	0	50	73	UNKNOWN
230521101201	永发村委会	131.248220	46.815759	0	25	70	乡镇
230523104208	庆九村委会	132.097490	46.131390	0	25	47	乡镇
230524400598	小佳河林场虚拟生活区	133.885050	47.068500	0	18	49	UNKNOWN
230524410598	五林洞林场虚拟生活区	133.655390	46.552500	1	80	95	UNKNOWN
230521202213	兴二村委会	131.043060	46.849620	0	25	70	村庄
230523209204	新立村委会	131.983540	46.612941	0	30	72	村庄
230524203205	桦林村委会	133.564792	47.175308	0	16	65	乡镇
230521204001	永安社区居民委员会	131.248740	46.870460	0	25	47	村庄
230521201203	天兴村委会	131.464831	46.829769	0	16	65	村庄
230506005001	向阳社区	131.401000	46.577199	0	16	47	区县
230521480508	十一大队生活区	130.929435	46.847709	0	16	38	乡镇
230521202205	和平村委会	131.056940	46.809818	0	30	72	村庄
230523101227	东太村委会	131.845050	46.511639	0	30	72	村庄
230524200203	靠山村委会	133.993581	46.902409	0	30	72	村庄
230503004001	三源社区	131.119719	46.603902	1	80	97	政府机构
230521201215	福兴村委会	131.464831	46.829769	0	16	65	村庄
230521100001	繁荣社区居委会	131.136834	46.727778	1	80	100	政府机构
230524100201	镇北村委会	134.011700	46.813970	0	30	72	村庄
230521102207	三方村委会	131.401860	46.714179	0	25	70	乡镇
230524502517	八五九农场第十一管理区	134.054859	47.426203	0	50	82	UNKNOWN
230521401598	太平林场虚拟村委会	130.774900	46.653861	1	80	94	UNKNOWN
230524201500	马架子林场生活区	134.051199	46.921808	1	80	97	UNKNOWN
230505101207	长富村委会	131.240140	46.735598	0	25	70	乡镇
230502007002	鸿苑社区	131.149228	46.678941	1	80	97	政府机构
230521101217	福厚村委会	131.248220	46.815759	0	25	47	乡镇
230506001003	红升社区	131.401000	46.577199	0	16	47	区县
230524207206	永明村委会	133.956020	46.731051	0	25	70	乡镇
230502007003	社保社区	131.149228	46.678941	1	80	97	政府机构
230521101216	平原村委会	131.207180	46.808221	0	30	72	村庄
230503003004	东湖社区	131.158000	46.458199	0	14	46	区县
230506001002	红远社区	131.401000	46.577199	0	16	47	区县
230524100200	饶河村委会	134.027049	46.802341	0	25	55	乡镇
230521102206	治安村委会	131.401860	46.714179	0	25	70	乡镇
230524502516	八五九农场第十管理区	134.054859	47.426203	0	50	73	UNKNOWN
230505101206	红星村委会	131.342480	46.698249	0	30	72	村庄
230521201214	双山村委会	131.543500	46.851689	0	30	72	村庄
230521202204	庆生村委会	131.043060	46.849620	0	25	70	村庄
230521500402	二九一场直社区	131.443933	46.960082	0	16	47	UNKNOWN
230524200202	小南河村委会	134.003081	46.926549	0	25	70	乡镇
230523101226	新丰村委会	131.908080	46.500239	0	30	72	村庄
230502003001	商贸社区	131.159031	46.640956	0	30	58	乡镇
230524203204	富河村委会	133.564792	47.175308	0	16	38	乡镇
230524501402	红旗岭场直社区	133.247069	46.838091	0	50	73	UNKNOWN
230521201202	八一村委会	131.464831	46.829769	0	16	65	村庄
230521480509	十二大队生活区	130.929435	46.847709	0	16	47	乡镇
230521202212	兴一村委会	131.043060	46.849620	0	25	70	村庄
230523209205	东辉村委会	131.931639	46.630600	0	25	70	乡镇
230523104209	大泉沟村委会	132.136041	46.056797	0	30	72	村庄
230521102210	爱林村委会	131.401860	46.714179	0	25	47	乡镇
230524204200	山里村委会	133.431239	47.131322	0	25	70	村庄
230505101210	双丰村委会	131.269379	46.777281	0	30	72	村庄
230506002004	宏意社区	131.401000	46.577199	0	16	47	区县
230524100001	沿江社区	134.027049	46.802341	0	25	70	乡镇
230524504505	红卫农场第五管理区	133.454741	47.332389	0	50	82	UNKNOWN
230506101531	新村	131.394770	46.586190	0	25	100	乡镇
230506004001	星河社区	131.620939	46.522631	1	80	97	政府机构
230521104215	太利村委会	130.731440	46.770918	0	16	38	乡镇
230524503501	胜利农场第一管理区	134.034536	47.340170	1	80	100	政府机构
230521103211	太城村委会	130.873621	46.818618	0	25	70	乡镇
230524401598	威山林场虚拟生活区	133.538790	47.089971	1	80	95	UNKNOWN
230521204217	勤俭村委会	131.294411	46.864278	0	30	72	村庄
230523105208	千山村委会	132.046050	46.218811	0	25	70	乡镇
230524102207	河北村委会	133.255500	47.056381	0	30	72	村庄
230524503517	胜利农场第十管理区	133.871687	47.368209	1	70	92	UNKNOWN
230521103207	永强村委会	130.869811	46.828028	0	30	72	村庄
230524101201	佳河村委会	133.741960	47.213440	0	25	47	乡镇
230524500507	饶河农场第七管理区	133.936721	47.088679	1	80	97	UNKNOWN
230521100217	高丰村委会	131.125530	46.735839	0	25	70	乡镇
230502006002	方园社区	131.159000	46.646200	0	16	47	区县
230524102211	苇子沟村委会	133.316090	47.074351	0	25	70	乡镇
230521204201	德利村委会	131.248740	46.870460	0	25	70	村庄
230503005001	兴东社区	131.158000	46.458199	0	14	46	区县
230524100502	带阳生活区	134.027049	46.802341	0	25	55	乡镇
230524201203	平原村委会	134.013300	47.025241	0	30	72	村庄
230521101001	福城社区居委会	131.248220	46.815759	0	25	70	乡镇
230521104203	太增村委会	130.731440	46.770918	0	16	38	乡镇
230523102001	第一居委会	132.243110	46.487969	0	25	70	乡镇
230521204221	北星村委会	131.248740	46.870460	0	25	70	村庄
230522103204	兴隆山村委会	131.745112	46.694552	0	16	65	乡镇
230522502502	友谊农场第二管理区	131.746556	46.802400	1	80	100	政府机构
230522204202	东兴村委会	131.990849	46.920091	0	25	70	村庄
230523103217	奋斗村委会	132.177014	46.256457	0	16	65	乡镇
230521202208	忠厚村委会	131.043060	46.849620	0	25	70	村庄
230522203206	福前村委会	131.761579	46.819507	0	16	38	村庄
230523501501	八五二农场第一管理区	132.197001	46.326898	0	10	28	区县
230523204211	二道林子村委会	132.478380	46.351199	0	25	70	乡镇
230523100207	亨利村委会	132.198311	46.323258	0	25	47	乡镇
230521480513	科研站生活区	130.929435	46.847709	0	16	47	乡镇
230523403598	七星河林场虚拟生活区	131.664040	46.256658	1	80	95	UNKNOWN
230523209209	兴平村委会	131.931639	46.630600	0	25	47	乡镇
230523103201	夹信子村委会	132.177014	46.256457	0	16	65	乡镇
230523202500	东方红林场	132.388310	46.142589	1	80	100	UNKNOWN
230505004002	北苑社区	131.339000	46.596400	0	16	47	区县
230523100211	连丰村委会	132.169309	46.349581	0	30	72	村庄
230524203208	永富村委会	133.564792	47.175308	0	16	38	乡镇
230523204207	东明村委会	132.516890	46.426380	0	30	72	村庄
230522200200	兴盛村委会	131.652261	46.759178	0	25	55	村庄
230521480505	六大队生活区	130.981691	46.956087	1	80	97	政府机构
230523502507	八五三农场七管理区	132.197001	46.326898	0	10	43	区县
230523203203	兴国村委会	132.277620	46.343781	0	25	70	乡镇
230523104205	北龙村委会	132.052359	46.159070	0	30	72	村庄
230522201201	发家村委会	131.941601	46.821793	0	16	65	村庄
230524504509	红卫农场第九管理区	133.454741	47.332389	0	50	82	UNKNOWN
230503200207	新翼村村委会	131.113220	46.599038	0	30	58	村庄
230523101210	德兴村委会	131.763670	46.565929	0	25	70	乡镇
230503400498	岭东区青山旅游公司虚拟社区	131.191520	46.497610	1	80	97	UNKNOWN
230522101203	邹集村委会	131.597150	46.729798	0	25	47	乡镇
230523105204	梨南村委会	132.046050	46.218811	0	25	55	乡镇
230523100006	解放社区	132.198311	46.323258	0	25	70	乡镇
230522206205	小成富村委会	131.852225	46.644502	0	16	33	乡镇
230521101220	城新村委会	131.248220	46.815759	0	25	70	乡镇
230523202202	红旗村委会	132.449950	46.249649	0	30	72	地产小区
230506500503	双鸭山农场第三管理区	131.501541	46.541792	0	20	67	UNKNOWN
230522205203	东邻村委会	132.109909	46.793501	0	25	70	村庄
230502200202	朝阳村委会	131.121850	46.661369	0	30	72	村庄
230505001001	中心社区	131.337618	46.597178	0	40	59	道路
230522100003	繁荣社区居民委员会	131.816250	46.777270	1	80	100	政府机构
230506401498	双鸭山林业局宝山经营所虚拟居委会	131.314092	46.518529	1	80	97	政府机构
230523101206	兴华村委会	131.763670	46.565929	0	25	70	乡镇
230524408598	奇源林场虚拟生活区	133.498520	46.692580	1	80	95	UNKNOWN
