231005002004	圆明社区居委会	129.602881	44.577770	1	80	97	政府机构
231083100002	新兴社区居民委员会	129.337628	44.614824	0	16	38	乡镇
231003103216	西桥村委会	129.746730	44.778800	0	30	72	村庄
231084208207	东烧锅村委会	129.208130	44.017010	0	25	47	村庄
231084400417	第十七居委会	129.203600	44.108939	1	80	97	政府机构
231083106210	东和村委会	129.098840	44.434911	0	30	72	村庄
231003100206	福长村村委会	129.678170	44.594529	0	25	70	乡镇
231071001204	乜河村委会	129.632452	44.553112	1	80	94	政府机构
231086104216	奋斗村委会	130.743432	44.190155	0	14	64	乡镇
231083101214	宁古村委会	128.914280	44.478590	0	25	47	乡镇
231086103212	老黑山村委会	130.687548	43.791452	0	14	64	乡镇
231085401429	老道沟经营所社区	130.268431	44.522569	1	80	95	政府机构
231025400403	河北区居委会	130.292100	45.355990	1	80	95	政府机构
231083102204	正南村委会	129.077712	44.801057	1	80	100	政府机构
231086100202	二街村委会	131.110538	44.146730	0	16	65	乡镇
231084400505	新城经营所生活区	129.203600	44.108939	1	80	94	政府机构
231085400404	第四居委会	130.544750	44.934891	1	80	97	政府机构
231004002001	黄花小区社区居委会	129.578810	44.584381	1	80	95	政府机构
231025400415	红石经营所居委会	130.292100	45.355990	1	80	95	政府机构
231086103204	上碱村委会	130.687548	43.791452	0	14	37	乡镇
231005006006	西苑社区居委会	129.615431	44.561119	1	80	97	政府机构
231083101202	火龙沟村委会	128.914280	44.478590	0	25	47	乡镇
231085400412	三兴经营所社区	130.250130	44.887921	1	80	100	UNKNOWN
231084400513	鹿苑岛林场生活区	129.203600	44.108939	1	80	94	政府机构
231086100214	暖二村委会	131.110538	44.146730	0	16	38	乡镇
231025105209	榆树村委会	130.016520	44.910940	0	25	70	乡镇
231083100501	新海林场	129.294695	44.572872	1	80	100	UNKNOWN
231025400507	战斗林场生活区	130.292100	45.355990	1	80	95	政府机构
231085202208	靠山村委会	130.218800	44.157489	0	30	72	村庄
231084100224	福荣村委会	129.445614	44.366133	1	80	100	政府机构
231084102219	莲花三村委会	129.169380	44.121211	0	25	47	乡镇
231084208211	四道村委会	129.208130	44.017010	0	25	47	村庄
231005002012	爱民社区居委会	129.602881	44.577770	1	80	97	政府机构
231084400401	第一居委会	129.203600	44.108939	1	80	97	政府机构
231025108207	新富村委会	129.829159	45.477391	0	30	72	村庄
231085201218	龙眼村委会	130.490959	44.928891	0	25	55	村庄
231084101209	东康村委会	129.223520	44.112762	0	25	70	地产小区
231083403508	道林林场生活区	129.386460	44.581040	1	80	94	政府机构
231003100210	苇子沟村村委会	129.784540	44.589214	1	80	100	政府机构
231083106206	三家子村委会	129.114222	44.459150	0	16	65	乡镇
231005001002	邮政社区居委会	129.618491	44.573509	1	80	97	政府机构
231084202237	簸箕村委会	129.476660	44.330561	0	25	70	乡镇
231071001005	东居华庭社区居委会	129.650895	44.555529	0	50	82	地产小区
231083404520	黑牛背林场生活区	129.687130	44.763139	1	80	95	政府机构
231085401413	第十三居委会	130.268431	44.522569	1	80	97	政府机构
231083105001	二道社区居民委员会	129.487759	45.090326	0	14	37	乡镇
231083100203	光荣村委会	129.337628	44.614824	0	16	65	乡镇
231086102205	胜利村委会	131.179841	43.984329	0	30	72	村庄
231081100008	光华社区居委会	131.177294	44.414476	0	18	66	乡镇
231084105231	小牡丹村委会	129.242960	44.328830	0	25	47	乡镇
231025102221	黑背村委会	130.001589	45.780760	0	25	47	乡镇
231083107207	春光村委会	129.724000	45.432839	0	30	72	村庄
231083402509	兴农林场生活区	128.920510	44.476421	1	80	95	政府机构
231086105201	先锋村委会	130.878551	44.429629	0	30	72	村庄
231086100003	中心社区居委会	131.110538	44.146730	0	16	65	乡镇
231084100208	向阳村委会	129.482810	44.359160	0	30	72	村庄
231084102235	青山村委会	129.098850	43.983781	0	30	72	村庄
231004004004	自建社区居委会	129.616451	44.602928	1	80	97	政府机构
231005100224	桥头村	129.494627	44.470013	0	16	100	地产小区
231025100027	西街办事处第五居民委员会	130.252197	45.266392	0	16	33	乡镇
231025107218	合发村委会	130.150911	45.247319	0	25	47	乡镇
231003102201	远景村委会	129.959625	44.565721	0	16	65	乡镇
231084103218	建设村委会	129.258211	44.221609	0	30	72	村庄
231084001002	东关社区居委会	129.473190	44.346561	1	80	97	政府机构
231025104208	兴丰村委会	129.855470	44.871558	0	25	55	乡镇
231083101500	红海林林场	128.840883	44.334544	1	80	100	UNKNOWN
231084102223	杏山村委会	129.126220	44.054239	0	30	72	村庄
231086105217	三道河子村委会	130.831572	44.509167	0	14	64	乡镇
231086400519	柳桥沟林场生活区	130.892280	44.421890	1	80	95	政府机构
231081101208	宽沟村委会	131.133200	44.396111	0	25	70	乡镇
231083104201	长石村委会	129.675390	44.729379	0	30	72	村庄
231005003005	西长安社区居委会	129.597570	44.573781	0	80	95	政府机构
231004007002	光明社区居委会	129.619615	44.599070	1	80	97	政府机构
231085401405	第五居委会	130.268431	44.522569	1	80	95	政府机构
231086101203	幸福村委会	131.230961	44.057259	0	30	72	村庄
231005004001	东丹社区居委会	129.605522	44.576073	0	50	51	乡镇
231083103205	二洼村委会	129.127209	44.606060	0	16	65	乡镇
231084202221	新顺村委会	129.476660	44.330561	0	25	70	乡镇
231002101214	迎门山村委会	129.768304	44.444566	0	16	38	乡镇
231084105227	岔路村委会	129.242960	44.328830	0	25	70	乡镇
231086102213	石门子村委会	131.095506	43.749310	0	14	64	乡镇
231083100215	红光村委会	129.337628	44.614824	0	16	65	乡镇
231085101220	岭前村委会	130.262931	44.526310	0	25	70	乡镇
231005100009	奋斗社区居委会	129.494627	44.470013	0	16	65	地产小区
231025106203	一村委会	129.745750	45.683658	0	25	47	乡镇
231085201202	普兴村委会	130.490959	44.928891	0	25	47	村庄
231084101213	哈达村委会	129.223520	44.112762	0	25	70	地产小区
231083403512	密江林场生活区	129.386460	44.581040	1	80	94	政府机构
231025105213	宝山村委会	130.035961	44.992569	0	30	72	村庄
231025100011	东街办事处第一居民委员会	130.252197	45.266392	0	16	33	乡镇
231005100212	楼房村委会	129.494627	44.470013	0	16	65	地产小区
231085202212	共和村委会	130.209631	44.115179	0	30	72	村庄
231084102203	双庙子村委会	129.169380	44.121211	0	25	70	乡镇
231084206215	农场村委会	129.609281	44.109709	0	30	72	UNKNOWN
231025102217	双丰村委会	130.030981	45.819538	0	30	72	村庄
231085104002	镇南居委会	130.340351	44.604389	0	25	70	乡镇
231085400408	护林经营所社区	130.544750	44.934891	1	80	95	政府机构
231002002003	福民社区居委会	129.637841	44.580071	1	80	95	政府机构
231084105207	光荣村委会	129.242960	44.328830	0	25	70	乡镇
231084211211	兴华村委会	129.124226	44.225477	0	16	65	村庄
231084400509	尔二林场生活区	129.203600	44.108939	1	80	94	政府机构
231025101207	乌斯混村委会	130.300869	45.359961	0	25	47	乡镇
231085102210	新建村委会	130.361819	44.823561	0	30	72	村庄
231025111207	东兴村委会	130.123444	45.623912	0	14	64	乡镇
231085401425	和平经营所社区	130.268431	44.522569	1	80	95	政府机构
231004100201	放牛村村委会	129.530604	44.570420	1	80	100	政府机构
231081101013	建西社区居委会	131.133200	44.396111	0	25	70	乡镇
231083404516	新兴林场生活区	129.687130	44.763139	1	80	95	政府机构
231083101218	古城村委会	129.165630	44.420352	0	30	72	村庄
231025112201	奎山村委会	130.404100	45.231430	0	30	72	村庄
231025102201	长青村委会	130.003749	45.783930	0	30	72	村庄
231085101216	北林村委会	130.262931	44.526310	0	25	70	乡镇
231083100223	五星村委会	129.337628	44.614824	0	16	65	乡镇
231084211207	贝家村委会	129.124226	44.225477	0	16	65	村庄
231084105211	敖东村委会	129.242960	44.328830	0	25	47	乡镇
231025111211	通沟村委会	130.123444	45.623912	0	14	64	乡镇
231085102206	中新村委会	130.455561	44.691289	0	30	72	地产小区
231025101211	马路村委会	130.364210	45.349391	0	30	72	村庄
231084202217	东升村委会	129.449070	44.236750	0	30	72	村庄
231086103208	二道沟村委会	130.687548	43.791452	0	14	64	乡镇
231083404500	东风林场生活区	129.687130	44.763139	1	80	95	政府机构
231085401433	共和经营所社区	130.247469	44.095991	1	80	100	UNKNOWN
231002001005	花园社区居委会	129.628309	44.581432	1	80	97	政府机构
231025400419	前哨经营所居委会	130.292100	45.355990	1	80	95	政府机构
231084106201	文化村委会	129.434010	44.253639	0	30	72	村庄
231085201214	三兴村委会	130.490959	44.928891	0	25	70	村庄
231003002006	华兴社区居委会	129.651985	44.604754	1	80	97	政府机构
231083403504	二十二林场生活区	129.386460	44.581040	1	80	94	政府机构
231084101205	牛场村委会	129.221107	44.151704	1	80	97	UNKNOWN
231085202204	北金场村委会	130.214171	44.113929	0	25	43	村庄
231005100204	敖东村委会	129.492528	44.479646	1	80	95	UNKNOWN
231025100007	站前办事处第七居民委员会	130.252197	45.266392	0	16	33	乡镇
231025105205	柳新村委会	130.016520	44.910940	0	25	47	乡镇
231084206203	前三家子村委会	129.419010	44.168200	0	25	70	乡镇
231083100018	海丰朝鲜族社区居民委员会	129.337628	44.614824	0	16	33	乡镇
231086105221	鸡冠村委会	130.831572	44.509167	0	14	46	乡镇
231084202240	福兴村委会	129.476660	44.330561	0	25	70	乡镇
231084102215	东珠村委会	129.169380	44.121211	0	25	70	乡镇
231084102002	古都社区居委会	129.169380	44.121211	0	25	55	乡镇
231084107200	镜泊村委会	128.979602	43.778201	0	14	37	乡镇
231081100004	山城社区居委会	131.150999	44.411801	0	16	47	区县
231086102209	老城沟村委会	131.095506	43.749310	0	14	64	乡镇
231085103207	战胜村委会	130.542800	44.692721	0	25	47	乡镇
231003004003	桦橡西社区居委会	129.674289	44.679761	1	80	94	政府机构
231025100210	团结村委会	130.280680	45.284549	0	30	72	村庄
231005201207	红旗村委会	129.443690	44.523179	0	30	72	村庄
231025110210	大二龙村委会	130.551449	45.459141	0	25	43	乡镇
231084104210	和盛村委会	128.992089	44.171431	0	25	70	乡镇
231084400421	第二十一居委会	129.203600	44.108939	1	80	97	政府机构
231025104204	小碱村委会	129.855470	44.871558	0	25	47	乡镇
231084100204	临城村委会	129.493221	44.343129	0	30	72	村庄
231003103220	西沟村委会	129.847036	44.820335	0	14	64	乡镇
231083402505	杨木沟林场生活区	128.920510	44.476421	1	80	94	政府机构
231086400503	太平川林场生活区	130.892280	44.421890	1	80	94	政府机构
231025107214	植场村委会	130.150911	45.247319	0	25	47	乡镇
231003003007	东江社区居委会	129.671526	44.625289	1	80	97	政府机构
231085101001	光荣居委会	130.262931	44.526310	0	25	70	乡镇
231085104203	南村村委会	130.330108	44.593162	0	30	72	村庄
231085200215	福生村委会	130.588009	44.936613	0	80	51	乡镇
231081101204	南寒村委会	131.150999	44.411801	0	16	30	区县
231084103202	四合村委会	129.338860	44.182631	0	25	70	乡镇
231005100402	农校社区居委会	129.494627	44.470013	0	16	65	地产小区
231025104212	朱家村委会	129.855470	44.871558	0	25	70	乡镇
231086400515	寒葱河林场生活区	130.892280	44.421890	1	80	94	政府机构
231083402513	西南岔林场生活区	128.920510	44.476421	1	80	94	政府机构
231084100212	教育村委会	129.501171	44.349969	0	30	72	村庄
231085200203	高峰村委会	130.588009	44.936613	0	80	58	乡镇
231085101017	向南居委会	130.262931	44.526310	0	25	70	乡镇
231025107202	暖泉村委会	130.150911	45.247319	0	25	70	乡镇
231083100219	大石头村委会	129.337628	44.614824	0	16	65	乡镇
231084400525	湖北经营所生活区	129.203600	44.108939	1	80	95	政府机构
231084107216	东大泡村委会	128.808530	43.793411	1	80	95	UNKNOWN
231085400424	七家子经营所社区	130.544750	44.934891	1	80	95	政府机构
231005201211	石头沟村委会	129.479822	44.575706	0	18	66	乡镇
231025110206	青山村委会	130.567751	45.442238	0	30	72	村庄
231025100206	六合村委会	130.252197	45.266392	0	16	65	乡镇
231083103209	奇峰村委会	129.127209	44.606060	0	16	65	乡镇
231002003002	紫云社区居委会	129.621261	44.583729	1	80	100	政府机构
231085401409	第九居委会	130.268431	44.522569	1	80	97	政府机构
231084104206	桦树村委会	128.992089	44.171431	0	25	70	乡镇
231085100201	太和村委会	130.614929	44.831840	0	30	72	村庄
231083103208	锦山村委会	129.127209	44.606060	0	16	65	乡镇
231002003003	七星社区居委会	129.620620	44.588996	1	80	100	政府机构
231085401408	第八居委会	130.268431	44.522569	1	80	95	政府机构
231084104207	二道沟村委会	128.992089	44.171431	0	25	70	乡镇
231025400422	刁翎经营所居委会	130.292100	45.355990	1	80	95	政府机构
231085100200	新城村委会	130.555655	44.826902	0	30	72	村庄
231083100218	马北村委会	129.247650	44.644629	0	30	72	村庄
231084400524	苇子沟经营所生活区	129.203600	44.108939	1	80	94	政府机构
231081100013	绥兴社区	131.148539	44.409101	1	80	100	政府机构
231084107217	小夹吉河村委会	128.837595	43.616329	0	50	73	UNKNOWN
231025110207	青发村委会	130.551449	45.459141	0	25	47	乡镇
231005201210	北拉古村委会	129.502079	44.563361	1	80	100	政府机构
231025100207	友谊村委会	130.281610	45.289739	0	30	72	村庄
231085103210	幸福村委会	130.646680	44.680589	0	30	72	村庄
231086400514	双丫子林场生活区	130.892280	44.421890	1	80	94	政府机构
231083402512	二浪河林场生活区	128.920510	44.476421	1	80	94	政府机构
231084100213	三合村委会	129.471000	44.341511	0	25	70	乡镇
231085200202	五林村委会	130.588009	44.936613	0	80	51	乡镇
231085104214	西崴子村委会	130.340351	44.604389	0	25	70	乡镇
231086400001	绥阳林业居委会	130.892280	44.421890	1	80	94	政府机构
231085101016	三岔居委会	130.262931	44.526310	0	25	70	乡镇
231025107203	湾龙村委会	130.150911	45.247319	0	25	47	乡镇
231081101205	北寒村委会	131.150999	44.411801	0	16	30	区县
231005100403	农研社区居委会	129.494627	44.470013	0	16	65	地产小区
231025104213	新安村委会	129.872810	44.994843	0	30	72	村庄
231084100205	临江村委会	129.516550	44.357171	0	30	72	村庄
231003103221	板院村委会	129.847036	44.820335	0	14	37	乡镇
231083402504	双峰林场生活区	128.920510	44.476421	1	80	95	政府机构
231086400502	万宝湾林场生活区	130.892280	44.421890	1	80	94	政府机构
231003003006	裕民社区居委会	129.671526	44.625289	1	80	97	政府机构
231025107215	小龙爪村委会	130.150911	45.247319	0	25	47	乡镇
231085104202	北村村委会	130.340351	44.604389	0	25	70	乡镇
231085200214	纯盛村委会	130.588009	44.936613	0	80	51	乡镇
231084400420	第二十居委会	129.203600	44.108939	1	80	97	政府机构
231025104205	牛心村委会	129.855470	44.871558	0	25	47	乡镇
231084104211	卧龙泉村委会	128.992089	44.171431	0	25	70	乡镇
231081100005	前进社区居委会	131.177294	44.414476	0	18	66	乡镇
231086102208	新城沟村委会	131.095506	43.749310	0	14	64	乡镇
231085103206	南沟村委会	130.535500	44.640881	0	30	72	村庄
231025100211	镇东村委会	130.287847	45.299829	0	30	72	村庄
231025110211	新合村委会	130.551449	45.459141	0	25	70	乡镇
231005201206	河夹村委会	129.479822	44.575706	0	18	40	乡镇
231085202205	牛心村委会	130.214171	44.113929	0	25	47	村庄
231005100205	黑山村委会	129.494627	44.470013	0	16	65	地产小区
231025100006	站前办事处第六居民委员会	130.252197	45.266392	0	16	33	乡镇
231025105204	柳西村委会	130.016520	44.910940	0	25	70	乡镇
231083100019	团结社区居民委员会	129.337628	44.614824	0	16	38	乡镇
231086105220	细鳞河村委会	130.751123	44.496034	1	80	95	UNKNOWN
231084100229	茂盛村委会	129.471000	44.341511	0	25	70	乡镇
231084102214	上官地村委会	129.143650	44.157189	0	30	72	村庄
231085201215	自兴村委会	130.490959	44.928891	0	25	70	村庄
231085100001	民主社区居委会	130.532720	44.923960	0	25	70	乡镇
231003002007	研究所社区居委会	129.651985	44.604754	1	80	97	政府机构
231083403505	大石沟林场生活区	129.386460	44.581040	1	80	94	政府机构
231084101204	中马河村委会	129.223520	44.112762	0	25	43	地产小区
231025111210	河西村委会	130.035340	45.676508	0	30	72	村庄
231025101210	前进村委会	130.115970	45.421340	0	30	72	村庄
231083404501	晨光林场生活区	129.687130	44.763139	1	80	95	政府机构
231086103209	奔楼头村委会	130.687548	43.791452	0	14	46	乡镇
231085401432	西北岔经营所社区	130.268431	44.522569	1	80	94	政府机构
231002001004	市政社区居委会	129.628309	44.581432	1	80	95	政府机构
231025400418	团结经营所居委会	130.292100	45.355990	1	80	95	政府机构
231084106200	兰岗村委会	129.419934	44.259424	0	18	66	乡镇
231085101217	兴隆村委会	130.307589	44.519241	0	30	72	村庄
231083100222	平和村委会	129.346023	44.616397	1	80	100	政府机构
231084211206	连家村委会	129.124226	44.225477	0	16	65	村庄
231084105210	后地村委会	129.242960	44.328830	0	25	70	乡镇
231025101206	新立村委会	130.271591	45.363019	0	30	72	村庄
231085102211	梨树村委会	130.456891	44.684129	0	25	70	乡镇
231083404002	铁东路社区居民委员会	129.687130	44.763139	1	80	94	政府机构
231025111206	靠山村委会	130.060760	45.661840	0	30	72	村庄
231085401424	双宁经营所社区	130.268431	44.522569	1	80	95	政府机构
231083404517	宏声林场生活区	129.687130	44.763139	1	80	95	政府机构
231025102216	胜利村委会	129.994830	45.778140	0	30	72	村庄
231085104003	车站居委会	130.340351	44.604389	0	25	70	乡镇
231025112216	长丰村委会	130.285510	45.174470	0	30	72	村庄
231085400409	纯盛经营所社区	130.544750	44.934891	1	80	95	政府机构
231002002002	清福社区居委会	129.637841	44.580071	1	80	97	政府机构
231084400508	尔一林场生活区	129.203600	44.108939	1	80	94	政府机构
231084211210	北湖村委会	129.124226	44.225477	0	16	65	村庄
231025105212	柳宝村委会	130.016520	44.910940	0	25	47	乡镇
231003001001	光华社区居委会	129.636308	44.595994	1	80	97	政府机构
231025100010	站前办事处第十居民委员会	130.252197	45.266392	0	16	33	乡镇
231005100213	南江村委会	129.494627	44.470013	0	16	65	地产小区
231085202213	碱场村委会	130.214171	44.113929	0	25	55	村庄
231084102202	龙泉村委会	129.164204	44.119262	0	30	72	村庄
231005002009	松北社区居委会	129.602881	44.577770	1	80	97	政府机构
231025106202	江南村委会	129.745750	45.683658	0	25	70	乡镇
231085201203	双兴村委会	130.490959	44.928891	0	25	55	村庄
231083403513	石河林场生活区	129.386460	44.581040	1	80	94	政府机构
231084105226	镇北村委会	129.327860	44.380730	0	30	72	村庄
231086102212	西沟村委会	131.095506	43.749310	0	14	64	乡镇
231083100214	新民村委会	129.380830	44.674259	0	30	72	村庄
231085101221	明新村委会	130.262931	44.526310	0	25	70	乡镇
231005100008	新兴社区居委会	129.494627	44.470013	0	16	65	地产小区
231085401404	第四居委会	130.268431	44.522569	1	80	97	政府机构
231086101202	新立村委会	131.285100	44.049649	0	30	72	村庄
231083103204	东光村委会	129.109366	44.575729	0	30	72	村庄
231002101215	河西村委会	129.667561	44.517509	0	30	72	村庄
231003102216	山底村委会	129.940210	44.585701	0	30	72	村庄
231083101002	长兴社区居民委员会	128.914280	44.478590	0	25	47	乡镇
231005003004	共信社区居委会	129.597570	44.573781	1	80	95	政府机构
231004007003	北山社区居委会	129.619615	44.599070	1	80	97	政府机构
231003101206	互利村村委会	129.736457	44.701296	0	18	66	乡镇
231086105216	绥西村委会	130.831572	44.509167	0	14	37	乡镇
231086400518	八里坪林场生活区	130.892280	44.421890	1	80	94	政府机构
231003102200	前进村委会	129.880669	44.556822	0	30	72	村庄
231084001003	乐园社区居委会	129.473190	44.346561	1	80	97	政府机构
231025104209	仙洞村委会	129.855470	44.871558	0	25	70	乡镇
231083101501	火龙沟林场	128.914280	44.478590	0	25	55	乡镇
231083107206	木兰村委会	129.572544	45.396598	0	14	64	乡镇
231083402508	七峰林场生活区	128.920510	44.476421	1	80	95	政府机构
231086100002	光明社区居委会	131.110538	44.146730	0	16	65	乡镇
231084102234	湖北村委会	129.169380	44.121211	0	25	70	乡镇
231084100209	兴盛村委会	129.511920	44.344010	0	30	72	村庄
231025100026	西街办事处第四居民委员会	130.252197	45.266392	0	16	33	乡镇
231025107219	楚山村委会	130.023103	45.113679	0	30	58	村庄
231083100202	新海村委会	129.337628	44.614824	0	16	65	乡镇
231086102204	李家趟子村委会	131.156838	43.972163	1	80	100	政府机构
231081100009	三合林社区居委会	131.160656	44.401796	0	50	82	UNKNOWN
231084105230	大牡丹村委会	129.242960	44.328830	0	25	55	乡镇
231004003001	泰安社区居委会	129.595679	44.587036	1	80	97	政府机构
231025102220	东风村委会	130.001589	45.780760	0	25	55	乡镇
231083103212	青岭子村委会	129.005660	44.654269	0	30	58	村庄
231084202236	清泉村委会	129.476660	44.330561	0	25	70	乡镇
231083404521	头道林场生活区	129.687130	44.763139	1	80	94	政府机构
231071001004	学府社区居委会	129.633000	44.550301	0	10	28	城市
231085401412	第十二居委会	130.268431	44.522569	1	80	97	政府机构
231083501504	第四作业区生活区	128.988640	44.586541	1	70	86	UNKNOWN
231025108206	字砬子村委会	129.771379	45.546240	0	30	58	村庄
231004005004	庆达社区居委会	129.628167	44.606623	1	80	95	政府机构
231085201219	五兴村委会	130.490959	44.928891	0	25	70	村庄
231084101208	下窨子村委会	129.264121	44.132662	1	80	92	地产小区
231086104201	道河村委会	130.743432	44.190155	0	14	64	乡镇
231083403509	青岭子林场生活区	129.386460	44.581040	1	80	94	政府机构
231003100211	南岔村村委会	129.752150	44.635090	0	30	58	村庄
231083106207	共济村委会	129.114222	44.459150	0	16	38	乡镇
231005001003	新立社区居委会	129.618491	44.573509	1	80	97	政府机构
231025105208	柳树村委会	130.016520	44.910940	0	25	70	乡镇
231083100500	德家林场	129.264305	44.456122	1	80	100	UNKNOWN
231084208210	头道村委会	129.208130	44.017010	0	25	70	村庄
231003103201	大兴村委会	129.797950	44.820479	0	30	72	村庄
231083100015	方兴社区居民委员会	129.337628	44.614824	0	16	38	乡镇
231085400413	新兴经营所社区	130.544750	44.934891	1	80	95	政府机构
231084400512	苇芦河林场生活区	129.203600	44.108939	1	80	94	政府机构
231086100215	葫罗卜葳村委会	131.110538	44.146730	0	16	30	乡镇
231025400414	曙光经营所居委会	130.292100	45.355990	1	80	95	政府机构
231086103205	下碱村委会	130.687548	43.791452	0	14	64	乡镇
231083104001	友谊社区居民委员会	129.688510	44.770310	0	25	47	乡镇
231083101203	平安村委会	129.025440	44.498779	0	30	72	村庄
231083102205	道林村委会	128.997301	44.836244	0	14	37	乡镇
231086105001	第一居委会	130.831572	44.509167	0	14	64	乡镇
231086100203	菜一村委会	131.110538	44.146730	0	16	38	乡镇
231084400504	桦树经营所生活区	129.203600	44.108939	1	80	94	政府机构
231085400405	第五居委会	130.544750	44.934891	1	80	95	政府机构
231083101215	南沟村委会	129.158610	44.379351	0	30	72	村庄
231005006011	联合社区居委会	129.615431	44.561119	1	80	97	政府机构
231003102001	华街居委会	129.959625	44.565721	0	16	47	乡镇
231086103213	万宝湾村委会	130.687548	43.791452	0	14	32	乡镇
231085401428	红岩经营所社区	130.268431	44.522569	1	80	95	政府机构
231025400402	中北区居委会	130.292100	45.355990	1	80	95	政府机构
231084400416	第十六居委会	129.203600	44.108939	1	80	97	政府机构
231083106211	新安村委会	129.128730	44.425369	0	30	72	村庄
231071001205	兴隆村委会	129.632452	44.553112	1	80	97	政府机构
231003100207	青梅村村委会	129.706009	44.634416	1	80	100	政府机构
231086104217	前进村委会	130.789170	44.328641	0	30	72	村庄
231083105201	西沙村委会	129.487759	45.090326	0	14	64	乡镇
231005002005	利民社区居委会	129.602881	44.577770	1	80	97	政府机构
231083100003	子荣社区居民委员会	129.399832	44.575502	1	80	100	政府机构
231003103217	庆丰村委会	129.847036	44.820335	0	14	64	乡镇
231084208206	跃进村委会	129.208130	44.017010	0	25	70	村庄
231084100233	共和村委会	129.465509	44.409401	0	30	72	村庄
231085201204	红兴村委会	130.490959	44.928891	0	25	70	村庄
231025106205	长胜村委会	129.648150	45.606401	0	30	72	村庄
231083403001	北山社区居民委员会	129.386460	44.581040	1	80	94	政府机构
231084101215	红兴村委会	129.223520	44.112762	0	25	70	地产小区
231025100017	东街办事处第七居民委员会	130.252197	45.266392	0	16	33	乡镇
231003001006	公园社区居委会	129.636308	44.595994	1	80	97	政府机构
231005100214	立新村委会	129.603675	44.559998	1	80	100	政府机构
231084206213	三道河子村委会	129.419010	44.168200	0	25	70	乡镇
231084102205	白庙子村委会	129.138591	44.131569	0	30	72	村庄
231084100238	江南村委会	129.471000	44.341511	0	25	70	乡镇
231025112211	前杨木村委会	130.281000	45.278299	0	12	26	区县
231025102211	样子沟村委会	130.001589	45.780760	0	25	70	乡镇
231085101206	团结村委会	130.255270	44.550201	0	30	72	村庄
231086100208	民主村委会	131.148229	44.019692	0	30	72	村庄
231084105201	安青村委会	129.242960	44.328830	0	25	47	乡镇
231002002005	平安社区居委会	129.637841	44.580071	1	80	97	政府机构
231084211217	胡家沟村委会	129.224569	44.168281	0	30	72	村庄
231025111201	马桥河村委会	130.098226	45.653322	0	50	73	UNKNOWN
231085102216	悬羊村委会	130.456891	44.684129	0	25	47	乡镇
231025101201	一村委会	130.300869	45.359961	0	25	47	乡镇
231083404510	秋皮沟林场生活区	129.687130	44.763139	1	80	94	政府机构
231084202207	嘎斯村委会	129.476660	44.330561	0	25	47	乡镇
231085401423	杨木桥经营所社区	130.268431	44.522569	1	80	95	政府机构
231025400409	四道经营所居委会	130.292100	45.355990	1	80	95	政府机构
231004100207	北安村村委会	129.613111	44.607218	0	25	70	乡镇
231081101015	建南社区居委会	131.133200	44.396111	0	25	70	乡镇
231085101210	西岗村委会	130.250990	44.526401	0	30	72	村庄
231025102207	三家子村委会	130.001589	45.780760	0	25	70	乡镇
231025112207	共禾村委会	130.281000	45.278299	0	12	34	区县
231084211201	三星村委会	129.124226	44.225477	0	16	65	村庄
231084400519	湾沟林场生活区	129.203600	44.108939	1	80	94	政府机构
231085400418	幸福经营所社区	130.649610	44.679500	1	80	100	UNKNOWN
231084105217	三道梁子村委会	129.242960	44.328830	0	25	55	乡镇
231083100225	石河村委会	129.266650	44.519680	0	30	72	村庄
231085102200	义和村委会	130.457241	44.687359	0	30	72	村庄
231004100211	新荣村村委会	129.613111	44.607218	0	25	70	乡镇
231084106207	新中村委会	129.399770	44.282111	0	30	72	村庄
231085401435	牛心山经营所社区	130.268431	44.522569	1	80	95	政府机构
231002001003	馨园社区居委会	129.628309	44.581432	1	80	97	政府机构
231084202211	宝山村委会	129.585759	44.256682	0	30	72	村庄
231083101208	马场村委会	129.029020	44.377330	0	30	72	UNKNOWN
231083404506	板桥子林场生活区	129.687130	44.763139	1	80	94	政府机构
231085100006	和平社区居委会	130.532720	44.923960	0	25	70	乡镇
231085201212	金光村委会	130.490959	44.928891	0	25	55	村庄
231084101203	东京村委会	129.223520	44.112762	0	25	70	地产小区
231083403502	夹皮沟林场生活区	129.386460	44.581040	1	80	94	政府机构
231025105203	戛库村委会	130.016520	44.910940	0	25	47	乡镇
231025100001	站前办事处第一居民委员会	130.252197	45.266392	0	16	33	乡镇
231085202202	立新村委会	130.272801	44.170379	0	30	72	地产小区
231084102213	瀑布村委会	128.962091	44.063594	0	30	72	村庄
231084206205	新政村委会	129.419010	44.168200	0	25	47	乡镇
231005100500	果树场社区	129.494627	44.470013	0	16	65	地产小区
231083100209	永安村委会	129.348059	44.538321	0	30	72	村庄
231084107206	庆丰村委会	128.979602	43.778201	0	14	64	乡镇
231081100002	新华社区居委会	131.177294	44.414476	0	18	66	乡镇
231005201201	中兴村委会	129.479822	44.575706	0	18	66	乡镇
231085103201	新华村委会	130.547656	44.691268	1	80	100	政府机构
231085401419	第十九居委会	130.268431	44.522569	1	80	97	政府机构
231084104216	小荒地村委会	128.992089	44.171431	0	25	70	乡镇
231002101208	大团村委会	129.594880	44.497591	0	30	72	村庄
231085100211	莲河村委会	130.532720	44.923960	0	25	47	乡镇
231084103212	平安村委会	129.301030	44.210500	0	30	72	村庄
231025104202	万家村委会	129.855470	44.871558	0	25	70	乡镇
231083402503	双峰景区生活区	128.920510	44.476421	1	80	95	政府机构
231086100009	建国社区居委会	131.125328	44.060388	1	80	100	政府机构
231086400505	暖泉河林场生活区	130.892280	44.421890	1	80	94	政府机构
231084100202	河西村委会	129.447130	44.333630	0	30	72	村庄
231085104205	车站村委会	130.356720	44.598001	0	30	72	村庄
231025107212	民主村委会	130.171380	45.251980	0	30	72	村庄
231003003001	东苑社区居委会	129.671526	44.625289	1	80	97	政府机构
231085101007	先锋居委会	130.262931	44.526310	0	25	70	乡镇
231025400521	朝阳林场生活区	130.292100	45.355990	1	80	95	政府机构
231081101202	建华村委会	131.142325	44.397103	0	30	72	村庄
231084103204	爱路村委会	129.338860	44.182631	0	25	47	乡镇
231025104214	新兴村委会	129.942430	44.923381	0	30	72	村庄
231085102001	义和居委会	130.456891	44.684129	0	25	70	乡镇
231084102229	梁家村委会	129.169380	44.121211	0	25	70	乡镇
231084100214	长江村委会	129.499400	44.383489	0	30	72	村庄
231086400513	黄松林场生活区	130.892280	44.421890	1	80	94	政府机构
231083402515	新林村林场生活区	128.920510	44.476421	1	80	94	政府机构
231085101011	德胜居委会	130.262931	44.526310	0	25	70	乡镇
231025107204	山东会村委会	130.281000	45.278299	0	12	29	区县
231085200205	国光村委会	130.588009	44.936613	0	80	72	乡镇
231084400523	英格岭经营所生活区	129.203600	44.108939	1	80	93	政府机构
231085400422	悬羊经营所社区	130.544750	44.934891	1	80	95	政府机构
231084107210	金家村委会	129.069970	43.765969	0	30	72	村庄
231085103217	石门子村委会	130.542800	44.692721	0	25	70	乡镇
231084104200	治安村委会	128.992089	44.171431	0	25	70	乡镇
231002003004	照庆社区居委会	129.626117	44.586964	1	80	100	政府机构
231084101002	铁东社区居委会	129.223520	44.112762	0	25	70	地产小区
231084100243	张家村委会	129.476370	44.330171	0	30	72	村庄
231086101209	南山村委会	131.240360	43.960339	0	30	72	村庄
231085100207	民主村委会	130.529110	44.926539	0	30	72	村庄
231005100218	小莫村委会	129.494627	44.470013	0	16	65	地产小区
231004006005	通乡社区居委会	129.578352	44.594216	1	80	95	政府机构
231084208201	新立村委会	129.212470	44.021011	0	30	72	村庄
231005002002	昌德社区居委会	129.602881	44.577770	1	80	97	政府机构
231083100004	朝阳社区居民委员会	129.337628	44.614824	0	16	38	乡镇
231083105206	老家村委会	129.487759	45.090326	0	14	64	乡镇
231003103210	马桥村委会	129.892810	44.790271	0	30	72	村庄
231025106209	新青村委会	129.731381	45.797307	0	30	72	村庄
231084400411	第十一居委会	129.203600	44.108939	1	80	97	政府机构
231085201208	向阳村委会	130.491470	44.900451	0	30	72	村庄
231083106216	友谊村委会	129.158220	44.433501	0	30	72	村庄
231086104210	西河村委会	130.743432	44.190155	0	14	64	乡镇
231071001202	江南村委会	129.632452	44.553112	1	80	97	政府机构
231081101019	谷盈社区	131.133200	44.396111	0	25	70	乡镇
231025400405	河西区居委会	130.292100	45.355990	1	80	95	政府机构
231005006016	专粮社区居委会	129.615431	44.561119	1	80	97	政府机构
231083101212	张明村委会	128.914280	44.478590	0	25	70	乡镇
231086103214	西葳子村委会	130.687548	43.791452	0	14	37	乡镇
231004001001	建卫社区居委会	129.595730	44.587051	1	80	97	政府机构
231084400503	奋斗林场生活区	129.203600	44.108939	1	80	95	政府机构
231085400402	第二居委会	130.544750	44.934891	1	80	97	政府机构
231083102202	顺桥村委会	128.997301	44.836244	0	14	37	乡镇
231086100204	菜二村委会	131.110538	44.146730	0	16	38	乡镇
231086105006	第六居委会	130.831572	44.509167	0	14	46	乡镇
231086103202	黑瞎沟村委会	130.798170	43.630720	0	30	58	村庄
231083101204	河北村委会	128.931559	44.478281	0	30	72	村庄
231085401439	三新山经营所社区	130.268431	44.522569	1	80	95	政府机构
231025400413	青山经营所居委会	130.292100	45.355990	1	80	95	政府机构
231086105010	第十居委会	130.831572	44.509167	0	14	64	乡镇
231086100212	转角楼村委会	131.166130	44.073209	0	30	72	村庄
231083100229	西德家村委会	129.337628	44.614824	0	16	33	乡镇
231085400414	红星经营所社区	130.318140	45.014822	1	80	100	UNKNOWN
231084400515	梨树沟经营所生活区	129.203600	44.108939	1	80	94	政府机构
231003103206	姚亮村委会	129.847036	44.820335	0	14	37	乡镇
231083100012	林海社区居民委员会	129.337628	44.614824	0	16	38	乡镇
231084100222	上赊里村委会	129.471000	44.341511	0	25	55	乡镇
231025108201	江西村委会	129.773900	45.505630	0	30	72	村庄
231004005003	庆旺社区居委会	129.628167	44.606623	1	80	95	政府机构
231084400407	第七居委会	129.203600	44.108939	1	80	95	政府机构
231086104206	砬子沟村委会	130.890500	44.097630	0	30	72	村庄
231005001004	西三社区居委会	129.618491	44.573509	1	80	97	政府机构
231085401415	第十五居委会	130.268431	44.522569	1	80	97	政府机构
231071001003	绿地社区居委会	129.633000	44.550301	0	10	28	城市
231086101213	朝阳村委会	131.223839	43.846454	0	30	72	村庄
231003100001	铁岭社区居委会	129.678170	44.594529	0	25	70	乡镇
231083501503	第三作业区生活区	128.988640	44.586541	1	70	86	UNKNOWN
231085102220	仁义村委会	130.456891	44.684129	0	25	70	乡镇
231083106502	海林市农委种畜场	129.114222	44.459150	0	16	47	乡镇
231083100205	蔬菜村委会	129.337628	44.614824	0	16	65	乡镇
231086102203	浪东沟村委会	131.137927	43.969272	0	30	58	村庄
231084102233	湖沿村委会	129.169380	44.121211	0	25	70	乡镇
231083400498	新华虚拟社区	129.381001	44.593699	0	10	22	区县
231083107201	边安村委会	129.572544	45.396598	0	14	32	乡镇
231086400509	会川林场生活区	130.892280	44.421890	1	80	94	政府机构
231086100005	宏源社区居委会	131.110538	44.146730	0	16	65	乡镇
231086105207	曙村村委会	130.886040	44.409189	0	30	58	村庄
231005100222	富民村	129.494627	44.470013	0	16	100	地产小区
231085104209	东兴村委会	130.340351	44.604389	0	25	70	乡镇
231003102207	富强村委会	129.825540	44.542411	0	30	72	村庄
231084001004	西关社区居委会	129.473190	44.346561	1	80	97	政府机构
231086105211	二道村委会	130.831572	44.509167	0	14	64	乡镇
231083402519	长汀林场生活区	128.920510	44.476421	1	80	94	政府机构
231003101201	工农村村委会	129.693430	44.689660	0	30	58	村庄
231084102225	小三家子村委会	129.169380	44.121211	0	25	70	乡镇
231025100037	南山办事处第五居民委员会	130.252197	45.266392	0	16	33	乡镇
231025107208	宝林村委会	129.979850	45.032911	0	30	72	村庄
231005003003	西四社区居委会	129.597570	44.573781	1	80	95	政府机构
231083104207	北站村委会	129.688510	44.770310	0	25	70	乡镇
231084103208	民主村委会	129.402859	44.093441	0	30	72	村庄
231004007004	牡纺社区居委会	129.619615	44.599070	1	80	97	政府机构
231086101205	泡子沿村委会	131.215846	44.043670	1	80	100	政府机构
231083103203	道南村委会	129.127209	44.606060	0	16	65	乡镇
231083106001	新安社区居民委员会	129.114222	44.459150	0	16	38	乡镇
231085401403	第三居委会	130.268431	44.522569	1	80	97	政府机构
231002101212	东胜村委会	129.768304	44.444566	0	16	65	乡镇
231083100213	斗银村委会	129.337628	44.614824	0	16	38	乡镇
231084105221	宁西村委会	129.242960	44.328830	0	25	70	乡镇
231086102214	马营村委会	131.108261	43.790569	0	30	72	村庄
231083100212	东德家村委会	129.337628	44.614824	0	16	33	乡镇
231084105220	九道梁子村委会	129.242960	44.328830	0	25	55	乡镇
231086101204	永和村委会	131.227853	43.949356	0	16	65	乡镇
231084202226	永安村委会	129.473810	44.308281	0	30	72	村庄
231083103202	西街村委会	129.097870	44.578611	0	30	72	村庄
231085401402	第二居委会	130.268431	44.522569	1	80	97	政府机构
231002101213	西村村委会	129.674811	44.479802	0	30	72	村庄
231025101220	湖北村委会	130.300869	45.359961	0	25	70	乡镇
231003102210	红林村委会	129.959625	44.565721	0	16	65	乡镇
231005003002	立新社区居委会	129.612069	44.571136	1	80	100	政府机构
231083104206	头道河子村委会	129.688510	44.770310	0	25	70	乡镇
231084103209	团山子村委会	129.434560	44.074649	0	30	72	村庄
231004007005	银龙社区居委会	129.619615	44.599070	1	80	95	政府机构
231083402518	红星林场生活区	128.920510	44.476421	1	80	95	政府机构
231086105210	太平村委会	130.831572	44.509167	0	14	64	乡镇
231084102224	富安村委会	129.169380	44.121211	0	25	70	乡镇
231084100219	双桥子村委会	129.471000	44.341511	0	25	70	乡镇
231085200208	自平村委会	130.588009	44.936613	0	80	72	乡镇
231025100036	南山办事处第四居民委员会	130.252197	45.266392	0	16	33	乡镇
231025107209	绿山村委会	129.998010	45.072982	0	30	72	村庄
231083104210	阳光村委会	129.688510	44.770310	0	25	70	乡镇
231084001005	虹桥社区居委会	129.473190	44.346561	1	80	97	政府机构
231084102232	上屯村委会	129.034516	44.065284	0	30	72	村庄
231083102002	老街社区居民委员会	128.997301	44.836244	0	14	37	乡镇
231086400508	元山林场生活区	130.892280	44.421890	1	80	94	政府机构
231086100004	东兴社区居委会	131.110538	44.146730	0	16	65	乡镇
231086105206	联兴村委会	130.895880	44.432931	0	30	72	村庄
231005100223	双龙村	129.494627	44.470013	0	16	100	地产小区
231085104208	新丰村委会	130.385311	44.635369	0	30	72	村庄
231004004003	中华社区居委会	129.616451	44.602928	1	80	97	政府机构
231084105236	北山村委会	129.302370	44.275510	0	30	72	村庄
231083100204	共和村委会	129.360631	44.610811	1	80	100	政府机构
231086102202	团结村委会	131.117350	43.968009	0	30	72	村庄
231025102226	互利村委会	130.001589	45.780760	0	25	47	乡镇
231085401414	第十四居委会	130.268431	44.522569	1	80	97	政府机构
231084202230	双富村委会	129.476660	44.330561	0	25	70	乡镇
231071001002	三利社区居委会	129.632452	44.553112	1	80	95	政府机构
231086101212	光星二村委会	131.227853	43.949356	0	16	38	乡镇
231083501502	第二作业区生活区	128.988640	44.586541	1	70	86	UNKNOWN
231004005002	庆发社区居委会	129.628167	44.606623	1	80	95	政府机构
231084400406	第六居委会	129.203600	44.108939	1	80	95	政府机构
231086104207	洞庭村委会	130.743432	44.190155	0	14	64	乡镇
231005001005	西二社区居委会	129.617056	44.577423	1	70	92	地产小区
231083401498	林机虚拟社区	129.684835	44.788571	0	25	70	乡镇
231083106201	和平村委会	129.122710	44.420830	0	30	72	村庄
231003103207	青北村委会	129.636000	44.595901	0	14	37	区县
231084206208	爱林村委会	129.419010	44.168200	0	25	47	乡镇
231085103220	山东村委会	130.539199	44.763191	0	30	72	村庄
231003101001	江东社区居委会	129.736457	44.701296	0	18	66	乡镇
231086100213	暖一村委会	131.110538	44.146730	0	16	38	乡镇
231083100228	大岭村委会	129.337628	44.614824	0	16	65	乡镇
231085400415	光义经营所社区	130.544750	44.934891	1	80	95	政府机构
231084400514	尔站经营所生活区	129.217732	44.120484	0	40	54	UNKNOWN
231086103203	阳明村委会	130.687548	43.791452	0	14	37	乡镇
231083101205	七山村委会	128.914280	44.478590	0	25	47	乡镇
231085401438	头道沟经营所社区	130.268431	44.522569	1	80	95	政府机构
231025400412	湖水经营所居委会	130.292100	45.355990	1	80	95	政府机构
231084400502	三道林场生活区	129.203600	44.108939	1	80	94	政府机构
231085400403	第三居委会	130.544750	44.934891	1	80	97	政府机构
231083102203	七里地村委会	128.997301	44.836244	0	14	64	乡镇
231083107001	三道社区居民委员会	129.521060	44.779731	0	30	58	UNKNOWN
231086100205	大城子村委会	131.110538	44.146730	0	16	65	乡镇
231086105007	第七居委会	130.831572	44.509167	0	14	46	乡镇
231083404008	南岗路社区居民委员会	129.687130	44.763139	1	80	94	政府机构
231005006017	滨江社区居委会	129.615431	44.561119	1	80	97	政府机构
231083101213	古塔村委会	129.145870	44.404000	0	30	72	村庄
231086103215	南村村委会	130.687548	43.791452	0	14	46	乡镇
231025106208	新建村委会	129.724610	45.765138	0	30	72	村庄
231084400410	第十居委会	129.203600	44.108939	1	80	97	政府机构
231085201209	新兴村委会	130.442190	44.894239	0	30	72	村庄
231002101004	牡丹峰社区居委会	129.735921	44.467629	1	80	97	UNKNOWN
231083106217	小三家子村委会	129.114222	44.459150	0	16	65	乡镇
231086104211	东村村委会	130.743432	44.190155	0	14	46	乡镇
231071001203	中乜河村委会	129.632452	44.553112	1	80	94	政府机构
231003100201	一村村委会	129.678170	44.594529	0	25	70	乡镇
231005100219	海浪村委会	129.494627	44.470013	0	16	65	地产小区
231004006004	军马社区居委会	129.578352	44.594216	1	80	97	政府机构
231084208200	马莲河村委会	129.202429	44.045860	0	50	73	UNKNOWN
231084102208	土台子村委会	129.161680	44.132401	0	30	72	村庄
231005002003	日照社区居委会	129.602881	44.577770	1	80	95	政府机构
231083100005	英雄社区居民委员会	129.337628	44.614824	0	16	38	乡镇
231083105207	北宁村委会	129.487759	45.090326	0	14	32	乡镇
231003103211	马北村委会	129.918950	44.817909	0	30	72	村庄
231084104201	永明村委会	128.992089	44.171431	0	25	70	乡镇
231002003005	积善社区居委会	129.621944	44.591308	1	80	100	政府机构
231084101003	建园社区居委会	129.223520	44.112762	0	25	70	地产小区
231084100242	黄旗村委会	129.471000	44.341511	0	25	70	乡镇
231086101208	高安村委会	131.227853	43.949356	0	16	65	乡镇
231085100206	农拥村委会	130.532720	44.923960	0	25	47	乡镇
231084400522	南湖头经营所生活区	129.203600	44.108939	1	80	94	政府机构
231085400423	砍椽沟经营所社区	130.544750	44.934891	1	80	95	政府机构
231084107211	褚家村委会	128.979602	43.778201	0	14	64	乡镇
231085103216	杨木村委会	130.542800	44.692721	0	25	70	乡镇
231025100201	七星村委会	130.252197	45.266392	0	16	65	乡镇
231025110201	立民村委会	130.551449	45.459141	0	25	47	乡镇
231086400512	河湾林场生活区	130.892280	44.421890	1	80	94	政府机构
231083402514	新林林场生活区	128.920510	44.476421	1	80	94	政府机构
231083402001	林北社区居民委员会	128.920510	44.476421	1	80	94	政府机构
231085101010	河南居委会	130.262931	44.526310	0	25	70	乡镇
231025107205	向阳村委会	130.094021	45.189999	0	30	72	村庄
231085104212	红盛村委会	130.340351	44.604389	0	25	47	乡镇
231085200204	四方村委会	130.588009	44.936613	0	80	72	乡镇
231081101203	建新村委会	131.110640	44.330649	0	30	72	地产小区
231002004001	建福社区居委会	129.645541	44.585394	1	80	100	政府机构
231084103205	前进村委会	129.337230	44.218811	0	30	72	村庄
231025104215	碱北村委会	129.855470	44.871558	0	25	55	乡镇
231005100405	农机校社区居委会	129.494627	44.470013	0	16	47	地产小区
231083402502	前进林场生活区	128.920510	44.476421	1	80	94	政府机构
231086100008	繁荣社区居委会	131.121821	44.061309	1	80	100	政府机构
231086400504	三节砬子林场生活区	130.892280	44.421890	1	80	92	政府机构
231084100203	红城村委会	129.471000	44.341511	0	25	70	乡镇
231085200212	巨丰村委会	130.588009	44.936613	0	80	72	乡镇
231085104204	兴源村委会	130.340351	44.604389	0	25	70	乡镇
231025107213	龙丰村委会	130.150911	45.247319	0	25	70	乡镇
231085101006	建设居委会	130.262931	44.526310	0	25	70	乡镇
231025400520	东升林场生活区	130.292100	45.355990	1	80	95	政府机构
231084103213	丰产村委会	129.338860	44.182631	0	25	70	乡镇
231025104203	大碱村委会	129.855470	44.871558	0	25	47	乡镇
231085401418	第十八居委会	130.268431	44.522569	1	80	97	政府机构
231084104217	同心村委会	128.930808	44.109992	0	30	72	村庄
231002101209	小团村委会	129.768304	44.444566	0	16	38	乡镇
231085100210	四合村委会	130.532720	44.923960	0	25	70	乡镇
231005100501	畜牧场社区	129.494627	44.470013	0	16	65	地产小区
231083100208	秦家村委会	129.337628	44.614824	0	16	65	乡镇
231084107207	五峰楼村委会	128.979602	43.778201	0	14	37	乡镇
231081100003	永安社区居委会	131.177294	44.414476	0	18	66	乡镇
231085103200	跃进村委会	130.542800	44.692721	0	25	70	乡镇
231005100203	共荣村委会	129.494627	44.470013	0	16	65	地产小区
231025105202	双河村委会	130.068059	44.752841	0	30	72	地产小区
231084102212	响水村委会	129.128640	44.149129	0	30	72	村庄
231084206204	三道湾村委会	129.419010	44.168200	0	25	70	乡镇
231003002001	机车东社区居委会	129.651985	44.604754	1	80	95	政府机构
231085201213	朝兴村委会	130.490959	44.928891	0	25	47	村庄
231084101202	糖坊村委会	129.191662	44.123475	1	80	100	政府机构
231083403503	五十八林场生活区	129.386460	44.581040	1	80	95	政府机构
231025101216	红石村委会	130.300869	45.359961	0	25	70	乡镇
231085102201	南站村委会	130.456891	44.684129	0	25	70	乡镇
231025111216	红旗村委会	130.123444	45.623912	0	14	64	乡镇
231004100210	金龙村村委会	129.581370	44.592772	0	30	58	村庄
231084106206	牡丹村委会	129.356260	44.250721	0	30	72	村庄
231085401434	东兴经营所社区	130.268431	44.522569	1	80	95	政府机构
231002001002	牡丹社区居委会	129.628309	44.581432	1	80	97	政府机构
231083101209	双丰村委会	129.022270	44.396609	0	30	72	村庄
231084202210	大唐村委会	129.476660	44.330561	0	25	70	乡镇
231083404507	临江林场生活区	129.687130	44.763139	1	80	94	政府机构
231085101211	河南村委会	130.245480	44.503971	0	30	72	村庄
231025102206	四合村委会	130.001589	45.780760	0	25	70	乡镇
231025112206	安山村委会	130.407230	45.264680	0	30	72	村庄
231084400518	榆树川林场生活区	129.203600	44.108939	1	80	94	政府机构
231084211200	三陵村委会	129.124226	44.225477	0	16	65	村庄
231085400419	红房子经营所社区	130.544750	44.934891	1	80	95	政府机构
231084105216	安平村委会	129.242960	44.328830	0	25	70	乡镇
231083100224	江北村委会	129.332330	44.564180	0	30	72	村庄
231085102217	保安村委会	130.456891	44.684129	0	25	70	乡镇
231083404004	阳明社区居民委员会	129.687130	44.763139	1	80	94	政府机构
231083404511	细林河林场生活区	129.687130	44.763139	1	80	94	政府机构
231084202206	勇进村委会	129.476660	44.330561	0	25	70	乡镇
231085401422	桦树河经营所社区	130.268431	44.522569	1	80	95	政府机构
231084106210	永政村委会	129.419934	44.259424	0	18	40	乡镇
231081101014	阜华社区居委会	131.133200	44.396111	0	25	70	乡镇
231004100206	八达村村委会	129.583499	44.627616	1	80	100	政府机构
231025112210	马鞍山村委会	130.281000	45.278299	0	12	44	区县
231025102210	上马蹄村委会	130.001589	45.780760	0	25	55	乡镇
231085101207	大桥村委会	130.213100	44.516939	0	30	72	村庄
231003003201	阳明村村委会	129.671526	44.625289	1	80	97	政府机构
231086100209	南沟村委会	131.172620	44.019649	0	30	72	村庄
231083100232	卢家村委会	129.337628	44.614824	0	16	65	乡镇
231084105200	海浪村委会	129.244270	44.326520	0	30	72	村庄
231002002004	幸福社区居委会	129.637841	44.580071	1	80	97	政府机构
231084211216	泉眼沟村委会	129.124226	44.225477	0	16	65	村庄
231085202215	东升村委会	130.244159	44.116731	0	30	72	村庄
231025100016	东街办事处第六居民委员会	130.252197	45.266392	0	16	33	乡镇
231085103001	西河居委会	130.542800	44.692721	0	25	70	乡镇
231025105214	三道村委会	130.016520	44.910940	0	25	70	乡镇
231005100215	共民村委会	129.494627	44.470013	0	16	38	地产小区
231084206212	西岗子村委会	129.419010	44.168200	0	25	70	乡镇
231084100239	新安村委会	129.472930	44.325992	0	30	72	村庄
231084102204	西地村委会	129.169380	44.121211	0	25	70	乡镇
231085201205	光义村委会	130.490959	44.928891	0	25	47	村庄
231025106204	二村委会	129.745750	45.683658	0	25	47	乡镇
231084101214	烽火村委会	129.223520	44.112762	0	25	70	地产小区
231085100205	和平村委会	130.520470	44.913198	0	30	72	村庄
231084100241	小唐村委会	129.471000	44.341511	0	25	70	乡镇
231084202229	解放村委会	129.600840	44.369480	0	30	72	村庄
231084104202	长安村委会	128.971540	44.168790	0	30	72	村庄
231002003006	光华社区居委会	129.617961	44.588109	1	80	100	政府机构
231025110202	亚河村委会	130.550955	45.441117	0	50	73	UNKNOWN
231025100202	新发村委会	130.258040	45.313550	0	30	72	村庄
231084400521	东方红林场生活区	129.203600	44.108939	1	80	95	政府机构
231085400420	柳毛河经营所社区	130.544750	44.934891	1	80	95	政府机构
231084107212	北石村委会	128.733141	43.871346	0	30	72	村庄
231085200207	康乐村委会	130.588009	44.936613	0	80	58	乡镇
231083402002	岭上社区居民委员会	128.920510	44.476421	1	80	94	政府机构
231025107206	红林村委会	130.150911	45.247319	0	25	70	乡镇
231085101013	中心居委会	130.262931	44.526310	0	25	70	乡镇
231085104211	红岩村委会	130.351120	44.525030	0	30	72	村庄
231086400511	沙洞林场生活区	130.892280	44.421890	1	80	94	政府机构
231083402517	红旗林场生活区	128.920510	44.476421	1	80	95	政府机构
231005100406	温春二中社区居委会	129.572860	44.449050	1	80	97	政府机构
231085102003	仁义居委会	130.456891	44.684129	0	25	55	乡镇
231025104216	良种场村委会	129.855470	44.871558	0	25	70	乡镇
231083104209	黑牛背村委会	129.688510	44.770310	0	25	47	乡镇
231081101200	建西村委会	131.131770	44.395760	0	30	72	村庄
231002004002	热电社区居委会	129.636610	44.575841	1	80	97	政府机构
231084103206	拥军村委会	129.370461	44.212469	0	30	72	村庄
231085104207	康吉村委会	130.340351	44.604389	0	25	47	乡镇
231085101005	黎明居委会	130.262931	44.526310	0	25	70	乡镇
231003003003	天利社区居委会	129.671526	44.625289	1	80	95	政府机构
231025107210	高云村委会	130.125819	45.319841	0	30	72	村庄
231025400523	先锋林场生活区	130.292100	45.355990	1	80	95	政府机构
231085200211	成德村委会	130.588009	44.936613	0	80	51	乡镇
231084100200	利民村委会	129.477130	44.380841	0	30	72	村庄
231083402501	海浪林场生活区	128.920510	44.476421	1	80	94	政府机构
231086105209	三道村委会	130.831572	44.509167	0	14	64	乡镇
231003103224	五岗村委会	129.847036	44.820335	0	14	37	乡镇
231086400507	三岔河林场生活区	130.892280	44.421890	1	80	95	政府机构
231084103210	腰岭村委会	129.338860	44.182631	0	25	70	乡镇
231003102209	六里地村委会	129.959625	44.565721	0	16	38	乡镇
231084104214	王豆坊村委会	128.992089	44.171431	0	25	47	乡镇
231025100214	兴华村委会	130.252197	45.266392	0	16	65	乡镇
231085103203	西河村委会	130.542800	44.692721	0	25	70	乡镇
231005201203	南拉古村委会	129.479822	44.575706	0	18	35	乡镇
231084105239	依兰岗满族村委会	129.242960	44.328830	0	25	43	乡镇
231084107204	复兴楼村委会	128.824750	43.762460	0	30	72	村庄
231005100502	林场社区	129.494627	44.470013	0	16	65	地产小区
231084206207	明泉村委会	129.419010	44.168200	0	25	47	乡镇
231003103208	陈堡村委会	129.708439	44.848821	0	30	72	村庄
231084102211	江西村委会	129.118630	44.146450	0	30	72	村庄
231085202200	太平村委会	130.214171	44.113929	0	25	70	村庄
231025105201	柞木村委会	130.016520	44.910940	0	25	47	乡镇
231025100003	站前办事处第三居民委员会	130.252197	45.266392	0	16	33	乡镇
231083403500	三十五林场生活区	129.386460	44.581040	1	80	94	政府机构
231086104208	岭西村委会	130.743432	44.190155	0	14	64	乡镇
231084101201	镇兴村委会	129.223520	44.112762	0	25	47	地产小区
231085201210	常兴村委会	130.490959	44.928891	0	25	55	村庄
231003002002	莲花居委会	129.651985	44.604754	1	80	97	政府机构
231025106211	大屯村委会	129.750260	45.854099	0	30	72	村庄
231084400409	第九居委会	129.203600	44.108939	1	80	97	政府机构
231085100004	曙光社区居委会	130.532720	44.923960	0	25	70	乡镇
231084202213	四方村委会	129.476660	44.330561	0	25	70	乡镇
231083404504	三块石林场生活区	129.687130	44.763139	1	80	95	政府机构
231084106205	民和村委会	129.419934	44.259424	0	18	66	乡镇
231002001001	柴市社区居委会	129.627247	44.580655	1	80	100	政府机构
231085401437	龙爪沟经营所社区	130.268431	44.522569	1	80	95	政府机构
231025111215	小百顺村委会	130.123444	45.623912	0	14	32	乡镇
231025101215	沿河村委会	130.209700	45.449278	0	30	72	村庄
231085102202	红桥村委会	130.456891	44.684129	0	25	70	乡镇
231083100227	文明村委会	129.295560	44.490281	0	30	72	村庄
231084211203	西崴子村委会	129.124226	44.225477	0	16	65	村庄
231084105215	羊草村委会	129.242960	44.328830	0	25	47	乡镇
231025112205	吉庆村委会	130.439020	45.253610	0	30	72	村庄
231085101212	黎明村委会	130.255040	44.539401	0	30	72	村庄
231025102205	东沟村委会	130.028590	45.752008	0	30	72	村庄
231085401421	莲河经营所社区	130.268431	44.522569	1	80	95	政府机构
231004100205	银龙村村委会	129.604930	44.633199	0	30	58	村庄
231083404512	柳毛河林场生活区	129.687130	44.763139	1	80	94	政府机构
231084202205	新城村委会	129.592870	44.216611	0	30	72	村庄
231005006018	海浪社区居委会	129.615431	44.561119	1	80	95	政府机构
231085102214	仁里西村委会	130.456891	44.684129	0	25	47	乡镇
231025101203	三村委会	130.300869	45.359961	0	25	47	乡镇
231025111203	山河村委会	130.123444	45.623912	0	14	46	乡镇
231084105203	兰旗村委会	129.242960	44.328830	0	25	70	乡镇
231084211215	红土村委会	129.124226	44.225477	0	16	65	村庄
231086105008	第八居委会	130.831572	44.509167	0	14	46	乡镇
231083100231	庙山村委会	129.213770	44.474211	0	30	72	村庄
231025102213	原发村委会	130.001589	45.780760	0	25	47	乡镇
231003003202	镇江村村委会	129.674086	44.635037	0	20	41	地产小区
231085101204	泉眼河村委会	130.275082	44.330651	0	50	73	UNKNOWN
231025112213	庆岭村委会	130.281000	45.278299	0	12	29	区县
231081100201	绥东村委会	131.177294	44.414476	0	18	40	乡镇
231083105208	永兴村委会	129.537210	45.118522	0	30	72	村庄
231084206211	英山村委会	129.419010	44.168200	0	25	70	乡镇
231025100015	东街办事处第五居民委员会	130.252197	45.266392	0	16	33	乡镇
231003001004	东华苑社区居委会	129.636308	44.595994	1	80	97	政府机构
231085103002	进步居委会	130.542800	44.692721	0	25	55	乡镇
231005100216	西苑村委会	129.494627	44.470013	0	16	65	地产小区
231085202216	东光村委会	130.256169	44.094101	0	30	72	村庄
231025106207	署光村委会	129.745750	45.683658	0	25	47	乡镇
231083403003	兴林社区居民委员会	129.384960	44.580279	1	80	92	地产小区
231085201206	福兴村委会	130.490959	44.928891	0	25	70	村庄
231085103219	东风村委会	130.675970	44.625191	0	30	72	村庄
231083100211	林山村委会	129.381670	44.516899	0	30	72	村庄
231085100209	靠河村委会	130.532720	44.923960	0	25	47	乡镇
231002101210	跃进村委会	129.768304	44.444566	0	16	65	乡镇
231085401401	第一居委会	130.268431	44.522569	1	80	97	政府机构
231086101207	五大队村委会	131.227853	43.949356	0	16	65	乡镇
231083103201	东街村委会	129.110260	44.576481	0	30	72	村庄
231003102213	代马沟村委会	130.024960	44.542629	0	30	72	村庄
231005003001	新兴社区居委会	129.597570	44.573781	1	80	97	政府机构
231083104205	临江村委会	129.653429	44.829371	0	30	72	村庄
231025100035	南山办事处第三居民委员会	130.252197	45.266392	0	16	33	乡镇
231084102227	太平沟村委会	129.094720	44.059670	0	30	72	村庄
231086105213	北沟村委会	130.747839	44.193766	1	80	100	政府机构
231003101203	安民村村委会	129.718968	44.697157	1	80	100	政府机构
231084001006	铁工社区居委会	129.473190	44.346561	1	80	97	政府机构
231003102205	红星村委会	129.809014	44.555069	0	30	72	村庄
231005100220	卡路村委会	129.494627	44.470013	0	16	65	地产小区
231085101009	迎春居委会	130.262931	44.526310	0	25	70	乡镇
231025100023	西街办事处第一居民委员会	130.252197	45.266392	0	16	33	乡镇
231083102001	佛手社区居民委员会	128.997301	44.836244	0	14	37	乡镇
231083107203	东升村委会	129.832129	45.362991	0	30	72	村庄
231086100007	南山社区居委会	131.110538	44.146730	0	16	65	乡镇
231086105205	柳毛河村委会	130.831572	44.509167	0	14	64	乡镇
231025102225	五七村委会	130.001589	45.780760	0	25	70	乡镇
231083100207	富强村委会	129.338614	44.627136	0	30	72	村庄
231086102201	大肚川村委会	131.095506	43.749310	0	14	37	乡镇
231084107208	永丰村委会	128.993519	43.804811	0	30	72	村庄
231084105235	大生村委会	129.332590	44.284920	0	30	72	村庄
231083501501	第一作业区生活区	128.988640	44.586541	1	70	86	UNKNOWN
231084202233	星光村委会	129.523150	44.360391	0	30	72	村庄
231003100003	爱河社区居委会	129.678170	44.594529	0	25	55	乡镇
231086101211	东星村委会	131.227853	43.949356	0	16	65	乡镇
231071001001	兴隆社区居委会	129.632452	44.553112	1	80	97	政府机构
231085401417	第十七居委会	130.268431	44.522569	1	80	97	政府机构
231086104204	通沟村委会	130.743432	44.190155	0	14	64	乡镇
231005001006	西一社区居委会	129.618491	44.573509	1	80	97	政府机构
231083106202	永乐村委会	129.128710	44.421619	0	30	72	村庄
231084400405	第五居委会	129.203600	44.108939	1	80	95	政府机构
231025108203	莲花村委会	129.802550	45.471329	0	30	72	村庄
231004005001	庆兴社区居委会	129.628167	44.606623	1	80	97	政府机构
231084100220	黄旗沟村委会	129.471000	44.341511	0	25	70	乡镇
231084208215	五道河子村委会	129.208130	44.017010	0	25	70	村庄
231003103204	长兴村委会	129.788830	44.818629	0	30	72	村庄
231084105219	八道梁子村委会	129.242960	44.328830	0	25	55	乡镇
231085400416	老黑山经营所社区	130.544750	44.934891	1	80	95	政府机构
231084400517	斗沟子林场生活区	129.203600	44.108939	1	80	94	政府机构
231003101002	桦林社区居委会	129.736457	44.701296	0	18	49	乡镇
231086100210	东绥村委会	131.110538	44.146730	0	16	33	乡镇
231025102209	下马蹄村委会	130.001589	45.780760	0	25	55	乡镇
231025112209	太平村委会	130.281000	45.278299	0	12	44	区县
231084106209	自兴村委会	129.419934	44.259424	0	18	66	乡镇
231025400411	向阳生活服务公司居委会	130.292100	45.355990	1	80	94	政府机构
231083404508	莲花林场生活区	129.687130	44.763139	1	80	95	政府机构
231083101206	猴石村委会	128.877120	44.412030	0	30	72	村庄
231025101219	湖水二村委会	130.300869	45.359961	0	25	47	乡镇
231004002005	黄花站社区居委会	129.578810	44.584381	1	80	95	政府机构
231005005004	通江社区居委会	129.616001	44.577599	0	16	47	区县
231086100206	夹信子村委会	131.110538	44.146730	0	16	65	乡镇
231086105004	第四居委会	130.831572	44.509167	0	14	64	乡镇
231084400501	红旗林场生活区	129.203600	44.108939	1	80	95	政府机构
231004001003	拥军社区居委会	129.600673	44.593775	1	80	100	政府机构
231085101208	红旗村委会	130.262931	44.526310	0	25	70	乡镇
231005006014	大安社区居委会	129.615431	44.561119	1	80	97	政府机构
231083101210	哈达村委会	128.914280	44.478590	0	25	70	乡镇
231084202209	榆林村委会	129.517660	44.252651	0	30	72	村庄
231003102004	奋斗居委会	129.959625	44.565721	0	16	65	乡镇
231086103216	黄泥河村委会	130.687548	43.791452	0	14	64	乡镇
231004100209	前进村村委会	129.581613	44.629752	1	80	100	政府机构
231083106214	北崴子村委会	129.381001	44.593699	0	10	28	区县
231086104212	西村村委会	130.743432	44.190155	0	14	46	乡镇
231003100202	二村村委会	129.678170	44.594529	0	25	70	乡镇
231084400413	第十三居委会	129.203600	44.108939	1	80	97	政府机构
231083105204	三站村委会	129.487759	45.090326	0	14	64	乡镇
231003103212	洪林村委会	129.636000	44.595901	0	14	32	区县
231084208203	红光村委会	129.140670	43.962019	0	30	72	村庄
231084100236	葡萄沟村委会	129.471000	44.341511	0	25	70	乡镇
231083100007	海浪社区居民委员会	129.337628	44.614824	0	16	38	乡镇
231005002001	解放社区居委会	129.602881	44.577770	1	80	97	政府机构
231083105205	向日村委会	129.487759	45.090326	0	14	32	乡镇
231003103213	马西村委会	129.850671	44.815499	0	30	72	村庄
231084208202	马河村委会	129.208130	44.017010	0	25	70	村庄
231025100018	东街办事处第八居民委员会	130.252197	45.266392	0	16	33	乡镇
231083106215	北沟村委会	129.381001	44.593699	0	10	25	区县
231086104213	土城子村委会	130.808150	44.311559	0	30	72	村庄
231003100203	三村村委会	129.678170	44.594529	0	25	70	乡镇
231071001201	下乜河村委会	129.632452	44.553112	1	80	95	政府机构
231084400412	第十二居委会	129.203600	44.108939	1	80	97	政府机构
231083101211	杨林村委会	129.090951	44.391948	0	30	72	村庄
231004100208	三道关村委会	129.613111	44.607218	0	25	70	乡镇
231083102201	二十二村委会	128.997301	44.836244	0	14	37	乡镇
231005005005	江桥社区居委会	129.616001	44.577599	0	16	38	区县
231086100207	北河沿村委会	131.110538	44.146730	0	16	65	乡镇
231086105005	第五居委会	130.831572	44.509167	0	14	46	乡镇
231085400401	第一居委会	130.544750	44.934891	1	80	97	政府机构
231004001002	兴平社区居委会	129.581690	44.596572	1	80	100	政府机构
231084106208	依兰村委会	129.419934	44.259424	0	18	40	乡镇
231025400410	胜利经营所居委会	130.292100	45.355990	1	80	95	政府机构
231083404509	向日林场生活区	129.687130	44.763139	1	80	95	政府机构
231086103201	信号村委会	130.706027	43.700076	1	80	92	地产小区
231083101207	万丈村委会	128.914280	44.478590	0	25	47	乡镇
231025101218	四间房村委会	130.300869	45.359961	0	25	70	乡镇
231004002004	耐火社区居委会	129.578810	44.584381	1	80	97	政府机构
231084105218	七道梁子村委会	129.242960	44.328830	0	25	55	乡镇
231085400417	马桥河经营所社区	130.544750	44.934891	1	80	95	政府机构
231084400516	抚育站经营所生活区	129.203600	44.108939	1	80	94	政府机构
231086100211	万鹿沟村委会	131.114570	44.102069	0	30	72	村庄
231003101003	安民社区居委会	129.736457	44.701296	0	18	66	乡镇
231025102208	东岗子村委会	130.001589	45.780760	0	25	70	乡镇
231083500501	海林农场农业管理区	128.917700	44.366711	1	80	97	UNKNOWN
231025112208	林东村委会	130.324640	45.285860	0	30	72	村庄
231084208214	松岭村委会	129.208130	44.017010	0	25	70	村庄
231003103205	孔街村委会	129.847036	44.820335	0	14	37	乡镇
231086104205	岭后村委会	130.743432	44.190155	0	14	64	乡镇
231083103001	山市社区居民委员会	129.127209	44.606060	0	16	38	乡镇
231083106203	再兴村委会	129.114222	44.459150	0	16	38	乡镇
231084400404	第四居委会	129.203600	44.108939	1	80	97	政府机构
231025108202	柳树村委会	129.805840	45.455699	0	25	70	乡镇
231083106501	海林市农委良种场	129.141470	44.498959	1	80	100	UNKNOWN
231084202232	东兴村委会	129.476660	44.330561	0	25	70	乡镇
231086101210	矿山村委会	131.227853	43.949356	0	16	65	乡镇
231003100002	色织社区居委会	129.678170	44.594529	0	25	70	乡镇
231085401416	第十六居委会	130.268431	44.522569	1	80	97	政府机构
231004003005	三角线社区居委会	129.595679	44.587036	1	80	97	政府机构
231025102224	新河村委会	130.001589	45.780760	0	25	55	乡镇
231083100206	江头村委会	129.358640	44.562870	0	30	72	村庄
231084105234	长胜村委会	129.298837	44.323590	0	30	72	村庄
231084107209	湖南村委会	128.979602	43.778201	0	14	64	乡镇
231004004001	圣林社区居委会	129.617420	44.598183	1	80	100	政府机构
231005100221	新安村委会	129.494627	44.470013	0	16	65	地产小区
231085101008	道西居委会	130.262931	44.526310	0	25	55	乡镇
231083107202	振兴村委会	129.778100	45.301910	0	30	72	村庄
231086100006	团结社区居委会	131.110538	44.146730	0	16	65	乡镇
231086105204	柞木村委会	130.831572	44.509167	0	14	37	乡镇
231084102230	小朱家村委会	129.169380	44.121211	0	25	70	乡镇
231003102204	大甸子村委会	129.959625	44.565721	0	16	65	乡镇
231025100034	南山办事处第二居民委员会	130.252197	45.266392	0	16	33	乡镇
231084102226	大三家子村委会	129.169380	44.121211	0	25	70	乡镇
231086105212	新民村委会	130.860680	44.481180	0	30	72	村庄
231003101202	南城子村村委会	129.751686	44.700953	1	80	100	政府机构
231086100010	西山社区居委会	131.110538	44.146730	0	16	65	乡镇
231083104204	东风村委会	129.652660	44.791511	0	30	72	村庄
231085100208	富家村委会	130.532720	44.923960	0	25	70	乡镇
231002101211	东村村委会	129.686444	44.507325	0	30	72	村庄
231086101206	三岔口村委会	131.227853	43.949356	0	16	65	乡镇
231085103218	太安村委会	130.542800	44.692721	0	25	70	乡镇
231084105222	林富村委会	129.242960	44.328830	0	25	70	乡镇
231083100210	泡子村委会	129.337628	44.614824	0	16	65	乡镇
231025106206	四道村委会	129.745750	45.683658	0	25	47	乡镇
231083403002	林苑社区居民委员会	129.386957	44.582820	1	70	88	地产小区
231085201207	奇景村委会	130.490959	44.928891	0	25	47	村庄
231084102206	拐弯村委会	129.169380	44.121211	0	25	70	乡镇
231081100200	前进村委会	131.168980	44.400359	0	30	72	村庄
231084206210	杏花村委会	129.550530	44.098379	0	30	72	餐饮
231083105209	钓鱼台村委会	129.487759	45.090326	0	14	64	乡镇
231025100014	东街办事处第四居民委员会	130.252197	45.266392	0	16	33	乡镇
231003001005	木材社区居委会	129.636308	44.595994	1	80	97	政府机构
231085103003	新站居委会	130.542800	44.692721	0	25	70	乡镇
231005100217	大莫村委会	129.494627	44.470013	0	16	65	地产小区
231084105202	高家村委会	129.224069	44.289161	0	30	72	村庄
231084211214	小兰旗沟村委会	129.124226	44.225477	0	16	33	村庄
231086105009	第九居委会	130.831572	44.509167	0	14	64	乡镇
231083100230	密南村委会	129.337628	44.614824	0	16	38	乡镇
231025102212	兴隆村委会	129.981650	45.812187	0	30	72	村庄
231003003203	裕民村村委会	129.671526	44.625289	1	80	95	政府机构
231085101205	大屯村委会	130.297850	44.558401	0	30	72	村庄
231025112212	后杨木村委会	130.281000	45.278299	0	12	26	区县
231085401420	第二十居委会	130.268431	44.522569	1	80	97	政府机构
231004100204	江西村村委会	129.613111	44.607218	0	25	47	乡镇
231081101016	旗苑社区居委会	131.133200	44.396111	0	25	70	乡镇
231084500402	宁安场直社区	129.349799	44.173721	0	50	82	UNKNOWN
231083404513	红光林场生活区	129.687130	44.763139	1	80	95	政府机构
231005006019	空调社区居委会	129.615431	44.561119	1	80	97	政府机构
231085102215	新民村委会	130.456891	44.684129	0	25	55	乡镇
231025101202	二村委会	130.300869	45.359961	0	25	47	乡镇
231025111202	西北楞村委会	130.163837	45.549768	1	80	100	政府机构
231083100226	石东村委会	129.306131	44.516609	0	30	72	村庄
231084211202	南阳村委会	129.050140	44.170431	0	30	72	村庄
231084105214	五道梁子村委会	129.242960	44.328830	0	25	55	乡镇
231025112204	余庆村委会	130.281000	45.278299	0	12	44	区县
231085101213	三岔村委会	130.262931	44.526310	0	25	70	乡镇
231025102204	治安村委会	130.001589	45.780760	0	25	70	乡镇
231084202212	东安村委会	129.582939	44.286831	0	30	72	村庄
231004100212	平安村村委会	129.613111	44.607218	0	25	70	乡镇
231084106204	新农村委会	129.438770	44.220789	0	30	72	村庄
231085401436	筒子沟经营所社区	130.268431	44.522569	1	80	95	政府机构
231025111214	大百顺村委会	129.958724	45.684110	1	80	100	政府机构
231025101214	河北村委会	130.253267	45.432883	0	30	72	村庄
231085102203	新利村委会	130.499190	44.583470	0	30	72	村庄
231086104209	跃进村委会	130.743432	44.190155	0	14	64	乡镇
231083403501	三部落林场生活区	129.386460	44.581040	1	80	94	政府机构
231084101200	于家村委会	129.223520	44.112762	0	25	70	地产小区
231085201211	更新村委会	130.490959	44.928891	0	25	70	村庄
231025106210	五道村委会	129.745750	45.683658	0	25	70	乡镇
231003002003	恒丰居委会	129.651985	44.604754	1	80	97	政府机构
231085100005	城北社区居委会	130.532720	44.923960	0	25	70	乡镇
231084400408	第八居委会	129.203600	44.108939	1	80	95	政府机构
231084206206	勤劳村委会	129.439561	44.159619	0	30	72	村庄
231003103209	长沟村委会	129.692690	44.941100	0	30	72	村庄
231086105224	河西村委会	130.835460	44.397141	0	30	72	村庄
231005201500	海南林场	129.501241	44.577049	1	80	100	UNKNOWN
231005100201	温春村委会	129.500127	44.437999	0	50	73	UNKNOWN
231025100002	站前办事处第二居民委员会	130.252197	45.266392	0	16	33	乡镇
231025100215	阜龙村委会	130.252197	45.266392	0	16	38	乡镇
231085103202	新站村委会	130.542800	44.692721	0	25	70	乡镇
231005201202	红星村委会	129.456050	44.539161	0	30	72	村庄
231084107205	后渔村委会	128.979602	43.778201	0	14	32	乡镇
231081100001	友谊社区居委会	131.177294	44.414476	0	18	66	乡镇
231085100212	秀池村委会	130.532720	44.923960	0	25	47	乡镇
231084104215	井城村委会	128.992089	44.171431	0	25	47	乡镇
231025104201	山河村委会	129.890012	44.900834	0	30	72	村庄
231084400424	第二十四居民委员会	129.203600	44.108939	1	80	94	政府机构
231084103211	永富村委会	129.338860	44.182631	0	25	47	乡镇
231085104206	兴鲜村委会	130.340351	44.604389	0	25	47	乡镇
231085101004	西岗居委会	130.262931	44.526310	0	25	70	乡镇
231025107211	兴隆村委会	130.150911	45.247319	0	25	55	乡镇
231003003002	东风居委会	129.671526	44.625289	1	80	97	政府机构
231085200210	东新村委会	130.588009	44.936613	0	80	58	乡镇
231084100201	伊家村委会	129.471000	44.341511	0	25	70	乡镇
231086105208	河南村委会	130.856000	44.388611	0	30	72	村庄
231083402500	海源林场生活区	128.920510	44.476421	1	80	94	政府机构
231086400506	中股流林场生活区	130.892280	44.421890	1	80	94	政府机构
231085102002	铁路居委会	130.456891	44.684129	0	25	70	乡镇
231025104217	新胜村委会	129.846830	44.868749	0	30	72	村庄
231083104208	群力村委会	129.688510	44.770310	0	25	70	乡镇
231081101201	建东村委会	131.141179	44.396441	0	30	72	村庄
231002004003	林机社区居委会	129.636427	44.575838	1	80	100	政府机构
231084103207	东和村委会	129.363750	44.143670	0	30	72	村庄
231085200206	广太村委会	130.588009	44.936613	0	80	51	乡镇
231025107207	泉眼村委会	130.150911	45.247319	0	25	70	乡镇
231085101012	春利居委会	130.262931	44.526310	0	25	70	乡镇
231085104210	东胜村委会	130.340351	44.604389	0	25	70	乡镇
231086400510	道河林场生活区	130.892280	44.421890	0	80	95	政府机构
231083402516	青云山林场生活区	128.920510	44.476421	1	80	94	政府机构
231084100217	联合村委会	129.415975	44.425936	1	80	100	政府机构
231025110203	亚东村委会	130.551449	45.459141	0	25	70	乡镇
231025100203	振兴村委会	130.225550	45.296630	0	30	72	村庄
231081100017	铁西社区居委会	131.177294	44.414476	0	18	66	乡镇
231084400520	湖南林场生活区	129.203600	44.108939	1	80	95	政府机构
231085400421	枯河沟经营所社区	130.544750	44.934891	1	80	95	政府机构
231084107213	湖西村委会	128.979602	43.778201	0	14	64	乡镇
231085100204	四平村委会	130.532720	44.923960	0	25	70	乡镇
231084100240	镇江村委会	129.486501	44.331139	0	30	72	村庄
231084104203	新富村委会	128.967460	44.169590	0	30	72	村庄
231084101001	和平社区居委会	129.223520	44.112762	0	25	70	地产小区
231025110208	青平村委会	130.551449	45.459141	0	25	70	乡镇
231025100208	东丰村委会	130.252197	45.266392	0	16	65	乡镇
231086102211	太平川村委会	130.962321	43.820801	1	80	100	政府机构
231083100217	安乐村委会	129.337628	44.614824	0	16	65	乡镇
231084107218	江北村委会	128.776841	43.809674	0	30	72	村庄
231084105225	庆城村委会	129.242960	44.328830	0	25	70	乡镇
231002101216	桥头村委会	129.665551	44.529679	0	30	72	村庄
231086101201	东大川村委会	131.270670	44.077361	0	30	58	UNKNOWN
231084202223	明星村委会	129.454260	44.285471	0	30	72	村庄
231083103207	洋草村委会	129.120816	44.551401	1	80	95	UNKNOWN
231084104208	木其村委会	128.992089	44.171431	0	25	47	乡镇
231085401407	第七居委会	130.268431	44.522569	1	80	95	政府机构
231003102215	团山子村委会	129.940449	44.518911	0	30	72	村庄
231083104203	佛塔密村委会	129.688510	44.770310	0	25	47	乡镇
231005003007	海浪路社区居委会	129.597570	44.573781	1	80	97	政府机构
231083101001	长青社区居民委员会	128.914280	44.478590	0	25	47	乡镇
231025100033	南山办事处第一居民委员会	130.252197	45.266392	0	16	33	乡镇
231083402008	东川社区居民委员会	128.920510	44.476421	1	80	94	政府机构
231003101205	临江村村委会	129.736457	44.701296	0	18	66	乡镇
231086105215	蔬菜村委会	130.831572	44.509167	0	14	64	乡镇
231003102203	金星村委会	129.880699	44.558762	0	30	72	村庄
231025100025	西街办事处第三居民委员会	130.252197	45.266392	0	16	33	乡镇
231083107205	双兴村委会	129.880290	45.440250	0	30	72	村庄
231086105203	红旗村委会	130.831572	44.509167	0	14	64	乡镇
231086100001	率宾社区居委会	131.110538	44.146730	0	16	65	乡镇
231025102223	中合村委会	130.001589	45.780760	0	25	70	乡镇
231004003002	明月社区居委会	129.595679	44.587036	1	80	97	政府机构
231005201209	河南村委会	129.484980	44.540469	0	30	72	村庄
231083100201	模范村委会	129.337628	44.614824	0	16	65	乡镇
231086102207	煤矿村委会	131.095506	43.749310	0	14	37	乡镇
231085401411	第十一居委会	130.268431	44.522569	1	80	97	政府机构
231083103211	新兴村委会	129.136041	44.572979	0	30	72	村庄
231084202235	宁东村委会	129.547980	44.346899	0	30	72	村庄
231003100005	青化社区居委会	129.678170	44.594529	0	25	55	乡镇
231071001007	恒大社区居委会	129.633000	44.550301	0	10	25	城市
231086104202	和平村委会	130.946080	44.058660	0	30	72	村庄
231083106204	西安村委会	129.114222	44.459150	0	16	65	乡镇
231025108205	东柳村委会	129.812670	45.575360	0	30	72	村庄
231084400403	第三居委会	129.203600	44.108939	1	80	97	政府机构
231003103202	青西村委会	129.781880	44.813219	0	30	72	村庄
231086400521	新青林场生活区	130.892280	44.421890	1	80	95	政府机构
231084208213	富路村委会	129.191698	43.991458	0	50	73	道路
231083100503	海林林场	129.370190	44.625619	1	80	100	UNKNOWN
231025100009	站前办事处第九居民委员会	130.252197	45.266392	0	16	33	乡镇
231086100216	太平沟村委会	131.035548	44.103463	0	30	72	村庄
231085400410	青沟岭经营所社区	130.544750	44.934891	1	80	95	政府机构
231084211209	八家子村委会	129.101672	44.214912	1	80	100	政府机构
231084400511	小北沟林场生活区	129.203600	44.108939	1	80	94	政府机构
231085101218	河北村委会	130.247010	44.517001	0	30	72	村庄
231086103206	太平沟村委会	130.847950	43.680821	0	30	72	村庄
231083104002	光明社区居民委员会	129.688510	44.770310	0	25	47	乡镇
231025400417	西北楞经营所居委会	130.292100	45.355990	1	80	94	政府机构
231004002003	韶山社区居委会	129.578810	44.584381	1	80	95	政府机构
231085102208	朝阳村委会	130.463230	44.621149	0	30	72	村庄
231084400507	英山经营所生活区	129.203600	44.108939	1	80	94	政府机构
231084105209	前阳村委会	129.223099	44.382422	0	30	72	村庄
231085400406	第六居委会	130.544750	44.934891	1	80	95	政府机构
231083102206	柳树村委会	128.997301	44.836244	0	14	64	乡镇
231086105002	第二居委会	130.831572	44.509167	0	14	64	乡镇
231025102219	双发村委会	130.001589	45.780760	0	25	47	乡镇
231025400401	中南区居委会	130.292100	45.355990	1	80	95	政府机构
231083101216	卜家村委会	128.914280	44.478590	0	25	70	乡镇
231005006012	南江社区居委会	129.615431	44.561119	1	80	97	政府机构
231003102002	红星居委会	129.959625	44.565721	0	16	65	乡镇
231083404518	二道林场生活区	129.687130	44.763139	1	80	94	政府机构
231086103210	罗家店村委会	130.542140	43.741832	0	30	72	村庄
231025101209	湖一村委会	130.300869	45.359961	0	25	70	乡镇
231025111209	永进村委会	130.123444	45.623912	0	14	64	乡镇
231083500402	海林场直社区	128.917700	44.366711	1	80	97	UNKNOWN
231084103220	乐园村委会	129.338860	44.182631	0	25	70	乡镇
231083106212	复兴村委会	129.109880	44.452601	0	30	72	村庄
231071001206	胜利村委会	129.591809	44.516641	0	30	72	村庄
231003100204	福民村村委会	129.774058	44.509650	1	80	100	政府机构
231086104214	八里坪村委会	130.743432	44.190155	0	14	64	乡镇
231084400415	第十五居委会	129.203600	44.108939	1	80	97	政府机构
231084208205	金坑村委会	129.215940	43.982761	0	30	72	村庄
231083105202	东沙村委会	129.654509	44.972003	1	80	100	政府机构
231003103214	五星村委会	129.847036	44.820335	0	14	64	乡镇
231025107220	龙山村委会	130.082720	45.210440	0	30	72	村庄
231004006001	地明社区居委会	129.578352	44.594216	1	80	97	政府机构
231085100203	中山村委会	130.551269	44.897191	0	30	72	村庄
231084104204	进荣村委会	128.992089	44.171431	0	25	47	乡镇
231025100204	红升村委会	130.252197	45.266392	0	16	65	乡镇
231085103213	永安村委会	130.601290	44.620131	0	30	72	村庄
231025110204	永河村委会	130.551449	45.459141	0	25	55	乡镇
231084400527	鹿道经营所生活区	129.203600	44.108939	1	80	94	政府机构
231081100010	新兴社区居委会	131.177294	44.414476	0	18	66	乡镇
231084107214	城子村委会	128.901040	43.770989	0	30	72	村庄
231083402004	林园社区居民委员会	128.920510	44.476421	1	80	94	政府机构
231085101015	向阳居委会	130.262931	44.526310	0	25	70	乡镇
231085200201	光明村委会	130.588009	44.936613	0	80	58	乡镇
231084100210	兴林村委会	129.471000	44.341511	0	25	70	乡镇
231086400517	二道岗子林场生活区	130.892280	44.421890	1	80	93	政府机构
231086105219	九里地村委会	130.831572	44.509167	0	14	37	乡镇
231083402511	梨树沟林场生活区	128.920510	44.476421	1	80	94	政府机构
231025104210	太安村委会	129.855470	44.871558	0	25	70	乡镇
231081101206	永胜村委会	131.047940	44.378149	0	30	72	村庄
231084103200	石岩村委会	129.340820	44.178811	0	30	72	村庄
231002004004	绿洲康城社区居委会	129.636610	44.575841	1	80	97	政府机构
231085200217	新明村委会	130.588009	44.936613	0	80	72	乡镇
231085101003	团结居委会	131.139158	44.057098	1	80	100	政府机构
231003003005	镇江社区居委会	129.674086	44.635037	0	20	41	地产小区
231025107216	万宝村委会	130.150911	45.247319	0	25	70	乡镇
231025100029	西街办事处第七居民委员会	130.252197	45.266392	0	16	33	乡镇
231085104201	西村村委会	130.326591	44.594506	0	30	72	村庄
231003103222	杏树村委会	129.847036	44.820335	0	14	37	乡镇
231083402507	柳河林场生活区	128.920510	44.476421	1	80	94	政府机构
231086400501	双桥子林场生活区	130.892280	44.421890	1	80	94	政府机构
231084100206	红升村委会	129.471000	44.341511	0	25	70	乡镇
231025104206	解放村委会	129.852600	44.874128	0	30	72	村庄
231084400423	第二十三居委会	129.203600	44.108939	1	80	97	政府机构
231084103216	和平村委会	129.323520	44.236360	0	30	72	村庄
231084104212	三块石村委会	128.992089	44.171431	0	25	70	乡镇
231025110212	虎山村委会	130.619610	45.568649	0	30	72	村庄
231005201205	沙虎村委会	129.479822	44.575706	0	18	40	乡镇
231025100212	镇北村委会	130.279227	45.305097	0	30	72	村庄
231003004001	桦橡东社区居委会	129.674289	44.679761	1	80	95	政府机构
231005100011	东山社区居委会	129.494627	44.470013	0	16	65	地产小区
231084107202	湾沟村委会	128.979602	43.778201	0	14	64	乡镇
231081100006	北海社区居委会	131.177294	44.414476	0	18	66	乡镇
231084102217	莲花二村委会	129.169380	44.121211	0	25	47	乡镇
231084206201	罗城沟村委会	129.419010	44.168200	0	25	43	乡镇
231086105223	细岭村委会	130.831572	44.509167	0	14	64	乡镇
231025100005	站前办事处第五居民委员会	130.252197	45.266392	0	16	33	乡镇
231025105207	复兴村委会	130.023300	44.892909	0	30	72	村庄
231084500501	宁安农场农业管理区	129.349799	44.173721	0	50	82	UNKNOWN
231084101207	光明村委会	129.223520	44.112762	0	25	70	地产小区
231083106208	密江村委会	129.114222	44.459150	0	16	65	乡镇
231083403506	横道林场生活区	129.386460	44.581040	1	80	94	政府机构
231003002004	机车西社区居委会	129.649766	44.608608	1	80	100	政府机构
231085100002	长征社区居委会	130.532720	44.923960	0	25	70	乡镇
231085201216	建兴村委会	130.490959	44.928891	0	25	55	村庄
231025108209	新民村委会	129.796760	45.517988	0	30	72	村庄
231085401431	磨刀石经营所社区	130.268431	44.522569	1	80	95	政府机构
231005006008	南湖社区居委会	129.615431	44.561119	1	80	97	政府机构
231083404502	桦木林场生活区	129.687130	44.763139	1	80	95	政府机构
231085102204	枯榆树村委会	130.456891	44.684129	0	25	55	乡镇
231025101213	安民村委会	130.392781	45.354279	0	30	72	村庄
231025111213	河兴村委会	130.123444	45.623912	0	14	64	乡镇
231084211205	胡家村委会	129.061090	44.202670	0	30	72	村庄
231083100221	新合村委会	129.337628	44.614824	0	16	65	乡镇
231025102203	保安村委会	130.001589	45.780760	0	25	70	乡镇
231085101214	泉兴村委会	130.262931	44.526310	0	25	70	乡镇
231025112203	安乐村委会	130.281000	45.278299	0	12	44	区县
231083404514	红星林场生活区	129.687130	44.763139	1	80	95	政府机构
231085401427	狮子桥经营所社区	130.268431	44.522569	1	80	95	政府机构
231004100203	丰收村村委会	129.588726	44.661852	1	80	100	政府机构
231025111205	大盘道村委会	130.068381	45.636809	1	80	100	政府机构
231025101205	五村委会	130.300869	45.359961	0	25	47	乡镇
231085102212	三道河村委会	130.456891	44.684129	0	25	70	乡镇
231083404001	江滨社区居民委员会	129.687130	44.763139	1	80	94	政府机构
231002002001	绿苑社区居委会	129.637841	44.580071	1	80	97	政府机构
231084105205	太平村委会	129.242960	44.328830	0	25	70	乡镇
231084211213	红旗村委会	129.188880	44.247449	0	30	72	村庄
231025112215	上山阳村委会	130.281000	45.278299	0	12	44	区县
231003003204	东江村村委会	129.671526	44.625289	1	80	94	政府机构
231085101202	兴盛村委会	130.271951	44.524979	0	30	72	村庄
231025102215	德胜村委会	130.001589	45.780760	0	25	70	乡镇
231003103218	北甸村委会	129.636000	44.595901	0	14	29	区县
231084102201	上京村委会	129.169772	44.118901	0	30	72	村庄
231084208209	前斗村委会	129.208130	44.017010	0	25	47	村庄
231085202210	金峪村委会	130.214171	44.113929	0	25	47	村庄
231025105211	柳毛村委会	130.016520	44.910940	0	25	70	乡镇
231003001002	阳光社区居委会	129.637659	44.594386	1	80	100	政府机构
231085103004	新华居委会	130.542800	44.692721	0	25	70	乡镇
231025100013	东街办事处第三居民委员会	130.252197	45.266392	0	16	33	乡镇
231005100210	烧锅村委会	129.494627	44.470013	0	16	65	地产小区
231086104218	兴东村委会	130.783540	44.341322	0	30	72	村庄
231083403510	山市林场生活区	129.386460	44.581040	1	80	94	政府机构
231003100208	四道村村委会	129.742880	44.546779	0	30	58	村庄
231084101211	大荒地村委会	129.223520	44.112762	0	25	70	地产小区
231084400419	第十九居委会	129.203600	44.108939	1	80	97	政府机构
231025106201	江东村委会	129.760889	45.672060	0	30	72	村庄
231083403511	奋斗林场生活区	129.386460	44.581040	1	80	95	政府机构
231003100209	北岔村村委会	129.759650	44.649088	1	80	100	政府机构
231084101210	下马河村委会	129.223520	44.112762	0	25	70	地产小区
231085201201	雷锋村委会	130.490959	44.928891	0	25	47	村庄
231084400418	第十八居委会	129.203600	44.108939	1	80	97	政府机构
231003103219	北星村委会	129.636000	44.595901	0	14	29	区县
231084102200	渤海村委会	129.169380	44.121211	0	25	70	乡镇
231084208208	后斗村委会	129.208130	44.017010	0	25	43	村庄
231085202211	六峰村委会	130.214171	44.113929	0	25	70	村庄
231003001003	阳明社区居委会	129.636560	44.595481	1	80	100	政府机构
231025105210	土甸子村委会	130.016520	44.910940	0	25	43	乡镇
231085103005	跃进居委会	130.542800	44.692721	0	25	70	乡镇
231025100012	东街办事处第二居民委员会	130.252197	45.266392	0	16	33	乡镇
231005100211	东和村委会	129.494627	44.470013	0	16	65	地产小区
231084105204	牡北村委会	129.242960	44.328830	0	25	55	乡镇
231084211212	兴隆店村委会	129.124226	44.225477	0	16	38	村庄
231025112214	中山阳村委会	130.281000	45.278299	0	12	44	区县
231085101203	石河村委会	130.138830	44.457530	0	30	72	村庄
231085104001	镇北居委会	130.340351	44.604389	0	25	70	乡镇
231025102214	东发村委会	130.001589	45.780760	0	25	70	乡镇
231083404515	卫星林场生活区	129.687130	44.763139	1	80	95	政府机构
231084202202	新兴村委会	129.582050	44.197331	0	30	72	村庄
231085401426	泉眼河经营所社区	130.268431	44.522569	1	80	95	政府机构
231004100202	大砬子村村委会	129.546171	44.659174	1	80	100	政府机构
231025111204	小盘道村委会	130.123444	45.623912	0	14	37	乡镇
231025101204	四村委会	130.300869	45.359961	0	25	47	乡镇
231085102213	仁里东村委会	130.456891	44.684129	0	25	47	乡镇
231084211204	东沟村委会	129.131220	44.188249	0	30	72	村庄
231084105212	二洼村委会	129.242960	44.328830	0	25	70	乡镇
231083100220	永丰村委会	129.289799	44.585921	0	30	72	村庄
231025102202	永安村委会	130.007069	45.779260	0	30	72	村庄
231085101215	振兴村委会	130.280130	44.449609	0	30	72	村庄
231025112202	双龙村委会	130.404090	45.215150	0	30	72	村庄
231085401430	代马沟经营所社区	130.268431	44.522569	1	80	95	政府机构
231084106202	东升村委会	129.449070	44.236750	0	30	72	村庄
231084202214	马家村委会	129.474720	44.261911	0	30	72	村庄
231083404503	大青林场生活区	129.687130	44.763139	1	80	95	政府机构
231085102205	北安村委会	130.456871	44.689369	0	30	72	村庄
231025101212	长安村委会	130.379870	45.338900	0	30	72	村庄
231025111212	土城子村委会	130.019940	45.691729	0	30	72	村庄
231084101206	兴安村委会	129.281290	44.036130	0	30	72	村庄
231083106209	山咀子村委会	129.381001	44.593699	0	10	28	区县
231083403507	治山林场生活区	129.386460	44.581040	1	80	94	政府机构
231003002005	二纺居委会	129.651985	44.604754	1	80	95	政府机构
231085100003	头雁社区居委会	130.532720	44.923960	0	25	70	乡镇
231085201217	福来村委会	130.490959	44.928891	0	25	55	村庄
231025108208	大发村委会	129.805840	45.455699	0	25	70	乡镇
231084102216	莲花一村委会	129.169380	44.121211	0	25	47	乡镇
231084206200	卧龙村委会	129.419010	44.168200	0	25	70	乡镇
231086105222	双丰村委会	130.678200	44.539320	0	30	72	村庄
231025400508	奋斗林场生活区	130.292100	45.355990	1	80	95	政府机构
231005100207	新立村委会	129.494627	44.470013	0	16	65	地产小区
231025100004	站前办事处第四居民委员会	130.252197	45.266392	0	16	33	乡镇
231025105206	万寿村委会	130.055900	44.869171	0	30	72	村庄
231005201204	山河村委会	129.499811	44.571529	0	30	72	村庄
231025110213	联合村委会	130.534760	45.506040	0	30	72	村庄
231085103204	进步村委会	130.545500	44.701981	0	30	72	村庄
231025100213	镇西村委会	130.247134	45.282927	0	30	72	村庄
231005100010	太平社区居委会	129.494627	44.470013	0	16	65	地产小区
231084102001	新园社区居委会	129.169380	44.121211	0	25	70	乡镇
231085100214	民政村委会	130.529255	44.921298	0	30	72	村庄
231084202238	永乐村委会	129.582690	44.325061	0	30	72	村庄
231084104213	阎家村委会	128.992089	44.171431	0	25	70	乡镇
231025104207	站前村委会	129.855470	44.871558	0	25	70	乡镇
231084400422	第二十二居委会	129.203600	44.108939	1	80	97	政府机构
231084103217	东华村委会	129.338860	44.182631	0	25	70	乡镇
231085200216	平盛村委会	130.588009	44.936613	0	80	51	乡镇
231085101002	中福居委会	130.262931	44.526310	0	25	70	乡镇
231025107217	新龙爪村委会	130.150911	45.247319	0	25	55	乡镇
231003003004	制药社区居委会	129.671526	44.625289	1	80	97	政府机构
231025100028	西街办事处第六居民委员会	130.252197	45.266392	0	16	33	乡镇
231085104200	东村村委会	130.341955	44.598568	0	30	72	村庄
231003103223	金场村委会	129.636000	44.595901	0	14	29	区县
231083402506	太平沟林场生活区	128.920510	44.476421	1	80	94	政府机构
231086400500	细鳞河林场生活区	130.892280	44.421890	1	80	94	政府机构
231083107208	工农村委会	129.553811	45.364159	0	30	72	村庄
231084100207	新胜村委会	129.499601	44.353129	0	30	72	村庄
231085102004	北安居委会	130.456891	44.684129	0	25	70	乡镇
231025104211	富家村委会	129.855470	44.871558	0	25	70	乡镇
231081101207	朝阳村委会	131.140480	44.422751	0	30	72	村庄
231084103201	幸福村委会	129.331990	44.181030	0	30	72	村庄
231003102218	苇子沟村委会	129.959625	44.565721	0	16	65	乡镇
231083402005	塔东社区居民委员会	128.920510	44.476421	1	80	94	政府机构
231025107201	龙爪村委会	130.150911	45.247319	0	25	70	乡镇
231085101014	前进居委会	130.262931	44.526310	0	25	70	乡镇
231085200200	福录村委会	130.588009	44.936613	0	80	58	乡镇
231084100211	柳林村委会	129.471000	44.341511	0	25	70	乡镇
231086400516	青山林场生活区	130.892280	44.421890	1	80	95	政府机构
231083402510	青平林场生活区	128.920510	44.476421	1	80	94	政府机构
231086105218	太岭村委会	130.678241	44.529765	1	80	100	政府机构
231025100205	浪花村委会	130.221983	45.243468	1	80	95	UNKNOWN
231085103212	北兴村委会	130.516901	44.753669	0	30	72	村庄
231025110205	合乐村委会	130.551449	45.459141	0	25	70	乡镇
231084400526	湖西经营所生活区	129.203600	44.108939	1	80	94	政府机构
231084107215	良种场村委会	128.979602	43.778201	0	14	64	乡镇
231084105228	大依兰村委会	129.242960	44.328830	0	25	43	乡镇
231085100202	清和村委会	130.532720	44.923960	0	25	70	乡镇
231002003001	景福社区居委会	129.617351	44.586759	1	80	100	政府机构
231084104205	二闾村委会	128.992089	44.171431	0	25	43	乡镇
231084208204	黎明一村委会	129.208130	44.017010	0	25	47	村庄
231083105203	二站村委会	129.487759	45.090326	0	14	37	乡镇
231083100001	丽海社区居民委员会	129.337628	44.614824	0	16	38	乡镇
231005002007	大平安社区居委会	129.602881	44.577770	1	80	95	政府机构
231003103215	四岗村委会	129.847036	44.820335	0	14	64	乡镇
231084103221	民安村委会	129.338860	44.182631	0	25	70	乡镇
231083106213	岭后村委会	129.114222	44.459150	0	16	65	乡镇
231003100205	东新村村委会	129.678170	44.594529	0	25	70	乡镇
231086104215	沙河子村委会	130.745461	44.170019	0	30	72	村庄
231084400414	第十四居委会	129.203600	44.108939	1	80	97	政府机构
231083101217	满城村委会	128.914280	44.478590	0	25	47	乡镇
231086103211	永红村委会	130.687548	43.791452	0	14	64	乡镇
231003102003	新兴居委会	129.959625	44.565721	0	16	65	乡镇
231083404519	群力林场生活区	129.687130	44.763139	1	80	95	政府机构
231083104500	柴河国营林场	129.688510	44.770310	0	25	55	乡镇
231025101208	德安村委会	130.342470	45.347669	0	30	72	村庄
231025111208	北兴村委会	130.123444	45.623912	0	14	46	乡镇
231084400506	团山子经营所生活区	129.203600	44.108939	1	80	94	政府机构
231084105208	东炉村委会	129.242960	44.328830	0	25	70	乡镇
231085400407	风月桥经营所社区	130.544750	44.934891	1	80	95	政府机构
231086105003	第三居委会	130.831572	44.509167	0	14	64	乡镇
231086100201	一街村委会	131.110538	44.146730	0	16	65	乡镇
231025102218	二道村委会	130.001589	45.780760	0	25	70	乡镇
231086103207	和光村委会	130.687548	43.791452	0	14	64	乡镇
231083104003	江滨社区居民委员会	129.688510	44.770310	0	25	47	乡镇
231083101201	双桥村委会	128.946960	44.462719	0	30	72	村庄
231025400416	莲花经营所居委会	130.292100	45.355990	1	80	94	政府机构
231004002002	文化社区居委会	129.578810	44.584381	1	80	97	政府机构
231086100217	新屯村委会	131.110538	44.146730	0	16	47	乡镇
231085400411	自兴经营所社区	130.544750	44.934891	1	80	95	政府机构
231084400510	尔三林场生活区	129.217732	44.120484	0	40	56	UNKNOWN
231084211208	爬梨沟村委会	129.111339	44.256191	0	30	72	村庄
231085101219	腰岭村委会	130.262931	44.526310	0	25	70	乡镇
231003103203	五河村委会	129.847036	44.820335	0	14	37	乡镇
231083100017	广场社区居民委员会	129.337628	44.614824	0	16	38	乡镇
231086400520	向岭林场生活区	130.892280	44.421890	1	80	94	政府机构
231084100227	范家村委会	129.471000	44.341511	0	25	70	乡镇
231084208212	鹿道村委会	129.208130	44.017010	0	25	47	村庄
231025100008	站前办事处第八居民委员会	130.252197	45.266392	0	16	33	乡镇
231086104203	小地营村委会	130.743432	44.190155	0	14	64	乡镇
231083106205	中和村委会	129.136651	44.456959	0	30	72	村庄
231005001001	水道社区居委会	129.618491	44.573509	1	80	95	政府机构
231025108204	东河村委会	129.904780	45.577929	0	30	72	村庄
231084400402	第二居委会	129.203600	44.108939	1	80	97	政府机构
231002101201	大湾村委会	129.645129	44.561472	0	30	72	村庄
231085401410	第十居委会	130.268431	44.522569	1	80	97	政府机构
231084202234	缸窑村委会	129.552170	44.343929	0	30	72	村庄
231083103210	胜利村委会	129.151740	44.622820	0	30	72	村庄
231071001006	丽江社区居委会	100.226000	26.854599	0	10	62	城市
231003100004	南山社区居委会	129.678170	44.594529	0	25	70	乡镇
231025102222	生产村委会	130.001589	45.780760	0	25	47	乡镇
231085103208	北盛村委会	130.542800	44.692721	0	25	70	乡镇
231004003003	桥北社区居委会	129.595679	44.587036	1	80	97	政府机构
231005201208	拉南村委会	129.479822	44.575706	0	18	66	乡镇
231086102206	太阳升村委会	131.095506	43.749310	0	14	64	乡镇
231025100024	西街办事处第二居民委员会	130.252197	45.266392	0	16	33	乡镇
231003003008	二发电社区居委会	129.671526	44.625289	1	80	94	政府机构
231084102236	繁荣村委会	129.169380	44.121211	0	25	70	乡镇
231083107204	兴家村委会	129.572544	45.396598	0	14	64	乡镇
231086105202	爱国村委会	130.831572	44.509167	0	14	64	乡镇
231084001001	文庙社区居委会	129.473190	44.346561	1	80	97	政府机构
231003102202	清平村委会	129.880459	44.561522	0	30	72	村庄
231085101018	新星居委会	130.262931	44.526310	0	25	70	乡镇
231003101204	桦林村村委会	129.690300	44.687610	0	30	58	村庄
231086105214	菜营村委会	130.831572	44.509167	0	14	64	乡镇
231083501402	山市场直社区	128.988640	44.586541	1	70	92	UNKNOWN
231004007001	祥伦社区居委会	129.619615	44.599070	1	80	95	政府机构
231003102214	转心湖村委会	129.959625	44.565721	0	16	65	乡镇
231083104202	柴河村委会	129.688510	44.770310	0	25	47	乡镇
231005003006	西牡丹社区居委会	129.597570	44.573781	1	80	95	政府机构
231002101217	岭东村委会	129.768304	44.444566	0	16	65	乡镇
231083103206	长胜村委会	129.073861	44.531369	0	30	72	村庄
231084202222	永胜村委会	129.472225	44.310238	0	30	72	村庄
231084104209	王家村委会	128.992089	44.171431	0	25	70	乡镇
231085401406	第六居委会	130.268431	44.522569	1	80	95	政府机构
231025110209	小二龙村委会	130.551449	45.459141	0	25	47	乡镇
231085101223	柳毛村委会	130.232546	44.579868	1	80	100	政府机构
231025100209	东关村委会	130.302889	45.305174	1	80	100	政府机构
231086102210	闹枝沟村委会	130.998130	43.903943	1	80	100	政府机构
231083100216	三合村委会	129.337628	44.614824	0	16	65	乡镇
231084105224	盘岭村委会	129.242960	44.328830	0	25	70	乡镇
