320706019009	延东社区居委会	119.176650	34.592263	1	80	100	政府机构
320707115249	邓宅村委会	118.959694	34.756858	0	16	65	乡镇
320722104230	东山后村委会	118.863910	34.756850	0	25	70	乡镇
320724105205	潘老庄村委会	119.468635	34.179704	0	18	66	乡镇
320722001215	和堂村委会	118.769028	34.502399	0	18	49	乡镇
320703006001	大路口社区居委会	119.470610	34.762253	0	30	72	乡镇
320707110227	新河村委会	118.960165	34.823072	0	30	72	村庄
320722107220	罗庄村委会	118.705920	34.599570	0	30	72	村庄
320724106215	四兴村委会	119.244347	34.161126	0	18	66	乡镇
320722112219	寇荡村委会	118.846603	34.432277	0	18	40	乡镇
320723001206	裕丰村委会	119.255700	34.257171	0	30	72	村庄
320706013003	洪新社区居委会	119.122769	34.587311	0	30	58	乡镇
320707107223	姚葛埠村委会	118.953612	34.949237	0	18	35	乡镇
320724101211	八尺村委会	119.702565	34.351375	0	16	65	乡镇
320723108200	下车村委会	119.343787	34.357653	0	18	66	乡镇
320723104223	马沟村委会	119.415450	34.416729	0	25	70	乡镇
320707108210	邵林村委会	119.103701	34.901883	0	18	40	乡镇
320722111209	钟何村委会	118.729618	34.369060	0	18	66	乡镇
320703401407	东洋管理区社区	119.388021	34.548574	1	70	88	UNKNOWN
320722101209	沈园村委会	118.933154	34.573807	0	18	66	乡镇
320706010013	龙苑社区居委会	119.254115	34.650731	0	16	65	区县
320724102201	头图村委会	119.578347	34.268097	0	18	40	乡镇
320706102209	武圩村委会	119.188450	34.447970	0	30	58	UNKNOWN
320723107233	吴南村委会	119.113788	34.379936	0	18	40	乡镇
320707105208	双河村委会	119.043990	35.002165	0	30	72	村庄
320723001210	朱埝村委会	119.233064	34.244746	0	18	49	乡镇
320707115208	友谊村委会	118.959694	34.756858	0	16	47	乡镇
320723104235	毛场村委会	119.415450	34.416729	0	25	70	乡镇
320723106208	支沟村委会	119.552790	34.457231	0	30	58	村庄
320723108216	胡圩村委会	119.278980	34.416400	0	30	72	村庄
320724101207	董沟村委会	119.702565	34.351375	0	16	65	乡镇
320706010005	路北社区居委会	119.163000	34.571100	0	16	33	区县
320707106218	义合村委会	119.190700	34.958852	0	25	70	乡镇
320703401411	东陬管理区社区	119.388021	34.548574	1	70	88	UNKNOWN
320722113222	条河村委会	118.965520	34.470481	0	25	70	乡镇
320707116218	罗阳村委会	119.078031	34.721904	0	18	66	乡镇
320707108206	李宅村委会	119.103701	34.901883	0	18	66	乡镇
320722205209	石湖村委会	118.685840	34.497760	0	30	72	村庄
320703007201	东陬山村委会	119.453430	34.633690	0	25	47	乡镇
320723105218	二段村委会	119.521708	34.405314	0	18	66	乡镇
320723107225	嵇岭村委会	119.113788	34.379936	0	18	40	乡镇
320724102217	六圩村委会	119.578347	34.268097	0	18	66	乡镇
320722104226	葛沟村委会	118.863910	34.756850	0	25	70	乡镇
320706017001	艺北社区居委会	119.205962	34.615423	0	25	47	乡镇
320722108205	东池村委会	118.627910	34.549549	0	30	72	村庄
320722001203	郑庄村委会	118.749780	34.533309	0	30	72	村庄
320724105213	小南村委会	119.468635	34.179704	0	18	66	乡镇
320707110231	旺河村委会	118.953058	34.844797	0	18	66	乡镇
320772001003	大浦社区居委会	119.233643	34.628267	0	18	49	乡镇
320722002213	麻汪村委会	118.742753	34.584927	0	18	35	乡镇
320724103001	陈集社区居委会	119.385030	34.184664	1	80	95	地产小区
320724106203	白皂村委会	119.244347	34.161126	0	18	66	乡镇
320723212232	曹赵村委会	119.133032	34.266740	0	18	49	村庄
320723104219	龙王口村委会	119.415450	34.416729	0	25	70	乡镇
320722204208	南古寨村委会	118.470956	34.612322	0	18	35	乡镇
320703003002	荷花社区居委会	119.426516	34.730339	0	25	70	乡镇
320703006200	西连岛村委会	119.446365	34.766752	0	50	73	UNKNOWN
320706001004	香江社区居委会	119.154334	34.562870	0	25	70	乡镇
320722112223	大戚村委会	118.846603	34.432277	0	18	40	乡镇
320707109207	黄班庄村委会	118.858513	34.835076	0	30	58	村庄
320707115224	陈巷村委会	119.003190	34.729139	0	30	72	村庄
320707100026	柴荡社区居委会	119.155477	34.868293	1	80	100	政府机构
320706014206	黄圩村委会	119.278270	34.513000	0	30	72	村庄
320706011004	砚池社区居委会	119.131350	34.569980	0	25	70	乡镇
320707107219	建新村委会	119.013480	34.939040	0	30	72	地产小区
320724100206	公兴村委会	119.329041	34.101278	0	18	66	乡镇
320722001014	北辰居委会	118.763645	34.538637	1	80	100	政府机构
320723109217	兴隆村委会	119.562762	34.333772	0	18	49	乡镇
320724204210	八间房村委会	119.228619	34.094746	0	18	66	村庄
320723105234	兴三村委会	119.521708	34.405314	0	18	40	乡镇
320707114209	郑园村委会	119.144639	34.783911	0	25	70	乡镇
320707104209	兴林村委会	118.911954	35.003269	0	18	66	乡镇
320706009208	丹霞村委会	119.257856	34.596483	1	80	100	政府机构
320724107202	沟东村委会	119.175597	34.134116	0	20	67	乡镇
320723102230	邵庄村委会	119.476741	34.330879	0	30	72	村庄
320723209215	张徐村委会	119.219006	34.428701	0	18	66	村庄
320722109204	桃西村委会	118.491350	34.514641	0	30	72	村庄
320707112220	黄庄村委会	119.058550	34.825969	0	30	72	村庄
320707102220	韩口村委会	119.163061	35.022980	0	18	66	乡镇
320723102226	利华村委会	119.450419	34.304568	0	18	66	乡镇
320706402007	王卫社区居委会	119.015516	34.563441	0	18	66	UNKNOWN
320723209203	唐庄村委会	119.262030	34.429991	0	30	72	村庄
320724104204	二庄村委会	119.301953	34.191841	0	18	66	乡镇
320723402403	场属社区	119.672061	34.445021	0	16	65	UNKNOWN
320722109212	苗庄村委会	118.472113	34.493279	0	16	65	乡镇
320706018008	建康社区居委会	119.186431	34.586730	0	50	82	地产小区
320772003004	西凤社区居委会	119.222000	34.596600	0	12	34	城市
320706103208	小浦村委会	119.285463	34.496266	0	18	66	乡镇
320723212224	袁姚村委会	119.133032	34.266740	0	18	49	村庄
320724103200	王口村委会	119.412272	34.206212	0	18	66	乡镇
320706014210	海河村委会	119.259303	34.534418	0	18	40	乡镇
320707100030	白庄社区居委会	119.157510	34.833860	1	80	100	政府机构
320707115232	大岭村委会	118.959694	34.756858	0	16	65	乡镇
320707109211	大沟埃村委会	118.854358	34.870700	0	60	80	UNKNOWN
320722110208	薛团村委会	118.553690	34.500461	0	30	58	UNKNOWN
320772001202	前云村委会	119.265130	34.650227	1	80	100	政府机构
320723105222	付岔村委会	119.521708	34.405314	0	18	40	乡镇
320724204206	兴杨村委会	119.228619	34.094746	0	18	40	村庄
320723109201	九段村委会	119.562762	34.333772	0	18	40	乡镇
320722001002	钢铁居委会	118.766377	34.518953	1	80	100	政府机构
320724100210	渔场村委会	119.329041	34.101278	0	18	66	乡镇
320722103218	河套村委会	118.934772	34.676278	0	18	66	乡镇
320706012002	幸南社区居委会	119.150410	34.573217	1	80	100	政府机构
320707106222	王朱尹村委会	119.141510	34.956111	0	30	58	UNKNOWN
320722111225	杨村村委会	118.729618	34.369060	0	18	66	乡镇
320722113218	牛湾村委会	118.965520	34.470481	0	25	70	乡镇
320707116222	刘湾村委会	119.078031	34.721904	0	18	66	乡镇
320707102216	木套村委会	119.163061	35.022980	0	18	40	乡镇
320722105211	花荡村委会	118.839800	34.641511	0	30	72	村庄
320707112216	朱岔汪村委会	119.029414	34.835031	0	18	35	乡镇
320724108207	周彭村委会	119.533890	34.059299	0	25	70	乡镇
320722002209	小里村委会	118.742753	34.584927	0	18	49	乡镇
320724106219	大和村委会	119.226700	34.166600	0	30	72	村庄
320707101206	西林子村委会	119.214846	35.086426	0	18	40	乡镇
320707115245	新合村委会	118.959694	34.756858	0	16	65	乡镇
320706019005	向阳社区居委会	119.180082	34.595840	0	30	72	乡镇
320706100003	西山社区居委会	119.126923	34.536424	1	80	100	政府机构
320722001219	种猪场村委会	118.769028	34.502399	0	18	49	乡镇
320724105209	小北村委会	119.482740	34.204919	0	30	72	村庄
320722101205	西埠后村委会	118.933154	34.573807	0	18	40	乡镇
320707106202	马庄村委会	119.188903	34.973314	0	30	72	村庄
320703009205	东崖屋村委会	119.448442	34.694253	1	80	100	政府机构
320707116202	青园村委会	119.003809	34.715069	1	80	100	政府机构
320706102205	新西村委会	119.139110	34.439431	0	30	72	村庄
320771001201	云门寺村委会	119.405893	34.675642	1	80	100	政府机构
320724100230	宋集村委会	119.329041	34.101278	0	18	66	乡镇
320707105212	谢湖村委会	119.035458	34.998157	0	18	66	乡镇
320707100010	文化社区居委会	119.132815	34.816543	0	25	70	乡镇
320707115212	刘庄村委会	118.947800	34.718990	0	30	72	村庄
320707109231	介沟村委会	118.852992	34.867879	0	16	38	乡镇
320722112215	桑庄村委会	118.846603	34.432277	0	18	66	乡镇
320703001009	南巷社区居委会	119.365413	34.735879	1	80	100	政府机构
320722206203	官庄村委会	118.739356	34.466707	0	30	72	村庄
320723106212	三张犁村委会	119.575074	34.444589	0	18	35	乡镇
320723102251	新庄村委会	119.476910	34.292609	0	30	72	村庄
320722205205	团池村委会	118.652350	34.491545	0	18	66	村庄
320707116214	西韩村委会	119.078031	34.721904	0	18	66	乡镇
320722111213	山南村委会	118.729618	34.369060	0	18	66	乡镇
320707106214	盐仓城村委会	119.152550	34.981781	0	30	72	村庄
320706010009	机关社区居委会	119.254115	34.650731	0	16	65	区县
320724100226	闸北村委会	119.329041	34.101278	0	18	66	乡镇
320772400498	云台农场虚拟社区	119.301900	34.577644	0	18	66	UNKNOWN
320706102213	小荡村委会	119.139060	34.440901	0	25	70	乡镇
320723107229	南李村委会	119.113788	34.379936	0	18	66	乡镇
320723105214	大东村委会	119.521708	34.405314	0	18	66	乡镇
320722112203	山后村委会	118.877332	34.465189	1	80	100	政府机构
320707109227	东接驾庄村委会	118.852992	34.867879	0	16	33	乡镇
320707115204	团结村委会	118.959694	34.756858	0	16	47	乡镇
320707100006	前进社区居委会	119.132815	34.816543	0	25	70	乡镇
320707105204	新坝村委会	119.018689	35.015412	0	30	72	村庄
320723102247	萌旭村委会	119.450419	34.304568	0	18	40	乡镇
320723106204	洋桥村委会	119.599080	34.445069	0	30	72	村庄
320723104239	三川村委会	119.415450	34.416729	0	25	47	乡镇
320706104001	康宁社区居委会	119.092666	34.640093	0	18	66	乡镇
320707112200	仙丘铺村委会	119.029414	34.835031	0	18	40	乡镇
320703008005	营山社区居委会	119.359803	34.744280	1	75	95	地产小区
320722105207	东五河村委会	118.833114	34.671707	0	25	43	乡镇
320707102200	石桥村委会	119.173250	35.050489	0	30	72	村庄
320724108211	桥东村委会	119.533890	34.059299	0	25	47	乡镇
320706103005	中正居委会	119.278035	34.501539	1	80	100	政府机构
320722108209	竹北村委会	118.580640	34.567189	0	30	58	UNKNOWN
320707101210	吴公村委会	119.230276	35.090708	0	30	72	村庄
320723212245	石涧村委会	119.133032	34.266740	0	18	66	村庄
320706100202	李圩村委会	119.143862	34.525719	0	18	66	乡镇
320771003206	马山村委会	119.300930	34.677689	0	30	72	村庄
320706009204	山东村委会	119.308930	34.617490	0	30	72	村庄
320722103202	大尧村委会	119.001190	34.674579	0	30	72	村庄
320707104205	石沟村委会	118.911954	35.003269	0	18	66	乡镇
320722113202	王巷村委会	118.965520	34.470481	0	25	70	乡镇
320707114205	任庄村委会	119.141480	34.783729	1	80	100	政府机构
320707108226	顾庄村委会	119.059270	34.886129	0	30	72	村庄
320706103212	沙沪村委会	119.285463	34.496266	0	18	40	乡镇
320723104215	永进村委会	119.415450	34.416729	0	25	70	乡镇
320724101227	许圩村委会	119.702565	34.351375	0	16	65	乡镇
320707107215	庄留村委会	118.953612	34.949237	0	18	40	乡镇
320707115228	朱屯村委会	118.959694	34.756858	0	16	65	乡镇
320722110212	连湾村委会	118.590920	34.483020	0	30	72	村庄
320722204204	团林村委会	118.470956	34.612322	0	18	66	乡镇
320706104216	富安村委会	119.140504	34.613284	1	80	100	政府机构
320771002010	黄沙坨社区居委会	119.182205	34.796482	0	75	95	UNKNOWN
320707100211	李城村委会	119.132815	34.816543	0	25	70	乡镇
320722107216	西连湾村委会	118.721163	34.682228	1	80	100	政府机构
320707110211	西坨沟村委会	118.953058	34.844797	0	18	35	乡镇
320706018012	九龙社区居委会	119.191667	34.578482	0	30	72	乡镇
320722109208	官庄村委会	118.444300	34.553169	0	30	72	村庄
320722203200	山西头村委会	118.656532	34.685086	1	80	100	政府机构
320723105003	街东社区居委会	119.513991	34.423847	1	75	95	地产小区
320723100201	小园村委会	119.249980	34.300990	0	30	72	村庄
320724109210	大前村委会	119.428762	34.063695	0	18	66	乡镇
320723110201	东湾村委会	119.368890	34.301620	0	30	72	村庄
320707103201	后石堰村委会	119.076680	35.022220	0	30	72	村庄
320722200210	上林村委会	118.854070	34.610921	0	30	72	村庄
320724104208	王庄村委会	119.266632	34.175424	0	30	72	村庄
320771002006	昌圩社区居委会	119.347958	34.701722	0	50	67	工业园区
320706104200	太平渔业村委会	119.162944	34.672294	1	80	100	政府机构
320706018004	建南社区居委会	119.183643	34.588002	1	80	100	政府机构
320707110207	西刘夫村委会	118.953058	34.844797	0	18	35	乡镇
320707100207	四沟村委会	119.132815	34.816543	0	25	70	乡镇
320723110217	盐东村委会	119.332140	34.261347	0	18	66	乡镇
320724109206	徐老庄村委会	119.428762	34.063695	0	18	66	乡镇
320723100217	朱韩村委会	119.247029	34.322358	0	18	40	乡镇
320722200206	三汪村委会	118.857435	34.564438	0	18	66	村庄
320707103217	小河埃村委会	119.096376	35.005135	0	18	35	乡镇
320724102221	浦二庄村委会	119.578347	34.268097	0	18	49	乡镇
320722207202	河南村委会	119.095720	34.546950	0	30	72	村庄
320707108230	马厂村委会	119.103701	34.901883	0	18	66	乡镇
320707114213	新康邑村委会	119.122579	34.816716	1	80	100	政府机构
320722113214	兴庄村委会	118.982030	34.414910	0	30	72	村庄
320707104213	兴隆村委会	118.870171	34.982884	0	30	72	村庄
320723108220	费庄村委会	119.343787	34.357653	0	18	66	乡镇
320723212228	东于村委会	119.133032	34.266740	0	18	66	村庄
320706103204	城北村委会	119.247580	34.491730	0	30	72	村庄
320722204212	白石头村委会	118.470956	34.612322	0	18	66	乡镇
320707107203	小莒城村委会	118.953612	34.949237	0	18	35	乡镇
320723108221	恒春村委会	119.343787	34.357653	0	18	40	乡镇
320723212229	岗西村委会	119.133032	34.266740	0	18	66	村庄
320706103205	罗圩村委会	119.285463	34.496266	0	18	66	乡镇
320722204213	双湖村委会	118.500675	34.644861	0	30	72	村庄
320707107202	大庄村委会	118.986148	34.918176	0	30	72	村庄
320724102220	振东村委会	119.595100	34.297419	0	30	72	村庄
320771002400	台北盐场社区	119.236832	34.678038	0	50	100	UNKNOWN
320722207203	谷丰村委会	119.049991	34.500469	0	25	47	村庄
320722113215	大陈墩村委会	118.971481	34.397270	1	80	100	政府机构
320707108231	半路村委会	119.103701	34.901883	0	18	66	乡镇
320707114212	小荒村委会	119.144639	34.783911	0	25	70	乡镇
320722103215	陈墩村委会	118.934772	34.676278	0	18	66	乡镇
320707104212	青河村委会	118.911954	35.003269	0	18	66	乡镇
320723110216	大南村委会	119.332140	34.261347	0	18	66	乡镇
320724109207	菊花村委会	119.428762	34.063695	0	18	40	乡镇
320723100216	彭洼村委会	119.247029	34.322358	0	18	66	乡镇
320722200207	朱埠村委会	118.857435	34.564438	0	18	40	村庄
320707103216	八条路村委会	119.096376	35.005135	0	18	66	乡镇
320724104209	老沟村委会	119.301953	34.191841	0	18	66	乡镇
320706104201	下滩村委会	119.092666	34.640093	0	18	66	乡镇
320707110206	小海村委会	118.953058	34.844797	0	18	66	乡镇
320706018005	海宁社区居委会	119.183990	34.582849	1	80	100	政府机构
320707100206	城官村委会	119.132815	34.816543	0	25	47	乡镇
320723100200	河东村委会	119.248370	34.307110	0	30	72	村庄
320703402498	连云经济技术开发区虚拟社区	119.460425	34.633284	0	14	37	区县
320771001001	西诸朝社区居委会	119.347958	34.701722	0	50	67	工业园区
320724109211	花园村委会	119.454201	34.070354	0	30	72	村庄
320723110200	直属村委会	119.332140	34.261347	0	18	40	乡镇
320707103200	前石堰村委会	119.082340	35.020114	0	30	72	村庄
320722200211	上湾村委会	118.840220	34.601031	0	30	72	村庄
320706104217	尹巷村委会	119.126595	34.625986	1	80	100	政府机构
320723209218	祝庄村委会	119.219006	34.428701	0	18	66	村庄
320722107217	存村村委会	118.708989	34.652903	1	80	100	政府机构
320707100210	贺岗村委会	119.132815	34.816543	0	25	70	乡镇
320706018013	东望社区居委会	119.191667	34.578482	0	30	58	乡镇
320707110210	东坨沟村委会	118.953058	34.844797	0	18	35	乡镇
320722203201	楼山村委会	118.565028	34.669907	0	18	66	村庄
320723104214	闸南村委会	119.415450	34.416729	0	25	70	乡镇
320706103213	泗河村委会	119.352290	34.490999	0	30	72	村庄
320772401498	南云台林场虚拟社区	119.243630	34.575290	0	50	82	UNKNOWN
320724101226	小塔村委会	119.702565	34.351375	0	16	65	乡镇
320707107214	瞿沟村委会	118.991567	34.907455	0	30	58	村庄
320707115229	小站村委会	118.959694	34.756858	0	16	65	乡镇
320722204205	芝麻巷村委会	118.470956	34.612322	0	18	40	乡镇
320706100203	桃花村委会	119.143862	34.525719	0	18	66	乡镇
320771003207	沙集村委会	119.311730	34.696770	0	30	72	村庄
320707104204	阚家岭村委会	118.983557	34.961323	1	80	100	政府机构
320722103203	临洪村委会	118.934772	34.676278	0	18	40	乡镇
320707114204	柳杭村委会	119.144639	34.783911	0	25	70	乡镇
320707108227	木头沟村委会	119.103701	34.901883	0	18	66	乡镇
320722113203	安营村委会	118.965520	34.470481	0	25	70	乡镇
320722108208	竹墩村委会	118.582271	34.608078	0	18	66	乡镇
320707101211	田唐村委会	119.214846	35.086426	0	18	40	乡镇
320723212244	陈楼村委会	119.171400	34.310919	0	30	72	村庄
320707112201	寺后村委会	119.029414	34.835031	0	18	66	乡镇
320703008004	大港社区居委会	119.355455	34.744792	1	80	95	地产小区
320707102201	龙头村委会	119.163061	35.022980	0	18	66	乡镇
320722105206	西五河村委会	118.833114	34.671707	0	25	43	乡镇
320724108210	高湖村委会	119.533890	34.059299	0	25	70	乡镇
320723104003	同兴社区居委会	119.416560	34.416459	1	80	100	政府机构
320706103004	北门居委会	119.285463	34.496266	0	18	66	乡镇
320707109226	西接驾庄村委会	118.852992	34.867879	0	16	33	乡镇
320707115205	解放村委会	118.944729	34.729606	0	30	72	村庄
320722112202	柘塘村委会	118.846603	34.432277	0	18	66	乡镇
320707100007	胜利社区居委会	119.129960	34.843290	1	80	100	政府机构
320707105205	赤涧一村委会	119.035458	34.998157	0	18	40	乡镇
320723102246	同阳村委会	119.450419	34.304568	0	18	40	乡镇
320723104238	玉山村委会	119.285310	34.451769	0	30	72	村庄
320723106205	尹场村委会	119.575074	34.444589	0	18	40	乡镇
320722205204	尤庄村委会	118.638680	34.505669	0	30	72	村庄
320771450498	场部虚拟社区	119.182900	34.796989	0	25	55	UNKNOWN
320722111212	石埠村委会	118.729618	34.369060	0	18	66	乡镇
320707116215	大道口村委会	119.078031	34.721904	0	18	66	乡镇
320706010008	市民社区居委会	119.175855	34.607027	1	80	100	政府机构
320722101212	前塘村委会	118.954761	34.535357	0	30	72	村庄
320707106215	胡村村委会	119.190700	34.958852	0	25	70	乡镇
320724100227	小园村委会	119.356254	34.140292	0	30	72	村庄
320723105215	隆兴村委会	119.505530	34.401901	0	30	72	村庄
320723107228	后埠村委会	119.113788	34.379936	0	18	66	乡镇
320706102212	王付村委会	119.139060	34.440901	0	25	47	乡镇
320707105213	东斗岭村委会	119.035458	34.998157	0	18	35	乡镇
320707100011	东关社区居委会	119.136611	34.832296	1	80	100	政府机构
320722112214	双庄村委会	118.898230	34.390241	0	30	72	村庄
320707115213	横街村委会	118.943230	34.735089	0	30	72	村庄
320707109230	黄泥沟村委会	118.852992	34.867879	0	16	65	乡镇
320722206202	赵庄村委会	118.739880	34.457910	0	30	72	村庄
320703001008	滨海社区居委会	119.366497	34.742000	0	25	70	乡镇
320723106213	圩南村委会	119.575074	34.444589	0	18	66	乡镇
320723102250	通榆村委会	119.450419	34.304568	0	18	66	乡镇
320707106203	李巷村委会	119.177420	34.906319	0	30	72	村庄
320722101204	东埠后村委会	118.933154	34.573807	0	18	40	乡镇
320703009204	高庄村委会	119.434526	34.700735	1	80	100	政府机构
320707116203	科园村委会	119.055289	34.737828	1	80	100	政府机构
320722111204	后放村委会	118.729618	34.369060	0	18	40	乡镇
320706102204	普安村委会	119.139060	34.440901	0	25	70	乡镇
320723100001	新村社区居委会	119.247029	34.322358	0	18	66	乡镇
320723110001	振兴社区居委会	119.332140	34.261347	0	18	66	乡镇
320724100231	苏口村委会	119.329041	34.101278	0	18	66	乡镇
320707101207	甘县村委会	119.214846	35.086426	0	18	40	乡镇
320707115244	同兴村委会	119.021117	34.794417	0	30	72	村庄
320706019004	葵花社区居委会	119.180082	34.595840	0	30	58	乡镇
320706100002	中山社区居委会	119.138369	34.526883	1	80	100	政府机构
320722001218	东海农场村委会	118.791020	34.455291	0	50	73	UNKNOWN
320724105208	长兴村委会	119.480340	34.220089	0	30	72	村庄
320722105210	东丰墩村委会	118.833114	34.671707	0	25	43	乡镇
320707102217	白石头村委会	119.163061	35.022980	0	18	66	乡镇
320707112217	沙河子村委会	119.074240	34.855090	0	30	72	村庄
320724108206	尚庄村委会	119.553690	34.065970	0	30	72	村庄
320722002208	三里村委会	118.742753	34.584927	0	18	49	乡镇
320724106218	二庄村委会	119.244347	34.161126	0	18	66	乡镇
320724204207	大杨村委会	119.228619	34.094746	0	18	66	村庄
320723105223	中南村委会	119.521708	34.405314	0	18	66	乡镇
320722001003	和平居委会	118.764383	34.525579	1	80	100	政府机构
320723109200	三舍村委会	119.562762	34.333772	0	18	66	乡镇
320707106223	垤上村委会	119.125050	34.959949	0	30	72	村庄
320722103219	旭光村委会	118.934772	34.676278	0	18	66	乡镇
320706012003	幸中社区居委会	119.139077	34.578628	0	30	51	乡镇
320707116223	河口村委会	119.097741	34.684911	1	80	100	政府机构
320722113219	小街村委会	119.021375	34.427258	1	80	100	政府机构
320722111224	毛南村委会	118.729618	34.369060	0	18	66	乡镇
320706103209	浦东村委会	119.285463	34.496266	0	18	66	乡镇
320723212225	潘洼村委会	119.133032	34.266740	0	18	66	村庄
320724103201	尹荡村委会	119.412272	34.206212	0	18	40	乡镇
320707100031	丁庄社区居委会	119.132815	34.816543	0	25	70	乡镇
320722110209	王庄村委会	118.578660	34.517519	0	30	72	村庄
320707115233	孟曹埠村委会	118.959694	34.756858	0	16	47	乡镇
320707109210	演马场村委会	118.896679	34.871146	1	75	92	UNKNOWN
320772001203	飞泉村委会	119.263965	34.639814	1	80	95	UNKNOWN
320723209202	河西村委会	119.247790	34.415570	0	30	72	村庄
320724104205	马台村委会	119.301953	34.191841	0	18	66	乡镇
320723402402	新建管理区社区	119.672061	34.445021	0	16	47	UNKNOWN
320722109213	各庄村委会	118.472113	34.493279	0	16	38	乡镇
320706018009	兴业社区居委会	119.191667	34.578482	0	30	72	乡镇
320772003005	学院社区居委会	119.222000	34.596600	0	12	34	城市
320723102227	镇东村委会	119.477290	34.317059	0	30	72	村庄
320706402006	王沟社区居委会	119.015516	34.563441	0	18	49	UNKNOWN
320703007001	辛高圩社区居委会	119.542569	34.529876	1	75	95	地产小区
320723209214	杨树圩村委会	119.219006	34.428701	0	18	66	村庄
320706404202	卞浦村委会	119.207596	34.549733	0	25	47	UNKNOWN
320706006001	幸福社区居委会	119.159739	34.590468	0	30	72	乡镇
320722109205	桃东村委会	118.494030	34.504650	0	30	72	村庄
320707102221	新韩口村委会	119.163061	35.022980	0	18	66	乡镇
320706016001	同和社区居委会	119.156751	34.608084	0	30	58	乡镇
320724102001	三兴居委会	119.578347	34.268097	0	18	66	乡镇
320724107203	连五村委会	119.175597	34.134116	0	20	67	乡镇
320723102231	丰圩村委会	119.450419	34.304568	0	18	40	乡镇
320724100207	镇西村委会	119.302952	34.084494	0	30	72	村庄
320723109216	朱庄村委会	119.512960	34.354821	0	30	72	村庄
320722001015	果园居委会	118.775825	34.520980	1	80	100	政府机构
320723105235	双闸村委会	119.468059	34.424944	0	30	72	村庄
320724204211	老圩村委会	119.228619	34.094746	0	18	66	村庄
320707114208	宋庄村委会	119.144639	34.783911	0	25	70	乡镇
320707104208	镇东村委会	118.912140	35.005043	0	30	72	村庄
320706009209	西山村委会	119.299289	34.618450	0	18	49	乡镇
320723212233	张薛村委会	119.133032	34.266740	0	18	40	村庄
320723104218	小圩村委会	119.449205	34.383710	0	30	72	村庄
320703003003	云台社区居委会	119.455026	34.731073	1	80	95	地产小区
320722204209	北古寨村委会	118.470956	34.612322	0	18	40	乡镇
320703006201	沙湾村委会	119.471714	34.750094	1	80	100	政府机构
320707109206	赵班庄村委会	118.852992	34.867879	0	16	47	乡镇
320707115225	徐屯村委会	118.928773	34.758350	0	30	72	村庄
320722112222	蒋林村委会	118.846603	34.432277	0	18	66	乡镇
320706014207	杨场村委会	119.259303	34.534418	0	18	66	乡镇
320707100027	老埃社区居委会	119.132815	34.816543	0	25	70	乡镇
320707107218	小林头村委会	119.022480	34.932911	0	30	72	村庄
320706011005	南门社区居委会	119.133009	34.566725	1	80	100	政府机构
320707110230	富河村委会	118.953058	34.844797	0	18	40	乡镇
320772001002	大村社区居委会	119.233643	34.628267	0	18	66	乡镇
320722002212	蛤庄村委会	118.742753	34.584927	0	18	40	乡镇
320724106202	连三村委会	119.244347	34.161126	0	18	40	乡镇
320707103220	佃马场村委会	119.096376	35.005135	0	18	49	乡镇
320722104227	刘金村委会	118.863910	34.756850	0	25	70	乡镇
320722108204	孔白村委会	118.649175	34.567679	1	80	100	政府机构
320723100220	川星村委会	119.247029	34.322358	0	18	40	乡镇
320723110220	盐河村委会	119.332140	34.261347	0	18	66	乡镇
320722001202	东蔡村委会	118.750616	34.516899	1	80	100	政府机构
320724105212	南华村委会	119.488990	34.161670	0	30	72	村庄
320707106219	大岗村委会	119.190700	34.958852	0	25	70	乡镇
320706010004	民主社区居委会	119.254115	34.650731	0	16	65	区县
320703401410	海北管理区社区	119.388021	34.548574	1	70	88	UNKNOWN
320707116219	双槐村委会	119.121440	34.740019	0	30	72	村庄
320707108207	伞庄村委会	119.103701	34.901883	0	18	40	乡镇
320722113223	王烈村委会	118.965520	34.470481	0	25	47	乡镇
320722205208	黄塘村委会	118.652350	34.491545	0	18	66	村庄
320703007200	香河村委会	119.453430	34.633690	0	25	70	乡镇
320723107224	杨范村委会	119.113788	34.379936	0	18	66	乡镇
320723105219	界北村委会	119.529390	34.395279	0	30	72	村庄
320724102216	合兴村委会	119.578347	34.268097	0	18	66	乡镇
320707105209	杨岭村委会	119.035458	34.998157	0	18	66	乡镇
320723001211	沈庄村委会	119.251060	34.180980	0	30	72	村庄
320707115209	楼河村委会	118.959694	34.756858	0	16	38	乡镇
320723106209	东圩村委会	119.552100	34.467561	0	30	72	村庄
320723104234	膘头村委会	119.361620	34.459539	0	30	58	UNKNOWN
320723108217	陈庄村委会	119.337570	34.330880	0	30	72	村庄
320724101206	黄姚村委会	119.774040	34.371149	0	30	72	村庄
320707108211	黑坡村委会	119.103701	34.901883	0	18	66	乡镇
320703401406	海南管理区社区	119.388021	34.548574	1	70	88	UNKNOWN
320722101208	前营村委会	118.979340	34.628190	0	30	72	村庄
320706010012	新桥社区居委会	119.254115	34.650731	0	16	65	区县
320724102200	大堰村委会	119.490170	34.240950	0	30	72	村庄
320723107232	大洼村委会	119.150790	34.413381	0	30	72	村庄
320706102208	陈户村委会	119.139060	34.440901	0	25	70	乡镇
320723209500	果林场生活区	119.219006	34.428701	0	18	49	村庄
320722112218	邱庄村委会	118.931320	34.425179	0	30	72	村庄
320723001207	瓦房村委会	119.219280	34.254090	0	30	72	村庄
320707107222	新葛埠村委会	118.953612	34.949237	0	18	49	乡镇
320706013002	洪门社区居委会	119.137128	34.594432	1	80	100	政府机构
320724101210	四圩村委会	119.702565	34.351375	0	16	65	乡镇
320723108201	岳河村委会	119.392050	34.412091	0	30	58	UNKNOWN
320723104222	团荡村委会	119.416880	34.393649	0	30	58	UNKNOWN
320707110226	兴河村委会	118.940880	34.829379	0	30	72	村庄
320722107221	房埠村委会	118.713845	34.638476	0	18	40	乡镇
320724106214	老垛村委会	119.244347	34.161126	0	18	40	乡镇
320722002204	车庄村委会	118.786694	34.557309	1	80	100	政府机构
320772002004	九岭社区居委会	119.237150	34.590049	0	30	72	村庄
320706019008	盐河社区居委会	119.173605	34.592790	1	80	100	政府机构
320722108212	三铺村委会	118.582271	34.608078	0	18	66	乡镇
320707115248	前进村委会	118.989521	34.801795	0	30	72	村庄
320706017016	刘艞社区居委会	119.205962	34.615423	0	25	70	乡镇
320722104231	西山后村委会	118.863910	34.756850	0	25	70	乡镇
320724105204	成湾村委会	119.468635	34.179704	0	18	40	乡镇
320722001214	贯庄村委会	118.769405	34.550792	1	80	100	政府机构
320707112210	望仙河村委会	119.029414	34.835031	0	18	35	乡镇
320707102210	拱齐村委会	119.163061	35.022980	0	18	40	乡镇
320722105217	齐庄村委会	118.833114	34.671707	0	25	70	乡镇
320724108201	杨塘村委会	119.533890	34.059299	0	25	70	乡镇
320706019003	扁担河社区居委会	119.180082	34.595840	0	30	58	乡镇
320707100041	六里桥社区居委会	119.132815	34.816543	0	25	55	乡镇
320707101200	西柘汪村委会	119.214846	35.086426	0	18	35	乡镇
320707115243	和平村委会	119.019050	34.765181	0	30	72	村庄
320723107002	龙苴社区居委会	119.114408	34.364108	0	50	82	UNKNOWN
320771003001	朝东街社区居委会	119.307921	34.679854	1	80	95	地产小区
320703400498	连云港碱厂虚拟社区	119.326415	34.732795	0	30	72	UNKNOWN
320722111203	大放村委会	118.729618	34.369060	0	18	66	乡镇
320707116204	莓园村委会	119.078031	34.721904	0	18	40	乡镇
320707106204	大兴庄村委会	119.168204	34.894160	0	30	72	村庄
320703009203	保山村委会	119.433395	34.698853	0	25	47	乡镇
320723100006	繁荣社区居委会	119.247029	34.322358	0	18	66	乡镇
320723107239	老黄荡村委会	119.069510	34.354630	0	30	72	村庄
320724204220	新民村委会	119.228619	34.094746	0	18	49	村庄
320706102203	樊庄村委会	119.139060	34.440901	0	25	70	乡镇
320771001207	金苏村委会	119.347958	34.701722	0	50	67	工业园区
320707115214	西北村委会	118.943900	34.726820	0	30	72	村庄
320707109237	孙净埠村委会	118.852992	34.867879	0	16	38	乡镇
320722112213	季墩村委会	118.846603	34.432277	0	18	66	乡镇
320722206205	城北村委会	118.712961	34.450489	0	30	72	村庄
320707100016	镇东社区居委会	119.141880	34.832421	1	80	100	政府机构
320707105214	西斗岭村委会	119.035458	34.998157	0	18	35	乡镇
320707107229	陡沟村委会	118.953612	34.949237	0	18	66	乡镇
320723102257	兴联村委会	119.450419	34.304568	0	18	40	乡镇
320723106214	直亭村委会	119.575074	34.444589	0	18	40	乡镇
320723104229	轴北村委会	119.415450	34.416729	0	25	55	乡镇
320707106212	王村村委会	119.135904	34.984872	0	30	72	村庄
320722101215	山北头村委会	118.900640	34.523721	0	30	72	村庄
320722205203	乔团村委会	118.652350	34.491545	0	18	40	村庄
320707116212	牛河村委会	119.078031	34.721904	0	18	66	乡镇
320722111215	峰西村委会	118.729618	34.369060	0	18	40	乡镇
320724109001	新集居委会	119.428762	34.063695	0	18	66	乡镇
320706102215	大井村委会	119.173370	34.475469	0	30	72	村庄
320723105212	二队村委会	119.521708	34.405314	0	18	66	乡镇
320723100010	胜利社区居委会	119.247029	34.322358	0	18	66	乡镇
320724100220	武障河村委会	119.367313	34.143002	0	50	73	UNKNOWN
320707105202	河墩村委会	119.035458	34.998157	0	18	66	乡镇
320722112205	房南村委会	118.848213	34.452702	1	80	100	政府机构
320707109221	南洪爽村委会	118.852992	34.867879	0	16	33	乡镇
320707115202	朱圩村委会	118.959694	34.756858	0	16	65	乡镇
320771002201	黄沙村委会	119.347958	34.701722	0	50	67	工业园区
320723106202	小兴村委会	119.575074	34.444589	0	18	40	乡镇
320723102241	方庄村委会	119.420420	34.322769	0	30	72	村庄
320703008003	海棠社区居委会	119.345080	34.751929	0	25	70	乡镇
320722105201	阚朱洲村委会	118.777470	34.679511	0	30	58	UNKNOWN
320707102206	官庄村委会	119.182157	35.098708	0	30	72	村庄
320707112206	大里村委会	119.073030	34.830726	0	30	72	村庄
320724108217	屈东村委会	119.533890	34.059299	0	25	47	乡镇
320706103003	新民居委会	119.239034	34.681422	1	80	100	政府机构
320723104004	大新社区居委会	119.415450	34.416729	0	25	70	乡镇
320724106209	颜马村委会	119.244347	34.161126	0	18	40	乡镇
320707101216	小王坊村委会	119.214846	35.086426	0	18	66	乡镇
320724105219	何庄村委会	119.468635	34.179704	0	18	66	乡镇
320723212243	王范村委会	119.133032	34.266740	0	18	66	村庄
320703203201	达山岛村委会	119.460425	34.633284	0	14	32	区县
320706100204	酒店村委会	119.143862	34.525719	0	18	66	乡镇
320707114203	范口村委会	119.144639	34.783911	0	25	70	乡镇
320707108220	西上堰村委会	119.059180	34.882779	0	30	72	村庄
320722103204	南湾村委会	118.934772	34.676278	0	18	66	乡镇
320707104203	吴山村委会	118.955050	34.986520	0	30	72	村庄
320706009202	渔湾村委会	119.299289	34.618450	0	18	66	乡镇
320707110240	堰水房村委会	118.953058	34.844797	0	18	35	乡镇
320723108230	唐跳村委会	119.343787	34.357653	0	18	40	乡镇
320724101221	七队村委会	119.702565	34.351375	0	16	65	乡镇
320706103214	周圩村委会	119.285463	34.496266	0	18	66	乡镇
320723212238	贺庄村委会	119.133032	34.266740	0	18	66	村庄
320703003008	桃林社区居委会	119.422875	34.733866	1	80	100	政府机构
320722204202	鲁庄村委会	118.470956	34.612322	0	18	49	乡镇
320707107213	刘沟村委会	118.953612	34.949237	0	18	66	乡镇
320707110217	南杨村委会	119.007081	34.879771	1	80	100	政府机构
320723106500	洋桥农场生活区	119.575074	34.444589	0	18	40	乡镇
320722203206	辉山村委会	118.603300	34.653951	1	80	100	政府机构
320707100217	墩后村委会	119.132815	34.816543	0	25	70	乡镇
320722107210	刘湾村委会	118.713845	34.638476	0	18	66	乡镇
320723110207	任圩村委会	119.332140	34.261347	0	18	66	乡镇
320723100207	任庄村委会	119.247029	34.322358	0	18	66	乡镇
320724109216	莞渎村委会	119.439580	34.108601	0	30	58	UNKNOWN
320722200216	前坞墩村委会	118.823529	34.574470	1	80	100	政府机构
320707103207	远庄村委会	119.096376	35.005135	0	18	66	乡镇
320723209209	千斤村委会	119.219006	34.428701	0	18	66	村庄
320723103201	开山岛村委会	119.777315	34.446641	0	20	36	乡镇
320706104206	草舍村委会	119.092666	34.640093	0	18	66	乡镇
320723404498	临港产业区虚拟社区	119.761759	34.466194	1	70	67	工业园区
320723107242	穆圩村委会	119.113788	34.379936	0	18	40	乡镇
320722107206	羽山村委会	118.713845	34.638476	0	18	66	乡镇
320722203210	五联村委会	118.565028	34.669907	0	18	66	村庄
320722109218	东石埠村委会	118.472113	34.493279	0	16	38	乡镇
320706018002	海南社区居委会	119.191667	34.578482	0	30	58	乡镇
320707110201	大黄墩村委会	118.953058	34.844797	0	18	66	乡镇
320724109200	街东村委会	119.428762	34.063695	0	18	66	乡镇
320723100211	官路口村委会	119.247029	34.322358	0	18	66	乡镇
320723110211	小垛村委会	119.332140	34.261347	0	18	66	乡镇
320707103211	夏庄村委会	119.063596	34.997473	0	30	72	村庄
320722104216	土山村委会	118.863910	34.756850	0	25	70	乡镇
320722200200	驼峰村委会	118.857435	34.564438	0	18	40	村庄
320723107215	龙东村委会	119.130730	34.360650	0	30	72	村庄
320723105228	南兴村委会	119.490710	34.469440	0	30	72	村庄
320722001008	站南居委会	118.762623	34.513373	1	80	100	政府机构
320707104215	秦埠地村委会	118.891015	35.025325	1	80	100	政府机构
320707106228	小白石头村委会	119.121170	34.989219	0	30	72	村庄
320722103212	前元村委会	118.934772	34.676278	0	18	66	乡镇
320722207204	后湾村委会	119.049991	34.500469	0	25	70	村庄
320707114215	鲁王村委会	119.144639	34.783911	0	25	70	乡镇
320707116228	郑庄村委会	119.091490	34.699501	0	30	72	村庄
320722113212	渔林村委会	118.965520	34.470481	0	25	47	乡镇
320706103202	石河村委会	119.261470	34.469091	0	30	72	村庄
320723108226	青龙村委会	119.371555	34.359991	0	30	72	村庄
320707107205	枣行村委会	118.953612	34.949237	0	18	66	乡镇
320722204214	左庄村委会	118.470956	34.612322	0	18	66	乡镇
320722110202	十里村委会	118.564014	34.476496	0	18	66	乡镇
320707115238	殷庄村委会	118.959694	34.756858	0	16	65	乡镇
320706017011	东苑社区居委会	119.205962	34.615423	0	25	70	乡镇
320722104236	北辰一村委会	118.863910	34.756850	0	25	47	乡镇
320772002003	青春社区居委会	119.231192	34.566101	1	80	100	政府机构
320722200220	麦南村委会	118.857435	34.564438	0	18	66	村庄
320724109220	孙湾村委会	119.428762	34.063695	0	18	66	乡镇
320724105203	窑河村委会	119.468635	34.179704	0	18	40	乡镇
320706014001	平安居委会	119.259303	34.534418	0	18	66	乡镇
320707110221	黄草沟村委会	118.953058	34.844797	0	18	66	乡镇
320706001203	孔望山村委会	119.174269	34.564726	0	25	55	村庄
320724106213	严垛村委会	119.244347	34.161126	0	18	40	乡镇
320722002203	柳汪村委会	118.742753	34.584927	0	18	35	乡镇
320707107225	徐康邑村委会	118.953612	34.949237	0	18	40	乡镇
320722206209	曲阳村委会	118.712518	34.442879	0	18	66	村庄
320723001200	树云村委会	119.233064	34.244746	0	18	40	乡镇
320707115218	官庄村委会	118.960070	34.743221	0	30	72	村庄
320723104225	山北村委会	119.446300	34.455901	0	30	72	村庄
320724101217	三队村委会	119.702565	34.351375	0	16	65	乡镇
320723108206	前门村委会	119.343787	34.357653	0	18	66	乡镇
320703401401	东方路管理区社区	119.388021	34.548574	1	70	92	UNKNOWN
320707106208	匡口村委会	119.190700	34.958852	0	25	70	乡镇
320706010015	浦河社区居委会	119.185571	34.632204	1	80	100	政府机构
320707108216	张园村委会	119.103701	34.901883	0	18	66	乡镇
320707116208	金桥村委会	119.059642	34.744548	0	30	72	村庄
320723107235	乔荡村委会	119.090090	34.438991	0	30	58	UNKNOWN
320724102207	合浦村委会	119.578347	34.268097	0	18	66	乡镇
320722112209	兴谷村委会	118.837855	34.417044	1	80	100	政府机构
320723108210	仲集村委会	119.343787	34.357653	0	18	40	乡镇
320723104233	和圩村委会	119.415450	34.416729	0	25	70	乡镇
320723212218	小陶村委会	119.133032	34.266740	0	18	66	村庄
320722111219	陈东村委会	118.723519	34.370921	0	30	72	村庄
320707108200	城里村委会	119.103701	34.901883	0	18	66	乡镇
320706010003	建国社区居委会	119.254115	34.650731	0	16	65	区县
320722401200	葛宅村委会	118.798432	34.532637	1	80	100	政府机构
320723107223	石门村委会	119.188190	34.320930	0	30	72	村庄
320703005001	板桥社区居委会	119.415960	34.651989	1	80	100	政府机构
320722104220	韩湖村委会	118.863910	34.756850	0	25	70	乡镇
320706017007	外仓社区居委会	119.163000	34.571100	0	16	38	区县
320724105215	复兴村委会	119.443180	34.179001	0	30	72	村庄
320724204001	朱圩居委会	119.228619	34.094746	0	18	66	村庄
320707110237	仙墩村委会	118.953058	34.844797	0	18	66	乡镇
320772001005	宋跳社区居委会	119.204035	34.636608	0	50	82	UNKNOWN
320722002215	姜庄村委会	118.685460	34.574469	0	30	72	村庄
320724106205	李埠村委会	119.165470	34.178929	0	30	58	UNKNOWN
320723212234	高李庄村委会	119.095473	34.297359	1	80	100	政府机构
320723102261	春旭村委会	119.450419	34.304568	0	18	40	乡镇
320724103210	三友村委会	119.412272	34.206212	0	18	66	乡镇
320706011002	新建社区居委会	119.131350	34.569980	0	25	70	乡镇
320707100020	南街社区居委会	119.132815	34.816543	0	25	70	乡镇
320703003004	临海社区居委会	119.456784	34.729789	1	75	95	地产小区
320706001002	锦化社区居委会	119.154334	34.562870	0	25	55	乡镇
320706403201	夏禾村委会	119.091152	34.603102	0	50	73	UNKNOWN
320707109201	曹顶村委会	118.852992	34.867879	0	16	65	乡镇
320707115222	蒋宅村委会	118.959694	34.756858	0	16	65	乡镇
320706100208	朐山村委会	119.179897	34.561706	1	70	88	UNKNOWN
320724204216	二圩村委会	119.228619	34.094746	0	18	66	村庄
320723105232	兴二村委会	119.521708	34.405314	0	18	66	乡镇
320724105002	大北居委会	119.468635	34.179704	0	18	66	乡镇
320722001012	兴业居委会	118.762281	34.518027	1	80	100	政府机构
320723109211	腰庄村委会	119.562762	34.333772	0	18	66	乡镇
320722103208	宋吴村委会	118.934772	34.676278	0	18	40	乡镇
320722113208	马汪村委会	118.985520	34.457629	0	30	58	UNKNOWN
320723102236	孙跳村委会	119.450419	34.304568	0	18	40	乡镇
320724107204	下窑村委会	119.175597	34.134116	0	20	67	乡镇
320723209213	伊南村委会	119.219006	34.428701	0	18	40	村庄
320706016006	通池社区居委会	119.163000	34.571100	0	16	38	区县
320722109202	彭才村委会	118.472113	34.493279	0	16	38	乡镇
320706006006	河西社区居委会	119.159739	34.590468	0	30	72	乡镇
320723001001	恒仁社区居委会	119.233064	34.244746	0	18	66	乡镇
320722401001	江苏东海经济开发区富华社区居委会	118.817027	34.543657	0	25	70	乡镇
320706402001	镇西社区居委会	119.163000	34.571100	0	16	38	区县
320707101220	花埃头村委会	119.214846	35.086426	0	18	40	乡镇
320707109240	东窝子村委会	118.852992	34.867879	0	16	38	乡镇
320724104202	腰庄村委会	119.301953	34.191841	0	18	66	乡镇
320724108221	川新村委会	119.503340	34.106451	0	30	72	地产小区
320723209205	祝荡村委会	119.219006	34.428701	0	18	40	村庄
320722109214	上河村委会	118.428659	34.440981	0	30	72	村庄
320706006010	海连社区居委会	119.159739	34.590468	0	30	58	乡镇
320772003002	淮海社区居委会	119.202383	34.607959	1	80	100	政府机构
320706016010	新洪社区居委会	119.156751	34.608084	0	30	58	乡镇
320724103206	港咀村委会	119.412272	34.206212	0	18	66	乡镇
320723212222	南于村委会	119.133032	34.266740	0	18	40	村庄
320707115234	刘曹埠村委会	118.959694	34.756858	0	16	47	乡镇
320707109217	横山官庄村委会	118.892220	34.951980	0	30	72	村庄
320772001204	当路村委会	119.233643	34.628267	0	18	40	乡镇
320707100036	张城社区居委会	119.132815	34.816543	0	25	55	乡镇
320707107209	大林头村委会	119.029930	34.929441	0	30	72	村庄
320723109207	杜圩村委会	119.562762	34.333772	0	18	66	乡镇
320722001004	东海居委会	118.769028	34.502399	0	18	49	乡镇
320724100216	袁闸村委会	119.371220	34.068130	0	30	58	村庄
320723105224	后腰村委会	119.521708	34.405314	0	18	40	乡镇
320723107219	竹墩村委会	119.113788	34.379936	0	18	66	乡镇
320724204200	合兴村委会	119.228619	34.094746	0	18	66	村庄
320722111223	毛北村委会	118.729618	34.369060	0	18	49	乡镇
320707116224	岭灶村委会	119.078031	34.721904	0	18	40	乡镇
320722207208	营屯村委会	119.049991	34.500469	0	25	70	村庄
320706012004	西大岭社区居委会	119.127525	34.574998	1	70	92	地产小区
320707106224	垒堆村委会	119.190700	34.958852	0	25	47	乡镇
320707104219	汪子头村委会	118.881520	34.982986	1	80	95	UNKNOWN
320722001005	幸福居委会	118.756961	34.522118	1	80	100	政府机构
320723109206	和平村委会	119.552782	34.319825	0	30	72	村庄
320724100217	新东村委会	119.381530	34.092821	0	30	72	村庄
320724204201	渔涝村委会	119.228619	34.094746	0	18	40	村庄
320723107218	王荡村委会	119.113788	34.379936	0	18	66	乡镇
320723105225	北六队村委会	119.514474	34.421742	0	40	65	UNKNOWN
320707116225	东关村委会	119.078031	34.721904	0	18	66	乡镇
320722111222	阜塘村委会	118.729618	34.369060	0	18	40	乡镇
320703005201	张跳村委会	119.419390	34.652489	0	25	47	乡镇
320722207209	印屯村委会	119.049991	34.500469	0	25	47	村庄
320707104218	南康邑村委会	118.911954	35.003269	0	18	35	乡镇
320707106225	宅基村委会	119.190700	34.958852	0	25	55	乡镇
320706012005	江化社区居委会	119.139077	34.578628	0	30	72	乡镇
320724103207	官沟村委会	119.412272	34.206212	0	18	66	乡镇
320723212223	赵庄村委会	119.154810	34.217760	0	30	72	村庄
320707115235	李曹埠村委会	118.959694	34.756858	0	16	47	乡镇
320707109216	西响石村委会	119.277760	35.091036	1	80	100	政府机构
320772001205	新滩村委会	119.236292	34.604883	1	80	100	政府机构
320707100037	王楼社区居委会	119.108899	34.833617	1	80	100	政府机构
320707107208	刘岭村委会	118.953612	34.949237	0	18	66	乡镇
320724104203	宋圩村委会	119.301953	34.191841	0	18	66	乡镇
320724101001	兴港居委会	119.702565	34.351375	0	16	47	乡镇
320723209204	花厅村委会	119.242690	34.446379	0	30	72	村庄
320724108220	大新村委会	119.533890	34.059299	0	25	55	乡镇
320722109215	陈州村委会	118.472113	34.493279	0	16	38	乡镇
320772003003	河滨社区居委会	119.222000	34.596600	0	12	34	城市
320706016011	新西社区居委会	119.156751	34.608084	0	30	72	乡镇
320707101221	侍庄村委会	119.214846	35.086426	0	18	40	乡镇
320707109241	石沟埃村委会	118.852992	34.867879	0	16	33	乡镇
320723209212	小伊村委会	119.219006	34.428701	0	18	40	村庄
320706016007	新站社区居委会	119.168529	34.615997	1	80	100	政府机构
320703004001	平山社区居委会	119.374190	34.703490	0	25	70	乡镇
320706006007	常乐社区居委会	119.159739	34.590468	0	30	72	乡镇
320722109203	七埝村委会	118.472113	34.493279	0	16	33	乡镇
320723102237	农旭村委会	119.450419	34.304568	0	18	40	乡镇
320724107205	金星村委会	119.177940	34.167229	0	30	72	村庄
320723105233	吴赵村委会	119.521708	34.405314	0	18	66	乡镇
320724204217	佑东村委会	119.228619	34.094746	0	18	66	村庄
320724105003	张湾居委会	119.468635	34.179704	0	18	66	乡镇
320723109210	八道沟村委会	119.562762	34.333772	0	18	66	乡镇
320722001013	双湖居委会	118.745113	34.524733	1	80	100	政府机构
320722103209	桃李村委会	118.948320	34.677620	0	30	72	村庄
320723212235	东徐村委会	119.133032	34.266740	0	18	66	村庄
320724103211	棋杆村委会	119.412272	34.206212	0	18	66	乡镇
320723102260	老庄村委会	119.440740	34.262021	0	30	72	村庄
320706011003	双龙社区居委会	119.139465	34.568528	1	80	100	政府机构
320706014201	魏湾村委会	119.259303	34.534418	0	18	66	乡镇
320707100021	狮子口社区居委会	119.148315	34.847238	1	80	100	政府机构
320703003005	陶庵社区居委会	119.410769	34.734635	1	80	100	政府机构
320707109200	班庄村委会	118.852992	34.867879	0	16	65	乡镇
320707115223	丁巷村委会	118.995200	34.716842	0	30	72	村庄
320706001003	孔望山社区居委会	119.175403	34.577193	1	80	100	政府机构
320706403200	新陇村委会	119.108025	34.599473	0	30	51	UNKNOWN
320722112224	兴东村委会	118.849370	34.421551	0	30	72	村庄
320707110236	苘湖村委会	118.953058	34.844797	0	18	40	乡镇
320772001004	昌浦社区居委会	119.233643	34.628267	0	18	49	乡镇
320722002214	博望村委会	118.742753	34.584927	0	18	49	乡镇
320724106204	韩李村委会	119.244347	34.161126	0	18	40	乡镇
320722108202	昌沂村委会	118.604529	34.597199	1	80	100	政府机构
320722104221	树墩村委会	118.863910	34.756850	0	25	47	乡镇
320706017006	苍梧社区居委会	119.205962	34.615423	0	25	55	乡镇
320703010202	柳河村委会	119.469730	34.706676	0	25	70	乡镇
320722001204	茅墩村委会	118.769028	34.502399	0	18	49	乡镇
320724105214	后河村委会	119.449083	34.192090	0	30	72	村庄
320707108201	卜都村委会	119.103701	34.901883	0	18	40	乡镇
320722111218	陈集村委会	118.729618	34.369060	0	18	66	乡镇
320706010002	陇东社区居委会	119.178889	34.610836	1	80	100	政府机构
320703401416	东滩盐场社区	119.388021	34.548574	1	70	88	UNKNOWN
320722401201	范埠村委会	118.823447	34.547412	1	80	100	政府机构
320724102210	长茂村委会	119.316000	34.086701	0	14	32	区县
320723107222	青墩村委会	119.113788	34.379936	0	18	66	乡镇
320722112208	林疃村委会	118.846603	34.432277	0	18	40	乡镇
320723108211	顾圩村委会	119.343787	34.357653	0	18	66	乡镇
320724101200	堆沟村委会	119.702565	34.351375	0	16	38	乡镇
320723104232	济永村委会	119.415450	34.416729	0	25	47	乡镇
320723212219	大杨村委会	119.133032	34.266740	0	18	66	村庄
320703401400	耕耘路管理区社区	119.388021	34.548574	1	70	92	UNKNOWN
320706010014	市东社区居委会	119.254115	34.650731	0	16	65	区县
320707106209	梁沙村委会	119.194600	34.919340	0	30	72	村庄
320707108217	仲庄村委会	119.103701	34.901883	0	18	66	乡镇
320707116209	武强山村委会	119.078031	34.721904	0	18	35	乡镇
320723107234	邹庄村委会	119.113788	34.379936	0	18	66	乡镇
320724102206	林丰村委会	119.569830	34.274834	0	30	72	村庄
320707107224	草场村委会	118.929320	34.940329	0	30	72	UNKNOWN
320703004200	李庄村委会	119.374440	34.704490	0	30	72	村庄
320722206208	皇树村委会	118.712518	34.442879	0	18	40	村庄
320723001201	朱胥村委会	119.201575	34.265533	1	80	100	政府机构
320707115219	吴村村委会	118.978671	34.699429	1	80	100	政府机构
320723104224	张宝山村委会	119.415450	34.416729	0	25	70	乡镇
320724101216	二队村委会	119.702565	34.351375	0	16	65	乡镇
320723108207	上车村委会	119.343787	34.357653	0	18	66	乡镇
320707100220	安庄村委会	119.132815	34.816543	0	25	70	乡镇
320707110220	白石头村委会	118.953058	34.844797	0	18	66	乡镇
320706001202	网疃村委会	119.153660	34.569443	1	80	100	政府机构
320724106212	余兴村委会	119.244347	34.161126	0	18	66	乡镇
320706017010	振东社区居委会	119.205962	34.615423	0	25	70	乡镇
320722104237	北辰二村委会	118.863910	34.756850	0	25	47	乡镇
320772002002	宁海社区居委会	119.233099	34.562007	1	80	100	政府机构
320722108214	季岭村委会	118.582271	34.608078	0	18	66	乡镇
320724109221	北洋村委会	119.428762	34.063695	0	18	66	乡镇
320724105202	三合村委会	119.468635	34.179704	0	18	66	乡镇
320706103203	东北村委会	119.276730	34.487900	0	30	72	村庄
320723108227	楼庄村委会	119.343787	34.357653	0	18	66	乡镇
320707107204	大莒城村委会	118.953612	34.949237	0	18	40	乡镇
320707115239	圩合村委会	118.959694	34.756858	0	16	38	乡镇
320722110203	沟南村委会	118.576560	34.434969	0	30	72	村庄
320723105229	鲁河村委会	119.521708	34.405314	0	18	66	乡镇
320722001009	徐海居委会	118.774513	34.513372	1	80	100	政府机构
320707104214	李良庄村委会	118.911954	35.003269	0	18	40	乡镇
320722207205	张湾村委会	119.050901	34.499729	0	30	72	村庄
320722113213	关墩村委会	118.965520	34.470481	0	25	70	乡镇
320707114214	徐朱孟村委会	119.144639	34.783911	0	25	47	乡镇
320724109201	季圩村委会	119.428762	34.063695	0	18	66	乡镇
320723100210	张湾村委会	119.247029	34.322358	0	18	66	乡镇
320723110210	六里村委会	119.332140	34.261347	0	18	66	乡镇
320722104217	张湖村委会	118.863910	34.756850	0	25	70	乡镇
320707103210	红庄村委会	119.075240	34.967211	0	30	72	村庄
320722200201	驼南村委会	118.857435	34.564438	0	18	49	村庄
320723209208	洪河村委会	119.197230	34.410020	0	30	72	村庄
320771002001	新航社区居委会	119.242413	34.681129	1	80	100	政府机构
320706104207	新湾村委会	119.013177	34.688209	0	30	72	村庄
320723103200	三百弓村委会	119.777315	34.446641	0	20	67	乡镇
320707100200	下口村委会	119.132815	34.816543	0	25	70	乡镇
320722107207	朱沟村委会	118.713845	34.638476	0	18	66	乡镇
320707110200	城头村委会	118.943317	34.876642	0	30	72	村庄
320722109219	徐东村委会	118.472113	34.493279	0	16	65	乡镇
320706018003	紫云社区居委会	119.191667	34.578482	0	30	72	乡镇
320723110206	法科村委会	119.332140	34.261347	0	18	40	乡镇
320723100206	山前村委会	119.236879	34.304036	0	30	72	村庄
320723105004	街西社区居委会	119.521708	34.405314	0	18	66	乡镇
320724109217	陈刘村委会	119.428762	34.063695	0	18	66	乡镇
320771001007	山后社区居委会	119.356984	34.691823	1	80	95	地产小区
320707103206	马集前村委会	119.096376	35.005135	0	18	40	乡镇
320706104211	官阳村委会	119.092666	34.640093	0	18	40	乡镇
320707110216	官路村委会	118.941580	34.870109	0	30	72	村庄
320722203207	高埝村委会	118.565028	34.669907	0	18	66	村庄
320722107211	横沟村委会	118.739328	34.637236	1	80	100	政府机构
320707100216	宋口村委会	119.132815	34.816543	0	25	47	乡镇
320723108231	徐圩村委会	119.343787	34.357653	0	18	66	乡镇
320771001400	开发区中心区社区	119.347958	34.701722	0	50	67	工业园区
320724101220	六队村委会	119.702565	34.351375	0	16	65	乡镇
320706103215	洪花堰村委会	119.285463	34.496266	0	18	35	乡镇
320723212239	孙庄村委会	119.149960	34.289551	0	30	72	村庄
320722204203	新王庄村委会	118.470956	34.612322	0	18	49	乡镇
320707107212	前进村委会	119.010330	34.930470	0	30	72	村庄
320706100205	岗嘴村委会	119.143862	34.525719	0	18	66	乡镇
320771003201	西庄村委会	119.282073	34.678360	1	80	100	政府机构
320707114202	郑庄村委会	119.131780	34.758220	0	30	72	村庄
320707108221	新合村委会	119.103701	34.901883	0	18	66	乡镇
320707104202	芦山村委会	118.911954	35.003269	0	18	66	乡镇
320722103205	七里村委会	118.934772	34.676278	0	18	66	乡镇
320706009203	东磊村委会	119.330507	34.626734	1	80	100	政府机构
320707110241	大瓦沟村委会	118.953058	34.844797	0	18	66	乡镇
320707101217	马站村委会	119.214846	35.086426	0	18	66	乡镇
320724105218	刘码村委会	119.468635	34.179704	0	18	40	乡镇
320703203200	平山岛村委会	119.460425	34.633284	0	14	32	区县
320723212242	许相村委会	119.133032	34.266740	0	18	40	村庄
320703008002	棠梨社区居委会	119.365374	34.753249	0	60	87	地产小区
320707102207	杨家洼村委会	119.163061	35.022980	0	18	66	乡镇
320722105200	王朱洲村委会	118.833114	34.671707	0	25	43	乡镇
320707112207	曲坊村委会	119.029414	34.835031	0	18	66	乡镇
320724108216	周响村委会	119.533890	34.059299	0	25	47	乡镇
320706103002	南门居委会	119.133144	34.566919	1	80	100	政府机构
320724106208	东韩村委会	119.244347	34.161126	0	18	66	乡镇
320707105203	北林村委会	119.035458	34.998157	0	18	66	乡镇
320707100001	团结社区居委会	119.132815	34.816543	0	25	70	乡镇
320722206212	种畜场村委会	118.712518	34.442879	0	18	66	村庄
320707109220	洪爽村委会	118.852992	34.867879	0	16	38	乡镇
320707115203	大高村委会	118.959694	34.756858	0	16	65	乡镇
320722112204	山前村委会	118.857000	34.446190	0	30	72	村庄
320723212215	南岗村委会	119.151445	34.247234	0	30	72	村庄
320723103001	燕尾社区居委会	119.784321	34.472375	1	80	95	地产小区
320723106203	太丰村委会	119.601130	34.424070	0	30	72	村庄
320723102240	庄场村委会	119.450419	34.304568	0	18	66	乡镇
320722101214	前圩村委会	118.933154	34.573807	0	18	66	乡镇
320707106213	城西村委会	119.149907	34.982430	0	30	72	村庄
320722205202	池庄村委会	118.652350	34.491545	0	18	66	村庄
320722111214	山西村委会	118.739909	34.368679	1	80	100	政府机构
320707116213	岳韩村委会	119.078031	34.721904	0	18	40	乡镇
320723105213	老西村委会	119.487210	34.385140	0	30	72	村庄
320706102214	朱圩村委会	119.139060	34.440901	0	25	70	乡镇
320723100011	东门社区居委会	119.247029	34.322358	0	18	66	乡镇
320724100221	武庄村委会	119.329041	34.101278	0	18	66	乡镇
320722112212	民主村委会	118.872440	34.393489	0	30	72	村庄
320707115215	下河口村委会	118.959694	34.756858	0	16	65	乡镇
320707109236	东方红村委会	118.852992	34.867879	0	16	65	乡镇
320722206204	前张村委会	118.722570	34.478741	0	30	72	村庄
320707100017	河南社区居委会	119.132815	34.816543	0	25	70	乡镇
320707107228	店子村委会	118.971240	34.921771	0	30	72	村庄
320707105215	翔凤岭村委会	119.035458	34.998157	0	18	40	乡镇
320723102256	双湾村委会	119.450419	34.304568	0	18	66	乡镇
320723104228	伊芦村委会	119.415450	34.416729	0	25	47	乡镇
320723106215	芦场村委会	119.575074	34.444589	0	18	66	乡镇
320707116205	三兴村委会	119.078031	34.721904	0	18	66	乡镇
320707106205	小口村委会	119.190700	34.958852	0	25	70	乡镇
320722101202	王小埠村委会	118.933340	34.599729	0	30	72	村庄
320703009202	留云岭村委会	119.416210	34.698929	0	25	55	旅游景点
320723100007	朝阳社区居委会	119.247029	34.322358	0	18	66	乡镇
320706102202	魏口村委会	119.107770	34.466749	0	30	58	UNKNOWN
320723107238	张桥村委会	119.062270	34.377029	0	30	72	村庄
320771001206	隔村村委会	119.357403	34.670107	1	80	100	政府机构
320706019002	朝阳社区居委会	119.180082	34.595840	0	30	72	乡镇
320707100040	太平社区居委会	119.132815	34.816543	0	25	70	乡镇
320707101201	东柘汪村委会	119.214846	35.086426	0	18	35	乡镇
320707115242	富强村委会	118.991250	34.761539	0	30	72	村庄
320707112211	东朱堵村委会	119.029414	34.835031	0	18	35	乡镇
320722105216	东岭村委会	118.858140	34.691990	0	30	72	村庄
320707102211	大温庄村委会	119.163061	35.022980	0	18	66	乡镇
320723100400	水上管理区社区	119.247029	34.322358	0	18	49	乡镇
320724108200	沿塘村委会	119.490420	34.072440	0	30	72	村庄
320707109219	刘洪爽村委会	118.885276	34.912736	1	70	88	UNKNOWN
320722110200	洪庄村委会	118.606240	34.469241	0	30	72	村庄
320703008200	西墅村委会	119.341587	34.759971	1	80	100	政府机构
320707107207	徐庄村委会	119.054018	34.892920	0	30	72	村庄
320707100038	大朱洲社区居委会	119.101344	34.842737	0	60	87	UNKNOWN
320724103208	八庄村委会	119.412272	34.206212	0	18	66	乡镇
320723108224	长兴村委会	119.353800	34.343519	0	30	72	村庄
320706103200	尤庄村委会	119.220150	34.475870	0	30	72	村庄
320722207206	马墩村委会	119.049991	34.500469	0	25	70	村庄
320707114217	殷宅村委会	119.144639	34.783911	0	25	70	乡镇
320707108234	五里墅村委会	119.110086	34.851786	0	50	73	地产小区
320722103210	新沐村委会	118.934772	34.676278	0	18	40	乡镇
320707104217	北康邑村委会	118.911954	35.003269	0	18	35	乡镇
320724100218	于营村委会	119.329041	34.101278	0	18	66	乡镇
320724102225	大莽牛村委会	119.578347	34.268097	0	18	35	乡镇
320723109209	南港村委会	119.509369	34.310101	0	30	72	村庄
320723107217	唐桥村委会	119.113788	34.379936	0	18	66	乡镇
320722200202	古庄村委会	118.857435	34.564438	0	18	66	村庄
320707103213	仲集前村委会	119.096376	35.005135	0	18	49	乡镇
320723110213	伊东村委会	119.332140	34.261347	0	18	40	乡镇
320724109202	塘河村委会	119.456990	34.052240	0	30	72	村庄
320723100213	新华村委会	119.253700	34.347930	0	30	72	村庄
320707110203	王青墩村委会	118.988072	34.892573	1	75	92	UNKNOWN
320707100203	西河村委会	119.132815	34.816543	0	25	70	乡镇
320723107240	葛庄村委会	119.084389	34.370981	0	30	72	村庄
320771002002	新民社区居委会	119.242340	34.678022	1	80	100	政府机构
320706104204	唐顶村委会	119.078257	34.661323	1	80	100	政府机构
320723106001	支中社区居委会	119.548510	34.449260	1	80	100	政府机构
320707103205	赵湖村委会	119.096376	35.005135	0	18	66	乡镇
320722200214	程庄村委会	118.857435	34.564438	0	18	66	村庄
320723100205	山西村委会	119.227670	34.312379	0	30	72	村庄
320723102238	广丰村委会	119.440050	34.316601	0	30	72	村庄
320724109214	夏庄村委会	119.456150	34.121460	0	30	72	村庄
320771001004	范庄社区居委会	119.340209	34.693827	1	80	95	地产小区
320723110205	合兴村委会	119.332140	34.261347	0	18	66	乡镇
320722107212	停埠村委会	118.772285	34.640760	1	80	95	UNKNOWN
320706016008	电台社区居委会	119.156751	34.608084	0	30	72	乡镇
320706006008	富强社区居委会	119.159739	34.590468	0	30	72	乡镇
320707110215	朱村店村委会	118.953058	34.844797	0	18	35	乡镇
320722203204	恰恰村委会	118.565028	34.669907	0	18	40	村庄
320706104212	许安村委会	119.097365	34.628240	1	80	100	政府机构
320707107211	城前村委会	118.953612	34.949237	0	18	66	乡镇
320722204200	山左口村委会	118.481438	34.595274	0	50	73	UNKNOWN
320724101223	东南村委会	119.693970	34.338921	0	30	72	村庄
320707104201	大赤涧村委会	118.911954	35.003269	0	18	35	乡镇
320722103206	和屯村委会	118.934772	34.676278	0	18	66	乡镇
320706009200	朱麻村委会	119.366578	34.642961	0	60	80	UNKNOWN
320707403498	赣榆经济开发区虚拟社区	119.104385	34.805373	1	80	97	UNKNOWN
320707110242	曹瓦沟村委会	118.953058	34.844797	0	18	35	乡镇
320707108222	东湾子村委会	119.141170	34.875911	0	30	72	村庄
320707114201	三店村委会	119.144639	34.783911	0	25	70	乡镇
320722113206	埠上村委会	118.965520	34.470481	0	25	70	乡镇
320722207210	瓦口村委会	119.049991	34.500469	0	25	70	村庄
320724204218	久安村委会	119.245160	34.049170	0	30	72	村庄
320706100206	狮树村委会	119.181200	34.528129	0	30	58	UNKNOWN
320771003202	刘巷村委会	119.288881	34.678397	1	80	100	政府机构
320723212241	马蹄村委会	119.133032	34.266740	0	18	66	村庄
320706017009	广场社区居委会	119.205962	34.615423	0	25	70	乡镇
320707101214	韦岭村委会	119.214846	35.086426	0	18	40	乡镇
320724108215	高港村委会	119.533890	34.059299	0	25	70	乡镇
320706103001	德芳居委会	119.285463	34.496266	0	18	49	乡镇
320707112204	滕庄村委会	119.046699	34.836097	0	30	72	村庄
320707110239	河洼村委会	118.886620	34.821399	0	30	72	村庄
320722109220	徐西村委会	118.472113	34.493279	0	16	65	乡镇
320707102204	芦阳村委会	119.163061	35.022980	0	18	40	乡镇
320722105203	青北村委会	118.833114	34.671707	0	25	70	乡镇
320723102243	新安村委会	119.406690	34.351020	0	30	72	村庄
320723212216	岗北村委会	119.133032	34.266740	0	18	66	村庄
320723103002	新建社区居委会	119.777315	34.446641	0	20	67	乡镇
320723106200	圩丰村委会	119.553732	34.454921	0	40	65	UNKNOWN
320722206211	曹庄村委会	118.661070	34.438671	0	30	72	村庄
320707115200	郑巷村委会	118.959694	34.756858	0	16	65	乡镇
320707109223	王洪爽村委会	118.874561	34.890010	1	80	100	政府机构
320722112207	芝麻村委会	118.846603	34.432277	0	18	66	乡镇
320707105200	厉庄村委会	119.035458	34.998157	0	18	66	乡镇
320707100002	繁荣社区居委会	119.126230	34.833059	1	80	100	政府机构
320724100222	小庙村委会	119.366570	34.140740	0	30	72	村庄
320723100012	城北社区居委会	119.247029	34.322358	0	18	66	乡镇
320722205201	廖塘村委会	118.652350	34.491545	0	18	66	村庄
320722111217	大稠村委会	118.729618	34.369060	0	18	40	乡镇
320707116210	银河村委会	119.066247	34.731151	0	30	72	村庄
320707106210	海脐村委会	119.190700	34.958852	0	25	47	乡镇
320723106216	许庄村委会	119.541470	34.443699	0	30	72	村庄
320723108208	董跳村委会	119.343787	34.357653	0	18	40	乡镇
320724101219	长流村委会	119.702565	34.351375	0	16	65	乡镇
320723102255	南湾村委会	119.424663	34.291645	1	80	100	政府机构
320707100014	后陈社区居委会	119.123802	34.849167	1	80	100	政府机构
320722112211	陆圩村委会	118.846603	34.432277	0	18	66	乡镇
320707109235	朱孟村委会	118.852992	34.867879	0	16	38	乡镇
320707115216	新庄村委会	119.050742	34.743956	0	30	72	村庄
320722206207	陆湖村委会	118.712518	34.442879	0	18	40	村庄
320706102201	大穆村委会	119.139060	34.440901	0	25	70	乡镇
320771001205	东诸朝村委会	119.362380	34.679931	1	80	100	政府机构
320724100234	相庄村委会	119.329041	34.101278	0	18	66	乡镇
320724102209	茂兴村委会	119.578347	34.268097	0	18	66	乡镇
320707106206	北朱皋村委会	119.190700	34.958852	0	25	43	乡镇
320722101201	于庄村委会	118.908199	34.557481	0	30	72	村庄
320703009201	大竹园村委会	119.433395	34.698853	0	25	70	乡镇
320707116206	灯塔村委会	119.036238	34.759642	0	30	72	村庄
320707108218	陈高巅村委会	119.103701	34.901883	0	18	35	乡镇
320722111201	山东村委会	118.763940	34.374109	0	30	72	村庄
320707101202	秦家沙村委会	119.214846	35.086426	0	18	35	乡镇
320722104238	西朱范村委会	118.743500	34.792680	0	30	72	村庄
320706009001	凌州社区居委会	119.299289	34.618450	0	18	66	乡镇
320707115241	东盛村委会	119.037660	34.785780	0	30	72	村庄
320706019001	路南社区居委会	119.184060	34.603086	0	50	68	道路
320724108203	朱头庄村委会	119.542550	34.085229	0	30	58	村庄
320722105215	西丁旺村委会	118.833114	34.671707	0	25	43	乡镇
320707102212	东温庄村委会	119.163061	35.022980	0	18	66	乡镇
320707112212	西朱堵村委会	119.029414	34.835031	0	18	35	乡镇
320707106226	龙王庙村委会	119.171560	34.962529	0	30	72	村庄
320707116226	河疃村委会	119.078031	34.721904	0	18	66	乡镇
320722111221	库西村委会	118.729618	34.369060	0	18	40	乡镇
320724204202	小垛村委会	119.228619	34.094746	0	18	66	村庄
320723105226	正兴村委会	119.521708	34.405314	0	18	40	乡镇
320722001006	康源居委会	118.769028	34.502399	0	18	40	乡镇
320723109205	大李庄村委会	119.571610	34.340141	0	30	72	村庄
320707100034	金海社区居委会	119.132815	34.816543	0	25	70	乡镇
320707109215	汪于村委会	118.871850	34.901049	0	30	58	UNKNOWN
320707115236	山岭房村委会	118.959694	34.756858	0	16	33	乡镇
320772001206	前进村委会	119.249600	34.646744	1	80	100	政府机构
320723212220	梁荡村委会	119.133032	34.266740	0	18	40	村庄
320723108228	黄荡村委会	119.330500	34.305741	0	30	72	村庄
320724103204	沂南村委会	119.412272	34.206212	0	18	40	乡镇
320706016012	财苑社区居委会	119.156751	34.608084	0	30	58	乡镇
320722107208	碱场村委会	118.666580	34.611321	0	30	72	UNKNOWN
320722109216	大李村委会	118.477190	34.426050	0	30	72	村庄
320706104208	新建村委会	119.041911	34.655107	1	80	100	政府机构
320723209207	小茆村委会	119.219006	34.428701	0	18	66	村庄
320724108223	杨罗村委会	119.533890	34.059299	0	25	47	乡镇
320724104200	二里村委会	119.301953	34.191841	0	18	66	乡镇
320724101002	大咀居委会	119.702565	34.351375	0	16	47	乡镇
320707101222	霍官庄村委会	119.214846	35.086426	0	18	49	乡镇
320722104218	陈岭村委会	118.891860	34.712500	0	30	72	村庄
320707109242	坡石桥村委会	118.852992	34.867879	0	16	38	乡镇
320706402003	包庄社区居委会	119.015516	34.563441	0	18	66	UNKNOWN
320722203208	高山村委会	118.545949	34.673411	0	30	72	村庄
320707110219	柏坨沟村委会	118.985824	34.872998	0	30	58	村庄
320706006004	新孔社区居委会	119.166972	34.590392	1	80	100	政府机构
320722109200	白岭村委会	118.472113	34.493279	0	16	65	乡镇
320707100219	里沙村委会	119.132815	34.816543	0	25	70	乡镇
320706016004	后河社区居委会	119.173727	34.612212	1	80	100	政府机构
320707400200	沙墩村委会	119.045867	34.872986	0	30	72	UNKNOWN
320723209211	大孙村委会	119.219006	34.428701	0	18	66	村庄
320722200218	曹浦村委会	118.857435	34.564438	0	18	66	村庄
320707103209	东张夏村委会	119.096376	35.005135	0	18	35	乡镇
320724107206	支沟村委会	119.175597	34.134116	0	20	41	乡镇
320723110209	黄杨村委会	119.332140	34.261347	0	18	66	乡镇
320771001008	五羊社区居委会	119.347958	34.701722	0	50	50	工业园区
320724109218	金圩村委会	119.428762	34.063695	0	18	66	乡镇
320723102234	界南村委会	119.450419	34.304568	0	18	40	乡镇
320723100209	刘庄村委会	119.229211	34.315979	0	30	72	村庄
320723109213	大兴沟村委会	119.562762	34.333772	0	18	66	乡镇
320722001010	利民居委会	118.757511	34.527644	1	80	100	政府机构
320723105230	沈场村委会	119.521708	34.405314	0	18	66	乡镇
320703003006	砚航社区居委会	119.399752	34.737385	1	80	100	政府机构
320707115220	竹林村委会	118.985857	34.716630	0	30	72	村庄
320707109203	前闫庄村委会	118.872851	34.860864	0	30	72	村庄
320707100022	梁庄社区居委会	119.151379	34.838029	1	80	95	地产小区
320724103212	邵庄村委会	119.413950	34.192129	0	30	72	村庄
320723212236	崔许村委会	119.133032	34.266740	0	18	40	村庄
320724108219	窑湾村委会	119.533890	34.059299	0	25	55	乡镇
320722002217	讲习村委会	118.742753	34.584927	0	18	40	乡镇
320724106207	孟兴庄村委会	119.216730	34.166920	0	30	72	村庄
320707102208	王集村委会	119.126490	35.024530	0	30	72	村庄
320707110235	金河村委会	118.927715	34.791178	0	30	72	村庄
320707112208	龙窝村委会	119.029414	34.835031	0	18	66	乡镇
320707101218	东棘荡村委会	119.214846	35.086426	0	18	35	乡镇
320706017005	利民社区居委会	119.187948	34.602685	1	80	100	政府机构
320722104222	九龙村委会	118.863910	34.756850	0	25	70	乡镇
320703010201	黄窝村委会	119.477218	34.719057	0	60	80	UNKNOWN
320722108201	前双村委会	118.582271	34.608078	0	18	66	乡镇
320703005003	跃进社区居委会	119.419390	34.652489	0	25	70	乡镇
320723107221	胡河村委会	119.113788	34.379936	0	18	66	乡镇
320722401202	丁庄村委会	118.795900	34.565060	0	30	72	村庄
320724102213	耿冯村委会	119.578347	34.268097	0	18	40	乡镇
320706010001	菜市社区居委会	119.254115	34.650731	0	16	65	区县
320703401415	埃河管理区社区	119.388021	34.548574	1	70	88	UNKNOWN
320707108202	赵官河村委会	119.068860	34.918120	0	30	72	村庄
320723104231	李庄村委会	119.396930	34.419480	0	30	72	村庄
320723108212	林庄村委会	119.298020	34.386169	0	30	72	村庄
320724104001	张店社区居委会	119.301953	34.191841	0	18	66	乡镇
320723001214	孙荡村委会	119.233064	34.244746	0	18	40	乡镇
320724102205	东盘村委会	119.356475	34.091718	1	75	90	UNKNOWN
320723107237	老霍村委会	119.113788	34.379936	0	18	40	乡镇
320723100008	青龙社区居委会	119.247029	34.322358	0	18	66	乡镇
320707108214	玉兰庙村委会	119.103328	34.919051	0	25	55	旅游景点
320703401403	富民路管理区社区	119.388021	34.548574	1	70	88	UNKNOWN
320724101215	小港村委会	119.671610	34.268820	0	30	72	村庄
320723102259	后三村委会	119.450419	34.304568	0	18	66	乡镇
320723108204	席圩村委会	119.343787	34.357653	0	18	40	乡镇
320723104227	亚芦村委会	119.415450	34.416729	0	25	47	乡镇
320703004203	白果树村委会	119.460425	34.633284	0	14	37	区县
320703001001	东园社区居委会	119.366497	34.742000	0	25	70	乡镇
320723001202	于庄村委会	119.213120	34.275951	0	30	72	村庄
320707109239	李小湾村委会	118.852992	34.867879	0	16	65	乡镇
320707107227	桑行村委会	118.953612	34.949237	0	18	66	乡镇
320707100018	新庄社区居委会	119.112306	34.843579	1	80	100	政府机构
320724106211	西南村委会	119.244347	34.161126	0	18	66	乡镇
320722002201	西榴村委会	118.742753	34.584927	0	18	40	乡镇
320707110223	万桥村委会	118.953058	34.844797	0	18	66	乡镇
320706001201	园林村委会	119.127044	34.566356	1	80	100	政府机构
320722105219	泉沟村委会	118.833114	34.671707	0	25	70	乡镇
320724105201	康渡村委会	119.316000	34.086701	0	14	29	区县
320724100003	人民社区居委会	119.329041	34.101278	0	18	66	乡镇
320724109222	碾房村委会	119.428762	34.063695	0	18	66	乡镇
320772002001	凤凰社区居委会	119.233610	34.566680	1	80	100	政府机构
320722200222	八湖村委会	118.857435	34.564438	0	18	35	村庄
320722104234	老古墩村委会	118.863910	34.756850	0	25	55	乡镇
320724105200	三口村委会	119.506703	34.181646	1	80	100	政府机构
320724100002	镇东社区居委会	119.356611	34.091623	1	80	100	政府机构
320724109223	陡湾村委会	119.428762	34.063695	0	18	66	乡镇
320722104235	小埠子村委会	118.764010	34.782460	0	30	72	村庄
320706404400	海州经济开发区社区	119.207596	34.549733	0	25	100	UNKNOWN
320724106210	倪场村委会	119.244347	34.161126	0	18	40	乡镇
320722002200	东榴村委会	118.742753	34.584927	0	18	35	乡镇
320707110222	谢坡村委会	118.953058	34.844797	0	18	40	乡镇
320706001200	西门村委会	119.125555	34.564599	1	80	100	政府机构
320722105218	小店村委会	118.828050	34.693210	0	30	72	村庄
320724101214	头队村委会	119.702565	34.351375	0	16	38	乡镇
320723102258	何庄村委会	119.450419	34.304568	0	18	66	乡镇
320723108205	沙行村委会	119.343787	34.357653	0	18	66	乡镇
320723104226	鲁南村委会	119.415450	34.416729	0	25	47	乡镇
320703004202	老君堂村委会	119.374190	34.703490	0	25	70	乡镇
320723001203	陆庄村委会	119.230020	34.278669	0	30	72	村庄
320707109238	董净埠村委会	118.852992	34.867879	0	16	38	乡镇
320707107226	驻驾庄村委会	118.953612	34.949237	0	18	66	乡镇
320707100019	东南社区居委会	119.136880	34.826790	1	80	100	政府机构
320724102204	西盘村委会	119.548680	34.259422	1	80	100	政府机构
320771001208	胜利村委会	119.347958	34.701722	0	50	67	工业园区
320723107236	朱桥村委会	119.068380	34.428750	0	30	72	村庄
320723100009	城南社区居委会	119.247029	34.322358	0	18	66	乡镇
320707108215	吴庄村委会	119.064610	34.908590	0	30	72	村庄
320703401402	创业路管理区社区	119.388021	34.548574	1	70	92	UNKNOWN
320723104230	罘山村委会	119.381810	34.430791	0	50	73	UNKNOWN
320723108213	印庄村委会	119.343787	34.357653	0	18	66	乡镇
320723001215	侍圩村委会	119.233064	34.244746	0	18	40	乡镇
320723107220	大贺村委会	119.150890	34.353521	0	30	72	村庄
320724102212	大兴村委会	119.586540	34.227009	0	30	72	村庄
320707104220	山前村委会	118.966056	34.983264	0	30	72	村庄
320703401414	合兴管理区社区	119.388021	34.548574	1	70	88	UNKNOWN
320707108203	大毛庄村委会	119.103701	34.901883	0	18	66	乡镇
320724204002	李集居委会	119.228619	34.094746	0	18	66	村庄
320724105216	大港村委会	119.455970	34.173340	0	30	72	村庄
320706017004	东风社区居委会	119.195829	34.611792	1	80	100	政府机构
320722104223	前代邑村委会	118.863910	34.756850	0	25	43	乡镇
320707101219	西棘荡村委会	119.214846	35.086426	0	18	35	乡镇
320722108200	双店村委会	118.582271	34.608078	0	18	66	乡镇
320724108218	屈西村委会	119.533890	34.059299	0	25	47	乡镇
320722002216	杨圩村委会	118.694590	34.562149	0	30	72	村庄
320724106206	六湖村委会	119.244347	34.161126	0	18	66	乡镇
320707102209	石岭村委会	119.163061	35.022980	0	18	66	乡镇
320707112209	岗尚村委会	119.029414	34.835031	0	18	40	乡镇
320707110234	银河村委会	118.911352	34.795688	0	30	72	村庄
320703003007	庙岭社区居委会	119.420651	34.735425	1	75	95	地产小区
320706001001	西门社区居委会	119.154334	34.562870	0	25	70	乡镇
320707115221	何园村委会	118.959694	34.756858	0	16	65	乡镇
320707109202	上闫庄村委会	118.867781	34.876248	0	30	72	村庄
320706011001	鼓楼社区居委会	119.131350	34.569980	0	25	70	乡镇
320707100023	谷沙社区居委会	119.157490	34.845345	1	80	95	地产小区
320706014203	清河村委会	119.259303	34.534418	0	18	66	乡镇
320723102262	沂河村委会	119.450419	34.304568	0	18	40	乡镇
320724103213	杨圩村委会	119.465538	34.229434	0	30	72	村庄
320723212237	吴圩村委会	119.119780	34.272209	0	30	72	村庄
320724105001	三口社区居委会	119.501377	34.180313	1	80	95	地产小区
320724100203	镇中村委会	119.329041	34.101278	0	18	40	乡镇
320722001011	振兴居委会	118.757483	34.518672	1	80	100	政府机构
320723109212	图河村委会	119.548463	34.337524	0	40	65	UNKNOWN
320724204215	张庄村委会	119.272419	34.074001	0	30	72	村庄
320723105231	杨庄村委会	119.497100	34.432831	0	30	72	村庄
320722200219	麦坡村委会	118.857435	34.564438	0	18	40	村庄
320707103208	西张夏村委会	119.096376	35.005135	0	18	35	乡镇
320724107207	汤沟村委会	119.175597	34.134116	0	20	67	乡镇
320723110208	焦荡村委会	119.332140	34.261347	0	18	40	乡镇
320771001009	兴旺社区居委会	119.347958	34.701722	0	50	67	工业园区
320724109219	周庄村委会	119.394250	34.099700	0	30	72	村庄
320723100208	披甲墩村委会	119.247029	34.322358	0	18	40	乡镇
320723102235	蒋庄村委会	119.458300	34.366840	0	30	72	村庄
320722203209	沃子村委会	118.565028	34.669907	0	18	40	村庄
320722109201	关汪村委会	118.472113	34.493279	0	16	38	乡镇
320706006005	新潮社区居委会	119.159739	34.590468	0	30	58	乡镇
320723001002	兴云社区居委会	119.233064	34.244746	0	18	49	乡镇
320707110218	王朱孟村委会	118.953058	34.844797	0	18	35	乡镇
320706016005	西桥社区居委会	119.163000	34.571100	0	16	33	区县
320707100218	大盘村委会	119.132815	34.816543	0	25	70	乡镇
320723209210	伊北村委会	119.219006	34.428701	0	18	49	村庄
320722104219	瓜安村委会	118.863910	34.756850	0	25	47	乡镇
320707101223	四草城村委会	119.214846	35.086426	0	18	49	乡镇
320707109243	马朱孟村委会	118.852992	34.867879	0	16	38	乡镇
320706402002	镇东社区居委会	119.163000	34.571100	0	16	47	区县
320722107209	尹湾村委会	118.681143	34.598447	1	80	100	政府机构
320722109217	西石埠村委会	118.472113	34.493279	0	16	38	乡镇
320772003001	东苑高新社区居委会	119.222000	34.596600	0	12	29	城市
320724108222	南房村委会	119.533890	34.059299	0	25	70	乡镇
320723209206	吴郑村委会	119.219006	34.428701	0	18	40	村庄
320724104201	侯洼村委会	119.301953	34.191841	0	18	66	乡镇
320724101003	十队居委会	119.702565	34.351375	0	16	47	乡镇
320707100035	申城社区居委会	119.132815	34.816543	0	25	70	乡镇
320707109214	前集村委会	118.852992	34.867879	0	16	65	乡镇
320707115237	张庄村委会	118.926240	34.726950	0	30	72	村庄
320723212221	岗南村委会	119.133032	34.266740	0	18	66	村庄
320723108229	茆庄村委会	119.343787	34.357653	0	18	66	乡镇
320724103205	海防村委会	119.412272	34.206212	0	18	40	乡镇
320707106227	吴家村委会	119.160030	34.976886	0	30	72	村庄
320703010001	高公岛居委会	119.471050	34.697629	0	50	82	UNKNOWN
320722111220	小稠村委会	118.729618	34.369060	0	18	40	乡镇
320707116227	大沙村委会	119.078031	34.721904	0	18	66	乡镇
320723105227	民治村委会	119.503090	34.464271	0	30	72	村庄
320724204203	徐庄村委会	119.242390	34.110269	0	30	72	村庄
320723109204	官场村委会	119.562762	34.333772	0	18	66	乡镇
320722001007	外贸巷居委会	118.774203	34.528426	1	80	100	政府机构
320724100215	刘园村委会	119.354210	34.061669	0	30	72	村庄
320724108202	宋庄村委会	119.533890	34.059299	0	25	70	乡镇
320707102213	潮河口村委会	119.097741	34.684911	1	80	100	政府机构
320722105214	东丁旺村委会	118.833114	34.671707	0	25	43	乡镇
320707112213	新合村委会	119.029414	34.835031	0	18	66	乡镇
320771003002	新县街社区居委会	119.286030	34.681522	0	20	50	乡镇
320707101203	响石村委会	119.277760	35.091036	1	80	100	政府机构
320707115240	新兴村委会	119.034888	34.780937	0	30	72	村庄
320707100042	小盘社区居委会	119.132815	34.816543	0	25	55	乡镇
320706102200	大屯村委会	119.090700	34.449681	0	30	72	村庄
320771001204	黄岭村委会	119.370301	34.677900	1	80	100	政府机构
320724102208	三庄村委会	119.578347	34.268097	0	18	66	乡镇
320724100235	龙沟村委会	119.329041	34.101278	0	18	66	乡镇
320722101200	白塔村委会	118.933350	34.569789	0	30	72	村庄
320707106207	南朱皋村委会	119.190700	34.958852	0	25	43	乡镇
320722111200	山庄村委会	118.757406	34.384541	0	30	72	村庄
320707116207	新庄村委会	119.050742	34.743956	0	30	72	村庄
320707108219	东上堰村委会	119.072620	34.881210	0	30	72	村庄
320723106217	南华村委会	119.573770	34.406900	0	30	72	村庄
320723108209	柴市村委会	119.343787	34.357653	0	18	40	乡镇
320724101218	四队村委会	119.702565	34.351375	0	16	65	乡镇
320723102254	镇南村委会	119.452070	34.304081	0	30	72	村庄
320707100015	镇西社区居委会	119.113310	34.838989	1	80	100	政府机构
320707109234	朱范村委会	118.852992	34.867879	0	16	38	乡镇
320707115217	八里场村委会	118.959694	34.756858	0	16	33	乡镇
320722112210	吴场村委会	118.846603	34.432277	0	18	66	乡镇
320722206206	城南村委会	118.713223	34.445048	0	30	72	村庄
320724100223	大庙村委会	119.400060	34.144130	0	30	72	村庄
320723100013	山南社区居委会	119.247029	34.322358	0	18	49	乡镇
320722205200	大娄村委会	118.652350	34.491545	0	18	66	村庄
320707116211	南街村委会	119.058000	34.706869	0	30	72	村庄
320722111216	蒋河村委会	118.713311	34.343806	0	30	72	村庄
320707106211	龙河村委会	119.150243	34.948786	0	30	72	村庄
320723102242	顺兴村委会	119.450419	34.304568	0	18	66	乡镇
320723212217	大新村委会	119.115148	34.262716	1	80	95	地产小区
320723401498	五农虚拟社区	119.585771	34.370919	0	25	55	UNKNOWN
320723103003	团港社区居委会	119.777315	34.446641	0	20	50	乡镇
320723106201	大兴村委会	119.634440	34.408721	0	30	72	村庄
320722206210	兴旺村委会	118.679537	34.465160	1	80	100	政府机构
320722112206	房北村委会	118.846603	34.432277	0	18	40	乡镇
320707115201	双堆村委会	118.959694	34.756858	0	16	65	乡镇
320707109222	于洪爽村委会	118.852992	34.867879	0	16	33	乡镇
320707105201	山涧村委会	119.035458	34.998157	0	18	66	乡镇
320707100003	工业社区居委会	119.132815	34.816543	0	25	55	乡镇
320707402498	赣榆海洋经济开发区虚拟社区	119.151855	34.864294	1	80	67	工业园区
320724108214	百禄村委会	119.533890	34.059299	0	25	70	乡镇
320707110238	翠竹村委会	118.953058	34.844797	0	18	40	乡镇
320707112205	十里铺村委会	119.029414	34.835031	0	18	66	乡镇
320722105202	东朱洲村委会	118.785273	34.685146	1	80	100	政府机构
320707102205	石东村委会	119.182040	35.049439	0	30	72	村庄
320723212240	张兴村委会	119.133032	34.266740	0	18	40	村庄
320703203202	车牛山岛村委会	119.460425	34.633284	0	14	32	区县
320707101215	大王坊村委会	119.214846	35.086426	0	18	35	乡镇
320706017008	新城社区居委会	119.205962	34.615423	0	25	70	乡镇
320722103207	许村村委会	118.934772	34.676278	0	18	66	乡镇
320707104200	黑林村委会	118.911954	35.003269	0	18	66	乡镇
320706009201	凤凰村委会	119.385336	34.630151	1	80	100	政府机构
320722113207	平明村委会	118.971720	34.471641	0	30	72	村庄
320707108223	西湾子村委会	119.103701	34.901883	0	18	49	乡镇
320707114200	三洋港村委会	119.144639	34.783911	0	25	70	乡镇
320722207211	卸房村委会	119.079196	34.521583	1	80	100	政府机构
320723102002	三星社区居委会	119.450419	34.304568	0	18	66	乡镇
320724204219	东条河村委会	119.228619	34.094746	0	18	49	村庄
320706100207	陶湾村委会	119.143862	34.525719	0	18	66	乡镇
320771003203	韩李村委会	119.286030	34.681522	0	20	41	乡镇
320707107210	太平村委会	118.953612	34.949237	0	18	66	乡镇
320722204201	石桥河村委会	118.516110	34.591539	0	30	58	UNKNOWN
320724101222	腰庄村委会	119.702565	34.351375	0	16	65	乡镇
320707100214	二沟村委会	119.132815	34.816543	0	25	70	乡镇
320722107213	塘坊村委会	118.713845	34.638476	0	18	66	乡镇
320706016009	新中社区居委会	119.159684	34.605459	1	80	100	政府机构
320707110214	西大坊村委会	118.946783	34.853122	1	75	92	UNKNOWN
320706006009	星化社区居委会	119.154699	34.589441	1	75	95	地产小区
320722203205	李埝村委会	118.565028	34.669907	0	18	66	村庄
320706104213	浦南村委会	119.115468	34.644738	1	80	100	政府机构
320707103204	河北村委会	119.107038	34.989705	0	30	72	村庄
320703009001	夏庄居委会	119.433395	34.698853	0	25	70	乡镇
320722200215	后坞墩村委会	118.857435	34.564438	0	18	66	村庄
320723102239	孙小港村委会	119.450419	34.304568	0	18	49	乡镇
320723100204	王圩村委会	119.215253	34.293467	1	80	100	政府机构
320724109215	温庄村委会	119.428762	34.063695	0	18	66	乡镇
320771001005	新光社区居委会	119.347958	34.701722	0	50	67	工业园区
320723110204	杨圩村委会	119.363970	34.271680	0	30	72	村庄
320706018001	延南社区居委会	119.191667	34.578482	0	30	58	乡镇
320707110202	后黄墩村委会	118.953058	34.844797	0	18	35	乡镇
320707100202	大朱旭村委会	119.144898	34.857128	1	80	100	政府机构
320723107241	孙港村委会	119.113788	34.379936	0	18	66	乡镇
320771002003	盐坨社区居委会	119.236221	34.676147	1	80	100	政府机构
320706104205	汪新村委会	119.056806	34.667340	1	80	100	政府机构
320722200203	早塘村委会	118.857435	34.564438	0	18	66	村庄
320707103212	丁庄村委会	119.068612	34.991507	0	30	72	村庄
320722104215	胜泉村委会	118.863910	34.756850	0	25	47	乡镇
320723110212	后河村委会	119.295950	34.293259	0	30	72	村庄
320724109203	梨园村委会	119.459950	34.034490	0	30	72	村庄
320723100212	任三庄村委会	119.247029	34.322358	0	18	35	乡镇
320722207207	大湖村委会	119.049991	34.500469	0	25	55	村庄
320707114216	富园村委会	119.144639	34.783911	0	25	70	乡镇
320707108235	大高巅村委会	119.103701	34.901883	0	18	35	乡镇
320722113211	瓦基村委会	118.951750	34.422260	0	30	72	村庄
320707104216	河西村委会	118.880875	35.004689	0	30	72	村庄
320722103211	黄川村委会	118.934772	34.676278	0	18	40	乡镇
320724102224	小海村委会	119.578347	34.268097	0	18	66	乡镇
320724100219	管庄村委会	119.355672	34.116158	1	80	100	政府机构
320723109208	马屯村委会	119.529670	34.300829	0	30	72	村庄
320723107216	古城村委会	119.120190	34.375139	0	30	72	村庄
320722110201	车站村委会	118.597510	34.459231	0	30	72	村庄
320707109218	山西村委会	118.852992	34.867879	0	16	47	乡镇
320707107206	三坡村委会	118.953612	34.949237	0	18	66	乡镇
320707100039	一沟社区居委会	119.096118	34.794023	1	80	100	政府机构
320724103209	大有村委会	119.412272	34.206212	0	18	66	乡镇
320723108225	赵跳村委会	119.343787	34.357653	0	18	40	乡镇
320706103201	菜园村委会	119.232750	34.472624	1	80	100	政府机构
320707116220	新合村委会	119.078031	34.721904	0	18	66	乡镇
320707106220	龙南村委会	119.190700	34.958852	0	25	70	乡镇
320723109203	义民村委会	119.562762	34.333772	0	18	66	乡镇
320724100212	尹湖村委会	119.329041	34.101278	0	18	66	乡镇
320723105220	三沟村委会	119.521708	34.405314	0	18	66	乡镇
320707109213	新河东村委会	118.823505	34.875736	0	30	72	村庄
320707115230	北朱果村委会	118.959694	34.756858	0	16	47	乡镇
320772001200	小村村委会	119.249123	34.660640	1	80	100	政府机构
320707100032	王庄社区居委会	119.146513	34.832503	1	80	100	政府机构
320724103202	上淋村委会	119.412272	34.206212	0	18	40	乡镇
320723212226	岗东村委会	119.186380	34.261940	0	30	72	村庄
320722109210	顶湖村委会	118.472113	34.493279	0	16	65	乡镇
320707110209	河东村委会	118.953058	34.844797	0	18	49	乡镇
320772003006	凤梧社区居委会	119.222000	34.596600	0	12	29	城市
320723402401	路北管理区社区	119.672061	34.445021	0	16	47	UNKNOWN
320707100209	新村村委会	119.132815	34.816543	0	25	55	乡镇
320723108500	仲集苗圃生活区	119.289611	34.387779	1	80	97	UNKNOWN
320724101004	五队居委会	119.702565	34.351375	0	16	47	乡镇
320724104206	小圈村委会	119.301953	34.191841	0	18	66	乡镇
320723209201	张葛村委会	119.219006	34.428701	0	18	66	村庄
320706402005	岗埠社区居委会	119.015516	34.563441	0	18	66	UNKNOWN
320703007002	张圩社区居委会	119.453430	34.633690	0	25	55	乡镇
320722200208	董马村委会	118.857435	34.564438	0	18	40	村庄
320707103219	临马疃村委会	119.096376	35.005135	0	18	35	乡镇
320723110219	蒋圩村委会	119.332140	34.261347	0	18	66	乡镇
320723102224	城西村委会	119.454780	34.311081	0	30	72	村庄
320723100219	七里松村委会	119.247029	34.322358	0	18	66	乡镇
320724109208	兴庄村委会	119.411801	34.013409	0	30	72	村庄
320707102222	苏家岭村委会	119.163061	35.022980	0	18	66	乡镇
320722107218	甘汪村委会	118.694241	34.636389	0	30	58	UNKNOWN
320706016002	沈圩社区居委会	119.168291	34.620689	0	30	72	UNKNOWN
320706013200	新庄村委会	119.145162	34.589554	1	80	100	政府机构
320706006002	西苑社区居委会	119.169496	34.589996	1	80	100	政府机构
320722109206	桃北村委会	118.472113	34.493279	0	16	65	乡镇
320706404201	范庄村委会	119.207596	34.549733	0	25	70	UNKNOWN
320723209217	后场村委会	119.219006	34.428701	0	18	66	村庄
320706104218	江浦村委会	119.092666	34.640093	0	18	40	乡镇
320724104210	孟庄村委会	119.301953	34.191841	0	18	66	乡镇
320723102232	连成村委会	119.450419	34.304568	0	18	66	乡镇
320724107200	葛集村委会	119.175597	34.134116	0	20	67	乡镇
320707108228	柏南庄村委会	119.089955	34.854476	1	80	100	政府机构
320723105236	兴五村委会	119.521708	34.405314	0	18	40	乡镇
320724204212	六塘村委会	119.228619	34.094746	0	18	66	村庄
320723109215	安福村委会	119.562762	34.333772	0	18	66	乡镇
320706014204	武圩村委会	119.145527	34.501981	0	50	68	道路
320707100024	孙沙社区居委会	119.162535	34.836122	1	80	100	政府机构
320703006202	东连岛村委会	119.492016	34.753417	1	80	100	政府机构
320707115226	大站村委会	118.959694	34.756858	0	16	65	乡镇
320707109205	古城村委会	118.809491	34.858923	0	30	72	村庄
320722112221	贾庙村委会	118.846603	34.432277	0	18	66	乡镇
320706001006	朐海社区居委会	119.154334	34.562870	0	25	70	乡镇
320723212230	陡沟村委会	119.133032	34.266740	0	18	66	村庄
320724101229	新北村委会	119.635000	34.305361	0	30	72	村庄
320722002211	兴隆村委会	118.759730	34.615999	0	30	72	村庄
320724106201	板沟村委会	119.244347	34.161126	0	18	66	乡镇
320707110233	润河村委会	118.953058	34.844797	0	18	40	乡镇
320772001001	花果山社区居委会	119.233643	34.628267	0	18	66	乡镇
320722105209	西丰墩村委会	118.833114	34.671707	0	25	43	乡镇
320722001201	英疃村委会	118.769028	34.502399	0	18	40	乡镇
320703005005	台南社区居委会	119.423279	34.644837	1	80	100	政府机构
320706017003	龙尾社区居委会	119.192762	34.600228	1	80	100	政府机构
320722104224	后代邑村委会	118.813057	34.716827	1	80	95	UNKNOWN
320724102215	佑兴村委会	119.578347	34.268097	0	18	40	乡镇
320724100228	大户村委会	119.329041	34.101278	0	18	66	乡镇
320723107227	前埠村委会	119.113788	34.379936	0	18	66	乡镇
320707108204	西官庄村委会	119.043180	34.941900	0	30	72	村庄
320722113220	上房村委会	118.965520	34.470481	0	25	70	乡镇
320706010007	市化社区居委会	119.178996	34.605275	1	80	100	政府机构
320703401413	水产管理区社区	119.388021	34.548574	1	70	88	UNKNOWN
320723108214	青山村委会	119.301180	34.399629	0	30	72	村庄
320724101205	东腰村委会	119.702565	34.351375	0	16	65	乡镇
320723102249	小乔圩村委会	119.495910	34.305681	0	30	58	UNKNOWN
320723104237	玉兴村委会	119.415450	34.416729	0	25	70	乡镇
320723001212	乔圩村委会	119.233064	34.244746	0	18	49	乡镇
320707109229	河洼村委会	118.886620	34.821399	0	30	72	村庄
320703001011	大巷社区居委会	119.379641	34.736613	0	60	87	地产小区
320707100008	解放社区居委会	119.132815	34.816543	0	25	70	乡镇
320723107231	王堆村委会	119.113788	34.379936	0	18	40	乡镇
320724102203	新盘村委会	119.537730	34.264179	0	30	58	UNKNOWN
320703401405	镇西管理区社区	119.388021	34.548574	1	70	88	UNKNOWN
320706010011	站北社区居委会	119.184580	34.609287	1	80	100	政府机构
320707108212	官河村委会	119.103701	34.901883	0	18	66	乡镇
320723104221	先进村委会	119.415450	34.416729	0	25	70	乡镇
320724101213	八队村委会	119.702565	34.351375	0	16	65	乡镇
320723108202	刘圩村委会	119.366410	34.416780	0	30	72	村庄
320707107221	大葛埠村委会	118.929194	34.904663	1	80	95	UNKNOWN
320706013001	红旗社区居委会	119.141238	34.589825	1	80	100	政府机构
320703001007	院前社区居委会	119.357769	34.737959	0	50	82	地产小区
320723001204	三合村委会	119.233064	34.244746	0	18	49	乡镇
320724108209	嵇桥村委会	119.494610	34.017360	0	30	58	道路
320724106217	头庄村委会	119.244347	34.161126	0	18	66	乡镇
320722002207	埝河村委会	118.784020	34.596211	0	30	58	UNKNOWN
320707102218	小沙村委会	119.163061	35.022980	0	18	66	乡镇
320722107222	石文港村委会	118.745160	34.623219	1	80	95	UNKNOWN
320707110225	赵顶村委会	118.953058	34.844797	0	18	40	乡镇
320707112218	葛湖村委会	119.029414	34.835031	0	18	40	乡镇
320724109224	果林村委会	119.428762	34.063695	0	18	66	乡镇
320724100005	镇北社区居委会	119.329041	34.101278	0	18	66	乡镇
320724105207	汪圩村委会	119.468635	34.179704	0	18	66	乡镇
320722001217	西蔡村委会	118.745060	34.518954	1	80	100	政府机构
320722104232	南辰村委会	118.755540	34.742779	0	30	58	UNKNOWN
320707101208	四湖村委会	119.214846	35.086426	0	18	40	乡镇
320707107201	墩前村委会	118.953612	34.949237	0	18	66	乡镇
320722204210	中寨村委会	118.470956	34.612322	0	18	66	乡镇
320722110206	陈栈村委会	118.539150	34.497821	0	30	58	宾馆
320706103206	官庙村委会	119.285463	34.496266	0	18	40	乡镇
320723403498	经济开发区虚拟社区	119.246681	34.268550	0	30	50	工业园区
320723108222	高河村委会	119.343787	34.357653	0	18	66	乡镇
320722103216	张桥村委会	118.914781	34.665546	1	80	100	政府机构
320707104211	新埠地村委会	118.911954	35.003269	0	18	35	乡镇
320722207200	四营村委会	119.099441	34.580259	1	80	100	政府机构
320722113216	南场头村委会	118.965520	34.470481	0	25	43	乡镇
320707114211	四新村委会	119.144639	34.783911	0	25	70	乡镇
320707108232	邵三庄村委会	119.103701	34.901883	0	18	49	乡镇
320724204208	万圩村委会	119.228619	34.094746	0	18	66	村庄
320724102223	浦东村委会	119.578347	34.268097	0	18	66	乡镇
320707103215	大港头村委会	119.096376	35.005135	0	18	66	乡镇
320722200204	前蔷薇村委会	118.857435	34.564438	0	18	49	村庄
320724109204	大园村委会	119.444240	34.048051	0	30	72	村庄
320723100215	向阳村委会	119.305103	34.321018	1	80	100	政府机构
320723102228	镇北村委会	119.460400	34.321530	0	30	72	村庄
320723110215	条河村委会	119.332140	34.261347	0	18	66	乡镇
320707100205	三新村委会	119.132815	34.816543	0	25	70	乡镇
320707110205	中青墩村委会	118.953058	34.844797	0	18	35	乡镇
320706018006	云海社区居委会	119.191667	34.578482	0	30	58	乡镇
320771002004	文明社区居委会	119.241174	34.671594	1	80	100	政府机构
320706104202	半滩村委会	119.092666	34.640093	0	18	40	乡镇
320722200212	鲁兰村委会	118.857435	34.564438	0	18	40	村庄
320707103203	石埠村委会	119.096376	35.005135	0	18	66	乡镇
320723110203	韩圩村委会	119.332140	34.261347	0	18	66	乡镇
320723104240	兴高村委会	119.415450	34.416729	0	25	47	乡镇
320723100203	郑庄村委会	119.236030	34.297009	0	30	72	村庄
320771001002	魏庵社区居委会	119.347958	34.701722	0	50	67	工业园区
320724109212	清泉村委会	119.428762	34.063695	0	18	66	乡镇
320706018010	玉带社区居委会	119.183258	34.578770	1	80	100	政府机构
320707110213	东大坊村委会	118.960159	34.853411	0	60	80	UNKNOWN
320722203202	连汪村委会	118.565028	34.669907	0	18	40	村庄
320722107214	坡林村委会	118.713845	34.638476	0	18	66	乡镇
320707100213	大沟南村委会	119.088940	34.821711	0	30	72	村庄
320706104214	潘圩村委会	119.092666	34.640093	0	18	66	乡镇
320722110210	阳街村委会	118.564014	34.476496	0	18	40	乡镇
320707109209	马圩村委会	118.852992	34.867879	0	16	65	乡镇
320722204206	黑埠村委会	118.470956	34.612322	0	18	40	乡镇
320707107217	倪林村委会	118.953612	34.949237	0	18	66	乡镇
320707100028	东沙社区居委会	119.132815	34.816543	0	25	70	乡镇
320706014208	新圩村委会	119.259303	34.534418	0	18	49	乡镇
320724101225	浦三村委会	119.702565	34.351375	0	16	38	乡镇
320723104217	金跳村委会	119.415450	34.416729	0	25	47	乡镇
320706103210	大团村委会	119.318990	34.493501	0	30	72	村庄
320707108224	司坞村委会	119.103701	34.901883	0	18	40	乡镇
320707114207	邵庄村委会	119.138710	34.800071	0	30	72	村庄
320722113200	虎山村委会	118.900150	34.483101	0	30	72	村庄
320706009206	后关村委会	119.299289	34.618450	0	18	66	乡镇
320707104207	东康邑村委会	118.911954	35.003269	0	18	35	乡镇
320722103200	新联村委会	118.934772	34.676278	0	18	66	乡镇
320706100200	刘顶村委会	119.143862	34.525719	0	18	66	乡镇
320771003204	张庄村委会	119.309440	34.669420	0	30	72	村庄
320723212247	五户村委会	119.133032	34.266740	0	18	40	村庄
320707115251	刘圩村委会	119.003210	34.755550	0	30	72	村庄
320722104228	石梁河村委会	118.865847	34.760313	0	50	73	UNKNOWN
320707101212	夏家沟村委会	119.214846	35.086426	0	18	66	乡镇
320724108213	大南村委会	119.533890	34.059299	0	25	70	乡镇
320707102202	范庄村委会	119.163061	35.022980	0	18	66	乡镇
320722105205	青新村委会	118.833114	34.671707	0	25	70	乡镇
320707112202	高岭村委会	119.033870	34.825950	0	30	72	村庄
320722203500	李埝林场生活区	118.566190	34.657609	0	25	70	UNKNOWN
320723106206	永兴村委会	119.528920	34.463799	0	30	72	村庄
320723103004	海滨社区居委会	119.777315	34.446641	0	20	67	乡镇
320724101209	刘庄村委会	119.752590	34.352051	0	30	72	村庄
320723102245	曙光村委会	119.443749	34.366001	0	30	72	村庄
320723108218	德兴村委会	119.343787	34.357653	0	18	66	乡镇
320707100004	跃进社区居委会	119.119070	34.829499	1	80	100	政府机构
320707105206	赤涧二村委会	119.035458	34.998157	0	18	40	乡镇
320707115206	城子村委会	118.957410	34.713851	0	30	72	村庄
320707109225	窦洪爽村委会	118.852992	34.867879	0	16	38	乡镇
320722112201	库北村委会	118.846939	34.494741	0	30	58	UNKNOWN
320723100014	昌和社区居委会	119.247029	34.322358	0	18	49	乡镇
320723105216	三队村委会	119.521708	34.405314	0	18	66	乡镇
320706102211	沙杭村委会	119.139060	34.440901	0	25	47	乡镇
320724100224	郝圩村委会	119.329041	34.101278	0	18	66	乡镇
320724102219	七圩村委会	119.578347	34.268097	0	18	40	乡镇
320722101211	徐圩村委会	118.933154	34.573807	0	18	66	乡镇
320707106216	龙北村委会	119.167287	34.981391	0	30	72	村庄
320722205207	水库村委会	118.652350	34.491545	0	18	66	村庄
320722111211	峰南村委会	118.729618	34.369060	0	18	66	乡镇
320707108208	藕埃村委会	119.103701	34.901883	0	18	40	乡镇
320707116216	刁疃村委会	119.078031	34.721904	0	18	40	乡镇
320723102253	潮河村委会	119.450419	34.304568	0	18	66	乡镇
320723106210	海堤村委会	119.575074	34.444589	0	18	40	乡镇
320723001208	厉荡村委会	119.207089	34.244901	0	30	58	UNKNOWN
320722112217	贺村村委会	118.846603	34.432277	0	18	66	乡镇
320707109233	太平村委会	118.852992	34.867879	0	16	65	乡镇
320707115210	西颜庄村委会	118.959694	34.756858	0	16	65	乡镇
320722206201	薛埠村委会	118.767970	34.449550	0	30	72	村庄
320707105210	岭南村委会	119.035458	34.998157	0	18	66	乡镇
320707100012	青下社区居委会	119.133226	34.842812	1	80	100	政府机构
320724100232	陈庄村委会	119.370950	34.174250	0	30	72	村庄
320706102207	四里村委会	119.139060	34.440901	0	25	70	乡镇
320723100002	镇西社区居委会	119.247029	34.322358	0	18	66	乡镇
320771001203	东巷村委会	119.359668	34.675995	1	80	100	政府机构
320707116200	新城村委会	119.049570	34.711309	0	30	72	村庄
320722111207	马圩村委会	118.729618	34.369060	0	18	66	乡镇
320707106200	海前村委会	119.190700	34.958852	0	25	70	乡镇
320722101207	城后村委会	118.933154	34.573807	0	18	66	乡镇
320703401409	山南管理区社区	119.388021	34.548574	1	70	88	UNKNOWN
320706100001	东山社区居委会	119.143862	34.525719	0	18	66	乡镇
320706019007	公园社区居委会	119.175799	34.598801	1	80	100	政府机构
320707101204	东林子村委会	119.262285	35.082571	1	80	100	政府机构
320707115247	西胜村委会	118.959694	34.756858	0	16	65	乡镇
320724108205	曹吴庄村委会	119.576540	34.090871	0	30	72	村庄
320707112214	高庄村委会	119.004702	34.817560	0	30	72	村庄
320707110229	玉河村委会	118.941573	34.831345	0	30	72	村庄
320722105213	尚庄村委会	118.867770	34.653949	0	30	72	村庄
320707102214	柳树底村委会	119.163061	35.022980	0	18	66	乡镇
320724108204	项圩村委会	119.533890	34.059299	0	25	70	乡镇
320707110228	杨门河村委会	118.953058	34.844797	0	18	35	乡镇
320707112215	马朱孟村委会	119.029414	34.835031	0	18	40	乡镇
320707102215	九里村委会	119.163061	35.022980	0	18	66	乡镇
320722105212	小屯村委会	118.880070	34.643759	0	30	72	村庄
320706019006	贾圩社区居委会	119.180919	34.598921	1	80	100	政府机构
320707101205	中林子村委会	119.214846	35.086426	0	18	66	乡镇
320707115246	泰和村委会	119.016470	34.794621	0	30	72	村庄
320724100233	大吴村委会	119.357600	34.163729	0	30	72	村庄
320706102206	新坝村委会	119.140412	34.440303	1	80	100	政府机构
320723100003	西门社区居委会	119.247029	34.322358	0	18	66	乡镇
320771001202	江庄村委会	119.383027	34.684917	1	80	100	政府机构
320707116201	新生村委会	119.077179	34.751068	0	30	72	村庄
320722205210	尤塘村委会	118.682362	34.524940	1	80	100	政府机构
320707106201	海后村委会	119.190700	34.958852	0	25	47	乡镇
320703401408	西洋管理区社区	119.388021	34.548574	1	70	88	UNKNOWN
320723102252	三图村委会	119.450419	34.304568	0	18	66	乡镇
320723106211	界圩村委会	119.575074	34.444589	0	18	40	乡镇
320723001209	常荡村委会	119.233064	34.244746	0	18	40	乡镇
320707109232	石门头村委会	118.852992	34.867879	0	16	65	乡镇
320707115211	联合村委会	118.947670	34.723180	0	30	72	村庄
320722112216	陶墩村委会	118.846603	34.432277	0	18	66	乡镇
320722206200	兴西村委会	118.780510	34.436021	0	30	72	村庄
320707105211	谭湖村委会	119.035458	34.998157	0	18	66	乡镇
320707100013	中心社区居委会	119.132815	34.816543	0	25	70	乡镇
320723100015	幸福社区居委会	119.247029	34.322358	0	18	66	乡镇
320706102210	墙匡村委会	119.139060	34.440901	0	25	47	乡镇
320723105217	中心村委会	119.513670	34.412351	0	30	72	村庄
320724102218	路北村委会	119.618770	34.281691	0	30	72	村庄
320724100225	于圩村委会	119.329041	34.101278	0	18	66	乡镇
320707106217	朱尹村委会	119.190700	34.958852	0	25	47	乡镇
320722101210	新元村委会	118.949903	34.574733	0	30	72	村庄
320722205206	贺庄村委会	118.652350	34.491545	0	18	66	村庄
320707108209	鱼落村委会	119.103701	34.901883	0	18	40	乡镇
320707116217	王疃村委会	119.078031	34.721904	0	18	40	乡镇
320722111210	六马村委会	118.729618	34.369060	0	18	66	乡镇
320723106207	周庄村委会	119.538133	34.481506	0	30	72	村庄
320724101208	九队村委会	119.702565	34.351375	0	16	65	乡镇
320723102244	长流村委会	119.450419	34.304568	0	18	66	乡镇
320723108219	大兴村委会	119.370130	34.307770	0	30	72	村庄
320707100005	工农社区居委会	119.132815	34.816543	0	25	70	乡镇
320707105207	赤涧三村委会	119.035458	34.998157	0	18	40	乡镇
320722112200	双岭村委会	118.887990	34.487470	0	30	72	村庄
320707115207	新建村委会	119.023140	34.664221	0	30	72	村庄
320707109224	圈洪爽村委会	118.852992	34.867879	0	16	38	乡镇
320724108212	盆窑村委会	119.533890	34.059299	0	25	70	乡镇
320703008006	海州湾社区居委会	119.345080	34.751929	0	25	55	乡镇
320722105204	青南村委会	118.833114	34.671707	0	25	70	乡镇
320707102203	大庄村委会	119.155545	35.058897	0	30	72	村庄
320707112203	店子村委会	119.043670	34.829620	0	30	72	村庄
320723212246	深沟村委会	119.133032	34.266740	0	18	66	村庄
320707115250	东单村委会	118.959694	34.756858	0	16	38	乡镇
320707101213	陡岭村委会	119.214846	35.086426	0	18	66	乡镇
320722104229	王埠村委会	118.863910	34.756850	0	25	70	乡镇
320722113201	秦范村委会	118.965520	34.470481	0	25	47	乡镇
320707108225	杨庄村委会	119.126490	34.893370	0	30	72	村庄
320707114206	刘郭村委会	119.144639	34.783911	0	25	47	乡镇
320706009207	前关村委会	119.299289	34.618450	0	18	66	乡镇
320722103201	前湾村委会	118.934772	34.676278	0	18	66	乡镇
320707104206	大树村委会	118.911954	35.003269	0	18	66	乡镇
320723109218	董庄村委会	119.562762	34.333772	0	18	40	乡镇
320724100209	吴圩村委会	119.286230	34.055849	0	30	72	村庄
320706100201	新海村委会	119.143862	34.525719	0	18	66	乡镇
320771003205	尹宋村委会	119.286030	34.681522	0	20	41	乡镇
320707109208	三清阁村委会	118.876366	34.872155	1	75	92	UNKNOWN
320722110211	阳春村委会	118.564014	34.476496	0	18	66	乡镇
320722204207	大贤庄村委会	118.470956	34.612322	0	18	35	乡镇
320707107216	王留村委会	118.953612	34.949237	0	18	40	乡镇
320706014209	新北村委会	119.264370	34.534481	0	30	72	村庄
320707100029	八总社区居委会	119.165178	34.871392	1	80	95	地产小区
320724101224	大塔村委会	119.677430	34.335961	0	30	72	村庄
320706103211	东辛村委会	119.285463	34.496266	0	18	66	乡镇
320723104216	徐庄村委会	119.422020	34.385819	0	30	72	村庄
320707110212	大沟头村委会	118.953058	34.844797	0	18	66	乡镇
320706018011	玉龙社区居委会	119.191667	34.578482	0	30	72	乡镇
320722203203	石寨村委会	118.598160	34.707081	0	30	72	村庄
320707100212	竹园村委会	119.088150	34.829651	0	30	72	村庄
320722107215	东连湾村委会	118.731840	34.682251	0	30	72	村庄
320706104215	新圩村委会	119.155230	34.617951	0	30	72	村庄
320722200213	杨大庄村委会	118.857435	34.564438	0	18	66	村庄
320707103202	徐福村委会	119.079077	35.002162	0	30	72	村庄
320723110202	兴春村委会	119.332140	34.261347	0	18	40	乡镇
320723104241	唐圩村委会	119.415450	34.416729	0	25	70	乡镇
320723100202	方徐村委会	119.247029	34.322358	0	18	66	乡镇
320771001003	焦庄社区居委会	119.347958	34.701722	0	50	67	工业园区
320724109213	孙庄村委会	119.458280	34.100640	0	30	72	村庄
320707100204	大庄村委会	119.132815	34.816543	0	25	55	乡镇
320706018007	新龙社区居委会	119.193319	34.585983	1	80	100	政府机构
320707110204	苏青墩村委会	118.953058	34.844797	0	18	35	乡镇
320771002005	振云社区居委会	119.236330	34.671170	0	60	87	地产小区
320706104203	浦北村委会	119.114004	34.662918	1	80	100	政府机构
320707103214	朱汪村委会	119.096376	35.005135	0	18	40	乡镇
320722200205	后蔷薇村委会	118.857435	34.564438	0	18	49	村庄
320706402008	临河社区居委会	119.015516	34.563441	0	18	49	UNKNOWN
320724109205	唐庄村委会	119.435090	34.058220	0	30	72	村庄
320723102229	五福庄村委会	119.450419	34.304568	0	18	40	乡镇
320723100214	桃垛村委会	119.287810	34.312639	0	30	58	UNKNOWN
320723110214	元邦村委会	119.332140	34.261347	0	18	40	乡镇
320707104210	富林村委会	118.911954	35.003269	0	18	66	乡镇
320722103217	时湖村委会	118.934772	34.676278	0	18	40	乡镇
320722207201	七里桥村委会	119.049991	34.500469	0	25	70	村庄
320707114210	沙口村委会	119.144639	34.783911	0	25	70	乡镇
320707108233	柳湖村委会	119.103701	34.901883	0	18	66	乡镇
320722113217	大顾村委会	118.965520	34.470481	0	25	70	乡镇
320724204209	中心村委会	119.217680	34.077610	0	30	72	村庄
320724102222	李二圩村委会	119.586750	34.274159	0	30	58	UNKNOWN
320707107200	土城村委会	118.953612	34.949237	0	18	66	乡镇
320722204211	西岭村委会	118.470956	34.612322	0	18	66	乡镇
320722110207	陈西村委会	118.529840	34.488460	0	30	72	村庄
320706103207	永平村委会	119.285463	34.496266	0	18	66	乡镇
320723108223	张庄村委会	119.260870	34.364191	0	30	72	村庄
320724100004	镇郊社区居委会	119.359869	34.083522	0	50	82	UNKNOWN
320724105206	前圩村委会	119.468635	34.179704	0	18	66	乡镇
320707101209	盘古岭村委会	119.214846	35.086426	0	18	66	乡镇
320722104233	兴辰村委会	118.863910	34.756850	0	25	47	乡镇
320706017014	文昌社区居委会	119.205962	34.615423	0	25	70	乡镇
320724108208	杨桥村委会	119.493060	34.042868	1	80	100	政府机构
320724106216	大丰村委会	119.293069	34.157878	0	30	72	村庄
320722002206	新庄村委会	118.794710	34.574350	0	30	72	村庄
320707102219	大沙村委会	119.163061	35.022980	0	18	66	乡镇
320707112219	袁望仙河村委会	119.029414	34.835031	0	18	32	乡镇
320707110224	塔林村委会	118.953058	34.844797	0	18	66	乡镇
320723104220	头队村委会	119.415450	34.416729	0	25	47	乡镇
320724101212	王庄村委会	119.749820	34.335061	0	30	72	村庄
320723108203	长春村委会	119.369880	34.388830	0	30	72	村庄
320707107220	官庄村委会	118.944975	34.918778	0	30	72	村庄
320703001006	西园社区居委会	119.366497	34.742000	0	25	70	乡镇
320703004204	黄崖村委会	119.374190	34.703490	0	25	70	乡镇
320723001205	季窑村委会	119.261030	34.282961	0	30	58	UNKNOWN
320723107230	下坊村委会	119.113788	34.379936	0	18	66	乡镇
320724102202	二图村委会	119.578347	34.268097	0	18	66	乡镇
320703401404	镇东管理区社区	119.460425	34.633284	0	14	37	区县
320706010010	万润社区居委会	119.254115	34.650731	0	16	65	区县
320707108213	东官庄村委会	119.103701	34.901883	0	18	66	乡镇
320723108215	彭渡村委会	119.305830	34.416989	0	30	72	村庄
320724101204	刘集村委会	119.702565	34.351375	0	16	65	乡镇
320723102248	元兴村委会	119.450419	34.304568	0	18	66	乡镇
320723104236	五里村委会	119.415450	34.416729	0	25	70	乡镇
320723001213	吴王村委会	119.233064	34.244746	0	18	49	乡镇
320707109228	欢墩埠村委会	118.846356	34.815725	1	80	100	政府机构
320703001010	桃园社区居委会	119.366497	34.742000	0	25	70	乡镇
320707100009	黄海社区居委会	119.136192	34.844067	1	80	100	政府机构
320724100229	东王村委会	119.389690	34.155091	0	30	72	村庄
320724102214	田楼村委会	119.578347	34.268097	0	18	66	乡镇
320723107226	范庄村委会	119.113788	34.379936	0	18	66	乡镇
320722113221	汤庄村委会	118.790557	34.498733	1	80	100	政府机构
320707108205	柳树村委会	119.103701	34.901883	0	18	66	乡镇
320722103221	西埠村委会	118.934772	34.676278	0	18	66	乡镇
320706010006	同兴社区居委会	119.254115	34.650731	0	16	65	区县
320703401412	西陬管理区社区	119.388021	34.548574	1	70	88	UNKNOWN
320722001200	牛山村委会	118.779540	34.508051	0	30	72	村庄
320724105210	新河村委会	119.464310	34.193510	0	30	72	村庄
320722108206	西池村委会	118.582271	34.608078	0	18	66	乡镇
320703005004	程圩社区居委会	119.378220	34.490101	0	30	72	UNKNOWN
320706017002	巨龙社区居委会	119.205962	34.615423	0	25	55	乡镇
320722104225	贾庄村委会	118.801130	34.740790	0	30	72	村庄
320722002210	东安村委会	118.757560	34.607429	0	30	72	村庄
320724106200	沈庄村委会	119.251060	34.180980	0	30	72	村庄
320707110232	祥河村委会	118.953058	34.844797	0	18	40	乡镇
320722105208	河口村委会	119.097741	34.684911	1	80	100	政府机构
320707100025	杨坨社区居委会	119.168668	34.866455	0	60	87	地产小区
320706014205	太平村委会	119.259303	34.534418	0	18	66	乡镇
320703003001	胜利社区居委会	119.426516	34.730339	0	25	70	乡镇
320722112220	大穆村委会	118.846603	34.432277	0	18	66	乡镇
320707115227	赤金村委会	118.959694	34.756858	0	16	38	乡镇
320707109204	新集村委会	118.852992	34.867879	0	16	65	乡镇
320723212231	东园村委会	119.103020	34.332330	0	30	72	村庄
320724101228	平桥村委会	119.702565	34.351375	0	16	65	乡镇
320707108229	古河套村委会	119.103701	34.901883	0	18	40	乡镇
320724204213	同兴村委会	119.259470	34.103951	0	30	72	村庄
320723105237	兴四村委会	119.521708	34.405314	0	18	40	乡镇
320724100205	曹庄村委会	119.331210	34.091681	0	30	72	村庄
320723109214	许大沟村委会	119.543190	34.359680	0	30	72	村庄
320723102233	学田村委会	119.450419	34.304568	0	18	66	乡镇
320724107201	大同村委会	119.180970	34.110670	0	30	72	村庄
320722107219	西晓庄村委会	118.696931	34.627999	0	30	58	村庄
320706016003	蔷薇社区居委会	119.156751	34.608084	0	30	58	乡镇
320706013201	洪门村委会	119.126106	34.580950	1	80	100	政府机构
320722109207	皇城村委会	118.472113	34.493279	0	16	65	乡镇
320706006003	镇海社区居委会	119.158221	34.585477	1	80	100	政府机构
320706404200	许庄村委会	119.191241	34.558901	1	80	100	政府机构
320723209216	盐西村委会	119.219006	34.428701	0	18	40	村庄
320706104219	龙浦村委会	119.064558	34.641623	1	80	100	政府机构
320724104211	南闸村委会	119.285120	34.205159	0	30	72	村庄
320706402004	高桥社区居委会	119.015516	34.563441	0	18	66	UNKNOWN
320722200209	下湾村委会	118.857435	34.564438	0	18	66	村庄
320707103218	黄泥埃村委会	119.096376	35.005135	0	18	35	乡镇
320723110218	封庄村委会	119.332140	34.261347	0	18	66	乡镇
320723100218	港西村委会	119.247029	34.322358	0	18	66	乡镇
320723102225	城东村委会	119.461310	34.313180	0	30	72	村庄
320724109209	新南村委会	119.451888	33.993715	0	30	72	村庄
320707110208	东刘夫村委会	118.953058	34.844797	0	18	35	乡镇
320772003007	东河社区居委会	119.222000	34.596600	0	12	34	城市
320723402400	路南管理区社区	119.672061	34.445021	0	16	47	UNKNOWN
320707100208	陈沟南村委会	119.132815	34.816543	0	25	70	乡镇
320724104207	龙兴村委会	119.302200	34.175869	0	30	72	村庄
320723209200	董集村委会	119.219006	34.428701	0	18	66	村庄
320707109212	泉子坡村委会	118.852992	34.867879	0	16	65	乡镇
320707115231	小埠村委会	118.939650	34.774069	0	30	72	村庄
320772001201	新村村委会	119.248959	34.651649	1	80	100	政府机构
320707100033	刁庄社区居委会	119.132815	34.816543	0	25	55	乡镇
320724103203	安淋村委会	119.412272	34.206212	0	18	40	乡镇
320723212227	龙昌村委会	119.133032	34.266740	0	18	66	村庄
320707116221	朝阳村委会	119.108450	34.757289	0	30	72	村庄
320706012001	文化社区居委会	119.139077	34.578628	0	30	72	乡镇
320707106221	大官庄村委会	119.190700	34.958852	0	25	70	乡镇
320723109202	七道沟村委会	119.562762	34.333772	0	18	66	乡镇
320722001001	牛山居委会	118.768263	34.519055	1	80	100	政府机构
320724100213	大胜村委会	119.373322	34.039550	0	30	72	村庄
320723105221	腰南村委会	119.521708	34.405314	0	18	49	乡镇
320724204205	和兴村委会	119.228619	34.094746	0	18	66	村庄
