340323101203	五铺村委会	117.474159	33.105988	0	18	40	乡镇
340323104001	刘集居委会	117.484882	33.250505	1	80	100	政府机构
340322100006	文昌社区居委会	117.850479	33.155799	0	25	70	乡镇
340322105204	大吴村委会	117.743320	33.158870	0	30	72	村庄
340302100205	陈郢村委会	117.481336	32.938850	0	18	66	乡镇
340311103205	天宇村委会	117.296016	33.007787	0	18	40	乡镇
340304198002	秀水社区	117.339304	32.921595	0	25	70	乡镇
340323102213	高光村委会	117.380319	33.141084	0	18	40	乡镇
340321109204	李桥村委会	117.010544	32.794669	1	80	100	政府机构
340371400400	高新技术开发区管委会社区	117.269924	32.828933	0	16	65	乡镇
340322106214	沱河村委会	117.631891	33.243369	0	16	65	乡镇
340372009200	戴湖村委会	117.365549	32.904018	0	30	51	乡镇
340311100215	徐岗村委会	117.322008	32.976110	0	20	67	乡镇
340323105217	三义村委会	117.206190	33.423041	0	18	66	乡镇
340323100015	张洪居委会	117.292680	33.258191	0	30	72	UNKNOWN
340303201002	沈圩社区居民委员会	117.392000	32.933131	0	40	51	村庄
340323201201	安圩村委会	117.256516	33.258925	0	18	66	村庄
340322101210	沈塘村委会	117.766289	33.065359	0	18	66	乡镇
340322111210	肖许刘村委会	117.660360	33.084930	0	25	47	乡镇
340302200207	曹巷村委会	117.456831	32.874901	0	18	49	村庄
340323103005	楼底居委会	117.349340	33.206331	0	30	72	UNKNOWN
340323106207	路庙村委会	117.135373	33.332483	0	18	66	乡镇
340323202211	张秦村委会	117.327103	33.424239	0	18	40	村庄
340311104201	大柏村委会	117.532841	33.031697	0	18	66	乡镇
340322112200	甄集村委会	117.757719	33.230383	0	18	40	乡镇
340323201217	孙浅村委会	117.256516	33.258925	0	18	40	村庄
340323100003	固东居委会	117.379820	33.368874	0	16	47	乡镇
340323105201	清凉村委会	117.257506	33.465614	1	80	100	政府机构
340321110208	吴桥村委会	117.056830	32.889481	0	30	72	村庄
340321401400	怀远县经济开发区社区	117.202716	32.956504	1	80	97	UNKNOWN
340322111206	白徐村委会	117.662950	33.101290	0	30	58	UNKNOWN
340302200211	贾庵村委会	117.456831	32.874901	0	18	66	村庄
340322101206	三岔村委会	117.766289	33.065359	0	18	66	乡镇
340323202207	封寺村委会	117.318115	33.446295	1	80	100	政府机构
340321103218	大成村委会	116.896970	33.011849	0	30	72	村庄
340321101225	余庙村委会	117.113156	33.237485	1	80	100	政府机构
340323106211	位庙村委会	117.135373	33.332483	0	18	40	乡镇
340322112216	黄李村委会	117.757719	33.230383	0	18	66	乡镇
340311104217	曹顾张村委会	117.532841	33.031697	0	18	40	乡镇
340323200001	石湖居委会	117.431984	33.312430	1	80	100	政府机构
340303200202	田荣村委会	117.359639	32.857823	0	18	40	村庄
340322201204	前坂村委会	117.630202	32.944595	0	18	66	乡镇
340302100213	高郢村委会	117.481336	32.938850	0	18	66	乡镇
340322105212	钟杨村委会	117.700389	33.178612	0	18	66	乡镇
340322100010	王洼社区居委会	117.850479	33.155799	0	25	55	乡镇
340321100033	新城社区居委会	117.199237	32.992191	0	18	66	乡镇
340323102205	黄圩村委会	117.339740	33.188731	0	30	72	村庄
340321109212	耿集村委会	116.933653	32.812852	1	80	100	政府机构
340311100203	赵宋村委会	117.322008	32.976110	0	20	41	乡镇
340322106202	卢圩村委会	117.631891	33.243369	0	16	38	乡镇
340372009001	银河社区居委会	117.365549	32.904018	0	30	72	乡镇
340321112219	水海村委会	117.151860	33.097532	0	18	40	乡镇
340321102219	钮湾村委会	116.904137	33.119002	0	18	40	乡镇
340322100207	胜淮村委会	117.850479	33.155799	0	25	47	乡镇
340302100004	东站居委会	117.481336	32.938850	0	18	66	乡镇
340322110207	小柳村委会	117.979470	33.110339	0	30	72	村庄
340323101002	镇北居委会	117.465094	33.104102	1	80	100	政府机构
340321111209	尤家村委会	116.817320	33.295280	0	30	72	村庄
340323104200	杨湖村委会	117.289235	33.113842	1	80	100	政府机构
340321101209	牌坊村委会	117.027832	33.024516	1	80	100	政府机构
340322107203	大方村委会	117.827660	33.092831	0	25	70	乡镇
340311101202	西门渡村委会	117.442574	32.972945	1	80	100	政府机构
340321108213	找母村委会	116.808129	32.940993	0	18	40	乡镇
340322104213	孙湖村委会	117.893745	33.214237	0	18	40	乡镇
340323100214	溧涧村委会	117.379820	33.368874	0	16	38	乡镇
340304100227	下洪村委会	117.209206	32.942849	1	80	100	政府机构
340372008201	邱桥村委会	117.393350	32.901181	0	30	72	村庄
340322107215	凌欧村委会	117.827660	33.092831	0	25	47	乡镇
340321104226	邹庙村委会	117.064347	32.773863	0	18	66	乡镇
340321108205	刘圩村委会	116.822850	32.946590	0	30	72	村庄
340311102204	南郢村委会	117.387357	33.046113	0	18	66	乡镇
340322104205	西尤村委会	117.893745	33.214237	0	18	35	乡镇
340372009017	碧水蓝天社区居委会	117.365549	32.904018	0	30	58	乡镇
340322103201	硖石村委会	117.944317	33.040221	0	18	66	乡镇
340323107206	刘祠村委会	117.524584	33.309009	0	18	66	乡镇
340322110211	胡庄村委会	118.044530	33.092330	0	30	72	村庄
340323200200	齐湖村委会	117.419188	33.308403	0	18	66	村庄
340303200003	燕南社区居民委员会	117.359639	32.857823	0	18	40	村庄
340321205209	高庙村委会	116.816080	33.039090	0	30	72	村庄
340323104216	夹河村委会	117.489325	33.250367	0	25	70	乡镇
340302001003	国富街居委会	117.370431	32.948769	0	50	82	道路
340321100029	新星社区居委会	117.199237	32.992191	0	18	66	乡镇
340304100211	西朱村民委员会	117.255360	32.895369	0	30	72	村庄
340321109208	石庙村委会	116.926099	32.863366	0	25	70	乡镇
340303005004	第四社区居委会	117.401029	32.933714	0	40	72	乡镇
340322108206	郭府村委会	117.678210	32.966670	1	80	95	UNKNOWN
340322106218	李庄村委会	117.551462	33.274658	1	80	100	政府机构
340303200218	仲集村委会	117.359639	32.857823	0	18	40	村庄
340321104206	永平岗村委会	117.077069	32.769768	1	80	100	政府机构
340321114206	蒲林村委会	117.063211	33.076844	1	80	100	政府机构
340311103209	吕巷村委会	117.296016	33.007787	0	18	66	乡镇
340302100209	司马村委会	117.447360	32.939930	0	30	72	村庄
340322105208	朱洼村委会	117.906595	33.306434	1	80	100	政府机构
340321103202	康郢村委会	117.205000	32.970100	0	14	29	区县
340321113202	大庙村委会	117.107430	32.978151	0	30	72	村庄
340372006004	上游街社区居委会	117.360051	32.934910	0	50	82	道路
340323100019	大楼居委会	117.379820	33.368874	0	16	65	乡镇
340321110212	老圩村委会	117.073927	32.890815	0	16	65	乡镇
340321113214	石山村委会	117.072350	32.938179	0	30	72	村庄
340323104220	柳赵村委会	117.489325	33.250367	0	25	55	乡镇
340304200205	九龙集村民委员会	117.289220	32.914071	0	30	72	UNKNOWN
340321103214	倪桥村委会	116.914161	33.014427	1	80	100	政府机构
340302005001	解三居委会	117.387946	32.945815	1	80	100	政府机构
340321110204	赵拐村委会	117.073927	32.890815	0	16	65	乡镇
340321100204	刘郢村委会	117.111787	32.967112	1	80	100	政府机构
340323102209	苏湖村委会	117.380319	33.141084	0	18	66	乡镇
340321107200	魏庄村委会	117.239689	33.103066	0	30	72	村庄
340304100207	禹会村民委员会	117.238929	32.914931	0	18	66	乡镇
340321114210	燕集村委会	117.055433	33.026155	0	18	40	乡镇
340321104210	新桥村委会	117.040240	32.748731	0	30	72	村庄
340322201208	黄咀村委会	117.630202	32.944595	0	18	66	乡镇
340321101205	潘圩村委会	117.124831	33.189092	0	25	70	乡镇
340321205213	梨园村委会	116.844707	33.046312	0	30	72	村庄
340321111205	龙徐村委会	116.861417	33.232845	0	18	40	乡镇
340321102215	汪彭村委会	116.904137	33.119002	0	18	40	乡镇
340321206203	联合村委会	116.911319	32.975055	0	30	72	村庄
340323100023	七里居委会	117.379820	33.368874	0	16	65	乡镇
340323105221	欧圩村委会	117.206190	33.423041	0	18	66	乡镇
340321112215	潘新村委会	117.151860	33.097532	0	18	66	乡镇
340302003004	治淮二村居委会	117.376202	32.950770	1	80	100	政府机构
340321201207	邵楼村委会	117.035749	33.137211	0	18	66	村庄
340321115211	永佛村委会	117.069690	33.207809	0	30	72	村庄
340321106201	双李村委会	116.915771	33.251797	0	25	70	乡镇
340304101206	岗李村委会	117.173366	32.826142	0	18	66	乡镇
340321113003	文昌社区居委会	117.097227	32.973925	0	18	66	乡镇
340323103208	禹庙村委会	117.320228	33.234509	0	18	40	乡镇
340322104209	刘蔡村委会	117.893745	33.214237	0	18	40	乡镇
340311102208	周集村委会	117.387357	33.046113	0	18	66	乡镇
340321115207	大沟村委会	116.852709	33.143739	1	80	100	政府机构
340321201211	陈庄村委会	117.005470	33.128870	0	30	72	村庄
340321100005	引凤社区居委会	117.199237	32.992191	0	18	66	乡镇
340322109207	朱圩村委会	117.894292	33.291115	0	18	66	乡镇
340321108209	砖桥村委会	116.795850	32.965790	0	30	72	村庄
340321113015	光明社区居委会	117.097227	32.973925	0	18	66	乡镇
340304101210	贡姚村委会	117.173366	32.826142	0	18	49	乡镇
340321106217	古阳村委会	116.915771	33.251797	0	25	47	乡镇
340311104221	洼张村委会	117.532841	33.031697	0	18	66	乡镇
340321111213	项集村委会	116.861417	33.232845	0	18	66	乡镇
340321205205	白湖村委会	116.826188	33.066486	0	18	66	村庄
340321101213	南严村委会	117.124831	33.189092	0	25	55	乡镇
340321112203	桥口村委会	117.192615	33.110566	1	80	100	政府机构
340321102203	淝河村委会	116.904137	33.119002	0	18	40	乡镇
340323201221	乔圩村委会	117.263390	33.191169	1	80	100	政府机构
340372007004	迎湖社区居委会	117.397499	32.921817	0	40	72	乡镇
340321112202	合淝村委会	117.151860	33.097532	0	18	40	乡镇
340321102202	韩庙村委会	116.904137	33.119002	0	18	66	乡镇
340323201220	澥南村委会	117.256516	33.258925	0	18	49	村庄
340311104220	石王村委会	117.532841	33.031697	0	18	66	乡镇
340321111212	池庙村委会	116.861417	33.232845	0	18	40	乡镇
340321205204	永红村委会	116.826188	33.066486	0	18	66	村庄
340321101212	陈圩村委会	117.060855	33.078779	1	80	100	政府机构
340322109206	龙岗村委会	117.936099	33.323233	1	80	100	政府机构
340303004004	红旗社区居委会	117.355550	32.921160	0	30	72	道路
340321108208	刘楼村委会	116.832580	32.939449	0	30	72	村庄
340321113014	荆山社区居委会	117.097227	32.973925	0	18	66	乡镇
340321106216	前进村委会	116.941435	33.164737	0	30	72	村庄
340304101211	张湾村委会	117.173366	32.826142	0	18	66	乡镇
340322104208	白墩村委会	117.893745	33.214237	0	18	66	乡镇
340311102209	淝光村委会	117.387357	33.046113	0	18	40	乡镇
340321115206	陈二村委会	117.051072	33.238975	0	18	40	乡镇
340321201210	太平村委会	117.035749	33.137211	0	18	66	村庄
340304101207	黄庙村委会	117.173366	32.826142	0	18	66	乡镇
340321106200	双桥村委会	116.994733	32.828484	1	80	100	政府机构
340321113002	顺河社区居委会	117.097227	32.973925	0	18	66	乡镇
340321201206	三关村委会	117.035749	33.137211	0	18	66	村庄
340321115210	瓦三村委会	117.051072	33.238975	0	18	40	乡镇
340302004001	地委宿舍居委会	117.380001	32.948403	1	75	95	地产小区
340321102214	新街村委会	116.887107	33.107906	1	80	100	政府机构
340321206202	梅郢村委会	117.166755	32.958138	1	80	100	政府机构
340323100022	五里井居委会	117.379820	33.368874	0	16	65	乡镇
340323105220	泰山村委会	117.236610	33.371290	0	30	72	村庄
340321112214	草寺村委会	117.128268	33.022008	1	80	100	政府机构
340321101204	罗元村委会	117.124831	33.189092	0	25	70	乡镇
340321205212	黄园村委会	116.848300	33.021820	0	30	72	村庄
340321111204	叶刘村委会	116.793259	32.912642	1	80	100	政府机构
340321114211	燕南村委会	117.055433	33.026155	0	18	66	乡镇
340321104211	集西村委会	117.064347	32.773863	0	18	66	乡镇
340322201209	十里城村委会	117.583470	32.944862	0	30	72	村庄
340323102208	韦店村委会	117.380319	33.141084	0	18	66	乡镇
340304100206	前郢村民委员会	117.161720	32.978541	0	30	72	UNKNOWN
340321107201	年庙村委会	117.258315	33.092182	0	18	40	乡镇
340321110205	新庄村委会	117.022392	32.929647	1	80	100	政府机构
340321100205	高皇村委会	117.199237	32.992191	0	18	40	乡镇
340321113215	白莲坡村委会	117.062673	33.175767	1	80	100	政府机构
340323104221	水上村委会	117.489325	33.250367	0	25	55	乡镇
340304200204	黄山村民委员会	117.305420	32.902830	0	30	72	村庄
340321103215	永济村委会	116.979970	33.033861	0	25	47	乡镇
340323100018	刘庄居委会	117.379820	33.368874	0	16	65	乡镇
340321110213	草庙村委会	117.045020	32.853591	0	30	72	村庄
340321103203	余大郢村委会	116.979970	33.033861	0	25	70	乡镇
340321113203	沈郢村委会	117.155943	32.996202	1	80	100	政府机构
340372006005	胜利五村社区居委会	117.381577	32.939826	1	80	95	地产小区
340321104207	孙大巷村委会	117.056837	32.793935	0	30	72	村庄
340321114207	丁集村委会	117.055433	33.026155	0	18	66	乡镇
340311103208	朱海村委会	117.296016	33.007787	0	18	40	乡镇
340302100208	仇岗村委会	117.481336	32.938850	0	18	40	乡镇
340322105209	凤凰村委会	117.673050	33.219969	0	30	72	村庄
340302001002	勤俭里居委会	117.366633	32.950928	0	40	58	乡镇
340321100028	何巷社区居委会	117.199237	32.992191	0	18	49	乡镇
340304100210	三尖塘村民委员会	117.238929	32.914931	0	18	49	乡镇
340321109209	赵圩村委会	117.082888	33.177270	1	80	100	政府机构
340303005005	南山郦都社区居民委员会	117.401029	32.933714	0	40	47	乡镇
340322108207	韩台村委会	117.687160	32.976130	0	30	72	村庄
340322106219	王周村委会	117.631891	33.243369	0	16	65	乡镇
340322110210	洪山村委会	118.029935	33.092605	0	30	72	村庄
340322100210	杨蓭村委会	117.850479	33.155799	0	25	47	乡镇
340323200201	丁巷村委会	117.428930	33.338810	0	30	72	村庄
340303200002	陈梁社区居民委员会	117.359639	32.857823	0	18	40	村庄
340321205208	宗庙村委会	116.774981	33.059919	0	30	58	村庄
340323104217	梁桥村委会	117.489325	33.250367	0	25	70	乡镇
340372009016	金新社区居委会	117.365549	32.904018	0	30	72	乡镇
340322103200	香庙村委会	117.944317	33.040221	0	18	66	乡镇
340323107207	邢圩村委会	117.553507	33.290328	1	80	100	政府机构
340311102205	曹郢村委会	117.387357	33.046113	0	18	66	乡镇
340322104204	双庙村委会	117.901314	33.222535	0	30	72	村庄
340323105001	车站居委会	117.206190	33.423041	0	18	66	乡镇
340303004008	和平社区居委会	117.355550	32.921160	0	30	72	道路
340372008200	纪郭村委会	117.406251	32.907431	0	25	47	乡镇
340322107214	单台村委会	117.827660	33.092831	0	25	47	乡镇
340321104227	杨圩村委会	117.037400	32.834940	0	30	72	村庄
340321108204	镇南村委会	116.853951	32.937475	0	30	72	村庄
340322104212	邓圩村委会	117.893745	33.214237	0	18	66	乡镇
340322200204	大岗村委会	117.839320	33.154570	0	25	70	村庄
340304100226	冷水村委会	117.238929	32.914931	0	18	66	乡镇
340323201001	杨庙居委会	117.242129	33.304024	1	80	100	政府机构
340322107202	花木王村委会	117.827660	33.092831	0	25	55	乡镇
340311101203	九台村委会	117.402620	32.991810	0	20	41	乡镇
340323103205	强楼村委会	117.391469	33.202756	1	80	100	政府机构
340321108212	关圩村委会	116.764463	32.932285	1	80	100	政府机构
340322100206	长淮村委会	117.850479	33.155799	0	25	47	乡镇
340321400400	场部居委会	116.873820	33.104951	0	50	73	UNKNOWN
340322110206	朱顶村委会	117.977931	33.098908	0	18	40	乡镇
340321111208	洄东村委会	116.861417	33.232845	0	18	40	乡镇
340323104201	沟拐村委会	117.489325	33.250367	0	25	70	乡镇
340321101208	双河村委会	117.165648	33.230690	0	30	72	村庄
340321112218	双路村委会	117.151860	33.097532	0	18	40	乡镇
340321102218	邵圩村委会	116.904137	33.119002	0	18	66	乡镇
340321100032	新怀社区居委会	117.203522	32.970964	1	80	100	政府机构
340323102204	黄庄村委会	117.359860	33.175660	0	30	72	村庄
340321109213	山前村委会	116.913900	32.861880	0	30	72	村庄
340372008406	天御华府居委会（筹备组）	117.406251	32.907431	0	25	55	乡镇
340311100202	吴庵村委会	117.380916	32.966657	0	25	55	旅游景点
340322106203	乔集村委会	117.631891	33.243369	0	16	65	乡镇
340303200203	定庵村委会	117.359639	32.857823	0	18	40	村庄
340322201205	后坂村委会	117.630202	32.944595	0	18	66	乡镇
340302100212	汪庙村委会	117.502981	32.932539	1	80	100	政府机构
340322100011	衡台社区居委会	117.899409	33.155600	1	80	100	政府机构
340323202206	刘圩村委会	117.327060	33.371630	0	30	72	村庄
340321101224	高皇村委会	117.124831	33.189092	0	25	47	乡镇
340321103219	杨湖村委会	116.871837	33.022019	1	80	100	政府机构
340323106210	周寨村委会	117.135373	33.332483	0	18	66	乡镇
340311104216	四铺村委会	117.581439	33.005851	0	18	52	乡镇
340323201216	陆郢村委会	117.256516	33.258925	0	18	66	村庄
340323100002	孟庄居委会	117.379820	33.368874	0	16	65	乡镇
340323105200	余张村委会	117.206190	33.423041	0	18	66	乡镇
340321110209	饶郢村委会	117.098390	32.897300	1	80	100	政府机构
340302200210	黄郢村委会	117.456831	32.874901	0	18	66	村庄
340322111207	桑庙村委会	117.658043	33.100409	1	80	100	政府机构
340322101207	赤龙村委会	117.766289	33.065359	0	18	66	乡镇
340323103004	马铺居委会	117.349733	33.260189	1	80	97	政府机构
340323106206	旗王村委会	117.135373	33.332483	0	18	49	乡镇
340371400006	绿地世纪城社区居委会	117.300024	32.908236	0	40	77	地产小区
340323202210	耿武村委会	117.327103	33.424239	0	18	40	村庄
340322112201	南欧村委会	117.757719	33.230383	0	18	40	乡镇
340311104200	沫河口村委会	117.532841	33.031697	0	18	40	乡镇
340372006009	体育场社区居委会	117.360399	32.931666	0	25	70	乡镇
340323105216	车湖村委会	117.206190	33.423041	0	18	66	乡镇
340323100014	浍河居委会	117.319352	33.309196	1	80	100	政府机构
340303201003	烟墩社区居民委员会	117.392000	32.933131	0	40	51	村庄
340323201200	安集村委会	117.256516	33.258925	0	18	40	村庄
340322101211	马桥村委会	117.719580	33.093420	0	30	72	村庄
340302200206	红塔村委会	117.456831	32.874901	0	18	66	村庄
340322111211	李庄村委会	117.604050	33.080850	0	30	72	村庄
340323102212	水利村委会	117.371580	33.139119	0	30	72	村庄
340321109205	李圩村委会	116.991501	33.039514	1	80	100	政府机构
340322106215	蒋集村委会	117.672082	33.008582	1	80	100	政府机构
340311100214	卢小庙村委会	117.301784	32.967321	0	30	72	村庄
340323101202	南屯村委会	117.470800	33.079091	0	30	72	村庄
340303200215	机场新村村委会	117.359639	32.857823	0	18	40	村庄
340322100007	顺河社区居委会	117.850479	33.155799	0	25	70	乡镇
340322105205	下黄村委会	117.700389	33.178612	0	18	66	乡镇
340302100204	淮上村委会	117.481336	32.938850	0	18	40	乡镇
340311103204	大岗村委会	117.296016	33.007787	0	18	66	乡镇
340304198003	喜迎门社区	117.332836	32.899759	1	80	100	地产小区
340304100217	仁和村民委员会	117.306640	32.843940	0	30	72	村庄
340321107210	蒋湖村委会	117.258315	33.092182	0	18	40	乡镇
340303005002	第二社区居委会	117.401029	32.933714	0	40	72	乡镇
340322108200	大新村委会	117.703070	33.008551	0	30	72	地产小区
340321114200	双沟村委会	117.042647	33.032975	1	80	100	政府机构
340323101209	新河村委会	117.457834	33.146528	0	30	72	村庄
340321104200	常坟村委会	117.064347	32.773863	0	18	66	乡镇
340304198008	锦绣社区	117.322781	32.928935	1	75	100	地产小区
340321113204	牛王村委会	117.097227	32.973925	0	18	66	乡镇
340321103204	唐店村委会	116.979970	33.033861	0	25	70	乡镇
340321110214	丁淮村委会	117.073927	32.890815	0	16	38	乡镇
340321103212	葛山村委会	116.997460	33.035670	0	30	72	村庄
340302005007	建新居委会	117.386472	32.949351	1	80	100	政府机构
340321113212	滨湖村委会	117.097227	32.973925	0	18	49	乡镇
340321100202	魏郢村委会	117.100520	32.969160	1	80	100	政府机构
340323100009	垓下居委会	117.316690	33.324862	1	80	100	政府机构
340321110202	上桥村委会	117.128230	32.920000	0	30	72	村庄
340321107206	马厂村委会	117.220354	33.090057	1	80	100	政府机构
340304100201	广德村民委员会	117.238929	32.914931	0	18	49	乡镇
340321109218	汪街村委会	116.926099	32.863366	0	25	47	乡镇
340311100209	果园村委会	117.329320	32.968280	0	30	72	村庄
340322106208	前梁村委会	117.570790	33.192540	0	30	72	村庄
340321104216	拐集村委会	117.064347	32.773863	0	18	66	乡镇
340303200208	王巷村委会	117.359639	32.857823	0	18	66	村庄
340302002003	胜利四村居委会	117.381894	32.940218	1	80	100	政府机构
340321114216	徐湾村委会	117.055433	33.026155	0	18	66	乡镇
340321111203	张娄村委会	116.861417	33.232845	0	18	40	乡镇
340321101203	滕元村委会	117.124831	33.189092	0	25	47	乡镇
340321206205	红光村委会	116.923460	32.945151	0	30	72	村庄
340321112213	新化村委会	117.130720	33.129671	1	80	100	政府机构
340323100025	城西居委会	117.379820	33.368874	0	16	65	乡镇
340321102213	王大郢村委会	116.904137	33.119002	0	18	40	乡镇
340321201201	马路村委会	117.035749	33.137211	0	18	66	村庄
340302003002	延安路居委会	117.373999	32.950855	0	40	72	乡镇
340302006200	幸福村村委会	117.413237	32.954826	1	80	100	政府机构
340322107209	薛林村委会	117.827660	33.092831	0	25	47	乡镇
340321113005	老西门社区居委会	117.097227	32.973925	0	18	66	乡镇
340321106207	赵集村委会	116.915771	33.251797	0	25	70	乡镇
340304101200	马城村委会	117.173366	32.826142	0	18	66	乡镇
340321115201	瓦四村委会	117.051072	33.238975	0	18	40	乡镇
340321201217	泗湖村委会	117.035749	33.137211	0	18	40	村庄
340322109201	老张村委会	117.894292	33.291115	0	18	66	乡镇
340303004003	朝阳社区居委会	117.355550	32.921160	0	30	72	道路
340322100020	十字岗社区居委会	117.850479	33.155799	0	25	47	乡镇
340304101216	叶姚村委会	117.173366	32.826142	0	18	49	乡镇
340321106211	赵圩村委会	117.082888	33.177270	1	80	100	政府机构
340321113013	卞和社区居委会	117.097227	32.973925	0	18	66	乡镇
340321101215	北严村委会	117.124831	33.189092	0	25	70	乡镇
340323106221	王洲村委会	117.135373	33.332483	0	18	66	乡镇
340321205203	陆湖村委会	116.826188	33.066486	0	18	40	村庄
340321102205	关庙村委会	116.904137	33.119002	0	18	66	乡镇
340321112205	古城村委会	117.144680	33.084189	0	30	72	村庄
340303200212	燕山村委会	117.359639	32.857823	0	18	66	村庄
340323101205	孙集村委会	117.509740	33.130240	0	30	72	村庄
340304198004	金域社区	117.339304	32.921595	0	25	70	乡镇
340311103203	苗台村委会	117.296016	33.007787	0	18	40	乡镇
340322105202	大王村委会	117.753830	33.175221	0	30	72	村庄
340302100203	长淮村委会	117.481336	32.938850	0	18	40	乡镇
340323102215	磨盘张村委会	117.383806	33.119720	1	80	100	政府机构
340321109202	翟陈村委会	116.926099	32.863366	0	25	47	乡镇
340311100213	王小沟村委会	117.296327	32.962339	1	80	100	政府机构
340322106212	姚韩村委会	117.631891	33.243369	0	16	38	乡镇
340321100218	大窑村委会	117.155480	33.000151	0	30	72	村庄
340323201207	姚王村委会	117.209290	33.345720	0	30	72	村庄
340323100013	站下居委会	117.311251	33.320481	1	80	100	政府机构
340321110218	瓦房村委会	116.998100	32.869210	0	30	72	村庄
340323105211	官沟村委会	117.206190	33.423041	0	18	66	乡镇
340322111216	沙湾村委会	117.660360	33.084930	0	25	70	乡镇
340302200201	黄巷村委会	117.457693	32.894888	1	80	100	政府机构
340321400201	潘湾村委会	116.945133	33.098275	1	80	100	政府机构
340321103208	街西村委会	116.979970	33.033861	0	25	70	乡镇
340323202217	沱南村委会	117.327103	33.424239	0	18	49	村庄
340323106201	杨圩村委会	117.163880	33.277521	0	30	72	村庄
340321113208	袁庄村委会	117.089425	32.934469	1	80	100	政府机构
340323401498	虚拟居委会	117.393503	33.116350	1	80	67	工业园区
340323103003	浍南居委会	117.320228	33.234509	0	18	49	乡镇
340371400001	山南新村居委会	117.331372	32.911894	1	70	92	地产小区
340311104207	龙庙村委会	117.532841	33.031697	0	18	66	乡镇
340322112206	朱圩村委会	117.757719	33.230383	0	18	66	乡镇
340323105207	任桥村委会	117.569494	33.027229	1	80	100	政府机构
340323100005	瓦房街居委会	117.379820	33.368874	0	16	47	乡镇
340322101200	新集村委会	117.766289	33.065359	0	18	66	乡镇
340322111200	朗湖村委会	117.660360	33.084930	0	25	70	乡镇
340311400498	工业园区虚拟社区	117.366283	32.976577	0	25	70	乡镇
340311102003	荷花园居委会	117.387357	33.046113	0	18	66	乡镇
340323106217	董林村委会	117.135373	33.332483	0	18	66	乡镇
340323202201	孟庙村委会	117.276787	33.303144	1	80	100	政府机构
340321101223	桥口村委会	117.192615	33.110566	1	80	100	政府机构
340372008006	香都社区居委会	117.406251	32.907431	0	25	55	乡镇
340322112210	南乔村委会	117.757719	33.230383	0	18	66	乡镇
340311104211	洪集村委会	117.532841	33.031697	0	18	40	乡镇
340303200204	洼张村委会	117.359639	32.857823	0	18	66	村庄
340304101220	殳李村委会	117.173366	32.826142	0	18	40	乡镇
340321401001	魏岗社区居委会	117.202716	32.956504	0	80	95	UNKNOWN
340322100016	阳光社区居委会	117.850479	33.155799	0	25	70	乡镇
340322201202	尤巷村委会	117.630202	32.944595	0	18	66	乡镇
340323107001	垓下居委会	117.556015	33.319179	1	80	100	政府机构
340323102203	花谷村委会	117.374602	33.181334	1	80	100	政府机构
340321109214	骑龙村委会	116.878540	32.871410	0	30	72	村庄
340322106204	小李村委会	117.596860	33.218590	0	30	72	村庄
340311100205	陈台村委会	117.322008	32.976110	0	20	67	乡镇
340321110222	姚山村委会	117.138090	32.914260	0	30	72	村庄
340321206209	中郢村委会	117.218185	33.030149	1	80	100	政府机构
340322110201	西堌村委会	117.977931	33.098908	0	18	35	乡镇
340323104206	董庙村委会	117.489325	33.250367	0	25	70	乡镇
340311101204	吴小街村委会	117.400405	32.977072	0	40	65	道路
340322107205	柿马村委会	117.827660	33.092831	0	25	47	乡镇
340321113009	马湖社区居委会	117.097227	32.973925	0	18	66	乡镇
340322200203	西坝口村委会	117.860600	33.148110	0	30	72	村庄
340322104215	单滩村委会	117.893745	33.214237	0	18	40	乡镇
340321100019	望淮社区居委会	117.199237	32.992191	0	18	66	乡镇
340304100221	东周村民委员会	117.302700	32.894240	0	30	72	村庄
340323100212	田庄村委会	117.431730	33.289345	1	80	100	政府机构
340322107213	陈台村委会	117.787202	33.056011	1	80	100	政府机构
340321108203	张刘村委会	116.808129	32.940993	0	18	66	乡镇
340321104220	常桥村委会	117.064347	32.773863	0	18	66	乡镇
340322104203	聂圩村委会	117.893745	33.214237	0	18	40	乡镇
340311102202	淝河村委会	117.387357	33.046113	0	18	40	乡镇
340323100204	龙滩村委会	117.379820	33.368874	0	16	65	乡镇
340322103207	赵庄村委会	117.965220	33.070010	0	30	72	村庄
340321112209	三巷村委会	117.151860	33.097532	0	18	66	乡镇
340323107200	马田村委会	117.466583	33.314485	0	30	72	村庄
340323102002	路东居委会	117.350371	33.188439	1	80	100	政府机构
340321102209	支严村委会	116.831930	33.147259	0	30	58	UNKNOWN
340322110217	陈台村委会	117.787202	33.056011	1	80	100	政府机构
340323104210	杨圩村委会	117.280410	33.328933	1	80	100	政府机构
340323200206	徐祠村委会	117.419188	33.308403	0	18	40	村庄
340321101219	梁王村委会	117.124831	33.189092	0	25	47	乡镇
340303200005	陶山社区居民委员会	117.355370	32.906420	0	30	58	村庄
340322110216	刘台村委会	117.977931	33.098908	0	18	66	乡镇
340323104211	高皇村委会	117.489325	33.250367	0	25	47	乡镇
340323200207	陡沟村委会	117.419188	33.308403	0	18	66	村庄
340321101218	石元村委会	117.124831	33.189092	0	25	70	乡镇
340303200004	陶店社区居民委员会	117.345116	32.904080	0	50	73	UNKNOWN
340372009010	光彩还原小区居委会	117.355887	32.918205	0	50	73	UNKNOWN
340322103206	化明村委会	117.944317	33.040221	0	18	40	乡镇
340321112208	酒坊村委会	117.068396	33.111425	1	80	100	政府机构
340323107201	湖东村委会	117.057635	33.234955	1	80	100	政府机构
340323102003	美城居委会	117.376675	33.105212	1	80	100	政府机构
340323400498	虚拟居委会	117.357973	33.248023	0	20	67	乡镇
340321102208	黄洼村委会	116.904137	33.119002	0	18	66	乡镇
340322104202	前李村委会	117.923800	33.213130	0	30	72	村庄
340311102203	杨湖村委会	117.430580	33.057189	0	30	72	村庄
340323100205	桥口村委会	117.459156	33.151693	1	80	100	政府机构
340372008206	双庙村委会	117.420026	32.888633	1	80	100	政府机构
340322107212	方台村委会	117.827660	33.092831	0	25	47	乡镇
340321108202	镇西村委会	116.855413	32.965780	0	30	72	村庄
340323202001	仲兴居委会	117.309380	33.422409	0	50	82	UNKNOWN
340321104221	联淮村委会	117.064347	32.773863	0	18	40	乡镇
340322200202	淮河村委会	117.889350	33.164531	0	30	72	村庄
340322104214	张滩村委会	117.893745	33.214237	0	18	66	乡镇
340304100220	彭巷村民委员会	117.238929	32.914931	0	18	49	乡镇
340311101205	吴大台村委会	117.380525	32.989032	1	80	100	政府机构
340372009401	湖畔花都社区居委会	117.377164	32.909556	0	60	87	地产小区
340322107204	花园村委会	117.842150	33.095790	0	30	72	村庄
340321113008	建强社区居委会	117.097227	32.973925	0	18	66	乡镇
340323106001	育才居委会	117.135373	33.332483	0	18	66	乡镇
340321108214	余夏村委会	116.808129	32.940993	0	18	40	乡镇
340322110200	东堌村委会	117.881000	33.126901	0	14	29	区县
340311401498	沫河口精细化工园区虚拟社区	117.360000	32.964200	0	16	30	区县
340323104207	王李村委会	117.489325	33.250367	0	25	70	乡镇
340322103210	蒋庄村委会	118.010220	33.022041	0	30	72	村庄
340372009006	民政家园社区居委会	117.371026	32.914235	1	80	100	政府机构
340323100028	东岭居委会	117.379820	33.368874	0	16	65	乡镇
340321110223	茆塘村委会	117.061198	32.903997	1	80	92	地产小区
340321206208	杨圩村委会	116.986020	32.966161	0	30	72	村庄
340321201220	胡圩村委会	117.054430	33.188700	0	30	72	村庄
340323102202	卢渡村委会	117.380319	33.141084	0	18	40	乡镇
340321109215	牛圩村委会	116.926099	32.863366	0	25	70	乡镇
340322106205	西杨村委会	117.631891	33.243369	0	16	65	乡镇
340311100204	高庵村委会	117.322008	32.976110	0	20	67	乡镇
340323101212	钓台村委会	117.474159	33.105988	0	18	40	乡镇
340304101221	禹庙村委会	117.173366	32.826142	0	18	40	乡镇
340303200205	徐桥村委会	117.359639	32.857823	0	18	66	村庄
340302100214	淮光村委会	117.481336	32.938850	0	18	40	乡镇
340322100017	吴家咀社区居委会	117.850479	33.155799	0	25	55	乡镇
340322201203	官塘铺村委会	117.631710	32.930735	1	80	100	政府机构
340323106216	郑圩村委会	117.135373	33.332483	0	18	66	乡镇
340323202200	陈圩村委会	117.103872	33.304168	1	80	100	政府机构
340321101222	小集村委会	117.124831	33.189092	0	25	70	乡镇
340372008007	绿地花都社区居委会	117.427435	32.913023	1	70	92	地产小区
340311104210	信湾村委会	117.532841	33.031697	0	18	40	乡镇
340322112211	台李村委会	117.757719	33.230383	0	18	40	乡镇
340323105206	站北村委会	117.206190	33.423041	0	18	40	乡镇
340323100004	大营居委会	117.326300	33.312126	1	80	100	政府机构
340323201210	桑元村委会	117.256516	33.258925	0	18	49	村庄
340322101201	新台村委会	117.766289	33.065359	0	18	66	乡镇
340322111201	马场村委会	117.656540	33.045370	0	30	72	UNKNOWN
340311102002	路西居委会	117.387357	33.046113	0	18	66	乡镇
340321103209	枣林村委会	117.004340	32.989090	0	30	72	村庄
340323202216	赵桥村委会	117.398660	33.412951	0	30	72	村庄
340323106200	姚集村委会	117.135373	33.332483	0	18	66	乡镇
340321113209	张圩村委会	117.049180	32.971481	0	30	72	村庄
340323103002	杨庄居委会	117.320228	33.234509	0	18	66	乡镇
340322112207	于张村委会	117.757719	33.230383	0	18	66	乡镇
340311104206	团结村委会	117.532841	33.031697	0	18	49	乡镇
340321100219	沙沟村委会	117.137510	32.990339	0	30	72	村庄
340323201206	刘魏湖村委会	117.256516	33.258925	0	18	49	村庄
340323100012	西关居委会	117.307741	33.318418	1	80	100	政府机构
340321110219	大朱村委会	116.995105	32.888793	1	80	100	政府机构
340323105210	宋庄村委会	117.312371	33.252406	1	80	100	政府机构
340302200200	李楼村委会	117.460110	32.890551	0	30	72	村庄
340322111217	彭圩村委会	117.660360	33.084930	0	25	70	乡镇
340323102214	南庙村委会	117.334080	33.113591	0	30	72	村庄
340321109203	朱疃村委会	116.926099	32.863366	0	25	47	乡镇
340311100212	东赵村委会	117.310579	32.956877	1	80	100	政府机构
340322106213	三庄村委会	117.631891	33.243369	0	16	65	乡镇
340323101204	楼杨村委会	117.474159	33.105988	0	18	66	乡镇
340304198005	张公山社区	117.342760	32.923594	0	30	100	村庄
340311103202	华圩村委会	117.296016	33.007787	0	18	40	乡镇
340322105203	小圩村委会	117.729751	33.177335	0	30	72	村庄
340322100001	漴河社区居委会	117.850479	33.155799	0	25	70	乡镇
340302100202	卫东村委会	117.494108	32.964866	0	30	72	村庄
340372007002	龙滨社区居委会	117.397499	32.921817	0	40	72	乡镇
340321102204	周王村委会	116.904137	33.119002	0	18	66	乡镇
340304100001	老贯徐社区居民委员会	117.284570	32.923879	0	60	80	UNKNOWN
340321112204	东张村委会	117.213940	33.116041	0	30	72	村庄
340321206212	陆圩村委会	117.279763	33.227470	1	80	100	政府机构
340321101214	镇东村委会	117.146235	33.173448	0	30	72	村庄
340323106220	东南村委会	117.167050	33.374631	0	30	72	村庄
340321111214	宫油坊村委会	116.861417	33.232845	0	18	40	乡镇
340321205202	褚湖村委会	116.826188	33.066486	0	18	40	村庄
340322109200	郑庄村委会	117.913260	33.276038	1	80	100	政府机构
340322100021	漴南社区居委会	117.850479	33.155799	0	25	47	乡镇
340321106210	杨集村委会	116.820915	33.050900	1	80	100	政府机构
340304101217	姚郢村委会	117.173366	32.826142	0	18	66	乡镇
340321113012	望月社区居委会	117.097227	32.973925	0	18	66	乡镇
340323100209	王楼村委会	117.349613	33.364554	1	80	100	政府机构
340321115200	陈集村委会	116.821751	32.922631	1	80	100	政府机构
340321201216	看疃村委会	117.035749	33.137211	0	18	40	村庄
340322107208	刘马村委会	117.827660	33.092831	0	25	70	乡镇
340321113004	永平社区居委会	117.097227	32.973925	0	18	66	乡镇
340304101201	胡圩村委会	117.210210	32.864190	0	30	72	村庄
340321106206	湾东村委会	116.844619	33.016928	1	80	100	政府机构
340322104218	阮圩村委会	117.893745	33.214237	0	18	66	乡镇
340321201200	新集村委会	117.071331	33.120812	0	30	72	村庄
340302003003	光明街居委会	117.371704	32.948504	1	80	100	政府机构
340321206204	孙庄村委会	116.891360	32.927199	0	30	72	村庄
340321112212	庙湖村委会	117.151860	33.097532	0	18	40	乡镇
340323100024	三里居委会	117.379820	33.368874	0	16	65	乡镇
340321102212	三教村委会	116.904137	33.119002	0	18	66	乡镇
340321111202	顺河村委会	116.833050	33.278699	0	30	72	村庄
340321101202	薛场村委会	117.124831	33.189092	0	25	47	乡镇
340321104217	张沟村委会	117.064347	32.773863	0	18	66	乡镇
340303200209	梨朱村委会	117.359639	32.857823	0	18	40	村庄
340304100200	秦集村民委员会	117.238929	32.914931	0	18	49	乡镇
340321107207	大郢村委会	117.258315	33.092182	0	18	66	乡镇
340321109219	华光村委会	116.926099	32.863366	0	25	70	乡镇
340311100208	山香村委会	117.322008	32.976110	0	20	41	乡镇
340322106209	楼张村委会	117.631891	33.243369	0	16	65	乡镇
340321100203	杨翟郢村委会	117.231777	33.014485	1	80	100	政府机构
340323100008	谷阳居委会	117.318199	33.319627	1	80	100	政府机构
340321110203	汪圩村委会	117.073927	32.890815	0	16	65	乡镇
340321103213	褚庙村委会	116.979970	33.033861	0	25	70	乡镇
340302005006	海航居委会	117.399418	32.947981	0	30	58	乡镇
340321113213	郑岗村委会	117.097227	32.973925	0	18	66	乡镇
340304200202	许庄村民委员会	117.283730	32.944061	0	30	72	村庄
340303001001	喻义巷社区居委会	117.361094	32.947904	0	40	72	乡镇
340321110215	廖巷村委会	117.073927	32.890815	0	16	65	乡镇
340321113205	猴洞村委会	117.097227	32.973925	0	18	66	乡镇
340302005010	市东村社区居委会	117.387100	32.954310	0	30	72	村庄
340321103205	傅圩村委会	116.979970	33.033861	0	25	70	乡镇
340372006003	航华社区居委会	117.360399	32.931666	0	25	70	乡镇
340321114201	吕浅村委会	117.055433	33.026155	0	18	40	乡镇
340323101208	陈渡村委会	117.474159	33.105988	0	18	66	乡镇
340321403498	龙亢经济开发区虚拟村	117.202716	32.956504	0	80	97	UNKNOWN
340321104201	水巷村委会	117.064347	32.773863	0	18	66	乡镇
340304198009	钓鱼台社区	117.339304	32.921595	0	25	70	乡镇
340321107211	湖东村委会	117.057635	33.234955	1	80	100	政府机构
340304100216	高埂村民委员会	117.238929	32.914931	0	18	49	乡镇
340303005003	第三社区居委会	117.401029	32.933714	0	40	72	乡镇
340322108201	张圩村委会	117.700420	33.000261	0	30	72	村庄
340321112207	杨刘村委会	117.151860	33.097532	0	18	40	乡镇
340321206211	张坝村委会	116.963785	32.955663	0	18	66	村庄
340321102207	红庙村委会	116.861961	33.146794	1	80	100	政府机构
340322103209	路李村委会	117.944317	33.040221	0	18	40	乡镇
340323106223	岳王村委会	117.135373	33.332483	0	18	66	乡镇
340321205201	韩湖村委会	116.960199	33.006007	1	80	100	政府机构
340321101217	张姚村委会	117.124831	33.189092	0	25	70	乡镇
340323200208	后马村委会	117.419188	33.308403	0	18	66	村庄
340303003005	爱国巷社区居委会	117.355530	32.939881	0	50	82	道路
340321113011	乳泉社区居委会	117.097227	32.973925	0	18	49	乡镇
340321106213	张巷村委会	117.300088	32.823521	1	80	100	政府机构
340304101214	后程村委会	117.173366	32.826142	0	18	66	乡镇
340322100022	中心社区居委会	117.850479	33.155799	0	25	70	乡镇
340322109203	武桥村委会	117.894292	33.291115	0	18	66	乡镇
340303004001	前进社区居委会	117.355550	32.921160	0	30	72	道路
340321115203	大桥村委会	117.022470	33.274590	0	30	72	村庄
340321109220	路庙村委会	116.926099	32.863366	0	25	70	乡镇
340321201215	刘桥村委会	117.167940	33.075552	1	80	100	政府机构
340304101202	梅姚村委会	117.173366	32.826142	0	18	49	乡镇
340321106205	徐圩村委会	116.915771	33.251797	0	25	70	乡镇
340321113007	东庙社区居委会	117.146008	32.968962	1	80	97	政府机构
340321201203	中淝村委会	117.035749	33.137211	0	18	40	村庄
340302004004	曙光居委会	117.381230	32.951904	0	40	77	道路
340321102211	莫湖村委会	116.904137	33.119002	0	18	40	乡镇
340321206207	瓦房村委会	116.922691	32.993604	1	80	100	政府机构
340321112211	五郢村委会	117.151860	33.097532	0	18	35	乡镇
340323100027	城南居委会	117.379820	33.368874	0	16	65	乡镇
340321101201	易圩村委会	117.183595	33.152482	1	80	100	政府机构
340323104208	邵桥村委会	117.489325	33.250367	0	25	70	乡镇
340321111201	陶圩村委会	116.814281	33.291446	1	80	100	政府机构
340322100018	北店社区居委会	117.850479	33.155799	0	25	55	乡镇
340311001001	淮滨社区居委会	117.379040	32.954509	1	80	100	政府机构
340321114214	张集村委会	117.055433	33.026155	0	18	66	乡镇
340321104214	孔岗村委会	117.118408	32.867911	1	80	100	政府机构
340302002001	群力街居委会	117.372719	32.942311	0	50	82	道路
340304100203	草寺村民委员会	117.238929	32.914931	0	18	49	乡镇
340321107204	方坝村委会	117.258315	33.092182	0	18	66	乡镇
340321110200	白莲坡村委会	117.062673	33.175767	1	80	100	政府机构
340323105209	吴庙村委会	117.206190	33.423041	0	18	66	乡镇
340321100200	苏集村委会	117.200678	33.035798	1	80	100	政府机构
340323106219	大庄村委会	117.152270	33.359030	0	30	72	村庄
340321113210	新上村委会	117.097227	32.973925	0	18	66	乡镇
340304200201	石巷村民委员会	117.262420	32.943689	0	30	72	村庄
340321103210	贡集村委会	116.937080	33.067620	0	30	58	UNKNOWN
340302005005	大桥居委会	117.399418	32.947981	0	30	72	乡镇
340303002004	中平街社区居委会	117.361861	32.940630	0	50	82	道路
340322111218	园集村委会	117.660360	33.084930	0	25	47	乡镇
340323201209	孟庙村委会	117.276787	33.303144	1	80	100	政府机构
340302006003	工农居委会	117.423919	32.948160	0	30	72	道路
340321110216	钱巷村委会	117.073927	32.890815	0	16	65	乡镇
340311104209	大李村委会	117.532841	33.031697	0	18	49	乡镇
340322112208	泗河村委会	117.750600	33.271367	0	30	72	村庄
340321103206	葛圩村委会	117.004634	33.031552	1	80	100	政府机构
340321113206	支湖村委会	117.097227	32.973925	0	18	40	乡镇
340321104202	牛王村委会	117.064347	32.773863	0	18	66	乡镇
340321114202	姚圩村委会	117.193419	33.243800	1	80	100	政府机构
340322108202	新北村委会	117.715430	33.017970	0	30	72	村庄
340304100215	河北村民委员会	117.238929	32.914931	0	18	49	乡镇
340323200204	刘元村委会	117.419188	33.308403	0	18	66	村庄
340323104212	张凌村委会	117.489325	33.250367	0	25	47	乡镇
340322110215	柳湖村委会	117.977931	33.098908	0	18	66	乡镇
340323107202	华巷村委会	117.477835	33.310712	1	80	100	政府机构
340322103205	霍庄村委会	117.944317	33.040221	0	18	66	乡镇
340321201219	滕湖村委会	117.035749	33.137211	0	18	40	村庄
340311102200	金山湖村委会	117.387357	33.046113	0	18	66	乡镇
340322104201	荣渡村委会	117.893745	33.214237	0	18	40	乡镇
340304101218	洪集村委会	117.173366	32.826142	0	18	40	乡镇
340321104222	五路村委会	117.064347	32.773863	0	18	66	乡镇
340321108201	镇东村委会	116.891811	32.971140	0	30	72	村庄
340372008205	军李村委会	117.406251	32.907431	0	25	70	乡镇
340322107211	訾圩村委会	117.827660	33.092831	0	25	47	乡镇
340323100210	河东村委会	117.376052	33.337445	0	30	72	村庄
340304100223	韩郢村委会	117.238929	32.914931	0	18	66	乡镇
340323201004	蒋南居委会	117.256516	33.258925	0	18	49	村庄
340322104217	訾湖村委会	117.893745	33.214237	0	18	40	乡镇
340322200201	浍河村委会	117.849510	33.142009	0	50	73	UNKNOWN
340323106002	兰石居委会	117.135373	33.332483	0	18	66	乡镇
340321106209	团结村委会	116.955015	32.926202	1	80	100	政府机构
340322107207	官桥村委会	117.819040	33.093431	0	30	72	村庄
340311101206	太平村委会	117.402620	32.991810	0	20	67	乡镇
340372009402	瀚百社区居委会（筹备组）	117.365549	32.904018	0	30	72	乡镇
340323104204	刘圩村委会	117.602866	33.188499	1	80	100	政府机构
340322110203	张许村委会	117.977931	33.098908	0	18	66	乡镇
340321110220	双庙村委会	116.985870	32.912871	0	30	72	村庄
340321100220	张沟村委会	117.199237	32.992191	0	18	66	乡镇
340372009005	友谊社区居委会	117.365549	32.904018	0	30	72	乡镇
340372008403	市民广场社区居委会	117.406251	32.907431	0	25	55	乡镇
340311100207	卢台村委会	117.332623	32.956154	1	80	100	政府机构
340322106206	周庄村委会	117.588020	33.190881	0	30	72	村庄
340321107208	张店村委会	117.258315	33.092182	0	18	66	乡镇
340321109216	计集村委会	116.926099	32.863366	0	25	47	乡镇
340323102201	桥头村委会	117.429140	33.163459	0	30	72	村庄
340322201200	东元村委会	117.630202	32.944595	0	18	66	乡镇
340322100014	西苑社区居委会	117.850479	33.155799	0	25	70	乡镇
340304101222	东周村委会	117.216030	32.759771	0	30	72	村庄
340303200206	铅山村委会	117.359639	32.857823	0	18	40	村庄
340321104218	新东村委会	117.077000	32.854190	0	30	72	村庄
340323101211	简马村委会	117.474159	33.105988	0	18	40	乡镇
340311104213	宋圩村委会	117.532841	33.031697	0	18	66	乡镇
340322112212	大董村委会	117.784810	33.265050	0	30	72	村庄
340302005009	宋庄村社区居委会	117.398526	32.956868	0	30	72	村庄
340323202203	后楼村委会	117.278950	33.383901	0	30	72	村庄
340321101221	大营村委会	117.162012	33.190761	0	30	72	村庄
340323106215	单圩村委会	117.135373	33.332483	0	18	66	乡镇
340322111202	西营村委会	117.636440	33.064011	0	30	72	村庄
340311102001	路东居委会	117.375367	33.056921	1	80	100	政府机构
340322101202	许场村委会	117.791840	33.054252	1	80	100	政府机构
340323201213	北圩村委会	117.279400	33.305941	0	30	72	村庄
340323105205	三桥村委会	117.206190	33.423041	0	18	66	乡镇
340323100007	东风居委会	117.329118	33.324128	1	80	100	政府机构
340322112204	乔张村委会	117.757719	33.230383	0	18	40	乡镇
340311104205	曹吴村委会	117.532841	33.031697	0	18	40	乡镇
340323106203	马楼村委会	117.135373	33.332483	0	18	66	乡镇
340323103001	连站居委会	117.337409	33.248705	1	80	100	政府机构
340323202215	土楼村委会	117.376740	33.393089	0	30	72	村庄
340302200203	汪圩村委会	117.456831	32.874901	0	18	66	村庄
340322111214	安子口村委会	117.881000	33.126901	0	14	29	区县
340323100011	西圩居委会	117.311908	33.315990	1	80	100	政府机构
340323105213	李许村委会	117.206190	33.423041	0	18	40	乡镇
340323201205	田湖村委会	117.227265	33.285001	1	80	100	政府机构
340322106210	蔡圩村委会	117.631891	33.243369	0	16	65	乡镇
340311100211	桃园村委会	117.312470	32.964325	1	80	100	政府机构
340321109200	唐集村委会	116.926099	32.863366	0	25	70	乡镇
340304100219	大徐村民委员会	117.284030	32.877701	0	30	72	村庄
340322105200	四陈村委会	117.798083	33.133044	1	80	100	政府机构
340322100002	文宫社区居委会	117.850479	33.155799	0	25	55	乡镇
340302100201	南湾村委会	117.481336	32.938850	0	18	66	乡镇
340304198006	迎淮社区	117.339304	32.921595	0	25	70	乡镇
340311103201	杨楼村委会	117.296016	33.007787	0	18	66	乡镇
340323101207	丁陶刘村委会	117.474159	33.105988	0	18	35	乡镇
340303200210	岗北村委会	117.359639	32.857823	0	18	66	村庄
340322105201	大圩村委会	117.786760	33.160529	0	30	72	村庄
340322100003	状元桥社区居委会	117.850479	33.155799	0	25	55	乡镇
340302100200	东风村委会	117.509940	32.966730	0	30	72	村庄
340304198007	朝阳社区	117.339304	32.921595	0	25	70	乡镇
340311103200	淝南村委会	117.296016	33.007787	0	18	49	乡镇
340323101206	双李村委会	117.474159	33.105988	0	18	66	乡镇
340303200211	南庙村委会	117.333893	32.865556	0	30	72	村庄
340322106211	大程村委会	117.631891	33.243369	0	16	65	乡镇
340311100210	金台村委会	117.311540	32.968399	0	30	72	村庄
340321109201	武杨村委会	116.926099	32.863366	0	25	47	乡镇
340304100218	姜顾村民委员会	117.238929	32.914931	0	18	66	乡镇
340321400202	褚圩村委会	116.937689	33.091656	1	80	100	政府机构
340322111215	年庙村委会	117.660360	33.084930	0	25	47	乡镇
340302200202	山王村委会	117.452880	32.907430	0	30	72	村庄
340323100010	黄元居委会	117.317012	33.313563	1	80	100	政府机构
340323105212	沟西村委会	117.144610	33.425120	0	30	72	村庄
340323201204	赵湖村委会	117.187699	33.299317	1	80	100	政府机构
340311104204	横岭村委会	117.532841	33.031697	0	18	49	乡镇
340322112205	张村村委会	117.690335	33.259614	1	80	100	政府机构
340323106202	集贤村委会	117.161129	33.290756	0	30	72	村庄
340371400002	科苑居委会	117.269924	32.828933	0	16	65	乡镇
340323202214	张巷村委会	117.356364	33.402785	1	80	100	政府机构
340322111203	皇庙村委会	117.660360	33.084930	0	25	70	乡镇
340322101203	王场村委会	117.766289	33.065359	0	18	66	乡镇
340323105204	团结村委会	117.219158	33.198156	1	80	100	政府机构
340323100006	东元居委会	117.379820	33.368874	0	16	47	乡镇
340322112213	大路村委会	117.797130	33.247229	0	30	72	村庄
340311104212	姚宋村委会	117.448784	32.987556	1	80	95	UNKNOWN
340372008005	龙湖春天社区居委会	117.429861	32.896964	0	50	82	地产小区
340323202202	中陈村委会	117.327103	33.424239	0	18	66	村庄
340302005008	建华居委会	117.399418	32.947981	0	30	72	乡镇
340321101220	小元村委会	117.124831	33.189092	0	25	70	乡镇
340323106214	五里村委会	117.235859	33.446009	1	80	100	政府机构
340322201201	临北村委会	117.630202	32.944595	0	18	40	乡镇
340321401002	邵圩社区居委会	117.202716	32.956504	0	80	95	UNKNOWN
340322100015	兰庭社区居委会	117.850479	33.155799	0	25	55	乡镇
340303200207	姜桥村委会	117.359639	32.857823	0	18	66	村庄
340321104219	新集村委会	117.064347	32.773863	0	18	66	乡镇
340304101223	团结村委会	117.209550	32.782740	0	30	72	村庄
340323101210	大蒋村委会	117.474159	33.105988	0	18	66	乡镇
340372008402	海亮社区居委会	117.406251	32.907431	0	25	55	乡镇
340311100206	后楼村委会	117.353200	32.961401	0	30	72	村庄
340322106207	武圩村委会	117.631891	33.243369	0	16	38	乡镇
340321107209	友谊村委会	117.294621	33.085350	0	30	72	村庄
340321109217	黄圩村委会	116.985860	32.789931	0	30	72	村庄
340323102200	濠铺村委会	117.380319	33.141084	0	18	40	乡镇
340321110221	邵王村委会	117.073927	32.890815	0	16	38	乡镇
340321100221	龙窝村委会	117.199237	32.992191	0	18	66	乡镇
340323104205	张蔡村委会	117.489325	33.250367	0	25	70	乡镇
340302100001	合力居委会	117.481336	32.938850	0	18	66	乡镇
340322110202	河口村委会	117.906370	33.130250	0	30	72	村庄
340311103001	梅桥居委会	117.296016	33.007787	0	18	66	乡镇
340323106003	东乡居委会	117.134239	33.281658	1	80	100	政府机构
340323103201	周徐村委会	117.320228	33.234509	0	18	66	乡镇
340321106208	柳行村委会	116.915771	33.251797	0	25	70	乡镇
340322107206	屈台村委会	117.827660	33.092831	0	25	47	乡镇
340311101207	八大集村委会	117.402620	32.991810	0	20	50	乡镇
340323100211	大何村委会	117.268120	33.337330	0	30	72	村庄
340322104216	三周村委会	117.893745	33.214237	0	18	66	乡镇
340322200200	沱湖村委会	117.815440	33.185131	1	80	95	UNKNOWN
340321104223	徐梅村委会	117.064347	32.773863	0	18	66	乡镇
340304101219	黄郢村委会	117.173366	32.826142	0	18	66	乡镇
340321108200	万福村委会	116.808129	32.940993	0	18	66	乡镇
340372008204	孙郢村委会	117.406251	32.907431	0	25	70	乡镇
340322107210	郜台村委会	117.827660	33.092831	0	25	47	乡镇
340302200500	七里湖果园场	117.456831	32.874901	0	18	49	村庄
340321201218	季圩村委会	117.035749	33.137211	0	18	66	村庄
340323100207	团结村委会	117.421394	33.344430	0	30	72	村庄
340311102201	杜陈村委会	117.387357	33.046113	0	18	40	乡镇
340322104200	大杨村委会	117.893745	33.214237	0	18	66	乡镇
340323107203	董艾村委会	117.524584	33.309009	0	18	40	乡镇
340323102001	街道居委会	117.380319	33.141084	0	18	66	乡镇
340372009012	锦绣社区居委会	117.365549	32.904018	0	30	72	乡镇
340322103204	张巷村委会	117.904070	33.012590	0	30	72	村庄
340323200205	陈桥村委会	117.404709	33.295831	0	30	72	村庄
340323104213	西湾村委会	117.454095	33.198622	1	80	100	政府机构
340322110214	三塘村委会	117.977931	33.098908	0	18	66	乡镇
340303005001	第一社区居委会	117.401029	32.933714	0	40	72	乡镇
340322108203	毛滩村委会	117.665471	32.995652	0	18	66	乡镇
340304100214	大孔村民委员会	117.238929	32.914931	0	18	49	乡镇
340321104203	永西村委会	117.064347	32.773863	0	18	40	乡镇
340321114203	马圩村委会	117.279113	33.016051	1	80	100	政府机构
340372006001	机场社区居委会	117.360399	32.931666	0	25	70	乡镇
340322112209	申集村委会	117.757719	33.230383	0	18	40	乡镇
340311104208	汤陈村委会	117.532841	33.031697	0	18	66	乡镇
340323202218	沱西村委会	117.327103	33.424239	0	18	66	村庄
340321103207	罗新庄村委会	116.979970	33.033861	0	25	70	乡镇
340321113207	尤村村委会	117.073804	32.963762	1	80	100	政府机构
340303002005	南山社区居委会	117.365679	32.942328	0	40	72	乡镇
340322111219	郭庙村委会	117.660360	33.084930	0	25	70	乡镇
340302006002	龙河居委会	117.423919	32.948160	0	30	72	道路
340323201208	张庄村委会	117.235756	33.323332	1	80	100	政府机构
340321100217	土楼村委会	117.174740	33.008961	0	30	72	村庄
340321110217	胡疃村委会	117.004520	32.862530	0	30	72	村庄
340323106218	李楼村委会	117.170690	33.356021	0	30	72	村庄
340321113211	荆芡村委会	117.097227	32.973925	0	18	40	乡镇
340321103211	劳庙村委会	117.016519	33.014537	1	80	100	政府机构
340321110201	杨圩村委会	117.037400	32.834940	0	30	72	村庄
340323105208	杨罗村委会	117.206190	33.423041	0	18	40	乡镇
340321100201	曹河村委会	117.199237	32.992191	0	18	66	乡镇
340321107205	胡郢村委会	117.227718	33.037501	1	80	100	政府机构
340304100202	杭刘村民委员会	117.238929	32.914931	0	18	66	乡镇
340322100019	张庙社区居委会	117.850479	33.155799	0	25	70	乡镇
340321114215	丁寺村委会	117.055433	33.026155	0	18	66	乡镇
340321104215	大郢村委会	117.064347	32.773863	0	18	66	乡镇
340321101200	包集村委会	117.124831	33.189092	0	25	70	乡镇
340323104209	渡口村委会	117.408248	33.222187	1	80	100	政府机构
340321111200	褚集村委会	116.861417	33.232845	0	18	40	乡镇
340302004005	淮滨居委会	117.381230	32.951904	0	40	65	道路
340321102210	胡刘村委会	116.904137	33.119002	0	18	66	乡镇
340321206206	刘集村委会	116.963785	32.955663	0	18	66	村庄
340321112210	路岗村委会	117.151860	33.097532	0	18	40	乡镇
340323100026	谷阳城居委会	117.379820	33.368874	0	16	47	乡镇
340372009008	紫荆名流社区居委会	117.380461	32.928849	0	50	82	地产小区
340321201202	中黄村委会	117.035749	33.137211	0	18	66	村庄
340321106204	路心村委会	116.915771	33.251797	0	25	47	乡镇
340304101203	五淮村委会	117.186803	32.841465	1	80	100	政府机构
340321113006	菜园社区居委会	117.176816	32.967499	1	80	100	政府机构
340321115202	老郢村委会	117.051072	33.238975	0	18	66	乡镇
340321201214	河嘴村委会	117.035749	33.137211	0	18	66	村庄
340321113010	元宝塘社区居委会	117.097227	32.973925	0	18	49	乡镇
340304200001	王岗社区居民委员会	117.282735	32.937557	0	25	47	村庄
340304101215	孝仪村委会	117.173366	32.826142	0	18	40	乡镇
340321106212	刘碾村委会	116.915771	33.251797	0	25	70	乡镇
340322100023	黄台社区居委会	117.850479	33.155799	0	25	70	乡镇
340322109202	周湖村委会	117.894292	33.291115	0	18	66	乡镇
340323106222	中心村委会	117.156660	33.383231	0	30	72	村庄
340321205200	徐圩村委会	116.826188	33.066486	0	18	66	村庄
340321101216	高庄村委会	117.124831	33.189092	0	25	55	乡镇
340323200209	康湖村委会	117.419188	33.308403	0	18	66	村庄
340321112206	三官村委会	117.151860	33.097532	0	18	66	乡镇
340321206210	藕塘村委会	116.952575	32.933646	1	80	100	政府机构
340321102206	西园村委会	116.885665	33.134648	1	80	100	政府机构
340323201224	庙新村委会	117.256516	33.258925	0	18	49	村庄
340322103208	藕塘村委会	117.982800	33.040390	0	30	72	村庄
340323104214	顾庄村委会	117.549352	33.275044	1	80	100	政府机构
340323200202	桑圩村委会	117.419188	33.308403	0	18	40	村庄
340303200001	雅郢居委会	117.359639	32.857823	0	18	66	村庄
340322110213	石坑村委会	117.977931	33.098908	0	18	66	乡镇
340323107204	李甘村委会	117.433060	33.035909	1	80	100	政府机构
340372009015	文化广场社区居委会	117.365549	32.904018	0	30	58	乡镇
340322103203	小溪村委会	117.914708	33.050178	0	30	72	村庄
340321115209	梨园村委会	117.057980	33.247910	0	30	72	村庄
340322104207	岳庙村委会	117.893745	33.214237	0	18	40	乡镇
340311102206	高吴村委会	117.387357	33.046113	0	18	66	乡镇
340321108207	河南村委会	116.823679	32.934247	0	30	72	村庄
340323103210	殷陆村委会	117.320228	33.234509	0	18	40	乡镇
340321104224	建华村委会	117.019720	32.813339	0	30	72	村庄
340372008203	山南村委会	117.406251	32.907431	0	25	70	乡镇
340322107217	八岔村委会	117.827660	33.092831	0	25	70	乡镇
340322109209	天井村委会	117.894292	33.291115	0	18	66	乡镇
340304100225	杜郢村委会	117.238929	32.914931	0	18	66	乡镇
340323201002	何集居委会	117.258431	33.204304	1	80	100	政府机构
340321201209	庙东村委会	117.015823	33.210416	1	80	100	政府机构
340311102210	清河村委会	117.342560	33.020701	0	30	72	村庄
340322104211	陈胡村委会	117.835283	33.260456	0	30	72	村庄
340304101208	庙前新村村委会	117.124553	32.792715	1	80	92	地产小区
340321108211	回民新村村委会	116.808129	32.940993	0	18	66	乡镇
340323103206	澥河村委会	117.385512	33.190163	0	50	73	UNKNOWN
340323106004	瓦疃居委会	117.125321	33.282293	1	80	100	政府机构
340311101200	滨河村委会	117.402620	32.991810	0	20	67	乡镇
340322400498	城南工业园区虚拟居委会	117.881260	33.141040	0	25	55	乡镇
340322107201	冯刘村委会	117.827660	33.092831	0	25	47	乡镇
340323104202	倪桥村委会	117.489325	33.250367	0	25	70	乡镇
340322110205	梁巷村委会	117.977931	33.098908	0	18	66	乡镇
340322100205	沟东村委会	117.850479	33.155799	0	25	70	乡镇
340322106200	刘集村委会	117.631891	33.243369	0	16	65	乡镇
340372008405	蓝湾社区居委会	117.406251	32.907431	0	25	55	乡镇
340311100201	方沟村委会	117.322008	32.976110	0	20	67	乡镇
340321109210	山后村委会	116.926099	32.863366	0	25	70	乡镇
340323102207	梨园新村村委会	117.380319	33.141084	0	18	40	乡镇
340321100031	新河社区居委会	117.199237	32.992191	0	18	66	乡镇
340304100209	周蔡村民委员会	117.238929	32.914931	0	18	66	乡镇
340302100211	老山村委会	117.486126	32.912003	1	80	100	政府机构
340322105210	赵圩村委会	117.700389	33.178612	0	18	66	乡镇
340322100012	河东社区居委会	117.850479	33.155799	0	25	70	乡镇
340322201206	段庄村委会	117.634410	32.957250	0	30	72	村庄
340311103211	淮丰村委会	117.296016	33.007787	0	18	40	乡镇
340372008002	南湖社区居委会	117.390206	32.921022	1	80	100	政府机构
340311104215	马放营村委会	117.532841	33.031697	0	18	40	乡镇
340322112214	莫圩村委会	117.757719	33.230383	0	18	40	乡镇
340323106213	浍光村委会	117.135373	33.332483	0	18	40	乡镇
340323202205	余刘村委会	117.327103	33.424239	0	18	40	村庄
340321101227	王圩村委会	116.828605	33.012388	1	80	100	政府机构
340322101204	李八村委会	117.766289	33.065359	0	18	40	乡镇
340322111204	徐桥村委会	117.660360	33.084930	0	25	70	乡镇
340323100001	东关居委会	117.331877	33.308326	1	80	100	政府机构
340323105203	集北村委会	117.198430	33.419169	0	30	72	村庄
340323201215	张巷村委会	117.274860	33.260191	0	30	72	村庄
340322112202	马集村委会	117.726680	33.217499	0	30	72	村庄
340311104203	三铺村委会	117.532841	33.031697	0	18	66	乡镇
340323202213	红旗村委会	117.327103	33.424239	0	18	49	村庄
340323106205	张湾村委会	117.360157	33.266777	1	80	100	政府机构
340371400005	文竹苑社区居委会	117.269924	32.828933	0	16	47	乡镇
340302200205	韩葛村委会	117.456831	32.874901	0	18	66	村庄
340322111212	裴家村委会	117.581747	33.132402	1	80	100	政府机构
340322101212	双河村委会	117.765240	33.109531	0	30	72	村庄
340321102221	邵院村委会	116.904137	33.119002	0	18	40	乡镇
340323201203	门东王村委会	117.221060	33.247411	0	30	72	村庄
340323105215	田余村委会	117.206190	33.423041	0	18	40	乡镇
340323100017	瓦坊居委会	117.379820	33.368874	0	16	47	乡镇
340311100217	双墩村委会	117.325750	32.982110	0	30	72	村庄
340322108208	沟北村委会	117.690610	32.988100	0	30	72	村庄
340322106216	张集村委会	117.889818	33.262406	1	80	100	政府机构
340321100027	泰山社区居委会	117.199237	32.992191	0	18	66	乡镇
340321109206	杨村村委会	116.960325	32.801078	1	80	100	政府机构
340323102211	徐郢村委会	117.380319	33.141084	0	18	66	乡镇
340311103207	裔湾村委会	117.296016	33.007787	0	18	40	乡镇
340322201210	于家村委会	117.571130	32.962271	0	30	72	村庄
340322100004	玄帝庙社区居委会	117.850479	33.155799	0	25	55	乡镇
340322105206	薛集村委会	117.700389	33.178612	0	18	66	乡镇
340302100207	曹彭村委会	117.481336	32.938850	0	18	40	乡镇
340321104208	周易村委会	117.064347	32.773863	0	18	40	乡镇
340323101201	东南村委会	117.500310	33.090133	0	30	72	村庄
340321114208	中南村委会	117.055433	33.026155	0	18	66	乡镇
340321102201	苏圩村委会	116.886085	33.217567	1	80	100	政府机构
340323201223	楼上村委会	117.256516	33.258925	0	18	66	村庄
340323107208	小程村委会	117.524584	33.309009	0	18	66	乡镇
340321112201	张八郢村委会	117.151860	33.097532	0	18	35	乡镇
340321101211	火庙村委会	117.124831	33.189092	0	25	70	乡镇
340321111211	三湖村委会	116.861417	33.232845	0	18	66	乡镇
340323104218	新圩村委会	117.372865	33.394545	1	80	100	政府机构
340321205207	钞湖村委会	116.770940	33.082559	0	30	58	UNKNOWN
340311104223	宋岗村委会	117.532841	33.031697	0	18	66	乡镇
340321106215	姚庄村委会	116.947120	33.169899	0	30	72	村庄
340321104228	宋庄村委会	117.141551	33.230433	1	80	100	政府机构
340304101212	朱村村委会	117.140679	32.807859	1	80	100	政府机构
340321113017	靠山社区居委会	117.173530	32.953016	0	30	72	村庄
340322109205	界沟村委会	117.894292	33.291115	0	18	66	乡镇
340303004007	东方红社区居委会	117.355550	32.921160	0	30	72	道路
340321115205	万圩村委会	117.051072	33.238975	0	18	66	乡镇
340321201213	岭集村委会	117.035749	33.137211	0	18	40	村庄
340321113001	梅郢社区居委会	117.166755	32.958138	1	80	97	政府机构
340304101204	白衣村委会	117.173366	32.826142	0	18	66	乡镇
340321106203	祝桥村委会	116.904460	33.225289	0	30	72	村庄
340321201205	钱河村委会	117.035749	33.137211	0	18	40	村庄
340302003006	新马路居委会	117.372656	32.954018	1	80	100	政府机构
340304100229	涂山村委会	117.238929	32.914931	0	18	66	乡镇
340322106220	夏集村委会	117.622440	33.308169	0	30	72	村庄
340321206201	大观村委会	116.963785	32.955663	0	18	66	村庄
340323100021	城北居委会	117.379820	33.368874	0	16	65	乡镇
340321112217	新淝村委会	117.151860	33.097532	0	18	40	乡镇
340323105223	刘桥村委会	117.167940	33.075552	1	80	100	政府机构
340302004002	两站居委会	117.380585	32.944188	1	80	100	政府机构
340321102217	寨头村委会	116.904137	33.119002	0	18	66	乡镇
340321205211	湾西村委会	116.826188	33.066486	0	18	66	村庄
340321111207	洄中村委会	116.861417	33.232845	0	18	40	乡镇
340321101207	大沟村委会	116.852709	33.143739	1	80	100	政府机构
340322100209	红旗村委会	117.850479	33.155799	0	25	70	乡镇
340322110209	石巷村委会	118.019240	33.078540	0	30	72	村庄
340321104212	镇北新村村委会	116.986305	33.014705	1	80	100	政府机构
340321114212	固庄村委会	117.055433	33.026155	0	18	66	乡镇
340304100205	冯嘴村民委员会	117.238929	32.914931	0	18	66	乡镇
340321107202	魏南村委会	117.258315	33.092182	0	18	40	乡镇
340322111208	杨集村委会	117.660360	33.084930	0	25	70	乡镇
340322101208	小周村委会	117.615121	33.284068	1	80	100	政府机构
340321100206	五岔村委会	117.199237	32.992191	0	18	66	乡镇
340323201219	严湾村委会	117.256516	33.258925	0	18	66	村庄
340321110206	前嘴村委会	117.073927	32.890815	0	16	65	乡镇
340311104219	曹刘村委会	117.532841	33.031697	0	18	40	乡镇
340303001004	华昌街社区居委会	117.362057	32.947441	0	50	82	道路
340321103216	祠堂村委会	116.979970	33.033861	0	25	70	乡镇
340323202209	丁圩村委会	117.339824	33.385038	1	80	100	政府机构
340302005003	二钢居委会	117.399418	32.947981	0	30	58	乡镇
340321113216	柳沟村委会	117.097227	32.973925	0	18	66	乡镇
340302200209	太平村委会	117.456831	32.874901	0	18	66	村庄
340323105219	稿沟村委会	117.206190	33.423041	0	18	40	乡镇
340321110210	管庄村委会	117.106290	32.891401	0	30	72	村庄
340302006005	马村社区居委会	117.423919	32.948160	0	30	58	道路
340372006006	建筑一村社区居委会	117.381168	32.938950	0	60	87	地产小区
340321113200	城西村委会	117.139575	32.952944	0	30	72	村庄
340323106209	大桥村委会	117.133661	33.309576	0	30	72	村庄
340321103200	河溜村委会	116.979970	33.033861	0	25	47	乡镇
340322100008	淮河社区居委会	117.850479	33.155799	0	25	70	乡镇
340321114204	曹沟村委会	117.055433	33.026155	0	18	66	乡镇
340321104204	南湖村委会	117.076510	32.730839	0	30	72	村庄
340303005006	万达社区居民委员会	117.401029	32.933714	0	40	51	乡镇
340322108204	刘朵村委会	117.665471	32.995652	0	18	40	乡镇
340311002001	明珠社区居委会	117.360000	32.964200	0	16	47	区县
340302001001	东风居委会	117.366633	32.950928	0	40	72	乡镇
340304100213	九塘村民委员会	117.238929	32.914931	0	18	49	乡镇
340322108205	府台村委会	117.665471	32.995652	0	18	40	乡镇
340304100212	枣林村民委员会	117.258510	32.879909	0	30	72	村庄
340322100009	旧县湾社区居委会	117.850479	33.155799	0	25	47	乡镇
340321114205	淝河新村村委会	116.986305	33.014705	1	80	100	政府机构
340321104205	王咀村委会	117.073161	32.760849	0	30	72	村庄
340321113201	涡南村委会	117.097227	32.973925	0	18	66	乡镇
340323106208	十里村委会	117.135373	33.332483	0	18	66	乡镇
340321103201	莲花村委会	116.972180	32.987461	0	30	72	村庄
340303002003	同乐园社区居委会	117.362020	32.942511	1	80	95	地产小区
340302200208	张巷村委会	117.453490	32.864701	0	30	72	村庄
340323105218	五星村委会	117.206190	33.423041	0	18	66	乡镇
340321110211	叶湖村委会	117.073927	32.890815	0	16	65	乡镇
340302006004	幸福村居委会	117.423919	32.948160	0	30	72	道路
340311104218	五营村委会	117.532841	33.031697	0	18	66	乡镇
340321103217	毛园村委会	116.979970	33.033861	0	25	70	乡镇
340323202208	何圩村委会	117.343056	33.470741	1	80	100	政府机构
340304200206	山香村民委员会	117.282735	32.937557	0	25	55	村庄
340322111209	黄圩村委会	117.646960	33.099581	0	30	72	村庄
340322101209	姚管村委会	117.766289	33.065359	0	18	40	乡镇
340321100207	朱岗村委会	117.199237	32.992191	0	18	66	乡镇
340323201218	乔店村委会	117.256516	33.258925	0	18	66	村庄
340321110207	唐庙村委会	117.073927	32.890815	0	16	65	乡镇
340321107203	胡巷村委会	117.205480	33.083940	0	30	72	村庄
340304100204	花郢村民委员会	117.229539	32.871681	0	30	72	UNKNOWN
340321104213	王巷村委会	117.064347	32.773863	0	18	66	乡镇
340321114213	徐万村委会	117.055433	33.026155	0	18	40	乡镇
340321205210	新集村委会	116.827220	33.035979	0	30	72	村庄
340321111206	洄西村委会	116.861417	33.232845	0	18	40	乡镇
340304401498	安徽怀远马城经济开发区虚拟社区	117.202716	32.956504	0	80	97	UNKNOWN
340321101206	路圩村委会	117.115915	33.149060	1	80	100	政府机构
340322100208	淮五村委会	117.850479	33.155799	0	25	47	乡镇
340322110208	邱塘村委会	117.977931	33.098908	0	18	40	乡镇
340321206200	兰桥村委会	116.969621	32.964453	1	80	100	政府机构
340323100020	皇店居委会	117.379820	33.368874	0	16	65	乡镇
340321112216	油坊村委会	117.163890	33.027511	0	30	72	村庄
340323105222	马圩村委会	117.206190	33.423041	0	18	66	乡镇
340302004003	施家洼居委会	117.381230	32.951904	0	40	65	道路
340321102216	姚湾村委会	116.855111	33.125028	0	30	72	村庄
340321201204	红星村委会	117.117920	33.141490	0	30	72	村庄
340304100228	上洪村委会	117.206797	32.933763	1	80	100	政府机构
340321106202	大祝村委会	116.915771	33.251797	0	25	47	乡镇
340304101205	立新村委会	117.173366	32.826142	0	18	66	乡镇
340321115204	君王村委会	117.051072	33.238975	0	18	66	乡镇
340321201212	南海村委会	117.004890	33.133470	0	30	72	村庄
340304101213	西程村委会	117.173366	32.826142	0	18	66	乡镇
340321106214	小街村委会	117.050914	32.762478	1	80	100	政府机构
340321113016	圣泉社区居委会	117.097227	32.973925	0	18	66	乡镇
340322109204	路西村委会	117.875870	33.321030	0	30	72	村庄
340321101210	金沟村委会	117.161090	33.214521	0	30	72	村庄
340321111210	赵庄村委会	116.937929	33.208071	1	80	100	政府机构
340323104219	田圩村委会	117.512453	33.224293	1	80	100	政府机构
340321205206	殷尚村委会	116.774100	33.111999	0	30	58	UNKNOWN
340311104222	陈桥村委会	117.464580	33.023341	0	30	72	村庄
340303003002	纬一社区居委会	117.356437	32.943566	0	40	59	道路
340321102200	龙亢村委会	116.904137	33.119002	0	18	66	乡镇
340323201222	松南村委会	117.256516	33.258925	0	18	66	村庄
340323107209	东荀村委会	117.524584	33.309009	0	18	35	乡镇
340321112200	刘桥村委会	117.167940	33.075552	1	80	100	政府机构
340372007006	金滨社区居委会	117.397499	32.921817	0	40	72	乡镇
340372009018	万荣社区居委会	117.365549	32.904018	0	30	58	乡镇
340311103206	淝北村委会	117.296016	33.007787	0	18	66	乡镇
340304198001	大庆社区	117.339304	32.921595	0	25	70	乡镇
340322100005	中市社区居委会	117.850479	33.155799	0	25	70	乡镇
340322105207	陈巷村委会	117.671850	33.179209	0	30	72	村庄
340302100206	余滩村委会	117.481336	32.938850	0	18	40	乡镇
340321104209	镇南新村村委会	116.986305	33.014705	1	80	100	政府机构
340323101200	西南村委会	117.474159	33.105988	0	18	66	乡镇
340321114209	新建村委会	116.978187	33.113819	0	30	72	村庄
340323104002	九湾居委会	117.458800	33.175349	1	80	100	政府机构
340311100216	吴郢村委会	117.322008	32.976110	0	20	67	乡镇
340322106217	张庄村委会	117.667085	33.281838	1	80	100	政府机构
340321109207	潘集村委会	116.926099	32.863366	0	25	70	乡镇
340323102210	李韦村委会	117.380319	33.141084	0	18	40	乡镇
340322111213	朱袁村委会	117.660360	33.084930	0	25	47	乡镇
340302200204	大卢村委会	117.415331	32.877450	0	30	72	村庄
340322101213	潘圩村委会	117.766289	33.065359	0	18	66	乡镇
340303201001	施徐光彩社区居民委员会	117.392000	32.933131	0	40	47	村庄
340321102220	界沟村委会	116.904137	33.119002	0	18	66	乡镇
340323201202	任湖村委会	117.256516	33.258925	0	18	66	村庄
340323105214	桥东村委会	117.206190	33.423041	0	18	40	乡镇
340323100016	唐南居委会	117.275460	33.356171	1	80	100	政府机构
340311104202	汪邢村委会	117.532841	33.031697	0	18	40	乡镇
340322112203	高庙村委会	117.698320	33.224391	0	30	72	村庄
340323202212	余桥村委会	117.310460	33.449099	0	30	72	村庄
340323106204	陈海村委会	117.135373	33.332483	0	18	66	乡镇
340371400004	文景路居委会	117.269924	32.828933	0	16	47	乡镇
340322101205	许林村委会	117.766289	33.065359	0	18	66	乡镇
340322111205	盛桥村委会	117.683620	33.087470	0	30	72	村庄
340302200212	八里岗村委会	117.456831	32.874901	0	18	66	村庄
340323105202	沟南村委会	117.172002	33.347294	1	80	100	政府机构
340372008003	菱湖社区居委会	117.406251	32.907431	0	25	55	乡镇
340322112215	彭集村委会	117.757719	33.230383	0	18	66	乡镇
340311104214	洪庙村委会	117.532841	33.031697	0	18	66	乡镇
340323106212	单湾村委会	117.135373	33.332483	0	18	40	乡镇
340323202204	棠棣村委会	117.327103	33.424239	0	18	66	村庄
340321101226	西楼村委会	117.124831	33.189092	0	25	70	乡镇
340302100210	朝阳村委会	117.468620	32.919451	0	30	72	村庄
340322105211	管咀村委会	117.700389	33.178612	0	18	66	乡镇
340322100013	禾香社区居委会	117.850479	33.155799	0	25	70	乡镇
340322201207	新划村委会	117.630202	32.944595	0	18	66	乡镇
340311103210	胡口村委会	117.296016	33.007787	0	18	40	乡镇
340303200201	孙家圩村委会	117.359639	32.857823	0	18	66	村庄
340322106201	小吴村委会	117.631891	33.243369	0	16	65	乡镇
340372008404	金恒社区居委会（筹备组）	117.406251	32.907431	0	25	55	乡镇
340311100200	小蚌埠村委会	117.348562	32.962553	1	80	100	政府机构
340321109211	何巷村委会	116.943130	32.917100	0	30	72	村庄
340323102206	胡洼村委会	117.304235	33.188901	1	80	100	政府机构
340321100030	新桥社区居委会	117.199237	32.992191	0	18	66	乡镇
340304100208	宗洼村民委员会	117.238929	32.914931	0	18	49	乡镇
340372009002	沁雅花园社区居委会	117.365549	32.904018	0	30	58	乡镇
340323101001	镇南居委会	117.458141	33.100146	1	80	100	政府机构
340323104203	南邹村委会	117.489325	33.250367	0	25	47	乡镇
340322110204	井头村委会	117.942060	33.120091	0	30	72	村庄
340322100204	黄盆窑村委会	117.850479	33.155799	0	25	70	乡镇
340304101209	新城口村委会	117.107101	32.770486	1	80	100	政府机构
340321108210	后集村委会	116.808129	32.940993	0	18	66	乡镇
340323103207	孟城村委会	117.320228	33.234509	0	18	66	乡镇
340311101201	淮上村委会	117.400405	32.977072	0	40	65	道路
340322107200	金岗村委会	117.827660	33.092831	0	25	70	乡镇
340304100224	陈郢村委会	117.238929	32.914931	0	18	66	乡镇
340323201003	曹徐居委会	117.256516	33.258925	0	18	49	村庄
340321201208	仁和村委会	117.087590	33.161730	0	30	72	村庄
340311102211	周台村委会	117.387357	33.046113	0	18	40	乡镇
340322104210	柳湖村委会	117.893745	33.214237	0	18	66	乡镇
340321108206	陈安村委会	116.808129	32.940993	0	18	66	乡镇
340323103211	连城村委会	117.320228	33.234509	0	18	40	乡镇
340321104225	彭庙村委会	117.064347	32.773863	0	18	66	乡镇
340372008202	雪华村委会	117.406251	32.907431	0	25	47	乡镇
340322107216	安淮村委会	117.827660	33.092831	0	25	70	乡镇
340322109208	张姚村委会	117.894292	33.291115	0	18	66	乡镇
340321115208	瓦一村委会	117.051072	33.238975	0	18	40	乡镇
340323100201	张桥村委会	117.304710	33.344580	0	30	72	村庄
340322104206	陆圩村委会	117.893745	33.214237	0	18	66	乡镇
340311102207	周郢村委会	117.387357	33.046113	0	18	66	乡镇
340323107205	丁楼村委会	117.522557	33.315299	1	80	100	政府机构
340372009014	琥珀社区居委会	117.202716	32.956504	0	80	93	UNKNOWN
340322103202	上营村委会	117.930870	33.046600	0	30	72	村庄
340323104215	东楼村委会	117.391459	33.202286	1	80	100	政府机构
340323200203	钟黄村委会	117.419188	33.308403	0	18	40	村庄
340322110212	珩庄村委会	117.977931	33.098908	0	18	40	乡镇
