340421204208	童圩村委会	116.550143	32.897072	0	18	66	村庄
340406102210	黑土李村委会	116.889166	32.809145	0	18	35	乡镇
340405001004	治西社区居委会	116.860032	32.635221	0	30	51	道路
340404005003	新安社区居委会	116.862754	32.592305	0	40	72	乡镇
340422101210	尚庙村委会	116.717394	32.462017	0	18	66	乡镇
340402200207	河沿村委会	117.120016	32.566647	0	18	66	村庄
340422111210	青城村委会	116.696421	32.167204	0	16	65	乡镇
340403103206	西瓦村村委会	116.993352	32.571814	0	18	66	乡镇
340406104002	潘三西社区居委会	116.715549	32.820817	0	18	40	乡镇
340406101200	新淮村委会	116.934960	32.694780	0	30	72	村庄
340421209206	前老村委会	116.645224	32.873018	0	18	35	乡镇
340402102003	重华社区居委会	117.132448	32.615199	0	20	67	乡镇
340422102200	涧沟村委会	116.644912	32.527328	0	18	66	乡镇
340422107002	苏王街道居委会	116.698964	32.370250	0	18	49	乡镇
340422112200	东岳村委会	116.676203	32.062831	0	18	66	乡镇
340406106204	刘集村委会	116.954298	32.770060	0	18	66	乡镇
340402100205	马庙村委会	117.148024	32.702453	0	18	66	乡镇
340403008006	龙泉社区居委会	116.970034	32.615962	0	25	70	乡镇
340422100006	永青社区居委会	116.799000	32.555701	0	14	37	区县
340422105204	大台村委会	116.560617	32.324084	0	18	49	乡镇
340422115204	李桥村委会	116.864695	32.062078	0	16	47	乡镇
340421109204	胡集村委会	116.679340	32.597421	0	30	72	村庄
340421100025	稻香花园社区居民委员会	116.754668	32.714183	0	20	36	乡镇
340403005008	华声苑社区居委会	117.003065	32.635887	1	80	100	政府机构
340406202204	蔡庙村委会	116.884902	32.738124	0	18	66	乡镇
340406106212	北武村委会	116.954298	32.770060	0	18	40	乡镇
340422201204	韩店村委会	116.554538	32.210017	0	18	66	村庄
340404001001	赵郢孜社区居委会	116.834587	32.587932	1	80	97	政府机构
340403008010	铁三处社区居委会	116.970034	32.615962	0	25	55	乡镇
340421100033	胜利社区居民委员会	116.754668	32.714183	0	20	41	乡镇
340405121007	东风社区居民委员会	116.824592	32.664280	1	80	100	政府机构
340421109212	新建村委会	116.581460	32.636890	0	30	72	村庄
340406105202	小郢村委会	116.793554	32.739395	0	18	66	乡镇
340422116202	郑岗村委会	116.970394	32.078401	0	18	66	乡镇
340422106202	王楼村委会	116.646303	32.272142	0	18	49	乡镇
340406102206	后湖村委会	116.928721	32.780630	1	80	100	政府机构
340403100200	姚北村村委会	117.009995	32.660304	1	80	100	政府机构
340402200211	胡拐村委会	117.120016	32.566647	0	18	66	村庄
340422111206	甲贝村委会	116.696421	32.167204	0	16	38	乡镇
340422101206	胜利村委会	116.717394	32.462017	0	18	49	乡镇
340403101104	下陈社区居委会	116.967305	32.629843	1	80	95	地产小区
340402101005	金庄社区居委会	117.082952	32.686041	0	18	66	乡镇
340422500500	保义农场	116.740809	32.557792	0	18	66	乡镇
340421209210	瓦房村委会	116.663879	32.831146	1	80	100	政府机构
340421108004	园艺社区居民委员会	116.597771	32.755155	0	18	40	乡镇
340404200209	李咀村村委会	116.922930	32.414491	0	30	58	村庄
340403103210	大郢村村委会	116.986177	32.548964	1	80	100	政府机构
340402102202	曹店村委会	117.132448	32.615199	0	20	67	乡镇
340422102001	顾寨街道居委会	116.644912	32.527328	0	18	49	乡镇
340422107203	四店村委会	116.698964	32.370250	0	18	35	乡镇
340422117203	堰东村委会	116.856840	32.178767	0	18	66	乡镇
340422112001	闫店街道居委会	116.676203	32.062831	0	18	49	乡镇
340421108213	童徐村委会	116.597771	32.755155	0	18	40	乡镇
340406104203	桥西村委会	116.715549	32.820817	0	18	40	乡镇
340402101212	宫集村委会	117.057608	32.661452	1	80	100	政府机构
340403201203	尹祠村村委会	117.015649	32.424030	1	80	100	政府机构
340406100217	安台村委会	116.835000	32.772199	0	16	30	区县
340405003003	矿南社区居委会	116.818088	32.643882	0	30	51	道路
340421102219	左集村委会	116.503006	32.702258	0	18	35	乡镇
340405121210	南塘村委会	116.800609	32.642944	1	80	100	政府机构
340403100105	洞山社区居委会	117.030030	32.645776	0	25	55	乡镇
340422100207	兴隆村委会	116.799000	32.555701	0	14	37	区县
340422110207	姚祠村委会	116.577091	32.099221	0	18	40	乡镇
340403101201	陆塘村村委会	116.972909	32.650429	1	80	100	政府机构
340421111209	邵集村委会	116.592981	32.901762	1	80	100	政府机构
340406103207	大庄村委会	116.759370	32.817100	0	30	72	村庄
340422113201	精神村委会	116.720600	32.041944	0	18	40	乡镇
340422103201	湖沿村委会	116.582940	32.475536	0	18	66	乡镇
340403103103	绿湾社区委员会	116.993352	32.571814	0	18	49	乡镇
340405121206	山王村委会	116.811190	32.660721	0	30	72	村庄
340406100201	顺河村委会	117.000590	32.709680	0	30	72	村庄
340403102207	宋王村村委会	117.037849	32.491045	0	18	66	乡镇
340404004002	桂苑社区居委会	116.862374	32.601429	0	40	72	乡镇
340403100113	奥林社区居委会	117.030030	32.645776	0	25	70	乡镇
340406103211	集南村委会	116.809681	32.847129	0	18	66	乡镇
340421205209	曹洼村委会	116.483021	32.821473	0	18	66	村庄
340422203203	马店回族村委会	116.863119	32.362693	0	18	49	乡镇
340406104215	梁庙村委会	116.715549	32.820817	0	18	66	乡镇
340421108205	大王村委会	116.624240	32.776571	0	30	72	村庄
340422114205	魏荒村委会	116.761754	31.976175	0	18	40	乡镇
340422104205	谭套村委会	116.507849	32.419943	0	18	40	乡镇
340402101204	陈郢村委会	117.082952	32.686041	0	18	66	乡镇
340421100009	缪郢社区居民委员会	116.754668	32.714183	0	20	41	乡镇
340406107205	劝桥村委会	116.862706	32.700991	0	20	41	乡镇
340421103202	毕湾村委会	116.486138	32.923105	0	18	40	乡镇
340421113202	孤山村委会	116.666050	32.703440	0	30	72	村庄
340405100202	钱淮村委会	116.849525	32.645375	0	25	47	乡镇
340421110212	刘巴村委会	116.695365	32.759422	0	18	40	乡镇
340405001008	化工社区居委会	116.860032	32.635221	0	30	72	道路
340406100221	张岗村委会	116.976253	32.705020	1	80	100	政府机构
340421100029	淮丰社区居民委员会	116.754668	32.714183	0	20	41	乡镇
340402001003	居北社区居委会	117.063444	32.624030	0	30	51	乡镇
340421109208	周台村委会	116.624875	32.600596	0	18	40	乡镇
340422108206	小集村委会	116.775302	32.347430	0	16	65	乡镇
340403005004	理工大社区居委会	117.017000	32.647099	0	16	33	区县
340422118206	李山村委会	116.947201	32.219467	0	16	65	乡镇
340404103201	桃元村村委会	116.970626	32.501289	0	18	66	乡镇
340421104206	大台村委会	116.515830	32.769480	0	30	72	村庄
340406106208	华李村委会	116.954298	32.770060	0	18	40	乡镇
340421114206	曙光村委会	116.585420	32.917210	0	30	72	村庄
340422115208	三关村委会	116.864695	32.062078	0	16	65	乡镇
340422105208	酒流村委会	116.560617	32.324084	0	18	66	乡镇
340402100209	上窑村委会	117.156016	32.722831	0	30	72	村庄
340404100207	二道河村村委会	116.913982	32.605631	0	25	55	乡镇
340421107200	姚李村委会	116.546700	32.673134	0	18	66	乡镇
340422118210	唐店村委会	116.947201	32.219467	0	16	65	乡镇
340422108210	红桥村委会	116.775302	32.347430	0	16	65	乡镇
340421114210	尚王村委会	116.657726	32.922234	0	18	40	乡镇
340421105401	顾北矿居委会	116.568861	32.830897	0	20	41	乡镇
340406202208	陶郢村委会	116.884902	32.738124	0	18	66	乡镇
340421104210	田岗村委会	116.506931	32.788730	1	80	100	政府机构
340406108200	秦万村委会	116.738160	32.880273	0	18	40	乡镇
340422201208	塘北村委会	116.554538	32.210017	0	18	49	村庄
340403006002	公园社区居委会	117.014843	32.651337	0	30	72	乡镇
340404200205	老岗村村委会	116.946435	32.408905	1	80	100	政府机构
340421113214	彭岗村委会	116.661143	32.692443	0	18	66	乡镇
340421103214	李庙村委会	116.393999	32.929192	1	80	100	政府机构
340403001006	田电社区居委会	117.044153	32.671922	0	30	72	乡镇
340421204212	东林村委会	116.529580	32.867879	0	30	72	村庄
340422121203	粮台村委会	116.823205	32.451357	0	18	66	乡镇
340403007003	军民社区居委会	117.021395	32.622285	0	30	72	道路
340421115211	郭王村委会	116.427540	32.951510	0	25	70	乡镇
340421104400	张集煤矿居委会	116.486874	32.767678	0	18	49	乡镇
340422109211	张祠村委会	116.760508	32.247911	0	18	66	乡镇
340421113003	高潮社区居民委员会	116.661143	32.692443	0	18	40	乡镇
340406001011	杨集社区居委会	116.828720	32.778328	0	18	66	乡镇
340403100109	前锋社区居委会	117.030030	32.645776	0	25	70	乡镇
340422120202	陶巷村委会	116.987346	32.334963	0	18	49	乡镇
340421111205	彭庄村委会	116.412241	32.875041	0	20	67	乡镇
340421205213	高庄村委会	116.512813	32.761400	1	80	100	政府机构
340421102215	朱庄村委会	116.458379	32.723605	1	80	100	政府机构
340404201204	蔡圩村村委会	116.939615	32.498901	1	80	100	政府机构
340403003001	纺织社区居委会	117.034834	32.644488	0	30	72	乡镇
340406001007	李圩社区居委会	116.817544	32.771503	1	80	100	政府机构
340421205205	圩西村委会	116.683429	32.878518	1	80	100	政府机构
340421111213	前圩村委会	116.412241	32.875041	0	20	67	乡镇
340421112203	前元村委会	116.635431	32.826923	0	18	66	乡镇
340421107001	夏集社区居委会	116.558117	32.655190	0	50	82	UNKNOWN
340404100006	选煤社区居委会	116.913982	32.605631	0	25	70	乡镇
340421102203	罗杨村委会	116.529790	32.714819	0	30	58	UNKNOWN
340402101208	林巷村委会	117.073041	32.639799	0	30	72	村庄
340422104209	前圩村委会	116.507849	32.419943	0	18	66	乡镇
340422114209	张岗村委会	116.928277	32.497488	1	80	100	政府机构
340421110005	后马场社区居民委员会	116.716110	32.716939	0	30	58	UNKNOWN
340421115207	崔海村委会	116.427540	32.951510	0	25	70	乡镇
340404102200	乳山村村委会	116.826525	32.598591	1	80	100	政府机构
340421105207	黄湾村委会	116.549320	32.849760	0	30	72	村庄
340421100005	东城社区居民委员会	116.754668	32.714183	0	20	41	乡镇
340422109207	开荒村委会	116.760508	32.247911	0	18	66	乡镇
340421108209	赵胡村委会	116.597771	32.755155	0	18	40	乡镇
340421212201	魏郢村委会	116.742541	32.674689	0	25	70	乡镇
340403004004	东城社区居委会	117.028312	32.665626	0	25	70	乡镇
340422109206	后楼村委会	116.760508	32.247911	0	18	49	乡镇
340421108208	西龚村委会	116.597771	32.755155	0	18	40	乡镇
340421212200	民族村委会	116.742541	32.674689	0	25	70	乡镇
340422104208	董圩村委会	116.507849	32.419943	0	18	66	乡镇
340422114208	魏楼村委会	116.761754	31.976175	0	18	66	乡镇
340421110004	高山社区居民委员会	116.695365	32.759422	0	18	40	乡镇
340421115206	王桥村委会	116.389480	32.968651	0	30	72	村庄
340421105206	北樊庙村委会	116.568861	32.830897	0	20	36	乡镇
340404102201	邱岗村村委会	116.851425	32.584618	0	18	40	乡镇
340421100004	菜市社区居民委员会	116.754668	32.714183	0	20	41	乡镇
340421112202	耿王村委会	116.533805	32.917574	1	80	100	政府机构
340421102202	马杨村委会	116.503006	32.702258	0	18	40	乡镇
340406001006	白云社区居委会	116.828720	32.778328	0	18	66	乡镇
340421205204	关庄村委会	116.479130	32.845040	0	30	72	村庄
340421111212	韩湖村委会	116.412241	32.875041	0	20	67	乡镇
340421102214	姚靳村委会	116.503006	32.702258	0	18	40	乡镇
340404201205	黄老圩村村委会	116.922401	32.496708	1	80	100	政府机构
340406001010	秦庄社区居委会	116.819480	32.771080	1	80	100	政府机构
340403100108	钟郢社区居委会	117.038438	32.653648	1	80	100	政府机构
340404103001	杨公社区居委会	116.970626	32.501289	0	18	66	乡镇
340421111204	中塘村委会	116.461780	32.867990	0	30	72	村庄
340422120203	九井村委会	116.987346	32.334963	0	18	66	乡镇
340421205212	张楼村委会	116.536871	32.879030	1	80	100	政府机构
340422109210	东楼村委会	116.760508	32.247911	0	18	66	乡镇
340421106200	魏庙村委会	116.634597	32.656047	0	18	66	乡镇
340421113002	八里塘社区居民委员会	116.696190	32.717600	0	30	58	村庄
340403007002	小街社区居委会	117.021395	32.622285	0	30	72	道路
340421115210	黄圩村委会	116.418250	32.930909	0	30	72	村庄
340421104401	张集北矿居委会	116.486874	32.767678	0	18	40	乡镇
340421204213	西林村委会	116.525330	32.859310	0	30	72	村庄
340422121202	马墙村委会	116.823205	32.451357	0	18	66	乡镇
340402101008	胡圩社区居委会	117.059730	32.640380	0	30	72	UNKNOWN
340404200204	柯湖村村委会	116.960450	32.403699	0	30	58	村庄
340403001007	电建社区居委会	117.044153	32.671922	0	30	58	乡镇
340421114211	后王村委会	116.648130	32.927470	0	30	72	村庄
340421105400	顾桥矿居委会	116.541559	32.839658	0	50	82	道路
340406202209	新河村委会	116.873660	32.739641	0	30	72	村庄
340406108201	唐集村委会	116.738160	32.880273	0	18	66	乡镇
340421104211	观音村委会	116.481630	32.778419	0	30	72	村庄
340403006003	园南社区居委会	117.014843	32.651337	0	30	58	乡镇
340422201209	迎南村委会	116.554538	32.210017	0	18	40	村庄
340421107201	路岗村委会	116.546700	32.673134	0	18	40	乡镇
340404100206	耿皇村村委会	116.899495	32.630726	1	80	100	政府机构
340422118211	邵店村委会	116.947201	32.219467	0	16	65	乡镇
340422119400	瓦埠湖开发区社区	116.933423	32.302949	0	18	49	乡镇
340421104207	小刘村委会	116.492230	32.746871	0	30	72	村庄
340404103200	杨公村村委会	116.988989	32.514811	0	30	58	村庄
340421114207	界西村委会	116.657726	32.922234	0	18	40	乡镇
340406106209	庙前村委会	116.938690	32.754850	0	30	72	村庄
340422115209	谢墩村委会	116.864695	32.062078	0	16	65	乡镇
340422105209	新墙村委会	116.560617	32.324084	0	18	66	乡镇
340402100208	马岗村委会	117.170790	32.706471	0	30	72	村庄
340421100028	灯塔社区居民委员会	116.754668	32.714183	0	20	41	乡镇
340402001002	站后社区居委会	117.063444	32.624030	0	30	58	乡镇
340421109209	洼梁村委会	116.624875	32.600596	0	18	40	乡镇
340404101401	安徽淮南高新技术产业开发区	116.917279	32.576957	0	25	70	乡镇
340422108207	马厂村委会	116.775302	32.347430	0	16	65	乡镇
340403005005	电力社区居委会	117.012065	32.638048	0	30	72	乡镇
340422118207	吕圩村委会	116.947201	32.219467	0	16	65	乡镇
340406100220	闸口村委会	117.034130	32.713590	0	18	66	乡镇
340421110213	高皇村委会	116.695365	32.759422	0	18	40	乡镇
340405001009	团结社区居委会	116.860032	32.635221	0	30	72	道路
340421204205	友谊村委会	116.579230	32.899020	0	30	72	村庄
340403002001	长青社区居委会	117.028051	32.654430	0	30	72	乡镇
340421106001	中心社居委会	116.634597	32.656047	0	18	66	乡镇
340421103203	联民村委会	116.475400	32.897839	0	30	72	村庄
340421113203	王咀村委会	116.647920	32.684510	0	30	72	村庄
340405100203	钱湖村委会	116.849525	32.645375	0	25	47	乡镇
340422114204	庙桥村委会	116.761754	31.976175	0	18	66	乡镇
340422104204	王祠村委会	116.507849	32.419943	0	18	66	乡镇
340402101205	刘郢村委会	117.082952	32.686041	0	18	66	乡镇
340421100008	古城社区居民委员会	116.727604	32.707051	1	80	92	地产小区
340406107204	陈郢村委会	116.862706	32.700991	0	20	67	乡镇
340422203202	桃园回族村委会	116.863119	32.362693	0	18	49	乡镇
340421108204	淝西村委会	116.597771	32.755155	0	18	40	乡镇
340406104214	代庙村委会	116.715549	32.820817	0	18	66	乡镇
340403100112	赵店社区居委会	116.990009	32.640121	1	80	95	地产小区
340406103210	潘杨村委会	116.809681	32.847129	0	18	66	乡镇
340421205208	张池村委会	116.483021	32.821473	0	18	40	村庄
340422113200	关岗村委会	116.720600	32.041944	0	18	66	乡镇
340422103200	花圩村委会	116.799000	32.555701	0	14	32	区县
340403103102	泓湖社区委员会	116.993352	32.571814	0	18	66	乡镇
340422106002	双门街道居委会	116.646303	32.272142	0	18	49	乡镇
340405121207	毕岗村委会	116.808382	32.675191	0	25	70	乡镇
340406100200	高皇村委会	117.034130	32.713590	0	18	40	乡镇
340403102206	老圩村村委会	117.037849	32.491045	0	18	66	乡镇
340403100104	姚南社区居委会	117.010961	32.645142	1	80	100	政府机构
340422100206	陡涧村委会	116.799000	32.555701	0	14	46	区县
340422110206	包公村委会	116.577091	32.099221	0	18	40	乡镇
340403101200	林王村村委会	116.980809	32.652930	1	80	100	政府机构
340406103206	夏圩村委会	116.809681	32.847129	0	18	66	乡镇
340421111208	邱庙村委会	116.412241	32.875041	0	20	67	乡镇
340403102210	庞祠村村委会	117.008580	32.492689	0	30	58	村庄
340405003002	新建社区居委会	116.818088	32.643882	0	30	72	道路
340406100216	淮上村委会	116.835000	32.772199	0	16	38	区县
340421102218	魏许村委会	116.503006	32.702258	0	18	40	乡镇
340405121211	闪冲村委会	116.808382	32.675191	0	25	47	乡镇
340422200204	赵台村委会	116.768680	32.625461	0	20	67	乡镇
340403201202	瓦杨村村委会	117.041884	32.435066	0	30	58	村庄
340402102203	魏嘴村委会	117.132448	32.615199	0	20	67	乡镇
340422107202	井亭村委会	116.698964	32.370250	0	18	49	乡镇
340422117202	刑铺村委会	116.856840	32.178767	0	18	40	乡镇
340406104202	代楼村委会	116.715549	32.820817	0	18	66	乡镇
340421108212	王圩村委会	116.600500	32.745120	0	30	72	村庄
340421209211	竹园村委会	116.658460	32.877109	0	30	72	村庄
340405002003	支架社区居委会	116.844210	32.615520	1	80	100	政府机构
340421108005	殷岗社区居民委员会	116.597771	32.755155	0	18	40	乡镇
340403103211	三和村村委会	116.973830	32.559690	0	30	58	村庄
340404200208	新庄村村委会	116.913533	32.424898	1	80	100	政府机构
340406102207	谢街村委会	116.889166	32.809145	0	18	66	乡镇
340421110209	酒西村委会	116.678250	32.760301	0	30	58	UNKNOWN
340422111207	天岗村委会	116.696421	32.167204	0	16	65	乡镇
340402200210	孔店村委会	117.120016	32.566647	0	18	40	村庄
340422101207	梨树村委会	116.717394	32.462017	0	18	66	乡镇
340403101105	黑泥社区居委会	116.954552	32.628889	0	50	82	UNKNOWN
340402101004	农场社区居委会	117.101502	32.645879	1	80	100	政府机构
340405121006	淮岸社区居委会	116.808497	32.680970	1	80	100	政府机构
340421100032	山赵社区居民委员会	116.754668	32.714183	0	20	41	乡镇
340406105203	杨集村委会	116.807551	32.734386	1	80	100	政府机构
340421109213	臧巷村委会	116.565607	32.609524	1	80	100	政府机构
340406100001	前圩社区居委会	117.034130	32.713590	0	18	49	乡镇
340422116203	双枣村委会	116.970394	32.078401	0	18	40	乡镇
340422113001	茶庵街道居委会	116.720600	32.041944	0	18	49	乡镇
340422103001	薛湖街道居委会	116.582940	32.475536	0	18	49	乡镇
340422106203	新华村委会	116.646303	32.272142	0	18	66	乡镇
340406202205	聂圩村委会	116.884902	32.738124	0	18	40	乡镇
340406106213	新集村委会	116.954298	32.770060	0	18	66	乡镇
340422201205	南场村委会	116.554538	32.210017	0	18	49	村庄
340403008011	信苑社区委员会	117.017000	32.647099	0	16	47	区县
340421109205	曹集村委会	116.624875	32.600596	0	18	66	乡镇
340421100024	福海园社区居委会	116.710229	32.713830	0	50	82	地产小区
340403005009	诚信社区居委会	117.012065	32.638048	0	30	72	乡镇
340406106205	东王村委会	116.975340	32.774130	0	30	72	村庄
340403008007	东淮社区居委会	116.970034	32.615962	0	25	70	乡镇
340402100204	红光村委会	117.148024	32.702453	0	18	66	乡镇
340422100007	东津社区居委会	116.799000	32.555701	0	14	37	区县
340422105205	双碑村委会	116.560617	32.324084	0	18	66	乡镇
340422115205	圣井村委会	116.864695	32.062078	0	16	65	乡镇
340403103207	四店村村委会	116.993352	32.571814	0	18	66	乡镇
340406104003	特凿社区居委会	116.715549	32.820817	0	18	66	乡镇
340406101201	庙新村委会	116.943701	32.676764	0	25	55	乡镇
340421209207	大程村委会	116.645224	32.873018	0	18	66	乡镇
340402102002	淮舜社区居委会	117.112120	32.606101	0	30	72	村庄
340422102201	张郢村委会	116.965087	32.586827	1	80	100	政府机构
340422112201	黄圩村委会	116.676203	32.062831	0	18	49	乡镇
340421204209	童集村委会	116.550143	32.897072	0	18	66	村庄
340405001005	矿北社区居委会	116.860032	32.635221	0	30	72	道路
340406102211	振兴村委会	116.889166	32.809145	0	18	49	乡镇
340422101211	马荒村委会	116.717394	32.462017	0	18	66	乡镇
340404005002	商业社区居委会	116.862754	32.592305	0	40	58	乡镇
340422111211	观音村委会	116.696421	32.167204	0	16	47	乡镇
340402200206	柿元村委会	117.120016	32.566647	0	18	40	村庄
340421113204	淝北村委会	116.661143	32.692443	0	18	66	乡镇
340421103204	清泉村委会	116.486138	32.923105	0	18	66	乡镇
340404101001	河东社区居委会	116.917279	32.576957	0	25	70	乡镇
340405100204	沈巷村委会	116.853410	32.625711	0	30	72	村庄
340421110214	双湖村委会	116.649620	32.776679	0	30	72	村庄
340421204202	北芹村委会	116.550143	32.897072	0	18	35	村庄
340402001005	矿南社区居委会	117.063444	32.624030	0	30	51	乡镇
340422118200	双湾村委会	116.947201	32.219467	0	16	65	乡镇
340422108200	许寺民族村委会	116.775302	32.347430	0	16	47	乡镇
340403005002	龙湖社区居委会	117.019133	32.647086	1	80	100	政府机构
340421114200	大兴村委会	116.601772	32.941364	0	30	72	村庄
340404103207	胡岗村村委会	116.942991	32.457939	1	80	100	政府机构
340406108210	李庄村委会	116.781467	32.824002	1	80	100	政府机构
340421104200	岳张集村委会	116.486874	32.767678	0	18	35	乡镇
340404100201	永青村村委会	116.913982	32.605631	0	25	70	乡镇
340421107206	陈集村委会	116.546700	32.673134	0	18	66	乡镇
340406105208	王圩村委会	116.793554	32.739395	0	18	49	乡镇
340422116208	塘面村委会	116.970394	32.078401	0	18	66	乡镇
340422106208	红星村委会	116.646303	32.272142	0	18	49	乡镇
340421104216	大胡村委会	116.455799	32.776302	1	80	100	政府机构
340404103211	杨祠村村委会	116.970626	32.501289	0	18	66	乡镇
340406108206	塘东村委会	116.784520	32.893310	0	30	72	村庄
340403006004	陈岗社区居委会	117.014843	32.651337	0	30	72	乡镇
340421103212	北刘集村委会	116.461420	32.918358	0	50	73	UNKNOWN
340404200203	刘郢村村委会	116.980773	32.411946	1	80	100	政府机构
340421113212	朱大圩村委会	116.661143	32.692443	0	18	66	乡镇
340422121205	真武村委会	116.823205	32.451357	0	18	66	乡镇
340421110202	芮集村委会	116.695365	32.759422	0	18	40	乡镇
340403007005	中兴社区居委会	116.999787	32.622094	1	80	100	政府机构
340404102210	李咀村村委会	116.851425	32.584618	0	18	66	乡镇
340406104209	王桥村委会	116.709223	32.863787	1	80	100	政府机构
340404101200	赖山村村委会	116.898479	32.580640	1	80	100	政府机构
340421106207	山拐村委会	116.634597	32.656047	0	18	40	乡镇
340406001017	南圩社区居委会	116.828720	32.778328	0	18	66	乡镇
340422120204	官塘村委会	116.987346	32.334963	0	18	49	乡镇
340421111203	店集村委会	116.412241	32.875041	0	20	41	乡镇
340421205215	中南村委会	116.483021	32.821473	0	18	66	村庄
340422118001	小甸街道居委会	116.947201	32.219467	0	16	47	乡镇
340422108001	大光社区居委会	116.775302	32.347430	0	16	65	乡镇
340421112213	依沟村委会	116.635431	32.826923	0	18	40	乡镇
340404201202	大洼村村委会	116.947457	32.535403	1	80	100	政府机构
340421102213	靳楼村委会	116.503006	32.702258	0	18	66	乡镇
340403003007	湖滨社区居委会	117.034834	32.644488	0	30	72	乡镇
340406001001	菊苑社区居委会	116.828720	32.778328	0	18	49	乡镇
340402400001	龙池社区居委会	117.072152	32.647889	0	25	67	工业园区
340421205203	陈圩村委会	116.483021	32.821473	0	18	66	村庄
340402200221	新华村委会	117.037980	32.557181	0	30	72	村庄
340421102205	前靳村委会	116.503006	32.702258	0	18	40	乡镇
340421112205	张巷村委会	116.620060	32.819501	0	30	72	村庄
340421100003	青年社区居民委员会	116.754668	32.714183	0	20	41	乡镇
340404102206	九里村村委会	116.851425	32.584618	0	18	66	乡镇
340421105201	南圩村委会	116.539080	32.823419	0	30	72	村庄
340421115201	龙庙村委会	116.427540	32.951510	0	25	70	乡镇
340421110003	新湖社区居民委员会	116.695365	32.759422	0	18	40	乡镇
340403004003	金太阳社区居委会	117.028312	32.665626	0	25	55	乡镇
340422109201	陈庙村委会	116.760508	32.247911	0	18	66	乡镇
340422119201	上奠村委会	116.933423	32.302949	0	18	40	乡镇
340421106211	张王村委会	116.734260	32.618381	0	30	72	村庄
340405001002	新培社区居委会	116.860032	32.635221	0	30	58	道路
340422200002	淝水社区居委会	116.768680	32.625461	0	20	67	乡镇
340402200201	王祠村委会	117.120016	32.566647	0	18	66	村庄
340421209200	关店村委会	116.645224	32.873018	0	18	66	乡镇
340421103208	肖集村委会	116.499900	32.934371	0	30	58	UNKNOWN
340403103200	洞山村村委会	116.993352	32.571814	0	18	66	乡镇
340406101206	王圩村委会	116.885560	32.676940	0	30	72	村庄
340406104004	庙后社区居委会	116.715549	32.820817	0	18	49	乡镇
340406001021	杨田社区居民委员会	116.828720	32.778328	0	18	40	乡镇
340405100208	下郢村委会	116.849525	32.645375	0	25	70	乡镇
340422102206	菱角村委会	116.644912	32.527328	0	18	40	乡镇
340406106202	转塘村委会	116.938500	32.766470	0	30	72	村庄
340422115202	石埠村委会	116.864695	32.062078	0	16	65	乡镇
340402100203	云南岗村委会	117.148024	32.702453	0	18	40	乡镇
340422105202	瓦房村委会	116.560617	32.324084	0	18	49	乡镇
340421100023	前马场社区居民委员会	116.754668	32.714183	0	20	41	乡镇
340421109202	元新村委会	116.624875	32.600596	0	18	66	乡镇
340422500402	第二居委会	116.740809	32.557792	0	18	66	乡镇
340422116212	汤岗村委会	116.970394	32.078401	0	18	66	乡镇
340404002001	新华社区居委会	116.880219	32.590805	0	25	70	乡镇
340406106214	薛集村委会	116.954298	32.770060	0	18	66	乡镇
340406202202	苏杨村委会	116.884902	32.738124	0	18	66	乡镇
340404001007	鸿鑫社区居委会	116.871175	32.596951	0	25	55	乡镇
340403006008	民生社区居委会	117.014843	32.651337	0	30	72	乡镇
340422201202	孙庙村委会	116.554538	32.210017	0	18	66	村庄
340421109214	万岗村委会	116.624875	32.600596	0	18	66	乡镇
340406105204	新圩村委会	116.801400	32.733461	0	30	72	村庄
340421100035	西魏社区居民委员会	116.775850	32.699579	1	80	92	地产小区
340405121001	李山社区居委会	116.808382	32.675191	0	25	55	乡镇
340422106204	邹祠村委会	116.646303	32.272142	0	18	40	乡镇
340422116204	大拐村委会	116.970394	32.078401	0	18	66	乡镇
340406102200	代庙村委会	116.889166	32.809145	0	18	66	乡镇
340406107002	祁圩社区居民委员会	116.862706	32.700991	0	20	41	乡镇
340422104002	枸杞街道居委会	116.507849	32.419943	0	18	49	乡镇
340403101102	安成社区居委会	117.017000	32.647099	0	16	38	区县
340422101200	柏庙民族村委会	116.717394	32.462017	0	18	49	乡镇
340402101003	洛电社区居委会	117.082952	32.686041	0	18	49	乡镇
340402200217	费郢村委会	117.120016	32.566647	0	18	66	村庄
340422111200	桓店村委会	116.696421	32.167204	0	16	38	乡镇
340422114002	余集街道居委会	116.761754	31.976175	0	18	66	乡镇
340421108002	黄庙社区居民委员会	116.597771	32.755155	0	18	40	乡镇
340406101210	店集村委会	116.943701	32.676764	0	25	47	乡镇
340405002004	小刘庄社区居委会	116.840891	32.614336	0	30	58	乡镇
340422117205	吴岗村委会	116.856840	32.178767	0	18	66	乡镇
340402102204	王楼村委会	117.150827	32.617135	1	80	100	政府机构
340422107205	大树村委会	116.698964	32.370250	0	18	66	乡镇
340421209001	民和社区居委会	116.625798	32.888140	0	60	87	地产小区
340421108215	福镇村委会	116.597771	32.755155	0	18	40	乡镇
340406104205	秦圩村委会	116.715549	32.820817	0	18	66	乡镇
340422200203	郝圩村委会	116.768680	32.625461	0	20	67	乡镇
340403201205	庞岗村村委会	116.996221	32.427383	1	80	100	政府机构
340406101400	淮南平圩经济开发区	116.923021	32.679066	0	40	59	UNKNOWN
340406100211	巷东村委会	116.851949	32.773011	1	80	100	政府机构
340405003005	新淮园社区	116.818088	32.643882	0	30	58	道路
340422110201	姚集村委会	116.577091	32.099221	0	18	66	乡镇
340422100201	九龙民族村委会	116.799000	32.555701	0	14	37	区县
340403100103	上湖社区居委会	117.030030	32.645776	0	25	70	乡镇
340422120208	仇集村委会	116.987346	32.334963	0	18	66	乡镇
340406103201	东湖村委会	116.840200	32.863770	0	30	72	村庄
340421112209	曹楼村委会	116.635431	32.826923	0	18	66	乡镇
340406100207	孙岗村委会	117.034130	32.713590	0	18	66	乡镇
340403102201	曹庵村村委会	117.050933	32.478027	0	30	58	村庄
340421102209	赵庄村委会	116.551800	32.724720	0	30	72	村庄
340403100115	中环社区居委会	117.030030	32.645776	0	25	55	乡镇
340406104213	石集村委会	116.675025	32.822354	1	80	100	政府机构
340421108203	大冯村委会	116.585810	32.777220	0	30	72	村庄
340421104220	连塘村委会	116.453320	32.733931	0	30	72	村庄
340422104203	红旗村委会	116.507849	32.419943	0	18	66	乡镇
340422101001	双桥街道居委会	116.717394	32.462017	0	18	66	乡镇
340403009001	泉山社区居委会	116.974070	32.626731	0	25	70	乡镇
340422111001	石集街道居委会	116.696421	32.167204	0	16	47	乡镇
340422114203	张墩村委会	116.761754	31.976175	0	18	66	乡镇
340406102001	梅苑社区居委会	116.889166	32.809145	0	18	66	乡镇
340422104202	建设村委会	116.507849	32.419943	0	18	49	乡镇
340402101203	刘郑村委会	117.082952	32.686041	0	18	40	乡镇
340422114202	顾岗村委会	116.761754	31.976175	0	18	66	乡镇
340406107202	陈湖村委会	116.862706	32.700991	0	20	67	乡镇
340404003001	新民社区居委会	116.853067	32.604066	0	30	72	乡镇
340422501402	第二居委会	116.538713	32.454768	0	25	70	乡镇
340421108202	后胡村委会	116.597771	32.755155	0	18	66	乡镇
340406104212	葛楼村委会	116.686121	32.837946	1	80	100	政府机构
340421104221	徐湖村委会	116.615291	32.842590	1	80	100	政府机构
340403100114	惠利社区居委会	117.030030	32.645776	0	25	55	乡镇
340406103216	草庙村委会	116.805990	32.890731	0	30	72	村庄
340403103104	半山社区委员会	116.993352	32.571814	0	18	49	乡镇
340422103206	王店村委会	116.582940	32.475536	0	18	66	乡镇
340422113206	胡圩村委会	116.720600	32.041944	0	18	49	乡镇
340406100206	龙窝村委会	117.034130	32.713590	0	18	66	乡镇
340421112208	考庄村委会	116.630883	32.806776	1	80	100	政府机构
340403102200	陈巷村村委会	117.062514	32.525787	1	80	100	政府机构
340405121201	孔集村委会	116.808382	32.675191	0	25	70	乡镇
340421102208	陈巷村委会	116.560200	32.713991	0	30	72	村庄
340422110200	青龙村委会	116.577091	32.099221	0	18	49	乡镇
340422115002	广岩街道居委会	116.864695	32.062078	0	16	47	乡镇
340422105002	立新街道居委会	116.853067	32.604066	0	30	72	乡镇
340422100200	南关民族村委会	116.799000	32.555701	0	14	37	区县
340403100102	舜耕社区居委会	117.018622	32.634857	0	40	77	UNKNOWN
340403101206	石头埠村村委会	116.914579	32.641660	1	80	100	政府机构
340406103200	李兴村委会	116.809681	32.847129	0	18	66	乡镇
340406101401	安徽淮南现代煤化工产业园	116.943701	32.676764	0	25	43	乡镇
340405003004	黄山社区居委会	116.818088	32.643882	0	30	72	道路
340406100210	苏咀村委会	117.034130	32.713590	0	18	66	乡镇
340422200202	张管村委会	116.768680	32.625461	0	20	67	乡镇
340403201204	仇嘴村村委会	117.018358	32.435013	0	18	35	村庄
340422117204	周岗村委会	116.856840	32.178767	0	18	66	乡镇
340402102205	方岗村委会	117.132448	32.615199	0	20	67	乡镇
340422107204	柿园村委会	117.024919	32.496612	1	80	100	政府机构
340406104204	城北村委会	116.720083	32.800342	0	30	72	村庄
340421108003	颜王社区居民委员会	116.636673	32.752119	1	80	100	政府机构
340405002005	建井社区居委会	116.840891	32.614336	0	30	58	乡镇
340406101211	平圩村委会	116.921872	32.680673	0	30	72	村庄
340406102201	店集村委会	116.889166	32.809145	0	18	40	乡镇
340406107003	曹岗社区居民委员会	116.862706	32.700991	0	20	41	乡镇
340422104003	正阳关镇解阜社区居委会	116.507849	32.419943	0	18	66	乡镇
340403101103	徐圩社区居委会	116.973481	32.626401	1	80	100	政府机构
340422101201	孙厂村委会	116.717394	32.462017	0	18	49	乡镇
340402101002	洛西社区居委会	117.044913	32.645820	1	80	100	政府机构
340422111201	青峰村委会	116.696421	32.167204	0	16	65	乡镇
340402200216	黄山村委会	117.062700	32.588710	0	30	72	村庄
340406105205	前家村委会	116.793554	32.739395	0	18	66	乡镇
340421100034	黑龙潭社区居民委员会	116.754668	32.714183	0	20	41	乡镇
340422106205	黄安村委会	116.646303	32.272142	0	18	66	乡镇
340422116205	上楼村委会	116.970394	32.078401	0	18	49	乡镇
340406202203	太平村委会	116.884902	32.738124	0	18	66	乡镇
340404001006	西城社区居委会	116.871175	32.596951	0	25	70	乡镇
340422201203	时寺村委会	116.554538	32.210017	0	18	40	村庄
340421100022	谢郢社区居民委员会	116.754668	32.714183	0	20	41	乡镇
340421109203	塘沿村委会	116.624875	32.600596	0	18	66	乡镇
340422500403	第三居委会	116.740809	32.557792	0	18	66	乡镇
340406106203	蔡郢村委会	116.954298	32.770060	0	18	66	乡镇
340422110001	隐贤街道居委会	116.577091	32.099221	0	18	49	乡镇
340422115203	龙楼村委会	116.864695	32.062078	0	16	47	乡镇
340403008001	基地社区居委会	116.970034	32.615962	0	25	55	乡镇
340402100202	外窑村委会	117.148024	32.702453	0	18	66	乡镇
340422105203	肖严村委会	116.560617	32.324084	0	18	40	乡镇
340422100001	南关社区居委会	116.799000	32.555701	0	14	46	区县
340421209201	向桥村委会	116.645224	32.873018	0	18	40	乡镇
340421103209	秦刘村委会	116.486138	32.923105	0	18	40	乡镇
340403103201	王维村村委会	116.993352	32.571814	0	18	66	乡镇
340406101207	谢圩村委会	116.895160	32.674839	0	30	72	村庄
340406104005	荣庄社区居委会	116.715549	32.820817	0	18	66	乡镇
340405100209	杨家地村委会	116.849525	32.645375	0	25	70	乡镇
340406001020	朱圩社区居民委员会	116.828720	32.778328	0	18	40	乡镇
340402102004	新建社区居委会	117.132448	32.615199	0	20	67	乡镇
340422102207	朱厂村委会	116.644912	32.527328	0	18	66	乡镇
340402200200	新街村委会	117.138107	32.541976	0	30	72	村庄
340404005004	瑞安社区居委会	116.862754	32.592305	0	40	72	乡镇
340403004002	旭日苑社区居委会	117.028312	32.665626	0	25	55	乡镇
340422109200	金祠村委会	116.760508	32.247911	0	18	66	乡镇
340422119200	铁佛村委会	116.933423	32.302949	0	18	40	乡镇
340421106210	胡台村委会	116.634597	32.656047	0	18	66	乡镇
340421100002	人民社区居民委员会	116.754668	32.714183	0	20	41	乡镇
340421105200	顾桥村委会	116.568861	32.830897	0	20	67	乡镇
340404102207	施咀村村委会	116.862613	32.565132	0	30	58	村庄
340421115200	尚塘村委会	116.427540	32.951510	0	25	70	乡镇
340402200220	沈大郢村委会	117.120016	32.566647	0	18	66	村庄
340421102204	大庄村委会	116.509340	32.703451	0	30	72	村庄
340421112204	郭徐村委会	116.635431	32.826923	0	18	40	乡镇
340403003006	前锋社区居委会	117.034834	32.644488	0	30	72	乡镇
340421205202	米吴村委会	116.483021	32.821473	0	18	35	村庄
340421111214	淝丰村委会	116.412241	32.875041	0	20	41	乡镇
340421112212	信圩村委会	116.635431	32.826923	0	18	40	乡镇
340404201203	杨岗村村委会	116.914090	32.530296	0	18	66	乡镇
340421102212	曹庄村委会	116.462530	32.701040	0	30	72	村庄
340406001016	杨圩社区居委会	116.828720	32.778328	0	18	66	乡镇
340403003010	罗马广场社区居委会	117.036776	32.644007	1	70	92	地产小区
340421111202	后海村委会	116.407710	32.877069	0	30	72	村庄
340422120205	老嘴村委会	116.987346	32.334963	0	18	40	乡镇
340421205214	先庄村委会	116.408043	32.869450	1	80	100	政府机构
340421108218	白塘村委会	116.587759	32.755325	1	80	100	政府机构
340421106206	董岗村委会	116.677720	32.633001	0	30	72	村庄
340404101201	孟岗村村委会	116.902350	32.569500	0	30	58	村庄
340403007004	新村社区居委会	117.021395	32.622285	0	30	72	道路
340404102211	尚安村村委会	116.870140	32.567211	0	30	58	村庄
340403201208	邵庄村村委会	117.019200	32.476674	1	80	100	政府机构
340422121204	陈圩村委会	117.033423	32.577853	1	80	100	政府机构
340421103213	康圩村委会	116.461420	32.918358	0	50	65	UNKNOWN
340404200202	王集村村委会	116.972890	32.434310	0	30	58	村庄
340421113213	彭圩村委会	116.661143	32.692443	0	18	66	乡镇
340403001001	皖化社区居委会	117.044153	32.671922	0	30	72	乡镇
340422109001	保义街道居委会	116.760508	32.247911	0	18	66	乡镇
340422119001	瓦埠街道居委会	116.933423	32.302949	0	18	49	乡镇
340404103210	大桥村村委会	116.970626	32.501289	0	18	66	乡镇
340406108207	塘西村委会	116.767630	32.895870	0	30	72	村庄
340421104217	井沿村委会	116.486874	32.767678	0	18	66	乡镇
340403006005	东苑社区居委会	117.014843	32.651337	0	30	72	乡镇
340421107207	朱岗村委会	116.546700	32.673134	0	18	66	乡镇
340404100200	山余村村委会	116.898647	32.606887	0	30	51	村庄
340406105209	淮北村委会	116.793554	32.739395	0	18	40	乡镇
340422116209	沈郢村委会	116.970394	32.078401	0	18	66	乡镇
340422106209	团岗村委会	116.646303	32.272142	0	18	66	乡镇
340421114201	大刘村委会	116.597520	32.937439	0	30	72	村庄
340421104201	塘沿村委会	116.486874	32.767678	0	18	66	乡镇
340404103206	双庙村村委会	116.965729	32.449791	1	80	100	政府机构
340406108211	贾庄村委会	116.704850	32.899290	0	30	72	村庄
340421106400	淮南毛集经济开发区	116.603923	32.651332	1	80	100	UNKNOWN
340402001004	居南社区居委会	117.063444	32.624030	0	30	72	乡镇
340422118201	大井村委会	116.947201	32.219467	0	16	65	乡镇
340422108201	魏岗村委会	116.775302	32.347430	0	16	65	乡镇
340403005003	柏园社区居委会	117.012065	32.638048	0	30	58	乡镇
340421110215	胡庙村委会	116.695365	32.759422	0	18	66	乡镇
340421204203	王大村委会	116.550143	32.897072	0	18	66	村庄
340421113205	山口村委会	116.696660	32.670860	0	30	72	村庄
340421103205	利民村委会	116.494432	32.887866	0	30	72	村庄
340405100205	朱岗村委会	116.849525	32.645375	0	25	70	乡镇
340421212205	毛冲村委会	116.742541	32.674689	0	25	70	乡镇
340421106213	何台村委会	116.634597	32.656047	0	18	66	乡镇
340422119203	瓦岗村委会	116.933423	32.302949	0	18	66	乡镇
340403004001	淮河路社区居委会	117.029419	32.662459	1	80	100	政府机构
340422109203	大林村委会	116.760508	32.247911	0	18	49	乡镇
340421115203	朱庙村委会	116.427540	32.951510	0	25	70	乡镇
340421110001	三里沟社区居民委员会	116.695365	32.759422	0	18	40	乡镇
340421100001	中山社区居民委员会	116.729209	32.697549	1	80	92	地产小区
340421105203	童郢村委会	116.563121	32.817947	1	80	100	政府机构
340404102204	东津村村委会	116.851425	32.584618	0	18	66	乡镇
340421112207	宋塘村委会	116.635431	32.826923	0	18	66	乡镇
340406100209	老圩村委会	117.034130	32.713590	0	18	66	乡镇
340421102207	胡马村委会	116.503006	32.702258	0	18	40	乡镇
340421205201	刘楼村委会	116.470560	32.818639	0	30	72	村庄
340403003005	百花园社区居委会	117.028113	32.635783	1	80	100	政府机构
340406001003	碧海社区居委会	116.814744	32.787100	1	80	100	政府机构
340421113400	八里塘矿居委会	116.696190	32.717600	0	30	72	村庄
340421102211	单岗村委会	116.503006	32.702258	0	18	66	乡镇
340421112211	瓦岗村委会	116.635431	32.826923	0	18	66	乡镇
340404201200	孤堆村村委会	116.916203	32.549202	1	80	100	政府机构
340422108003	江黄民族街道居委会	116.775302	32.347430	0	16	38	乡镇
340421111201	刘庄村委会	116.430640	32.863830	0	30	72	村庄
340422120206	袁湖村委会	116.987346	32.334963	0	18	66	乡镇
340406001015	刘庙社区居委会	116.828720	32.778328	0	18	49	乡镇
340421106205	后拐村委会	116.634597	32.656047	0	18	66	乡镇
340404101202	新河村村委会	116.890210	32.555940	0	30	58	村庄
340403007007	生态新城社区居民委员会	117.021395	32.622285	0	30	47	道路
340402200219	马厂村委会	117.120016	32.566647	0	18	66	村庄
340421110200	岗胡村委会	116.695365	32.759422	0	18	66	乡镇
340422121207	马湖村委会	116.823205	32.451357	0	18	49	乡镇
340404101500	淮南市园艺场生活区	116.900150	32.556360	1	80	97	UNKNOWN
340403001002	康利社区居委会	117.044153	32.671922	0	30	58	乡镇
340405100210	妙山村民委员会	116.800861	32.619580	0	30	72	村庄
340404200201	刘庙村村委会	116.958670	32.442619	0	30	58	村庄
340421113210	肖庙村委会	116.661143	32.692443	0	18	66	乡镇
340421103210	刘古城村委会	116.486138	32.923105	0	18	49	乡镇
340403006006	淮河新城社区委员会	116.995646	32.651447	0	50	82	地产小区
340421114214	银杏村委会	116.690480	32.918431	0	30	72	村庄
340406108204	史圩村委会	116.738160	32.880273	0	18	66	乡镇
340421104214	徐圩村委会	116.685067	32.875792	1	80	100	政府机构
340422118214	魏庙村委会	116.947201	32.219467	0	16	65	乡镇
340421107204	尹余村委会	116.546700	32.673134	0	18	40	乡镇
340404100203	周郢村村委会	116.891533	32.623428	1	80	100	政府机构
340421104202	寺沟村委会	116.486874	32.767678	0	18	66	乡镇
340406108212	杨元村委会	116.738160	32.880273	0	18	66	乡镇
340404103205	朱集村村委会	116.970626	32.501289	0	18	66	乡镇
340421114202	赵王村委会	116.657726	32.922234	0	18	66	乡镇
340422108202	高王村委会	116.775302	32.347430	0	16	47	乡镇
340422118202	筑城村委会	116.947201	32.219467	0	16	38	乡镇
340421110216	湖东村委会	116.695365	32.759422	0	18	66	乡镇
340421204200	古店村委会	116.550143	32.897072	0	18	66	村庄
340405100206	蔡洼村委会	116.849525	32.645375	0	25	70	乡镇
340421103206	徐王村委会	116.765731	32.754592	1	80	100	政府机构
340404101003	春申社区居委会	116.917279	32.576957	0	25	70	乡镇
340421106004	河西社居委会	116.634597	32.656047	0	18	49	乡镇
340421113206	前进村委会	116.680720	32.702031	0	30	72	村庄
340406101208	丁郢村委会	116.943701	32.676764	0	25	70	乡镇
340404102208	砂里岗村村委会	116.860190	32.578101	0	30	58	村庄
340406102003	黄圩社区居委会	116.889166	32.809145	0	18	49	乡镇
340422114201	丁岗村委会	116.761754	31.976175	0	18	66	乡镇
340422104201	三岔村委会	116.507849	32.419943	0	18	66	乡镇
340403009003	西苑社区居委会	116.974070	32.626731	0	25	70	乡镇
340402101200	淮建村委会	117.082952	32.686041	0	18	40	乡镇
340421104222	大公村委会	116.492613	32.765497	1	80	100	政府机构
340406104211	罗集村委会	116.673779	32.856087	1	80	100	政府机构
340422501401	第一居委会	116.538713	32.454768	0	25	70	乡镇
340404003002	新乐社区居委会	116.853067	32.604066	0	30	72	乡镇
340406103215	小圩村委会	116.799980	32.860881	0	30	72	村庄
340403003009	康安社区居委会	117.034834	32.644488	0	30	72	乡镇
340404004006	路东社区居委会	116.862374	32.601429	0	40	72	乡镇
340405121202	王巷村委会	116.808382	32.675191	0	25	70	乡镇
340406100205	大集村委会	117.034130	32.713590	0	18	66	乡镇
340403102203	轩岗村村委会	117.040347	32.471960	1	80	100	政府机构
340422113205	谢埠村委会	116.720600	32.041944	0	18	40	乡镇
340422103205	柴岗村委会	116.582940	32.475536	0	18	66	乡镇
340403101205	连岗村村委会	116.925610	32.639881	0	30	58	村庄
340406103203	胡庄村委会	116.820630	32.862850	0	30	72	村庄
340422105001	团结街道居委会	116.560617	32.324084	0	18	49	乡镇
340422100203	周寨村委会	116.799000	32.555701	0	14	46	区县
340403100101	王郢社区居委会	117.041160	32.654496	1	80	97	UNKNOWN
340422110203	郝岗村委会	116.577091	32.099221	0	18	66	乡镇
340406001019	吴湖社区居民委员会	116.828720	32.778328	0	18	40	乡镇
340422115001	炎刘街道居委会	116.864695	32.062078	0	16	65	乡镇
340421109001	焦岗湖社区居委会	116.600960	32.595470	0	25	70	村庄
340406100213	胜利村委会	117.003310	32.720620	0	30	72	村庄
340406101402	平圩电厂居委会	116.923021	32.679066	0	40	77	UNKNOWN
340403201207	联湖村村委会	117.001895	32.455179	1	80	100	政府机构
340422200201	大泉村委会	116.768680	32.625461	0	20	67	乡镇
340406104207	叶集村委会	116.715549	32.820817	0	18	66	乡镇
340421108217	中郢村委会	116.597771	32.755155	0	18	66	乡镇
340421106209	刘岗村委会	116.689930	32.618511	0	30	72	村庄
340402102206	九龙岗村委会	117.110251	32.621278	1	80	100	政府机构
340422107207	宋墙村委会	116.698964	32.370250	0	18	40	乡镇
340405002006	大马路社区居委会	116.847375	32.618332	1	80	100	政府机构
340406101212	卢沟村委会	116.943701	32.676764	0	25	70	乡镇
340422111202	谷贝村委会	116.696421	32.167204	0	16	38	乡镇
340402200215	毛郢村委会	117.120016	32.566647	0	18	66	村庄
340422101202	二十铺村委会	116.717394	32.462017	0	18	66	乡镇
340402101001	洛河社区居委会	117.082952	32.686041	0	18	66	乡镇
340406102202	大郢村委会	116.889166	32.809145	0	18	66	乡镇
340422116206	三义村委会	116.970394	32.078401	0	18	66	乡镇
340422106206	龙祠村委会	116.646303	32.272142	0	18	49	乡镇
340421107208	王相村委会	116.546700	32.673134	0	18	40	乡镇
340406105206	武庙村委会	116.793554	32.739395	0	18	66	乡镇
340422201200	郭园村委会	116.554538	32.210017	0	18	66	村庄
340404001005	花园社区居委会	116.871175	32.596951	0	25	70	乡镇
340421104218	六院村委会	116.486874	32.767678	0	18	40	乡镇
340406108208	古路岗村委会	116.738160	32.880273	0	18	66	乡镇
340406202200	顾圩村委会	116.884902	32.738124	0	18	66	乡镇
340404002003	花溪社区居委会	116.880219	32.590805	0	25	70	乡镇
340422116210	眠虎村委会	116.970394	32.078401	0	18	40	乡镇
340421109200	乔口村委会	116.624875	32.600596	0	18	40	乡镇
340406105210	先丰村委会	116.793554	32.739395	0	18	40	乡镇
340421100021	凤凰花园社区居民委员会	116.754668	32.714183	0	20	41	乡镇
340403008002	龙眼社区居委会	116.989170	32.620528	1	80	100	政府机构
340402100201	方楼村委会	117.148024	32.702453	0	18	66	乡镇
340422105200	大店村委会	116.560617	32.324084	0	18	66	乡镇
340422100002	红星社区居委会	116.799000	32.555701	0	14	46	区县
340422110002	太平街道居委会	116.577091	32.099221	0	18	49	乡镇
340422115200	船涨村委会	116.864695	32.062078	0	16	65	乡镇
340406106200	王咀村委会	116.923690	32.756621	0	30	72	村庄
340404103209	杨郢村村委会	116.970626	32.501289	0	18	66	乡镇
340422102204	顾楼村委会	116.644912	32.527328	0	18	66	乡镇
340422112204	李圩村委会	116.676203	32.062831	0	18	66	乡镇
340403103202	姚皋村村委会	116.993352	32.571814	0	18	66	乡镇
340406101204	邵圩村委会	116.943701	32.676764	0	25	70	乡镇
340406104006	董圩社区居委会	116.715549	32.820817	0	18	49	乡镇
340421209202	蔡庄村委会	116.632040	32.866841	0	30	72	村庄
340402200203	古堆村委会	117.120016	32.566647	0	18	66	村庄
340406102214	大树李村委会	116.889166	32.809145	0	18	66	乡镇
340422200001	珍珠泉社区居委会	116.768680	32.625461	0	20	67	乡镇
340402200202	东河村委会	117.185740	32.542110	0	30	72	村庄
340405001001	治东社区居委会	116.860032	32.635221	0	30	58	道路
340422102205	龙头村委会	116.644912	32.527328	0	18	66	乡镇
340406001022	瓜园社区居民委员会	116.828720	32.778328	0	18	40	乡镇
340403103203	横塘村村委会	117.013390	32.542849	0	30	58	村庄
340406101205	桥东村委会	116.943701	32.676764	0	25	47	乡镇
340421209203	幸福村委会	116.612620	32.853961	0	30	72	村庄
340402100200	张郢村委会	117.148024	32.702453	0	18	66	乡镇
340403008003	洞泉社区居委会	116.970034	32.615962	0	25	70	乡镇
340422105201	李台村委会	116.560617	32.324084	0	18	66	乡镇
340422100003	建设社区居委会	116.799000	32.555701	0	14	46	区县
340422402498	寿县经济开发区虚拟社区	116.799000	32.555701	0	14	37	区县
340422115201	三星村委会	116.864695	32.062078	0	16	65	乡镇
340406106201	陈集村委会	116.954298	32.770060	0	18	66	乡镇
340404103208	黄圩村村委会	116.937359	32.469321	1	80	100	政府机构
340404002002	振兴社区居委会	116.880219	32.590805	0	25	70	乡镇
340422500401	第一居委会	116.740809	32.557792	0	18	66	乡镇
340422116211	陈楼村委会	116.970394	32.078401	0	18	49	乡镇
340421109201	孙台村委会	116.624875	32.600596	0	18	66	乡镇
340421100020	和谐家园社区居民委员会	116.695676	32.700416	0	60	80	地产小区
340422201201	高台村委会	116.554538	32.210017	0	18	66	村庄
340404001004	湖滨社区居委会	116.871175	32.596951	0	25	70	乡镇
340406108209	陈倪村委会	116.738160	32.880273	0	18	40	乡镇
340421104219	汤庄村委会	116.486874	32.767678	0	18	66	乡镇
340406202201	沟北村委会	116.913570	32.730450	0	30	72	村庄
340422116207	傅楼村委会	116.970394	32.078401	0	18	66	乡镇
340422106207	芍西村委会	116.646303	32.272142	0	18	40	乡镇
340406105207	苏涂村委会	116.793554	32.739395	0	18	40	乡镇
340402200214	安塘村委会	117.120016	32.566647	0	18	66	村庄
340422111203	东庄村委会	116.696421	32.167204	0	16	47	乡镇
340422114001	三觉民族街道居委会	116.761754	31.976175	0	18	66	乡镇
340422104001	正阳关镇拱辰社区居委会	116.507849	32.419943	0	18	66	乡镇
340403101101	泉山社区居委会	116.947249	32.645881	0	20	67	乡镇
340422101203	大郢村委会	116.717394	32.462017	0	18	66	乡镇
340406102203	陶王村委会	116.889166	32.809145	0	18	66	乡镇
340406107001	祁集社区居民委员会	116.862706	32.700991	0	20	41	乡镇
340421108001	桂集社区居民委员会	116.597771	32.755155	0	18	40	乡镇
340406101213	林场村委会	116.922325	32.661382	1	80	100	政府机构
340405002007	惠民社区	116.840891	32.614336	0	30	72	乡镇
340421106208	大郢村委会	116.634597	32.656047	0	18	66	乡镇
340402102207	陈巷村委会	117.083700	32.617470	0	30	72	村庄
340422107206	申桥村委会	116.698964	32.370250	0	18	66	乡镇
340422117206	民生村委会	116.856840	32.178767	0	18	49	乡镇
340403201206	闫阳村村委会	116.997061	32.432329	0	30	58	村庄
340422200200	团结村委会	116.768680	32.625461	0	20	50	乡镇
340406100212	段岗村委会	117.034130	32.713590	0	18	66	乡镇
340403101204	廖湾村村委会	116.947249	32.645881	0	20	67	乡镇
340406103202	朱庄村委会	116.828033	32.807744	1	80	100	政府机构
340402100001	上窑社区居委会	117.154132	32.721547	0	40	77	UNKNOWN
340422100202	花园村委会	116.799000	32.555701	0	14	46	区县
340422110202	许圩村委会	116.577091	32.099221	0	18	66	乡镇
340406001018	刘圩社区居委会	116.838487	32.772001	0	60	87	UNKNOWN
340405121203	工农村委会	116.810420	32.673641	0	30	72	村庄
340406100204	民主村委会	116.991600	32.704061	0	30	72	村庄
340403102202	范圩村村委会	117.053230	32.471856	1	80	100	政府机构
340422113204	花果村委会	116.720600	32.041944	0	18	49	乡镇
340422103204	曹洼村委会	116.582940	32.475536	0	18	66	乡镇
340406103214	魏圩村委会	116.809681	32.847129	0	18	40	乡镇
340403003008	金地社区居委会	117.034834	32.644488	0	30	72	乡镇
340403100116	玺园社区居委会	117.030030	32.645776	0	25	55	乡镇
340406104210	李盟村委会	116.715549	32.820817	0	18	40	乡镇
340404003003	新建社区居委会	116.853067	32.604066	0	30	72	乡镇
340404102209	莲花村村委会	116.851425	32.584618	0	18	66	乡镇
340406102002	柳叶社区居委会	116.889166	32.809145	0	18	49	乡镇
340422111002	杨仙街道居委会	116.696421	32.167204	0	16	47	乡镇
340422114200	冯楼村委会	116.761754	31.976175	0	18	66	乡镇
340422104200	北台村委会	116.507849	32.419943	0	18	66	乡镇
340402101201	洛河村委会	117.082952	32.686041	0	18	66	乡镇
340403009002	安化社区居委会	116.974070	32.626731	0	25	70	乡镇
340405100207	蔡岗村委会	116.849525	32.645375	0	25	70	乡镇
340421103207	永幸村委会	116.486138	32.923105	0	18	66	乡镇
340421106005	梁庵社区居民委员会	116.616730	32.647461	0	30	58	村庄
340404101002	河西社区居委会	116.917279	32.576957	0	25	70	乡镇
340406101209	刘巷村委会	116.943701	32.676764	0	25	70	乡镇
340421110217	南金村委会	116.695365	32.759422	0	18	66	乡镇
340421204201	南芹村委会	116.550143	32.897072	0	18	35	村庄
340422108203	寿丰村委会	116.775302	32.347430	0	16	38	乡镇
340403005001	舜耕社区居委会	117.018622	32.634857	0	40	77	UNKNOWN
340422118203	古楼村委会	116.947201	32.219467	0	16	47	乡镇
340402001006	瀚城社区居委会	117.053071	32.634874	0	60	87	地产小区
340406108213	朱集村委会	116.721680	32.916319	0	30	72	村庄
340404103204	汤王村村委会	116.970626	32.501289	0	18	66	乡镇
340421104203	前岗村委会	116.536010	32.743719	0	30	72	村庄
340421114203	瓦房村委会	116.646145	32.884822	0	30	72	村庄
340404100202	刘岗村村委会	116.890377	32.615900	1	80	100	政府机构
340421107205	刘圩村委会	116.574440	32.678601	0	30	72	村庄
340404001008	红轮社区居委会	116.871175	32.596951	0	25	70	乡镇
340403006007	上品印象社区居委会	116.997670	32.643800	0	60	87	地产小区
340421114215	李庙村委会	116.681317	32.888130	1	80	100	政府机构
340421104215	双楼村委会	116.467110	32.782889	0	30	72	村庄
340406108205	均刘村委会	116.738160	32.880273	0	18	40	乡镇
340403001003	华田社区居委会	117.048157	32.659595	1	80	100	政府机构
340404200200	孙庙村村委会	116.957639	32.432342	0	30	58	村庄
340421113211	樊庙村委会	116.661143	32.692443	0	18	66	乡镇
340421102400	国投新集能源股份公司居委会	116.503006	32.702258	0	18	49	乡镇
340421103211	刘桥口村委会	116.486138	32.923105	0	18	66	乡镇
340402200218	吴大郢村委会	117.082993	32.563940	1	80	100	政府机构
340422121206	贾庙村委会	116.823205	32.451357	0	18	66	乡镇
340421110201	陈圩村委会	116.695365	32.759422	0	18	66	乡镇
340404102004	卧园社区居委会	116.851425	32.584618	0	18	40	乡镇
340403007006	阳光社区委员会	117.021395	32.622285	0	30	72	道路
340404101203	北梨园村村委会	116.896449	32.578815	0	50	73	UNKNOWN
340421106204	大桥村委会	116.663660	32.645220	0	30	72	村庄
340421113006	东风湖社区居民委员会	116.661143	32.692443	0	18	40	乡镇
340422120207	长岗村委会	116.987346	32.334963	0	18	49	乡镇
340421111200	杨村村委会	116.412241	32.875041	0	20	67	乡镇
340406001014	刘龙社区居委会	116.828720	32.778328	0	18	49	乡镇
340421102210	胡岗村委会	116.563390	32.726141	0	30	72	村庄
340421112210	丁庄村委会	116.652811	32.819269	0	30	72	村庄
340404201201	许桥村村委会	116.944320	32.543080	0	30	58	村庄
340422108002	十字路街道居委会	116.775302	32.347430	0	16	65	乡镇
340421205200	钱庙村委会	116.483021	32.821473	0	18	40	村庄
340403003004	馨雅苑社区居委会	117.027319	32.645918	1	70	92	地产小区
340406001002	荷苑社区居委会	116.828720	32.778328	0	18	49	乡镇
340406100208	曹尹村委会	117.034130	32.713590	0	18	40	乡镇
340421112206	炮楼村委会	116.635431	32.826923	0	18	66	乡镇
340421102206	东朱村委会	116.555041	32.827269	1	80	100	政府机构
340404100003	靠山社区居委会	116.913982	32.605631	0	25	55	乡镇
340421115202	黑河村委会	116.427540	32.951510	0	25	70	乡镇
340404102205	新塘村村委会	116.849670	32.585780	0	30	58	村庄
340421105202	临淝村委会	116.568861	32.830897	0	20	41	乡镇
340421212204	李冲村委会	116.742541	32.674689	0	25	70	乡镇
340421106212	河口村委会	116.740940	32.623741	0	30	72	村庄
340422119202	张冲村委会	116.933423	32.302949	0	18	49	乡镇
340422109202	塘郢村委会	116.760508	32.247911	0	18	66	乡镇
340406107207	许岗村委会	116.862706	32.700991	0	20	67	乡镇
340421115209	南李村委会	116.711000	32.709399	0	14	29	区县
340421105209	王庄村委会	116.573810	32.854931	0	30	72	村庄
340402101206	陈庄村委会	117.103340	32.682661	0	30	72	村庄
340422114207	桥湾村委会	116.999407	32.561799	1	80	100	政府机构
340421108207	彭伍村委会	116.597771	32.755155	0	18	40	乡镇
340404003004	长淮社区居委会	116.853067	32.604066	0	30	72	乡镇
340422109209	张罗村委会	116.760508	32.247911	0	18	40	乡镇
340422203201	湖滨回族村委会	116.863119	32.362693	0	18	49	乡镇
340406103213	张圩村委会	116.769910	32.836889	0	30	72	村庄
340403100111	曹咀社区居委会	117.000290	32.651090	1	80	100	政府机构
340406001009	潘庄社区居委会	116.819047	32.771005	1	80	100	政府机构
340406100203	后集村委会	117.034130	32.713590	0	18	66	乡镇
340403102205	大树村村委会	117.051251	32.506834	1	80	100	政府机构
340405121204	张楼村委会	116.811980	32.669631	0	30	72	村庄
340404100008	淮望社区居委会	116.898647	32.606887	0	30	72	村庄
340422103203	五里村委会	116.582940	32.475536	0	18	66	乡镇
340403103101	泉山湖社区居委会	116.974800	32.604201	0	25	70	地产小区
340422106001	板桥街道居委会	116.646303	32.272142	0	18	49	乡镇
340422113203	龙湾村委会	116.720600	32.041944	0	18	49	乡镇
340403101203	沿淮村村委会	116.955969	32.648065	1	80	100	政府机构
340406103205	赵后村委会	116.749230	32.832331	0	30	58	UNKNOWN
340422110205	牌坊村委会	116.577091	32.099221	0	18	49	乡镇
340403100107	下陶社区居委会	117.030030	32.645776	0	25	55	乡镇
340422100205	古城村委会	116.799000	32.555701	0	14	46	区县
340405003001	上游社区居委会	116.818088	32.643882	0	30	72	道路
340406100215	洼西村委会	117.034130	32.713590	0	18	66	乡镇
340403201201	涧坝村村委会	117.030080	32.441320	0	30	58	村庄
340422114211	陈岗村委会	116.761754	31.976175	0	18	66	乡镇
340406104201	姚幸村委会	116.715549	32.820817	0	18	40	乡镇
340421108211	洼刘村委会	116.597771	32.755155	0	18	66	乡镇
340422117201	公庄村委会	116.856840	32.178767	0	18	66	乡镇
340422112003	众兴街道居委会	116.676203	32.062831	0	18	49	乡镇
340402102200	夏农村委会	117.132448	32.615199	0	20	67	乡镇
340422102003	方圩街道居委会	116.644912	32.527328	0	18	49	乡镇
340422107201	戈店村委会	116.698964	32.370250	0	18	49	乡镇
340403001008	小岛新村社区	117.044153	32.671922	0	30	72	乡镇
340406101214	龚集村委会	116.943701	32.676764	0	25	70	乡镇
340403103212	徐马村村委会	116.954581	32.563470	1	80	100	政府机构
340421209212	辛圩村委会	116.645224	32.873018	0	18	40	乡镇
340422101204	洪楼村委会	116.717394	32.462017	0	18	49	乡镇
340403101106	辛东社区居委会	116.943938	32.624639	1	80	100	政府机构
340402101007	朝阳社区居委会	117.082952	32.686041	0	18	66	乡镇
340422111204	关庙村委会	116.696421	32.167204	0	16	65	乡镇
340402200213	舜南村委会	117.120016	32.566647	0	18	66	村庄
340406102204	瓦房村委会	116.877700	32.799640	0	30	72	村庄
340422106200	清真民族村委会	116.646303	32.272142	0	18	49	乡镇
340422116200	刘岗村委会	116.970394	32.078401	0	18	49	乡镇
340406105200	瓦郢村委会	116.793554	32.739395	0	18	66	乡镇
340421109210	焦岗村委会	116.624875	32.600596	0	18	66	乡镇
340421100031	淮滨社区居民委员会	116.754668	32.714183	0	20	41	乡镇
340422105210	余楼村委会	116.560617	32.324084	0	18	66	乡镇
340404001003	樱桃园社区居委会	116.871175	32.596951	0	25	70	乡镇
340422115210	黄楼村委会	116.864695	32.062078	0	16	47	乡镇
340422201206	张李村委会	116.554538	32.210017	0	18	66	村庄
340406106210	夹沟村委会	116.954298	32.770060	0	18	66	乡镇
340406202206	於湖村委会	116.884902	32.738124	0	18	40	乡镇
340422108208	江黄村委会	116.775302	32.347430	0	16	38	乡镇
340422118208	姚郢村委会	117.020396	32.512222	1	80	100	政府机构
340421100027	拐集社区居民委员会	116.754668	32.714183	0	20	41	乡镇
340421109206	史集村委会	116.624875	32.600596	0	18	66	乡镇
340422201210	油坊村委会	116.554538	32.210017	0	18	66	村庄
340422115206	新桥村委会	116.864695	32.062078	0	16	47	乡镇
340403008004	泉林社区居委会	116.970034	32.615962	0	25	55	乡镇
340402100207	余巷村委会	117.148024	32.702453	0	18	66	乡镇
340422100004	新民社区居委会	116.799000	32.555701	0	14	46	区县
340422105206	禹临村委会	116.560617	32.324084	0	18	40	乡镇
340406202210	古沟村委会	116.872076	32.728810	1	80	100	政府机构
340421104208	集西村委会	116.486874	32.767678	0	18	66	乡镇
340406106206	鸽笼村委会	116.954298	32.770060	0	18	40	乡镇
340421114208	界沟村委会	116.657726	32.922234	0	18	66	乡镇
340422112202	楼郢村委会	116.676203	32.062831	0	18	66	乡镇
340402102001	红旗社区居委会	117.132448	32.615199	0	20	67	乡镇
340422102202	蒋庙村委会	116.644912	32.527328	0	18	66	乡镇
340421209204	常楼村委会	116.600640	32.845290	0	30	72	村庄
340403103204	舜耕村村委会	117.035410	32.634021	0	30	58	村庄
340406101202	李圩村委会	116.670575	32.759091	1	80	100	政府机构
340422111212	马路村委会	116.696421	32.167204	0	16	47	乡镇
340402200205	洪圩村委会	117.120016	32.566647	0	18	66	村庄
340422101212	江拐村委会	116.717394	32.462017	0	18	40	乡镇
340404005001	芳草园社区居委会	116.862754	32.592305	0	40	72	乡镇
340405001006	胜利社区居委会	116.860032	32.635221	0	30	72	道路
340406102212	中黄村委会	116.889166	32.809145	0	18	66	乡镇
340421212203	淮磷村委会	116.742541	32.674689	0	25	47	乡镇
340422109205	桃园村委会	116.760508	32.247911	0	18	66	乡镇
340421105205	张童村委会	116.568861	32.830897	0	20	41	乡镇
340404102202	廿店村村委会	116.851425	32.584618	0	18	49	乡镇
340421100007	明珠社区居民委员会	116.720153	32.702906	1	80	92	地产小区
340421115205	安圩村委会	116.711000	32.709399	0	14	32	区县
340404100004	北辰社区居委会	116.913982	32.605631	0	25	70	乡镇
340405121208	丁山村委会	116.827620	32.634110	0	30	72	村庄
340421102201	王集村委会	116.522515	32.695135	0	30	72	村庄
340403102209	李桥村村委会	117.005142	32.528221	0	30	58	村庄
340421112201	沈庄村委会	116.635610	32.851781	0	30	72	村庄
340421205207	长郢村委会	116.483021	32.821473	0	18	66	村庄
340421111211	李圩村委会	116.670575	32.759091	1	80	100	政府机构
340403003003	供电社区居委会	117.034834	32.644488	0	30	58	乡镇
340406001005	桃苑社区居委会	116.828720	32.778328	0	18	66	乡镇
340406100219	光明村委会	117.081750	32.699489	0	30	72	村庄
340404201206	杨镇村村委会	116.920711	32.527240	1	80	100	政府机构
340421102217	常庙村委会	116.503006	32.702258	0	18	66	乡镇
340421111207	港南村委会	116.412241	32.875041	0	20	67	乡镇
340422120200	新集村委会	116.987346	32.334963	0	18	66	乡镇
340406103209	潘集村委会	116.809681	32.847129	0	18	66	乡镇
340421205211	翟庙村委会	116.483021	32.821473	0	18	66	村庄
340406001013	田集社区居委会	116.828720	32.778328	0	18	49	乡镇
340421106203	陆庄村委会	116.604230	32.673819	0	30	72	村庄
340404101204	范圩村村委会	116.917279	32.576957	0	25	70	乡镇
340403007001	黎明社区居委会	117.021395	32.622285	0	30	72	道路
340422111208	荆塘村委会	116.696421	32.167204	0	16	65	乡镇
340422101208	杨台村委会	116.717394	32.462017	0	18	66	乡镇
340404102003	卧龙社区居委会	116.851425	32.584618	0	18	66	乡镇
340421204210	前刘村委会	116.526020	32.902010	0	30	72	村庄
340421110206	新集村委会	116.695365	32.759422	0	18	66	乡镇
340406102208	徐湖村委会	116.889166	32.809145	0	18	66	乡镇
340422121201	陶圩村委会	116.823205	32.451357	0	18	66	乡镇
340403001004	东风社区居委会	117.044153	32.671922	0	30	72	乡镇
340404200207	范咀村村委会	116.913757	32.449348	1	80	100	政府机构
340406108202	杨祠村委会	116.738160	32.880273	0	18	66	乡镇
340421104212	栾胡村委会	116.486874	32.767678	0	18	40	乡镇
340421114212	苗圩村委会	116.669330	32.934900	0	30	58	UNKNOWN
340403005010	银鹭社区委员会	117.012065	32.638048	0	30	58	乡镇
340422118212	田铺村委会	116.947201	32.219467	0	16	65	乡镇
340421107202	刘楼村委会	116.575089	32.660381	0	30	72	村庄
340404100205	鸭背村村委会	116.899110	32.605519	0	30	58	村庄
340422100008	新城社区居委会	116.799000	32.555701	0	14	46	区县
340403008008	金岭社区居委会	116.970034	32.615962	0	25	70	乡镇
340422120001	大顺街道居委会	116.987346	32.334963	0	18	49	乡镇
340421114204	闫湖村委会	116.657726	32.922234	0	18	66	乡镇
340421104204	柏郢村委会	116.731465	32.677743	1	80	100	政府机构
340404103203	前瓦村村委会	116.979321	32.501392	1	80	100	政府机构
340422118204	马集村委会	116.947201	32.219467	0	16	47	乡镇
340422108204	青莲村委会	116.775302	32.347430	0	16	65	乡镇
340403005006	朝阳社区居委会	117.012065	32.638048	0	30	72	乡镇
340402001001	远望社区居委会	117.063444	32.624030	0	30	58	乡镇
340402200209	松林村委会	117.120016	32.566647	0	18	66	村庄
340403002002	九龙社区居委会	117.028051	32.654430	0	30	72	乡镇
340406100223	老胡村委会	117.034130	32.713590	0	18	40	乡镇
340421110210	酒东村委会	116.695365	32.759422	0	18	40	乡镇
340421204206	北王集村委会	116.567160	32.920071	0	30	72	村庄
340421113200	刘集村委会	116.661143	32.692443	0	18	66	乡镇
340403103208	岭南村村委会	116.993352	32.571814	0	18	66	乡镇
340404101005	新工社区居委会	116.917279	32.576957	0	25	70	乡镇
340421106002	花家湖社居委会	116.622520	32.699861	0	25	70	村庄
340421103200	马店村委会	116.486138	32.923105	0	18	66	乡镇
340421209208	赵埔村委会	116.645224	32.873018	0	18	66	乡镇
340405100201	淮滨村委会	116.833823	32.658190	1	80	100	政府机构
340421113201	杨刘村委会	116.661143	32.692443	0	18	40	乡镇
340403103209	徐洼村村委会	116.993352	32.571814	0	18	66	乡镇
340421106003	毛集社居委会	116.631557	32.652564	0	40	77	UNKNOWN
340404101004	建设社区居委会	116.917279	32.576957	0	25	70	乡镇
340421103201	徐桥村委会	116.732827	32.848970	1	80	100	政府机构
340421209209	周庄村委会	116.646030	32.897080	0	30	72	村庄
340402200208	欢灯村委会	117.120016	32.566647	0	18	40	村庄
340403002003	文化社区居委会	117.028051	32.654430	0	30	72	乡镇
340406100222	胡集村委会	116.965650	32.690780	0	30	72	村庄
340421204207	米集村委会	116.550143	32.897072	0	18	40	村庄
340422118205	鲁城村委会	116.947201	32.219467	0	16	65	乡镇
340422108205	双楼村委会	116.775302	32.347430	0	16	65	乡镇
340403005007	淮橡社区居委会	117.003130	32.630901	1	80	100	政府机构
340422100009	西湖社区居委会	116.799000	32.555701	0	14	46	区县
340403008009	南岭社区居委会	116.970034	32.615962	0	25	70	乡镇
340421114205	香山村委会	116.569379	32.936531	0	30	72	村庄
340404103202	陈庙村村委会	116.976800	32.539530	0	30	58	村庄
340421104205	后岗村委会	116.541900	32.751819	0	30	72	村庄
340403005011	盛元社区居委会	117.012065	32.638048	0	30	58	乡镇
340422118213	贾庄村委会	116.947201	32.219467	0	16	47	乡镇
340404100204	陶圩村村委会	116.894599	32.632090	1	80	100	政府机构
340421107203	立新村委会	116.546700	32.673134	0	18	66	乡镇
340403006001	龙园社区居委会	117.014843	32.651337	0	30	72	乡镇
340421104213	金沟村委会	116.469305	32.785628	1	80	100	政府机构
340406108203	贺疃村委会	116.738160	32.880273	0	18	40	乡镇
340421114213	武集村委会	116.657726	32.922234	0	18	66	乡镇
340403001005	皖纸社区居委会	117.044153	32.671922	0	30	72	乡镇
340404200206	堆坊村村委会	116.938193	32.435507	1	80	100	政府机构
340422111209	叶套村委会	116.696421	32.167204	0	16	38	乡镇
340422101209	南塘村委会	116.717394	32.462017	0	18	49	乡镇
340405400598	妙山虚拟生活区	116.790462	32.642770	0	25	47	UNKNOWN
340404102002	山口社区居委会	116.851425	32.584618	0	18	49	乡镇
340421204211	新河村委会	116.529600	32.879459	0	30	72	村庄
340406102209	杨柳村委会	116.853560	32.841491	0	30	72	村庄
340422121200	北集村委会	116.799000	32.555701	0	14	29	区县
340421110207	十里沟村委会	116.695365	32.759422	0	18	66	乡镇
340421115212	张徐村委会	116.427540	32.951510	0	25	70	乡镇
340404101205	隗店村村委会	116.929370	32.575800	1	80	100	政府机构
340421106202	康庙村委会	116.634597	32.656047	0	18	66	乡镇
340422109212	保义村委会	116.760508	32.247911	0	18	40	乡镇
340422120201	余埠村委会	116.987346	32.334963	0	18	66	乡镇
340406103208	王圩村委会	116.809681	32.847129	0	18	49	乡镇
340421111206	周圩村委会	116.412241	32.875041	0	20	67	乡镇
340421205210	郑楼村委会	116.522351	32.832391	1	80	100	政府机构
340422100208	湖光村委会	116.799000	32.555701	0	14	46	区县
340406001012	转塘社区居委会	116.828720	32.778328	0	18	49	乡镇
340406100218	段湾村委会	117.034130	32.713590	0	18	66	乡镇
340404201207	孙老郢村村委会	116.897167	32.544556	1	80	100	政府机构
340421102216	叶圩村委会	116.503006	32.702258	0	18	66	乡镇
340421205206	岭头村委会	116.483485	32.873115	1	80	100	政府机构
340421111210	曾圩村委会	116.412241	32.875041	0	20	41	乡镇
340403003002	金豪社区居委会	117.034834	32.644488	0	30	58	乡镇
340406001004	矿北社区居委会	116.828720	32.778328	0	18	66	乡镇
340421107002	夏丽花园社区居委会	116.546700	32.673134	0	18	40	乡镇
340404100005	舜峰社区居委会	116.913982	32.605631	0	25	70	乡镇
340405121209	林场村委会	116.808700	32.650981	0	30	72	UNKNOWN
340421102200	郭郢村委会	116.503006	32.702258	0	18	66	乡镇
340403102208	孤堆村村委会	116.916203	32.549202	1	80	100	政府机构
340421112200	丁集村委会	116.635431	32.826923	0	18	66	乡镇
340404102203	平山村村委会	116.846460	32.587860	0	30	58	村庄
340421105204	八里村委会	116.568861	32.830897	0	20	67	乡镇
340421100006	龙潭社区居民委员会	116.729377	32.705316	1	80	100	政府机构
340422121001	窑口街道居委会	116.823205	32.451357	0	18	49	乡镇
340421115204	宋台村委会	116.427540	32.951510	0	25	70	乡镇
340421212202	石湾村委会	116.742541	32.674689	0	25	70	乡镇
340422109204	朱楼村委会	116.760508	32.247911	0	18	66	乡镇
340422119204	张嘴村委会	116.933423	32.302949	0	18	66	乡镇
340402200204	大郢村委会	117.120016	32.566647	0	18	66	村庄
340422111213	廖圩村委会	116.696421	32.167204	0	16	38	乡镇
340405001007	建东社区居委会	116.860032	32.635221	0	30	72	道路
340422117001	双庙街道居委会	116.856840	32.178767	0	18	49	乡镇
340422112203	彭城村委会	116.676203	32.062831	0	18	66	乡镇
340403102101	曹水社区居委会	117.049559	32.478384	1	80	100	政府机构
340422102203	黑龙村委会	116.644912	32.527328	0	18	66	乡镇
340422107001	安丰街道居委会	116.698964	32.370250	0	18	49	乡镇
340421209205	陈庙村委会	116.645224	32.873018	0	18	66	乡镇
340403103205	土楼村村委会	116.994471	32.581334	1	80	100	政府机构
340406104001	潘三东社区居委会	116.715549	32.820817	0	18	40	乡镇
340406101203	李桥村委会	116.916470	32.723750	0	30	72	村庄
340422115207	磨湾村委会	116.864695	32.062078	0	16	65	乡镇
340402100206	窑河村委会	117.159460	32.685071	1	80	95	UNKNOWN
340403008005	铁路社区居委会	116.986013	32.623623	1	80	100	政府机构
340422100005	民主社区居委会	116.799000	32.555701	0	14	46	区县
340422105207	朱祠村委会	116.560617	32.324084	0	18	66	乡镇
340406202211	高湖村委会	116.884902	32.738124	0	18	66	乡镇
340421104209	土楼村委会	116.492610	32.773400	0	30	72	村庄
340421114209	界东村委会	116.657726	32.922234	0	18	66	乡镇
340406106207	老庙村委会	116.913095	32.764511	0	30	72	村庄
340422108209	八沟村委会	116.775302	32.347430	0	16	38	乡镇
340404002004	新中社区居委会	116.870907	32.601946	1	80	100	政府机构
340422118209	杨圩村委会	116.947201	32.219467	0	16	47	乡镇
340421100026	芦塘社区居民委员会	116.754668	32.714183	0	20	41	乡镇
340421109207	王郢村委会	116.529448	32.712132	1	80	100	政府机构
340404001002	湖西社区居委会	116.871175	32.596951	0	25	70	乡镇
340422105211	常圩村委会	116.560617	32.324084	0	18	66	乡镇
340402100210	泉源村委会	117.181600	32.709690	0	30	72	村庄
340422201207	马郢村委会	117.055412	32.591117	1	80	100	政府机构
340406106211	林场村委会	116.930980	32.790661	0	30	72	UNKNOWN
340406202207	伏龙村委会	116.884902	32.738124	0	18	66	乡镇
340422106201	毕墙村委会	116.646303	32.272142	0	18	40	乡镇
340422116201	烟店村委会	116.970394	32.078401	0	18	66	乡镇
340421109211	穆台村委会	116.624875	32.600596	0	18	40	乡镇
340406105201	泥集村委会	116.793554	32.739395	0	18	40	乡镇
340421100030	夏湾社区居民委员会	116.754668	32.714183	0	20	41	乡镇
340405121004	前进社区居委会	116.808382	32.675191	0	25	70	乡镇
340422101205	袁郢村委会	116.717394	32.462017	0	18	66	乡镇
340403101107	上郭社区居委会	116.947249	32.645881	0	20	67	乡镇
340402101006	田东社区居委会	117.082952	32.686041	0	18	66	乡镇
340402200212	刘庄村委会	117.119030	32.587020	0	30	72	村庄
340422111205	梧桐村委会	116.696421	32.167204	0	16	65	乡镇
340406102205	大圩村委会	116.862374	32.804531	0	30	72	村庄
340406101215	刘余村委会	116.943701	32.676764	0	25	47	乡镇
340406104200	芦集村委会	116.715549	32.820817	0	18	66	乡镇
340422117200	迎河村委会	116.856840	32.178767	0	18	49	乡镇
340422112002	新店街道居委会	116.676203	32.062831	0	18	49	乡镇
340402102201	夏菜村委会	117.132448	32.615199	0	20	41	乡镇
340422102002	农民城街道居委会	116.644912	32.527328	0	18	49	乡镇
340422107200	老街村委会	116.698964	32.370250	0	18	66	乡镇
340403201200	史院村村委会	117.019340	32.456879	0	30	58	村庄
340422114210	六冲村委会	116.761754	31.976175	0	18	66	乡镇
340402101211	西湖村委会	117.099110	32.678201	0	30	72	村庄
340406100214	赵岗村委会	116.983320	32.730631	0	30	72	村庄
340403101202	王巷村村委会	116.962489	32.653408	1	80	100	政府机构
340406103204	赵前村委会	116.809681	32.847129	0	18	40	乡镇
340422110204	大树村委会	116.577091	32.099221	0	18	66	乡镇
340403100106	江陈社区居委会	117.002310	32.630280	1	80	97	政府机构
340422100204	寿滨村委会	116.799000	32.555701	0	14	32	区县
340406100202	朱岗村委会	117.034130	32.713590	0	18	66	乡镇
340403102204	柳树村村委会	117.041816	32.485152	1	80	100	政府机构
340405121205	李咀村委会	116.808382	32.675191	0	25	70	乡镇
340422103202	合庙村委会	116.582940	32.475536	0	18	40	乡镇
340422113202	碾桥村委会	116.720600	32.041944	0	18	66	乡镇
340406103212	吴乡村委会	116.809681	32.847129	0	18	40	乡镇
340404004001	金石社区居委会	116.862374	32.601429	0	40	58	乡镇
340403100110	青丰社区居委会	117.040220	32.630081	1	80	95	地产小区
340406001008	芦范社区居委会	116.818973	32.778461	1	80	100	政府机构
340421108206	勇敢村委会	116.597771	32.755155	0	18	40	乡镇
340422109208	董郢村委会	117.033793	32.526192	1	80	100	政府机构
340422203200	陶店回族村委会	116.863119	32.362693	0	18	49	乡镇
340421115208	安绠村委会	116.711000	32.709399	0	14	29	区县
340406107206	黄岗村委会	116.841850	32.711840	0	30	72	村庄
340421105208	寺西村委会	116.610385	32.645235	1	80	100	政府机构
340422104206	花门村委会	116.507849	32.419943	0	18	66	乡镇
340402101207	王庄村委会	117.096070	32.683790	0	30	72	村庄
340422114206	董埠村委会	116.761754	31.976175	0	18	40	乡镇
