340521500200	松塘村委会	118.587219	31.538797	0	20	67	乡镇
340504100206	陶村村委会	118.626171	31.663158	1	80	100	政府机构
340523102208	陈桥洲村委会	118.331890	31.485099	0	30	58	UNKNOWN
340521104211	凤凰村委会	118.676980	31.406570	0	30	72	村庄
340523108202	五月村委会	118.154221	31.861317	0	18	40	乡镇
340504200204	兴和村委会	118.558800	31.668380	0	30	72	村庄
340522100226	官山村委会	118.066360	31.689071	0	30	72	村庄
340521110205	公元村委会	118.481700	31.432166	0	18	66	乡镇
340504200212	安民村委会	118.471155	31.653450	1	80	100	政府机构
340521103203	谢公村委会	118.603450	31.409019	0	18	40	乡镇
340521106001	龙山桥居委会	118.497138	31.490417	0	18	66	乡镇
340521100213	五联村委会	118.490794	31.589434	0	25	70	乡镇
340503002001	阌家山社区居委会	118.541774	31.684067	0	30	51	乡镇
340523109002	绰庙社区居委会	118.299413	31.936211	0	16	65	乡镇
340503005005	东方城社区居委会	118.635612	31.712947	0	18	66	乡镇
340521104207	邰桥村委会	118.649627	31.386047	1	80	100	政府机构
340522105209	太平村委会	117.972402	31.667239	0	16	65	乡镇
340503401203	联农村委会	118.496771	31.768978	1	80	100	政府机构
340521101212	中渡村委会	118.573491	31.329346	0	25	70	乡镇
340521102202	金庄村委会	118.686280	31.329609	0	30	72	村庄
340521112202	龙潭村委会	118.698713	31.436547	0	30	72	村庄
340522104208	都胜村委会	118.015025	31.547654	0	16	38	乡镇
340521100004	东营社区居委会	118.490794	31.589434	0	25	70	乡镇
340503004004	景城社区居委会	118.521438	31.672766	0	30	72	乡镇
340503008498	慈湖街道虚拟社区	118.500612	31.740948	0	30	72	乡镇
340504200005	金福社区居委会	118.459898	31.685596	0	18	49	村庄
340521202200	彭太村委会	118.429968	31.613729	0	18	40	村庄
340503007002	宁南新村社区居委会	118.504190	31.717309	0	25	55	乡镇
340521100012	黄山社区居委会	118.482119	31.584135	1	80	100	政府机构
340503004012	江东社区居委会	118.521438	31.672766	0	30	72	乡镇
340521103002	马桥社区居委会	118.603450	31.409019	0	18	66	乡镇
340521106200	芮港村委会	118.520387	31.529012	1	80	95	UNKNOWN
340521111204	均庆村委会	118.809888	31.433483	0	18	40	乡镇
340521101204	福光村委会	118.573491	31.329346	0	25	70	乡镇
340523109203	金城村委会	118.299413	31.936211	0	16	65	乡镇
340504004202	九华村委会	118.456747	31.656658	0	30	72	乡镇
340522105213	横龙村委会	117.972402	31.667239	0	16	65	乡镇
340506100001	博望社区居委会	118.841670	31.558451	0	25	70	乡镇
340523102204	大许村委会	118.319323	31.515795	0	18	66	乡镇
340522106203	前卫村委会	117.965558	31.814236	0	16	47	乡镇
340504002010	山南社区居委会	118.493496	31.685712	0	30	58	乡镇
340522103001	南峰社区居委会	118.114874	31.583684	0	18	66	乡镇
340506102207	张茂村委会	118.741860	31.577193	0	18	66	乡镇
340521110209	钓鱼村委会	118.481700	31.432166	0	18	66	乡镇
340523105200	娘娘庙村委会	118.291500	31.768770	0	25	70	乡镇
340523100002	华阳社区居委会	118.346772	31.713667	0	16	65	乡镇
340522104005	龙宝社区居委会	118.015025	31.547654	0	16	47	乡镇
340522101207	新丰村委会	118.101000	31.734699	0	16	38	区县
340504200208	汤阳村委会	118.488456	31.661180	0	50	73	UNKNOWN
340506102211	刘山村委会	118.766610	31.607639	0	30	72	村庄
340504402003	前进社区居委会	118.499000	31.682100	0	16	47	区县
340506101201	山河村委会	118.757490	31.627439	0	30	72	村庄
340523106206	星火村委会	118.378830	31.901210	0	30	72	村庄
340522102201	鸭西村委会	118.086053	31.487752	0	18	40	乡镇
340522105205	兴隆村委会	117.980940	31.651099	0	30	72	村庄
340522100007	梅苑社区居委会	118.166728	31.705282	0	16	65	乡镇
340522106215	张塘村委会	117.965558	31.814236	0	16	47	乡镇
340522106002	姚庙社区居委会	117.965558	31.814236	0	16	47	乡镇
340522103200	官塘村委会	118.080410	31.523520	0	30	72	村庄
340506100200	三杨村委会	118.841670	31.558451	0	25	47	乡镇
340523107207	金马村委会	118.404091	31.827497	0	18	49	乡镇
340503004008	梅花园社区居委会	118.522155	31.678810	0	60	87	地产小区
340504200009	雨顺社区居委会	118.459898	31.685596	0	18	49	村庄
340503009006	上湖社区居委会	118.476283	31.735387	0	30	72	乡镇
340522104204	隐龙村委会	118.015025	31.547654	0	16	38	乡镇
340523105001	西埠街社区居委会	118.291500	31.768770	0	25	55	乡镇
340523100203	东河村委会	118.439679	31.535886	1	80	100	政府机构
340521100008	提署社区居委会	118.488945	31.549044	1	80	100	政府机构
340522107202	东兴村委会	118.050120	31.822950	0	25	70	乡镇
340523103205	郑蒲村委会	118.312975	31.606157	0	18	40	乡镇
340522104212	毛滩村委会	118.015025	31.547654	0	16	65	乡镇
340503005208	苏李村委会	118.635612	31.712947	0	18	66	乡镇
340522100206	九连村委会	118.166728	31.705282	0	16	65	乡镇
340521101208	杨桥村委会	118.617065	31.363177	1	80	100	政府机构
340523104201	鲁堡村委会	118.198908	31.592189	0	18	40	乡镇
340522100207	金山村委会	118.166728	31.705282	0	16	47	乡镇
340521101209	福山村委会	118.577040	31.345809	0	30	72	村庄
340523104200	大汤圩村委会	118.225410	31.538049	0	30	58	UNKNOWN
340521402200	桃花村委会	118.513556	31.679132	1	75	95	地产小区
340523107210	周集村委会	118.404091	31.827497	0	18	66	乡镇
340522104213	仙鹤村委会	118.015025	31.547654	0	16	65	乡镇
340522107203	潭泉村委会	118.050120	31.822950	0	25	70	乡镇
340522102001	铜溪社区居委会	118.086053	31.487752	0	18	66	乡镇
340506101001	丹阳社区居委会	118.658764	31.604655	0	16	65	乡镇
340523103204	杜姬庙村委会	118.312975	31.606157	0	18	49	乡镇
340522104205	鼓山村委会	118.015025	31.547654	0	16	65	乡镇
340523100202	胜利村委会	118.311990	31.747221	0	30	72	村庄
340521100009	清源社区居委会	118.490794	31.589434	0	25	70	乡镇
340503004009	珍珠园社区居委会	118.507583	31.673394	0	50	82	地产小区
340504200008	烟墩山社区居委会	118.513730	31.655799	0	30	72	村庄
340522100211	城北村委会	118.166728	31.705282	0	16	47	乡镇
340504004002	横江社区居委会	118.456747	31.656658	0	30	72	乡镇
340504101498	银塘镇虚拟社区	118.502959	31.606978	0	18	66	乡镇
340522106003	河刘社区居委会	117.965558	31.814236	0	16	47	乡镇
340522103201	铜庙村委会	118.114874	31.583684	0	18	66	乡镇
340523107206	卜陈村委会	118.404091	31.827497	0	18	40	乡镇
340506100201	新陇村委会	118.795339	31.545793	1	80	95	UNKNOWN
340504002007	半山花园社区居委会	118.494770	31.679612	1	70	92	地产小区
340522106214	岗胡村委会	117.965558	31.814236	0	16	65	乡镇
340523104001	功桥社区居委会	118.198908	31.592189	0	18	40	乡镇
340522105204	周伏村委会	117.972402	31.667239	0	16	38	乡镇
340522100006	攀桂社区居委会	118.166728	31.705282	0	16	65	乡镇
340523106207	泉水村委会	118.365140	31.870521	0	30	72	村庄
340506101200	丹东村委会	118.658764	31.604655	0	16	38	乡镇
340522102200	庆广村村委会	118.136030	31.486630	0	30	58	村庄
340506102210	澄心村委会	118.741860	31.577193	0	18	40	乡镇
340504402002	金山社区居委会	118.499000	31.682100	0	16	47	区县
340521110208	钟山村委会	118.481700	31.432166	0	18	66	乡镇
340523105201	聂兴圩村委会	118.229379	31.730458	0	16	65	乡镇
340506102206	临川村委会	118.741860	31.577193	0	18	40	乡镇
340523100003	朝阳社区居委会	118.346772	31.713667	0	16	65	乡镇
340522104004	凤泉社区居委会	118.015025	31.547654	0	16	47	乡镇
340522101206	新港村委会	118.101000	31.734699	0	16	38	区县
340523102205	红旗村委会	118.319323	31.515795	0	18	66	乡镇
340504002011	雨田社区居委会	118.485095	31.676596	1	80	100	政府机构
340522106202	五里村委会	117.965558	31.814236	0	16	65	乡镇
340522100010	褒禅社区居委会	118.166728	31.705282	0	16	65	乡镇
340504004203	陈家村委会	118.471460	31.629500	0	30	72	村庄
340522105212	马桥村委会	117.980470	31.686649	0	30	72	村庄
340504001001	一村社区居委会	118.487408	31.695946	0	30	58	乡镇
340523109202	八禁村委会	118.299413	31.936211	0	16	33	乡镇
340521111205	镇庵村委会	118.809888	31.433483	0	18	40	乡镇
340521101205	尚兴村委会	118.573491	31.329346	0	25	47	乡镇
340521106201	振兴村委会	118.510790	31.525977	0	30	72	村庄
340503007003	钟村社区居委会	118.495614	31.714734	0	30	72	村庄
340521100013	竹山社区居委会	118.490794	31.589434	0	25	70	乡镇
340503004005	梨苑社区居委会	118.521438	31.672766	0	30	72	乡镇
340504200004	格林社区居委会	118.459898	31.685596	0	18	66	村庄
340521202201	金马村委会	118.475769	31.591299	1	80	100	政府机构
340522104209	双井村委会	117.945070	31.579181	0	30	72	村庄
340521102203	一心村委会	118.675337	31.334474	0	20	67	乡镇
340521112203	霍村村委会	118.675408	31.438878	1	80	100	政府机构
340503401202	太来村委会	118.521330	31.746869	0	25	55	旅游景点
340521101213	渔河村委会	118.573491	31.329346	0	25	47	乡镇
340521104206	白马村委会	118.661770	31.384281	0	30	72	村庄
340522105208	姚垄村委会	117.972402	31.667239	0	16	47	乡镇
340503005004	花和佳苑社区居委会	118.635612	31.712947	0	18	49	乡镇
340504200213	陶庄村委会	118.482748	31.674247	1	80	100	政府机构
340521103202	黎明村委会	118.566820	31.426759	0	30	72	村庄
340521100204	五星村委会	118.490794	31.589434	0	25	70	乡镇
340521110204	竹塘村委会	118.486090	31.400941	0	30	72	村庄
340521103214	普济村委会	118.603450	31.409019	0	18	66	乡镇
340523108203	皂角村委会	118.154221	31.861317	0	18	66	乡镇
340504200205	平山村委会	118.518260	31.663709	0	30	72	村庄
340503001006	人民社区居委会	118.501911	31.699992	1	80	100	政府机构
340522100227	方赵村委会	118.166728	31.705282	0	16	65	乡镇
340521104210	塘南村委会	118.665447	31.410715	0	30	72	村庄
340503006002	杨家山社区居委会	118.491913	31.726603	0	30	72	乡镇
340521500201	白紵村委会	118.587219	31.538797	0	20	41	乡镇
340504001006	湖西社区居委会	118.487408	31.695946	0	30	72	乡镇
340523102202	周贵仕村委会	118.319323	31.515795	0	18	66	乡镇
340522106205	玉皇村委会	118.005310	31.781601	0	30	72	村庄
340523100004	镇淮社区居委会	118.346772	31.713667	0	16	65	乡镇
340506102201	叶家桥村委会	118.741860	31.577193	0	18	66	乡镇
340523105206	熊官塘村委会	118.229379	31.730458	0	16	38	乡镇
340503009201	蔡村村委会	118.467901	31.663090	1	80	100	政府机构
340522101201	前进村委会	118.016510	31.492230	0	30	72	村庄
340522104003	东关社区居委会	118.015025	31.547654	0	16	65	乡镇
340506101211	薛镇村委会	118.646869	31.577111	1	80	100	政府机构
340523105210	范桥村委会	118.261640	31.727820	0	30	72	村庄
340523100012	城西社区居委会	118.346772	31.713667	0	16	65	乡镇
340521100219	灵墟村委会	118.490794	31.589434	0	25	47	乡镇
340504402005	卸巷社区居委会	118.499000	31.682100	0	16	47	区县
340521400200	秦河村委会	118.427868	31.503999	1	80	100	政府机构
340523103002	联合社区居委会	118.312975	31.606157	0	18	66	乡镇
340506101207	百峰村委会	118.658764	31.604655	0	16	65	乡镇
340523106200	晓山村委会	118.339468	31.861586	0	18	40	乡镇
340521103209	双桥村委会	118.548089	31.376410	1	80	100	政府机构
340522100001	华阳社区居委会	118.166728	31.705282	0	16	65	乡镇
340522105203	白衣村委会	117.972402	31.667239	0	16	65	乡镇
340522106213	再安村委会	117.965558	31.814236	0	16	38	乡镇
340522103206	云塘村委会	118.135920	31.605270	0	30	72	村庄
340523400498	安徽省和县经济开发区虚拟社区	118.353000	31.742300	0	14	37	区县
340523102003	西梁山社区居委会	118.319323	31.515795	0	18	49	乡镇
340506100206	红阳村委会	118.841670	31.558451	0	25	70	乡镇
340523107201	百姓村委会	118.404091	31.827497	0	18	40	乡镇
340521112208	新丰村委会	118.705720	31.463630	0	30	72	村庄
340522100216	东山村委会	118.166728	31.705282	0	16	47	乡镇
340522104202	双前村委会	118.015025	31.547654	0	16	38	乡镇
340523100205	万寿村委会	118.346772	31.713667	0	16	47	乡镇
340522107204	同发村委会	118.050120	31.822950	0	25	70	乡镇
340504003017	幸福里社区居委会	118.490880	31.659608	0	30	72	乡镇
340523103203	隐驾村委会	118.312975	31.606157	0	18	40	乡镇
340523106001	香泉社区居委会	118.339468	31.861586	0	18	66	乡镇
340506100210	东城村委会	118.864230	31.562660	0	30	72	村庄
340522100200	朝阳村委会	118.153690	31.765949	0	30	72	村庄
340522105002	巨兴社区居委会	117.972402	31.667239	0	16	47	乡镇
340523104207	长建村委会	118.353000	31.742300	0	14	37	区县
340504100200	杜塘村委会	118.609998	31.650473	0	18	66	乡镇
340522106209	葛集村委会	117.965558	31.814236	0	16	65	乡镇
340503401004	慈湖社区居委会	118.521330	31.746869	0	25	55	旅游景点
340504200202	前庄村委会	118.528634	31.635508	1	80	100	政府机构
340521103213	万济村委会	118.603450	31.409019	0	18	40	乡镇
340523108204	万元村委会	118.154221	31.861317	0	18	66	乡镇
340522100220	桥联村委会	118.166728	31.705282	0	16	38	乡镇
340503001001	沙塘社区居委会	118.511123	31.705317	0	30	72	道路
340521110203	官碾村委会	118.481700	31.432166	0	18	40	乡镇
340523100008	金河社区居委会	118.346772	31.713667	0	16	65	乡镇
340521105001	护驾墩居委会	118.565058	31.495953	0	25	55	乡镇
340503002011	西湖花园社区居委会	118.525886	31.694288	0	50	82	地产小区
340521103205	团林村委会	118.603450	31.409019	0	18	66	乡镇
340503005003	微山花园社区居委会	118.635612	31.712947	0	18	49	乡镇
340521104201	普新村委会	118.687104	31.390691	0	18	66	乡镇
340521111003	陶村港居委会	118.761400	31.409570	0	30	72	UNKNOWN
340503401205	昭明村委会	118.521330	31.746869	0	25	43	旅游景点
340521101214	柘林村委会	118.573491	31.329346	0	25	70	乡镇
340521112204	塘桥村委会	118.658400	31.442900	0	30	72	村庄
340504100001	平山社区居委会	118.609998	31.650473	0	18	66	乡镇
340521102204	七房村委会	118.640015	31.510663	1	80	100	政府机构
340521110002	查湾居委会	118.481700	31.432166	0	18	49	乡镇
340523100209	清佛村委会	118.346772	31.713667	0	16	38	乡镇
340521105200	青山村委会	118.590741	31.472138	0	30	72	村庄
340521100002	西大社区居委会	118.490794	31.589434	0	25	70	乡镇
340521202206	新锦村委会	118.429968	31.613729	0	18	66	村庄
340504200003	春晖社区居委会	118.459898	31.685596	0	18	66	村庄
340521106210	花园村委会	118.500457	31.523746	1	80	100	政府机构
340503007004	绿洲花园社区居委会	118.515694	31.713148	0	50	82	地产小区
340521101202	三星村委会	118.573491	31.329346	0	25	70	乡镇
340521111202	西峰村委会	118.809888	31.433483	0	18	66	乡镇
340503005202	丰收村委会	118.635612	31.712947	0	18	66	乡镇
340523109205	铸陆村委会	118.299413	31.936211	0	16	38	乡镇
340521112212	戎楚村委会	118.694715	31.432553	0	16	38	乡镇
340523109204	新农村委会	118.318400	31.976290	0	30	72	村庄
340521104001	藏皇阁居委会	118.663409	31.412635	1	80	100	政府机构
340521101203	长福村委会	118.573491	31.329346	0	25	70	乡镇
340521111203	彰教村委会	118.809888	31.433483	0	18	40	乡镇
340503007005	金安社区居委会	118.504190	31.717309	0	25	70	乡镇
340503004003	采秣社区居委会	118.521427	31.671729	1	80	100	政府机构
340521202207	宫锦村委会	118.429968	31.613729	0	18	49	村庄
340504200002	阳湖社区居委会	118.459898	31.685596	0	18	66	村庄
340521106211	宁西村委会	118.497138	31.490417	0	18	66	乡镇
340523100208	兴圩村委会	118.346772	31.713667	0	16	65	乡镇
340521100003	河南社区居委会	118.490794	31.589434	0	25	70	乡镇
340521112205	麻村村委会	118.641901	31.444166	1	80	100	政府机构
340521102205	南广村委会	118.675337	31.334474	0	20	67	乡镇
340503003007	中岗社区居委会	118.512362	31.687786	0	30	58	乡镇
340503401204	杨家村委会	118.521330	31.746869	0	25	55	旅游景点
340521101215	双沟村委会	118.426169	31.504869	1	80	100	政府机构
340521104200	边湖村委会	118.687104	31.390691	0	18	66	乡镇
340521101002	亭头居委会	118.579910	31.369049	1	80	100	政府机构
340521111002	西湖居委会	118.809888	31.433483	0	18	66	乡镇
340503005002	万嘉颐园社区居委会	118.635612	31.712947	0	18	49	乡镇
340521103204	陶村村委会	118.576715	31.442873	1	80	100	政府机构
340504200215	超山村委会	118.459898	31.685596	0	18	66	村庄
340521110202	港东村委会	118.481700	31.432166	0	18	66	乡镇
340523100009	白果社区居委会	118.346772	31.713667	0	16	47	乡镇
340504200203	三联村委会	118.459898	31.685596	0	18	66	村庄
340521103212	济东村委会	118.603450	31.409019	0	18	40	乡镇
340523108205	高祖村委会	118.154221	31.861317	0	18	40	乡镇
340522100221	双圩村委会	118.166728	31.705282	0	16	47	乡镇
340503006004	矿内社区居委会	118.482461	31.722056	1	70	92	UNKNOWN
340503401005	慈馨社区居委会	118.521330	31.746869	0	25	55	旅游景点
340504100201	落星村委会	118.606800	31.630821	0	30	72	村庄
340522106208	长山村委会	117.965190	31.761839	0	30	72	村庄
340522100201	祁门村委会	118.166728	31.705282	0	16	38	乡镇
340523104206	考塘村委会	118.198908	31.592189	0	18	66	乡镇
340523109208	中山村委会	118.389580	32.019819	0	30	72	村庄
340523100212	龙华村委会	118.286130	31.653940	0	30	72	村庄
340504003016	万达社区居委会	118.490880	31.659608	0	30	72	乡镇
340522107205	后圩村委会	118.050120	31.822950	0	25	70	乡镇
340523103202	姥下河村委会	118.312975	31.606157	0	18	66	乡镇
340522101001	漕川社区居委会	118.101000	31.734699	0	16	47	区县
340522104203	陈墩村委会	118.015025	31.547654	0	16	65	乡镇
340523100204	沈家山村委会	118.346772	31.713667	0	16	65	乡镇
340506102001	新市居委会	118.730372	31.572002	1	80	100	政府机构
340521401200	戚桥村委会	118.486790	31.516541	1	80	94	UNKNOWN
340503101211	黄里村委会	118.651040	31.720850	0	30	72	村庄
340522103207	西山村委会	118.149560	31.629849	0	30	72	村庄
340523102002	后港社区居委会	118.319323	31.515795	0	18	49	乡镇
340523107200	驻马村委会	118.404091	31.827497	0	18	66	乡镇
340521112209	新生村委会	118.695695	31.488229	0	30	72	村庄
340506100207	新城村委会	118.841670	31.558451	0	25	55	乡镇
340522106212	邵集村委会	117.965558	31.814236	0	16	65	乡镇
340523401498	安徽精细化工产业有机合成基地虚拟社区	118.471299	31.815640	0	25	70	乡镇
340523106201	徐桥村委会	118.339468	31.861586	0	18	66	乡镇
340506101206	团结村委会	118.672990	31.605731	0	30	72	地产小区
340521103208	光华村委会	118.603450	31.409019	0	18	66	乡镇
340522102206	长岗村委会	118.049970	31.474250	0	30	72	村庄
340521100218	洞阳村委会	118.490794	31.589434	0	25	47	乡镇
340504402004	宝庆社区居委会	118.499000	31.682100	0	16	38	区县
340521400201	新桥村委会	118.460741	31.515973	1	80	100	政府机构
340506101210	八卦村委会	118.658764	31.604655	0	16	65	乡镇
340523100005	大桥社区居委会	118.346772	31.713667	0	16	65	乡镇
340523105207	西埠村委会	118.291500	31.768770	0	25	70	乡镇
340506102200	新禄村委会	118.741860	31.577193	0	18	40	乡镇
340503009200	上湖村委会	118.476283	31.735387	0	30	58	乡镇
340522101200	新海村委会	118.101000	31.734699	0	16	47	区县
340522104002	裕林社区居委会	118.015025	31.547654	0	16	65	乡镇
340523102203	兴隆村委会	118.286300	31.511430	0	30	72	村庄
340523107001	鼓南社区居委会	118.404091	31.827497	0	18	40	乡镇
340522106204	东洪村委会	117.965558	31.814236	0	16	65	乡镇
340522105214	苍横村委会	117.972402	31.667239	0	16	38	乡镇
340504001007	西苑社区居委会	118.487408	31.695946	0	30	72	乡镇
340523104205	丰山村委会	118.246020	31.645631	0	30	72	村庄
340503101204	凤山村委会	118.621127	31.749186	1	80	100	政府机构
340521100221	宗和村委会	118.490794	31.589434	0	25	47	乡镇
340523100211	望江村委会	118.346772	31.713667	0	16	65	乡镇
340521106208	鑫龙村委会	118.497138	31.490417	0	18	40	乡镇
340523103201	姥长村委会	118.312975	31.606157	0	18	40	乡镇
340504003015	映翠社区居委会	118.490880	31.659608	0	30	72	乡镇
340522107206	大宣村委会	118.050120	31.822950	0	25	47	乡镇
340523100207	黄墩村委会	118.346772	31.713667	0	16	65	乡镇
340503009002	金瑞社区居委会	118.476283	31.735387	0	30	72	乡镇
340522104200	青龙村委会	118.065240	31.597071	0	30	72	村庄
340521202208	三联村委会	118.429968	31.613729	0	18	66	村庄
340504003003	花园社区居委会	118.490880	31.659608	0	30	72	乡镇
340503101212	濮塘村委会	118.654860	31.710350	0	25	47	乡镇
340522100214	刘武村委会	118.166728	31.705282	0	16	38	乡镇
340503003008	南湖社区居委会	118.512362	31.687786	0	30	72	乡镇
340523102001	白桥街社区居委会	118.319323	31.515795	0	18	49	乡镇
340523107203	建设村委会	118.456200	31.851549	0	30	72	村庄
340506100204	滨湖村委会	118.841670	31.558451	0	25	55	乡镇
340522103204	司徒村委会	118.114874	31.583684	0	18	66	乡镇
340522106211	骆集村委会	117.965558	31.814236	0	16	65	乡镇
340522402498	含山县褒禅山经济园区虚拟社区	118.041533	31.675153	0	20	67	乡镇
340522100003	望梅社区居委会	118.166728	31.705282	0	16	47	乡镇
340522105201	新兴村委会	118.010000	31.667121	0	30	72	村庄
340522102205	大马村委会	118.068430	31.468331	0	30	72	村庄
340523106202	龙山村委会	118.339468	31.861586	0	18	49	乡镇
340506101205	黄塘村委会	118.718205	31.554354	1	80	100	政府机构
340523100010	城北社区居委会	118.346772	31.713667	0	16	65	乡镇
340522101203	潘桥村委会	118.056980	31.438080	0	30	72	村庄
340522104001	乐城社区居委会	118.015025	31.547654	0	16	65	乡镇
340523100006	横江社区居委会	118.346772	31.713667	0	16	65	乡镇
340523105204	盛家口村委会	118.291500	31.768770	0	25	47	乡镇
340506102203	梅山村委会	118.741860	31.577193	0	18	49	乡镇
340522106207	六衡村委会	117.965558	31.814236	0	16	33	乡镇
340523102200	高庙村委会	118.268270	31.581619	0	30	72	村庄
340523107002	惠北社区居委会	118.404091	31.827497	0	18	49	乡镇
340521112210	上禾村委会	118.694715	31.432553	0	16	38	乡镇
340523109207	幸福村委会	118.299413	31.936211	0	16	47	乡镇
340503005200	三姚村委会	118.635612	31.712947	0	18	66	乡镇
340521111200	塘沟村委会	118.809888	31.433483	0	18	66	乡镇
340521101200	殷村村委会	118.573491	31.329346	0	25	70	乡镇
340521106204	龙山村委会	118.497083	31.478710	0	30	72	村庄
340503007006	塘岔社区居委会	118.505730	31.730699	1	80	95	地产小区
340521106212	宁兴村委会	118.497138	31.490417	0	18	66	乡镇
340521202204	普集村委会	118.444715	31.620271	1	80	100	政府机构
340504200001	贵都社区居委会	118.459898	31.685596	0	18	49	村庄
340521105202	护河村委会	118.565058	31.495953	0	25	47	乡镇
340521102206	胜平村委会	118.675337	31.334474	0	20	41	乡镇
340506100208	长裕村委会	118.841670	31.558451	0	25	47	乡镇
340521112206	平王村委会	118.663150	31.459211	0	30	72	村庄
340522103208	祁首村委会	118.114874	31.583684	0	18	40	乡镇
340521101216	西河村委会	118.573491	31.329346	0	25	70	乡镇
340523500598	安徽和县台湾农民创业园虚拟生活区	118.374964	31.753653	1	70	50	工业园区
340503401207	杨坝村委会	118.521330	31.746869	0	25	55	旅游景点
340503003004	佳山社区居委会	118.512362	31.687786	0	30	58	乡镇
340522100218	大西圩村委会	118.166728	31.705282	0	16	65	乡镇
340521111001	小太平居委会	118.809888	31.433483	0	18	49	乡镇
340521104203	兴永村委会	118.688070	31.374279	0	30	72	村庄
340521101001	黄池居委会	118.601729	31.298443	1	80	100	政府机构
340503005001	东城花园社区居委会	118.635612	31.712947	0	18	49	乡镇
340521100217	连千村委会	118.601638	31.531474	1	80	100	政府机构
340506101209	宝义村委会	118.658764	31.604655	0	16	38	乡镇
340521103207	团月村委会	118.623980	31.454460	0	30	72	村庄
340523105208	新民村委会	118.260550	31.777940	0	30	72	村庄
340521110201	里桥村委会	118.498000	31.571000	0	14	32	区县
340522100222	严保村委会	118.166728	31.705282	0	16	38	乡镇
340523108206	陶店村委会	118.154221	31.861317	0	18	66	乡镇
340521103211	沛东村委会	118.603450	31.409019	0	18	40	乡镇
340504200200	印山村委会	118.459898	31.685596	0	18	66	村庄
340504100202	南庄村委会	118.594150	31.625690	0	30	72	村庄
340504100203	石马村委会	118.584910	31.638849	0	30	72	村庄
340522100223	一统碑村委会	118.118570	31.736561	0	30	58	村庄
340521103210	济南村委会	118.603450	31.409019	0	18	40	乡镇
340504200201	马塘村委会	118.559461	31.635744	0	30	72	村庄
340523105209	双庙村委会	118.253790	31.753870	0	30	72	村庄
340521110200	年陡村委会	118.481700	31.432166	0	18	40	乡镇
340506101208	龙山村委会	118.655353	31.582837	1	80	100	政府机构
340521103206	石桥村委会	118.605466	31.439892	0	30	72	村庄
340521100216	关马村委会	118.490794	31.589434	0	25	55	乡镇
340521104202	吴村港村委会	118.689110	31.392559	0	30	51	村庄
340521101217	南埂村委会	118.660631	31.577591	1	80	100	政府机构
340503401206	赤口村委会	118.571403	31.717310	1	80	100	政府机构
340522100219	三龙村委会	118.166728	31.705282	0	16	65	乡镇
340504100002	西山社区居委会	118.609998	31.650473	0	18	66	乡镇
340521112207	韩村村委会	118.707799	31.455457	1	80	100	政府机构
340506100209	山宁村委会	118.841670	31.558451	0	25	47	乡镇
340521105203	兴禾村委会	118.565058	31.495953	0	25	47	乡镇
340521100001	东大社区居委会	118.490794	31.589434	0	25	70	乡镇
340521110001	年丰居委会	118.481700	31.432166	0	18	66	乡镇
340521202205	尚锦村委会	118.434950	31.635301	0	30	72	村庄
340521106205	长江村委会	118.475045	31.497023	0	30	72	村庄
340521111201	大邢村委会	118.809888	31.433483	0	18	66	乡镇
340523104208	东堡村委会	118.207450	31.597649	0	30	72	村庄
340521101201	劳动村委会	118.573491	31.329346	0	25	70	乡镇
340521112211	双禾村委会	118.596765	31.474864	1	80	100	政府机构
340523109206	裕民村委会	118.316940	32.008430	0	30	72	村庄
340503005201	前进村委会	118.536590	31.688230	0	30	72	村庄
340522106206	石婆村委会	117.965558	31.814236	0	16	65	乡镇
340523102201	七成村委会	118.319323	31.515795	0	18	35	乡镇
340523107003	濮集社区居委会	118.404091	31.827497	0	18	49	乡镇
340522101202	庙赵村委会	118.101000	31.734699	0	16	38	区县
340523100007	共义社区居委会	118.346772	31.713667	0	16	65	乡镇
340506102202	联三村委会	118.741860	31.577193	0	18	40	乡镇
340523105205	鸡笼山村委会	118.291500	31.768770	0	25	70	乡镇
340503002008	王家山社区居委会	118.513399	31.703652	1	75	95	地产小区
340523100011	双严社区居委会	118.346772	31.713667	0	16	65	乡镇
340522102204	太湖村委会	118.059710	31.505191	0	30	72	村庄
340523103001	姥桥社区居委会	118.312975	31.606157	0	18	49	乡镇
340506101204	董塘村委会	118.658764	31.604655	0	16	65	乡镇
340523106203	龙塘村委会	118.339860	31.860699	0	30	72	村庄
340522100002	大庆社区居委会	118.107800	31.723010	1	80	100	政府机构
340522106210	金洼村委会	117.965558	31.814236	0	16	65	乡镇
340506100205	西城村委会	118.814120	31.566039	0	30	72	村庄
340523107202	石山村委会	118.406650	31.880390	0	30	72	村庄
340522103205	西塔村委会	118.114370	31.592351	0	30	72	村庄
340503003009	华城社区居委会	118.512362	31.687786	0	30	72	乡镇
340521202209	联合村委会	118.409970	31.592340	0	30	72	村庄
340523100206	太平村委会	118.417739	31.585119	1	80	100	政府机构
340506400498	博望高新技术产业开发区虚拟社区	118.863299	31.578123	0	30	72	乡镇
340503009003	明珠社区居委会	118.476283	31.735387	0	30	72	乡镇
340522104201	福山村委会	118.020570	31.562360	0	30	72	村庄
340521106209	永兴村委会	118.462788	31.525798	1	80	100	政府机构
340523103200	菱湖村委会	118.312975	31.606157	0	18	66	乡镇
340523106002	张家集社区居委会	118.339468	31.861586	0	18	49	乡镇
340504003014	孙底社区居委会	118.485810	31.659101	0	30	72	UNKNOWN
340523100210	戚镇村委会	118.346772	31.713667	0	16	38	乡镇
340521400002	焦家社区居委会	118.476024	31.561970	1	80	100	政府机构
340521100220	龙华村委会	118.490794	31.589434	0	25	55	乡镇
340523104204	杨圩村委会	118.198908	31.592189	0	18	49	乡镇
340503101205	双板村委会	118.618235	31.729725	1	80	95	购物
340522105001	清溪社区居委会	118.000330	31.656680	1	80	100	政府机构
340523109201	花园村委会	118.240630	31.850111	0	30	72	村庄
340503005206	张庄村委会	118.583427	31.700055	1	80	100	政府机构
340504401498	雨山经济开发区虚拟社区	118.557447	31.614946	0	20	67	乡镇
340521106202	太白村委会	118.497138	31.490417	0	18	66	乡镇
340521100010	行陈社区居委会	118.490794	31.589434	0	25	55	乡镇
340504200007	东湖社区居委会	118.459898	31.685596	0	18	66	村庄
340521202202	吉余村委会	118.429968	31.613729	0	18	40	村庄
340523108001	善厚集社区居委会	118.154221	31.861317	0	18	49	乡镇
340504003009	鹊桥社区居委会	118.490880	31.659608	0	30	58	乡镇
340521105204	清潭村委会	118.565058	31.495953	0	25	55	乡镇
340521112200	南柘村委会	118.694715	31.432553	0	16	33	乡镇
340523107209	新圩村委会	118.416350	31.767541	0	30	72	村庄
340521102200	王潭村委会	118.704800	31.328860	0	30	72	村庄
340504100005	北山社区居委会	118.609998	31.650473	0	18	66	乡镇
340521101210	三合村委会	118.573491	31.329346	0	25	70	乡镇
340503401201	林里村委会	118.521330	31.746869	0	25	55	旅游景点
340503006200	恒兴村委会	118.491913	31.726603	0	30	72	乡镇
340522100009	玉龙社区居委会	118.166728	31.705282	0	16	65	乡镇
340521104205	新卫村委会	118.669020	31.361881	0	30	72	村庄
340503002003	矿院社区居委会	118.541774	31.684067	0	30	58	乡镇
340503007201	同意村委会	118.507634	31.731098	1	80	100	政府机构
340521100211	莲云村委会	118.490794	31.589434	0	25	70	乡镇
340521110211	常韦村委会	118.481700	31.432166	0	18	40	乡镇
340521103201	起垅村委会	118.603450	31.409019	0	18	40	乡镇
340506102209	横山村委会	118.787600	31.580591	0	30	72	村庄
340521110207	正觉村委会	118.481700	31.432166	0	18	40	乡镇
340521100207	藏汉村委会	118.490794	31.589434	0	25	55	乡镇
340522100224	迎春村委会	118.124470	31.717441	0	30	72	村庄
340503001005	花山社区居委会	118.511123	31.705317	0	30	72	道路
340504200206	南村村委会	118.459898	31.685596	0	18	49	村庄
340523108200	凤台村委会	118.154221	31.861317	0	18	66	乡镇
340503006001	新风社区居委会	118.491913	31.726603	0	30	72	乡镇
340521112001	大陇口居委会	118.694715	31.432553	0	16	47	乡镇
340521102001	乌溪居委会	118.675337	31.334474	0	20	50	乡镇
340521500202	寺山村委会	118.587219	31.538797	0	20	67	乡镇
340504100204	向阳村委会	118.588580	31.662180	0	30	72	村庄
340523104203	毛巷村委会	118.171160	31.562750	0	30	72	村庄
340522104210	卧虎村委会	118.015025	31.547654	0	16	38	乡镇
340504402200	章塘村委会	118.499000	31.682100	0	16	47	区县
340506101002	薛津居委会	118.658764	31.604655	0	16	65	乡镇
340523103207	官塘村委会	118.283960	31.631750	0	30	72	村庄
340522107200	昭关村委会	118.050120	31.822950	0	25	70	乡镇
340523100201	五星村委会	118.346772	31.713667	0	16	65	乡镇
340503009004	文苑社区居委会	118.476283	31.735387	0	30	72	乡镇
340522104206	义城村委会	118.015025	31.547654	0	16	65	乡镇
340522100212	梅山村委会	118.128980	31.701861	0	30	72	村庄
340504004001	牛渚社区居委会	118.456747	31.656658	0	30	72	乡镇
340523107205	黄坝村委会	118.428890	31.785691	0	30	72	村庄
340506100202	永合村委会	118.827120	31.529419	0	30	72	村庄
340522103202	关镇村委会	118.114874	31.583684	0	18	66	乡镇
340504002004	红旗社区居委会	118.493496	31.685712	0	30	72	乡镇
340522105207	董城村委会	117.972402	31.667239	0	16	38	乡镇
340522100005	鼓楼社区居委会	118.166728	31.705282	0	16	65	乡镇
340523104002	南义社区居委会	118.198908	31.592189	0	18	49	乡镇
340521104209	大高村委会	118.687104	31.390691	0	18	66	乡镇
340522107001	谢集社区居委会	118.050120	31.822950	0	25	55	乡镇
340522102203	塔岗村委会	118.086053	31.487752	0	18	66	乡镇
340523106204	新建村委会	118.296340	31.808560	0	30	72	村庄
340506101203	近城村委会	118.658764	31.604655	0	16	65	乡镇
340504402001	银塘社区居委会	118.528810	31.590319	0	30	72	村庄
340506102213	新农村委会	118.763161	31.615868	1	80	100	政府机构
340522100228	三官村委会	118.166728	31.705282	0	16	65	乡镇
340522101205	黄墩村委会	118.101000	31.734699	0	16	47	区县
340523105202	枣林村委会	118.213370	31.689599	0	30	72	村庄
340506102205	新河村委会	118.724530	31.559081	0	30	72	村庄
340522106201	江淮村委会	117.965558	31.814236	0	16	38	乡镇
340522401498	安徽含山经济开发区虚拟社区	118.117104	31.724980	0	25	70	乡镇
340523107004	四联社区居委会	118.404091	31.827497	0	18	66	乡镇
340523102206	徐庄村委会	118.328720	31.531509	0	30	72	村庄
340504004200	宋山村委会	118.471087	31.659809	1	80	100	政府机构
340522105211	巧脉村委会	117.972402	31.667239	0	16	38	乡镇
340504004201	芦场村委会	118.456747	31.656658	0	30	72	乡镇
340504001003	明渠社区居委会	118.487408	31.695946	0	30	58	乡镇
340522105210	白马村委会	117.999850	31.713691	0	30	72	村庄
340522106200	八熊村委会	117.965558	31.814236	0	16	33	乡镇
340504002013	永泰社区居委会	118.493496	31.685712	0	30	72	乡镇
340506100002	新博社区居委会	118.841670	31.558451	0	25	55	乡镇
340523102207	西梁山村委会	118.319323	31.515795	0	18	40	乡镇
340522101204	三台村委会	118.101000	31.734699	0	16	47	区县
340506102204	釜山村委会	118.709890	31.533980	0	50	73	UNKNOWN
340523105203	腰埠村委会	118.485333	31.612240	1	80	100	政府机构
340523100001	龙潭社区居委会	118.346772	31.713667	0	16	65	乡镇
340506102212	洪庙村委会	118.741860	31.577193	0	18	66	乡镇
340522102202	西河村委会	118.086053	31.487752	0	18	66	乡镇
340506101202	润州村委会	118.658764	31.604655	0	16	38	乡镇
340523106205	孙堡村委会	118.339468	31.861586	0	18	40	乡镇
340522105206	半湖村委会	117.972402	31.667239	0	16	38	乡镇
340522100004	翰林社区居委会	118.166728	31.705282	0	16	47	乡镇
340521104208	大姜村委会	118.687104	31.390691	0	18	66	乡镇
340506100203	新联村委会	118.841670	31.558451	0	25	70	乡镇
340523107204	宋桥村委会	118.419810	31.803171	0	30	72	村庄
340522106001	富民社区居委会	117.965558	31.814236	0	16	65	乡镇
340522103203	卜李村委会	118.114874	31.583684	0	18	40	乡镇
340523105002	腰埠社区居委会	118.291500	31.768770	0	25	55	乡镇
340523100200	大荣村委会	118.346772	31.713667	0	16	65	乡镇
340503009005	乔山社区居委会	118.476283	31.735387	0	30	58	乡镇
340522104207	龙台村委会	118.015025	31.547654	0	16	65	乡镇
340506101003	小花津居委会	118.682991	31.534602	1	80	97	UNKNOWN
340523103206	红光村委会	118.312975	31.606157	0	18	66	乡镇
340522107201	褒北村委会	118.050120	31.822950	0	25	55	乡镇
340504003012	鸳鸯社区居委会	118.486275	31.670115	1	80	100	政府机构
340522400498	安徽含山工业园区虚拟社区	117.966339	31.560780	0	20	67	乡镇
340522104211	房圩村委会	117.981610	31.489479	0	30	58	UNKNOWN
340504402201	岱山村委会	118.562840	31.590220	0	30	72	村庄
340523104202	新塘村委会	118.159190	31.534209	0	30	72	村庄
340522100205	胡蒋村委会	118.166728	31.705282	0	16	65	乡镇
340504100205	锁库村委会	118.613268	31.677308	0	60	80	停车场/停车区
340521104212	曹坝村委会	118.687104	31.390691	0	18	66	乡镇
340522100225	夏桥村委会	118.166728	31.705282	0	16	47	乡镇
340503001004	卜树集社区居委会	118.508073	31.700358	1	80	97	UNKNOWN
340504200207	东湖村委会	118.523820	31.650440	0	30	72	村庄
340523108201	早林村委会	118.154221	31.861317	0	18	40	乡镇
340521110206	查联村委会	118.481700	31.432166	0	18	40	乡镇
340506102208	来龙村委会	118.741860	31.577193	0	18	66	乡镇
340521100206	小桥村委会	118.512720	31.572109	0	30	72	村庄
340521103200	永新村委会	118.619693	31.423734	1	80	95	地产小区
340521106002	金涂居委会	118.497138	31.490417	0	18	66	乡镇
340503002002	东苑社区居委会	118.541774	31.684067	0	30	72	乡镇
340503007200	团结村委会	118.503320	31.704070	1	80	95	地产小区
340521100210	宝塔村委会	118.490794	31.589434	0	25	70	乡镇
340521110210	太仓村委会	118.450137	31.477678	0	30	72	村庄
340503005006	秀山社区居委会	118.635612	31.712947	0	18	66	乡镇
340504002009	翠湖社区居委会	118.493496	31.685712	0	30	72	乡镇
340523109001	石杨社区居委会	118.299413	31.936211	0	16	65	乡镇
340522100008	张公社区居委会	118.166728	31.705282	0	16	65	乡镇
340521104204	桃元村委会	118.681091	31.357729	0	30	72	村庄
340521101211	中闸村委会	118.573491	31.329346	0	25	70	乡镇
340503401200	曙一村委会	118.521330	31.746869	0	25	43	旅游景点
340521112201	孙赵村委会	118.694715	31.432553	0	16	65	乡镇
340523107208	新濮村委会	118.384540	31.790360	0	30	72	村庄
340521102201	永保村委会	118.675337	31.334474	0	20	41	乡镇
340504100004	石山社区居委会	118.609998	31.650473	0	18	66	乡镇
340521100007	姑孰社区居委会	118.487960	31.555961	1	80	100	政府机构
340521105205	幸福村委会	118.565058	31.495953	0	25	55	乡镇
340504200006	学苑社区居委会	118.459898	31.685596	0	18	66	村庄
340521202203	黄洲村委会	118.429968	31.613729	0	18	66	村庄
340521106215	安民村委会	118.436660	31.516870	0	30	72	村庄
340503004007	师苑社区居委会	118.521438	31.672766	0	30	72	乡镇
340521100011	凌云社区居委会	118.500833	31.553380	1	80	100	政府机构
340503007001	南塘社区居委会	118.504190	31.717309	0	25	70	乡镇
340521103001	石桥居委会	118.601211	31.440810	1	80	100	政府机构
340521106203	永宁村委会	118.497138	31.490417	0	18	66	乡镇
340504200010	雨秀社区居委会	118.459898	31.685596	0	18	66	村庄
340521101207	三里村委会	118.573491	31.329346	0	25	70	乡镇
340522100209	褒山村委会	118.166728	31.705282	0	16	38	乡镇
340523109200	高关村委会	118.299413	31.936211	0	16	65	乡镇
340503005207	霍里村委会	118.635612	31.712947	0	18	49	乡镇
