340882202203	暗冲村委会	116.526375	30.768613	0	18	66	村庄
340828101207	白鹿村委会	116.037100	30.693950	0	30	72	村庄
340822105202	茶岭村委会	116.866355	30.684138	1	80	100	政府机构
340828111207	白沙村委会	115.914098	30.742229	0	18	66	乡镇
340827107204	白莲洲村委会	116.711540	30.252179	0	30	58	UNKNOWN
340881109205	杨树村委会	116.824909	31.016774	1	80	100	政府机构
340826103203	滴露村委会	116.371393	30.162959	0	18	40	乡镇
340826106001	破凉社区居委会	116.135569	30.271809	0	18	66	乡镇
340827200202	横山村委会	116.651923	30.235172	0	30	72	村庄
340822202204	独秀村委会	116.792430	30.662998	0	18	66	村庄
340882100007	舒苑社区	116.589108	30.654033	0	18	66	乡镇
340881003213	黄燕村委会	116.899745	31.102018	0	18	40	乡镇
340882105205	槎水村委会	116.581685	30.848381	1	80	100	政府机构
340826204205	官洲村委会	116.330065	29.908137	0	18	66	村庄
340828201205	关畈村委会	116.194583	30.841501	1	80	100	政府机构
340882102201	糖岭村委会	116.635338	30.724676	0	18	40	乡镇
340822101216	广丰村委会	116.703590	30.403150	0	30	72	村庄
340825108207	花冲村委会	116.111933	30.614874	1	80	100	政府机构
340826203201	木梓村委会	116.240705	30.069029	1	80	100	政府机构
340803100210	培文村民委员会	116.899519	30.454130	0	18	49	乡镇
340811101005	破罡湖居委会	117.176790	30.636380	0	50	82	UNKNOWN
340822112206	健康村委会	116.590620	30.416964	0	25	70	乡镇
340828106203	汤池村委会	116.338858	30.920211	0	18	66	乡镇
340825105209	大山村委会	116.074860	30.396961	0	30	72	村庄
340822102206	复兴村委会	116.908830	30.593380	0	30	72	村庄
340882101211	田墩村委会	116.686762	30.827351	0	16	65	乡镇
340881002005	建设居委会	116.950145	31.044288	1	80	100	政府机构
340827100200	鹤庄村委会	116.679131	30.125065	0	16	38	乡镇
340827105002	古炉社区居委会	116.546568	30.324661	0	18	49	乡镇
340826104207	长桥村委会	116.405290	30.043570	0	30	72	村庄
340827103206	九华村委会	116.799645	30.352781	0	18	66	乡镇
340825108211	桐山村委会	115.849103	30.670038	0	16	65	乡镇
340822101200	邵段村委会	116.685148	30.404236	0	18	40	乡镇
340822104002	人形河居委会	116.867570	30.799201	0	30	72	UNKNOWN
340881001003	大王居委会	116.979658	30.992459	0	18	49	乡镇
340828105205	朱铺村委会	115.885861	30.831445	0	18	40	乡镇
340811102003	凤溪居委会	117.041337	30.703636	0	60	72	乡镇
340822111200	石牛村委会	116.662361	30.448572	0	30	72	村庄
340826107201	枫驿村委会	116.186598	30.330933	0	18	40	乡镇
340803100206	镇江村民委员会	116.897110	30.470959	0	30	72	村庄
340881103219	龙塘村委会	116.867730	30.906231	0	30	72	村庄
340828202203	明山村委会	116.206660	31.028741	0	30	72	村庄
340882101207	永济村委会	116.686762	30.827351	0	16	38	乡镇
340822112210	山湖村委会	116.532760	30.466999	0	30	72	村庄
340827201002	雷港社区居委会	116.807820	30.141240	1	80	100	政府机构
340826210207	南冲村委会	116.119263	30.368282	1	80	100	政府机构
340881100209	桐溪村委会	117.107380	31.064481	0	30	72	村庄
340827107212	沈冲村委会	116.753134	30.205640	0	16	65	乡镇
340882103001	王河街居委会	116.598086	30.525023	0	18	49	乡镇
340828205207	上畈村委会	116.389495	30.804712	1	80	100	政府机构
340882106203	高峰村委会	116.364780	30.639959	0	30	72	村庄
340822201202	太平村委会	116.851991	30.603776	0	20	67	村庄
340803200204	五里村民委员会	116.992067	30.556906	0	20	50	乡镇
340826207203	白鹤村委会	115.997504	30.371892	0	18	66	村庄
340828112201	平等村委会	116.318688	31.103897	0	18	66	乡镇
340827104202	武昌村委会	116.715739	30.318142	0	18	40	乡镇
340881003205	黄岗村委会	116.995988	31.079669	0	30	72	村庄
340822106204	瓦窑村委会	116.677140	30.658640	0	30	72	村庄
340882201205	崔仓村委会	116.635045	30.537457	0	20	41	村庄
340828102201	羊河村委会	116.202286	30.893083	0	50	73	UNKNOWN
340826100205	联盟村委会	116.092983	30.147866	0	30	72	村庄
340881101208	陡岗村委会	116.970200	31.130507	0	18	66	乡镇
340826201206	纱帽村委会	116.279059	30.182932	0	18	66	村庄
340822113211	石库村委会	116.867108	30.526145	1	80	100	政府机构
340803500501	双河分场	116.773392	30.420860	0	18	49	乡镇
340828203202	包家村委会	116.101200	31.060680	0	30	72	村庄
340882100206	河湾村委会	116.286633	30.652766	1	80	100	政府机构
340822103211	南山村委会	116.745950	30.711901	0	30	72	村庄
340825200208	大石岭村委会	116.429694	30.212993	0	18	66	村庄
340826106200	黄大村委会	116.135569	30.271809	0	18	40	乡镇
340822110201	菱湖村委会	116.669954	30.529092	0	18	66	乡镇
340828104204	石盆村委会	116.416165	31.090386	0	16	65	乡镇
340822100201	城东村委会	116.846469	30.729769	0	30	72	村庄
340826205212	佐坝村委会	116.114290	30.059649	0	25	47	村庄
340826101204	套口村委会	116.553781	29.951536	0	16	65	乡镇
340811101204	官兵村委会	117.084942	30.662665	0	18	40	乡镇
340882200204	新安村委会	116.578450	30.927830	0	30	72	村庄
340828103200	港河村委会	116.291138	30.721711	0	18	66	乡镇
340882104212	湖墩村委会	116.429760	30.590040	0	30	72	村庄
340881002204	官桥村委会	116.912370	31.024510	0	30	72	村庄
340822107205	团结村委会	116.805820	30.577815	0	30	72	村庄
340827100001	龙湖社区居委会	116.679131	30.125065	0	16	65	乡镇
340828113200	北山村委会	116.232850	30.866389	0	30	72	村庄
340827105203	望马楼村委会	116.546568	30.324661	0	18	35	乡镇
340826206202	迎宾村委会	115.905700	30.388211	0	30	72	村庄
340822200203	四武村委会	116.960622	30.735108	0	25	43	乡镇
340882107202	乐平村委会	116.674803	30.993285	0	16	65	乡镇
340827106213	新桥村委会	116.519045	30.255561	1	80	100	政府机构
340826205204	振昌村委会	116.114290	30.059649	0	25	47	村庄
340828207200	张家村委会	116.355705	30.981146	1	80	100	政府机构
340882104204	槐树村委会	116.492171	30.564323	0	18	66	乡镇
340822203205	金山村委会	116.765650	30.535570	0	30	72	村庄
340827201203	雷江村委会	116.872317	30.217742	0	16	65	村庄
340826102202	三兴村委会	116.254210	29.814230	0	25	70	乡镇
340871001005	尤林居委会	117.055572	30.546485	1	80	97	UNKNOWN
340881108204	蟠龙村委会	117.042956	30.898141	1	80	100	政府机构
340827106205	苍洪村委会	116.520320	30.204180	0	30	58	UNKNOWN
340822101001	下街居委会	116.652823	30.407872	1	80	100	政府机构
340881001202	望城村委会	116.986200	31.003111	0	30	72	村庄
340822104203	高湖村委会	116.890906	30.772170	0	18	66	乡镇
340882203202	吴塘村委会	116.494533	30.649201	0	30	72	村庄
340811102202	花园村委会	117.073143	30.699718	1	80	100	政府机构
340822114203	于山村委会	116.774216	30.478164	0	18	40	乡镇
340822111001	平山居委会	116.669004	30.440984	0	25	70	乡镇
340826100004	民西社区居委会	116.120589	30.150079	1	80	100	政府机构
340826105206	三冲村委会	116.055284	30.253721	0	18	66	乡镇
340827101201	杨湾村委会	116.633759	30.089068	0	18	66	乡镇
340827104003	洗粉社区居委会	116.715739	30.318142	0	18	66	乡镇
340822103207	泥河村委会	116.818550	30.802110	0	30	72	村庄
340882100210	万岭村委会	116.589108	30.654033	0	18	66	乡镇
340828107202	千佛塔村委会	116.346473	30.773267	0	18	40	乡镇
340825104208	洪畈村委会	116.163357	30.177963	1	80	100	政府机构
340811100004	永林居委会	116.992511	30.604507	1	80	100	政府机构
340822113207	宏光村委会	116.844590	30.571630	0	30	72	村庄
340826212200	六圩村委会	116.168959	30.124151	0	20	67	村庄
340826202200	国赛村委会	116.244622	30.125888	0	18	40	村庄
340825109206	南斗村委会	115.960100	30.668060	0	25	47	乡镇
340828200204	王畈村委会	116.418483	30.827186	0	30	72	村庄
340882103200	河镇村委会	116.598086	30.525023	0	18	40	乡镇
340822204201	雷埠村委会	116.558579	30.387724	0	18	40	村庄
340802201200	枞南村委会	117.200683	30.615350	0	18	49	村庄
340882105209	皂河村委会	116.566830	30.849221	0	25	70	乡镇
340803005002	高花社区居民委员会	117.043930	30.526291	1	80	94	政府机构
340822108200	南方村委会	116.714243	30.600488	0	25	70	乡镇
340881104207	福塘村委会	116.982576	30.792525	0	18	66	乡镇
340826204209	金坝村委会	116.330065	29.908137	0	18	66	村庄
340827107208	群星村委会	116.753134	30.205640	0	16	65	乡镇
340825102201	金鸡村委会	116.390752	30.429175	0	30	72	村庄
340881107217	许咀村委会	116.974405	30.899440	0	18	66	乡镇
340881002009	翻身社区居委会	116.932171	31.003912	0	25	55	乡镇
340825105205	黄苗村委会	116.141673	30.458260	0	16	65	乡镇
340825100007	莲花居委会	116.294000	30.449789	0	25	70	乡镇
340826401505	华阳河三分场	116.553690	30.057051	1	80	100	UNKNOWN
340881100213	铁山村委会	117.070150	31.016109	0	30	72	村庄
340825202203	毕岭村委会	116.319865	30.340562	0	18	40	村庄
340802006001	马窝居委会	117.171202	30.542678	0	50	82	UNKNOWN
340881106001	同兴居委会	116.774840	30.841813	1	80	100	政府机构
340881103203	罗潭村委会	116.885416	30.847329	0	25	70	乡镇
340825105213	横路村委会	116.168280	30.475839	0	30	72	村庄
340871100002	新丰居委会	117.156539	30.560851	0	18	66	乡镇
340825201205	界址村委会	116.248715	30.388556	0	18	40	村庄
340881100205	镇东村委会	117.056682	31.025078	0	30	72	村庄
340881110205	水岭村委会	116.846904	31.051295	0	18	66	乡镇
340825106203	龙湾村委会	116.085220	30.558960	0	30	72	村庄
340825103001	振东居委会	116.391164	30.535839	0	18	66	乡镇
340828105209	朱查村委会	115.885861	30.831445	0	18	40	乡镇
340881103215	土桥村委会	117.028766	31.131014	1	80	100	政府机构
340828208205	姚河村委会	116.511594	31.116872	0	18	66	村庄
340825101207	桥东村委会	116.389954	30.282746	0	18	40	乡镇
340822106208	田铺村委会	116.762001	30.643649	1	80	100	政府机构
340802001013	南水回族居委会	117.048249	30.505506	0	40	58	乡镇
340803006004	大湖社区居民委员会	117.049950	30.530121	1	80	100	政府机构
340881107201	孙桥村委会	116.999730	30.914410	0	30	72	村庄
340881400498	桐城经济开发区虚拟社区	116.988483	31.033143	1	80	97	商务大厦
340802002003	地质居委会	117.069582	30.511832	0	30	58	乡镇
340811001003	叶祠居委会	117.077990	30.517699	1	80	97	政府机构
340881102214	樟枫村委会	116.879491	30.961759	0	18	40	乡镇
340825107202	白洋村委会	115.954575	30.541709	0	16	65	乡镇
340881101204	双联村委会	117.042130	31.111271	0	30	72	村庄
340828109206	桃李村委会	116.229180	30.813039	0	30	72	村庄
340825200204	大明村委会	116.429694	30.212993	0	18	66	村庄
340825104212	罗溪村委会	116.244760	30.566477	0	16	65	乡镇
340822108001	三桥居委会	116.720820	30.599249	1	80	100	政府机构
340826208210	小圩村委会	116.070370	30.305410	0	30	72	村庄
340881106200	新民村委会	116.781360	30.851489	0	30	72	村庄
340803007005	湖心社区居民委员会	117.054690	30.525350	1	80	100	政府机构
340881105210	歧岭村委会	117.026550	31.190120	0	18	66	乡镇
340826400400	马家湖社区	116.515840	30.081081	0	30	100	村庄
340822107209	桐元村委会	116.776098	30.601800	0	18	66	乡镇
340881002208	交通村委会	116.932171	31.003912	0	25	70	乡镇
340882200208	西河村委会	116.545250	30.957957	0	18	66	村庄
340871100215	元桥村委会	117.156539	30.560851	0	18	66	乡镇
340825100206	花亭湖村委会	116.272471	30.423267	0	25	55	旅游景点
340828209204	太阳村委会	116.148634	30.942969	0	18	66	村庄
340881106216	永庆村委会	116.823890	30.890379	0	30	72	村庄
340881108208	松山村委会	117.066591	30.807802	1	80	100	政府机构
340826208206	古山村委会	116.080470	30.335767	0	18	66	乡镇
340871001009	天柱居委会	117.055572	30.546485	1	80	95	UNKNOWN
340825103200	小池村委会	116.391164	30.535839	0	18	66	乡镇
340827106209	龙林村委会	116.534308	30.214961	0	16	65	乡镇
340881105206	麻山村委会	116.991800	31.209310	0	30	72	村庄
340826205208	环湖村委会	116.081320	29.968590	0	30	72	村庄
340822109201	毛安村委会	116.646547	30.614005	0	18	66	乡镇
340825100210	湖宾村委会	116.294000	30.449789	0	25	47	乡镇
340871100203	泉河村委会	117.198450	30.557519	0	30	72	村庄
340882104208	云峰村委会	116.421670	30.602489	0	30	72	村庄
340825204206	洪河村委会	116.016430	30.439411	0	30	72	村庄
340881102202	石井铺村委会	116.890457	31.000357	1	80	100	政府机构
340826108204	桃源村委会	116.157027	30.207909	1	80	97	餐饮
340811001202	眉山村委会	117.077990	30.517699	1	80	95	政府机构
340825203202	黄岗村委会	116.179580	30.625259	0	30	72	村庄
340881101212	官塘村委会	117.042962	31.035125	1	80	100	政府机构
340811100008	桃园居委会	117.007176	30.603678	0	20	67	乡镇
340825104204	玉泉村委会	116.244760	30.566477	0	16	65	乡镇
340881003008	碧桂园社区居民委员会	116.899745	31.102018	0	18	40	乡镇
340828109210	河南村委会	116.138580	30.769040	0	30	72	村庄
340881101213	金河村委会	117.110352	31.085078	0	30	72	村庄
340825104205	安仓村委会	116.198380	30.560840	0	30	58	UNKNOWN
340828109211	双河村委会	116.141750	30.780301	0	30	72	村庄
340881102203	新联村委会	116.879491	30.961759	0	18	66	乡镇
340811001203	象山村委会	117.077990	30.517699	1	80	95	政府机构
340803003006	四方城社区居民委员会	117.034178	30.509544	1	70	88	地产小区
340825203203	苗石村委会	116.136690	30.581491	0	25	47	乡镇
340881105207	缸窑村委会	117.062956	31.186160	0	30	72	村庄
340826205209	梁岭村委会	116.114290	30.059649	0	25	47	村庄
340822109200	四联村委会	116.646547	30.614005	0	18	66	乡镇
340803004002	宜园社区居民委员会	117.048047	30.517168	1	80	94	政府机构
340825100211	晋湖村委会	116.294000	30.449789	0	25	47	乡镇
340882104209	张河村委会	116.492171	30.564323	0	18	66	乡镇
340881106217	江岭村委会	116.765922	30.888329	0	16	65	乡镇
340826208207	花学村委会	116.080470	30.335767	0	18	40	乡镇
340871001008	罗冲居委会	117.055572	30.546485	1	80	95	UNKNOWN
340825103201	天龙村委会	116.391164	30.535839	0	18	66	乡镇
340827106208	龙山村委会	116.692930	30.233341	0	30	72	村庄
340881105211	龙头村委会	117.093565	31.128460	1	80	100	政府机构
340826400401	东角湖社区	116.285310	29.992019	0	30	72	UNKNOWN
340881002209	大石板村委会	116.932171	31.003912	0	25	70	乡镇
340822107208	良加村委会	116.776098	30.601800	0	18	40	乡镇
340882200209	彭河村委会	116.527280	30.960379	0	30	58	UNKNOWN
340871100214	新建村委会	117.227610	30.558361	0	30	72	村庄
340825100207	天台村委会	116.294000	30.449789	0	25	70	乡镇
340828209205	中斗村委会	116.148634	30.942969	0	18	66	村庄
340802003003	程家墩居委会	117.059530	30.512970	0	30	72	村庄
340881106201	夏星村委会	116.765922	30.888329	0	16	38	乡镇
340881101205	洪桥村委会	116.970200	31.130507	0	18	66	乡镇
340828109207	五河村委会	116.178621	30.801207	0	18	40	乡镇
340825200205	五合村委会	116.429694	30.212993	0	18	66	村庄
340825104213	王畈村委会	116.224900	30.575680	0	30	72	村庄
340881102215	高岗村委会	116.879491	30.961759	0	18	66	乡镇
340825107203	弥陀村委会	115.933878	30.540119	1	80	100	政府机构
340803006005	鸭儿塘社区居民委员会	117.050424	30.526811	1	80	94	政府机构
340881107200	金神村委会	116.974405	30.899440	0	18	66	乡镇
340811001002	芭茅居委会	117.077990	30.517699	1	80	95	政府机构
340828208204	梯岭村委会	116.511594	31.116872	0	18	40	村庄
340825101206	茗南村委会	116.389954	30.282746	0	18	49	乡镇
340822106209	庆丰村委会	116.709809	30.679009	0	18	66	乡镇
340881104210	山明村委会	116.982576	30.792525	0	18	40	乡镇
340825106202	天桥村委会	116.062817	30.587114	0	18	66	乡镇
340828105208	余河村委会	116.429677	30.949891	1	80	100	政府机构
340881103214	姚板村委会	116.995599	31.095840	1	80	100	政府机构
340822109001	平坦居委会	116.646547	30.614005	0	18	49	乡镇
340871100003	山湖居委会	117.166882	30.540436	0	50	73	UNKNOWN
340825105212	李杜村委会	116.141673	30.458260	0	16	38	乡镇
340825201204	树林村委会	116.246220	30.393359	0	30	72	村庄
340828108206	皖源村委会	116.054904	30.870881	0	18	40	乡镇
340881100204	桐梓村委会	117.097140	31.043361	0	30	72	村庄
340881110204	三新村委会	116.846904	31.051295	0	18	66	乡镇
340825202202	江塘村委会	116.133293	30.307555	1	80	100	政府机构
340881103202	童庄村委会	117.036909	30.988708	1	80	100	政府机构
340881002008	文昌社区居民委员会	116.953539	31.038602	1	80	100	政府机构
340825105204	合铺村委会	116.141673	30.458260	0	16	38	乡镇
340825100006	站前居委会	116.294000	30.449789	0	25	70	乡镇
340826401504	华阳河总场场部	116.253570	29.917975	0	16	38	乡镇
340802005010	锡麟居委会	117.042740	30.510152	0	50	72	乡镇
340881100212	清水塘村委会	117.055007	31.062628	1	80	100	政府机构
340827107209	六零圩村委会	116.816473	30.223867	1	80	100	政府机构
340825102200	沙坝村委会	116.371430	30.401850	0	30	72	村庄
340826209206	大地村委会	115.998820	30.298519	0	30	72	村庄
340881107216	杨公村委会	116.953201	30.850793	0	30	72	村庄
340882105208	后冲村委会	116.669269	30.872453	1	80	100	政府机构
340822108201	双河村委会	116.740139	30.621709	0	30	72	村庄
340881104206	徐杉村委会	116.982576	30.792525	0	18	40	乡镇
340826204208	罗渡村委会	116.297690	29.852049	0	30	58	UNKNOWN
340826212201	金龙村委会	116.142430	30.132901	0	30	72	村庄
340826202201	油坊村委会	116.192859	30.167266	1	80	100	政府机构
340825109207	松泉村委会	115.973360	30.612971	0	30	72	村庄
340882103201	庆丰村委会	116.598086	30.525023	0	18	66	乡镇
340828200205	合林村委会	116.426262	30.858953	0	18	66	乡镇
340822204200	曙光村委会	116.505550	30.396661	0	30	72	村庄
340822201002	甘露居委会	116.871289	30.627118	1	80	100	政府机构
340802201201	合兴村委会	117.200683	30.615350	0	18	66	村庄
340826100005	工农社区居委会	116.098372	30.181887	0	18	66	乡镇
340826105207	界岭村委会	116.055284	30.253721	0	18	66	乡镇
340827101200	余埠村委会	116.633759	30.089068	0	18	66	乡镇
340827104002	毛安社区居委会	116.715739	30.318142	0	18	49	乡镇
340822103206	新安村委会	116.718080	30.713399	0	30	72	村庄
340881003005	长生居委会	116.899745	31.102018	0	18	66	乡镇
340882100211	双塘村委会	116.572425	30.714566	1	80	100	政府机构
340828107203	金山村委会	116.363380	30.810350	0	30	72	村庄
340825104209	西河村委会	116.244760	30.566477	0	16	65	乡镇
340811100005	新新居委会	116.968947	30.613307	1	80	100	政府机构
340822113206	新龙村委会	116.839560	30.559409	0	30	72	村庄
340826102203	团结村委会	116.257440	29.863281	0	30	72	村庄
340871001004	乌岭居委会	117.055572	30.546485	1	80	97	UNKNOWN
340826107001	凉亭社区居委会	116.186598	30.330933	0	18	66	乡镇
340881108205	曹岗村委会	117.071077	30.857213	0	18	66	乡镇
340827106204	南台村委会	116.508149	30.177934	0	30	72	村庄
340822104202	西湖村委会	116.923910	30.769841	0	30	72	村庄
340881001203	坊正村委会	116.979658	30.992459	0	18	40	乡镇
340882203203	仙驾村委会	116.488655	30.631133	0	20	41	村庄
340822114202	梅林村委会	116.805059	30.484617	0	30	72	村庄
340811102203	妙山村委会	117.041337	30.703636	0	60	58	乡镇
340826205205	得胜村委会	116.160525	29.979304	0	30	72	村庄
340882104205	陈桥村委会	116.452320	30.606971	0	30	72	村庄
340828207201	蛇形村委会	116.233315	30.992402	1	80	100	政府机构
340822203204	峡石村委会	116.744900	30.541876	0	20	67	村庄
340827201202	三河村委会	116.872317	30.217742	0	16	65	村庄
340826206203	四吉村委会	115.920663	30.374430	0	18	40	村庄
340871001012	光彩居委会	117.055572	30.546485	1	80	97	UNKNOWN
340802200001	红旗居委会	117.083480	30.516584	1	80	100	政府机构
340822200202	双湖村委会	116.956613	30.756350	0	30	72	村庄
340882102001	岭头居委会	116.635338	30.724676	0	18	66	乡镇
340882107203	日光村委会	116.674803	30.993285	0	16	65	乡镇
340827106212	金鸡山村委会	116.534308	30.214961	0	16	65	乡镇
340826205213	汪昌咀村委会	116.127129	29.975586	1	80	100	政府机构
340826101205	占峦村委会	116.553781	29.951536	0	16	38	乡镇
340811101205	鲍冲湖村委会	117.084942	30.662665	0	18	40	乡镇
340828103201	长岭村委会	116.162739	30.785673	1	80	100	政府机构
340882200205	双畈村委会	116.542269	30.914314	1	80	100	政府机构
340882104213	和平村委会	116.395083	30.621725	0	30	72	村庄
340822107204	岭北村委会	116.776098	30.601800	0	18	66	乡镇
340828113201	沙村村委会	116.234707	30.852144	1	80	100	政府机构
340827105202	连塘城村委会	116.546568	30.324661	0	18	35	乡镇
340826106201	车河村委会	116.135569	30.271809	0	18	40	乡镇
340822110200	丰园村委会	116.669954	30.529092	0	18	66	乡镇
340822100200	城北村委会	116.871840	30.742652	0	30	72	村庄
340881101209	石桥村委会	117.037983	31.113619	1	80	100	政府机构
340826201207	彭桥村委会	116.273750	30.157481	0	30	72	村庄
340822113210	东风村委会	116.870280	30.545881	0	30	72	村庄
340803500500	三益分场	116.773392	30.420860	0	18	49	乡镇
340827200002	泊湖社区居委会	116.606820	30.199070	0	25	70	村庄
340882100207	模范村委会	116.589108	30.654033	0	18	66	乡镇
340828203203	鹞落坪村委会	116.086010	30.983571	0	30	58	村庄
340822103210	鹿苑村委会	116.769579	30.760157	0	25	47	乡镇
340828112200	云峰村委会	116.302290	31.094529	0	30	72	村庄
340827101001	杨闸社区居委会	116.590032	30.075718	1	80	100	政府机构
340827104203	佩山村委会	116.715739	30.318142	0	18	40	乡镇
340822106205	宝福村委会	116.709809	30.679009	0	18	40	乡镇
340882100010	新桃园社区	116.589108	30.654033	0	18	66	乡镇
340881003204	东盛村委会	116.973810	31.059480	0	30	72	村庄
340828102200	横河村委会	116.118326	30.872618	0	30	72	村庄
340882201204	桑树村委会	116.635045	30.537457	0	20	67	村庄
340826100204	小湾村委会	116.314317	30.324203	1	80	100	政府机构
340828111210	西坪村委会	115.914098	30.742229	0	18	66	乡镇
340882106202	割肚村委会	116.398328	30.700071	0	16	38	乡镇
340828205206	土库村委会	116.175605	30.708253	0	18	66	村庄
340822204001	李店居委会	116.558579	30.387724	0	18	66	村庄
340828101210	后河村委会	116.112370	30.719909	0	30	72	村庄
340822201203	马山村委会	116.836850	30.626369	0	30	72	村庄
340826207202	玉屏村委会	116.033121	30.366999	0	30	72	村庄
340803200205	茅岭村民委员会	117.004915	30.558171	0	30	72	村庄
340811200206	芭茅村委会	117.126694	30.647283	1	80	100	政府机构
340882101206	斗塘村委会	116.686762	30.827351	0	16	65	乡镇
340828202202	青天村委会	116.195090	30.996771	0	25	70	村庄
340822112211	白石村委会	116.590620	30.416964	0	25	55	乡镇
340827201003	东洲社区居委会	116.872317	30.217742	0	16	47	村庄
340826104210	先进村委会	116.523567	30.054983	1	80	100	政府机构
340826210206	吴河村委会	116.136477	30.369095	0	18	66	村庄
340881100208	金地村委会	117.094727	31.081147	0	30	72	村庄
340826200206	姚圩村委会	116.309269	30.245009	0	25	70	村庄
340827103207	津潭村委会	116.810086	30.427872	1	80	95	UNKNOWN
340825108210	浮坵村委会	115.849103	30.670038	0	16	65	乡镇
340822101201	杨段村委会	116.685148	30.404236	0	18	40	乡镇
340881001002	兴元居委会	116.979658	30.992459	0	18	49	乡镇
340828105204	江河村委会	116.467709	30.765914	1	80	100	政府机构
340828100006	回龙居委会	116.351154	30.848075	0	18	66	乡镇
340811102002	姥山居委会	117.041337	30.703636	0	60	58	乡镇
340822111201	津山村委会	116.669004	30.440984	0	25	47	乡镇
340826102002	同马社区居委会	116.254210	29.814230	0	25	55	乡镇
340803100207	巨网村民委员会	116.899519	30.454130	0	18	49	乡镇
340826107200	东山村委会	116.204670	30.369361	0	30	72	村庄
340881103218	老梅村委会	116.903733	30.913868	1	80	100	政府机构
340811101004	宣店居委会	117.078425	30.646592	1	80	100	政府机构
340822112207	芝岭村委会	116.590620	30.416964	0	25	47	乡镇
340828106202	资福村委会	116.338858	30.920211	0	18	66	乡镇
340825105208	马庙村委会	116.141673	30.458260	0	16	65	乡镇
340822102207	向荣村委会	116.933725	30.600730	0	18	40	乡镇
340881002004	胜利居委会	117.209329	30.695413	1	80	100	政府机构
340882101210	友爱村委会	116.686762	30.827351	0	16	65	乡镇
340827100201	清泉村委会	116.679131	30.125065	0	16	65	乡镇
340827105003	麦元社区居委会	116.546568	30.324661	0	18	49	乡镇
340826104206	金塘村委会	116.438740	30.088811	0	30	72	村庄
340882102200	余井村委会	116.635338	30.724676	0	18	66	乡镇
340828201204	长生村委会	116.288890	30.879019	0	30	72	村庄
340822101217	双一村委会	116.685148	30.404236	0	18	66	乡镇
340825108206	元畈村委会	115.849103	30.670038	0	16	38	乡镇
340826203200	竹墩村委会	116.265977	30.016340	1	80	100	政府机构
340803100211	保婴村民委员会	116.899519	30.454130	0	18	49	乡镇
340827200203	凤林村委会	116.610611	30.232227	0	30	72	村庄
340822202205	观铺村委会	116.792430	30.662998	0	18	40	村庄
340881003212	双溪村委会	116.904640	31.090380	0	30	72	村庄
340882105204	乐明村委会	116.566830	30.849221	0	25	70	乡镇
340826204204	宗营村委会	116.330065	29.908137	0	18	66	村庄
340822110001	黄龙居委会	116.698471	30.509593	1	80	100	政府机构
340828101206	银河村委会	116.042093	30.760331	0	30	72	村庄
340882202202	漆铺村委会	116.523420	30.757930	0	30	58	UNKNOWN
340822100001	高河居委会	116.830668	30.722944	1	80	100	政府机构
340822105203	三元村委会	116.869718	30.676814	0	18	66	乡镇
340828111206	石嘴村委会	115.914098	30.742229	0	18	66	乡镇
340827107205	马山村委会	116.667104	30.225792	0	30	72	村庄
340881109204	叶湾村委会	116.932193	31.013888	1	80	100	政府机构
340826103202	宏富村委会	116.371393	30.162959	0	18	40	乡镇
340822108206	双塘村委会	116.696060	30.609260	0	30	72	村庄
340881104201	双铺村委会	116.982576	30.792525	0	18	66	乡镇
340825102207	转桥村委会	116.358265	30.494696	1	80	100	政府机构
340882108201	傅祠村委会	116.481050	30.487895	0	20	41	乡镇
340822105208	范塘村委会	116.869718	30.676814	0	18	66	乡镇
340881107211	琚祠村委会	116.974405	30.899440	0	18	40	乡镇
340826103209	矮脚村委会	116.371393	30.162959	0	18	40	乡镇
340826209201	龙河村委会	115.937230	30.319019	0	30	72	村庄
340828106209	东营村委会	116.322680	30.917750	0	30	72	村庄
340825100001	东关居委会	116.294000	30.449789	0	25	70	乡镇
340825105203	辛冲村委会	116.141673	30.458260	0	16	38	乡镇
340881100215	砂岗村委会	117.070586	31.021389	0	18	40	乡镇
340826401503	华阳河五分场	116.249820	29.897560	1	80	100	UNKNOWN
340825202205	龙寨村委会	116.319865	30.340562	0	18	66	村庄
340881103205	金圩村委会	116.885416	30.847329	0	25	70	乡镇
340825201203	幸福村委会	116.203943	30.397622	0	30	72	村庄
340828108201	明堂村委会	116.054904	30.870881	0	18	66	乡镇
340871100004	新桥居委会	117.156539	30.560851	0	18	66	乡镇
340881110203	汪河村委会	116.846904	31.051295	0	18	66	乡镇
340825106205	龙坪村委会	116.062817	30.587114	0	18	66	乡镇
340881103213	九重村委会	116.885416	30.847329	0	25	70	乡镇
340827104208	黄河村委会	116.650991	30.339690	0	30	72	村庄
340828208203	马石村委会	116.511594	31.116872	0	18	66	村庄
340825101201	桥西村委会	116.389954	30.282746	0	18	40	乡镇
340881104217	白果村委会	116.982576	30.792525	0	18	66	乡镇
340882400002	三合居委会	116.581000	30.631100	0	14	64	区县
340882106209	天堂村委会	116.398328	30.700071	0	16	65	乡镇
340825102211	新仓村委会	116.414874	30.406660	0	18	66	乡镇
340811001005	圣埠居委会	117.077990	30.517699	1	80	95	政府机构
340826207209	罗汉宕村委会	115.997504	30.371892	0	18	35	村庄
340881107207	塘桥村委会	117.012423	30.970848	0	30	72	村庄
340802002005	曙光居委会	117.069582	30.511832	0	30	72	乡镇
340881102212	万元村委会	116.841050	30.969037	1	80	100	政府机构
340825107204	界岭村委会	115.954575	30.541709	0	16	65	乡镇
340881101202	狮山村委会	117.021920	31.140999	0	30	72	村庄
340825104214	塔镇村委会	116.244760	30.566477	0	16	38	乡镇
340828109200	沙岭村委会	116.213490	30.829900	0	30	72	村庄
340825200202	西湖村委会	116.429694	30.212993	0	18	66	村庄
340802003004	光荣居委会	117.056630	30.509832	0	50	72	乡镇
340881106206	复兴村委会	116.759559	30.883817	1	80	100	政府机构
340803007003	花亭北村社区居民委员会	117.046380	30.534781	1	80	100	政府机构
340825103210	海会村委会	116.391164	30.535839	0	18	40	乡镇
340822200209	董祠村委会	116.960622	30.735108	0	25	70	乡镇
340882107208	戈元村委会	116.674803	30.993285	0	16	65	乡镇
340825100200	九龙村委会	116.294000	30.449789	0	25	70	乡镇
340828209202	九河村委会	116.153317	30.990359	1	80	100	政府机构
340827105209	茗南村委会	116.546568	30.324661	0	18	49	乡镇
340826208200	风和村委会	116.053041	30.380740	0	30	72	村庄
340826102208	西湖村委会	116.138951	29.883927	1	80	100	政府机构
340881106210	梅城村委会	116.765922	30.888329	0	16	65	乡镇
340822104209	兴胜村委会	116.890906	30.772170	0	18	66	乡镇
340881001208	蔡店村委会	116.979658	30.992459	0	18	66	乡镇
340822114209	新合村委会	116.774216	30.478164	0	18	66	乡镇
340882109200	叶河村委会	116.611000	30.920590	0	25	70	乡镇
340825103206	白沙村委会	116.391164	30.535839	0	18	66	乡镇
340881100002	老街居委会	117.070586	31.021389	0	18	66	乡镇
340881105200	青龙村委会	117.037770	31.171150	0	30	72	村庄
340825204200	清平村委会	115.994879	30.473908	0	30	72	村庄
340871100205	段山村委会	117.156539	30.560851	0	18	66	乡镇
340803004005	东二巷社区居民委员会	117.043801	30.520028	1	80	100	政府机构
340881102204	高黄村委会	116.879491	30.961759	0	18	66	乡镇
340826108202	横山村委会	116.184210	30.202429	0	30	72	村庄
340825203204	士畈村委会	116.136690	30.581491	0	25	47	乡镇
340803003001	荣升社区居民委员会	117.042496	30.514010	1	80	92	地产小区
340881101214	合河村委会	116.970200	31.130507	0	18	66	乡镇
340825104202	乔木寨村委会	116.244760	30.566477	0	16	33	乡镇
340822105204	万福村委会	116.869718	30.676814	0	18	66	乡镇
340882106213	和平村委会	116.441320	30.771251	0	30	72	村庄
340822100006	金塘居委会	116.844359	30.731098	1	80	100	政府机构
340827107202	红庙村委会	116.755210	30.188761	0	30	72	村庄
340828111201	联庆村委会	115.914098	30.742229	0	18	66	乡镇
340882202205	龙湾村委会	116.507340	30.790041	0	30	72	村庄
340828101201	杨胜村委会	116.043056	30.742135	0	18	40	乡镇
340881109203	大塘村委会	116.748020	31.004211	0	30	72	村庄
340826103205	大官村委会	116.371393	30.162959	0	18	40	乡镇
340882105203	金波村委会	116.566830	30.849221	0	25	70	乡镇
340811201001	五横居委会	116.986847	30.686608	1	80	100	政府机构
340827104212	新坝村委会	116.684530	30.369761	0	30	72	村庄
340827200204	团山村委会	116.570090	30.174121	0	30	72	村庄
340822202202	西涧村委会	116.792430	30.662998	0	18	66	村庄
340828102211	清潭村委会	116.246960	30.914870	0	30	72	村庄
340826204203	下夹村委会	116.330065	29.908137	0	18	40	村庄
340822101210	皖河村委会	116.763270	30.446550	0	30	58	UNKNOWN
340825202209	五星村委会	116.319865	30.340562	0	18	66	村庄
340828201203	平岗村委会	116.257533	30.908734	1	80	100	政府机构
340882102207	柴阁村委会	116.635338	30.724676	0	18	40	乡镇
340825108201	宝坪村委会	115.849103	30.670038	0	16	65	乡镇
340826203207	新前村委会	116.233217	30.038661	0	18	66	乡镇
340803201002	头坡社居委	116.932060	30.532571	0	25	55	村庄
340881103209	柏年村委会	116.885416	30.847329	0	25	47	乡镇
340822107002	独秀山居委会	116.796310	30.614631	0	30	72	村庄
340881002003	西苑居委会	116.951109	31.048920	0	40	65	道路
340822102200	广村村委会	116.903521	30.577147	1	80	100	政府机构
340827100206	陶寓村委会	116.679131	30.125065	0	16	38	乡镇
340822112200	龙山村委会	116.590620	30.416964	0	25	55	乡镇
340811101003	仓房居委会	117.096081	30.653653	1	80	100	政府机构
340828106205	龙井村委会	116.340870	30.937970	0	30	72	村庄
340826104201	东兴村委会	116.410130	30.032800	0	25	70	乡镇
340826101003	高屯社区居委会	116.553781	29.951536	0	16	65	乡镇
340881100219	王店村委会	117.070586	31.021389	0	18	66	乡镇
340825106209	金钟村委会	116.062817	30.587114	0	18	66	乡镇
340828100001	城东居委会	116.370969	30.849901	1	80	100	政府机构
340828105203	桥梁村委会	115.885861	30.831445	0	18	66	乡镇
340822111206	花车村委会	116.669004	30.440984	0	25	70	乡镇
340827106002	杨林社区居委会	116.534308	30.214961	0	16	65	乡镇
340827103200	红旗村委会	116.799645	30.352781	0	18	66	乡镇
340825108217	莲花村委会	115.783425	30.692146	0	30	72	村庄
340882102211	天明村委会	116.600740	30.777029	0	30	72	村庄
340822101206	永固村委会	116.685148	30.404236	0	18	66	乡镇
340826107207	青竹村委会	116.186598	30.330933	0	18	66	乡镇
340828202205	老鸭村委会	116.195090	30.996771	0	25	47	村庄
340882101201	路口村委会	116.686762	30.827351	0	16	65	乡镇
340826200201	汪冲村委会	116.341480	30.253080	0	30	72	村庄
340826210201	九重城村委会	116.178710	30.372199	0	50	73	UNKNOWN
340822201204	踏水村委会	116.815323	30.608673	1	80	100	政府机构
340825109001	虹桥居委会	115.962304	30.669567	1	80	100	政府机构
340828205201	田头村委会	116.181470	30.711739	0	30	72	村庄
340882106205	风光村委会	116.318470	30.644011	0	30	72	村庄
340803200202	袁江村民委员会	116.992067	30.556906	0	20	67	乡镇
340826207205	钓鱼台村委会	115.997504	30.371892	0	18	66	村庄
340811001009	砂桥居委会	117.077990	30.517699	1	80	97	政府机构
340882201203	张祠村委会	116.635045	30.537457	0	20	67	村庄
340828102207	枫树村委会	116.289543	30.827966	1	80	100	政府机构
340827104204	象嘴村委会	116.715739	30.318142	0	18	66	乡镇
340822106202	联合村委会	116.703751	30.679892	0	30	72	村庄
340826100203	大河村委会	116.098372	30.181887	0	18	66	乡镇
340826211200	黄坂村委会	116.231788	30.277815	0	18	66	村庄
340826201200	凿山村委会	116.219250	30.167370	0	30	58	村庄
340882100200	太平村委会	116.589108	30.654033	0	18	66	乡镇
340811201200	杨亭村委会	117.001653	30.672557	0	18	40	村庄
340803500507	杨树分场	116.799400	30.438250	0	30	72	UNKNOWN
340882110200	风景村委会	116.463988	30.702782	0	18	66	乡镇
340802202200	南木村委会	117.186940	30.503480	0	18	66	村庄
340826106206	新耕村委会	116.135569	30.271809	0	18	66	乡镇
340881100223	光明村委会	117.054070	30.988260	0	30	72	村庄
340882103210	永和村委会	116.598086	30.525023	0	18	66	乡镇
340822100207	粉铺村委会	116.843834	30.717792	0	18	66	乡镇
340827102201	红湖村委会	116.871500	30.293531	0	30	72	村庄
340802201210	高松村委会	117.200683	30.615350	0	18	66	村庄
340825107208	真君村委会	115.954575	30.541709	0	16	65	乡镇
340828104202	西美村委会	116.416165	31.090386	0	16	65	乡镇
340826101202	王洲村委会	116.480444	29.913781	1	80	100	政府机构
340881002202	碧峰村委会	116.932171	31.003912	0	25	70	乡镇
340822107203	皖埠村委会	116.790630	30.585230	0	30	58	UNKNOWN
340822102001	月石居委会	116.936377	30.631285	1	80	97	UNKNOWN
340827105205	三联村委会	116.546568	30.324661	0	18	66	乡镇
340827100007	宝塔社区居委会	116.679131	30.125065	0	16	65	乡镇
340828113206	京竹村委会	116.289214	30.823452	0	18	66	乡镇
340822112001	腊树居委会	116.590620	30.416964	0	25	55	乡镇
340811101202	溪安村委会	117.084942	30.662665	0	18	66	乡镇
340882200202	冯冲村委会	116.265977	30.855689	1	80	100	政府机构
340828103206	白云寨村委会	116.291138	30.721711	0	18	66	乡镇
340803201203	联胜村民委员会	116.902830	30.522450	0	30	72	村庄
340826206204	滑石村委会	115.920663	30.374430	0	18	66	村庄
340828204200	上坊村委会	115.949104	30.897626	0	30	72	村庄
340882107204	金城村委会	116.674803	30.993285	0	16	65	乡镇
340881001212	高桥村委会	117.025880	31.046939	0	30	72	村庄
340802200006	余桥居委会	117.129750	30.524075	0	30	72	道路
340822200205	金鸡村委会	116.969030	30.750689	0	30	72	村庄
340826205202	王岭村委会	116.308221	30.279413	1	80	100	政府机构
340822203203	太平村委会	116.744900	30.541876	0	20	67	村庄
340803004009	华茂社区居委会	117.048047	30.517168	1	80	95	政府机构
340828103210	里仁村委会	116.291138	30.721711	0	18	66	乡镇
340871100209	广丰村委会	117.168620	30.593441	0	30	72	村庄
340827201205	西联村委会	116.859250	30.254710	0	30	72	村庄
340827100011	青林社区居委会	116.679131	30.125065	0	16	47	乡镇
340828207206	黄洋村委会	116.360141	30.982302	0	30	72	村庄
340882104202	古墩村委会	116.459490	30.514530	0	30	72	村庄
340803100001	安原居委会	116.899519	30.454130	0	18	49	乡镇
340871001003	刘纪居委会	117.063118	30.550779	1	80	100	政府机构
340826102204	张月村委会	116.256370	29.871541	0	30	58	UNKNOWN
340881108202	松桂村委会	117.071077	30.857213	0	18	66	乡镇
340882203204	鞔鼓村委会	116.488655	30.631133	0	20	41	村庄
340828100200	余安村委会	116.351154	30.848075	0	18	66	乡镇
340822114205	联山村委会	116.775510	30.484159	0	30	72	村庄
340827106203	板桥村委会	116.486483	30.212729	0	30	72	村庄
340827103001	赛口社区居委会	116.799645	30.352781	0	18	49	乡镇
340828110200	白果村委会	116.472825	31.025858	0	18	66	乡镇
340881001204	新桥村委会	117.025760	31.018623	0	30	72	村庄
340822104205	久远村委会	116.890906	30.772170	0	18	40	乡镇
340882107212	升旗村委会	116.674803	30.993285	0	16	47	乡镇
340826105200	二郎村委会	116.055284	30.253721	0	18	66	乡镇
340826100002	光明社区居委会	116.114062	30.163564	1	80	100	政府机构
340882204200	杨畈村委会	116.264455	30.715776	1	80	100	政府机构
340828107204	响肠村委会	116.346473	30.773267	0	18	40	乡镇
340822113201	金鸡村委会	116.841473	30.519772	0	30	72	村庄
340811100002	燎原居委会	117.005137	30.615363	1	80	100	政府机构
340881003002	城郊居委会	116.899745	31.102018	0	18	66	乡镇
340881401201	永上村委会	116.917289	30.839891	0	30	72	村庄
340822103201	曹坦村委会	116.769579	30.760157	0	25	47	乡镇
340826202206	白马村委会	116.217110	30.149440	0	30	72	村庄
340881102208	铁铺村委会	117.076756	31.099770	1	80	100	政府机构
340828210202	杨河村委会	116.475777	30.972966	0	20	67	村庄
340802201206	长风村委会	117.200683	30.615350	0	18	66	村庄
340825109200	吴畈村委会	115.943220	30.624310	0	30	72	村庄
340822100211	万兴村委会	116.843834	30.717792	0	18	66	乡镇
340825203208	吴岭村委会	116.186200	30.593469	0	30	72	村庄
340828200202	平精村委会	116.426262	30.858953	0	18	40	乡镇
340882103206	薛家岗村委会	116.598086	30.525023	0	18	66	乡镇
340826202207	单岭村委会	116.244622	30.125888	0	18	40	村庄
340881102209	杨安村委会	116.879491	30.961759	0	18	66	乡镇
340822204206	白桥村委会	116.558579	30.387724	0	18	66	村庄
340825109201	共和村委会	115.921083	30.651285	0	30	72	村庄
340825203209	侯六村委会	116.136690	30.581491	0	25	47	乡镇
340822100210	全丰村委会	116.843834	30.717792	0	18	66	乡镇
340882103207	先进村委会	116.598086	30.525023	0	18	66	乡镇
340828200203	林河村委会	116.426569	30.844783	0	30	72	村庄
340826105201	卓岭村委会	116.129000	30.153800	0	14	32	区县
340826100003	民东社区居委会	116.098372	30.181887	0	18	49	乡镇
340828107205	请水寨村委会	116.346473	30.773267	0	18	49	乡镇
340882204201	红光村委会	116.290625	30.654036	0	30	72	村庄
340822113200	白云村委会	116.811157	30.558241	0	30	72	村庄
340811100003	中心居委会	117.007176	30.603678	0	20	67	乡镇
340803500510	中联分场	116.773392	30.420860	0	18	49	乡镇
340881003003	沿河居委会	116.955351	31.046929	1	80	100	政府机构
340881401200	伊洛村委会	116.910490	30.819690	0	25	47	乡镇
340822103200	乐胜村委会	116.769579	30.760157	0	25	47	乡镇
340871001002	菱北居委会	117.055572	30.546485	1	80	97	UNKNOWN
340826102205	程营村委会	116.254210	29.814230	0	25	70	乡镇
340881108203	朱桥村委会	117.048933	30.916825	0	30	72	村庄
340828100201	叶畈村委会	116.351154	30.848075	0	18	66	乡镇
340882203205	孙榜村委会	116.488655	30.631133	0	20	41	村庄
340822114204	盘石村委会	116.789730	30.486190	0	30	72	村庄
340827106202	北门坦村委会	116.526008	30.239343	1	80	100	政府机构
340828110201	金塘村委会	116.457746	31.015561	0	30	72	村庄
340822104204	黄马村委会	116.878040	30.762370	0	30	72	村庄
340881001205	向前村委会	117.018100	31.041719	0	30	72	村庄
340826205203	龙门村委会	116.146687	30.051988	0	30	72	村庄
340822203202	金桥村委会	116.699403	30.539647	0	30	72	村庄
340871100208	长山村委会	117.170290	30.579280	0	30	72	村庄
340828103211	转桥村委会	116.151979	30.800838	1	80	100	政府机构
340827201204	套口村委会	116.872317	30.217742	0	16	65	村庄
340811200001	白泽居委会	117.110131	30.561492	1	80	100	政府机构
340827100010	卧冰社区居委会	116.679131	30.125065	0	16	65	乡镇
340882104203	古井村委会	116.520813	30.539979	0	30	72	村庄
340828207207	马畈村委会	116.371664	30.980948	0	18	66	村庄
340882101001	源潭居委会	116.686762	30.827351	0	16	65	乡镇
340826206205	马厂村委会	115.920663	30.374430	0	18	66	村庄
340803201202	山口镇村民委员会	116.932060	30.532571	0	25	70	村庄
340882107205	孔士村委会	116.674803	30.993285	0	16	38	乡镇
340828204201	下坊村委会	115.924845	30.874309	0	18	66	村庄
340881001213	涧桥村委会	116.979658	30.992459	0	18	66	乡镇
340822114212	模范村委会	116.774216	30.478164	0	18	66	乡镇
340802200007	雨润居委会	117.119146	30.514731	0	25	55	乡镇
340822200204	鹤林村委会	116.955710	30.733989	0	30	72	村庄
340826104001	下仓埠社区居委会	116.413483	30.032547	1	70	92	UNKNOWN
340826101203	同兴村委会	116.506290	29.910961	0	30	72	村庄
340822107202	花山村委会	116.789610	30.570240	0	30	72	村庄
340827105204	凤栖村委会	116.546568	30.324661	0	18	40	乡镇
340827100006	永征社区居委会	116.755588	30.091154	1	80	100	政府机构
340811101203	鹿山村委会	117.110110	30.672952	1	80	100	政府机构
340828103207	西畈村委会	116.291138	30.721711	0	18	66	乡镇
340882200203	周祠村委会	116.545250	30.957957	0	18	66	村庄
340826106207	对桥村委会	116.135569	30.271809	0	18	40	乡镇
340881100222	双河村委会	117.021225	31.066135	1	80	100	政府机构
340882103211	王河村委会	116.570400	30.503301	0	30	72	村庄
340822100206	红旗村委会	116.823999	30.816869	1	80	100	政府机构
340827107002	新岭社区居委会	116.753134	30.205640	0	16	47	乡镇
340827102200	回民村委会	116.860989	30.337746	0	18	40	乡镇
340822110206	大畈村委会	116.678060	30.536831	0	30	72	村庄
340802201211	柘山村委会	117.207085	30.580872	0	30	72	村庄
340825107209	田家村委会	115.950424	30.617803	1	80	100	政府机构
340828104203	梓树村委会	116.416165	31.090386	0	16	65	乡镇
340826211201	新页村委会	116.231788	30.277815	0	18	40	村庄
340826201201	乔木村委会	116.279059	30.182932	0	18	49	村庄
340882100201	何庄村委会	116.560139	30.709067	1	80	100	政府机构
340811201201	白林村委会	117.001653	30.672557	0	18	66	村庄
340882110201	茶庄村委会	116.463988	30.702782	0	18	66	乡镇
340803500506	大联分场	116.773392	30.420860	0	18	66	乡镇
340802202201	天然村委会	117.186940	30.503480	0	18	66	村庄
340828102206	来榜村委会	116.467001	30.899550	1	80	100	政府机构
340882201202	唐埠村委会	116.638670	30.554340	0	30	58	UNKNOWN
340822113001	洪镇街道居委会	116.843539	30.525587	0	18	49	乡镇
340827104205	焦赛村委会	116.715739	30.318142	0	18	40	乡镇
340822106203	铁炉村委会	116.709809	30.679009	0	18	66	乡镇
340822103001	合一居委会	116.769579	30.760157	0	25	70	乡镇
340826100202	龙跃村委会	116.098372	30.181887	0	18	66	乡镇
340822201205	邓桥村委会	116.810370	30.620231	0	30	72	村庄
340882106204	梅寨村委会	116.398328	30.700071	0	16	65	乡镇
340828205200	泥潭村委会	116.175605	30.708253	0	18	66	村庄
340826207204	库南村委会	115.997504	30.371892	0	18	40	村庄
340803200203	凤凰村民委员会	117.037920	30.541230	0	30	72	村庄
340811001008	吴祥居委会	117.077990	30.517699	1	80	97	政府机构
340882101200	双林村委会	116.690531	30.845554	0	30	72	村庄
340828202204	河口村委会	116.228850	31.015729	0	30	72	村庄
340826200200	枫林村委会	116.361640	30.231610	0	30	72	村庄
340826210200	龙溪村委会	116.173957	30.320122	0	30	72	村庄
340825106208	严姜村委会	116.062817	30.587114	0	18	40	乡镇
340828105202	白帽村委会	115.948160	30.824649	0	30	58	UNKNOWN
340822111207	大段村委会	116.669004	30.440984	0	25	70	乡镇
340811102004	小龙山居委会	117.041337	30.703636	0	60	58	乡镇
340827106003	黄家堰社区居委会	116.534308	30.214961	0	16	47	乡镇
340827103201	永镇村委会	116.799645	30.352781	0	18	40	乡镇
340825108216	玉岭村委会	115.849103	30.670038	0	16	65	乡镇
340881001004	桃元居委会	116.979658	30.992459	0	18	49	乡镇
340882102210	进士村委会	116.666180	30.732130	0	30	72	村庄
340822101207	庆洲村委会	116.685148	30.404236	0	18	40	乡镇
340826203210	雨福村委会	116.233217	30.038661	0	18	40	乡镇
340803100201	南埂村民委员会	116.896500	30.474859	0	30	72	UNKNOWN
340826107206	紫庵村委会	116.186598	30.330933	0	18	40	乡镇
340881002002	公元居委会	116.932171	31.003912	0	25	55	乡镇
340822102201	黄岭村委会	116.955000	30.615429	0	30	72	村庄
340827100207	白沙村委会	116.701711	30.070637	1	80	100	政府机构
340822112201	安山村委会	116.567830	30.466761	0	30	72	村庄
340811101002	龙山居委会	117.084942	30.662665	0	18	66	乡镇
340828106204	榆树村委会	116.338858	30.920211	0	18	66	乡镇
340826104200	洋普村委会	116.410130	30.032800	0	25	47	乡镇
340826101002	复兴社区居委会	116.430550	29.908041	1	80	100	政府机构
340881100218	南口村委会	117.011513	31.082346	1	80	100	政府机构
340825202208	龙山村委会	116.299570	30.357589	0	30	72	村庄
340822101211	南保村委会	116.685148	30.404236	0	18	66	乡镇
340882102206	田乐村委会	116.635338	30.724676	0	18	40	乡镇
340828201202	腾云村委会	116.275977	30.879654	0	18	40	村庄
340825108200	望天村委会	115.849103	30.670038	0	16	65	乡镇
340826203206	张庙村委会	116.233217	30.038661	0	18	66	乡镇
340881103208	合城村委会	116.885416	30.847329	0	25	70	乡镇
340882105202	方冲村委会	116.309969	30.730151	1	80	100	政府机构
340827200205	韩店村委会	116.542619	30.144687	1	80	100	政府机构
340822202203	司马村委会	116.806180	30.677530	0	30	72	村庄
340828102210	公山村委会	116.222770	30.926670	0	25	70	乡镇
340826204202	坝头村委会	116.347710	29.895579	0	30	72	村庄
340822105205	年丰村委会	116.915600	30.708870	0	30	72	村庄
340882106212	黄龛村委会	116.368080	30.646459	0	30	58	UNKNOWN
340822100007	金星居委会	116.830399	30.743878	1	80	100	政府机构
340827107203	茶岭村委会	116.753134	30.205640	0	16	65	乡镇
340828111200	桃阳村委会	115.944041	30.696824	0	30	72	村庄
340827102001	六合社区居委会	116.860989	30.337746	0	18	66	乡镇
340828101200	店前村委会	116.043056	30.742135	0	18	66	乡镇
340882202204	万涧村委会	116.526375	30.768613	0	18	40	村庄
340881109202	长岭村委会	116.723380	31.020669	0	30	72	村庄
340826103204	碎石村委会	116.487235	30.250377	1	80	100	政府机构
340826207212	九登山村委会	115.997504	30.371892	0	18	40	村庄
340825101001	徐桥居委会	116.389954	30.282746	0	18	66	乡镇
340825104203	佛图寺村委会	116.253330	30.583960	0	25	55	旅游景点
340881102205	沥岗村委会	116.879491	30.961759	0	18	40	乡镇
340826108203	马塘村委会	116.196991	30.182110	0	30	72	村庄
340825203205	黄下村委会	116.136690	30.581491	0	25	70	乡镇
340881105201	卅铺村委会	117.029093	31.186794	1	80	100	政府机构
340825204201	刘畈村委会	116.028233	30.481457	1	80	100	政府机构
340822109206	杨旗村委会	116.646547	30.614005	0	18	40	乡镇
340827201208	沟口村委会	116.907767	30.308285	1	80	100	政府机构
340871100204	金星村委会	117.175380	30.539430	0	30	72	村庄
340803004004	柏子桥社区居民委员会	117.048047	30.517168	1	80	94	政府机构
340826208201	九井沟村委会	116.086680	30.381431	0	30	58	村庄
340881106211	陶冲村委会	116.765922	30.888329	0	16	65	乡镇
340881001209	蒋山村委会	116.979658	30.992459	0	18	66	乡镇
340822104208	白莲村委会	116.890906	30.772170	0	18	66	乡镇
340822114208	新联村委会	116.774216	30.478164	0	18	66	乡镇
340882109201	昆仑村委会	116.611000	30.920590	0	25	47	乡镇
340825103207	红星村委会	116.354380	30.568519	0	30	72	村庄
340825100201	南园村委会	116.294000	30.449789	0	25	55	乡镇
340871100212	秦潭村委会	117.156539	30.560851	0	18	40	乡镇
340828209203	太平村委会	116.115104	30.727390	1	80	100	政府机构
340827105208	南山村委会	116.465810	30.284089	0	30	72	村庄
340881106207	高山村委会	116.778780	30.860259	0	30	72	村庄
340822200208	青山村委会	116.949500	30.678689	0	30	72	村庄
340825103211	枫铺村委会	116.391164	30.535839	0	18	40	乡镇
340882107209	水贵村委会	116.674803	30.993285	0	16	38	乡镇
340802004001	炮营山居委会	117.056304	30.502085	0	40	58	乡镇
340881101203	双龙村委会	117.005110	31.121750	0	30	72	村庄
340828109201	叶河村委会	116.178621	30.801207	0	18	66	乡镇
340825200203	棠林村委会	116.441330	30.209931	0	30	58	UNKNOWN
340881102213	童铺村委会	116.820729	30.954043	1	80	100	政府机构
340825107205	长林村委会	115.909583	30.478536	0	30	72	村庄
340882108001	黄泥街居委会	116.481050	30.487895	0	20	67	乡镇
340882106208	马潭村委会	116.398328	30.700071	0	16	65	乡镇
340825102210	龙林村委会	116.414874	30.406660	0	18	66	乡镇
340811001004	三义居委会	117.077990	30.517699	1	80	97	政府机构
340826207208	别河村委会	115.997504	30.371892	0	18	40	村庄
340881107206	天林村委会	116.974405	30.899440	0	18	66	乡镇
340802002004	龙狮桥居委会	117.071589	30.507848	0	50	82	道路
340827104209	箭坝村委会	116.710990	30.370299	0	30	58	村庄
340828208202	沈桥村委会	116.500100	31.129520	0	30	72	村庄
340825101200	前进村委会	116.394520	30.329091	0	30	72	村庄
340881104216	郑圩村委会	116.982576	30.792525	0	18	66	乡镇
340882400003	古塔居委会	116.572129	30.650846	1	80	100	政府机构
340802001014	钱牌楼居委会	117.044220	30.505121	0	50	82	UNKNOWN
340825106204	禅源村委会	116.062817	30.587114	0	18	40	乡镇
340881103212	云水村委会	116.885416	30.847329	0	25	70	乡镇
340825201202	凉亭村委会	116.152799	30.565900	1	80	100	政府机构
340828108200	南河村委会	116.054904	30.870881	0	18	66	乡镇
340881110202	向阳村委会	116.806920	31.041980	0	30	72	村庄
340803002001	滨江苑社区居民委员会	117.035646	30.504669	1	70	88	地产小区
340825202204	白云村委会	116.352926	30.372771	0	30	72	村庄
340881103204	胜圩村委会	116.961101	30.771242	1	80	100	政府机构
340828106208	解放村委会	116.352440	30.883179	0	30	72	村庄
340825105202	平岭村委会	116.141673	30.458260	0	16	65	乡镇
340881100214	姜范圩村委会	117.080041	30.993190	1	80	100	政府机构
340826401502	华阳河四分场	116.311890	29.944020	1	80	100	UNKNOWN
340825102206	富山村委会	116.414874	30.406660	0	18	66	乡镇
340882202208	谢河村委会	116.580760	30.805810	0	30	72	村庄
340882108200	文昌村委会	116.481050	30.487895	0	20	67	乡镇
340822105209	峡山村委会	116.869718	30.676814	0	18	66	乡镇
340881107210	香铺村委会	116.936743	30.884533	1	80	100	政府机构
340826103208	雨岭村委会	116.371393	30.162959	0	18	40	乡镇
340826209200	邱山村委会	115.972860	30.311190	0	25	70	村庄
340811001012	朝阳社区居委会	117.077990	30.517699	1	80	97	政府机构
340803005005	碟子塘社区居民委员会	117.043930	30.526291	1	80	94	政府机构
340822108207	龙门村委会	116.700540	30.643140	0	30	72	村庄
340881104200	龙山村委会	116.959520	30.819589	0	30	72	村庄
340881111002	内江居委会	117.220400	30.680555	0	30	72	乡镇
340825104200	桥冲村委会	116.244760	30.566477	0	16	65	乡镇
340802201208	前江村委会	117.228570	30.537981	0	30	72	村庄
340882103208	龙湖村委会	116.589750	30.501139	0	30	72	村庄
340825203206	赵河村委会	116.136690	30.581491	0	25	70	乡镇
340881102206	花元村委会	116.879491	30.961759	0	18	40	乡镇
340826108200	荆安村委会	116.198894	30.211281	0	18	40	乡镇
340822109205	良湖村委会	116.646547	30.614005	0	18	40	乡镇
340825204202	乐盛村委会	116.062570	30.483619	1	80	95	UNKNOWN
340881105202	金山村委会	117.015190	31.182509	0	30	72	村庄
340882109202	袁桂村委会	116.579715	30.900061	0	30	72	村庄
340825103204	白庙村委会	116.424960	30.483260	0	30	72	村庄
340881106212	永庭村委会	116.765922	30.888329	0	16	38	乡镇
340826208202	新源村委会	116.080470	30.335767	0	18	66	乡镇
340826400404	泊湖监区居委会	116.129000	30.153800	0	14	43	区县
340827100009	望华社区居委会	116.754081	30.090458	1	80	100	政府机构
340825100202	程岭村委会	116.294000	30.449789	0	25	70	乡镇
340871100211	和平村委会	117.144610	30.556039	0	30	72	村庄
340828103208	毛畈村委会	116.291138	30.721711	0	18	66	乡镇
340828209200	和平村委会	116.181963	30.955364	1	80	100	政府机构
340881105214	何畈村委会	117.026550	31.190120	0	18	66	乡镇
340825103212	方兴村委会	116.383976	30.481794	0	30	72	村庄
340803007001	花亭南村社区居民委员会	117.044240	30.531401	1	80	95	政府机构
340802003006	皖江居委会	117.056630	30.509832	0	50	58	乡镇
340881106204	中楼村委会	117.053711	31.190343	1	80	100	政府机构
340828109202	横排村委会	116.149479	30.888434	1	80	100	政府机构
340825200200	文桥村委会	116.468698	30.238566	1	80	100	政府机构
340803500509	永成分场	116.773392	30.420860	0	18	49	乡镇
340881101200	吕亭村委会	116.970200	31.130507	0	18	40	乡镇
340822100209	长铺村委会	116.843834	30.717792	0	18	66	乡镇
340825107206	铁林村委会	115.954575	30.541709	0	16	65	乡镇
340826106208	雪镇村委会	116.135569	30.271809	0	18	40	乡镇
340881102210	合安村委会	116.879491	30.961759	0	18	66	乡镇
340881107205	金鹿村委会	116.966850	30.951590	0	30	72	村庄
340826108001	长铺社区居委会	116.198894	30.211281	0	18	66	乡镇
340811001007	红光居委会	117.077990	30.517699	1	80	97	政府机构
340825102213	茗北村委会	116.414874	30.406660	0	18	49	乡镇
340881104215	青城村委会	116.982576	30.792525	0	18	66	乡镇
340828208201	香炉村委会	116.511594	31.116872	0	18	40	村庄
340825101203	桃铺村委会	116.353447	30.315150	1	80	100	政府机构
340828102209	斑竹村委会	116.222770	30.926670	0	25	70	乡镇
340881103211	双墩村委会	117.105554	31.117861	1	80	100	政府机构
340822111208	汪岭村委会	116.669004	30.440984	0	25	70	乡镇
340825106207	同义村委会	116.062817	30.587114	0	18	66	乡镇
340822101208	万全村委会	116.685148	30.404236	0	18	66	乡镇
340802005003	双井居委会	117.042740	30.510152	0	50	72	乡镇
340881110201	黄铺村委会	116.846904	31.051295	0	18	66	乡镇
340803001004	大观亭社区居民委员会	117.027290	30.505770	1	80	95	政府机构
340825201201	方洲村委会	116.248715	30.388556	0	18	40	村庄
340828108203	岚川村委会	116.054904	30.870881	0	18	40	乡镇
340881103207	杨树店村委会	116.885416	30.847329	0	25	70	乡镇
340826203209	孙岭村委会	116.233217	30.038661	0	18	66	乡镇
340882102209	程祠村委会	116.635338	30.724676	0	18	66	乡镇
340825202207	小宫村委会	116.319865	30.340562	0	18	40	村庄
340826401501	华阳河二分场	116.524070	30.076310	1	80	100	UNKNOWN
340881100217	跃进村委会	117.070586	31.021389	0	18	66	乡镇
340827100208	计渡村委会	116.679131	30.125065	0	16	38	乡镇
340825100003	长河居委会	116.302439	30.441706	1	80	100	政府机构
340825105201	天华村委会	116.089640	30.502811	0	30	72	村庄
340826209203	柳坪村委会	115.972860	30.311190	0	25	70	村庄
340811001011	庆丰社区居委会	117.077990	30.517699	1	80	97	政府机构
340881107213	包圩村委会	116.974405	30.899440	0	18	66	乡镇
340822100008	骑龙居委会	116.819656	30.728911	1	80	100	政府机构
340825102205	鸣山村委会	116.435790	30.454160	0	30	72	村庄
340882108203	金湖村委会	116.481050	30.487895	0	20	67	乡镇
340881111001	桐江居委会	117.212857	30.691192	1	80	100	政府机构
340802001001	吴樾居委会	117.048249	30.505506	0	40	72	乡镇
340881104203	福桥村委会	116.982576	30.792525	0	18	66	乡镇
340822108204	金闸村委会	116.723260	30.590170	0	30	72	村庄
340825109202	叶河村委会	115.960100	30.668060	0	25	70	乡镇
340822100213	新建村委会	116.863960	30.716881	0	30	72	村庄
340882103204	丰收村委会	116.598086	30.525023	0	18	66	乡镇
340828200200	红旗村委会	116.419139	30.877412	1	80	97	政府机构
340822204205	土塘村委会	116.830000	30.733699	0	14	29	区县
340828210200	夹河村委会	116.475777	30.972966	0	20	67	村庄
340802201204	新义村委会	117.200683	30.615350	0	18	49	村庄
340826212204	万元村委会	116.168959	30.124151	0	20	67	村庄
340826202204	杜溪村委会	116.244622	30.125888	0	18	66	村庄
340803200001	红水塘居民委员会	117.018720	30.575359	0	30	58	村庄
340827101205	洪湖村委会	116.633759	30.089068	0	18	66	乡镇
340822106001	公岭居委会	116.709809	30.679009	0	18	49	乡镇
340822103203	洪桥村委会	116.769579	30.760157	0	25	70	乡镇
340828107206	独山村委会	116.401090	30.798150	0	30	72	村庄
340882204202	新建村委会	116.284750	30.681629	0	30	72	村庄
340822113203	黄山村委会	116.844010	30.494999	0	30	72	村庄
340826105202	石咀村委会	116.080961	30.227436	0	30	72	村庄
340827106201	文学村委会	116.561640	30.239281	0	30	72	村庄
340827401498	望江桥港经济开发区虚拟社区	116.694000	30.124301	0	14	29	区县
340828110202	主簿村委会	116.450024	31.010284	1	80	100	政府机构
340822104207	双河村委会	116.875340	30.778920	0	30	72	村庄
340882107210	西岭村委会	116.674803	30.993285	0	16	65	乡镇
340828100202	木冲村委会	116.351154	30.848075	0	18	66	乡镇
340825103208	石霞村委会	116.391164	30.535839	0	18	66	乡镇
340822114207	日新村委会	116.732978	30.461280	1	80	100	政府机构
340871001001	舒巷居委会	117.055572	30.546485	1	80	95	UNKNOWN
340826102206	康公村委会	116.254210	29.814230	0	25	47	乡镇
340881108200	肖店村委会	117.061466	30.866158	1	80	100	政府机构
340811200002	月形居委会	117.129088	30.597449	0	18	66	乡镇
340827100013	牌坊社区居委会	116.679131	30.125065	0	16	65	乡镇
340827105211	花河村委会	116.546568	30.324661	0	18	66	乡镇
340882104200	黄铺村委会	116.496801	30.573578	1	80	100	政府机构
340828207204	龙潭村委会	116.388172	30.926186	0	30	72	村庄
340882101002	双峰居委会	116.686762	30.827351	0	16	65	乡镇
340822203201	龙池村委会	116.793327	30.546707	0	30	72	村庄
340827201207	双新村委会	116.905007	30.277921	1	80	95	地产小区
340826205200	碧岭村委会	116.114290	30.059649	0	25	70	村庄
340822114211	江镇村委会	116.764540	30.464799	0	25	47	乡镇
340802200004	机场居委会	117.119146	30.514731	0	25	70	乡镇
340822200207	磨山村委会	116.960622	30.735108	0	25	55	乡镇
340882107206	光华村委会	116.674803	30.993285	0	16	65	乡镇
340828204202	古坊村委会	115.924845	30.874309	0	18	66	村庄
340881001210	陈庄村委会	117.011420	31.001428	1	80	100	政府机构
340881106208	徐漕村委会	116.765922	30.888329	0	16	38	乡镇
340803201201	百子山村民委员会	116.932060	30.532571	0	25	55	村庄
340811101200	余墩村委会	117.082814	30.601841	1	80	100	政府机构
340828103204	撞钟村委会	116.291138	30.721711	0	18	40	乡镇
340882200200	塔畈村委会	116.564630	30.926800	0	50	73	UNKNOWN
340822107201	谷泉村委会	116.776098	30.601800	0	18	40	乡镇
340881002200	石河村委会	116.946730	31.030310	1	80	100	政府机构
340822102003	月形居委会	116.918461	30.619188	1	80	100	政府机构
340827105207	枫岭村委会	116.546568	30.324661	0	18	66	乡镇
340828113204	中关村委会	116.289214	30.823452	0	18	66	乡镇
340827100005	莲花社区居委会	116.696462	30.128705	1	80	100	政府机构
340826101200	梁公村委会	116.553781	29.951536	0	16	38	乡镇
340822110205	杨林村委会	116.665860	30.559789	0	30	72	村庄
340802201212	柘林村委会	117.200683	30.615350	0	18	66	村庄
340828104200	头陀村委会	116.416165	31.090386	0	16	65	乡镇
340882103212	程家井村委会	116.495013	30.488457	1	80	100	政府机构
340822100205	太极村委会	116.843834	30.717792	0	18	40	乡镇
340827107001	太慈社区居委会	116.704801	30.196241	1	80	97	UNKNOWN
340827102203	日星村委会	116.860989	30.337746	0	18	40	乡镇
340881100221	古井村委会	117.039643	30.959329	1	80	100	政府机构
340826106204	五谷村委会	116.135569	30.271809	0	18	66	乡镇
340882110202	河西村委会	116.448900	30.654334	0	30	72	村庄
340803500505	伊北分场	116.773392	30.420860	0	18	66	乡镇
340802202202	青龙村委会	117.199680	30.495119	0	30	72	村庄
340822202001	栏坝居委会	116.776773	30.672104	0	30	72	村庄
340882100202	七里村委会	116.589108	30.654033	0	18	66	乡镇
340811201202	虎山村委会	117.010420	30.695069	0	30	72	村庄
340826201202	杨辛村委会	116.303653	30.181499	1	80	100	政府机构
340826211202	兴岭村委会	116.231788	30.277815	0	18	66	村庄
340826100201	韩岭村委会	116.098372	30.181887	0	18	66	乡镇
340881104219	南河村委会	116.982576	30.792525	0	18	66	乡镇
340827104206	漆岭村委会	116.715739	30.318142	0	18	40	乡镇
340828112205	严家村委会	116.318688	31.103897	0	18	66	乡镇
340822106200	五岭村委会	116.709809	30.679009	0	18	66	乡镇
340822103002	马庙居委会	116.799363	30.754000	1	80	97	政府机构
340828102205	黄泥村委会	116.236425	30.869070	1	80	100	政府机构
340882201201	东店村委会	116.635045	30.537457	0	20	67	村庄
340881107209	黄盆村委会	117.012971	30.866432	1	80	100	政府机构
340826207207	大明村委会	115.997504	30.371892	0	18	66	村庄
340803200200	十里村民委员会	116.992067	30.556906	0	20	50	乡镇
340882106207	程湾村委会	116.398328	30.700071	0	16	65	乡镇
340828205203	方边村委会	116.175605	30.708253	0	18	66	村庄
340822105210	先锋村委会	116.854910	30.649450	0	30	72	村庄
340822201206	分龙村委会	116.851991	30.603776	0	20	67	村庄
340826210203	月丹村委会	116.136477	30.369095	0	18	40	村庄
340826200203	高岭村委会	116.305120	30.236740	0	30	72	村庄
340882101203	叶典村委会	116.686762	30.827351	0	16	38	乡镇
340828202207	三槐村委会	116.195090	30.996771	0	25	47	村庄
340828106211	牌坊村委会	116.304190	30.885900	0	30	72	村庄
340826107205	三德村委会	116.153650	30.291867	1	80	100	政府机构
340825108215	明珠村委会	115.830600	30.647280	0	30	72	村庄
340827103202	兴龙村委会	116.799645	30.352781	0	18	66	乡镇
340822101204	保湖村委会	116.685148	30.404236	0	18	40	乡镇
340828100003	城西居委会	116.351028	30.847384	1	80	100	政府机构
340828105201	双畈村委会	116.542269	30.914314	1	80	100	政府机构
340822111204	岗山村委会	116.639590	30.481780	0	30	72	村庄
340826104203	马山村委会	116.405230	30.098640	0	30	72	村庄
340826101001	老岸社区居委会	116.553781	29.951536	0	16	47	乡镇
340822112202	八一村委会	116.590620	30.416964	0	25	70	乡镇
340811101001	杨桥居委会	117.084942	30.662665	0	18	66	乡镇
340828106207	莲花村委会	116.370150	30.885410	0	30	72	村庄
340881002001	三里居委会	116.932171	31.003912	0	25	70	乡镇
340822102202	奇隆村委会	116.933725	30.600730	0	18	40	乡镇
340827100204	大号村委会	116.679131	30.125065	0	16	65	乡镇
340826203205	平岗村委会	116.219587	30.105045	1	80	100	政府机构
340822101212	万明村委会	116.685148	30.404236	0	18	66	乡镇
340882102205	文治村委会	116.635338	30.724676	0	18	40	乡镇
340828201201	莲塘村委会	116.283220	30.901450	0	30	72	村庄
340825108203	江河村委会	116.467709	30.765914	1	80	100	政府机构
340826204201	西口村委会	116.330065	29.908137	0	18	66	村庄
340827200206	壬辰占村委会	116.606820	30.199070	0	25	47	村庄
340822202200	双龙村委会	116.781791	30.679296	0	30	72	村庄
340882105201	逆水村委会	116.489557	30.867446	1	80	100	政府机构
340882100003	北街社区	116.589108	30.654033	0	18	66	乡镇
340827104210	官庄村委会	116.688540	30.347961	0	30	72	村庄
340826207211	邓山村委会	115.997504	30.371892	0	18	66	村庄
340881109201	八一村委会	116.749766	31.009523	0	18	66	乡镇
340826103207	甘霖村委会	116.371393	30.162959	0	18	40	乡镇
340828101203	河西村委会	116.018970	30.702111	0	30	72	村庄
340882202207	白寨村委会	116.526375	30.768613	0	18	66	村庄
340825102209	黄岭村委会	116.445001	30.385176	0	30	72	村庄
340822105206	谭桥村委会	116.869718	30.676814	0	18	66	乡镇
340822100004	陶亭居委会	116.826117	30.752760	1	80	100	政府机构
340882106211	三里村委会	116.398328	30.700071	0	16	65	乡镇
340827107200	茶花村委会	116.695040	30.179310	0	30	72	村庄
340828111203	琥珀村委会	115.914098	30.742229	0	18	66	乡镇
340826207210	独山村委会	116.042050	30.347000	0	30	72	村庄
340881109200	唐湾村委会	116.749766	31.009523	0	18	66	乡镇
340826103206	宏兴村委会	116.335881	30.134524	0	30	72	村庄
340882202206	湖田村委会	116.548450	30.739620	0	30	72	村庄
340828101202	司空村委会	116.043056	30.742135	0	18	40	乡镇
340825102208	塔山村委会	116.453945	30.434889	1	80	100	政府机构
340822105207	鸡留村委会	116.869718	30.676814	0	18	40	乡镇
340822100005	前进居委会	116.838005	30.725128	1	80	100	政府机构
340882106210	天柱村委会	116.398328	30.700071	0	16	38	乡镇
340827107201	九龙村委会	116.753134	30.205640	0	16	65	乡镇
340828111202	罗铺村委会	115.914098	30.742229	0	18	40	乡镇
340827400498	望江县经济开发区虚拟社区	116.736775	30.108894	0	25	70	乡镇
340826204200	乌池村委会	116.284752	29.980881	1	80	100	政府机构
340827200207	河南村委会	116.530387	30.117996	0	30	72	村庄
340822202201	蒋楼村委会	116.792430	30.662998	0	18	66	村庄
340882105200	万全村委会	116.566830	30.849221	0	25	70	乡镇
340882100002	龙井社区	116.589108	30.654033	0	18	66	乡镇
340811201002	曰公居委会	117.001653	30.672557	0	18	66	村庄
340827104211	龙口村委会	116.747610	30.364281	0	30	72	村庄
340826203204	毛坝村委会	116.233217	30.038661	0	18	66	乡镇
340822101213	同福村委会	116.738040	30.393020	0	30	72	村庄
340828201200	珠屋村委会	116.279954	30.890899	1	80	100	政府机构
340882102204	马道村委会	116.628110	30.672901	0	30	72	村庄
340825108202	马嘶村委会	115.849103	30.670038	0	16	65	乡镇
340826104202	东洪村委会	116.410130	30.032800	0	25	70	乡镇
340822112203	四合村委会	116.590620	30.416964	0	25	70	乡镇
340828106206	桃岭村委会	116.338858	30.920211	0	18	66	乡镇
340822107001	黄墩居委会	116.776541	30.600150	1	80	97	政府机构
340822102203	小园村委会	116.902310	30.621040	0	30	72	村庄
340827100205	司阁村委会	116.679131	30.125065	0	16	38	乡镇
340826107204	夏家村委会	116.186598	30.330933	0	18	66	乡镇
340827106001	长岭社区居委会	116.534308	30.214961	0	16	65	乡镇
340825108214	玉珠村委会	115.849103	30.670038	0	16	38	乡镇
340827103203	汪洋村委会	116.799645	30.352781	0	18	66	乡镇
340882102212	建军村委会	116.652010	30.680649	0	30	72	村庄
340881001006	白马居委会	116.962833	31.001712	1	80	100	政府机构
340822101205	普济村委会	116.685148	30.404236	0	18	66	乡镇
340828100002	城南居委会	116.368717	30.844179	1	80	100	政府机构
340828105200	深村村委会	115.976143	30.870651	1	80	100	政府机构
340822111205	范祠村委会	116.669004	30.440984	0	25	70	乡镇
340825400001	太湖工业园类似居委会	116.325593	30.444912	1	80	97	UNKNOWN
340826210202	趾凤村委会	116.136477	30.369095	0	18	40	村庄
340826200202	青云村委会	116.320180	30.240691	0	30	72	村庄
340811200202	先锋村委会	117.154890	30.598610	0	30	72	村庄
340828202206	道义村委会	116.195090	30.996771	0	25	47	村庄
340882101202	赵冲村委会	116.477697	30.616080	1	80	100	政府机构
340828106210	西营村委会	116.319520	30.910360	0	30	72	村庄
340822203001	清河居委会	116.712883	30.551240	1	80	100	政府机构
340826103210	石庙村委会	116.371393	30.162959	0	18	66	乡镇
340881107208	杨塘村委会	116.961867	31.022592	1	80	100	政府机构
340826207206	朱湾村委会	116.412333	30.142755	1	80	100	政府机构
340828205202	闵山村委会	116.181098	30.755131	0	30	58	村庄
340882106206	驾雾村委会	116.398328	30.700071	0	16	38	乡镇
340822201207	大塘村委会	116.895730	30.607109	0	30	72	村庄
340826100200	龙山村委会	116.100141	30.209957	0	30	72	村庄
340881104218	民畈村委会	116.982576	30.792525	0	18	40	乡镇
340827104207	花园村委会	116.692090	30.326740	0	30	72	村庄
340828112204	黄龙村委会	116.293145	30.825750	1	80	100	政府机构
340822106201	水磨村委会	116.709809	30.679009	0	18	66	乡镇
340822103003	枫林居委会	116.769579	30.760157	0	25	70	乡镇
340882201200	油坝村委会	116.635045	30.537457	0	20	41	村庄
340828102204	三河村委会	116.272337	31.011572	1	80	100	政府机构
340803500504	练城分场	116.773392	30.420860	0	18	49	乡镇
340882110203	林庄村委会	116.513660	30.676791	0	30	72	村庄
340802202203	永存村委会	117.186940	30.503480	0	18	66	村庄
340882105001	滨河居委会	116.568657	30.850670	1	80	100	政府机构
340882100203	潘铺村委会	116.589108	30.654033	0	18	66	乡镇
340826201203	橙莲村委会	116.279059	30.182932	0	18	40	村庄
340826211203	安元村委会	116.231788	30.277815	0	18	40	村庄
340822110204	朝阳村委会	116.667640	30.525140	0	30	72	村庄
340828104201	虎形村委会	116.340320	31.048910	0	30	72	村庄
340882103213	皖潜村委会	116.598086	30.525023	0	18	40	乡镇
340822100204	查湾村委会	116.843834	30.717792	0	18	66	乡镇
340827102202	大湾村委会	116.847680	30.303820	0	30	72	村庄
340881100220	长岗村委会	117.041450	31.094381	0	30	72	村庄
340826106205	先觉村委会	116.135569	30.271809	0	18	66	乡镇
340811101201	余湾村委会	117.084942	30.662665	0	18	66	乡镇
340882200201	体元村委会	116.545250	30.957957	0	18	40	村庄
340828103205	水畈村委会	116.291138	30.721711	0	18	40	乡镇
340822107200	高楼村委会	116.774070	30.612829	0	30	72	村庄
340822102002	月山居委会	116.935713	30.605919	1	80	100	政府机构
340827105206	望河村委会	116.546568	30.324661	0	18	40	乡镇
340828113205	请寨村委会	116.289214	30.823452	0	18	40	乡镇
340827100004	回龙社区居委会	116.679131	30.125065	0	16	65	乡镇
340826101201	中棚村委会	116.553781	29.951536	0	16	65	乡镇
340822114210	余冲村委会	116.773660	30.520249	0	30	72	村庄
340802200005	任店居委会	117.119146	30.514731	0	25	55	乡镇
340822200206	戴店村委会	116.925880	30.692010	0	30	72	村庄
340828204203	前进村委会	115.914806	30.864719	0	30	72	村庄
340882107207	坛畈村委会	116.674803	30.993285	0	16	38	乡镇
340881001211	和平村委会	116.955500	31.011349	0	30	72	村庄
340881106209	朝阳村委会	116.809560	30.828131	0	30	72	村庄
340803201200	中心村民委员会	116.932060	30.532571	0	25	55	村庄
340827100012	桃园社区居委会	116.679131	30.125065	0	16	65	乡镇
340811200003	石塘居委会	117.103958	30.564278	1	80	100	政府机构
340827105210	葛林村委会	116.546568	30.324661	0	18	66	乡镇
340828207205	象形村委会	116.240433	30.955038	1	80	100	政府机构
340882104201	望虎村委会	116.492171	30.564323	0	18	40	乡镇
340882101003	棋盘居委会	116.686762	30.827351	0	16	47	乡镇
340822203200	泉月村委会	116.744900	30.541876	0	20	41	村庄
340827201206	莲花洲村委会	116.872317	30.217742	0	16	65	村庄
340825400200	龙安村委会	115.943030	30.581779	0	30	72	村庄
340826205201	新建村委会	116.100798	30.068694	0	30	72	村庄
340827106200	后埠村委会	116.534308	30.214961	0	16	65	乡镇
340828110203	大歇村委会	116.472825	31.025858	0	18	66	乡镇
340827103002	金堤社区居委会	116.817085	30.398233	1	80	97	政府机构
340822104206	前楼村委会	116.890906	30.772170	0	18	66	乡镇
340882107211	杨庄村委会	116.669530	30.978930	0	30	72	村庄
340822101004	城北居委会	116.685148	30.404236	0	18	66	乡镇
340828100203	石桥村委会	116.366145	30.879084	1	80	100	政府机构
340825103209	红旗村委会	116.391164	30.535839	0	18	66	乡镇
340822114206	上丰村委会	116.774216	30.478164	0	18	66	乡镇
340803100002	河港居委会	116.899519	30.454130	0	18	49	乡镇
340826102207	曹湖村委会	116.254210	29.814230	0	25	70	乡镇
340881108201	珠檀村委会	117.059059	30.876804	1	80	100	政府机构
340827101204	鸡冠村委会	116.606970	30.118570	0	30	72	村庄
340881003001	太平居委会	116.899745	31.102018	0	18	66	乡镇
340822103202	汪洋村委会	116.769579	30.760157	0	25	70	乡镇
340882204203	吴桥村委会	116.318020	30.687900	0	30	72	村庄
340822113202	新岗村委会	116.810335	30.511276	0	30	72	村庄
340811100001	总铺居委会	117.007990	30.600109	0	50	82	UNKNOWN
340826105203	茯苓村委会	116.055284	30.253721	0	18	40	乡镇
340826100001	龙井社区居委会	116.127398	30.159109	1	80	100	政府机构
340825109203	叶榜村委会	115.960231	30.675282	1	80	100	政府机构
340822100212	方祠村委会	116.843834	30.717792	0	18	66	乡镇
340828200201	板舍村委会	116.445225	30.871407	1	80	100	政府机构
340882103205	光明村委会	116.589640	30.490309	0	30	72	村庄
340822204204	腾云村委会	116.558579	30.387724	0	18	40	村庄
340828210201	巍岭村委会	116.475777	30.972966	0	20	67	村庄
340802201205	营盘村委会	117.226480	30.594891	0	30	72	村庄
340826212205	黎冲村委会	116.168959	30.124151	0	20	67	村庄
340826202205	新安村委会	116.236970	30.144319	0	30	72	村庄
340881104202	天城村委会	116.982576	30.792525	0	18	66	乡镇
340822108205	中联村委会	116.714243	30.600488	0	25	70	乡镇
340811001010	苏岗居委会	117.077990	30.517699	1	80	97	政府机构
340826209202	长溪山村委会	115.963370	30.324532	0	30	72	村庄
340881107212	南普村委会	116.974405	30.899440	0	18	66	乡镇
340825102204	同兴村委会	116.420461	30.457236	0	30	72	村庄
340882108202	胜利村委会	116.457060	30.476780	0	30	72	村庄
340826401500	华阳河一分场	116.497830	30.084461	1	80	100	UNKNOWN
340881100216	陷泥村委会	117.070586	31.021389	0	18	40	乡镇
340827100209	磨盘村委会	116.679131	30.125065	0	16	65	乡镇
340825100002	西关居委会	116.294000	30.449789	0	25	70	乡镇
340825105200	涧水村委会	116.141673	30.458260	0	16	65	乡镇
340826203208	汪岭村委会	116.233217	30.038661	0	18	66	乡镇
340882102208	天圣村委会	116.635338	30.724676	0	18	40	乡镇
340825202206	何墩村委会	116.275045	30.150453	1	80	100	政府机构
340803002003	太平寺社区居民委员会	117.034350	30.505091	1	80	100	政府机构
340881110200	葛湾村委会	116.846904	31.051295	0	18	66	乡镇
340825201200	大龙村委会	116.153830	30.396250	0	30	72	村庄
340828108202	河图村委会	116.054904	30.870881	0	18	40	乡镇
340881103210	徐河村委会	116.875157	30.823345	1	80	100	政府机构
340826107208	烽火村委会	116.189400	30.303360	0	30	72	村庄
340822111209	高泽村委会	116.669004	30.440984	0	25	55	乡镇
340825106206	南阳村委会	116.053840	30.534579	0	30	72	村庄
340822101209	同发村委会	116.685148	30.404236	0	18	66	乡镇
340825202210	五一村委会	116.319865	30.340562	0	18	66	村庄
340881104214	鸭子村委会	116.982576	30.792525	0	18	40	乡镇
340882400001	八一居委会	116.581000	30.631100	0	14	64	区县
340828208200	龙王村委会	116.511004	31.080622	0	30	72	村庄
340825101202	好汉村委会	116.389954	30.282746	0	18	40	乡镇
340828102208	关河村委会	116.220513	30.960438	0	30	72	村庄
340881107204	草原村委会	116.974405	30.899440	0	18	66	乡镇
340802002006	新龙居委会	117.069582	30.511832	0	30	72	乡镇
340811001006	吴咀居委会	117.077990	30.517699	1	80	95	政府机构
340803006001	天桥社区居民委员会	117.037700	30.528791	1	80	100	政府机构
340825102212	团湖村委会	116.414874	30.406660	0	18	66	乡镇
340822100208	谢山村委会	116.843834	30.717792	0	18	66	乡镇
340825107207	河口村委会	115.944572	30.518833	0	30	72	村庄
340881102211	挂镇村委会	116.879491	30.961759	0	18	40	乡镇
340828109203	百步村委会	116.178621	30.801207	0	18	66	乡镇
340825200201	田祥村委会	116.429694	30.212993	0	18	40	村庄
340803500508	万集分场	116.773392	30.420860	0	18	49	乡镇
340802004003	先锋居委会	117.062640	30.506397	1	80	100	政府机构
340881101201	平坦村委会	117.001845	31.103855	1	80	100	政府机构
340825103213	新华村委会	116.417780	30.549909	0	30	72	村庄
340881106205	里仁村委会	116.765922	30.888329	0	16	65	乡镇
340827100008	吉水社区居委会	116.679131	30.125065	0	16	47	乡镇
340826400405	孟湖监区居委会	116.129000	30.153800	0	14	32	区县
340825100203	刘羊村委会	116.294000	30.449789	0	25	47	乡镇
340828103209	岩河村委会	116.214010	30.775020	0	50	73	UNKNOWN
340871100210	新光村委会	117.151980	30.582030	0	30	72	村庄
340828209201	西溪村委会	116.182390	30.947099	0	30	72	村庄
340882109203	大水村委会	116.619331	30.938528	0	30	72	村庄
340825103205	银山村委会	116.391164	30.535839	0	18	66	乡镇
340881106213	陶驿村委会	116.765922	30.888329	0	16	38	乡镇
340826208203	西源村委会	116.103977	30.346787	0	30	72	村庄
340822109204	求雨村委会	116.646547	30.614005	0	18	40	乡镇
340825204203	马畈村委会	116.394845	30.440331	1	80	100	政府机构
340881100001	中心居委会	117.070586	31.021389	0	18	66	乡镇
340881105203	小关村委会	117.010208	31.266022	1	80	100	政府机构
340882103209	天崇村委会	116.598086	30.525023	0	18	40	乡镇
340825203207	金鹰村委会	116.136690	30.581491	0	25	47	乡镇
340881102207	棋盘岭村委会	116.713075	30.817240	1	80	100	政府机构
340826108201	铁寨村委会	116.198894	30.211281	0	18	66	乡镇
340825104201	林冲村委会	116.417289	30.739836	1	80	100	政府机构
340822204203	牛店村委会	116.558579	30.387724	0	18	66	村庄
340822201001	石镜居委会	116.853100	30.615451	1	80	100	政府机构
340802201202	联兴村委会	117.199560	30.656759	0	30	72	村庄
340825109204	东口村委会	116.309000	30.454100	0	14	29	区县
340882103202	中河村委会	116.324911	30.622892	1	80	100	政府机构
340822100215	和平村委会	116.886280	30.739099	0	30	72	村庄
340826202202	九姑村委会	116.244622	30.125888	0	18	66	村庄
340826212202	五里村委会	116.168959	30.124151	0	20	67	村庄
340828107200	无愁村委会	116.344888	30.763694	1	80	100	政府机构
340882204204	程冲村委会	116.295121	30.664839	0	20	67	村庄
340811100006	百华居委会	117.007176	30.603678	0	20	50	乡镇
340822113205	五桥村委会	116.843539	30.525587	0	18	66	乡镇
340827101203	丰大村委会	116.633759	30.089068	0	18	40	乡镇
340827104001	高士社区居委会	116.715739	30.318142	0	18	66	乡镇
340822103205	严岭村委会	116.769579	30.760157	0	25	70	乡镇
340881003006	东关居委会	116.956351	31.052392	1	80	100	政府机构
340882100212	平桥村委会	116.589108	30.654033	0	18	66	乡镇
340826100006	古塔社区居委会	116.098372	30.181887	0	18	66	乡镇
340826105204	刘坡村委会	116.055284	30.253721	0	18	66	乡镇
340882203200	红星村委会	116.494211	30.618864	0	30	72	村庄
340822114201	赵山村委会	116.772100	30.494839	0	30	72	村庄
340811102200	林春村委会	117.041337	30.703636	0	60	51	乡镇
340822111003	大洼居委会	116.649747	30.485034	1	80	100	政府机构
340828110204	南田村委会	116.434850	31.046150	0	30	72	村庄
340827106207	土永村委会	116.534308	30.214961	0	16	38	乡镇
340822101003	潘段居委会	116.685148	30.404236	0	18	49	乡镇
340822104201	王山村委会	116.942640	30.773770	0	30	72	村庄
340881001200	水源村委会	116.978440	31.021351	0	30	72	村庄
340881106218	沙铺村委会	116.765922	30.888329	0	16	65	乡镇
340826102200	三洲村委会	116.293779	29.809649	1	80	100	政府机构
340871001007	晶海居委会	117.055572	30.546485	1	80	95	UNKNOWN
340826208208	毕凉村委会	116.080470	30.335767	0	18	40	乡镇
340881108206	双店村委会	117.063151	30.808286	1	80	100	政府机构
340882200210	板仓村委会	116.549690	30.995510	0	30	72	村庄
340822203207	龙泉村委会	116.720490	30.539539	0	30	72	村庄
340827201201	杨长村委会	116.872317	30.217742	0	16	38	村庄
340811200004	独秀居委会	117.129088	30.597449	0	18	49	乡镇
340827100015	天河社区居委会	116.679131	30.125065	0	16	65	乡镇
340882101004	长和居委会	116.724727	30.814507	1	80	97	UNKNOWN
340882104206	金龙村委会	116.440687	30.568113	0	30	72	村庄
340828207202	东冲村委会	116.386000	30.997731	0	30	72	村庄
340826205206	洪岭村委会	116.266019	30.094590	1	80	100	政府机构
340881105208	王集村委会	117.082760	31.197322	1	80	100	政府机构
340882107200	平峰村委会	116.674803	30.993285	0	16	65	乡镇
340828204204	王程村委会	115.924845	30.874309	0	18	40	村庄
340827106211	赤湖村委会	116.534308	30.214961	0	16	65	乡镇
340802200002	前进居委会	117.119146	30.514731	0	25	70	乡镇
340822200201	双岭村委会	116.949087	30.693174	0	30	72	村庄
340871001011	盛塘居委会	117.055572	30.546485	1	80	95	UNKNOWN
340826206200	廖河村委会	115.958428	30.356778	0	50	73	UNKNOWN
340882104210	莲花村委会	116.511250	30.606470	0	30	72	村庄
340822102005	翠屏山社区居委会	116.933725	30.600730	0	18	49	乡镇
340822107207	粟山村委会	116.776098	30.601800	0	18	66	乡镇
340828113202	秋千村委会	116.289214	30.823452	0	18	40	乡镇
340827100003	新北社区居委会	116.684361	30.142058	1	80	100	政府机构
340827105201	香茗村委会	116.546568	30.324661	0	18	40	乡镇
340811101206	花山村委会	117.145003	30.686163	1	80	100	政府机构
340825100208	阳冲村委会	116.294000	30.449789	0	25	70	乡镇
340828103202	菖蒲村委会	116.262523	30.717989	1	80	100	政府机构
340882200206	倪河村委会	116.545250	30.957957	0	18	40	村庄
340826101206	王营村委会	116.567259	30.026456	1	80	100	政府机构
340803401498	安庆海口经济开发区虚拟社区	117.034000	30.512301	0	16	30	区县
340826205210	柳咀村委会	116.114290	30.059649	0	25	47	村庄
340822100203	独枫村委会	116.843834	30.717792	0	18	40	乡镇
340882103214	长友村委会	116.598086	30.525023	0	18	40	乡镇
340827102205	中洲村委会	116.860989	30.337746	0	18	66	乡镇
340822110203	康宁村委会	116.669954	30.529092	0	18	66	乡镇
340826106202	花凉村委会	116.135569	30.271809	0	18	40	乡镇
340882100204	高集村委会	116.546560	30.620510	0	30	72	村庄
340828203200	川岭村委会	116.107080	31.063379	0	25	70	村庄
340828109208	妙道山村委会	116.114756	30.786790	0	25	55	UNKNOWN
340802202204	康宁村委会	117.186940	30.503480	0	18	66	村庄
340882110204	白水村委会	116.456610	30.688840	0	30	72	村庄
340827200001	凉泉社区居委会	116.606820	30.199070	0	25	55	村庄
340803500503	新光分场	116.876524	30.451390	1	80	100	UNKNOWN
340826211204	斗山河村委会	116.220750	30.306670	0	30	58	UNKNOWN
340826201204	龙安村委会	116.272273	30.204728	0	30	72	村庄
340825101209	新丰村委会	116.383720	30.279821	0	30	72	村庄
340828102203	马元村委会	116.222770	30.926670	0	25	70	乡镇
340827101002	曾墩社区居委会	116.617818	30.102117	1	80	100	政府机构
340828112203	黄尾村委会	116.318688	31.103897	0	18	66	乡镇
340827104200	虎山村委会	116.762681	30.308057	0	30	72	村庄
340882105211	油坊村委会	116.491609	30.858253	1	80	100	政府机构
340822106206	三铺村委会	116.709809	30.679009	0	18	66	乡镇
340826207201	河口村委会	116.025100	30.331351	0	30	72	村庄
340803200206	林业村民委员会	116.992067	30.556906	0	20	50	乡镇
340822201200	邓林村委会	116.851991	30.603776	0	20	41	村庄
340827107210	郭河村委会	116.753134	30.205640	0	16	65	乡镇
340882401498	旅游度假区虚拟社区	116.581000	30.631100	0	14	38	区县
340882106201	横中村委会	116.398328	30.700071	0	16	38	乡镇
340828205205	宁河村委会	116.175605	30.708253	0	18	66	村庄
340802005009	双莲寺居委会	117.042740	30.510152	0	50	58	乡镇
340826200205	双河村委会	116.298760	30.273120	0	30	72	村庄
340826210205	老岗村委会	116.136477	30.369095	0	18	66	村庄
340811200205	黄石村委会	117.130318	30.620452	0	30	72	村庄
340882101205	东坂村委会	116.686762	30.827351	0	16	65	乡镇
340828202201	界岭村委会	116.195090	30.996771	0	25	70	村庄
340826102001	汇口社区居委会	116.254210	29.814230	0	25	55	乡镇
340803100204	海口村民委员会	116.899519	30.454130	0	18	66	乡镇
340826107203	太阳村委会	116.203375	30.144476	1	80	100	政府机构
340828105207	土桥村委会	115.948470	30.790800	0	30	72	村庄
340828100005	东山居委会	116.351154	30.848075	0	18	66	乡镇
340811102001	罗岭居委会	117.041337	30.703636	0	60	58	乡镇
340825108213	将军村委会	115.823400	30.610029	0	30	72	村庄
340827103204	南畈村委会	116.808120	30.363341	0	30	72	村庄
340822101202	青圩村委会	116.685148	30.404236	0	18	66	乡镇
340881001001	钱庄居委会	116.979658	30.992459	0	18	49	乡镇
340826104205	长安村委会	116.411930	30.074439	0	30	72	村庄
340822102204	学田村委会	116.720511	30.690976	1	80	100	政府机构
340881002007	山水龙城居委会	116.932171	31.003912	0	25	55	乡镇
340827100202	翠湖村委会	116.679131	30.125065	0	16	65	乡镇
340822112204	容岭村委会	116.590620	30.416964	0	25	47	乡镇
340828106201	斯桥村委会	116.338858	30.920211	0	18	40	乡镇
340826203203	九庙村委会	116.233217	30.038661	0	18	40	乡镇
340882102203	黄岭村委会	116.634990	30.770600	0	30	72	村庄
340882107001	常青居委会	116.618209	31.012528	1	80	100	政府机构
340822101214	永裕村委会	116.685148	30.404236	0	18	40	乡镇
340825108205	三村委会村委会	115.849103	30.670038	0	16	30	乡镇
340826204207	洲头村委会	116.330065	29.908137	0	18	66	村庄
340881104209	潘赛村委会	116.982576	30.792525	0	18	40	乡镇
340881003211	龙眠村委会	116.899745	31.102018	0	18	66	乡镇
340882100005	东关社区	116.589108	30.654033	0	18	66	乡镇
340882105207	龙关村委会	116.641110	30.884100	0	50	73	UNKNOWN
340827200200	湖滨村委会	116.601580	30.178489	0	30	72	村庄
340822202206	章岭村委会	116.792430	30.662998	0	18	66	村庄
340881109207	蔡畈村委会	116.710041	30.962409	0	30	58	UNKNOWN
340826103201	灯塔村委会	116.374471	30.135911	0	30	72	村庄
340822100002	凌桥居委会	116.805607	30.744900	1	80	100	政府机构
340822105200	泉合村委会	116.869718	30.676814	0	18	40	乡镇
340828111205	溪河村委会	115.914098	30.742229	0	18	40	乡镇
340827107206	慈湖村委会	116.753134	30.205640	0	16	38	乡镇
340828101205	中心村委会	116.000200	30.759479	0	30	72	村庄
340882202201	龙潭村委会	116.510508	30.784775	0	30	72	村庄
340822103209	孙家城村委会	116.797050	30.811960	0	30	58	UNKNOWN
340822113209	冶塘村委会	116.843539	30.525587	0	18	40	乡镇
340825104206	中河村委会	116.324911	30.622892	1	80	100	政府机构
340881101210	连山村委会	117.115213	31.128206	0	30	72	村庄
340825203200	龙潭寨村委会	116.136690	30.581491	0	25	70	乡镇
340825109208	柳青村委会	115.960100	30.668060	0	25	47	乡镇
340803003005	近圣社区居民委员会	117.041540	30.511271	1	80	94	政府机构
340811001200	太平村委会	117.077990	30.517699	1	80	97	政府机构
340881102200	月山村委会	116.897238	30.974696	1	80	100	政府机构
340825204204	九田村委会	116.015780	30.473782	0	18	66	村庄
340822109203	禅师村委会	116.646547	30.614005	0	18	40	乡镇
340803004001	菱湖社区居民委员会	117.048047	30.517168	1	80	95	政府机构
340825100212	岔路村委会	116.294000	30.449789	0	25	70	乡镇
340881105204	台庄村委会	117.026550	31.190120	0	18	66	乡镇
340882109204	黄柏村委会	116.611000	30.920590	0	25	70	乡镇
340825103202	百鸣村委会	116.391164	30.535839	0	18	40	乡镇
340826208204	隘口村委会	116.080470	30.335767	0	18	66	乡镇
340881106214	松陶村委会	116.765922	30.888329	0	16	38	乡镇
340825100204	观音村委会	116.333133	30.439386	0	30	72	村庄
340826400402	分局机关社区	116.129000	30.153800	0	14	29	区县
340881105212	胡埠村委会	117.018890	31.149499	0	30	58	村庄
340881106202	乔庄村委会	117.023378	31.109515	1	80	100	政府机构
340825104210	马龙村委会	116.179080	30.529069	0	30	72	村庄
340828109204	思河村委会	116.178621	30.801207	0	18	40	乡镇
340825200206	卓铺村委会	116.429694	30.212993	0	18	40	村庄
340882100208	凤凰村委会	116.541850	30.684289	0	30	72	村庄
340802004004	康熙河居委会	117.058373	30.505527	1	80	100	政府机构
340881101206	鲁谼山村委会	116.970200	31.130507	0	18	40	乡镇
340825107200	圣迹村委会	115.954575	30.541709	0	16	38	乡镇
340881102216	晓棚村委会	116.879491	30.961759	0	18	40	乡镇
340811001001	肖坑居委会	117.077990	30.517699	1	80	95	政府机构
340881107203	联圩村委会	116.972218	30.894785	1	80	100	政府机构
340881102001	范岗居委会	116.918541	30.969770	1	80	100	政府机构
340802002001	新河居委会	117.069582	30.511832	0	30	72	乡镇
340825102215	香茗山村委会	116.443360	30.337181	0	50	73	UNKNOWN
340881104213	唐兴村委会	116.982576	30.792525	0	18	40	乡镇
340825101205	南庄村委会	116.437400	30.281201	0	30	72	村庄
340881103217	永久村委会	116.892920	30.924249	0	30	72	村庄
340827103208	大河村委会	116.799645	30.352781	0	18	66	乡镇
340825106201	天光村委会	116.062817	30.587114	0	18	40	乡镇
340825401498	花凉亭水电站虚拟社区	116.305315	30.447514	0	25	47	旅游景点
340881110207	杨头村委会	116.846904	31.051295	0	18	66	乡镇
340881100207	晴岚村委会	117.070586	31.021389	0	18	40	乡镇
340882101209	光辉村委会	116.686762	30.827351	0	16	65	乡镇
340828108205	金杨村委会	116.054904	30.870881	0	18	40	乡镇
340803001002	马山社区居民委员会	117.027290	30.505770	1	80	94	政府机构
340825105211	黄镇村委会	116.141673	30.458260	0	16	65	乡镇
340802006003	秦潭湖居委会	117.142740	30.537079	0	25	70	村庄
340881103201	新安渡村委会	116.885416	30.847329	0	25	43	乡镇
340825108209	吕河村委会	115.886628	30.649641	1	80	100	政府机构
340825202201	东升村委会	116.370450	30.345470	0	30	72	村庄
340881100211	九年村委会	117.070586	31.021389	0	18	66	乡镇
340826104209	九成村委会	116.410130	30.032800	0	25	47	乡镇
340825105207	朱河村委会	116.141673	30.458260	0	16	65	乡镇
340825100005	晋熙居委会	116.312097	30.453461	1	80	100	政府机构
340822112208	高旗村委会	116.590620	30.416964	0	25	47	乡镇
340881107215	万新村委会	116.974405	30.899440	0	18	66	乡镇
340826209205	蒲河村委会	115.972860	30.311190	0	25	70	村庄
340828101209	天台村委会	116.043056	30.742135	0	18	66	乡镇
340825107001	向阳居委会	115.940629	30.541246	1	80	100	政府机构
340825102203	惠民村委会	116.426519	30.441906	0	30	72	村庄
340882108205	前进村委会	116.465960	30.471350	0	30	72	村庄
340828111209	大山村委会	115.869150	30.769699	0	30	72	村庄
340802001007	天后宫居委会	117.046893	30.502990	0	25	70	旅游景点
340881104205	练潭村委会	116.982576	30.792525	0	18	40	乡镇
340822108202	湖滨村委会	116.714243	30.600488	0	25	70	乡镇
340881104204	长枫村委会	116.982576	30.792525	0	18	40	乡镇
340803005001	蔡山社区居民委员会	117.043930	30.526291	1	80	94	政府机构
340822108203	社塘岭村委会	116.720343	30.645824	0	30	72	村庄
340881107214	莲花村委会	116.975941	30.863659	0	30	72	村庄
340826209204	大坂村委会	115.982648	30.318451	0	30	72	村庄
340828101208	前河村委会	115.953171	30.819281	1	80	100	政府机构
340825102202	花园村委会	116.397390	30.447390	0	30	72	村庄
340882108204	龙坦村委会	116.481050	30.487895	0	20	67	乡镇
340828111208	金盆村委会	115.914098	30.742229	0	18	66	乡镇
340881100210	复东村委会	117.070586	31.021389	0	18	40	乡镇
340826104208	长湖村委会	116.404871	30.058135	1	80	100	政府机构
340825105206	西冲村委会	116.141673	30.458260	0	16	65	乡镇
340825100004	东园居委会	116.294000	30.449789	0	25	70	乡镇
340822112209	白湖村委会	116.590620	30.416964	0	25	70	乡镇
340802006002	西湖居委会	117.091000	30.511500	0	16	38	区县
340881106002	吉庆居委会	116.765922	30.888329	0	16	65	乡镇
340881103200	凤凰村委会	116.847599	30.845809	0	30	72	村庄
340803002005	四眼井社区居民委员会	117.030350	30.503310	1	80	100	政府机构
340825108208	沙河村委会	115.884560	30.656549	0	30	72	村庄
340825202200	大塘村委会	116.357600	30.354389	0	30	72	村庄
340881110206	石窑村委会	116.846904	31.051295	0	18	66	乡镇
340881100206	红庙村委会	117.055480	31.040540	0	30	72	村庄
340802005004	荷花塘居委会	117.042740	30.510152	0	50	72	乡镇
340882101208	三河村委会	116.272337	31.011572	1	80	100	政府机构
340828108204	凉亭村委会	116.005295	30.802677	1	80	100	政府机构
340825105210	锦鸡村委会	116.173104	30.455011	1	80	100	政府机构
340803001003	腊树园社区居民委员	117.027290	30.505770	1	80	94	政府机构
340871100001	老峰居委会	117.166882	30.540436	0	50	82	UNKNOWN
340803100209	昌宁村民委员会	116.899519	30.454130	0	18	49	乡镇
340881103216	新城村委会	116.899970	30.884189	0	30	72	村庄
340825106200	羊河村委会	116.062817	30.587114	0	18	40	乡镇
340825101204	创业村委会	116.387680	30.260191	0	30	72	村庄
340881107202	玉咀村委会	116.974405	30.899440	0	18	40	乡镇
340825102214	牌楼村委会	116.381930	30.354151	0	30	72	村庄
340825107201	安乐村委会	115.936995	30.569820	1	80	100	政府机构
340881102217	联合村委会	116.833331	31.024055	1	80	100	政府机构
340825104211	义安村委会	116.244760	30.566477	0	16	65	乡镇
340828109205	响山村委会	116.178621	30.801207	0	18	66	乡镇
340825200207	东湖村委会	116.476445	30.224350	0	30	72	村庄
340882100209	利民村委会	116.583210	30.616130	0	30	72	村庄
340802004005	东正居委会	117.056304	30.502085	0	40	72	乡镇
340881101207	新店村委会	117.081840	31.138359	0	30	72	村庄
340802003001	永胜居委会	117.056630	30.509832	0	50	72	乡镇
340881106203	三畈村委会	116.765922	30.888329	0	16	38	乡镇
340825100205	梅河村委会	116.294000	30.449789	0	25	55	乡镇
340826400403	黄湖社区	116.129000	30.153800	0	14	37	区县
340881105213	甑山村委会	117.026550	31.190120	0	18	40	乡镇
340882109205	陆河村委会	116.651770	30.937049	0	30	72	村庄
340825103203	中心村委会	116.429821	30.512289	0	30	72	村庄
340826208205	燃灯村委会	116.080470	30.335767	0	18	40	乡镇
340881106215	尧天村委会	116.765922	30.888329	0	16	38	乡镇
340825204205	栗树村委会	116.353463	30.642962	1	80	100	政府机构
340822109202	受泉村委会	116.646547	30.614005	0	18	40	乡镇
340825100213	芭蕉村委会	116.294000	30.449789	0	25	70	乡镇
340881105205	旵冲村委会	117.002150	31.239110	0	30	58	村庄
340825203201	朱湾村委会	116.136690	30.581491	0	25	70	乡镇
340811001201	九塘村委会	117.077990	30.517699	1	80	97	政府机构
340881102201	新西村委会	116.886880	30.975129	0	30	72	村庄
340822103208	郑河村委会	116.804250	30.798850	0	30	72	村庄
340822113208	长安村委会	116.870800	30.560911	0	30	72	村庄
340825104207	麒林村委会	116.244760	30.566477	0	16	38	乡镇
340881101211	横店村委会	117.108007	31.170661	1	80	100	政府机构
340881109206	蒋潭村委会	116.749766	31.009523	0	18	40	乡镇
340826103200	白云村委会	116.423101	30.125289	0	30	72	村庄
340826106002	振兴社区居委会	116.135569	30.271809	0	18	66	乡镇
340822100003	新山居委会	116.843834	30.717792	0	18	66	乡镇
340822105201	同形村委会	116.869718	30.676814	0	18	66	乡镇
340828111204	司空山村委会	115.914098	30.742229	0	18	66	乡镇
340827107207	桃岭村委会	116.753134	30.205640	0	16	65	乡镇
340882202200	杜埠村委会	116.526375	30.768613	0	18	40	村庄
340828101204	徐良村委会	116.001097	30.758854	1	80	100	政府机构
340826204206	小瓜村委会	116.332690	29.868461	0	30	58	UNKNOWN
340881104208	福华村委会	116.982576	30.792525	0	18	40	乡镇
340882100004	彰法山社区	116.570153	30.640444	0	50	100	UNKNOWN
340881003210	凤形村委会	116.771565	30.850758	1	80	100	政府机构
340882105206	中畈村委会	116.604869	30.648256	1	80	100	政府机构
340827200201	太华村委会	116.606820	30.199070	0	25	47	村庄
340826203202	千岭村委会	116.233217	30.038661	0	18	66	乡镇
340882102202	松岭村委会	116.635338	30.724676	0	18	66	乡镇
340822101215	五一村委会	116.685148	30.404236	0	18	66	乡镇
340825108204	罗山村委会	115.851860	30.675260	0	30	72	村庄
340822200001	凉亭居委会	116.949969	30.717469	1	80	100	政府机构
340826104204	望墩村委会	116.410130	30.032800	0	25	47	乡镇
340822102205	大桥村委会	116.908880	30.608140	0	30	72	村庄
340882101212	杨泗村委会	116.686762	30.827351	0	16	65	乡镇
340827105001	鸦滩社区居委会	116.546568	30.324661	0	18	66	乡镇
340822112205	烟墩村委会	116.555347	30.438967	0	30	72	村庄
340825100008	龙山居委会	116.294000	30.449789	0	25	70	乡镇
340828106200	后山村委会	116.300140	30.935399	0	30	72	村庄
340826107202	柳溪村委会	116.221367	30.360925	1	80	100	政府机构
340803100205	红星村民委员会	116.909400	30.481670	0	30	72	村庄
340828105206	南庄村委会	115.921213	30.790797	1	80	100	政府机构
340828100004	城北居委会	116.358233	30.849578	1	80	100	政府机构
340822111203	鸣凤村委会	116.669004	30.440984	0	25	70	乡镇
340825108212	吴俊村委会	115.849103	30.670038	0	16	38	乡镇
340827103205	万全村委会	116.799645	30.352781	0	18	66	乡镇
340822101203	彭星村委会	116.685148	30.404236	0	18	40	乡镇
340822104001	七里居委会	116.890906	30.772170	0	18	66	乡镇
340826200204	社坛村委会	116.328761	30.308304	1	80	100	政府机构
340826210204	团林村委会	116.136477	30.369095	0	18	66	村庄
340827201001	青草湖社区居委会	116.872317	30.217742	0	16	47	村庄
340811200204	龙华村委会	117.144520	30.604480	0	30	72	村庄
340828202200	同心村委会	116.184510	30.995550	0	30	72	村庄
340882101204	东红村委会	116.729500	30.819470	0	30	72	村庄
340826207200	广福村委会	116.023530	30.334461	0	30	72	村庄
340822201201	横塘村委会	116.877030	30.611870	0	30	72	村庄
340827107211	清平村委会	116.770590	30.242269	0	30	72	村庄
340828205204	柳畈村委会	116.212795	30.775031	1	80	100	政府机构
340882106200	水吼村委会	116.405515	30.685006	1	80	100	政府机构
340826204210	泗洲村委会	116.306193	29.826190	1	80	100	政府机构
340803400498	开发区虚拟居委会	117.007980	30.523985	0	30	72	乡镇
340825101208	西平村委会	116.389954	30.282746	0	18	66	乡镇
340828102202	花墩村委会	116.167620	30.890969	0	30	72	村庄
340828112202	门楼村委会	116.333340	31.068380	0	30	72	村庄
340827104201	童岭村委会	116.715739	30.318142	0	18	66	乡镇
340882105210	木岗村委会	116.566830	30.849221	0	25	70	乡镇
340822106207	永兴村委会	116.706400	30.700979	0	30	72	村庄
340828203201	石佛村委会	116.134520	31.083500	0	30	72	村庄
340881401212	三友村委会	116.910490	30.819690	0	25	70	乡镇
340882100205	彭岭村委会	116.380023	30.959340	1	80	100	政府机构
340822103212	磨塘村委会	116.769579	30.760157	0	25	70	乡镇
340828109209	茅山村委会	116.167550	30.804939	0	30	72	村庄
340803500502	红旗分场	116.773392	30.420860	0	18	66	乡镇
340882110205	天寺村委会	116.463988	30.702782	0	18	40	乡镇
340826211205	四利村委会	116.231788	30.277815	0	18	35	村庄
340826201205	程岭村委会	116.279059	30.182932	0	18	66	村庄
340822100202	平安村委会	116.890770	30.711009	0	30	72	村庄
340882103215	新发村委会	116.609510	30.534300	0	30	72	村庄
340827102204	幸福村委会	116.824990	30.366550	0	30	72	村庄
340822110202	金河村委会	116.677763	30.555577	0	30	72	村庄
340826103001	许岭社区居委会	116.336389	30.131178	0	30	72	村庄
340826106203	永丰村委会	116.098790	30.266300	0	30	72	村庄
340882104211	鲍岭村委会	116.492171	30.564323	0	18	66	乡镇
340822102004	皖西社区居委会	116.933725	30.600730	0	18	66	乡镇
340881002207	汪洋村委会	116.932171	31.003912	0	25	70	乡镇
340822107206	蒋岭村委会	116.776098	30.601800	0	18	66	乡镇
340828113203	斗水村委会	116.289214	30.823452	0	18	66	乡镇
340827100002	新西社区居委会	116.675381	30.128382	1	80	100	政府机构
340827105200	码头村委会	116.546568	30.324661	0	18	66	乡镇
340811101207	螺山村委会	117.084942	30.662665	0	18	66	乡镇
340825100209	晋阳村委会	116.294000	30.449789	0	25	47	乡镇
340882200207	杏花村委会	116.584370	30.948300	0	30	72	餐饮
340828103203	溪沸村委会	116.291138	30.721711	0	18	40	乡镇
340826205211	渔雁村委会	116.114290	30.059649	0	25	47	村庄
340882107201	官庄村委会	116.615682	31.013382	0	30	72	村庄
340827106210	银杏村委会	116.562073	30.274988	0	30	72	村庄
340802200003	长青居委会	117.119146	30.514731	0	25	70	乡镇
340822200200	源潭铺村委会	116.960622	30.735108	0	25	43	乡镇
340871001010	天宝居委会	117.055572	30.546485	1	80	97	UNKNOWN
340826206201	罗汉山村委会	115.920663	30.374430	0	18	66	村庄
340822203206	温桥村委会	116.744900	30.541876	0	20	67	村庄
340827201200	雷池村委会	116.872317	30.217742	0	16	38	村庄
340827100014	古港社区居委会	116.679131	30.125065	0	16	47	乡镇
340811200005	大枫居委会	117.130400	30.602009	0	30	72	UNKNOWN
340882101005	三妙居委会	116.696835	30.752935	1	80	97	UNKNOWN
340828207203	石关村委会	116.397093	30.953697	1	80	100	政府机构
340882104207	桃铺村委会	116.492171	30.564323	0	18	66	乡镇
340826205207	梅园村委会	116.114290	30.059649	0	25	55	村庄
340881105209	百岭村委会	117.026550	31.190120	0	18	66	乡镇
340882203201	求知村委会	116.488655	30.631133	0	20	41	村庄
340811102201	黄梅村委会	117.041337	30.703636	0	60	72	乡镇
340822114200	江家嘴民族村村委会	116.774216	30.478164	0	18	49	乡镇
340822111002	猫山居委会	116.669004	30.440984	0	25	55	乡镇
340828110205	余畈村委会	116.472825	31.025858	0	18	66	乡镇
340827106206	太白村委会	116.534308	30.214961	0	16	65	乡镇
340822101002	龙头居委会	116.685148	30.404236	0	18	66	乡镇
340881001201	东郊村委会	116.981250	31.052981	0	30	72	村庄
340822104200	里仁村委会	116.890906	30.772170	0	18	66	乡镇
340881106219	铜锣村委会	116.723420	30.909929	0	30	72	村庄
340826102201	龙潭村委会	116.316361	29.851428	1	80	100	政府机构
340871001006	同安居委会	117.055572	30.546485	1	80	97	UNKNOWN
340826208209	清河村委会	116.055220	30.320289	0	30	72	村庄
340881108207	渔业村委会	117.071077	30.857213	0	18	66	乡镇
340882204205	新田村委会	116.267970	30.670461	0	30	72	村庄
340828107201	新浒村委会	116.346473	30.773267	0	18	40	乡镇
340828400498	安徽岳西县经济开发区虚拟社区	116.315549	30.867925	0	25	70	乡镇
340811100007	永安居委会	117.007176	30.603678	0	20	67	乡镇
340822113204	三岭村委会	116.843539	30.525587	0	18	66	乡镇
340827101202	丰乐村委会	116.646081	30.101407	1	80	100	政府机构
340822103204	育儿村委会	116.769579	30.760157	0	25	47	乡镇
340881003007	王墩社区居委会	116.899745	31.102018	0	18	66	乡镇
340881103220	香山村委会	116.869890	30.882881	0	30	72	村庄
340826100007	玉龙社区居委会	116.098372	30.181887	0	18	66	乡镇
340826105205	铜铃村委会	116.055284	30.253721	0	18	40	乡镇
340803500001	双河镇居委会	116.773392	30.420860	0	18	49	乡镇
340822204202	郝山村委会	116.558579	30.387724	0	18	40	村庄
340802201203	将军村委会	117.200683	30.615350	0	18	49	村庄
340825109205	大竹村委会	115.960100	30.668060	0	25	70	乡镇
340882103203	红光村委会	116.598086	30.525023	0	18	66	乡镇
340822100214	双牧村委会	116.843834	30.717792	0	18	40	乡镇
340826202203	杨茂村委会	116.244622	30.125888	0	18	40	村庄
340826212203	牌楼村委会	116.179350	30.147320	0	30	72	村庄
