341126106206	林山村委会	117.455425	32.753818	0	30	72	村庄
341103101201	油坊村委会	118.269982	32.439252	1	80	100	政府机构
341181109002	长兴社区居委会	119.015687	32.575483	0	18	66	乡镇
341122100207	孙桥村委会	118.365040	32.482311	0	30	72	村庄
341182103210	涝口村委会	118.386990	32.656829	0	25	47	乡镇
341122110207	长山村委会	118.509890	32.551149	0	30	72	村庄
341126105216	陈圩村委会	117.391106	32.786630	1	80	100	政府机构
341126201200	蒋集村委会	117.729119	32.972579	0	18	66	村庄
341182100200	张八岭村委会	118.263888	32.551051	0	16	65	乡镇
341126100501	凤阳县江山苗圃场	117.576658	32.885739	0	16	47	乡镇
341182110200	范庄村委会	118.053807	32.994790	1	80	100	政府机构
341124109205	孙家村委会	118.150060	32.065657	0	16	65	乡镇
341126102212	后庄村委会	117.294597	32.677164	0	30	72	村庄
341182107204	宝龙村委会	117.860320	32.891699	0	30	72	村庄
341125101221	黄庙村委会	117.232670	32.545228	0	16	65	乡镇
341126101202	姚湾村委会	117.617637	32.921218	1	80	100	政府机构
341126111202	草塘村委会	117.819230	32.888821	0	25	55	乡镇
341181002202	祝涧村委会	119.023910	32.682931	1	80	94	政府机构
341122107203	练山村委会	118.439601	32.538005	0	18	40	乡镇
341182200202	安全村委会	118.206340	33.198060	0	30	72	村庄
341126112204	北夏村委会	117.835860	32.805924	0	16	33	乡镇
341181108202	掌鼓村委会	119.152210	32.684703	0	16	38	乡镇
341126102204	搬井村委会	117.315385	32.687063	0	18	49	乡镇
341103100001	乌衣社区	118.433112	32.182648	0	16	65	乡镇
341122203203	余庄村委会	118.446365	32.644906	1	80	100	政府机构
341182104202	鲁峰村委会	118.250077	32.787080	0	16	38	乡镇
341181102208	焦涧村委会	119.158478	32.604193	0	25	47	乡镇
341181112208	李坡村委会	118.872442	32.619875	0	18	66	乡镇
341126106210	林桥村委会	117.589790	32.788101	0	30	72	村庄
341125100021	东顾居委会	117.648537	32.557300	0	16	47	乡镇
341182103206	寨山村委会	118.386610	32.680569	0	30	72	村庄
341126110002	二铺社区居委会	117.728395	32.852619	0	18	49	乡镇
341126100002	府西社区居委会	117.576658	32.885739	0	16	65	乡镇
341126105200	士敏村委会	117.338580	32.792621	0	25	47	乡镇
341103102207	常山村委会	117.949413	32.280318	0	16	65	乡镇
341122103201	文山村委会	118.651240	32.237930	0	30	72	村庄
341182105203	东贾村委会	118.194967	32.643831	1	80	100	政府机构
341182110001	潘村社区居委会	118.151510	33.094649	0	30	72	村庄
341126100215	圩山村委会	117.576658	32.885739	0	16	65	乡镇
341126201001	黄湾社区居委会	117.729119	32.972579	0	18	49	村庄
341122100006	高郢社区居委会	118.431357	32.430395	1	80	95	地产小区
341122105204	陈官村委会	118.630582	32.351635	0	18	40	乡镇
341126103205	盘龙村委会	117.276405	32.767436	0	18	66	乡镇
341103104202	陈王村委会	118.156233	32.369986	0	18	66	乡镇
341181109203	福胜村委会	119.015687	32.575483	0	18	40	乡镇
341126113205	黄咀村委会	117.817346	33.010825	0	18	66	乡镇
341102400498	安徽滁州琅琊经济开发区虚拟社区	118.306000	32.294601	0	18	40	区县
341122102200	西王村委会	118.538873	32.292050	1	80	100	政府机构
341181002003	园林社区居委会	119.023910	32.682931	1	80	97	政府机构
341103106004	万桥社区	118.281881	32.220952	0	18	66	乡镇
341126101003	车站社区居委会	117.677868	32.880693	0	18	66	乡镇
341126104201	官塘村委会	117.226070	32.698331	0	30	72	村庄
341124101208	蔡集村委会	117.995629	31.915194	0	18	66	乡镇
341125108201	连江村委会	117.620546	32.281989	0	25	70	乡镇
341122101210	何郢村委会	118.624179	32.635907	1	80	100	政府机构
341181103209	齐庙村委会	118.844905	32.854136	1	80	100	政府机构
341182111201	桃溪村委会	118.108354	33.131017	0	18	66	乡镇
341182101201	郑岗村委会	117.974352	32.505222	1	80	100	政府机构
341125400002	方井王社区居委会	117.704469	32.513101	0	30	72	餐饮
341125106209	大谢村委会	117.932206	32.402688	0	18	66	乡镇
341122101206	小山村委会	118.533010	32.666940	0	30	72	餐饮
341181108003	芦龙社区居委会	119.076028	32.650877	1	80	100	政府机构
341171001202	大王村委会	118.409244	32.312054	1	80	100	政府机构
341126107207	沙涧村委会	117.641398	32.682240	0	18	40	乡镇
341103100200	柯湖村委会	118.433112	32.182648	0	16	38	乡镇
341122106202	张储村委会	118.560637	32.476188	0	18	40	乡镇
341124100008	襄河居委会	118.305114	32.075736	0	50	82	UNKNOWN
341126110203	水平村委会	117.728814	32.929034	1	80	100	政府机构
341126100203	四湾村委会	117.576658	32.885739	0	16	65	乡镇
341103107204	龙蟠村委会	118.244760	32.253031	0	30	72	村庄
341126105001	刘府社区居委会	117.338580	32.792621	0	25	55	乡镇
341182106205	潘庄村委会	118.119997	32.917932	1	80	100	政府机构
341122100010	七里社区居委会	118.373207	32.505872	0	18	66	乡镇
341125109001	界牌居委会	117.867692	32.289134	0	18	66	乡镇
341124108204	罗塘村委会	117.973547	32.162615	0	16	65	乡镇
341181101202	双园村委会	118.801620	32.673000	0	30	72	村庄
341181111202	八墩村委会	118.827293	32.740025	1	80	100	政府机构
341126400001	新城社区居委会	117.535070	32.911026	0	25	70	乡镇
341125200202	官桥村委会	117.671430	32.444769	0	30	72	村庄
341182001006	市府社区居委会	117.992360	32.777588	1	80	97	政府机构
341182004204	东潘村委会	117.947797	32.849427	1	80	95	政府机构
341126108214	马庙村委会	117.731066	32.757837	0	16	65	乡镇
341124103203	二郎村委会	118.136386	31.936987	0	16	65	乡镇
341125107204	半面店村委会	117.927490	32.537660	0	30	58	餐饮
341182003200	横山村委会	118.019560	32.671146	1	80	95	政府机构
341125105002	南杨居委会	117.635348	32.372528	0	16	65	乡镇
341125110200	回民村委会	117.765856	32.398770	0	18	40	乡镇
341181106206	益民村委会	119.077472	32.538880	0	18	66	乡镇
341181103004	便益社区居委会	118.882355	32.806384	0	16	38	乡镇
341126109002	梅市社区居委会	117.837651	32.688527	0	18	49	乡镇
341102003004	鼓楼街社区居委会	118.307597	32.314756	1	80	97	政府机构
341126100223	岗集村委会	117.576658	32.885739	0	16	65	乡镇
341124109209	大张村委会	118.159565	32.008441	1	80	100	政府机构
341125103210	南周村委会	117.501690	32.297663	1	80	100	政府机构
341182107208	汉塘村委会	117.856980	32.967559	0	30	72	村庄
341102010002	城关社区居委会	118.303704	32.325369	1	80	100	政府机构
341181105200	陆营村委会	118.879585	32.686090	0	18	66	乡镇
341181100002	龙岗社区居委会	118.939250	32.887019	0	25	70	乡镇
341125201002	高塘居委会	118.022832	32.572431	0	18	66	村庄
341125204200	岗镇村委会	117.687169	32.296507	0	18	40	乡镇
341126102208	於陆村委会	117.315385	32.687063	0	18	40	乡镇
341181500400	大圹圩第一社区居委会	119.095338	32.741094	1	80	97	UNKNOWN
341126112208	前洪村委会	117.893349	32.775652	1	80	100	政府机构
341124107201	陈浅村委会	118.356118	32.132161	0	16	38	乡镇
341125113206	河北村委会	117.881750	32.427541	0	30	72	村庄
341125103206	陈集村委会	117.492837	32.362923	0	16	65	乡镇
341182109200	古沛村委会	118.016139	32.969764	0	18	40	乡镇
341124100205	邱唐村委会	118.278720	32.071129	0	25	47	乡镇
341125104202	大户刘村委会	117.676779	32.480136	1	80	100	政府机构
341172002207	赵郢村委会	118.394770	32.350939	0	30	72	村庄
341181112204	新街村委会	118.839810	32.630341	0	30	72	村庄
341126108202	天津铺村委会	117.731066	32.757837	0	16	33	乡镇
341102007006	永阳社区居委会	118.345080	32.317470	1	80	97	政府机构
341181102204	联合村委会	119.167450	32.623799	0	30	72	村庄
341182001010	黄郢社区居委会	117.992360	32.777588	1	80	97	政府机构
341125203204	孙集村委会	117.347210	32.468421	0	30	72	村庄
341181002023	长泰社区居委会	119.023910	32.682931	1	80	95	政府机构
341103003001	新建社区	118.340990	32.256899	1	80	97	政府机构
341182108201	冯郢村委会	118.150845	32.898578	1	80	100	政府机构
341125102207	康华村委会	117.421774	32.579569	0	16	65	乡镇
341122105208	高场村委会	118.672649	32.342828	1	80	100	政府机构
341125112207	东兴村委会	117.535210	32.562291	0	25	70	乡镇
341182001207	严岗村委会	117.992360	32.777588	1	80	97	政府机构
341124106200	石沛村委会	118.146437	32.160839	0	18	40	乡镇
341126103209	考东村委会	117.276405	32.767436	0	18	40	乡镇
341122108206	天涧村委会	118.436000	32.452101	0	14	32	区县
341125205201	宋府村委会	117.715326	32.629748	0	18	40	村庄
341181101003	釜山社区居委会	118.753043	32.660849	0	18	49	乡镇
341124100012	城南居委会	118.278720	32.071129	0	25	70	乡镇
341102001003	建设路社区居委会	118.322491	32.307630	1	80	97	政府机构
341124105210	卧龙村委会	118.036407	32.023093	0	18	66	乡镇
341126100219	墙西村委会	117.576658	32.885739	0	16	38	乡镇
341126102224	赵拐村委会	117.315385	32.687063	0	18	66	乡镇
341125106213	朱集村委会	117.811238	32.377035	1	80	100	政府机构
341125202205	三塘村委会	117.338894	32.615678	0	18	66	村庄
341126109203	七里村委会	117.837651	32.688527	0	18	66	乡镇
341102006007	来安路社区居委会	118.315560	32.288365	1	80	95	政府机构
341125105203	管李村委会	117.635348	32.372528	0	16	38	乡镇
341125100001	三里桥居委会	117.698738	32.522178	1	80	100	政府机构
341125110001	仓镇居委会	117.765856	32.398770	0	18	66	乡镇
341181100215	五灯村委会	118.939250	32.887019	0	25	43	乡镇
341124101204	晋集村委会	117.995629	31.915194	0	18	40	乡镇
341125106205	大杨村委会	117.388503	32.403803	1	80	100	政府机构
341124102202	刘兴村委会	117.947190	32.018521	0	25	47	乡镇
341125201203	林业村委会	118.022832	32.572431	0	18	66	村庄
341181002019	永安社区居委会	119.023910	32.682931	1	80	97	政府机构
341125105215	杨店村委会	117.635348	32.372528	0	16	65	乡镇
341102010203	胡桥村民委员会	118.298600	32.329511	1	80	95	政府机构
341181110203	施庄村委会	119.121832	32.645418	1	80	100	政府机构
341102005001	东后街社区居委会	118.310164	32.318321	1	80	100	政府机构
341181105001	石街社区居委会	118.879585	32.686090	0	18	66	乡镇
341181100203	联圩村委会	118.939250	32.887019	0	25	70	乡镇
341125102211	黄圩村委会	117.503430	32.580680	0	30	72	村庄
341124108208	马塘村委会	117.897990	32.061510	0	30	72	村庄
341125111201	山岗村委会	117.954610	32.626731	0	30	72	村庄
341103107208	明张村委会	118.155645	32.261618	0	16	65	乡镇
341124105206	方岗村委会	118.137405	32.246927	1	80	100	政府机构
341124100004	笔峰居委会	118.278720	32.071129	0	25	55	乡镇
341182002201	魏岗村委会	118.077357	32.784727	1	80	100	政府机构
341125111200	三和回民村委会	117.933090	32.642350	0	25	47	乡镇
341125114002	卜店居委会	117.463498	32.271272	0	18	66	乡镇
341103107209	大林村委会	118.023650	32.275410	0	30	72	村庄
341124105207	新安村委会	118.034920	31.962569	0	30	72	村庄
341124100005	屏山居委会	118.262945	32.083899	1	80	100	政府机构
341125112210	下合村委会	117.535210	32.562291	0	25	70	乡镇
341125102210	靠山村委会	117.401446	32.614040	1	80	100	政府机构
341126108002	黄泥铺社区居委会	117.731066	32.757837	0	16	47	乡镇
341181102004	寿昌社区居委会	119.158478	32.604193	0	25	55	乡镇
341172002400	滁州市经济技术开发区城东工业园	118.361525	32.315907	1	70	100	工业园区
341125201202	庄阳村委会	118.022832	32.572431	0	18	40	村庄
341125100016	南塘居委会	117.648537	32.557300	0	16	65	乡镇
341125105214	马桥村委会	117.705470	32.386101	0	30	72	村庄
341102010202	山林村民委员会	118.298600	32.329511	1	80	95	政府机构
341181110202	长安村委会	118.927230	32.575250	0	30	72	村庄
341181100202	八面村委会	118.951949	32.845691	1	80	100	政府机构
341125106204	冉周村委会	117.906880	32.377757	1	80	100	政府机构
341124107001	十字居委会	118.356118	32.132161	0	16	65	乡镇
341102006010	凤阳路社区居委会	118.315560	32.288365	1	80	97	政府机构
341124102203	大墅村委会	117.947190	32.018521	0	25	47	乡镇
341181100214	桑元村委会	118.899607	32.922450	0	30	72	村庄
341124101205	石溪村委会	117.891780	31.949001	0	30	72	村庄
341125106212	祠山村委会	117.932206	32.402688	0	18	66	乡镇
341125202204	绿化村委会	117.335780	32.622571	0	30	72	村庄
341181103204	刘跳村委会	118.882355	32.806384	0	16	65	乡镇
341102006006	创业北路社区居委会	118.315560	32.288365	1	80	95	政府机构
341126109202	岗代村委会	117.837651	32.688527	0	18	40	乡镇
341122108207	伏湾村委会	118.395081	32.263208	1	80	100	政府机构
341125205200	范岗村委会	117.728211	32.588081	1	80	100	政府机构
341181104200	桥南村委会	119.093114	32.811783	0	16	38	乡镇
341181101002	汊涧社区居委会	118.772619	32.677733	1	80	95	地产小区
341124100013	传塘居委会	118.292630	32.111890	0	30	72	村庄
341102001002	花园街社区居委会	118.322491	32.307630	1	80	97	政府机构
341181111002	平安社区居委会	118.790830	32.784911	0	18	66	乡镇
341126100218	卫前村委会	117.576658	32.885739	0	16	65	乡镇
341182108200	荷花村委会	118.173702	32.957610	0	18	66	乡镇
341172001001	兰天社区居委会	118.329426	32.281283	1	80	100	政府机构
341125102206	拂光村委会	117.421774	32.579569	0	16	38	乡镇
341126108501	凤阳县两杂场	117.648220	32.747021	1	80	100	UNKNOWN
341125112206	高潮村委会	117.491270	32.558249	0	30	72	村庄
341182001206	映山村委会	117.992360	32.777588	1	80	94	政府机构
341124106201	大季村委会	118.211131	32.134578	1	80	100	政府机构
341126103208	考西村委会	117.276405	32.767436	0	18	40	乡镇
341181112205	丰阳村委会	118.872442	32.619875	0	18	66	乡镇
341102007007	滁阳社区居委会	118.345080	32.317470	1	80	97	政府机构
341126108203	姜庙村委会	117.731066	32.757837	0	16	65	乡镇
341182001011	戴湾社区居委会	117.992360	32.777588	1	80	95	政府机构
341181102205	牧马湖村委会	119.190840	32.648320	0	30	72	村庄
341125203205	前黄村委会	117.393270	32.493840	0	30	72	村庄
341181002022	天一社区居委会	119.023910	32.682931	1	80	97	政府机构
341124100204	长安村委会	118.248559	32.129388	0	30	72	村庄
341182002001	新塘社区居民委员会	118.039327	32.798044	0	18	35	乡镇
341172002206	上庄村委会	118.317503	32.441415	1	80	100	政府机构
341125101001	人民路社区居委会	117.233910	32.547570	0	50	82	道路
341126102209	山王村委会	117.271497	32.708151	1	80	100	政府机构
341181500401	大圹圩第二社区居委会	119.095338	32.741094	1	80	97	UNKNOWN
341126112209	前缪村委会	117.835860	32.805924	0	16	38	乡镇
341124107200	汊河村委会	118.356118	32.132161	0	16	38	乡镇
341124102002	章辉居委会	117.947190	32.018521	0	25	70	乡镇
341125113207	河西村委会	117.906700	32.463279	0	30	72	村庄
341126109500	安徽省国营管店林生活区	117.837651	32.688527	0	18	35	乡镇
341125103207	上李村委会	117.411918	32.430214	1	80	100	政府机构
341182109201	耿庄村委会	118.106059	32.917293	1	80	100	政府机构
341102010003	城郊社区居委会	118.298600	32.329511	1	80	97	政府机构
341181105201	周营村委会	118.879585	32.686090	0	18	66	乡镇
341181100003	东风社区居委会	118.939250	32.887019	0	25	70	乡镇
341125204201	中汤村委会	117.685055	32.296206	1	80	100	政府机构
341122109206	曲涧村委会	118.436000	32.452101	0	14	32	区县
341181106207	芦柴村委会	119.077472	32.538880	0	18	40	乡镇
341181103005	坝田社区居委会	118.902280	32.828431	0	30	72	村庄
341182001400	工业园区社区	117.992360	32.777588	1	80	95	政府机构
341124109208	白酒村委会	118.187064	32.060682	1	80	100	政府机构
341126100222	齐涧村委会	117.576658	32.885739	0	16	38	乡镇
341125103211	齐岗村委会	117.492837	32.362923	0	16	38	乡镇
341182003201	坝西村委会	118.019560	32.671146	1	80	97	政府机构
341125105003	陈户居委会	117.635348	32.372528	0	16	47	乡镇
341125110201	仓北村委会	117.765856	32.398770	0	18	49	乡镇
341182001007	中心路社区居委会	117.992360	32.777588	1	80	97	政府机构
341182004205	后薛村委会	117.947797	32.849427	1	80	97	政府机构
341126108215	官塘村委会	117.733310	32.804359	0	30	72	村庄
341124103202	项集村委会	118.136386	31.936987	0	16	65	乡镇
341182108001	明珠社区居委会	118.173702	32.957610	0	18	66	乡镇
341181104001	杨村社区居委会	119.093114	32.811783	0	16	47	乡镇
341181101203	郜山村委会	118.745995	32.668158	1	80	100	政府机构
341181111203	竹园村委会	118.759070	32.763759	0	30	72	村庄
341172002210	林楼村委会	118.370292	32.293390	1	80	67	工业园区
341125200203	红岗村委会	117.674938	32.448008	0	18	66	村庄
341125100221	回民村委会	117.648537	32.557300	0	16	38	乡镇
341182106204	牛郢村委会	118.070071	32.899252	1	80	100	政府机构
341122100011	红桥社区居委会	118.444006	32.416484	1	80	100	政府机构
341124108205	华光村委会	117.973547	32.162615	0	16	65	乡镇
341122103001	金港湾居民委员会	118.585537	32.241031	0	18	40	乡镇
341122106203	南沛村委会	118.560637	32.476188	0	18	35	乡镇
341124100009	江海居委会	118.278720	32.071129	0	25	55	乡镇
341126110202	周良村委会	117.728395	32.852619	0	18	40	乡镇
341103107205	丰山村委会	118.194430	32.291510	0	30	72	村庄
341126100202	五里庙村委会	117.576658	32.885739	0	16	65	乡镇
341125106208	崇山村委会	117.932206	32.402688	0	18	66	乡镇
341122101207	宝塔村委会	118.588277	32.675224	0	25	70	乡镇
341181108002	界牌社区居委会	119.152210	32.684703	0	16	65	乡镇
341103100201	法华村委会	118.433112	32.182648	0	16	65	乡镇
341171001203	荇塘村委会	118.416665	32.308358	0	60	50	工业园区
341126107206	白云村委会	117.644847	32.681268	0	30	72	村庄
341182111200	柳巷村委会	118.137411	33.159903	0	30	72	村庄
341182101200	梅郢村委会	118.088013	32.763372	1	80	100	政府机构
341181002014	千秋社区居委会	119.023910	32.682931	1	80	97	政府机构
341122107500	复兴林场	118.405460	32.586800	1	80	100	UNKNOWN
341125400003	马桥社区居委会	117.706028	32.510015	0	30	72	乡镇
341125202208	凉亭村民委员会	117.320280	32.635992	0	25	70	旅游景点
341122101211	大余郢村委会	118.562133	32.636070	1	80	100	政府机构
341103105500	大柳种羊场	118.102060	32.375529	1	80	100	UNKNOWN
341122100400	安徽来安经济开发区	118.423743	32.416784	1	80	100	工业园区
341126107210	卸店村委会	117.641398	32.682240	0	18	40	乡镇
341181103208	街南村委会	118.882355	32.806384	0	16	65	乡镇
341122102201	拥巷村委会	118.533560	32.330180	0	25	55	道路
341181002002	同心社区居委会	119.023910	32.682931	1	80	97	政府机构
341126101002	马滩社区居委会	117.644917	32.906776	1	80	97	UNKNOWN
341126104200	山西村委会	117.250582	32.684994	1	80	100	政府机构
341122203500	宝山林场	118.461820	32.710989	1	80	100	UNKNOWN
341124101209	再安村委会	117.995629	31.915194	0	18	40	乡镇
341122100007	东门社区居委会	118.373207	32.505872	0	18	66	乡镇
341122105205	埝塘村委会	118.630582	32.351635	0	18	40	乡镇
341103104203	广卫村委会	118.156233	32.369986	0	18	66	乡镇
341126103204	蒋村村委会	117.249653	32.774296	1	80	100	政府机构
341103101001	沙河社区	118.260668	32.423733	1	80	100	地产小区
341181109202	张巷村委会	119.000320	32.554409	0	30	72	村庄
341126113204	牌坊村委会	117.817346	33.010825	0	18	49	乡镇
341182105202	铁山村委会	118.136400	32.832710	0	30	72	村庄
341126110214	安乐村委会	117.728395	32.852619	0	18	66	乡镇
341126110003	岗子社区居委会	117.728395	32.852619	0	18	66	乡镇
341126100003	府北社区居委会	117.555249	32.866640	1	80	100	政府机构
341103102206	太平村委会	118.280881	32.348414	1	80	100	政府机构
341126105201	光明村委会	117.392590	32.685231	0	30	72	村庄
341122103200	唐桥村委会	118.635953	32.259480	1	80	100	政府机构
341181102209	白马村委会	119.148007	32.611506	1	80	100	政府机构
341125100020	定东居委会	117.648537	32.557300	0	16	47	乡镇
341182103207	尖山村委会	118.285080	32.686809	0	30	72	村庄
341125109201	徐小村委会	117.867692	32.289134	0	18	66	乡镇
341122203202	静波村委会	118.467300	32.625700	0	30	72	村庄
341182101001	三界社区居委会	118.126719	32.574611	0	25	55	乡镇
341182104203	祝岗村委会	118.250077	32.787080	0	16	65	乡镇
341126112205	金庄村委会	117.896918	32.767982	1	80	100	政府机构
341181108203	陶庄村委会	119.104770	32.638625	1	80	100	政府机构
341103105202	华严庵村委会	118.043276	32.394905	0	16	65	乡镇
341126102205	南场村委会	117.292360	32.721051	0	30	72	UNKNOWN
341122104204	五岔村委会	118.615932	32.300973	0	18	66	乡镇
341103106204	姑塘村委会	118.281881	32.220952	0	18	66	乡镇
341126101203	临淮村委会	117.677868	32.880693	0	18	40	乡镇
341126104001	光华社区居委会	117.209937	32.670185	0	18	66	乡镇
341126111203	二郎村委会	117.819230	32.888821	0	25	70	乡镇
341122107202	石固村委会	118.488660	32.568918	1	80	100	政府机构
341181002203	长亭村委会	119.023910	32.682931	1	80	95	政府机构
341182200203	高秦村委会	118.187726	33.186985	0	25	70	村庄
341124109204	东王村委会	118.126851	31.992912	1	80	100	政府机构
341126102213	西圩村委会	117.315385	32.687063	0	18	66	乡镇
341125108001	江巷居委会	117.620546	32.281989	0	25	55	乡镇
341182107205	楚塘村委会	117.912030	32.936074	0	18	40	乡镇
341125101220	李巷村委会	117.305780	32.521480	0	30	72	村庄
341126105217	官地村委会	117.353130	32.769071	0	30	72	村庄
341126201201	吴窑村委会	117.645379	32.637986	1	80	100	政府机构
341182100201	岭北村委会	118.263888	32.551051	0	16	65	乡镇
341126100500	凤阳县农科所生活区	117.576658	32.885739	0	16	47	乡镇
341182110201	潘村村委会	118.146870	33.091660	0	25	70	乡镇
341103101200	新塘村委会	118.293300	32.446260	0	30	72	村庄
341126106207	周圩村委会	117.532715	32.755910	0	18	66	乡镇
341122100206	双塘村委会	118.423770	32.429791	0	30	72	村庄
341125107209	曙光村委会	118.001550	32.430301	0	30	72	村庄
341122110206	罗顶村委会	118.436000	32.452101	0	14	32	区县
341181111204	魏桥村委会	118.790830	32.784911	0	18	66	乡镇
341181101204	张营村委会	118.709633	32.664973	1	80	100	政府机构
341125200204	兴北村委会	117.601350	32.463100	0	30	72	村庄
341122101220	王集村委会	118.607540	32.635361	0	30	72	村庄
341125101010	三眼井社区居委会	117.232670	32.545228	0	16	65	乡镇
341182004202	西徐村委会	117.947797	32.849427	1	80	95	政府机构
341126108212	孙岗村委会	117.731066	32.757837	0	16	65	乡镇
341124103205	赤镇村委会	118.188911	31.936285	0	25	55	乡镇
341125107202	红心沛村委会	117.920272	32.490036	0	50	73	UNKNOWN
341103003011	龙蟠南苑社区	118.340990	32.256899	1	80	97	政府机构
341126111208	马山村委会	117.768599	32.938621	0	30	72	村庄
341124104201	荒草圩村委会	118.247615	31.990059	0	18	40	乡镇
341122107209	三湾村委会	118.439601	32.538005	0	18	66	乡镇
341125105004	高塘居委会	117.635348	32.372528	0	16	65	乡镇
341126100225	甄岗村委会	117.566743	32.833591	1	80	100	政府机构
341126102218	前郢村委会	117.310927	32.812712	1	80	100	政府机构
341181106200	黄桥村委会	119.112440	32.488239	0	30	72	村庄
341125103216	九梓村委会	117.492837	32.362923	0	16	33	乡镇
341181100004	向阳社区居委会	118.952322	32.591530	1	80	100	政府机构
341181105206	古庵村委会	118.879585	32.686090	0	18	40	乡镇
341102010004	三官社区居委会	118.298600	32.329511	1	80	97	政府机构
341125100210	解放村委会	117.666170	32.505280	0	30	72	村庄
341122109201	白露村委会	118.436000	32.452101	0	14	46	区县
341182104208	九塘村委会	118.250077	32.787080	0	16	65	乡镇
341124107207	十字村委会	118.356118	32.132161	0	16	65	乡镇
341181108208	东风村委会	119.165960	32.709660	0	30	72	村庄
341125106002	石荷社区居委会	117.932206	32.402688	0	18	66	乡镇
341124100203	杨桥村委会	118.308100	32.118141	0	30	72	村庄
341126100008	西华社区	117.576658	32.885739	0	16	65	乡镇
341126108204	小王村委会	117.882717	32.847804	1	80	100	政府机构
341181102202	花园村委会	119.142230	32.565001	0	30	72	村庄
341103003007	红庙社区	118.340990	32.256899	1	80	97	政府机构
341181002025	天宝社区居委会	119.023910	32.682931	1	80	97	政府机构
341125203202	草安村委会	117.335116	32.482447	0	18	66	乡镇
341125112201	新建村委会	117.540180	32.560690	0	30	72	村庄
341182108207	光明村委会	118.157320	32.915259	0	30	72	村庄
341125102201	康西村委会	117.421774	32.579569	0	16	38	乡镇
341125107003	岱山社区居委会	117.950629	32.519221	0	25	55	乡镇
341125203500	马厂湖农场	117.335116	32.482447	0	18	49	乡镇
341124106206	孤山村委会	117.986330	32.190450	0	30	72	村庄
341182105209	胜利村委会	118.126570	32.729341	0	30	72	村庄
341122108200	广大村委会	118.436000	32.452101	0	14	37	区县
341126102222	桥西村委会	117.315385	32.687063	0	18	40	乡镇
341181104207	金埠村委会	119.093114	32.811783	0	16	38	乡镇
341102001005	沿渠社区居委会	118.322491	32.307630	1	80	95	政府机构
341125202203	凉西村委会	117.316301	32.634060	0	30	72	村庄
341125106215	大梅村委会	117.673973	32.599628	1	80	100	政府机构
341181113203	忠孝村委会	119.063302	32.706056	1	80	100	政府机构
341181103203	便西村委会	118.882355	32.806384	0	16	38	乡镇
341181106001	金集社区居委会	119.072590	32.557140	1	80	95	地产小区
341126109205	荷塘村委会	117.801730	32.696669	0	30	72	村庄
341102006001	紫薇西村社区居委会	118.320208	32.290815	1	80	100	政府机构
341181002009	净业社区居委会	119.023910	32.682931	1	80	97	政府机构
341125115205	曹岗村委会	117.487543	32.491208	1	80	100	政府机构
341125100007	长征路居委会	117.682533	32.530390	1	80	100	政府机构
341125105205	街南村委会	117.635348	32.372528	0	16	65	乡镇
341181100213	苏桥村委会	118.829479	32.910521	1	80	100	政府机构
341124101202	艾塘村委会	117.995629	31.915194	0	18	40	乡镇
341125103001	吴圩居委会	117.492837	32.362923	0	16	65	乡镇
341125106203	马刘村委会	117.932206	32.402688	0	18	66	乡镇
341125113001	桑涧居委会	117.820610	32.514921	0	25	70	乡镇
341124102204	章辉村委会	117.947190	32.018521	0	25	47	乡镇
341125100011	严桥路居委会	117.675885	32.509034	1	80	100	政府机构
341181100205	铜南村委会	118.940069	32.880087	1	80	100	政府机构
341102010205	石马村民委员会	118.298600	32.329511	1	80	97	政府机构
341181110205	川桥村委会	118.947899	32.586978	0	18	66	乡镇
341102007201	雷桥村委会	118.345080	32.317470	1	80	97	政府机构
341181102003	秦栏社区居委会	119.175672	32.599735	1	80	95	地产小区
341181107201	双庙村委会	118.966340	32.711741	0	30	72	村庄
341124107401	全椒县工业园区社区	118.356118	32.132161	0	16	47	乡镇
341181112003	王店社区居委会	118.872442	32.619875	0	18	66	乡镇
341125101207	姚庄村委会	117.361509	32.465353	1	80	100	政府机构
341125111207	大陈村委会	117.855380	32.638369	0	30	72	村庄
341122106208	大塘村委会	118.580960	32.437350	0	30	72	村庄
341124100002	宝林居委会	118.278720	32.071129	0	25	55	乡镇
341124105200	马厂村委会	118.036407	32.023093	0	18	66	乡镇
341126110209	浙塘村委会	117.683650	32.858740	0	30	58	村庄
341126100209	夫子郢村委会	117.576658	32.885739	0	16	33	乡镇
341124103209	卜集村委会	118.136386	31.936987	0	16	65	乡镇
341126106200	希望村委会	117.532715	32.755910	0	18	40	乡镇
341122110201	张山村委会	118.490300	32.481881	0	30	72	村庄
341181101208	漂牌村委会	118.738361	32.690135	1	80	100	政府机构
341126105210	刘府村委会	117.338580	32.792621	0	25	70	乡镇
341181111208	虎山村委会	118.763530	32.843160	0	30	72	村庄
341182110206	太平村委会	118.146870	33.091660	0	25	70	乡镇
341122103211	大雅村委会	118.585537	32.241031	0	18	40	乡镇
341182100206	嘉山村委会	118.244437	32.531402	1	80	100	政府机构
341124109203	柴岗村委会	118.150060	32.065657	0	16	65	乡镇
341126102214	大街村委会	117.293790	32.675891	0	30	72	村庄
341126100229	十里程村委会	117.576658	32.885739	0	16	47	乡镇
341182107202	查渡村委会	117.912030	32.936074	0	18	40	乡镇
341126111204	七里庙村委会	117.819230	32.888821	0	25	70	乡镇
341103103001	黄泥社区	118.304068	32.484201	1	80	100	地产小区
341126101204	淮滨村委会	117.677868	32.880693	0	18	49	乡镇
341122107205	复兴村委会	118.376440	32.529791	0	30	72	村庄
341181108204	吴庄村委会	119.098520	32.637890	0	30	72	村庄
341126102202	武店村委会	117.315385	32.687063	0	18	40	乡镇
341126112202	钟庄村委会	117.889164	32.952174	1	80	100	政府机构
341122104203	广佛村委会	118.615932	32.300973	0	18	40	乡镇
341122101001	奇辉居委会	118.588277	32.675224	0	25	55	乡镇
341181100008	安乐社区居委会	118.939250	32.887019	0	25	70	乡镇
341182104204	白沙王村委会	118.250077	32.787080	0	16	47	乡镇
341122203205	宝山村委会	118.453750	32.686859	0	30	72	村庄
341126108208	哑叭店村委会	117.731066	32.757837	0	16	38	乡镇
341182103200	桥镇村委会	118.386990	32.656829	0	25	47	乡镇
341125109206	朗峰村委会	117.867692	32.289134	0	18	40	乡镇
341126105206	苍张村委会	117.338580	32.792621	0	25	47	乡镇
341103102201	孟洼村委会	117.949413	32.280318	0	16	38	乡镇
341126100004	楼东社区居委会	117.576658	32.885739	0	16	47	乡镇
341122103207	黄牌村委会	118.585537	32.241031	0	18	40	乡镇
341182110210	钱西村委会	118.146870	33.091660	0	25	47	乡镇
341125103220	永兴村委会	117.428750	32.423259	0	30	72	村庄
341182105205	汪北村委会	118.124190	32.755781	0	25	47	乡镇
341122106212	街镇村委会	118.560637	32.476188	0	18	40	乡镇
341126110213	罗刘村委会	117.728395	32.852619	0	18	40	乡镇
341122105202	雷官村委会	118.630582	32.351635	0	18	40	乡镇
341126113203	老巨村委会	117.775250	33.023711	0	30	58	UNKNOWN
341126106001	大庙社区居委会	117.532715	32.755910	0	18	66	乡镇
341126103203	欢塘村委会	117.276405	32.767436	0	18	40	乡镇
341103104204	木庄村委会	118.119871	32.284892	1	80	100	政府机构
341181109205	汴桥村委会	119.015687	32.575483	0	18	40	乡镇
341125105209	北姚村委会	117.641526	32.560058	1	80	100	政府机构
341182100400	白米山场部居委会	118.263888	32.551051	0	16	38	乡镇
341181002005	二凤社区居委会	119.023910	32.682931	1	80	95	政府机构
341182110400	潘村湖场部居委会	118.151510	33.094649	0	30	51	村庄
341122102206	渡口村委会	118.502213	32.340870	0	16	65	乡镇
341126104207	武坟村委会	117.209937	32.670185	0	18	40	乡镇
341103103200	张浦郢村委会	118.321301	32.534349	0	18	35	乡镇
341103106002	担子社区	118.367884	32.252473	1	80	100	地产小区
341126101005	临西社区居委会	117.677868	32.880693	0	18	49	乡镇
341125108207	郭集村委会	117.553800	32.263279	0	30	72	村庄
341122101216	鱼塘村委会	118.588277	32.675224	0	25	70	乡镇
341126112500	安徽省国营管店林生活区	117.835860	32.805924	0	16	33	乡镇
341182102201	新管村委会	118.099447	32.662472	0	18	40	乡镇
341126109209	李武村委会	117.837651	32.688527	0	18	40	乡镇
341103100210	吴港村委会	118.433112	32.182648	0	16	38	乡镇
341122102210	油坊村委会	118.515920	32.402379	0	30	72	村庄
341182111207	里涧村委会	117.989000	32.777000	0	14	29	区县
341102010209	秋桐村民委员会	118.298600	32.329511	1	80	97	政府机构
341181100209	建华村委会	118.875600	32.877219	0	30	72	村庄
341122101200	红旗村委会	118.645829	32.673033	1	80	100	政府机构
341125108211	东庄村委会	117.574080	32.238451	0	30	72	村庄
341126107201	凤殷村委会	117.641398	32.682240	0	18	40	乡镇
341103100206	白庙村委会	118.447865	32.167808	1	80	100	政府机构
341126112003	燃灯社区居委会	117.835860	32.805924	0	16	65	乡镇
341122106204	西武村委会	118.560637	32.476188	0	18	66	乡镇
341126100205	潘家湾村委会	117.823876	32.869866	1	80	100	政府机构
341103107202	荣誉村委会	118.197800	32.236050	0	30	72	村庄
341126110205	中心村委会	117.711870	32.924561	0	30	72	村庄
341182106203	王岗村委会	118.188607	32.912374	1	80	100	政府机构
341124108202	夏集村委会	118.031647	32.099776	1	80	100	政府机构
341182106202	吉庄村委会	118.091402	32.902024	0	18	66	乡镇
341124108203	隆兴村委会	117.906690	32.105149	0	30	72	村庄
341122106205	顿邱村委会	118.560637	32.476188	0	18	40	乡镇
341182105212	魏桥村委会	118.124190	32.755781	0	25	70	乡镇
341103102001	章广社区	117.949413	32.280318	0	16	65	乡镇
341103107203	花山村委会	118.184850	32.256901	0	30	72	村庄
341126100204	大通桥村委会	117.610870	32.839049	0	30	72	村庄
341126110204	桥西村委会	117.728395	32.852619	0	18	40	乡镇
341122101201	龙湖村委会	118.623740	32.670110	0	30	72	村庄
341126107200	殷北村委会	117.641398	32.682240	0	18	49	乡镇
341171001205	郑郢村委会	118.416665	32.308358	0	60	50	工业园区
341126112002	石门山社区居委会	117.890849	32.825231	0	30	72	村庄
341125201208	红星村民委员会	118.041650	32.597410	0	30	72	村庄
341122102211	高隍村委会	118.502213	32.340870	0	16	65	乡镇
341182101206	小路村委会	118.105543	32.566851	1	80	100	政府机构
341181002012	土城社区居委会	119.023910	32.682931	1	80	97	政府机构
341182111206	陶桥村委会	118.110050	33.107170	0	30	72	村庄
341122103400	安徽来安汊河经济开发区	118.598587	32.207781	1	75	100	工业园区
341102010208	新集村民委员会	118.298600	32.329511	1	80	95	政府机构
341181100208	龙须村委会	118.939250	32.887019	0	25	70	乡镇
341125108206	东风村委会	117.641220	32.295511	0	30	72	村庄
341122101217	兴隆村委会	118.659129	32.616386	0	30	72	村庄
341182102200	小魏村委会	118.064170	32.682721	0	30	72	村庄
341126109208	侯王村委会	117.837651	32.688527	0	18	40	乡镇
341103100211	大同村委会	118.433112	32.182648	0	16	47	乡镇
341125105208	前孙村委会	117.635348	32.372528	0	16	65	乡镇
341125115208	肖岗村民委员会	117.776156	32.275910	0	18	49	乡镇
341181002004	安康社区居委会	119.023910	32.682931	1	80	97	政府机构
341122102207	清水村委会	118.470080	32.377680	0	30	72	村庄
341103103201	祝郢村委会	118.297323	32.523266	1	80	100	政府机构
341126104206	淮安村委会	117.209937	32.670185	0	18	66	乡镇
341126101004	濠梁社区居委会	117.677868	32.880693	0	18	66	乡镇
341103106003	梅铺社区	118.315430	32.227011	0	30	100	UNKNOWN
341122105203	烟陈村委会	118.630582	32.351635	0	18	66	乡镇
341122100001	北门社区居委会	118.373207	32.505872	0	18	66	乡镇
341126113202	观音堂村委会	117.817346	33.010825	0	18	66	乡镇
341103104205	兴珠村委会	118.156233	32.369986	0	18	40	乡镇
341126103202	新建村委会	117.263880	32.791410	0	30	72	村庄
341181109204	高巷村委会	119.015687	32.575483	0	18	66	乡镇
341125103221	吴圩村民委员会	117.464780	32.368881	0	30	72	村庄
341182105204	三关村委会	118.124190	32.755781	0	25	70	乡镇
341122106213	桃庄村委会	118.560637	32.476188	0	18	66	乡镇
341126110212	头铺村委会	117.662200	32.861130	0	30	72	村庄
341102001008	三里亭路社区居委会	118.322491	32.307630	1	80	95	政府机构
341103102200	元松村委会	117.949413	32.280318	0	16	38	乡镇
341126105207	耿冲村委会	117.338580	32.792621	0	25	70	乡镇
341126100005	楼南社区居委会	117.576658	32.885739	0	16	47	乡镇
341122103206	延塘村委会	118.597210	32.255580	0	30	58	村庄
341125114209	大庙村委会	117.413820	32.279571	0	30	72	村庄
341182110211	殷桥村委会	118.048620	33.051240	0	30	72	村庄
341126108209	清塘村委会	117.782520	32.774480	0	30	72	村庄
341182103201	张山村委会	118.368550	32.646631	0	30	72	村庄
341125109207	泗洲庙村委会	117.867692	32.289134	0	18	66	乡镇
341125100026	市场路社区居委会	117.681766	32.516901	1	80	100	政府机构
341182104205	陡山村委会	118.276130	32.744239	0	30	72	村庄
341122203204	红星村委会	118.460630	32.662490	0	30	72	村庄
341181108205	王桥村委会	119.104580	32.675599	1	80	100	政府机构
341126102203	王湖村委会	117.315385	32.687063	0	18	66	乡镇
341126112203	大庙余村委会	117.835860	32.805924	0	16	33	乡镇
341122104202	广洋村委会	118.623483	32.302419	1	80	100	政府机构
341126111205	石塘村委会	117.763490	32.896301	0	30	72	村庄
341103106202	朱岗村委会	118.324983	32.225117	1	80	100	政府机构
341122107204	林桥村委会	118.416570	32.537140	0	30	72	村庄
341126100228	顾台村委会	117.576658	32.885739	0	16	65	乡镇
341124109202	大殷村委会	118.173509	32.112678	1	80	100	政府机构
341126102215	路西村委会	117.270690	32.653500	0	30	72	村庄
341182107203	蒲岗村委会	117.912030	32.936074	0	18	66	乡镇
341182102001	管店社区居委会	118.099447	32.662472	0	18	49	乡镇
341126105211	九龙村委会	117.338580	32.792621	0	25	70	乡镇
341182110207	农庄村委会	118.340313	32.569133	1	80	100	政府机构
341122103210	相官村委会	118.537989	32.272182	1	80	100	政府机构
341182100207	普贤村委会	118.263888	32.551051	0	16	65	乡镇
341124103208	浦北村委会	118.136386	31.936987	0	16	65	乡镇
341126106201	三河村委会	117.532715	32.755910	0	18	66	乡镇
341126401498	凤阳硅工业园虚拟社区	117.709503	32.918017	0	25	70	乡镇
341122110200	桃花村委会	118.466317	32.483456	1	80	100	政府机构
341122100200	岱山村委会	118.406960	32.390380	0	30	72	村庄
341172002001	宋郢社区居委会	118.376250	32.338200	0	30	72	UNKNOWN
341122106209	施官村委会	118.560637	32.476188	0	18	40	乡镇
341124100003	儒林居委会	118.278720	32.071129	0	25	70	乡镇
341124105201	玉屏村委会	118.025931	32.029122	1	80	100	政府机构
341126110208	濠光村委会	117.728395	32.852619	0	18	66	乡镇
341126100208	山后村委会	117.576658	32.885739	0	16	65	乡镇
341125102216	胡吕村民委员会	117.421774	32.579569	0	16	47	乡镇
341102002002	遵阳街社区居委会	118.324328	32.319647	1	80	97	政府机构
341102007200	林西村委会	118.345080	32.317470	1	80	97	政府机构
341181102002	新华社区居委会	119.158478	32.604193	0	25	70	乡镇
341181107200	宏大村委会	119.014513	32.746633	0	18	66	乡镇
341125105212	陶铺村委会	117.635348	32.372528	0	16	38	乡镇
341125201204	庙孙村委会	117.857021	32.498906	1	80	100	政府机构
341181100204	余庄村委会	118.931337	32.913732	1	80	100	政府机构
341102010204	太平村民委员会	118.298600	32.329511	1	80	97	政府机构
341181110204	船塘村委会	118.947899	32.586978	0	18	66	乡镇
341125106202	塔山村委会	117.927380	32.360850	0	30	72	村庄
341124102205	肥全村委会	117.947190	32.018521	0	25	47	乡镇
341181002008	浔河社区居委会	119.023910	32.682931	1	80	97	政府机构
341125115204	义和村委会	117.743410	32.256659	0	30	72	村庄
341125100006	人民路居委会	117.233041	32.545472	1	80	100	政府机构
341125105204	杨桥村委会	117.604485	32.327145	0	30	72	村庄
341181100212	光明村委会	118.910606	32.915308	1	80	100	政府机构
341124101203	周湖村委会	118.126515	32.072348	1	80	100	政府机构
341172001400	滁州市经济技术开发区城南工业园	118.353516	32.259841	1	80	100	工业园区
341125106214	南店村委会	117.777123	32.513993	1	80	100	政府机构
341181113202	百子村委会	119.105200	32.713160	0	30	72	村庄
341126109204	李山村委会	117.783850	32.708280	0	30	72	村庄
341182105208	太平村委会	118.124190	32.755781	0	25	70	乡镇
341125111210	尚庄村民委员会	117.820940	32.610821	0	30	72	村庄
341122108201	河口村委会	118.470670	32.205440	0	30	72	村庄
341125101210	路南村委会	117.234700	32.574562	0	30	72	村庄
341126102223	却巷村委会	117.315385	32.687063	0	18	40	乡镇
341181104206	北荡村委会	119.093114	32.811783	0	16	65	乡镇
341102001004	四合路社区居委会	118.322491	32.307630	1	80	97	政府机构
341125112200	西卅店村委会	117.535210	32.562291	0	25	43	乡镇
341182108206	山南村委会	118.173702	32.957610	0	18	66	乡镇
341125107002	刘铺社区居委会	117.950629	32.519221	0	25	55	乡镇
341182001200	蔬菜村委会	117.992360	32.777588	1	80	97	政府机构
341124106207	白庙村委会	118.008470	32.161661	0	30	72	村庄
341102007001	扬子社区居委会	118.345080	32.317470	1	80	97	政府机构
341126108205	勤丰村委会	117.731066	32.757837	0	16	65	乡镇
341124103212	下陶村委会	118.158169	31.975848	1	80	100	政府机构
341181102203	新民村委会	118.780575	32.846206	1	80	100	政府机构
341181107001	民生社区居委会	119.014513	32.746633	0	18	66	乡镇
341103003006	徐岗社区	118.340990	32.256899	1	80	97	政府机构
341181002024	永福社区居委会	119.023910	32.682931	1	80	97	政府机构
341125203203	仁巷村委会	117.283236	32.470192	0	30	58	道路
341124100202	千佛庵村委会	118.284010	32.104270	0	30	72	村庄
341126100009	云霁社区	117.576658	32.885739	0	16	65	乡镇
341125104205	马岗村委会	117.428550	32.482229	0	30	72	村庄
341125114205	秦集村委会	117.463498	32.271272	0	18	66	乡镇
341124107206	王郢村委会	118.243855	32.184860	1	80	100	政府机构
341181100005	建设社区居委会	118.939250	32.887019	0	25	70	乡镇
341102010005	西涧社区居委会	118.298600	32.329511	1	80	95	政府机构
341125100211	岗上村委会	117.637160	32.469071	0	30	72	村庄
341122109200	裴集村委会	118.436000	32.452101	0	14	46	区县
341182104209	官山村委会	118.193610	32.816711	0	30	72	村庄
341126102219	楼店村委会	117.315385	32.687063	0	18	66	乡镇
341126100224	岳林村委会	117.576658	32.885739	0	16	65	乡镇
341181106201	草西村委会	119.077472	32.538880	0	18	40	乡镇
341102003003	四牌楼社区居委会	118.307597	32.314756	1	80	97	政府机构
341125103217	高埂村委会	117.418460	32.386230	0	30	72	村庄
341124101002	解放居委会	117.995629	31.915194	0	18	66	乡镇
341124104200	武岗村委会	118.247615	31.990059	0	18	66	乡镇
341122107208	六郎村委会	118.439601	32.538005	0	18	66	乡镇
341182004203	王巷村委会	117.947797	32.849427	1	80	97	政府机构
341182001001	韩山社区居委会	117.992360	32.777588	1	80	97	政府机构
341126108213	京山村委会	117.731066	32.757837	0	16	65	乡镇
341124103204	曹埠村委会	118.136386	31.936987	0	16	65	乡镇
341103400402	腰铺工业园社区	118.228762	32.328783	0	18	49	乡镇
341125102001	康东居委会	117.421774	32.579569	0	16	47	乡镇
341103003010	发能国际城社区	118.340990	32.256899	1	80	97	政府机构
341125107203	高刘村委会	117.912867	32.503136	1	80	100	政府机构
341181111205	天王村委会	118.790830	32.784911	0	18	66	乡镇
341181101205	长山村委会	118.695350	32.643309	0	30	72	村庄
341102004007	丰乐社区居委会	118.309380	32.312034	1	80	97	政府机构
341125200205	兴隆村委会	117.602410	32.441970	0	30	72	村庄
341125101011	马元社区	117.232670	32.545228	0	16	65	乡镇
341126400006	永安社区居委会	117.535070	32.911026	0	25	70	乡镇
341124105202	铜井村委会	118.036407	32.023093	0	18	66	乡镇
341125111205	练铺村委会	117.933090	32.642350	0	25	47	乡镇
341172002002	夏岗社区居委会	118.370292	32.293390	1	80	67	工业园区
341181112001	兴隆社区居委会	118.872442	32.619875	0	18	66	乡镇
341102002001	卫民路社区居委会	118.324328	32.319647	1	80	97	政府机构
341102007203	团山村委会	118.345080	32.317470	1	80	95	政府机构
341181102001	官桥社区居委会	119.158478	32.604193	0	25	70	乡镇
341181107203	二墩村委会	119.014513	32.746633	0	18	66	乡镇
341125203001	七里塘居委会	117.335116	32.482447	0	18	66	乡镇
341125102215	姜兴村委会	117.421774	32.579569	0	16	38	乡镇
341102010207	邓坝村民委员会	118.298600	32.329511	1	80	95	政府机构
341181100207	陈庄村委会	118.906209	32.849776	1	80	100	政府机构
341125105211	六户李村委会	117.635348	32.372528	0	16	33	乡镇
341125100013	泉坞山居委会	117.734290	32.557269	0	30	72	村庄
341103100208	汪郢村委会	118.412909	32.126692	1	80	100	政府机构
341124102206	新兴村委会	117.868720	31.965920	0	30	72	村庄
341125106201	回民村委会	117.932206	32.402688	0	18	40	乡镇
341181100211	铜北村委会	118.939250	32.887019	0	25	55	乡镇
341124101200	古河村委会	117.974537	31.908537	0	30	72	村庄
341125100005	南大街回民居委会	117.679692	32.523506	1	80	100	政府机构
341122102208	上蔡村委会	118.501150	32.316720	0	30	72	村庄
341125115207	官塘村委会	117.669990	32.264290	0	30	72	村庄
341181103201	便东村委会	118.882355	32.806384	0	16	38	乡镇
341102006003	三岔路社区居委会	118.315469	32.285450	1	80	100	政府机构
341126109207	乌罗村委会	117.837651	32.688527	0	18	40	乡镇
341181113201	张安村委会	119.103824	32.727370	0	18	66	乡镇
341122101218	高山村委会	118.499983	32.595127	1	80	100	政府机构
341125202201	农科村委会	117.286195	32.566509	0	30	72	村庄
341125108209	高庙村委会	117.620546	32.281989	0	25	55	乡镇
341181104205	湖边村委会	119.112400	32.795539	0	30	72	村庄
341102001007	凤凰西路社区居委会	118.322491	32.307630	1	80	95	政府机构
341126102220	沙涧村委会	117.315385	32.687063	0	18	40	乡镇
341122108202	沈圩村委会	118.436000	32.452101	0	14	37	区县
341124106204	黄栗树村委会	118.114141	32.191070	1	80	100	政府机构
341182108205	山东村委会	118.157070	33.006969	0	30	72	村庄
341125102203	大唐村委会	117.421774	32.579569	0	16	65	乡镇
341172001004	花都路社区居委会	118.353038	32.265061	0	80	95	地产小区
341125107001	池河居委会	117.950629	32.519221	0	25	55	乡镇
341125112203	幸福村委会	117.507890	32.519350	0	30	72	村庄
341103003005	银花东区社区	118.340990	32.256899	1	80	97	政府机构
341102007002	高桥社区居委会	118.345080	32.317470	1	80	97	政府机构
341124103211	广平村委会	118.097450	31.900099	0	30	72	村庄
341126108206	三合村委会	117.731066	32.757837	0	16	65	乡镇
341181102200	林山村委会	119.158478	32.604193	0	25	55	乡镇
341181107002	护城桥社区居委会	118.999147	32.729790	1	80	95	地产小区
341122103209	王来村委会	118.585537	32.241031	0	18	40	乡镇
341125101004	桥上桥居委会	117.232670	32.545228	0	16	47	乡镇
341172002203	官山村委会	118.373710	32.368660	0	30	72	村庄
341125104206	宋岗村委会	117.869735	32.586675	1	80	100	政府机构
341126105208	郭巷村委会	117.356880	32.766690	0	30	72	村庄
341124100201	老观陈村委会	118.310410	32.065381	0	30	58	地产小区
341125113202	大李村委会	117.820966	32.513458	1	80	100	政府机构
341125103202	北集村委会	117.492837	32.362923	0	16	65	乡镇
341182109204	楼张村委会	118.016139	32.969764	0	18	66	乡镇
341124107205	高桥村委会	118.332120	32.178029	0	30	72	村庄
341125204204	红卫村委会	117.719669	32.313059	0	30	72	村庄
341122109203	独山村委会	118.662710	32.441741	0	30	72	村庄
341181100006	四新社区居委会	118.939250	32.887019	0	25	70	乡镇
341181105204	孝庵村委会	118.879585	32.686090	0	18	40	乡镇
341125103214	宣岗村委会	117.492837	32.362923	0	16	38	乡镇
341181106202	丼亭村委会	119.077472	32.538880	0	18	40	乡镇
341126100227	申台村委会	117.576658	32.885739	0	16	38	乡镇
341125100204	丰收村委会	117.648537	32.557300	0	16	65	乡镇
341125110204	二郎村委会	117.765856	32.398770	0	18	66	乡镇
341182003204	大辛村委会	118.019560	32.671146	1	80	97	政府机构
341124101001	胜利居委会	117.995629	31.915194	0	18	66	乡镇
341124104203	官渡村委会	118.247615	31.990059	0	18	66	乡镇
341125107200	池河村委会	117.950629	32.519221	0	25	47	乡镇
341103400401	城南工业园社区	118.353516	32.259841	1	80	100	工业园区
341182004200	岗集村委会	117.947797	32.849427	1	80	97	政府机构
341182001002	交通社区居委会	117.992360	32.777588	1	80	97	政府机构
341124103207	古城村委会	118.047470	31.870870	0	30	72	村庄
341126108210	斗塘村委会	117.731066	32.757837	0	16	65	乡镇
341182110208	张台村委会	118.229800	33.052670	0	30	72	村庄
341125101012	七里社区	117.232670	32.545228	0	16	65	乡镇
341126400005	大青郢社区居委会	117.535070	32.911026	0	25	55	乡镇
341182100208	柴郢村委会	118.306745	32.457522	1	80	100	政府机构
341125200206	兴南村委会	117.674938	32.448008	0	18	66	村庄
341125114210	谢集村民委员会	117.483100	32.233300	0	30	72	村庄
341181101206	汊北村委会	118.753043	32.660849	0	18	49	乡镇
341102004004	高巷社区居委会	118.309138	32.307707	1	75	95	地产小区
341181111206	兴隆村委会	118.785067	32.802064	0	30	72	村庄
341124108200	西王村委会	117.908411	32.163499	0	30	72	村庄
341182106201	戴巷村委会	118.163259	32.951505	1	80	100	政府机构
341126110207	古城村委会	117.683510	32.905079	0	30	72	村庄
341103107200	孙岗村委会	118.001549	32.241932	1	80	100	政府机构
341125101209	魏岗村委会	117.232670	32.545228	0	16	65	乡镇
341122106206	桥西村委会	118.560637	32.476188	0	18	40	乡镇
341182105211	包集村委会	118.187717	32.784220	1	80	100	政府机构
341125111209	高岗村委会	117.933090	32.642350	0	25	70	乡镇
341126112001	小溪河社区居委会	117.828124	32.864073	0	50	82	UNKNOWN
341103100204	袁庄村委会	118.427710	32.191291	0	30	72	村庄
341126107203	古塘村委会	117.633840	32.729540	0	30	72	村庄
341126102001	武店社区居委会	117.315385	32.687063	0	18	49	乡镇
341122101202	半塔村委会	118.588277	32.675224	0	25	47	乡镇
341182111205	浮山村委会	118.082760	33.141950	0	30	72	村庄
341122102212	枣林村委会	118.525930	32.375990	0	30	72	村庄
341182101205	张老郢村委会	118.126719	32.574611	0	25	70	乡镇
341125108205	三合村委会	117.620546	32.281989	0	25	70	乡镇
341122101214	北涧村委会	118.646923	32.682671	1	80	100	政府机构
341182102203	凤山村委会	118.099447	32.662472	0	18	49	乡镇
341103103202	万郢村委会	118.264255	32.509579	1	80	100	政府机构
341126104205	大唐村委会	117.209937	32.670185	0	18	66	乡镇
341181002007	沃公社区居委会	119.023910	32.682931	1	80	97	政府机构
341122102204	水西村委会	118.437930	32.311880	0	30	72	村庄
341125100009	南环路居委会	117.648537	32.557300	0	16	65	乡镇
341126106003	亮岗社区居委会	117.532715	32.755910	0	18	49	乡镇
341103104206	官塘村委会	118.164062	32.338183	1	80	100	政府机构
341126103201	禹塘村委会	117.276405	32.767436	0	18	40	乡镇
341181109207	隐庵村委会	119.015687	32.575483	0	18	40	乡镇
341126113201	张王村委会	117.806580	33.015870	0	30	72	村庄
341122105200	黄桥村委会	118.579390	32.359379	0	30	72	村庄
341122100002	西门社区居委会	118.428808	32.450240	1	80	100	政府机构
341126110211	淮东村委会	117.728395	32.852619	0	18	40	乡镇
341182105207	团结村委会	118.124520	32.713991	0	30	72	村庄
341122106210	贾龙村委会	118.560637	32.476188	0	18	40	乡镇
341182110212	曹塘村委会	118.051397	32.845430	1	80	100	政府机构
341125101008	康乐新村居委会	117.232670	32.545228	0	16	47	乡镇
341122103205	程集村委会	118.585537	32.241031	0	18	66	乡镇
341103102203	胡集村委会	117.919660	32.213289	0	30	72	村庄
341126105204	河塘村委会	117.385050	32.800650	0	30	72	村庄
341126100006	楼西社区居委会	117.576658	32.885739	0	16	47	乡镇
341103107001	施集社区	118.155645	32.261618	0	16	65	乡镇
341125100025	西大街社区居委会	117.673072	32.525465	1	80	100	政府机构
341103003009	陡岗社区	118.340990	32.256899	1	80	97	政府机构
341182103202	白云寺村委会	118.386990	32.656829	0	25	70	乡镇
341125109204	德胜村委会	117.867692	32.289134	0	18	66	乡镇
341125402001	凌家湖农场社区	117.341010	32.561641	1	80	97	UNKNOWN
341182104206	蒲塘村委会	118.215540	32.807479	0	30	72	村庄
341122104201	大英村委会	118.591080	32.295670	0	30	72	村庄
341124107209	化龙村委会	118.356118	32.132161	0	16	65	乡镇
341126112200	小溪河村委会	117.826460	32.846671	0	30	72	村庄
341181108206	林庄村委会	119.110004	32.648232	1	80	100	政府机构
341103100005	吕赵社区	118.433112	32.182648	0	16	65	乡镇
341126102200	林场村委会	117.316350	32.724169	0	30	72	UNKNOWN
341122107207	大安村委会	118.439601	32.538005	0	18	66	乡镇
341182104210	鲁山村委会	118.250077	32.787080	0	16	65	乡镇
341103401498	滁州高教科创城管理服务中心虚拟社区	118.333000	32.254999	0	10	22	城市
341103106201	二郎村委会	118.281881	32.220952	0	18	66	乡镇
341126111206	胡刘村委会	117.819230	32.888821	0	25	70	乡镇
341125401400	定远盐化工业园社区	117.267768	32.568067	0	20	67	乡镇
341182107200	新建村委会	117.959450	32.930100	0	30	72	村庄
341125103218	杨桥村委会	117.400750	32.406121	0	30	72	村庄
341126107501	凤阳县白云山林场	117.668880	32.669393	1	80	100	UNKNOWN
341126102216	山马村委会	117.315385	32.687063	0	18	66	乡镇
341124109201	小集村委会	118.150060	32.065657	0	16	65	乡镇
341122101500	半塔林场	118.588277	32.675224	0	25	55	乡镇
341122103213	储茂村委会	118.585537	32.241031	0	18	40	乡镇
341182100204	岭南村委会	118.263888	32.551051	0	16	65	乡镇
341182110204	芦塘村委会	118.146870	33.091660	0	25	70	乡镇
341126105212	严桥村委会	117.338580	32.792621	0	25	70	乡镇
341126201204	梨园村委会	117.729119	32.972579	0	18	49	村庄
341122100203	黄坝村委会	118.458890	32.413119	0	30	72	村庄
341122110203	倒桥村委会	118.436000	32.452101	0	14	46	区县
341126106202	东陵村委会	117.532715	32.755910	0	18	66	乡镇
341122100202	平洋村委会	118.373207	32.505872	0	18	66	乡镇
341122110202	郭郢村委会	118.544305	32.494834	1	80	100	政府机构
341126106203	薛李村委会	117.532715	32.755910	0	18	66	乡镇
341126103001	西泉社区	117.276405	32.767436	0	18	66	乡镇
341126113001	枣巷社区居委会	117.817346	33.010825	0	18	66	乡镇
341122103212	陈塘村委会	118.435041	32.298199	1	80	100	政府机构
341182100205	关山村委会	118.262210	32.518120	0	30	72	村庄
341182110205	中淮村委会	118.146870	33.091660	0	25	47	乡镇
341126105213	胡桥村委会	117.329590	32.819440	0	30	72	村庄
341126201205	大新村委会	117.733300	32.961409	0	30	72	地产小区
341182107201	井王村委会	117.912030	32.936074	0	18	66	乡镇
341125101224	滨湖村民委员会	117.232670	32.545228	0	16	47	乡镇
341125103219	大木村委会	117.492837	32.362923	0	16	65	乡镇
341126107500	凤阳县大银山林场	117.538441	32.681053	1	80	100	UNKNOWN
341126102217	四杜村委会	117.315385	32.687063	0	18	35	乡镇
341124109200	六镇村委会	118.150060	32.065657	0	16	33	乡镇
341122107206	舜山村委会	118.439601	32.538005	0	18	40	乡镇
341182104211	鲁南村委会	118.250077	32.787080	0	16	38	乡镇
341125100209	棠店村委会	117.648537	32.557300	0	16	38	乡镇
341103106200	范桥村委会	118.279100	32.206459	0	30	72	村庄
341126111207	江山村委会	117.774892	32.916595	0	30	72	村庄
341122104200	大黄村委会	118.615932	32.300973	0	18	66	乡镇
341122101002	康宁居委会	118.588277	32.675224	0	25	70	乡镇
341124107208	华林村委会	118.356118	32.132161	0	16	65	乡镇
341126112201	齐郢村委会	117.835860	32.805924	0	16	65	乡镇
341181108207	南尖村委会	119.152210	32.684703	0	16	65	乡镇
341103100004	菊香苑社区	118.414392	32.203643	0	60	100	地产小区
341126102201	灵泉村委会	117.315385	32.687063	0	18	40	乡镇
341122203206	高郢村委会	118.476741	32.604061	1	80	100	政府机构
341182104207	姚郭村委会	118.250077	32.787080	0	16	65	乡镇
341125100024	城南社区居委会	117.672197	32.495484	1	80	100	政府机构
341103003008	花园社区	118.340990	32.256899	1	80	97	政府机构
341182103203	平田村委会	118.354250	32.644561	0	30	72	村庄
341122103204	江青圩村委会	118.609289	32.223671	0	30	58	UNKNOWN
341126105205	拐王村委会	117.338580	32.792621	0	25	70	乡镇
341103102202	马厂村委会	117.949413	32.280318	0	16	65	乡镇
341126100007	东华社区	117.576658	32.885739	0	16	65	乡镇
341126110210	双碑村委会	117.728395	32.852619	0	18	66	乡镇
341181104208	季桥村委会	119.018280	32.821981	0	30	72	村庄
341182105206	石坝村委会	118.124190	32.755781	0	25	70	乡镇
341122106211	仙山村委会	118.560637	32.476188	0	18	66	乡镇
341126106002	周圩社区居委会	117.532715	32.755910	0	18	49	乡镇
341126103200	宫集村委会	117.276405	32.767436	0	18	66	乡镇
341103104207	三富村委会	118.156233	32.369986	0	18	66	乡镇
341181109206	晏公村委会	119.015687	32.575483	0	18	66	乡镇
341126113200	车杨村委会	117.817346	33.010825	0	18	66	乡镇
341122105201	五里村委会	118.630582	32.351635	0	18	66	乡镇
341122100003	青龙社区居委会	118.373207	32.505872	0	18	66	乡镇
341182108208	赤塘村委会	118.173702	32.957610	0	18	66	乡镇
341126104204	凤淮村委会	117.209937	32.670185	0	18	40	乡镇
341103103203	唐庄村委会	118.308960	32.475861	0	30	72	村庄
341103106001	腰铺社区	118.298195	32.200682	1	80	100	地产小区
341126101006	怀宁社区居民委员会	117.677868	32.880693	0	18	40	乡镇
341181002006	曙光社区居委会	119.023910	32.682931	1	80	97	政府机构
341122102205	河西村委会	118.435560	32.291310	0	30	72	村庄
341125100008	靠城路居委会	117.690966	32.520597	1	80	100	政府机构
341124109001	小集街道居委会	118.116040	32.026170	0	25	70	乡镇
341125108204	路陈村委会	117.617864	32.296080	0	30	72	村庄
341122101215	大刘郢村委会	118.611629	32.644838	1	80	100	政府机构
341182102202	罗岭村委会	118.099447	32.662472	0	18	66	乡镇
341182111204	丁坝村委会	118.108354	33.131017	0	18	66	乡镇
341122102213	武集村委会	118.502213	32.340870	0	16	65	乡镇
341182101204	西王村委会	118.120167	32.536672	1	80	100	政府机构
341126107202	青山村委会	117.597110	32.729510	0	30	72	村庄
341103100205	双庙村委会	117.913936	32.243786	1	80	100	政府机构
341122101203	黄郢村委会	118.601303	32.681176	1	80	100	政府机构
341125108212	李集村民委员会	117.620546	32.281989	0	25	55	乡镇
341126110206	宴公新村委会	117.728395	32.852619	0	18	35	乡镇
341126105004	赵庄社区居委会	117.338580	32.792621	0	25	70	乡镇
341126100206	大王府村委会	117.576658	32.885739	0	16	38	乡镇
341103107201	井楠村委会	118.155645	32.261618	0	16	38	乡镇
341122106207	彭岗村委会	118.560637	32.476188	0	18	66	乡镇
341182105210	苏郢村委会	118.131146	32.815542	1	80	100	政府机构
341124108201	东张村委会	117.927870	32.183620	0	30	72	村庄
341122110500	长山林场	118.517400	32.563309	1	75	100	UNKNOWN
341126106501	凤阳县皇陵示范繁殖农场	117.532715	32.755910	0	18	49	乡镇
341182106200	苏巷村委会	118.091402	32.902024	0	18	66	乡镇
341182110209	紫阳村委会	118.080145	33.052936	1	80	100	政府机构
341126400004	蒲北社区居委会	117.535070	32.911026	0	25	55	乡镇
341125101013	大陆社区	117.932950	32.438450	0	30	100	UNKNOWN
341182100209	尹集村委会	118.263888	32.551051	0	16	65	乡镇
341181101207	时湾村委会	118.753043	32.660849	0	18	66	乡镇
341102004005	南桥社区居委会	118.313990	32.315539	1	80	100	政府机构
341181111207	保安村委会	118.790830	32.784911	0	18	66	乡镇
341125107201	池阳村委会	117.950629	32.519221	0	25	47	乡镇
341103003012	文昌花园社区	118.340990	32.256899	1	80	97	政府机构
341103400400	乌衣工业园社区	118.446139	32.193379	1	80	100	UNKNOWN
341182004201	蔡岗村委会	117.947797	32.849427	1	80	97	政府机构
341182001003	龙山社区居委会	117.992360	32.777588	1	80	97	政府机构
341124103206	宝塔村委会	118.136386	31.936987	0	16	65	乡镇
341126108211	山北吴村委会	117.744010	32.610832	1	80	100	政府机构
341125100205	双庙村委会	117.704311	32.525574	1	80	100	政府机构
341125110205	杨湖村委会	117.730431	32.343009	0	30	72	村庄
341124104202	康合村委会	118.247615	31.990059	0	18	40	乡镇
341125103215	山刘村委会	117.506199	32.355590	1	80	100	政府机构
341125202001	能仁居委会	117.338894	32.615678	0	18	49	村庄
341181103001	元通社区居委会	118.882355	32.806384	0	16	65	乡镇
341181106203	马塘村委会	119.058400	32.515839	0	30	72	村庄
341102003001	文德桥社区居委会	118.307597	32.314756	1	80	95	政府机构
341181113001	万寿社区居委会	119.103824	32.727370	0	18	66	乡镇
341126100226	柳圩村委会	117.576658	32.885739	0	16	65	乡镇
341125100213	程桥村委会	117.609932	32.541770	1	80	100	政府机构
341122109202	王巷村委会	118.436000	32.452101	0	14	46	区县
341181100007	高庙社区居委会	118.939250	32.887019	0	25	70	乡镇
341181105205	蔡河村委会	118.879585	32.686090	0	18	66	乡镇
341125113203	蒋雨村委会	117.820610	32.514921	0	25	47	乡镇
341125103203	西孔村委会	117.492837	32.362923	0	16	38	乡镇
341125106001	下马埠居委会	117.932206	32.402688	0	18	49	乡镇
341182109205	高王村委会	118.038650	32.996689	0	30	72	村庄
341124107204	界首村委会	118.368309	32.146062	1	80	100	政府机构
341125114207	井岗村委会	117.457610	32.307390	0	30	72	村庄
341122103208	董青村委会	118.585537	32.241031	0	18	40	乡镇
341125101005	冶溪街居委会	117.216394	32.563172	0	40	77	道路
341125104207	雍圩村民委员会	117.467594	32.481614	0	18	66	乡镇
341126105209	大桥村委会	117.353480	32.782381	0	30	72	村庄
341124100200	花园村委会	118.254963	32.094939	1	80	100	政府机构
341125203201	四家刘村委会	117.335116	32.482447	0	18	35	乡镇
341103003004	银花西区社区	118.340990	32.256899	1	80	97	政府机构
341181112201	龙南村委会	118.872442	32.619875	0	18	66	乡镇
341124103210	峨嵋村委会	118.136386	31.936987	0	16	38	乡镇
341126108207	国光村委会	117.731066	32.757837	0	16	65	乡镇
341102007003	菱湖社区居委会	118.345080	32.317470	1	80	95	政府机构
341181102201	曹三村委会	119.158478	32.604193	0	25	70	乡镇
341181107003	桥湾社区居委会	119.050795	32.757264	1	80	95	地产小区
341182001202	张湾村委会	117.992360	32.777588	1	80	97	政府机构
341124106205	周岗村委会	118.146437	32.160839	0	18	66	乡镇
341182108204	旧县村委会	118.240180	32.951291	0	30	72	村庄
341125102202	河北村委会	117.468707	32.244464	1	80	100	政府机构
341125112202	陈庄村委会	117.538167	32.567377	1	80	100	政府机构
341181104204	光华村委会	119.093114	32.811783	0	16	65	乡镇
341126102221	马圩村委会	117.315385	32.687063	0	18	66	乡镇
341122108203	固镇村委会	118.436000	32.452101	0	14	29	区县
341125101212	柿园村委会	117.232670	32.545228	0	16	65	乡镇
341125205204	杨湾村委会	117.715326	32.629748	0	18	66	村庄
341181103200	双柳村委会	118.934730	32.758979	0	30	72	村庄
341181106002	谕兴社区居委会	119.098570	32.499314	1	80	95	地产小区
341126109206	杨山村委会	117.830130	32.721971	0	30	72	村庄
341102006002	紫薇东村社区居委会	118.318678	32.293547	1	80	100	政府机构
341181113200	汊河村委会	119.103824	32.727370	0	18	40	乡镇
341125106216	周王村委会	117.884099	32.522938	1	80	100	政府机构
341122101219	白云村委会	118.630260	32.605049	0	30	72	村庄
341181100210	长塘村委会	118.848117	32.836222	1	80	100	政府机构
341124101201	大同村委会	117.994372	31.913556	0	30	72	村庄
341125100004	北大街居委会	117.679142	32.525916	1	80	100	政府机构
341125105206	赤塘村委会	117.635348	32.372528	0	16	65	乡镇
341122102209	水东村委会	118.489800	32.328261	0	30	72	村庄
341125115206	大施村委会	117.732850	32.288949	0	30	72	村庄
341103100209	黄圩村委会	118.433112	32.182648	0	16	47	乡镇
341124102207	张岗村委会	117.947190	32.018521	0	25	70	乡镇
341126109210	蒋庄村委会	117.893740	32.681370	1	80	100	政府机构
341125113002	天河居委会	117.820610	32.514921	0	25	70	乡镇
341102010206	陈湾村民委员会	118.298600	32.329511	1	80	97	政府机构
341102005004	胜利社区居委会	118.308681	32.320962	1	80	97	政府机构
341181100206	沿湖村委会	119.020100	32.894491	0	30	72	村庄
341125201206	红光村委会	117.991010	32.580950	0	30	72	村庄
341125100012	幸福路居委会	117.687316	32.534885	1	80	100	政府机构
341181107202	三元村委会	119.014513	32.746633	0	18	66	乡镇
341124100001	新华居委会	118.270043	32.093636	1	80	100	政府机构
341102001010	古道社区居委会	118.322491	32.307630	1	80	95	政府机构
341124105203	岗杨村委会	118.058889	32.001364	1	80	100	政府机构
341182002204	大纪村委会	118.055937	32.809660	1	80	100	政府机构
341125111204	槐墟村委会	117.933090	32.642350	0	25	47	乡镇
341125101204	魏庄村委会	117.294970	32.544001	0	30	72	村庄
341172002003	高庙社区居委会	118.370292	32.293390	1	80	67	工业园区
341124108206	管坝村委会	117.973547	32.162615	0	16	65	乡镇
341125100222	十八岗村民委员会	117.648537	32.557300	0	16	47	乡镇
341103107206	河东村委会	118.007647	32.280752	1	80	100	政府机构
341126105003	曹店社区居委会	117.338580	32.792621	0	25	55	乡镇
341182110500	潘村湖农场分场村委会	118.185889	33.106621	1	80	94	UNKNOWN
341182100500	白米山农场三分场村委会	118.253660	32.558141	1	80	97	UNKNOWN
341126110201	何铺村委会	117.728395	32.852619	0	18	40	乡镇
341124105208	复兴村委会	117.989610	32.129450	0	30	72	村庄
341122103002	三道桥居民委员会	118.585537	32.241031	0	18	40	乡镇
341122106200	中所村委会	118.560637	32.476188	0	18	66	乡镇
341181108001	仁和社区居委会	119.116976	32.627413	1	80	100	政府机构
341103100202	红山村委会	118.444560	32.197820	0	30	72	村庄
341126107205	洪山村委会	117.673200	32.709189	0	30	72	村庄
341122101204	丁城村委会	118.579944	32.662754	1	80	100	政府机构
341182101203	三界村委会	118.126719	32.574611	0	25	70	乡镇
341122102214	东岳村委会	118.586099	32.232484	1	80	100	政府机构
341182111203	淮宁村委会	117.989000	32.777000	0	14	32	区县
341125100019	定西居委会	117.648537	32.557300	0	16	47	乡镇
341102006009	白云巷社区居委会	118.315560	32.288365	1	80	95	政府机构
341125108203	三甲村委会	117.620546	32.281989	0	25	70	乡镇
341122101212	邢港村委会	118.588277	32.675224	0	25	70	乡镇
341126111001	大溪河社区居委会	117.832031	32.875906	1	80	97	UNKNOWN
341126101001	太平社区居委会	117.677868	32.880693	0	18	66	乡镇
341103103204	广山村委会	118.321301	32.534349	0	18	66	乡镇
341126104203	光明村委会	117.192000	32.704949	0	30	72	村庄
341122102202	新河村委会	118.443470	32.432160	0	30	72	村庄
341181002001	田庄社区居委会	119.023910	32.682931	1	80	97	政府机构
341103104200	珠龙村委会	118.156233	32.369986	0	18	66	乡镇
341126103207	姚郢村委会	117.276405	32.767436	0	18	66	乡镇
341103101002	龙亭社区	118.257250	32.424868	1	80	100	地产小区
341181109201	草洲村委会	119.015687	32.575483	0	18	40	乡镇
341125102209	友爱村委会	117.421774	32.579569	0	16	65	乡镇
341125112209	双桥村委会	117.582830	32.492861	0	30	72	村庄
341122100004	建阳社区居委会	118.373207	32.505872	0	18	66	乡镇
341122105206	杨渡村委会	118.630582	32.351635	0	18	66	乡镇
341126100217	张老庄村委会	117.576658	32.885739	0	16	65	乡镇
341103107210	李集村委会	118.155645	32.261618	0	16	65	乡镇
341125101219	河北魏村委会	117.482461	32.330717	1	80	100	政府机构
341126105500	凤阳县曹店林场	117.399073	32.707078	1	80	100	UNKNOWN
341122108208	冯巷村委会	118.454467	32.251916	0	30	72	村庄
341182105201	王桥村委会	118.250086	32.565398	1	80	100	政府机构
341122103203	汊河村委会	118.585537	32.241031	0	18	40	乡镇
341172002209	石庙村委会	117.983631	31.977330	1	80	100	政府机构
341103102205	皇甫村委会	117.949413	32.280318	0	16	65	乡镇
341126105202	芦山村委会	117.338580	32.792621	0	25	70	乡镇
341182103204	桥南村委会	118.386990	32.656829	0	25	47	乡镇
341125109202	大蒋村委会	117.819432	32.526968	1	80	100	政府机构
341125100023	友谊居委会	117.648537	32.557300	0	16	65	乡镇
341172401498	滁州市经济技术开发区虚拟社区	118.319625	32.271956	0	25	70	乡镇
341182104200	石岩村委会	118.286950	32.842190	0	30	72	村庄
341125100218	斋朗村委会	117.648537	32.557300	0	16	38	乡镇
341122203201	陡山村委会	118.407381	32.629441	1	80	100	政府机构
341125113208	黎安村委会	117.820610	32.514921	0	25	47	乡镇
341125103208	站岗村委会	117.492837	32.362923	0	16	38	乡镇
341103105201	曲亭村委会	118.043276	32.394905	0	16	38	乡镇
341126102206	丁圩村委会	117.315385	32.687063	0	18	66	乡镇
341171001001	十八里店社区	118.400251	32.312609	1	70	100	地产小区
341103100003	银丰社区	118.433112	32.182648	0	16	65	乡镇
341126112206	小岗村委会	117.785640	32.832890	0	30	72	村庄
341182200200	泊岗村委会	118.187726	33.186985	0	25	47	村庄
341122107201	炮嘴村委会	118.439601	32.538005	0	18	40	乡镇
341181002200	戴坝村委会	119.023910	32.682931	1	80	97	政府机构
341126111200	指王村委会	117.819230	32.888821	0	25	55	乡镇
341126101200	琉璃岗村委会	117.677868	32.880693	0	18	40	乡镇
341126104002	凤龙社区居委会	117.209937	32.670185	0	18	49	乡镇
341125101223	严涧村委会	117.286944	32.597064	1	80	95	UNKNOWN
341182107206	肖刘村委会	117.912030	32.936074	0	18	40	乡镇
341126112210	姚湾村委会	117.820780	32.782501	0	30	72	村庄
341181106208	头墩村委会	118.952973	32.682044	1	80	100	政府机构
341126102210	新光村委会	117.285080	32.641731	0	30	72	村庄
341124109207	郑桥村委会	118.182973	31.959518	1	80	100	政府机构
341182110202	蔬菜村委会	118.146870	33.091660	0	25	70	乡镇
341182100202	岭西村委会	118.263888	32.551051	0	16	65	乡镇
341126201202	老观村委会	117.729119	32.972579	0	18	66	村庄
341126105214	黄庙村委会	117.338580	32.792621	0	25	70	乡镇
341122110205	仰山村委会	118.475900	32.512271	0	30	72	村庄
341122100205	十里村委会	118.373207	32.505872	0	18	66	乡镇
341182001008	南大寺社区居委会	117.992360	32.777588	1	80	95	政府机构
341103104001	清流社区	118.156233	32.369986	0	18	66	乡镇
341103101203	草王村委会	118.349949	32.099389	1	80	100	政府机构
341126106204	邬岗村委会	117.532715	32.755910	0	18	66	乡镇
341124105204	喻河村委会	117.984810	32.080730	0	30	58	UNKNOWN
341124100006	太平居委会	118.270621	32.101190	1	80	100	政府机构
341182002203	抹山村委会	118.007400	32.843731	0	30	58	村庄
341125104001	朱湾居委会	117.467594	32.481614	0	18	49	乡镇
341125101203	河头村委会	117.283750	32.527241	0	30	72	村庄
341125111203	后李村委会	117.924500	32.659239	0	30	72	村庄
341125114001	蒋集居委会	117.463498	32.271272	0	18	66	乡镇
341102007205	八里村委会	118.345080	32.317470	1	80	97	政府机构
341126108001	总铺社区居委会	117.731066	32.757837	0	16	47	乡镇
341181100201	高尚村委会	118.939250	32.887019	0	25	70	乡镇
341102010201	关山村民委员会	118.298600	32.329511	1	80	95	政府机构
341181110201	老山村委会	118.918130	32.563730	0	30	72	村庄
341125100015	城北居委会	117.648537	32.557300	0	16	65	乡镇
341124102200	汪店村委会	117.958447	31.957692	1	80	100	政府机构
341126107209	宋集村委会	117.641398	32.682240	0	18	66	乡镇
341125106207	仁和村委会	117.935219	32.443789	0	30	72	村庄
341122101208	马头村委会	118.529710	32.714820	0	30	72	村庄
341124101206	石涧村委会	117.995629	31.915194	0	18	66	乡镇
341125115201	三官村委会	117.776156	32.275910	0	18	66	乡镇
341125105201	浮山村委会	117.581430	32.331361	0	30	72	村庄
341181103207	大通村委会	118.882355	32.806384	0	16	65	乡镇
341126109201	界牌村委会	117.808049	32.660281	1	80	100	政府机构
341125106211	川心村委会	117.932206	32.402688	0	18	66	乡镇
341181111001	张铺社区居委会	118.789429	32.756890	1	80	95	地产小区
341181101001	于洼社区居委会	118.789200	32.604401	0	30	72	UNKNOWN
341124100010	秦岗居委会	118.277600	32.076919	0	30	72	村庄
341125200001	严桥居委会	117.674938	32.448008	0	18	66	村庄
341125205203	肖巷村委会	117.715326	32.629748	0	18	66	村庄
341122108204	涧里村委会	118.436000	32.452101	0	14	37	区县
341125101215	年东村委会	117.232670	32.545228	0	16	38	乡镇
341182001205	卞庄村委会	117.992360	32.777588	1	80	97	政府机构
341124106202	联盟村委会	118.161920	32.137640	0	30	72	村庄
341126108502	凤阳县园艺场	117.731066	32.757837	0	16	65	乡镇
341122100008	永阳社区居委会	118.373207	32.505872	0	18	66	乡镇
341125112205	青山村委会	117.492970	32.593759	0	30	72	村庄
341182108203	安淮村委会	118.173702	32.957610	0	18	66	乡镇
341172001002	十三里店社区居委会	118.370292	32.293390	1	80	50	工业园区
341125102205	凌湖村委会	117.421774	32.579569	0	16	65	乡镇
341103003003	湖心路社区	118.340990	32.256899	1	80	97	政府机构
341125107210	大王村委会	117.847168	32.460025	1	80	100	政府机构
341125203206	大秦村委会	117.331270	32.481381	0	30	72	村庄
341181002021	西湖社区居委会	119.023910	32.682931	1	80	97	政府机构
341182103208	乌山村委会	118.332752	32.703962	0	30	72	村庄
341102007004	营房社区居委会	118.345080	32.317470	1	80	97	政府机构
341126108200	寺山村委会	117.731066	32.757837	0	16	65	乡镇
341182001012	林庄社区居委会	117.992360	32.777588	1	80	97	政府机构
341181102206	联盟村委会	119.202090	32.600441	0	30	72	村庄
341181112206	石庙村委会	118.872442	32.619875	0	18	66	乡镇
341125101002	迎宾东路居委会	117.243776	32.547353	0	60	87	道路
341124100207	教场村委会	118.232240	32.105460	0	30	72	UNKNOWN
341103102209	鸦窝村委会	117.949413	32.280318	0	16	38	乡镇
341125103204	耿巷村委会	117.492837	32.362923	0	16	65	乡镇
341182109202	白阳村委会	118.016139	32.969764	0	18	66	乡镇
341125113204	青春村委会	117.831690	32.550771	0	30	72	村庄
341124107203	杨庄村委会	118.311289	32.112070	1	80	100	政府机构
341124102001	大墅居委会	117.947190	32.018521	0	25	55	乡镇
341181500402	大圹圩第三社区居委会	119.095338	32.741094	1	80	97	UNKNOWN
341125100214	连环村委会	117.648537	32.557300	0	16	38	乡镇
341122109205	史郢村委会	118.639257	32.588170	1	80	100	政府机构
341125204202	三苏村委会	117.687169	32.296507	0	18	66	乡镇
341181105202	石龙村委会	118.931680	32.667649	0	30	72	村庄
341125103212	延寿村委会	117.492837	32.362923	0	16	65	乡镇
341126100221	老人桥村委会	117.576658	32.885739	0	16	47	乡镇
341181106204	仓房村委会	119.078650	32.538131	0	30	72	村庄
341125110202	仓南村委会	117.762686	32.384536	1	80	100	政府机构
341182003202	仓湖村委会	118.019560	32.671146	1	80	94	政府机构
341124104205	中心村委会	118.223761	32.014034	1	80	95	地产小区
341122100209	永兴村委会	118.345220	32.450860	0	30	72	村庄
341126106208	山南村委会	117.532715	32.755910	0	18	66	乡镇
341182001004	女山社区居委会	117.992360	32.777588	1	80	95	政府机构
341182004206	马岗村委会	117.947797	32.849427	1	80	95	政府机构
341124103201	上陶村委会	118.085767	31.945988	1	80	100	政府机构
341125101014	年家岗居委会	117.210256	32.610847	1	80	97	政府机构
341126400003	门台社区居委会	117.535070	32.911026	0	25	55	乡镇
341181111200	尚武村委会	118.790830	32.784911	0	18	40	乡镇
341126105218	武巷村委会	117.338580	32.792621	0	25	47	乡镇
341181104002	小关社区居委会	119.093114	32.811783	0	16	65	乡镇
341181101200	三店村委会	118.753043	32.660849	0	18	66	乡镇
341125200201	官东村委会	117.674938	32.448008	0	18	66	村庄
341126400002	方邱湖社区居委会	117.535070	32.911026	0	25	70	乡镇
341125101015	青洛居委会	117.232670	32.545228	0	16	65	乡镇
341181111201	团结村委会	118.781921	32.743579	0	30	72	村庄
341126105219	太山村委会	117.323439	32.808006	0	30	72	村庄
341181104003	龙集社区居委会	119.047590	32.837959	1	80	100	政府机构
341181101201	叶营村委会	118.753043	32.660849	0	18	66	乡镇
341102004003	龙池社区居委会	118.309380	32.312034	1	80	97	政府机构
341122100208	姜湖村委会	118.373207	32.505872	0	18	40	乡镇
341122110208	苟滩村委会	118.436000	32.452101	0	14	37	区县
341125107207	青岗村委会	117.841770	32.575460	0	30	72	村庄
341126106209	高陈村委会	117.532715	32.755910	0	18	66	乡镇
341182001005	吕郢社区居委会	117.992360	32.777588	1	80	95	政府机构
341182004207	梁山村委会	117.947797	32.849427	1	80	97	政府机构
341124103200	太平村委会	118.136386	31.936987	0	16	65	乡镇
341125110203	观寺村委会	117.765856	32.398770	0	18	66	乡镇
341125115001	大桥社区居委会	117.776156	32.275910	0	18	66	乡镇
341125105001	机关居委会	117.635348	32.372528	0	16	65	乡镇
341182003203	林圩村委会	118.019560	32.671146	1	80	97	政府机构
341124104204	沙石村委会	118.247615	31.990059	0	18	66	乡镇
341125103213	大户村委会	117.569691	32.283047	1	80	100	政府机构
341126100220	北墙村委会	117.576658	32.885739	0	16	65	乡镇
341181106205	鲍岗村委会	119.077472	32.538880	0	18	66	乡镇
341126109001	红心社区居委会	117.837651	32.688527	0	18	49	乡镇
341125100215	宫集村委会	117.648537	32.557300	0	16	65	乡镇
341122109204	青龙村委会	118.659600	32.466951	0	30	72	村庄
341125201001	拂晓居委会	118.022832	32.572431	0	18	49	村庄
341125204203	小岗村委会	117.710729	32.281991	0	30	72	村庄
341181105203	何庄村委会	118.812885	32.683432	1	80	100	政府机构
341181100001	乔田社区居委会	118.961474	32.826862	1	70	92	地产小区
341181110001	向阳社区居委会	118.952322	32.591530	1	80	100	政府机构
341125103205	大魏村委会	117.515885	32.406584	0	30	72	村庄
341182109203	大夏村委会	118.016139	32.969764	0	18	66	乡镇
341125113205	桑北村委会	117.820610	32.514921	0	25	47	乡镇
341124107202	百子村委会	118.350520	32.085340	0	30	72	村庄
341125104201	大户陆村委会	117.726733	32.488672	1	80	100	政府机构
341125114201	蒋岗村委会	117.432157	32.293482	1	80	100	政府机构
341124100206	八波村委会	118.278720	32.071129	0	25	43	乡镇
341103102208	陆岗村委会	117.949413	32.280318	0	16	65	乡镇
341125107211	七里河村委会	117.950629	32.519221	0	25	70	乡镇
341103003002	紫薇南路社区	118.340990	32.256899	1	80	100	政府机构
341125203207	韩圩村委会	117.335116	32.482447	0	18	66	乡镇
341182103209	杨港村委会	118.386990	32.656829	0	25	70	乡镇
341181002020	胭脂山社区居委会	119.023910	32.682931	1	80	95	政府机构
341126108201	鹿塘村委会	117.731066	32.757837	0	16	65	乡镇
341102007005	沿河社区居委会	118.345080	32.317470	1	80	97	政府机构
341181102207	庆祝村委会	119.158478	32.604193	0	25	70	乡镇
341182001013	赵府社区居委会	117.992360	32.777588	1	80	95	政府机构
341181112207	勤东村委会	118.872442	32.619875	0	18	40	乡镇
341124106203	枣岭村委会	118.146437	32.160839	0	18	66	乡镇
341124103001	二郎街道居委会	118.136386	31.936987	0	16	47	乡镇
341122100009	新城社区居委会	118.373207	32.505872	0	18	66	乡镇
341125112204	张庄村委会	117.548684	32.538492	1	80	100	政府机构
341182108202	对龙村委会	118.236029	33.017954	1	80	100	政府机构
341172001003	陈桥社区居委会	118.309556	32.266121	1	80	100	政府机构
341125102204	祝扬村委会	117.421774	32.579569	0	16	38	乡镇
341181104202	沂湖村委会	119.069760	32.802940	0	50	73	UNKNOWN
341124100011	南屏居委会	118.275259	32.081820	1	80	100	政府机构
341125205202	赵塘村委会	117.757680	32.603980	0	30	72	村庄
341122108205	三城村委会	118.436000	32.452101	0	14	37	区县
341181103206	冯安村委会	118.882355	32.806384	0	16	38	乡镇
341126109200	三里村委会	117.837651	32.688527	0	18	66	乡镇
341102006004	凤凰湖社区居委会	118.315560	32.288365	1	80	95	政府机构
341125202206	朱程村委会	117.338894	32.615678	0	18	40	村庄
341125106210	下马村委会	117.867055	32.237986	1	80	100	政府机构
341124101207	独山村委会	118.000630	31.944241	0	30	72	村庄
341125110002	观寺居委会	117.765856	32.398770	0	18	49	乡镇
341125100002	迎宾路居委会	117.692737	32.528211	1	80	100	政府机构
341124102201	黄集村委会	117.995660	31.973114	1	80	100	政府机构
341181103210	连塘村委会	118.827233	32.769759	1	80	100	政府机构
341126107208	河南村委会	117.577900	32.671010	0	30	72	村庄
341125106206	大徐村委会	117.935470	32.404645	1	80	100	政府机构
341122101209	罗庄村委会	118.546430	32.607881	0	30	72	村庄
341181105002	十八集社区居委会	118.928793	32.683004	1	80	100	政府机构
341102010200	城西村民委员会	118.298600	32.329511	1	80	95	政府机构
341181110200	鲍桥村委会	118.947899	32.586978	0	18	66	乡镇
341125105216	张桥村民委员会	117.626760	32.330560	0	30	72	村庄
341102007204	沙岗村委会	118.345080	32.317470	1	80	97	政府机构
341181107204	蒲东村委会	119.067640	32.774010	0	30	72	村庄
341125102212	山东陈村委会	117.450246	32.596871	0	30	72	村庄
341124105205	黄安村委会	118.036407	32.023093	0	18	66	乡镇
341124100007	城东居委会	118.278720	32.071129	0	25	70	乡镇
341182002202	唐郢村委会	118.114169	32.924662	1	80	100	政府机构
341125101202	俞圩村委会	117.232670	32.545228	0	16	38	乡镇
341125111202	前吴村委会	117.955170	32.607951	0	30	72	村庄
341122110204	庞河村委会	118.436000	32.452101	0	14	32	区县
341182001009	花园社区居委会	118.001026	32.775390	1	80	100	政府机构
341126106205	杨岗村委会	117.532715	32.755910	0	18	66	乡镇
341103101202	白米村委会	118.258542	32.426316	0	18	66	乡镇
341181109001	关塘社区居委会	119.016840	32.602083	1	80	95	地产小区
341182110203	柳塘村委会	118.153242	33.112494	1	80	100	政府机构
341182100203	岭东村委会	118.263888	32.551051	0	16	65	乡镇
341182105001	石坝社区居委会	118.124190	32.755781	0	25	70	乡镇
341126201203	牛王村委会	117.729119	32.972579	0	18	66	村庄
341126105215	席岗村委会	117.338580	32.792621	0	25	47	乡镇
341125101222	大单村委会	117.232670	32.545228	0	16	38	乡镇
341182107207	岗王村委会	118.193585	32.803670	1	80	100	政府机构
341126112211	乔山村委会	117.835860	32.805924	0	16	65	乡镇
341126102211	金淮村委会	117.315385	32.687063	0	18	40	乡镇
341124109206	草庵村委会	118.145340	32.072029	0	30	72	村庄
341182200201	新淮村委会	118.179930	33.209901	0	30	72	村庄
341181002201	广宁村委会	119.023910	32.682931	1	80	97	政府机构
341122107200	和平村委会	118.439601	32.538005	0	18	49	乡镇
341126111201	圣庙村委会	117.819230	32.888821	0	25	47	乡镇
341126101201	向阳村委会	117.677868	32.880693	0	18	49	乡镇
341103106206	东陈村委会	118.369930	32.232991	0	30	72	村庄
341125113209	南杨村委会	117.823060	32.458394	1	80	100	政府机构
341125103209	官塘村委会	117.493360	32.324019	0	30	72	村庄
341181108201	雷庄村委会	118.851547	32.595346	1	80	100	政府机构
341126102207	耿陆村委会	117.315385	32.687063	0	18	40	乡镇
341124109210	赵店村委会	118.150060	32.065657	0	16	65	乡镇
341103105200	横塘村委会	118.082180	32.405360	0	30	72	村庄
341103100002	锦绣湖社区	118.425139	32.196148	0	50	100	地产小区
341126112207	梨园村委会	117.768690	32.858171	0	30	72	村庄
341182104201	涧溪村委会	118.250077	32.787080	0	16	65	乡镇
341122203200	志凡村委会	118.443121	32.655019	0	18	40	乡镇
341125100219	民生村委会	117.645289	32.577791	0	30	72	村庄
341182103205	梅花村委会	118.413180	32.675250	0	30	72	村庄
341125109203	龙集村委会	117.867692	32.289134	0	18	66	乡镇
341122103202	张堡村委会	118.631467	32.207164	1	80	100	政府机构
341172002208	高郢村委会	118.352607	32.386779	1	80	100	政府机构
341126100001	府东社区居委会	117.566481	32.866215	1	80	100	政府机构
341126105203	时圩村委会	117.338580	32.792621	0	25	70	乡镇
341103102204	章广村委会	117.949413	32.280318	0	16	38	乡镇
341126110001	板桥社区居委会	117.728395	32.852619	0	18	66	乡镇
341122103500	汪波荡农场	118.549816	32.210183	1	80	100	UNKNOWN
341126100216	庙山村委会	117.495960	32.855419	0	30	72	村庄
341182105200	津里村委会	118.124190	32.755781	0	25	55	乡镇
341126113206	花园湖村委会	117.817346	33.010825	0	18	66	乡镇
341126103206	宫庄村委会	117.276405	32.767436	0	18	66	乡镇
341103104201	北关村委会	118.182830	32.362021	0	30	72	村庄
341181109200	冶山村委会	119.015687	32.575483	0	18	66	乡镇
341125102208	古城村委会	117.380050	32.587179	0	30	72	村庄
341125112208	南阳村委会	117.523500	32.493541	0	30	72	村庄
341122100005	新河社区居委会	118.373207	32.505872	0	18	66	乡镇
341122105207	桥湾村委会	118.630582	32.351635	0	18	66	乡镇
341126104202	大刘村委会	117.206780	32.699510	0	30	72	村庄
341122102203	夹埂村委会	118.502213	32.340870	0	16	65	乡镇
341182102204	管店村委会	118.099447	32.662472	0	18	66	乡镇
341122101213	松郢村委会	118.588277	32.675224	0	25	70	乡镇
341125400001	黎明社区居委会	117.706028	32.510015	0	30	72	乡镇
341182101202	碾城村委会	118.126719	32.574611	0	25	47	乡镇
341182111202	义集村委会	118.108354	33.131017	0	18	40	乡镇
341125100018	双塘居委会	117.699860	32.531931	0	30	72	村庄
341103105001	大柳社区	118.043276	32.394905	0	16	65	乡镇
341126107204	凤阳山村委会	117.641398	32.682240	0	18	40	乡镇
341103100203	新华村委会	118.482940	32.181191	0	30	72	村庄
341122101205	马厂村委会	118.588277	32.675224	0	25	70	乡镇
341126100200	教场村委会	117.582333	32.855470	1	80	97	UNKNOWN
341103107207	杨饭店村委会	118.155645	32.261618	0	16	38	乡镇
341126105002	官沟社区居委会	117.338580	32.792621	0	25	70	乡镇
341182100501	白米山农场四分场村委会	118.253660	32.558141	1	80	97	UNKNOWN
341126110200	余湾村委会	117.728395	32.852619	0	18	66	乡镇
341124105209	三合村委会	118.036407	32.023093	0	18	66	乡镇
341122106201	龙山村委会	118.560637	32.476188	0	18	49	乡镇
341126103210	全心村委会	117.276405	32.767436	0	18	40	乡镇
341124108207	龙山村委会	118.227251	32.165683	1	80	100	政府机构
341125109002	永宁居委会	117.867692	32.289134	0	18	66	乡镇
