341302201209	王塘村委会	117.168287	33.911248	0	18	66	村庄
341321101210	梅屯村委会	116.307027	34.456959	1	80	100	政府机构
341324103216	街南村委会	117.727732	33.391390	0	16	65	乡镇
341302108211	周家村委会	117.078426	33.622789	1	80	100	政府机构
341321102200	卞楼社区村委会	116.483170	34.369239	0	30	58	UNKNOWN
341323107209	九集村委会	117.512727	33.957171	1	80	95	UNKNOWN
341321112200	程庄村委会	116.584653	34.327404	0	18	66	乡镇
341321100006	东城社区居委会	116.389022	34.455864	0	18	66	乡镇
341321105204	洪庄新村村委会	116.442306	34.579792	0	18	40	乡镇
341324107202	袁张村委会	118.109732	33.711976	0	18	66	乡镇
341322109204	杜老楼村委会	116.891823	34.276012	1	80	100	政府机构
341321106214	权集村委会	116.389115	34.486084	1	80	100	政府机构
341302402202	邵杨村委会	116.958182	33.695070	0	30	51	乡镇
341324200204	龙湖村委会	117.898879	33.392067	0	18	49	乡镇
341302010001	光彩社区居民委员会	116.954739	33.629989	1	80	92	地产小区
341302003007	港口社区	117.002550	33.634360	1	80	100	政府机构
341321105212	孙集村委会	116.433773	34.619685	0	80	72	村庄
341322109212	业庄村委会	116.840401	34.174246	0	18	66	乡镇
341371400209	展桥村委会	117.218270	33.645281	0	30	58	道路
341324104204	邵庄村委会	117.846806	33.604853	1	80	100	政府机构
341321106202	和平新村村委会	116.362890	34.562449	0	25	47	乡镇
341302105209	魏寨村委会	117.066360	33.892869	0	16	65	乡镇
341322100208	王大庄村委会	116.923983	34.169913	0	18	66	乡镇
341322110208	瓦子口村委会	116.944711	34.111200	0	18	66	乡镇
341321111206	杨集村委会	116.528684	34.427996	0	25	70	乡镇
341324103200	草沟村委会	117.727732	33.391390	0	16	65	乡镇
341302007013	美庐社区居民委员会	116.966880	33.641458	0	30	51	乡镇
341321101206	赵屯村委会	116.246723	34.425899	1	80	100	政府机构
341302108207	团结村委会	117.198668	33.796998	0	18	49	乡镇
341302004003	铁路社区居委会	116.994347	33.640847	1	80	100	政府机构
341323203209	沟涯村委会	117.694304	33.780767	0	18	40	村庄
341323109201	赵庄村委会	117.596800	33.921050	0	30	72	村庄
341321102001	振兴社区居委会	116.456830	34.385467	0	25	70	乡镇
341321107203	岳庄坝村委会	116.252170	34.499500	0	30	51	村庄
341324105205	曹场村委会	117.758132	33.700375	0	18	40	乡镇
341322108213	张朴楼村委会	116.714499	34.211210	0	18	66	乡镇
341302209204	张吴村委会	117.013371	33.536519	0	25	55	乡镇
341324202203	小薛村委会	117.937595	33.664362	0	25	70	村庄
341321401008	便民社区居委会	116.414751	34.300102	0	18	49	乡镇
341323108200	杨山村委会	117.477430	33.998432	0	30	72	村庄
341302005002	纺织路社区居委会	116.992938	33.617984	1	80	100	政府机构
341323202208	韩墩村委会	117.605153	33.779346	0	18	66	村庄
341324111211	徐贺村委会	117.891081	33.567572	0	18	40	乡镇
341302109206	碾盘村委会	117.122244	33.721328	0	18	66	乡镇
341302107218	胡梁村委会	117.340018	33.790642	0	18	40	乡镇
341324102201	石丁村委会	117.826908	33.371441	0	18	40	乡镇
341302006012	淮海社区居委会	116.970117	33.621641	0	30	72	乡镇
341322111209	戴柿元村委会	116.758420	34.134442	0	18	35	乡镇
341322101209	杨阁村委会	116.791347	34.076231	1	80	100	政府机构
341302104208	闵祠村委会	117.123163	33.980981	1	80	100	政府机构
341324111207	彭鲍村委会	117.891081	33.567572	0	18	40	乡镇
341323106208	浍沟村委会	117.560034	33.756214	0	25	47	乡镇
341321103201	和谐村委会	116.583076	34.418705	0	18	40	乡镇
341323108216	程庙村委会	117.472284	33.988649	0	18	40	乡镇
341321100211	徐井村委会	116.389022	34.455864	0	18	66	乡镇
341302210208	夏王村委会	117.300900	33.678930	0	25	70	乡镇
341302200208	程庄村委会	117.016423	33.402484	1	80	100	政府机构
341323400003	东关居委会	117.581153	33.531904	0	25	70	乡镇
341324201205	小丁村委会	117.764781	33.622439	0	18	66	村庄
341324105213	东北村委会	117.805511	33.731300	0	30	72	村庄
341324100011	高尤社区	117.870415	33.486051	0	18	66	乡镇
341322108205	三座楼村委会	116.710686	34.207854	1	80	100	政府机构
341324106203	万安村委会	117.861971	33.674425	0	18	66	乡镇
341321104205	土山村委会	116.270965	34.521396	1	80	100	政府机构
341322100009	城西社区居委会	116.924701	34.181050	1	80	100	政府机构
341372001003	河拐社区居委会	116.964000	33.646199	0	10	28	城市
341302106203	大旺村委会	117.248185	33.915162	0	18	66	乡镇
341322103202	赵堂村委会	116.765659	34.349849	0	18	66	乡镇
341322113202	胡庄村委会	116.641233	34.038160	0	20	50	乡镇
341323107205	杨庄村委会	117.501343	33.949576	1	80	100	政府机构
341323203213	王场村委会	117.669495	33.812562	1	80	100	政府机构
341302105213	青山村委会	117.059550	33.845030	0	30	72	村庄
341302211205	柳沟村委会	117.254020	33.734149	0	30	72	村庄
341322204204	陶楼村委会	116.895351	34.219344	1	80	100	政府机构
341302201205	曹庄村委会	117.268520	33.874050	0	30	72	村庄
341323104215	杨疃村委会	117.471331	33.655891	0	18	40	乡镇
341323200203	苏圩村委会	117.595343	33.457655	0	18	66	村庄
341302007009	振兴社区居委会	116.966880	33.641458	0	30	72	乡镇
341322203200	庄里村委会	117.025987	34.008893	0	18	49	村庄
341322109208	杜庄村委会	116.856590	34.194421	0	30	72	村庄
341323103211	双任村委会	117.376686	33.547979	0	16	38	乡镇
341321108206	洪河村委会	116.202228	34.461647	0	18	49	乡镇
341324200208	大季村委会	117.898879	33.392067	0	18	66	乡镇
341302101207	花庄村委会	117.181110	33.478510	0	30	72	村庄
341322104206	郭套村委会	116.716981	34.451449	0	50	73	UNKNOWN
341322101004	镇南社区居委会	116.684641	34.362188	0	18	66	乡镇
341302111207	前进村委会	117.096500	33.514160	0	25	55	乡镇
341322114206	河西村委会	116.558339	34.145524	0	30	72	村庄
341324109210	陈圩村委会	118.098973	33.696322	1	80	100	政府机构
341323100201	周田村委会	117.521049	33.532292	0	18	66	乡镇
341323110201	磬云村委会	117.595451	33.869235	0	18	40	乡镇
341321105208	周楼村委会	116.457353	34.537221	1	80	100	政府机构
341322117200	前白村委会	117.091923	34.056786	0	18	66	乡镇
341302112201	东坪集村委会	116.936705	33.489954	1	80	100	政府机构
341322107200	大屯村委会	116.601321	34.218367	0	18	49	乡镇
341302102201	二铺村委会	117.127029	33.616737	0	18	66	乡镇
341324104208	大陈村委会	117.733193	33.534027	0	16	47	乡镇
341323103207	吴塘村委会	117.356460	33.523300	0	30	72	村庄
341371400205	大张村委会	117.006900	33.563089	0	30	72	村庄
341322114210	崔口村委会	116.634240	34.096770	0	30	72	村庄
341302111211	兴隆村委会	117.096500	33.514160	0	25	55	乡镇
341322104210	杜集村委会	116.676605	34.417353	1	80	100	政府机构
341302101211	丁桥村委会	117.114102	33.445509	1	80	100	政府机构
341323110217	纸房村委会	117.595451	33.869235	0	18	66	乡镇
341323204201	河北村委会	117.582320	33.666401	0	30	72	村庄
341324109206	大魏村委会	118.090051	33.541039	0	30	72	村庄
341302202203	马台村委会	117.356048	33.902924	0	18	66	村庄
341321402203	薛口村村委会	116.289706	34.390542	1	80	100	政府机构
341302106215	小集村委会	117.248185	33.915162	0	18	66	乡镇
341323203205	沙滩村委会	117.656100	33.794700	0	30	72	村庄
341323107213	尤西村委会	117.465421	33.911660	0	18	40	乡镇
341322110204	胜利村委会	116.971540	34.040231	0	30	72	村庄
341322100204	刘行村委会	116.923983	34.169913	0	18	66	乡镇
341302105205	镇头村委会	117.066360	33.892869	0	16	65	乡镇
341323104203	庙王村委会	117.471331	33.655891	0	18	66	乡镇
341302009001	汴北社区	117.008141	33.698417	0	18	49	乡镇
341324108207	潼南村委会	118.052410	33.682804	0	18	40	乡镇
341323205200	田万村委会	117.621612	33.568595	0	18	66	村庄
341323111216	青谷堆村委会	117.690351	33.845566	0	18	40	乡镇
341302100210	黄桥村委会	116.999480	33.779910	0	30	72	村庄
341322100013	黄山社区居民委员会	116.923983	34.169913	0	18	40	乡镇
341302110210	瓦房村委会	117.352980	33.646582	0	30	72	村庄
341322201207	酒店村委会	116.667624	34.275563	0	18	66	村庄
341302101401	矿二分会居委会	117.182649	33.510347	0	18	66	乡镇
341302204206	周寨村委会	117.047697	33.453325	1	80	100	政府机构
341323102206	张龙村委会	117.462244	33.418856	0	18	66	乡镇
341321109211	汪大楼村委会	116.375281	34.362292	0	18	66	乡镇
341324105209	王宅村委会	117.730510	33.711629	0	30	72	村庄
341323112206	大卢村委会	117.695429	33.734005	0	30	72	村庄
341302103200	褚兰村委会	117.344146	34.022546	0	18	40	乡镇
341322106201	黄楼村委会	116.828520	34.297309	0	30	72	村庄
341302113200	蕲县村委会	117.018204	33.432390	0	18	40	乡镇
341322116201	费村村委会	117.046006	34.076410	1	80	100	政府机构
341323105202	杜庵村委会	117.451493	33.767584	0	18	66	乡镇
341302104204	小山口村委会	117.142099	34.009768	0	18	66	乡镇
341322101205	瓦房村委会	116.666360	34.366540	0	30	72	村庄
341302114204	镇西村委会	116.967369	33.348830	0	18	49	乡镇
341322111205	杨集村委会	116.758420	34.134442	0	18	66	乡镇
341323106212	凤山村委会	117.525020	33.811121	0	30	72	村庄
341323202204	苏宅村委会	117.605153	33.779346	0	18	66	村庄
341302107214	油坊村委会	117.290630	33.811321	0	30	72	村庄
341302203202	濉河村委会	117.315364	33.752323	0	50	73	UNKNOWN
341323201202	岳巷村委会	117.465065	33.847179	0	18	40	村庄
341323105214	张集村委会	117.451493	33.767584	0	18	66	乡镇
341322111213	吴河涯村委会	116.728283	34.158687	1	80	95	UNKNOWN
341302200204	林庄村委会	117.283720	34.068591	0	30	72	村庄
341302210204	梨园村委会	117.367541	33.662430	0	30	72	村庄
341302104212	河北村委会	117.137180	33.965509	0	30	72	村庄
341323202212	胡堆村委会	117.605153	33.779346	0	18	40	村庄
341323106204	唐灵村委会	117.560034	33.756214	0	25	47	乡镇
341322112203	穆寨村委会	116.702631	34.061738	0	18	40	乡镇
341322102203	张口村委会	116.848615	34.347637	0	18	40	乡镇
341302107202	从营村委会	117.340018	33.790642	0	18	40	乡镇
341321104209	窦集村委会	116.459335	34.522977	1	80	100	政府机构
341323111200	高楼村委会	117.703181	33.834053	1	80	100	政府机构
341323101200	陈园村委会	117.516520	33.365751	0	30	72	村庄
341302110206	汪刘村委会	117.255685	33.579056	0	16	38	乡镇
341322201211	西赵楼村委会	116.667624	34.275563	0	18	66	村庄
341322105207	芈集村委会	116.945495	34.345984	0	18	40	乡镇
341322100005	虎山社区居委会	116.928147	34.173228	1	80	100	政府机构
341302100206	王楼村委会	117.231523	33.863458	1	80	100	政府机构
341323112210	吴杨村委会	117.656590	33.683227	0	18	66	乡镇
341323102210	柯湖村委会	117.462244	33.418856	0	18	40	乡镇
341321109207	薛楼村委会	116.353840	34.366899	0	30	72	村庄
341324201209	马宅村委会	117.805780	33.616519	0	30	72	村庄
341322108209	吴集村委会	116.714499	34.211210	0	18	66	乡镇
341302207200	永镇村委会	117.040093	33.334396	0	18	49	村庄
341322202201	程蒋山村委会	116.768848	34.052961	0	18	40	乡镇
341321402002	孟饭棚社区居委会	116.361263	34.392789	1	70	92	UNKNOWN
341302106500	老海寺林场	117.248185	33.915162	0	18	49	乡镇
341323112211	沟涯村委会	117.656590	33.683227	0	18	40	乡镇
341324201208	吴集村委会	117.764781	33.622439	0	18	66	村庄
341323102211	朱圩村委会	117.462244	33.418856	0	18	66	乡镇
341321109206	赵岗村委会	116.330959	34.376991	0	30	72	村庄
341322108208	汪屯村委会	116.703611	34.208191	1	80	100	政府机构
341302207201	单圩村委会	117.040093	33.334396	0	18	66	村庄
341322202200	孙圩子村委会	116.787465	34.062022	1	80	100	政府机构
341321402003	道南路社区居委会	116.326579	34.396822	0	18	49	乡镇
341324400005	东发社区	117.939228	33.485100	0	25	70	乡镇
341321104208	贾寨村委会	116.511735	34.511342	0	18	66	乡镇
341323111201	卓圩村委会	117.690351	33.845566	0	18	40	乡镇
341323101201	丁李村委会	117.585475	33.384843	0	18	40	乡镇
341322115206	吴庄村委会	116.971936	34.113907	0	30	72	村庄
341322201210	何寨村委会	116.608993	34.271917	1	80	100	政府机构
341302110207	梁场村委会	117.255685	33.579056	0	16	65	乡镇
341322105206	赵庄村委会	116.941000	34.325940	0	30	72	村庄
341322100004	凤山社区居委会	116.934753	34.185167	1	80	100	政府机构
341302100207	尖山村委会	116.997280	33.879450	0	30	72	村庄
341323106205	申村村委会	117.533096	33.814301	1	80	100	政府机构
341322112202	孙楼村委会	116.662610	34.082859	0	30	72	村庄
341302112001	钱营社区	116.973506	33.504064	0	18	66	乡镇
341322102202	余洼村委会	116.848615	34.347637	0	18	66	乡镇
341302102001	六合居委会	117.127029	33.616737	0	18	66	乡镇
341302107203	时南村委会	117.340018	33.790642	0	18	49	乡镇
341302006009	煤电社区居民委员会	116.970117	33.621641	0	30	51	乡镇
341323201203	星光村委会	117.511853	33.889133	0	30	72	村庄
341323105215	李大庄村委会	117.451493	33.767584	0	18	66	乡镇
341302200205	苏湖村委会	117.240590	34.029203	0	18	66	村庄
341322111212	郝洼村委会	116.758420	34.134442	0	18	40	乡镇
341302210205	双盛村委会	117.300900	33.678930	0	25	70	乡镇
341322101212	张寨村委会	116.724130	34.361549	0	30	72	村庄
341302104213	陈町村委会	117.142099	34.009768	0	18	40	乡镇
341323106213	车李村委会	117.560034	33.756214	0	25	47	乡镇
341323202205	大庄村委会	117.613852	33.814190	0	30	72	村庄
341302107215	刁山村委会	117.288510	33.830501	0	30	58	村庄
341302203203	后寨村委会	117.247192	33.758451	0	18	66	村庄
341302008001	北关社区居委会	116.979667	33.657802	1	80	100	政府机构
341323105203	程刘村委会	117.451493	33.767584	0	18	40	乡镇
341323100001	太平社区	117.521049	33.532292	0	18	66	乡镇
341322101204	暗楼村委会	116.684641	34.362188	0	18	66	乡镇
341302114205	镇南村委会	116.967369	33.348830	0	18	49	乡镇
341322111204	苏庄村委会	116.713211	34.092099	0	30	72	村庄
341323102207	宋河村委会	117.462244	33.418856	0	18	66	乡镇
341321109210	刷集村委会	116.358607	34.335496	1	80	95	UNKNOWN
341324105208	巩沟村委会	117.758132	33.700375	0	18	40	乡镇
341323112207	四张村委会	117.656590	33.683227	0	18	40	乡镇
341302103201	岗孜村委会	117.344146	34.022546	0	18	40	乡镇
341302209209	邵圩村委会	117.013371	33.536519	0	25	70	乡镇
341322106200	马井村委会	116.819621	34.262757	1	80	100	政府机构
341302113201	邱元村委会	117.018204	33.432390	0	18	66	乡镇
341322116200	白土村委会	117.051513	34.097421	0	18	66	乡镇
341324108206	张谷村委会	118.010483	33.676457	1	80	100	政府机构
341323205201	凌巷村委会	117.621612	33.568595	0	18	40	村庄
341323111217	高庄村委会	117.645488	33.827976	0	30	72	村庄
341302100211	灵寺村委会	117.019145	33.767728	1	80	100	政府机构
341322100012	黄桥社区居委会	116.923983	34.169913	0	18	66	乡镇
341321401005	神湖社区居委会	116.414751	34.300102	0	18	49	乡镇
341322201206	单庄村委会	116.690569	34.279696	1	80	100	政府机构
341302101400	矿一分会居委会	117.182649	33.510347	0	18	66	乡镇
341302204207	岳桥村委会	117.071028	33.770315	0	18	66	村庄
341322110205	郭庄村委会	116.871310	34.088111	0	30	72	村庄
341302105204	湖町村委会	117.066360	33.892869	0	16	38	乡镇
341323104202	红光村委会	117.471331	33.655891	0	18	66	乡镇
341302202202	桥桂村委会	117.356048	33.902924	0	18	40	村庄
341302106214	化楼村委会	117.207843	33.954744	1	80	100	政府机构
341323203204	王谷村委会	117.690434	33.746121	1	80	100	政府机构
341323107212	大章李村委会	117.465421	33.911660	0	18	35	乡镇
341322114211	杭子村委会	116.616158	34.133916	0	18	66	乡镇
341322200207	单楼村委会	116.951512	34.256407	0	18	66	村庄
341302111210	龙王庙村委会	117.147234	33.469813	1	80	100	政府机构
341321400004	益民社区居委会	116.366000	34.442500	0	14	46	区县
341322104211	马郑庄村委会	116.658560	34.410489	0	30	72	村庄
341302101210	桥口村委会	117.182649	33.510347	0	18	66	乡镇
341323110216	申场村委会	117.595451	33.869235	0	18	40	乡镇
341323204200	禅堂村委会	117.589785	33.669191	0	18	66	村庄
341324109207	界牌村委会	118.058740	33.588131	0	25	70	乡镇
341322117201	彭林村委会	117.091923	34.056786	0	18	66	乡镇
341302112200	桃园村委会	117.014844	33.497887	1	80	100	政府机构
341322107201	胡集村委会	116.646890	34.223330	0	30	72	村庄
341302102200	镇西村委会	117.099805	33.616760	0	30	72	村庄
341324104209	阴陵山村委会	117.642100	33.522651	0	50	73	UNKNOWN
341323103206	宣圩村委会	117.376686	33.547979	0	16	38	乡镇
341371400204	苗安村委会	116.964000	33.646199	0	10	21	城市
341302101206	路口村委会	117.182649	33.510347	0	18	66	乡镇
341322104207	小集子村委会	116.736711	34.049862	1	80	100	政府机构
341322101005	镇东社区居委会	116.684641	34.362188	0	18	66	乡镇
341322200211	王山村委会	117.012400	34.250135	0	30	72	村庄
341302111206	高口村委会	117.096500	33.514160	0	25	70	乡镇
341322114207	寿楼村委会	116.616158	34.133916	0	18	40	乡镇
341324109211	王武村委会	118.058740	33.588131	0	25	70	乡镇
341323110200	渔沟村委会	117.580837	33.848852	0	30	58	村庄
341321105209	刘暗楼社区村委会	116.442306	34.579792	0	18	40	乡镇
341322203201	高庄村委会	116.682725	34.090546	1	80	100	政府机构
341322109209	红庙村委会	116.808919	34.210434	1	80	100	政府机构
341324200209	石霸村委会	117.898879	33.392067	0	18	40	乡镇
341323103210	司房村委会	117.376686	33.547979	0	16	38	乡镇
341321108207	酒店张庄村委会	116.202228	34.461647	0	18	49	乡镇
341302105212	杈元村委会	117.066360	33.892869	0	16	38	乡镇
341302211204	尹楼村委会	117.230521	33.707369	1	80	100	政府机构
341322204205	李庄村委会	116.665833	34.082179	1	80	100	政府机构
341302201204	湾里村委会	117.174260	33.912840	0	30	72	村庄
341323104214	杨东村委会	117.537420	33.675739	0	30	72	村庄
341302007008	下关社区居委会	116.968850	33.636590	1	80	100	政府机构
341323200202	艳阳村委会	117.595343	33.457655	0	18	40	村庄
341302106202	石相村委会	117.248185	33.915162	0	18	40	乡镇
341322103203	孙老家村委会	116.765659	34.349849	0	18	66	乡镇
341322113203	张鲁庄村委会	116.619046	34.027302	1	80	100	政府机构
341323107204	尤东村委会	117.465421	33.911660	0	18	40	乡镇
341323203212	马庄村委会	117.690600	33.799980	0	30	72	村庄
341324106202	王官村委会	117.870840	33.722610	0	30	72	村庄
341321104204	毛雷庄村委会	116.508965	34.484324	1	80	100	政府机构
341322100008	城东社区居委会	116.952708	34.175191	1	80	100	政府机构
341372001002	金河社区居委会	116.964000	33.646199	0	10	33	城市
341302011001	沱河社区居委会	117.042589	33.637057	0	20	50	乡镇
341324201204	三时村委会	117.764781	33.622439	0	18	35	村庄
341302403202	三环村委会	117.165698	34.068330	0	30	51	乡镇
341324105212	华新村委会	117.758132	33.700375	0	18	66	乡镇
341324100010	朱桥社区	117.870415	33.486051	0	18	66	乡镇
341322108204	孙大庙村委会	116.657699	34.201504	0	25	55	旅游景点
341302006005	恒馨社区居委会	116.970117	33.621641	0	30	72	乡镇
341321100210	王古楼村委会	116.404100	34.457360	0	30	72	村庄
341302210209	中湖村委会	117.300900	33.678930	0	25	55	乡镇
341302200209	郑楼村委会	117.240590	34.029203	0	18	66	村庄
341323400002	罗河居委会	117.581153	33.531904	0	25	55	乡镇
341324111206	张乔村委会	117.891081	33.567572	0	18	49	乡镇
341323106209	后灵村委会	117.560034	33.756214	0	25	43	乡镇
341324101206	汴河新村村委会	117.985535	33.387855	0	18	49	乡镇
341321103200	唐寨村委会	116.583076	34.418705	0	18	66	乡镇
341323108217	陈潭村委会	117.472284	33.988649	0	18	66	乡镇
341321100206	蒋营村委会	116.389022	34.455864	0	18	66	乡镇
341302006013	广场社区居民委员会	116.970117	33.621641	0	30	51	乡镇
341324102200	丁湖村委会	117.793502	33.421042	1	80	100	政府机构
341321110206	陈寨村委会	116.441617	34.334150	1	80	100	政府机构
341322111208	三座楼村委会	116.710686	34.207854	1	80	100	政府机构
341372402001	和谐苑社区居委会	116.964000	33.646199	0	10	22	城市
341322101208	马常庄村委会	116.649840	34.335459	0	30	72	村庄
341302104209	前旺村委会	117.142099	34.009768	0	18	40	乡镇
341323108201	小圩村委会	117.483079	33.997246	1	80	100	政府机构
341323202209	大路村委会	117.609010	33.792229	0	30	72	村庄
341302005003	凤池社区居委会	116.981058	33.624505	1	80	100	政府机构
341324111210	白庙村委会	117.873892	33.525506	0	30	72	村庄
341302107219	马楼村委会	117.416112	33.828904	1	80	100	政府机构
341302002007	泰康社区居委会	117.016474	33.617866	0	30	72	乡镇
341324202202	陡张村委会	117.937595	33.664362	0	25	47	村庄
341321107202	刘楼村委会	116.207840	34.535721	0	30	72	村庄
341324105204	时邵村委会	117.758132	33.700375	0	18	40	乡镇
341322108212	大孙庄村委会	116.758340	34.220290	0	30	72	村庄
341302209205	大张村委会	117.006900	33.563089	0	30	72	村庄
341302108206	夏桥村委会	117.270550	33.807590	0	30	72	村庄
341323203208	胡场村委会	117.694304	33.780767	0	18	66	村庄
341302004002	大泽社区居委会	116.991550	33.637161	0	30	58	乡镇
341323109200	周庄村委会	117.540040	33.940480	0	30	72	村庄
341302105208	周坡村委会	117.066360	33.892869	0	16	65	乡镇
341322100209	帽山村委会	116.923983	34.169913	0	18	66	乡镇
341324103201	街西村委会	117.727732	33.391390	0	16	65	乡镇
341321101207	蒋庄村委会	116.257530	34.420611	0	30	72	村庄
341322109213	八庄村委会	116.839837	34.308760	1	80	100	政府机构
341371400208	双王村委会	116.964000	33.646199	0	10	23	城市
341324104205	马王村委会	117.733193	33.534027	0	16	65	乡镇
341321106203	花园村委会	116.369010	34.582660	0	30	72	村庄
341321100011	土山社区居委会	116.354201	34.434029	0	30	72	村庄
341322109205	马阁村委会	116.798620	34.190344	1	80	100	政府机构
341321106215	王集村委会	116.562673	34.460572	1	80	100	政府机构
341302402203	北十里村委会	116.958152	33.732597	0	30	51	乡镇
341324200205	河平村委会	117.898879	33.392067	0	18	66	乡镇
341321100007	南城社区居委会	116.350467	34.419718	1	80	100	政府机构
341321105205	周平庄村委会	116.443695	34.597010	1	80	100	政府机构
341302003010	滨河社区	117.007507	33.637946	0	30	72	乡镇
341324107203	张店村委会	118.109732	33.711976	0	18	66	乡镇
341302108210	薛赵村委会	117.198668	33.796998	0	18	49	乡镇
341321102201	海升新村村委会	116.456830	34.385467	0	25	55	乡镇
341323109216	韩家村委会	117.599228	33.950527	1	80	100	政府机构
341324100207	胡陈村委会	117.870415	33.486051	0	18	66	乡镇
341323107208	李楼村委会	117.501070	33.901689	0	30	72	村庄
341321112201	柴市村委会	116.580020	34.319820	0	30	58	村庄
341302201208	方河村委会	117.212120	33.846550	0	30	72	村庄
341324103217	夏庙村委会	117.703846	33.461056	1	80	100	政府机构
341322113204	路口村委会	116.641233	34.038160	0	20	67	乡镇
341302106205	张町村委会	117.248185	33.915162	0	18	40	乡镇
341322103204	闫集村委会	116.765659	34.349849	0	18	40	乡镇
341323107203	元宝刘村委会	117.465421	33.911660	0	18	35	乡镇
341322204202	魏楼村委会	116.937631	34.283321	1	80	100	政府机构
341302201203	团结村委会	117.168287	33.911248	0	18	49	村庄
341302105215	夏刘寨村委会	117.058962	33.818230	0	30	72	村庄
341302211203	高滩村委会	117.179507	33.720655	1	80	100	政府机构
341323200205	向阳村委会	117.581657	33.462622	0	30	72	村庄
341323104213	朱岗村委会	117.471331	33.655891	0	18	66	乡镇
341322203206	陶墟村委会	116.992523	33.976465	1	80	95	UNKNOWN
341302102211	朱庙村委会	117.199441	33.661199	1	80	100	政府机构
341302113400	蕲南矿居委会	117.018204	33.432390	0	18	40	乡镇
341322107210	郭阁村委会	116.561097	34.189482	1	80	100	政府机构
341323103217	峨山村委会	117.376686	33.547979	0	16	65	乡镇
341321108200	曹庄社区村委会	116.202228	34.461647	0	18	40	乡镇
341302111201	洪庙村委会	117.277052	33.868247	1	80	100	政府机构
341322114200	张庄寨村委会	116.616158	34.133916	0	18	66	乡镇
341302101201	曹坊村委会	117.182649	33.510347	0	18	66	乡镇
341322101002	镇西社区居委会	116.684641	34.362188	0	18	66	乡镇
341324107208	钓台村委会	118.109732	33.711976	0	18	40	乡镇
341323204211	小潘村委会	117.589785	33.669191	0	18	66	村庄
341323110207	白马村委会	117.528880	33.840551	0	30	72	村庄
341324109216	河西村委会	118.087765	33.569505	0	30	72	村庄
341322107206	张楼村委会	116.585420	34.242839	0	30	72	村庄
341302102207	宋庙村委会	117.127029	33.616737	0	18	66	乡镇
341302112207	吕寺村委会	116.973506	33.504064	0	18	40	乡镇
341323103201	永定村委会	117.352520	33.566931	0	30	72	村庄
341371400203	蒿东村委会	116.964000	33.646199	0	10	21	城市
341321106208	吴寨村委会	116.310987	34.559361	1	80	100	政府机构
341302209222	曹坊村委会	117.013371	33.536519	0	25	70	乡镇
341322104216	东阁村委会	116.716439	34.450996	0	25	70	乡镇
341321400003	惠民社区居委会	116.366000	34.442500	0	14	46	区县
341322200200	柴庄村委会	116.951512	34.256407	0	18	66	村庄
341323100211	刘赵村委会	117.521049	33.532292	0	18	66	乡镇
341324109200	黑塔村委会	118.059070	33.586791	0	30	72	村庄
341323110211	郑楼村委会	117.595451	33.869235	0	18	66	乡镇
341323204207	李闫村委会	117.589785	33.669191	0	18	40	村庄
341302106213	丁李村委会	117.248185	33.915162	0	18	40	乡镇
341302202205	宣扬村委会	117.356048	33.902924	0	18	40	村庄
341323107215	李场村委会	117.458409	33.913137	1	80	100	政府机构
341323203203	王海村委会	117.694304	33.780767	0	18	66	村庄
341322100202	王典村委会	116.923983	34.169913	0	18	66	乡镇
341302105203	七里村委会	117.066360	33.892869	0	16	65	乡镇
341302100001	镇南居委会	116.976770	33.752070	1	80	100	政府机构
341322110202	丁里村委会	116.875881	34.101431	1	80	100	政府机构
341323104205	半店村委会	117.471331	33.655891	0	18	66	乡镇
341323205206	玄庙村委会	117.621612	33.568595	0	18	40	村庄
341323111210	孟山村委会	117.690351	33.845566	0	18	66	乡镇
341324108201	秦场村委会	118.114735	33.640719	1	80	100	政府机构
341323101210	藕庄村委会	117.585475	33.384843	0	18	66	乡镇
341324202209	岳场村委会	117.937595	33.664362	0	25	47	村庄
341302101407	矿八分会居委会	117.182649	33.510347	0	18	66	乡镇
341302110216	八里村委会	117.255685	33.579056	0	16	65	乡镇
341322201201	孟暗楼村委会	116.667624	34.275563	0	18	40	村庄
341302204200	顺河村委会	117.067009	33.748872	0	30	72	村庄
341302100216	四山村委会	116.993799	33.804610	0	18	40	乡镇
341322100015	李台社区居民委员会	116.923983	34.169913	0	18	40	乡镇
341323112200	冯庙村委会	117.656590	33.683227	0	18	66	乡镇
341323102200	胡桥村委会	117.485620	33.416860	0	30	72	村庄
341302113206	忠陈村委会	117.018204	33.432390	0	18	40	乡镇
341302103206	谢炉村委会	117.286118	33.980958	1	80	100	政府机构
341322106207	权楼村委会	116.787473	34.253591	1	80	100	政府机构
341323201212	固城村委会	117.465065	33.847179	0	18	66	村庄
341302008006	华地社区居民委员会	116.976223	33.643763	1	75	92	地产小区
341323100006	东蔬社区	117.521049	33.532292	0	18	49	乡镇
341323105204	马楼村委会	117.416112	33.828904	1	80	100	政府机构
341302114202	韩圩村委会	116.967369	33.348830	0	18	66	乡镇
341322111203	李楼村委会	116.753323	34.134292	1	80	100	政府机构
341322101203	邵庄村委会	116.687820	34.400671	0	30	72	村庄
341322104001	新庄居委会	116.716439	34.450996	0	25	70	乡镇
341323202202	晏湾村委会	117.605153	33.779346	0	18	66	村庄
341302005008	南方社区居委会	116.989157	33.618730	0	30	72	乡镇
341323106214	马庄村委会	117.515429	33.864235	1	80	100	政府机构
341302203204	南秦村委会	117.247192	33.758451	0	18	66	村庄
341302107212	林口村委会	117.340018	33.790642	0	18	66	乡镇
341322102213	路套村委会	116.848615	34.347637	0	18	40	乡镇
341323105212	霸王城村委会	117.451493	33.767584	0	18	66	乡镇
341323100010	庄陈社区居委会	117.521049	33.532292	0	18	49	乡镇
341323201204	潼山村委会	117.505110	33.826059	0	50	73	UNKNOWN
341302210202	新庄村委会	117.102067	33.748646	1	80	100	政府机构
341302104214	尚桥村委会	117.175900	34.014310	0	30	72	村庄
341302200202	杜楼村委会	117.118174	33.722129	1	80	100	政府机构
341322200001	郑腰庄社区居民委员会	116.968669	34.245195	1	80	95	政府机构
341323106202	土山村委会	117.570139	33.709344	1	80	100	政府机构
341322102205	尹庄村委会	116.874046	34.315606	1	80	100	政府机构
341302107204	时东村委会	117.340018	33.790642	0	18	66	乡镇
341322112205	王楼村委会	116.679723	34.083050	1	80	100	政府机构
341323101206	戴家村委会	117.463183	33.883534	1	80	100	政府机构
341323111206	王楼村委会	117.713090	33.822681	0	30	72	村庄
341324106209	田庄村委会	117.874370	33.680130	0	30	72	村庄
341322100003	龙山社区居委会	116.923983	34.169913	0	18	66	乡镇
341322105201	张庄村委会	116.950231	34.298950	1	80	100	政府机构
341302100200	符离村委会	116.975495	33.739685	1	80	100	政府机构
341322115201	胜利村委会	116.971540	34.040231	0	30	72	村庄
341302110200	大店村委会	117.266490	33.587693	1	80	100	政府机构
341302101411	矿十二分会居委会	117.182649	33.510347	0	18	66	乡镇
341323112216	王圩村委会	117.682670	33.673100	0	30	72	村庄
341322106211	麻堤口村委会	116.781711	34.266134	1	80	95	UNKNOWN
341321402004	西苑社区居委会	116.326579	34.396822	0	18	66	乡镇
341324400002	汴光社区	117.908976	33.487537	0	50	100	UNKNOWN
341302207206	禅堂村委会	117.040093	33.334396	0	18	66	村庄
341302102401	矿二宿居委会	117.127029	33.616737	0	18	66	乡镇
341322202207	侯楼村委会	116.733409	34.031956	1	80	100	政府机构
341302113210	袁小寨村委会	117.046675	33.392824	0	30	58	村庄
341322400201	庙街村委会	117.031440	34.146156	0	40	67	工业园区
341324103210	大梁村委会	117.727732	33.391390	0	16	65	乡镇
341302007003	祥安社区居委会	116.966880	33.641458	0	30	72	乡镇
341323200209	汤圩村委会	117.624814	33.464531	1	80	100	政府机构
341322103208	刘店村委会	116.765659	34.349849	0	18	66	乡镇
341302106209	孙楼村委会	117.241490	33.895790	0	30	72	村庄
341321112206	周集村委会	116.584653	34.327404	0	18	66	乡镇
341324110200	草庙村委会	117.968939	33.491337	1	80	100	政府机构
341321102206	贾楼村委会	116.476189	34.357004	1	80	100	政府机构
341323109211	京渠村委会	117.602131	33.958154	0	18	40	乡镇
341321105202	张屯村委会	116.530041	34.336582	1	80	100	政府机构
341324107204	杨桥村委会	118.143570	33.674450	0	30	72	村庄
341322109202	曹庄村委会	116.845640	34.154300	0	30	72	村庄
341324200202	龙沟村委会	117.898879	33.392067	0	18	66	乡镇
341302010007	杨庙社区居民委员会	116.928457	33.640219	0	25	47	乡镇
341321106212	古黄新村村委会	116.362890	34.562449	0	25	55	乡镇
341302402204	大王村委会	117.002462	33.702101	0	30	72	村庄
341324107212	骆庙村委会	118.109732	33.711976	0	18	40	乡镇
341322109214	小圩子村委会	116.840401	34.174246	0	18	66	乡镇
341302208203	葛林村委会	116.889673	33.634312	0	20	67	乡镇
341324104202	洋城湖村委会	117.733193	33.534027	0	16	33	乡镇
341321106204	玄庙村委会	116.362890	34.562449	0	25	47	乡镇
341302010011	凯旋社区居民委员会	116.928457	33.640219	0	25	47	乡镇
341324103206	秦桥村委会	117.706259	33.482061	0	30	72	村庄
341302007015	环宇社区居民委员会	116.966880	33.641458	0	30	51	乡镇
341321101200	张新庄村委会	116.258835	34.540964	1	80	100	政府机构
341323104209	大余村委会	117.471331	33.655891	0	18	66	乡镇
341321111200	三坝集村委会	116.528684	34.427996	0	25	43	乡镇
341302108201	股河新村村委会	117.198668	33.796998	0	18	49	乡镇
341302202209	云光村委会	117.356048	33.902924	0	18	40	村庄
341302004005	马号社区居委会	116.991840	33.634851	1	80	100	政府机构
341323109207	裴集村委会	117.602131	33.958154	0	18	66	乡镇
341321112210	吴庄村委会	116.520690	34.349420	0	30	72	村庄
341321107205	吴集村委会	116.270156	34.514610	0	18	66	乡镇
341324105203	卢圩村委会	117.758132	33.700375	0	18	40	乡镇
341324100001	北关社区	117.870415	33.486051	0	18	66	乡镇
341302209202	大王村委会	116.974600	33.544241	0	30	72	村庄
341324202205	苌圩村委会	117.937595	33.664362	0	25	47	村庄
341323103221	葛店村委会	117.376686	33.547979	0	16	65	乡镇
341302010206	九里村委会	116.928457	33.640219	0	25	70	乡镇
341321103211	毛堂村委会	116.583076	34.418705	0	18	66	乡镇
341323108206	龙山村委会	117.416798	33.998503	1	80	100	政府机构
341302005004	三里湾社区居委会	116.989157	33.618730	0	30	72	乡镇
341324104500	小桂庄林场	117.667570	33.542279	1	80	100	UNKNOWN
341302203208	马圩村委会	117.247192	33.758451	0	18	66	村庄
341302109200	灰古村委会	117.135925	33.733286	1	80	100	政府机构
341321110201	王湾村委会	116.500691	34.317557	0	18	66	乡镇
341323105208	田路村委会	117.451493	33.767584	0	18	40	乡镇
341321100201	李屯村委会	116.338393	34.451173	1	80	100	政府机构
341324102207	大桥村委会	117.826908	33.371441	0	18	49	乡镇
341324101201	霸王村委会	117.985535	33.387855	0	18	40	乡镇
341321103207	于集村委会	116.583076	34.418705	0	18	66	乡镇
341323108210	火庙村委会	117.432250	33.508264	1	80	100	政府机构
341324111201	屏东村委会	117.891081	33.567572	0	18	40	乡镇
341322112209	蒋庄村委会	116.697780	34.018740	0	30	72	村庄
341302107208	红旗村委会	117.340018	33.790642	0	18	66	乡镇
341322102209	黄庙村委会	116.814217	34.340226	1	80	100	政府机构
341324102211	汤湖村委会	117.826908	33.371441	0	18	66	乡镇
341323201208	刘寨村委会	117.441920	33.830980	0	30	72	村庄
341323400005	十里居委会	117.581153	33.531904	0	25	70	乡镇
341324100017	泗城镇虹乡社区居民委员会	117.870415	33.486051	0	18	40	乡镇
341302403205	左洼村委会	117.165698	34.068330	0	30	51	乡镇
341324201203	赵集村委会	117.764781	33.622439	0	18	66	村庄
341322108203	桃元村委会	116.714499	34.211210	0	18	49	乡镇
341324106205	东风村委会	117.904880	33.712987	0	30	72	村庄
341321104203	高寨村委会	116.511735	34.511342	0	18	66	乡镇
341321111001	砀园社区居委会	116.528684	34.427996	0	25	47	乡镇
341324106204	和谐村委会	117.861971	33.674425	0	18	40	乡镇
341321104202	新华村委会	116.552920	34.518090	0	30	72	村庄
341372001004	紫金社区居委会	116.964000	33.646199	0	10	33	城市
341324100016	泗城镇大周社区居民委员会	117.870415	33.486051	0	18	40	乡镇
341302001007	雪枫社区居委会	116.976037	33.640206	1	80	100	政府机构
341324201202	高集村委会	117.697680	33.648251	0	30	72	村庄
341322108202	九店村委会	116.714499	34.211210	0	18	66	乡镇
341323201209	姜山村委会	117.511260	33.815980	0	30	72	村庄
341302006003	万里桥社区居委会	116.979660	33.634791	0	50	82	道路
341324102210	樊集村委会	117.826908	33.371441	0	18	66	乡镇
341323400004	西集居委会	117.581153	33.531904	0	25	55	乡镇
341324101200	墩集村委会	117.985535	33.387855	0	18	40	乡镇
341321103206	光明村委会	116.578551	34.444091	0	30	72	村庄
341323108211	花楼村委会	117.472284	33.988649	0	18	66	乡镇
341324111200	屏山村委会	117.891081	33.567572	0	18	66	乡镇
341322112208	刘其村委会	116.702631	34.061738	0	18	40	乡镇
341302107209	时西村委会	117.340018	33.790642	0	18	40	乡镇
341322102208	郜洼村委会	116.848615	34.347637	0	18	40	乡镇
341321110200	朱楼村委会	116.520511	34.313315	1	80	100	政府机构
341323105209	尹楼村委会	117.451493	33.767584	0	18	66	乡镇
341321100200	杨庙村委会	116.433410	34.449171	0	30	72	村庄
341324102206	文湖村委会	117.826908	33.371441	0	18	66	乡镇
341321103210	侯口村委会	116.583076	34.418705	0	18	66	乡镇
341323108207	刘庵村委会	117.528006	33.975036	1	80	100	政府机构
341324104501	小桂庄麦豆良种畅生活区	117.679110	33.540699	0	30	47	村庄
341302109201	李桥村委会	117.148632	33.725022	1	80	100	政府机构
341323103220	大山村委会	117.443020	33.496269	0	30	72	村庄
341324202204	郭集村委会	117.937595	33.664362	0	25	55	村庄
341324106212	佃庄村委会	117.861971	33.674425	0	18	66	乡镇
341321107204	黄集村委会	116.270156	34.514610	0	18	66	乡镇
341324105202	武圩村委会	117.758132	33.700375	0	18	40	乡镇
341302209203	骑路村委会	117.255727	33.806754	1	80	100	政府机构
341302108200	永安村委会	117.175794	33.784449	1	80	100	政府机构
341302202208	清泉村委会	117.356048	33.902924	0	18	66	村庄
341324105500	黄圩良种场	117.758132	33.700375	0	18	49	乡镇
341323109206	戚楼村委会	117.602131	33.958154	0	18	66	乡镇
341321112211	闸口王集村委会	116.520320	34.362510	0	30	72	村庄
341302007014	和园社区居民委员会	116.966880	33.641458	0	30	51	乡镇
341324103207	王楼村委会	117.699590	33.374721	0	30	72	村庄
341321101201	汪屯村委会	116.262473	34.419913	0	18	66	乡镇
341323104208	一里王村委会	117.415700	33.662350	0	30	72	村庄
341321111201	桃源村委会	116.485889	34.443213	1	80	97	政府机构
341302208202	沟西村委会	116.870530	33.619381	0	30	72	村庄
341324104203	朱彭村委会	117.733193	33.534027	0	16	38	乡镇
341321106205	梨花村委会	116.362890	34.562449	0	25	70	乡镇
341302010010	金园社区居民委员会	116.928457	33.640219	0	25	47	乡镇
341322109203	彭村村委会	116.877461	34.175159	1	80	100	政府机构
341324200203	大张村委会	117.883240	33.399651	0	30	72	村庄
341302010006	三八社区居民委员会	116.928457	33.640219	0	25	47	乡镇
341321106213	张王庄村委会	116.378380	34.502931	0	30	72	村庄
341321105203	朱小楼村委会	116.442306	34.579792	0	18	66	乡镇
341321100001	城隍庙社区居委会	116.344472	34.427648	1	80	100	政府机构
341324107205	仝城村委会	118.109732	33.711976	0	18	40	乡镇
341322103209	塘沃涯村委会	116.765659	34.349849	0	18	35	乡镇
341302106208	路町村委会	117.248185	33.915162	0	18	40	乡镇
341321112207	王明集村委会	116.584653	34.327404	0	18	40	乡镇
341323109210	李寨村委会	117.602131	33.958154	0	18	66	乡镇
341322400200	马楼村委会	117.036255	34.153499	1	80	100	政府机构
341323200208	南王集村委会	117.595343	33.457655	0	18	49	村庄
341324103211	李圩村委会	117.623756	33.488480	1	80	100	政府机构
341321109200	熙可社区村委会	116.375281	34.362292	0	18	40	乡镇
341323112217	后朱村委会	117.656590	33.683227	0	18	66	乡镇
341322106210	吴九店村委会	116.816550	34.267970	0	25	55	乡镇
341321402005	站前社区居委会	116.326579	34.396822	0	18	66	乡镇
341302102400	矿一宿居委会	117.127029	33.616737	0	18	66	乡镇
341302113211	白陈村委会	117.018204	33.432390	0	18	40	乡镇
341322202206	马庄村委会	116.781157	34.110779	1	80	100	政府机构
341323101207	杨马村委会	117.577240	33.328721	0	30	72	村庄
341323111207	潼郡村委会	117.690351	33.845566	0	18	40	乡镇
341323205211	黄岗村委会	117.585530	33.550801	0	30	72	村庄
341324106208	向阳村委会	117.860202	33.635498	1	80	97	政府机构
341322100002	龙霄社区居委会	116.923983	34.169913	0	18	66	乡镇
341322105200	刘套村委会	116.945495	34.345984	0	18	66	乡镇
341302100201	沈圩村委会	116.993799	33.804610	0	18	66	乡镇
341322115200	前进村委会	116.974810	34.048201	0	30	72	村庄
341302110201	大东村委会	117.255685	33.579056	0	16	65	乡镇
341302101410	矿十一分会居委会	117.182649	33.510347	0	18	66	乡镇
341323106203	大庄村委会	117.587249	33.707321	0	30	72	村庄
341322102204	新廷村委会	116.848615	34.347637	0	18	40	乡镇
341302107205	奎北村委会	117.340018	33.790642	0	18	66	乡镇
341322112204	湘山庙村委会	116.702631	34.061738	0	18	35	乡镇
341323105213	尹北村委会	117.451493	33.767584	0	18	49	乡镇
341323100011	徐杨社区居委会	117.521049	33.532292	0	18	49	乡镇
341323201205	双扬村委会	117.465065	33.847179	0	18	40	村庄
341302210203	王集村委会	117.300900	33.678930	0	25	55	乡镇
341302200203	刘楼村委会	117.279510	34.038391	0	30	72	村庄
341323202203	王坊村委会	117.605153	33.779346	0	18	66	村庄
341302203205	大秦村委会	117.218230	33.764871	0	30	72	村庄
341302107213	棒场村委会	117.340018	33.790642	0	18	40	乡镇
341322102212	冯场村委会	116.886705	34.380262	1	80	100	政府机构
341323100007	西关社区	117.521049	33.532292	0	18	66	乡镇
341323105205	土桥村委会	117.469390	33.762881	0	30	72	村庄
341302114203	镇东村委会	117.050710	33.362111	0	30	72	村庄
341322111202	齐庄村委会	116.588905	34.467760	1	80	100	政府机构
341302104203	寺后村委会	117.136785	34.080358	1	80	100	政府机构
341302101001	沱中社区	117.182649	33.510347	0	18	49	乡镇
341322101202	老黄口村委会	116.684641	34.362188	0	18	40	乡镇
341323112201	黄家村委会	117.542714	33.654063	1	80	100	政府机构
341323102201	双桥村委会	117.448030	33.416400	0	30	72	村庄
341302400598	虚拟夹沟农场社区	117.118980	33.883670	1	80	100	UNKNOWN
341302113207	团结村委会	117.018204	33.432390	0	18	49	乡镇
341322116206	孤山村委会	117.059979	34.123451	1	80	100	政府机构
341302103207	后程村委会	117.344146	34.022546	0	18	66	乡镇
341322106206	朱集村委会	116.863459	34.314101	0	30	72	村庄
341302105500	夹沟林场	117.066360	33.892869	0	16	47	乡镇
341323111211	鳔张村委会	117.690351	33.845566	0	18	40	乡镇
341324108200	刘圩村委会	118.085899	33.641324	0	30	72	村庄
341324202208	吴宅村委会	117.937595	33.664362	0	25	70	村庄
341323101211	永久村委会	117.625260	33.375440	0	30	72	村庄
341302101406	矿七分会居委会	117.182649	33.510347	0	18	66	乡镇
341322201200	赵圈村委会	116.667624	34.275563	0	18	40	村庄
341302110217	汪圩村委会	117.255685	33.579056	0	16	65	乡镇
341302204201	王垅村委会	117.071028	33.770315	0	18	40	村庄
341322100014	岱湖社区居民委员会	116.923983	34.169913	0	18	40	乡镇
341322100203	毛郢村委会	116.923983	34.169913	0	18	66	乡镇
341302105202	五柳村委会	117.066360	33.892869	0	16	65	乡镇
341322110203	武寺村委会	116.944711	34.111200	0	18	40	乡镇
341323104204	张圩村委会	117.439430	33.621389	0	30	72	村庄
341321402204	孙庄村村委会	116.533423	34.446586	1	80	100	政府机构
341302106212	阚町村委会	117.248185	33.915162	0	18	40	乡镇
341324400202	于圩村民委员会	117.939228	33.485100	0	25	55	乡镇
341302202204	大灵山村委会	117.356048	33.902924	0	18	40	村庄
341323107214	尤圩村委会	117.465421	33.911660	0	18	66	乡镇
341323203202	王沈村委会	117.694304	33.780767	0	18	40	村庄
341302209223	陈岭村委会	117.013371	33.536519	0	25	55	乡镇
341322104217	常庄村委会	116.690775	34.404562	1	80	100	政府机构
341321400002	科技社区居委会	116.366000	34.442500	0	14	46	区县
341323100210	罗田村委会	117.514675	33.501267	0	30	72	村庄
341324109201	红旗村委会	118.058740	33.588131	0	25	70	乡镇
341323110210	张寨村委会	117.562280	33.857189	0	30	72	村庄
341323204206	郭海村委会	117.589785	33.669191	0	18	66	村庄
341322107207	土山村委会	116.601321	34.218367	0	18	66	乡镇
341302102206	三铺村委会	117.137646	33.613398	1	80	100	政府机构
341323103200	赵家村委会	117.466006	33.502954	1	80	100	政府机构
341371400202	蒿沟村委会	116.964000	33.646199	0	10	23	城市
341321106209	大寨村委会	116.331340	34.551741	0	30	72	村庄
341302111200	西寺坡村委会	116.977000	33.640000	0	14	37	区县
341322114201	众姓庄村委会	116.617207	34.152732	1	80	100	政府机构
341302101200	安阳村委会	117.182649	33.510347	0	18	66	乡镇
341322101003	镇中社区居委会	116.684641	34.362188	0	18	66	乡镇
341322104201	李集村委会	116.930087	34.308858	1	80	100	政府机构
341323204210	凤河村委会	117.589785	33.669191	0	18	66	村庄
341324107209	骆场村委会	118.008480	33.697881	0	30	58	UNKNOWN
341323110206	刘塘村委会	117.595451	33.869235	0	18	66	乡镇
341324109217	三陈村委会	118.058740	33.588131	0	25	70	乡镇
341323100206	山桥村委会	117.584077	33.600729	0	30	72	村庄
341322203207	栾庄村委会	117.025987	34.008893	0	18	66	村庄
341302102210	塔桥村委会	117.130161	33.669539	0	30	72	村庄
341322107211	瓦房村委会	116.618820	34.244411	0	30	72	村庄
341323103216	黄圩村委会	117.385390	33.562129	0	30	72	村庄
341321108201	科技新村村委会	116.202228	34.461647	0	18	66	乡镇
341322204203	朱大楼村委会	116.605989	34.081529	0	20	67	村庄
341302201202	赵楼村委会	117.191099	33.701836	1	80	100	政府机构
341302105214	李营村委会	117.068330	33.858799	0	30	72	村庄
341302211202	赵楼村委会	117.191099	33.701836	1	80	100	政府机构
341323200204	武圩村委会	117.595343	33.457655	0	18	40	村庄
341323104212	郑庙村委会	117.471331	33.655891	0	18	66	乡镇
341322113205	黄月店村委会	116.641233	34.038160	0	20	41	乡镇
341302202212	黄林村委会	117.354770	33.877531	0	30	72	村庄
341302106204	石河村委会	117.284660	33.907851	0	30	72	村庄
341322103205	汪楼村委会	116.765659	34.349849	0	18	66	乡镇
341323203214	找营村村民委员会	117.658320	33.764980	0	30	72	村庄
341323107202	张东湖村委会	117.465421	33.911660	0	18	49	乡镇
341302207204	张圩村委会	117.023870	33.301130	0	30	72	村庄
341302102403	矿四宿居委会	117.127029	33.616737	0	18	66	乡镇
341302113212	刘圩村委会	117.028470	33.396920	0	30	72	村庄
341322202205	丁楼村委会	116.756711	34.252169	1	80	100	政府机构
341322106213	朱庄村委会	116.856565	34.293586	1	80	100	政府机构
341321402006	新城社区居委会	116.326579	34.396822	0	18	66	乡镇
341323112214	张汪村委会	117.656590	33.683227	0	18	66	乡镇
341302001008	城隍庙社区居委会	116.980580	33.638996	0	40	65	道路
341321109203	阚寨村委会	116.426437	34.386620	0	30	58	村庄
341322115203	王山窝村委会	117.012747	34.251396	1	80	100	政府机构
341322110001	梁庄社区居民委员会	116.944711	34.111200	0	18	40	乡镇
341302110202	大南村委会	117.255685	33.579056	0	16	65	乡镇
341302101413	矿十四分会居委会	117.182649	33.510347	0	18	66	乡镇
341322100001	龙湖社区居委会	116.943140	34.184010	1	80	100	政府机构
341322105203	徐庵村委会	116.945495	34.345984	0	18	40	乡镇
341302100202	横口村委会	116.993799	33.804610	0	18	66	乡镇
341323111204	张营村委会	117.690351	33.845566	0	18	66	乡镇
341323101204	陈圩村委会	117.397246	33.519123	1	80	100	政府机构
341322112207	张湾村委会	116.702631	34.061738	0	18	66	乡镇
341322102207	刘庄村委会	116.870351	34.334610	1	80	100	政府机构
341302107206	营孜村委会	117.340018	33.790642	0	18	40	乡镇
341321103209	文庄村委会	116.599765	34.390390	1	80	100	政府机构
341323106200	张时村委会	117.560034	33.756214	0	25	47	乡镇
341302200200	杨庄村委会	117.224618	34.016416	0	30	72	村庄
341322200003	郭庄社区居民委员会	116.951512	34.256407	0	18	40	村庄
341323201206	双井村委会	117.465065	33.847179	0	18	49	村庄
341323105210	三村村委会	117.402973	33.794802	1	80	100	政府机构
341323100012	山南社区居委会	117.521049	33.532292	0	18	49	乡镇
341302107210	大蒲村委会	117.340018	33.790642	0	18	40	乡镇
341322102211	裴庄村委会	116.848615	34.347637	0	18	66	乡镇
341302203206	戴夏村委会	117.247192	33.758451	0	18	40	村庄
341323202200	朱楼村委会	117.461870	34.020806	1	80	100	政府机构
341323108208	凌固村委会	117.472284	33.988649	0	18	40	乡镇
341302104200	曹村村委会	117.122795	33.999247	1	80	100	政府机构
341302101002	沱北社区	117.182649	33.510347	0	18	49	乡镇
341322101201	孙庙村委会	116.684641	34.362188	0	18	66	乡镇
341302114200	大营村委会	116.983641	33.342576	0	80	72	村庄
341322111201	后洼村委会	116.758420	34.134442	0	18	66	乡镇
341323100004	虹川社区	117.521049	33.532292	0	18	66	乡镇
341323105206	姬贺村委会	117.451493	33.767584	0	18	40	乡镇
341323201210	湖光村委会	117.465065	33.847179	0	18	66	村庄
341324102209	索滩村委会	117.826908	33.371441	0	18	40	乡镇
341302103204	马桥村委会	117.297031	34.016115	0	30	72	村庄
341322106205	王楼村委会	116.794571	34.272709	1	80	100	政府机构
341302113204	白安村委会	117.018204	33.432390	0	18	40	乡镇
341322116205	欧盘村委会	117.051513	34.097421	0	18	40	乡镇
341323102202	王桥村委会	117.432350	33.401929	0	30	72	村庄
341323112202	王刘村委会	117.640380	33.670251	0	30	72	村庄
341302100214	丁集村委会	116.993799	33.804610	0	18	66	乡镇
341302101405	矿六分会居委会	117.182649	33.510347	0	18	66	乡镇
341322201203	丁庄村委会	116.710221	34.238344	1	80	100	政府机构
341302110214	四铺村委会	117.255685	33.579056	0	16	38	乡镇
341302204202	万桥村委会	117.071028	33.770315	0	18	66	村庄
341324108203	西马村委会	118.073610	33.687681	0	30	72	村庄
341323101212	双圩村委会	117.577060	33.372551	0	30	72	村庄
341323205204	朱桥村委会	117.604010	33.557370	0	30	72	村庄
341323111212	徐营村委会	117.690351	33.845566	0	18	66	乡镇
341323200211	马桥村委会	117.651359	33.414401	0	30	72	村庄
341324103208	瓦韩村委会	117.727732	33.391390	0	16	38	乡镇
341323104207	刘圩村委会	117.453490	33.667171	0	30	72	村庄
341302105201	津浦村委会	117.003168	33.647522	1	80	100	政府机构
341302100003	站东居委会	116.993799	33.804610	0	18	66	乡镇
341323109209	陆圩村委会	117.602131	33.958154	0	18	66	乡镇
341323203201	王支村委会	117.694304	33.780767	0	18	40	村庄
341302202207	张山村委会	117.356048	33.902924	0	18	49	村庄
341322103210	杨庄村委会	116.706261	34.372918	1	80	100	政府机构
341324400201	大刘村民委员会	117.949710	33.494671	0	30	72	村庄
341302106211	韩村村委会	117.238760	33.918548	1	80	100	政府机构
341323110213	中菜村委会	117.595451	33.869235	0	18	40	乡镇
341323204205	八一村委会	117.589785	33.669191	0	18	66	村庄
341323100213	界沟村委会	117.521049	33.532292	0	18	66	乡镇
341324109202	顺河村委会	118.106629	33.597290	0	30	72	村庄
341322114214	张新集村委会	116.695667	34.157783	1	80	100	政府机构
341322200202	红柳树村委会	116.951512	34.256407	0	18	40	村庄
341302209220	蒋湖村委会	117.013371	33.536519	0	25	47	乡镇
341321400001	古城社区居委会	116.366000	34.442500	0	14	46	区县
341323103203	杨马村委会	117.306924	33.520019	0	30	72	村庄
341371400201	药闫村委会	116.964000	33.646199	0	10	21	城市
341322117204	吴集村委会	117.091923	34.056786	0	18	66	乡镇
341302112205	桃东村委会	117.027610	33.505600	0	30	72	村庄
341322107204	南海村委会	116.601321	34.218367	0	18	66	乡镇
341324109214	三甄村委会	118.058740	33.588131	0	25	43	乡镇
341323100205	山西村委会	117.504830	33.584734	0	30	72	村庄
341323204213	王莽村委会	117.589785	33.669191	0	18	66	村庄
341323110205	申寨村委会	117.595451	33.869235	0	18	66	乡镇
341302101203	相王村委会	117.182649	33.510347	0	18	40	乡镇
341322104202	铁佛村委会	116.716439	34.450996	0	25	47	乡镇
341302111203	刘村村委会	117.087541	33.471673	1	80	100	政府机构
341322114202	袁圩村委会	116.616158	34.133916	0	18	66	乡镇
341302010009	三里社区居民委员会	116.928457	33.640219	0	25	47	乡镇
341321108202	梨园新村村委会	116.202228	34.461647	0	18	40	乡镇
341323103215	蒋邓村委会	117.376686	33.547979	0	16	38	乡镇
341302102213	沱北村委会	117.127029	33.616737	0	18	49	乡镇
341322203204	城阳村委会	117.025987	34.008893	0	18	66	村庄
341323104211	杨集村委会	117.429444	33.713145	1	80	100	政府机构
341323200207	官庄村委会	117.659870	33.469080	0	30	72	村庄
341302211201	大史村委会	117.209129	33.708612	0	18	66	村庄
341322204200	石林村委会	116.605989	34.081529	0	20	67	村庄
341302201201	路湖村委会	117.168287	33.911248	0	18	40	村庄
341321112208	冯庄村委会	116.553829	34.355408	1	80	100	政府机构
341323107201	张楼村委会	117.491970	33.884239	0	30	72	村庄
341302106207	王庄村委会	117.248367	33.847649	1	80	100	政府机构
341322103206	高楼村委会	116.770390	34.367069	0	30	72	村庄
341302202211	鲁营村委会	117.356048	33.902924	0	18	66	村庄
341372001007	金江社区居委会	116.964000	33.646199	0	10	33	城市
341302009208	梅庵村委会	117.008141	33.698417	0	18	40	乡镇
341323101208	双龙村委会	117.641340	33.371551	0	30	72	村庄
341324106207	新集村委会	117.861971	33.674425	0	18	66	乡镇
341323111208	汤庄村委会	117.741320	33.845008	1	80	100	政府机构
341321104201	范集村委会	116.511735	34.511342	0	18	66	乡镇
341322202209	徐里村委会	116.789770	34.015350	0	30	72	村庄
341322108201	建华村委会	116.711080	34.252119	0	30	72	村庄
341302011004	津浦社区居委会	117.042589	33.637057	0	20	67	乡镇
341324201201	时圩村委会	117.764781	33.622439	0	18	66	村庄
341324100015	三湾社区	117.870415	33.486051	0	18	66	乡镇
341302001004	西仙桥社区居委会	116.980580	33.638996	0	40	59	道路
341323400007	三张居委会	117.581153	33.531904	0	25	55	乡镇
341324111203	吴店村委会	117.891081	33.567572	0	18	66	乡镇
341324101203	石龙岗村委会	117.941123	33.336927	1	80	100	政府机构
341323108212	古城村委会	117.485150	33.975780	0	30	72	村庄
341321103205	油坊村委会	116.591729	34.432546	1	80	100	政府机构
341324102205	吴圩村委会	117.803060	33.424150	0	30	72	村庄
341321110203	邵楼村委会	116.500691	34.317557	0	18	66	乡镇
341323100008	北关社区	117.521049	33.532292	0	18	66	乡镇
341302109202	付湖村委会	117.122244	33.721328	0	18	40	乡镇
341324104502	农作物示范良种场	117.758990	33.509941	1	80	100	UNKNOWN
341323108204	田口村委会	117.451890	33.932491	0	30	72	村庄
341321103213	家和村委会	116.583076	34.418705	0	18	40	乡镇
341302005006	陈营居委会	116.989157	33.618730	0	30	72	乡镇
341302101409	矿十分会居委会	117.182649	33.510347	0	18	66	乡镇
341323205208	虞姬村委会	117.621612	33.568595	0	18	40	村庄
341302002002	宿东社区居委会	117.022019	33.626671	1	80	100	政府机构
341324106211	沿河村委会	117.861971	33.674425	0	18	49	乡镇
341324202207	张楼村委会	117.979830	33.711209	0	30	72	村庄
341302113208	周王村委会	117.018204	33.432390	0	18	66	乡镇
341322106209	孙庄村委会	116.837833	34.282574	1	80	100	政府机构
341302209200	振北村委会	117.013371	33.536519	0	25	55	乡镇
341302103208	小圩村委会	117.386712	34.032582	0	30	72	村庄
341321107207	秦庄社区村委会	116.263060	34.508961	0	30	58	餐饮
341324105201	三官村委会	117.758132	33.700375	0	18	66	乡镇
341324100003	南关社区	117.870415	33.486051	0	18	66	乡镇
341323109205	旗杆村委会	117.602131	33.958154	0	18	66	乡镇
341302108203	双兴村委会	117.177205	33.717934	1	80	100	政府机构
341321111202	丰棉村委会	116.528684	34.427996	0	25	47	乡镇
341324103204	官塘村委会	117.749731	33.447867	0	30	72	村庄
341324104200	长沟村委会	117.716267	33.513495	1	80	100	政府机构
341321106206	马良村委会	116.286572	34.599707	1	80	100	政府机构
341302208201	沈家村委会	116.915853	33.622050	1	80	100	政府机构
341322107208	林楼村委会	116.601321	34.218367	0	18	66	乡镇
341323204209	大吴村委会	117.568620	33.630310	0	30	72	村庄
341324107210	找沟村委会	118.109732	33.711976	0	18	40	乡镇
341321100014	侯楼社区居委会	116.379657	34.437200	1	80	97	UNKNOWN
341321106210	朱寨村委会	116.385185	34.479210	1	80	100	政府机构
341323103219	汴河村委会	117.437160	33.596989	0	30	72	村庄
341324200200	邓公村委会	117.898879	33.392067	0	18	40	乡镇
341302010005	华电社区居民委员会	116.928457	33.640219	0	25	47	乡镇
341322109200	孟窑村委会	116.840401	34.174246	0	18	66	乡镇
341321105200	周寨社区村委会	116.449045	34.550510	1	80	95	政府机构
341323110209	固子村委会	117.595451	33.869235	0	18	66	乡镇
341321100002	中原社区居委会	116.389022	34.455864	0	18	66	乡镇
341324107206	大柏村委会	118.109732	33.711976	0	18	66	乡镇
341323109213	崔巷村委会	117.602131	33.958154	0	18	66	乡镇
341321102204	镇东村委会	116.456830	34.385467	0	25	55	乡镇
341321112204	坡里王屯村委会	116.464857	34.296023	1	80	100	政府机构
341324103212	大安村委会	117.727732	33.391390	0	16	65	乡镇
341324103213	大张村委会	117.757400	33.458570	0	30	72	村庄
341323109212	大湖村委会	117.541766	33.993367	1	80	100	政府机构
341324100203	关庙村委会	117.870415	33.486051	0	18	66	乡镇
341321112205	张暗李楼村委会	116.612360	34.303271	0	30	72	村庄
341324110203	位圩村委会	118.011518	33.485295	0	18	40	乡镇
341321105201	郭张庄村委会	116.395990	34.585240	0	30	72	村庄
341323110208	候湖村委会	117.595451	33.869235	0	18	66	乡镇
341321100003	金山社区居委会	116.389022	34.455864	0	18	66	乡镇
341324107207	惠庙村委会	118.109732	33.711976	0	18	66	乡镇
341323100208	七里村委会	117.521049	33.532292	0	18	66	乡镇
341321106211	朱庄村委会	116.587994	34.327202	1	80	100	政府机构
341324200201	皇姑村委会	117.898879	33.392067	0	18	40	乡镇
341323103218	长集村委会	117.376686	33.547979	0	16	38	乡镇
341302010004	港利社区居民委员会	116.928457	33.640219	0	25	47	乡镇
341322109201	杜集村委会	116.676605	34.417353	1	80	100	政府机构
341324107211	宋圩村委会	118.109732	33.711976	0	18	66	乡镇
341323204208	张宋村委会	117.589785	33.669191	0	18	66	村庄
341321100015	苇子园社区居委会	116.319940	34.418331	0	30	72	村庄
341324104201	汴河村委会	117.701440	33.505351	0	30	72	村庄
341321106207	红星村委会	116.362890	34.562449	0	25	55	乡镇
341302208200	二铺村委会	116.889673	33.634312	0	20	67	乡镇
341322107209	付庄村委会	116.601321	34.218367	0	18	66	乡镇
341321111203	礼河集村委会	116.487281	34.435247	1	80	100	政府机构
341324103205	于韩村委会	117.727732	33.391390	0	16	65	乡镇
341321101203	黄庄寨村委会	116.262473	34.419913	0	18	66	乡镇
341302004006	北苑社区居委会	116.991550	33.637161	0	30	72	乡镇
341302108202	双鑫村委会	117.198668	33.796998	0	18	40	乡镇
341302113209	大江村委会	117.029840	33.419890	0	30	72	村庄
341322106208	郝庄村委会	116.554391	34.143271	1	80	100	政府机构
341302209201	池湖村委会	117.013371	33.536519	0	25	70	乡镇
341302103209	大杨村委会	117.344146	34.022546	0	18	66	乡镇
341321107206	徐楼村委会	116.251121	34.484779	1	80	100	政府机构
341324105200	黄圩村委会	117.762760	33.673631	0	30	72	村庄
341324100002	西关社区	117.870415	33.486051	0	18	66	乡镇
341302101408	矿九分会居委会	117.182649	33.510347	0	18	66	乡镇
341324106210	朝阳村委会	117.861971	33.674425	0	18	49	乡镇
341323205209	灵光村委会	117.621612	33.568595	0	18	40	村庄
341324202206	应宅村委会	117.937595	33.664362	0	25	55	村庄
341323103222	娄庄村委会	117.446355	33.493528	1	80	100	政府机构
341302109203	秦圩村委会	117.122244	33.721328	0	18	66	乡镇
341324104503	泗县种猪场	117.733193	33.534027	0	16	65	乡镇
341323108205	洛涧村委会	117.472284	33.988649	0	18	40	乡镇
341321103212	汪庄村委会	116.569585	34.460736	1	80	100	政府机构
341302005007	拂晓社区居委会	116.989157	33.618730	0	30	58	乡镇
341302010205	十里村委会	116.928457	33.640219	0	25	70	乡镇
341324111214	大彭村委会	117.891081	33.567572	0	18	66	乡镇
341321100202	北郊新村村委会	116.389022	34.455864	0	18	40	乡镇
341324102204	春韩村委会	117.826908	33.371441	0	18	40	乡镇
341321110202	梁寨村委会	116.500691	34.317557	0	18	66	乡镇
341323100009	滨河社区	117.521049	33.532292	0	18	66	乡镇
341324111202	陈刘村委会	117.891081	33.567572	0	18	66	乡镇
341324101202	项沟村委会	117.981981	33.361766	0	30	58	村庄
341323108213	高王村委会	117.507080	34.001680	0	30	72	村庄
341321103204	山寨村委会	116.583076	34.418705	0	18	66	乡镇
341323400006	叶庙居委会	117.581153	33.531904	0	25	55	乡镇
341322202208	周圩子村委会	116.768848	34.052961	0	18	66	乡镇
341322108200	赵庄村委会	116.704420	34.223390	0	30	72	村庄
341324201200	杨集村委会	117.764781	33.622439	0	18	66	村庄
341324100014	汴河社区	117.870415	33.486051	0	18	66	乡镇
341372001006	金泰社区居委会	116.964000	33.646199	0	10	28	城市
341302009209	杨圩村委会	117.034864	33.693704	0	30	72	村庄
341323101209	垓下村委会	117.585475	33.384843	0	18	40	乡镇
341324106206	新刘村委会	117.861971	33.674425	0	18	66	乡镇
341323111209	钱梁村委会	117.690351	33.845566	0	18	40	乡镇
341321104200	葛集村委会	116.505117	34.504613	1	80	100	政府机构
341321112209	赵楼村委会	116.514991	34.552365	1	80	100	政府机构
341323107200	张桥村委会	117.499394	33.916265	1	80	100	政府机构
341302106206	柏山村委会	117.248185	33.915162	0	18	66	乡镇
341322103207	郑集村委会	116.765659	34.349849	0	18	66	乡镇
341302202210	贡山村委会	117.356048	33.902924	0	18	66	村庄
341323104210	大亢村委会	117.471331	33.655891	0	18	40	乡镇
341323200206	河王村委会	117.595343	33.457655	0	18	66	村庄
341302105216	孙寨村委会	117.003232	33.515680	1	80	100	政府机构
341302211200	枪河村委会	117.209129	33.708612	0	18	40	村庄
341322204201	崔阁村委会	116.605989	34.081529	0	20	67	村庄
341302201200	城孜村委会	117.168287	33.911248	0	18	40	村庄
341302010008	大吴社区居民委员会	116.928457	33.640219	0	25	47	乡镇
341321108203	平安集村委会	116.202228	34.461647	0	18	40	乡镇
341323103214	蒋圩村委会	117.376686	33.547979	0	16	65	乡镇
341302102212	新河村委会	117.127029	33.616737	0	18	49	乡镇
341322203205	鲜沟村委会	117.025987	34.008893	0	18	40	村庄
341324109215	韩徐村委会	118.058740	33.588131	0	25	47	乡镇
341323204212	三周村委会	117.589785	33.669191	0	18	66	村庄
341323110204	跃楼村委会	117.595451	33.869235	0	18	40	乡镇
341302101202	北王寨村委会	117.194263	33.545363	0	30	72	村庄
341322101001	镇北社区居委会	116.684641	34.362188	0	18	66	乡镇
341322104203	李庄村委会	116.712254	34.448540	1	80	100	政府机构
341302111202	大韩村委会	117.096500	33.514160	0	25	70	乡镇
341322114203	欧庙村委会	116.616158	34.133916	0	18	66	乡镇
341323103202	姚山村委会	117.393610	33.534241	0	30	72	村庄
341371400200	两半昌村委会	117.248513	33.678138	1	80	100	政府机构
341302112204	桃西村委会	117.005780	33.501700	0	30	72	村庄
341322107205	许楼村委会	116.594780	34.223239	0	30	72	村庄
341302102204	矿南村委会	117.117100	33.601440	0	30	72	村庄
341323110212	卓庄村委会	117.510748	33.573533	1	80	100	政府机构
341323204204	双李村委会	117.589785	33.669191	0	18	66	村庄
341323100212	亢田村委会	117.521049	33.532292	0	18	40	乡镇
341324109203	小梁村委会	118.058740	33.588131	0	25	70	乡镇
341322114215	武楼村委会	116.616158	34.133916	0	18	66	乡镇
341302111214	幸福村委会	117.090318	33.541913	0	30	72	村庄
341322200203	岗子村委会	116.951512	34.256407	0	18	49	村庄
341322104215	西阁村委会	116.628253	34.474868	1	80	100	政府机构
341302209221	刘合村委会	117.013371	33.536519	0	25	70	乡镇
341323109208	孟邵村委会	117.602131	33.958154	0	18	40	乡镇
341323203200	殷庄村委会	117.694304	33.780767	0	18	66	村庄
341302202206	柳源村委会	117.356048	33.902924	0	18	66	村庄
341302106210	安水村委会	117.250690	33.914753	1	80	100	政府机构
341324103209	于城村委会	117.727732	33.391390	0	16	38	乡镇
341323200210	新湖村委会	117.595343	33.457655	0	18	49	村庄
341323104206	七井村委会	117.471331	33.655891	0	18	66	乡镇
341322110201	许堂村委会	116.944711	34.111200	0	18	66	乡镇
341322100201	姬村村委会	117.022292	34.230249	1	80	100	政府机构
341302105200	夹沟村委会	117.066360	33.892869	0	16	65	乡镇
341302100002	振兴居委会	116.963073	33.634527	1	80	100	政府机构
341302100215	褚庄村委会	116.993799	33.804610	0	18	66	乡镇
341322100016	房庄社区居民委员会	116.893551	34.382809	0	30	58	村庄
341302101404	矿五分会居委会	117.182649	33.510347	0	18	66	乡镇
341322201202	李庄村委会	116.688480	34.259412	1	80	100	政府机构
341302204203	祝窑村委会	117.031790	33.737341	0	30	58	UNKNOWN
341324108202	周道村委会	118.052410	33.682804	0	18	66	乡镇
341323101213	幸福村委会	117.563320	33.349290	0	30	72	村庄
341323205205	后桥村委会	117.624690	33.545470	0	30	72	村庄
341323111213	毛庄村委会	117.621277	34.024520	1	80	100	政府机构
341302103205	桂山村委会	117.281620	33.993701	0	30	72	村庄
341322106204	吴瓦房村委会	116.816550	34.267970	0	25	70	乡镇
341302113205	许寨村委会	117.018204	33.432390	0	18	66	乡镇
341322116204	张村村委会	117.013720	34.112444	1	80	100	政府机构
341323102203	三桥村委会	117.462244	33.418856	0	18	66	乡镇
341323112203	邹圩村委会	117.656590	33.683227	0	18	40	乡镇
341302101003	沱南社区	117.182649	33.510347	0	18	49	乡镇
341322101200	唐元村委会	116.684641	34.362188	0	18	66	乡镇
341302114201	耿湾村委会	116.967369	33.348830	0	18	66	乡镇
341322111200	王寨村委会	116.763623	34.121215	0	30	72	村庄
341323100005	南姚社区	117.521049	33.532292	0	18	66	乡镇
341323105207	解阁村委会	117.451493	33.767584	0	18	40	乡镇
341324102208	向阳村委会	117.826908	33.371441	0	18	49	乡镇
341323201211	红旗村委会	117.507800	33.868130	0	30	72	村庄
341302107211	付楼村委会	117.340018	33.790642	0	18	66	乡镇
341322102210	孙庄村委会	116.907041	34.383481	1	80	100	政府机构
341302203207	耿家村委会	116.900303	33.580752	1	80	100	政府机构
341323202201	张杨村委会	117.605153	33.779346	0	18	66	村庄
341323108209	谢楼村委会	117.472284	33.988649	0	18	66	乡镇
341302200201	街东村委会	117.240590	34.029203	0	18	66	村庄
341322200002	圣泉社区居民委员会	116.951512	34.256407	0	18	40	村庄
341302210201	曹集村委会	117.300900	33.678930	0	25	70	乡镇
341323201207	苗河村委会	117.465065	33.847179	0	18	66	村庄
341323105211	菠林村委会	117.451493	33.767584	0	18	40	乡镇
341323100013	东北社区居委会	117.521049	33.532292	0	18	66	乡镇
341322112206	祖楼村委会	116.716827	34.080316	1	80	100	政府机构
341322102206	郝集村委会	116.851061	34.348207	1	80	100	政府机构
341302107207	陈村村委会	117.383751	33.808120	1	80	100	政府机构
341321103208	唐集村委会	116.620817	34.469008	1	80	100	政府机构
341323106201	叶赵村委会	117.560034	33.756214	0	25	55	乡镇
341322115202	许岗子村委会	116.985162	34.077740	0	30	58	村庄
341302110203	三里村委会	117.255685	33.579056	0	16	65	乡镇
341302101412	矿十三分会居委会	117.182649	33.510347	0	18	66	乡镇
341322105202	管粥集村委会	116.912023	34.399749	1	80	95	UNKNOWN
341302100203	符北村委会	116.982005	33.739463	1	80	95	UNKNOWN
341323101205	徐圩村委会	117.590726	33.409687	1	80	100	政府机构
341302009205	马梨园村委会	117.005290	33.719962	1	80	100	政府机构
341302207205	方店村委会	117.040093	33.334396	0	18	66	村庄
341302102402	矿三宿居委会	117.127029	33.616737	0	18	40	乡镇
341322202204	港河村委会	116.768848	34.052961	0	18	66	乡镇
341302113213	代安村委会	117.018204	33.432390	0	18	40	乡镇
341322106212	长征村委会	116.762680	34.277900	0	30	72	村庄
341324400001	衡尤社区	117.900209	33.465444	1	80	100	UNKNOWN
341323112215	大王村委会	117.675650	33.683339	0	30	72	村庄
341321109202	黄屯村委会	116.400953	34.387805	1	80	100	政府机构
341302110208	五一村委会	117.255685	33.579056	0	16	65	乡镇
341302100208	清水村委会	116.989246	33.854386	0	30	72	村庄
341322105209	陈屯村委会	116.638349	34.178239	1	80	100	政府机构
341324106201	曙光村委会	117.845843	33.725244	0	30	72	村庄
341321104207	白蜡园村委会	116.511735	34.511342	0	18	40	乡镇
341322108207	张老庄村委会	116.714499	34.211210	0	18	66	乡镇
341324105211	三侯村委会	117.758132	33.700375	0	18	66	乡镇
341302403201	桃山村委会	117.152569	34.056639	1	80	100	政府机构
341324100013	花园井社区	117.883295	33.473704	1	75	100	地产小区
341302004200	北元村委会	116.991550	33.637161	0	30	72	乡镇
341302011002	十里社区居委会	117.042589	33.637057	0	20	67	乡镇
341321109209	毛庄寨村委会	116.518685	34.345585	1	80	100	政府机构
341324201207	曹安村委会	117.764781	33.622439	0	18	40	村庄
341323400001	刘尧居委会	117.581153	33.531904	0	25	55	乡镇
341302006006	一中社区居委会	116.979447	33.626695	0	40	77	政府机构
341321100213	西南门村委会	116.389022	34.455864	0	18	66	乡镇
341324101205	界牌张村委会	118.018975	33.379209	1	80	100	政府机构
341323108214	傅寨村委会	117.472284	33.988649	0	18	66	乡镇
341321103203	潘坝村委会	116.583076	34.418705	0	18	66	乡镇
341321106001	果洲社区居委会	116.362890	34.562449	0	25	47	乡镇
341324111205	屏北村委会	117.891081	33.567572	0	18	40	乡镇
341372402002	百丽社区居委会	116.950801	33.596039	0	80	97	UNKNOWN
341321110205	邵庄村委会	116.477540	34.325759	0	30	72	村庄
341302006010	九中社区居民委员会	116.973410	33.618090	0	50	73	UNKNOWN
341324102203	丁陈村委会	117.826908	33.371441	0	18	66	乡镇
341302109204	曹庙村委会	117.122244	33.721328	0	18	66	乡镇
341324111213	枯河村委会	117.891081	33.567572	0	18	66	乡镇
341323108202	吴楼村委会	117.732076	33.885657	1	80	100	政府机构
341302402001	新汴河社区	116.958182	33.695070	0	30	72	乡镇
341302204208	鹤山村委会	117.071028	33.770315	0	18	66	村庄
341322201209	杨楼村委会	116.650633	34.252068	1	80	100	政府机构
341324202201	王集村委会	117.925900	33.627129	0	30	72	村庄
341324108209	高渡村委会	118.052410	33.682804	0	18	66	乡镇
341302209206	丁楼村委会	117.212099	33.908954	1	80	100	政府机构
341322108211	吴蒋庄村委会	116.764820	34.193389	0	30	72	村庄
341323102208	红星村委会	117.468999	33.472371	0	30	72	村庄
341324200400	泗县农科所社区	117.898879	33.392067	0	18	66	乡镇
341323112208	三王村委会	117.656590	33.683227	0	18	66	乡镇
341321107201	龙潭村委会	116.211060	34.528121	0	30	72	村庄
341324105207	红星村委会	117.758132	33.700375	0	18	49	乡镇
341302004001	观李社区居委会	116.977000	33.640000	0	14	32	区县
341323109203	杨桥村委会	117.585266	33.974219	1	80	100	政府机构
341302108205	新合村委会	117.198668	33.796998	0	18	66	乡镇
341324103202	侍圩村委会	117.727732	33.391390	0	16	38	乡镇
341321101204	万楼村委会	116.267735	34.426252	1	80	100	政府机构
341321111204	马庄村委会	116.583910	34.421060	0	30	72	村庄
341324104206	大高圩村委会	117.733193	33.534027	0	16	33	乡镇
341321106200	果园新村村委会	116.362890	34.562449	0	25	47	乡镇
341323103209	沱北村委会	117.376686	33.547979	0	16	47	乡镇
341322109210	纵袁庄村委会	116.797440	34.242251	0	30	72	村庄
341321105210	解楼村委会	116.360890	34.602099	0	30	72	村庄
341321100012	双里庙社区居委会	116.360600	34.435519	0	30	72	村庄
341324109208	蒋杨村委会	118.058740	33.588131	0	25	47	乡镇
341322200208	袁新庄村委会	116.951512	34.256407	0	18	66	村庄
341324200206	网周村委会	117.898879	33.392067	0	18	49	乡镇
341302010003	银河社区居民委员会	116.954561	33.645795	1	80	100	政府机构
341321106216	三联村委会	116.362890	34.562449	0	25	70	乡镇
341302209400	桃园煤矿居委会	117.013371	33.536519	0	25	55	乡镇
341322109206	郝庄寨村委会	116.840401	34.174246	0	18	49	乡镇
341321100004	高台井社区居委会	116.389022	34.455864	0	18	49	乡镇
341321105206	张老家村委会	116.442306	34.579792	0	18	66	乡镇
341324107200	山头村委会	118.098063	33.692514	0	30	72	村庄
341322104208	小桥村村委会	116.723600	34.424130	0	30	58	村庄
341302101209	陈堂村委会	117.182649	33.510347	0	18	66	乡镇
341322114208	王衍庄村委会	116.616158	34.133916	0	18	40	乡镇
341302111209	张桥村委会	117.116070	33.476150	0	30	72	村庄
341321112202	衡楼村委会	116.584653	34.327404	0	18	66	乡镇
341324110204	通海村委会	118.011518	33.485295	0	18	66	乡镇
341323109215	朝阳村委会	117.594652	33.940599	0	30	72	村庄
341321102202	李园新村村委会	116.456830	34.385467	0	25	47	乡镇
341302108213	街西村委会	117.198668	33.796998	0	18	66	乡镇
341324103214	孙巷村委会	117.686360	33.417170	0	30	72	村庄
341324400006	赵位社区	117.910001	33.482999	0	14	64	区县
341302207202	瓦坊村委会	117.040093	33.334396	0	18	66	村庄
341322202203	徐双楼村委会	116.766720	34.079129	0	30	72	村庄
341321109205	杨庄寨村委会	116.375281	34.362292	0	18	66	乡镇
341323102212	砂坝村委会	117.462244	33.418856	0	18	40	乡镇
341323112212	大陈村委会	117.636050	33.743621	0	30	72	村庄
341322105205	常楼村委会	116.967670	34.352209	0	30	72	村庄
341322100007	城北社区居委会	116.948160	34.192289	1	80	100	政府机构
341302100204	张楼村委会	116.952552	33.720695	1	80	100	政府机构
341322115205	马庄村委会	116.959158	34.107096	0	30	72	村庄
341302110204	静安村委会	117.255685	33.579056	0	16	38	乡镇
341323101202	金银山村委会	117.585475	33.384843	0	18	66	乡镇
341323111202	卓海村委会	117.690351	33.845566	0	18	40	乡镇
341322102201	孟庄村委会	116.910397	34.227121	1	80	100	政府机构
341302107200	东风村委会	117.331011	33.777301	0	30	72	村庄
341322112201	石桥村委会	116.663419	34.091631	0	30	72	村庄
341302112002	光明社区	116.973506	33.504064	0	18	66	乡镇
341323106206	彭黄村委会	117.560034	33.756214	0	25	47	乡镇
341324111209	大李村委会	117.859050	33.608708	0	30	72	村庄
341323108218	蔡塘村委会	117.493911	34.041134	1	80	100	政府机构
341323202210	大龙村委会	117.599010	33.812310	0	30	72	村庄
341302210206	宁刘村委会	117.300900	33.678930	0	25	47	乡镇
341322101211	陈土楼村委会	116.890507	34.132822	1	80	100	政府机构
341302104210	张庄村委会	117.131520	33.983452	1	80	100	政府机构
341302200206	高庄村委会	117.194713	34.052842	1	80	100	政府机构
341322111211	王集村委会	116.778710	34.154649	0	30	72	村庄
341323105216	尹集村委会	117.451493	33.767584	0	18	66	乡镇
341323201200	朱集村委会	117.488104	33.847657	0	30	72	村庄
341302203200	桃沟村委会	117.247192	33.758451	0	18	66	村庄
341302107216	粱寨村委会	117.340018	33.790642	0	18	40	乡镇
341323202206	蒋庙村委会	117.629147	33.568441	1	80	100	政府机构
341323106210	郭许村委会	117.543470	33.729271	0	30	72	村庄
341302114206	陈李村委会	116.967369	33.348830	0	18	66	乡镇
341322111207	大演武村委会	116.758420	34.134442	0	18	49	乡镇
341302104206	马湾村委会	117.142099	34.009768	0	18	66	乡镇
341302210210	石桥村委会	117.056799	33.522491	1	80	100	政府机构
341322101207	唐庄村委会	116.673170	34.319470	0	30	72	村庄
341302008002	汇源社区居委会	116.979533	33.655488	0	30	72	乡镇
341323105200	圩疃村委会	117.459963	33.733003	1	80	100	政府机构
341323100002	隍庙社区	117.521049	33.532292	0	18	66	乡镇
341302113202	灯塔村委会	117.047071	33.470627	0	30	72	村庄
341322116203	花甲寺村委会	117.051513	34.097421	0	18	35	乡镇
341302103202	冯楼村委会	117.344146	34.022546	0	18	66	乡镇
341322106203	曲里铺村委会	116.811544	34.257178	1	80	100	政府机构
341324100009	四里桥社区	117.870415	33.486051	0	18	66	乡镇
341323112204	大高村委会	117.656590	33.683227	0	18	66	乡镇
341323102204	单营村委会	117.462244	33.418856	0	18	40	乡镇
341322201205	旗杆村委会	116.667624	34.275563	0	18	66	村庄
341302101403	矿四分会居委会	117.182649	33.510347	0	18	66	乡镇
341302204204	魏庄村委会	117.043688	33.752551	1	80	100	政府机构
341302100212	李桥村委会	117.001129	33.754736	1	80	100	政府机构
341322100011	后梅社区居委会	116.923983	34.169913	0	18	49	乡镇
341321401006	利民社区居委会	116.414751	34.300102	0	18	66	乡镇
341302002008	韩池孜社区	117.016474	33.617866	0	30	72	乡镇
341323205202	范桥村委会	117.625481	33.596600	1	80	100	政府机构
341323111214	崔庄村委会	117.704364	33.454424	1	80	100	政府机构
341324108205	付圩村委会	118.052410	33.682804	0	18	40	乡镇
341323104201	光明村委会	117.485930	33.593529	0	30	72	村庄
341321101208	吕集村委会	116.259526	34.458664	1	80	95	UNKNOWN
341302105207	辛丰村委会	117.066360	33.892869	0	16	65	乡镇
341322110206	张山头村委会	116.944711	34.111200	0	18	66	乡镇
341323107211	杜庄村委会	117.521570	33.934361	0	30	72	村庄
341323203207	骑路张村委会	117.694304	33.780767	0	18	66	村庄
341321402201	陇海新村村委会	116.326579	34.396822	0	18	40	乡镇
341302106217	新庄村委会	117.102067	33.748646	1	80	100	政府机构
341302202201	龙山村委会	117.432180	33.997899	0	30	72	村庄
341302108209	潘湖村委会	117.164877	33.835124	0	25	55	旅游景点
341324109204	朱山村委会	118.018899	33.604776	0	30	72	村庄
341323110215	钓台村委会	117.595451	33.869235	0	18	40	乡镇
341302003009	东方社区	117.007507	33.637946	0	30	72	乡镇
341323204203	司庙村委会	117.589785	33.669191	0	18	40	村庄
341322104212	邵套村委会	116.716439	34.450996	0	25	47	乡镇
341322114212	白楼村委会	116.616158	34.133916	0	18	66	乡镇
341322200204	穆集村委会	116.904997	34.258999	1	80	100	政府机构
341323103205	淹周村委会	117.376686	33.547979	0	16	47	乡镇
341371400207	汴南村委会	116.964000	33.646199	0	10	22	城市
341322107202	关庄村委会	116.637930	34.189270	0	30	72	村庄
341302102203	朱仙庄村委会	117.149792	33.612390	1	80	100	政府机构
341322117202	赵楼村委会	116.683931	34.333012	1	80	100	政府机构
341302112203	西杨寨村委会	116.973506	33.504064	0	18	66	乡镇
341323110203	梁集村委会	117.595451	33.869235	0	18	66	乡镇
341321100008	西城社区居委会	116.339781	34.422006	1	80	100	政府机构
341324109212	周黄村委会	118.058740	33.588131	0	25	70	乡镇
341322200212	营子村委会	116.994100	34.262141	0	30	72	村庄
341302111205	雪花村委会	117.096500	33.514160	0	25	47	乡镇
341322114204	王柳园村委会	116.579940	34.111260	0	30	72	村庄
341302101205	王老庄村委会	117.182649	33.510347	0	18	66	乡镇
341321108204	许庄回族村民委员会	116.202228	34.461647	0	18	49	乡镇
341323103213	刘胡村委会	117.376686	33.547979	0	16	65	乡镇
341322203202	黄山村委会	116.976171	34.197760	1	80	100	政府机构
341323200201	大桥村委会	117.595343	33.457655	0	18	66	村庄
341302201207	鸭湖村委会	117.168287	33.911248	0	18	66	村庄
341302105211	赵集村委会	117.066360	33.892869	0	16	65	乡镇
341323203211	大庙村委会	117.702087	33.761350	0	30	72	村庄
341324100208	泗城镇赵庄村民委员会	117.823860	33.507929	0	30	72	村庄
341323107207	邱楼村委会	117.465421	33.911660	0	18	66	乡镇
341322113200	青龙集村委会	116.641372	34.030772	1	80	100	政府机构
341302106201	栏东村委会	117.248185	33.915162	0	18	40	乡镇
341322103200	柳元村委会	116.765659	34.349849	0	18	40	乡镇
341323203210	大杨村委会	117.694304	33.780767	0	18	66	村庄
341323107206	大康村委会	117.465421	33.911660	0	18	66	乡镇
341322113201	邱庄村委会	116.637699	34.043985	1	80	100	政府机构
341302106200	栏西村委会	117.248185	33.915162	0	18	40	乡镇
341322103201	孟楼村委会	116.895204	34.145144	1	80	100	政府机构
341323200200	大西村委会	117.590330	33.501541	0	30	72	村庄
341302201206	徐桥村委会	117.179062	33.869844	1	80	100	政府机构
341302105210	秦湾村委会	117.066360	33.892869	0	16	65	乡镇
341302211206	巩家村委会	117.209129	33.708612	0	18	66	村庄
341371400210	昌圩村委会	116.964000	33.646199	0	10	21	城市
341321108205	希望新村村委会	116.202228	34.461647	0	18	40	乡镇
341323103212	娄北村委会	117.402373	33.616346	0	30	72	村庄
341322203203	大蔡村委会	117.025987	34.008893	0	18	66	村庄
341302102214	曹凌村	117.089680	33.599810	0	30	100	村庄
341323110202	杏山村委会	117.642700	33.862471	0	30	72	村庄
341321100009	车站街社区居委会	116.389022	34.455864	0	18	49	乡镇
341324109213	三葛村委会	118.058740	33.588131	0	25	47	乡镇
341302111204	涉故台村委会	117.081296	33.449516	0	70	58	村庄
341322200213	北城集村委会	116.923049	34.302948	1	80	94	UNKNOWN
341322114205	洪河村委会	116.568400	34.155521	0	30	72	村庄
341302101204	南王寨村委会	117.147250	33.532080	0	30	72	村庄
341322104205	张庄村委会	116.759940	34.449880	0	30	72	村庄
341323103204	杨集村委会	117.406251	33.490056	1	80	100	政府机构
341371400206	后场村委会	117.102632	33.927712	1	80	100	政府机构
341322107203	高楼村委会	116.618013	34.184928	1	80	100	政府机构
341322117203	高庄村委会	117.133328	34.018028	1	80	100	政府机构
341302112202	浍光村委会	116.973506	33.504064	0	18	40	乡镇
341323100214	高许村委会	117.521049	33.532292	0	18	66	乡镇
341324109205	马厂村委会	118.058740	33.588131	0	25	70	乡镇
341323110214	马集村委会	117.588170	33.900421	0	30	72	村庄
341323204202	黄桥村委会	117.530130	33.696631	0	30	72	村庄
341302003008	翠园社区	117.007507	33.637946	0	30	72	乡镇
341322114213	海青村委会	116.594868	34.154374	0	30	72	村庄
341302111212	水池村委会	117.096500	33.514160	0	25	70	乡镇
341323107210	解圩村委会	117.465421	33.911660	0	18	66	乡镇
341323203206	沙南村委会	117.656920	33.791750	0	30	72	村庄
341302106216	段楼村委会	117.248185	33.915162	0	18	66	乡镇
341302202200	解集村委会	117.356048	33.902924	0	18	66	村庄
341302108208	所圩村委会	117.160910	33.815781	0	30	72	村庄
341323104200	邱庙村委会	117.471331	33.655891	0	18	66	乡镇
341321101209	卞楼村委会	116.483597	34.377188	1	80	100	政府机构
341322100207	人民村委会	116.877350	34.128230	0	30	72	村庄
341302105206	黄山村委会	117.066360	33.892869	0	16	47	乡镇
341322110207	河头村委会	116.826080	34.079930	0	30	72	村庄
341302110213	大北村委会	117.255685	33.579056	0	16	65	乡镇
341322201204	东镇村委会	116.667624	34.275563	0	18	66	村庄
341302101402	矿三分会居委会	117.182649	33.510347	0	18	40	乡镇
341302204205	王井涯村委会	117.071028	33.770315	0	18	66	村庄
341302100213	杨楼村委会	116.993799	33.804610	0	18	66	乡镇
341321401007	清河社区居委会	116.414751	34.300102	0	18	66	乡镇
341322100010	前梅社区居委会	116.923983	34.169913	0	18	49	乡镇
341323205203	陈埝村委会	117.621612	33.568595	0	18	40	村庄
341323111215	鲍庄村委会	117.740780	33.882040	0	30	72	村庄
341324108204	前戚村委会	118.052410	33.682804	0	18	35	乡镇
341302113203	徐桥村委会	117.009421	33.450700	1	80	100	政府机构
341322116202	董店村委会	117.051513	34.097421	0	18	66	乡镇
341302103203	宝光寺村委会	117.344146	34.022546	0	18	66	乡镇
341322106202	许破楼村委会	116.799573	34.285353	1	80	100	政府机构
341323112205	张集村委会	117.656590	33.683227	0	18	66	乡镇
341323102205	晏路村委会	117.513108	33.435636	1	80	100	政府机构
341322111206	张楼村委会	116.738695	34.149250	1	80	100	政府机构
341302104207	湖庄村委会	117.142099	34.009768	0	18	66	乡镇
341322101206	徐洼村委会	116.684641	34.362188	0	18	66	乡镇
341302008003	教场社区居委会	116.977000	33.640000	0	14	37	区县
341323105201	陈渡口村委会	117.451493	33.767584	0	18	66	乡镇
341323100003	光明社区	117.521049	33.532292	0	18	66	乡镇
341302203201	戚庄村委会	117.247192	33.758451	0	18	66	村庄
341302107217	冲疃村委会	117.340018	33.790642	0	18	40	乡镇
341323202207	蒋刘村委会	117.605153	33.779346	0	18	66	村庄
341323106211	郭沟村委会	117.560034	33.756214	0	25	70	乡镇
341322101210	朱庄村委会	116.687739	34.335316	1	80	100	政府机构
341302210207	李圩村委会	117.268359	33.776986	1	80	100	政府机构
341302104211	闵贤村委会	117.130360	33.955425	0	50	73	UNKNOWN
341322111210	吴丛村委会	116.758420	34.134442	0	18	40	乡镇
341302200207	房上村委会	117.240590	34.029203	0	18	66	村庄
341322200004	黄安子社区居民委员会	116.951512	34.256407	0	18	40	村庄
341323201201	张家村委会	117.435140	33.822999	0	30	72	村庄
341322102200	杨楼村委会	116.802359	34.378412	1	80	100	政府机构
341302107201	曹蒲村委会	117.340018	33.790642	0	18	40	乡镇
341322112200	孟苏庄村委会	116.681810	34.106891	0	30	72	村庄
341324400400	小陈庄社区	117.972250	33.476479	0	30	100	村庄
341323106207	李宅村委会	117.560034	33.756214	0	25	70	乡镇
341324111208	涂山村委会	117.891081	33.567572	0	18	66	乡镇
341323202211	陈场村委会	117.638434	33.842161	1	80	100	政府机构
341322105204	三大家村委会	116.945495	34.345984	0	18	66	乡镇
341322100006	城南社区居委会	116.939924	34.174775	1	80	100	政府机构
341302100205	梁套村委会	116.993799	33.804610	0	18	66	乡镇
341322115204	窦庄村委会	116.702919	34.305689	1	80	100	政府机构
341302101414	矿十五分会居委会	117.182649	33.510347	0	18	66	乡镇
341302110205	张庙村委会	117.255685	33.579056	0	16	65	乡镇
341322201212	北赵楼村委会	116.667624	34.275563	0	18	66	村庄
341323101203	韦集村委会	117.585475	33.384843	0	18	66	乡镇
341323111203	朱庄村委会	117.676365	33.869346	1	80	100	政府机构
341321402001	南苑社区居委会	116.326579	34.396822	0	18	66	乡镇
341322106214	道口村委会	116.816550	34.267970	0	25	55	乡镇
341324400007	曹苗社区	117.910001	33.482999	0	14	64	区县
341302207203	关湖村委会	117.032888	33.322299	1	80	100	政府机构
341322202202	王庄村委会	116.777315	34.099002	1	80	100	政府机构
341302102404	矿五宿居委会	117.127029	33.616737	0	18	66	乡镇
341321109204	邵楼村委会	116.375281	34.362292	0	18	66	乡镇
341323102213	庙李村委会	117.538765	33.429695	1	80	100	政府机构
341323112213	高宅村委会	117.656590	33.683227	0	18	66	乡镇
341324103215	桥东村委会	117.727732	33.391390	0	16	38	乡镇
341321112203	龙泉寺村委会	116.584653	34.327404	0	18	49	乡镇
341324110205	治岗村委会	118.011518	33.485295	0	18	40	乡镇
341323109214	崔楼村委会	117.602131	33.958154	0	18	66	乡镇
341321102203	汪阁村委会	116.456830	34.385467	0	25	47	乡镇
341324100205	大吴村委会	117.783291	33.566452	1	80	100	政府机构
341302108212	大许村委会	117.198668	33.796998	0	18	66	乡镇
341321100005	北城社区居委会	116.346681	34.427291	1	80	100	政府机构
341321105207	郭程庄村委会	116.422237	34.535522	1	80	100	政府机构
341324107201	蔡圩村委会	118.109732	33.711976	0	18	66	乡镇
341322104209	沟头村委会	116.716439	34.450996	0	25	70	乡镇
341302101208	芦南村委会	117.182649	33.510347	0	18	66	乡镇
341322114209	申河村委会	116.701669	34.146397	0	50	73	UNKNOWN
341302111208	和谐村委会	117.096500	33.514160	0	25	47	乡镇
341324200207	西李村委会	117.898879	33.392067	0	18	66	乡镇
341302010002	迎宾社区居民委员会	116.928457	33.640219	0	25	47	乡镇
341322109207	郝新庄村委会	116.840401	34.174246	0	18	40	乡镇
341323110218	卞庄村委会	117.595451	33.869235	0	18	66	乡镇
341321105211	孙老家村委会	116.442306	34.579792	0	18	66	乡镇
341321100013	金桂苑社区居委会	116.332604	34.422275	1	70	92	地产小区
341324109209	倪姚村委会	118.058740	33.588131	0	25	55	乡镇
341322200209	金黄庄村委会	116.938651	34.289633	1	80	100	政府机构
341324102500	付湖良种场	117.826908	33.371441	0	18	49	乡镇
341324104207	戚庙村委会	117.733193	33.534027	0	16	38	乡镇
341321106201	罗寨村委会	116.362890	34.562449	0	25	70	乡镇
341323103208	王赵村委会	117.376686	33.547979	0	16	65	乡镇
341322109211	朱解庄村委会	116.840401	34.174246	0	18	49	乡镇
341324103203	汪尚村委会	117.727732	33.391390	0	16	38	乡镇
341321101205	杜阁村委会	116.262473	34.419913	0	18	66	乡镇
341321111205	良梨村委会	116.528684	34.427996	0	25	47	乡镇
341323109202	嶂渠村委会	117.602131	33.958154	0	18	40	乡镇
341302108204	孙安村委会	117.198668	33.796998	0	18	66	乡镇
341302209207	三官村委会	117.013371	33.536519	0	25	70	乡镇
341322108210	前韦村委会	116.714499	34.211210	0	18	66	乡镇
341323102209	陆集村委会	117.462244	33.418856	0	18	40	乡镇
341321102002	朱店社区居委会	116.456830	34.385467	0	25	55	乡镇
341323112209	木谷村委会	117.656590	33.683227	0	18	40	乡镇
341321107200	官庄社区村委会	116.270156	34.514610	0	18	40	乡镇
341324100004	东关社区	117.870415	33.486051	0	18	66	乡镇
341324105206	孙苏村委会	117.758132	33.700375	0	18	40	乡镇
341302204209	马场村委会	117.084003	33.772109	1	80	100	政府机构
341322201208	丹楼村委会	116.667624	34.275563	0	18	40	村庄
341324202200	瓦坊村委会	117.937595	33.664362	0	25	70	村庄
341324108208	四山村委会	118.052410	33.682804	0	18	40	乡镇
341321104210	李安村委会	116.511735	34.511342	0	18	66	乡镇
341302002005	春光社区居委会	117.016474	33.617866	0	30	72	乡镇
341302109205	八张村委会	117.122244	33.721328	0	18	40	乡镇
341324111212	老山村委会	117.928670	33.579080	0	30	72	村庄
341323108203	王集村委会	117.475030	33.958590	0	30	72	村庄
341302005001	淮河路社区居委会	117.013070	33.622259	0	40	77	道路
341372402003	金城社区居委会	116.964000	33.646199	0	10	23	城市
341321110204	邵寨村委会	116.500691	34.317557	0	18	66	乡镇
341324102202	苗尤村委会	117.826908	33.371441	0	18	40	乡镇
341302006011	观园社区居委会	116.977000	33.640000	0	14	32	区县
341324101204	石梁河村委会	117.933027	33.419655	0	50	73	UNKNOWN
341323108215	东高村委会	117.533080	33.991141	0	30	72	村庄
341321103202	戴庄村委会	116.534995	34.419878	1	80	100	政府机构
341324111204	屏西村委会	117.891081	33.567572	0	18	40	乡镇
341302006007	南园社区居委会	116.970117	33.621641	0	30	72	乡镇
341321100212	林屯村委会	116.389022	34.455864	0	18	66	乡镇
341322108206	王汉集村委会	116.676593	34.176345	1	80	100	政府机构
341302001003	东仙桥社区居委会	116.986588	33.636240	0	50	82	道路
341324105210	刘宅村委会	117.758132	33.700375	0	18	66	乡镇
341302011003	八里社区居委会	117.042589	33.637057	0	20	67	乡镇
341324201206	李庙村委会	117.726225	33.660001	1	80	100	政府机构
341321109208	汤寺村委会	116.318729	34.349543	0	25	55	旅游景点
341302110209	天门村委会	117.255685	33.579056	0	16	65	乡镇
341302100209	芦村村委会	117.003803	33.844472	1	80	100	政府机构
341322105208	李圩子村委会	116.945495	34.345984	0	18	66	乡镇
341324106200	大庄村委会	117.882553	33.702789	1	80	100	政府机构
341321104206	范套村委会	116.487708	34.491894	0	60	80	UNKNOWN
