360313103204	前进村委会	113.685760	27.659071	0	30	72	村庄
360321101202	北门村委会	113.956627	27.131940	0	30	72	村庄
360302002096	凤凰山居委会（萍乡经济开发区）	113.840963	27.666635	1	80	100	工业园区
360302004007	后村居委会	113.845470	27.632588	1	80	100	政府机构
360321206204	寒山村委会	113.835542	27.149611	0	30	72	村庄
360313107210	江边村委会	113.611680	27.432660	0	30	72	村庄
360302006201	源壁村委会	113.908911	27.654700	0	40	56	道路
360302401200	长兴馆村委会	113.834240	27.626809	1	80	95	政府机构
360302003003	藕塘边居委会	113.854570	27.642200	1	80	97	餐饮
360323204209	龙上村委会	113.965343	27.514279	1	80	100	政府机构
360321201200	湖上村委会	114.060978	27.252172	1	80	100	政府机构
360313104200	腊市村委会	113.720193	27.554897	0	20	41	乡镇
360313101002	下街居委会	113.753499	27.640619	1	80	100	政府机构
360313107206	鸭路村委会	113.646214	27.437250	0	16	65	乡镇
360321105200	坊楼村委会	113.937910	27.274037	0	18	40	乡镇
360313200200	官陂村委会	113.727932	27.388495	0	18	66	乡镇
360322203208	黄冲村委会	113.845370	27.827510	0	25	70	乡镇
360321202206	桥头村委会	113.941090	27.006860	0	30	72	村庄
360302100019	青林居委会	113.873830	27.607452	0	25	70	乡镇
360321205202	小背村委会	113.936540	27.327207	1	80	100	政府机构
360321101214	金家村委会	113.978800	27.149430	0	30	72	村庄
360302004011	金典居委会	113.849518	27.648908	0	30	51	道路
360321102204	庙背村委会	114.074877	27.319742	1	80	100	政府机构
360302001004	新建居委会	113.859052	27.619048	1	80	100	政府机构
360321203207	周屋冲村委会	113.887602	27.097822	0	30	58	村庄
360313201201	龙台村委会	113.787800	27.450781	0	16	65	村庄
360322202209	宫江村委会	113.920221	27.780363	0	18	40	村庄
360321104201	云溪村委会	113.948980	27.065949	0	30	72	村庄
360323101208	仁里村委会	114.106490	27.614521	0	30	72	村庄
360313106207	官桥村委会	113.591950	27.540889	0	30	72	村庄
360321103205	邑田村委会	114.018523	27.239301	1	80	100	政府机构
360313001024	新中居委会	113.745875	27.633661	1	80	97	政府机构
360313101203	和平村委会	113.751880	27.590721	0	30	72	村庄
360302401001	红星社区居委会	113.834240	27.626809	1	80	97	政府机构
360321204203	海潭村委会	113.903802	27.368374	0	18	40	村庄
360321207205	四桂村委会	113.944636	27.202867	0	18	40	村庄
360321103213	白渡村委会	114.032588	27.187972	0	18	66	乡镇
360313101215	五里村委会	113.767696	27.635354	0	18	66	乡镇
360313102205	横江村委会	113.708494	27.701593	0	18	66	乡镇
360321203211	模背村委会	113.877430	27.054299	0	18	40	村庄
360302103208	温盘村委会	113.785800	27.692029	0	30	58	村庄
360322106209	枫桥村委会	113.950248	27.715220	0	18	66	乡镇
360313105201	栗塘村委会	113.818911	27.685943	1	80	100	政府机构
360321200201	井屋村委会	114.063715	27.328740	0	18	66	村庄
360302002002	凤凰池居委会	113.856877	27.624218	1	80	100	政府机构
360313106211	东村村委会	113.658838	27.526130	0	18	49	乡镇
360302103013	八一社区	113.821325	27.628739	1	80	100	地产小区
360322103210	石涧村委会	113.802435	27.927316	0	18	66	乡镇
360321206208	井下村委会	113.875940	27.181090	0	30	72	村庄
360323203201	陈家坊村委会	114.129954	27.501307	0	18	66	村庄
360313103208	二鲤村委会	113.643906	27.631814	0	18	35	乡镇
360302103290	上柳源村委会（萍乡经济开发区）	113.840963	27.666635	1	80	100	工业园区
360323101005	花生岭居委会	114.060150	27.639850	1	80	100	政府机构
360322106291	周江村委会（萍乡经济开发区）	113.866608	27.677555	1	80	100	工业园区
360323104207	南坑村委会	113.906566	27.536405	0	30	72	村庄
360313001012	郭公塘居委会	113.745875	27.633661	1	80	97	政府机构
360322203212	桃文村委会	113.845370	27.827510	0	25	47	乡镇
360323103203	茶园村委会	113.974920	27.590830	0	30	72	村庄
360322200202	高田村委会	113.835790	27.889809	0	30	72	村庄
360323204205	黄江村委会	114.148810	27.541810	0	30	72	村庄
360322203204	新坝村委会	113.861710	27.821811	0	30	72	村庄
360322104202	双源村委会	113.837355	27.738948	0	18	66	乡镇
360302101203	丰园村委会	113.974607	27.646428	0	18	66	乡镇
360322103206	山口村委会	113.821640	27.917920	0	30	72	村庄
360321102208	同坑村委会	114.120916	27.270013	0	18	40	乡镇
360323203217	株木村委会	114.129954	27.501307	0	18	66	村庄
360302100015	筲箕街社区	113.873830	27.607452	0	25	70	乡镇
360313001004	三湾居委会	113.745875	27.633661	1	80	97	政府机构
360323200207	新棚村委会	114.041310	27.661591	0	18	66	村庄
360323104211	新坪村委会	113.975450	27.523080	0	30	72	村庄
360323101204	塘里村委会	114.064030	27.653810	0	30	72	村庄
360302100202	石板村委会	113.910903	27.622039	1	80	100	政府机构
360322105203	沽塘村委会	113.873644	27.714949	0	20	41	乡镇
360322201215	菱角村委会	113.758720	27.756540	0	30	72	村庄
360322106213	黄花村委会	113.950248	27.715220	0	18	66	乡镇
360322202205	民主村委会	113.925700	27.799290	0	30	72	村庄
360323105210	何家圳村委会	114.104286	27.687026	1	80	100	政府机构
360322101217	泉塘村委会	113.777340	27.853299	0	30	72	村庄
360323103002	南溪居委会	113.978290	27.575611	0	25	70	乡镇
360321103209	高丘村委会	114.027430	27.210989	0	30	72	村庄
360322102207	荆坪村委会	113.938504	27.954278	0	18	66	乡镇
360323105206	邓家田村委会	114.083191	27.719543	0	18	66	乡镇
360322101201	石洋村委会	113.807305	27.852419	0	18	66	乡镇
360302101002	民主居委会	113.967160	27.623285	1	80	100	政府机构
360323202200	张家坊村委会	113.897816	27.538618	1	80	100	政府机构
360322102211	楚山村委会	113.877270	27.956840	0	30	58	村庄
360323101212	更田村委会	114.071950	27.623498	0	18	40	乡镇
360313108203	善洲村委会	113.804988	27.557558	0	18	40	乡镇
360322201203	平基村委会	113.766911	27.750998	0	18	40	村庄
360323102202	京口村委会	114.161612	27.666254	0	18	66	乡镇
360322202213	镜山村委会	113.920221	27.780363	0	18	40	村庄
360322106205	大院村委会	113.918230	27.717751	0	30	72	村庄
360302103204	光辉村委会	113.813562	27.672259	0	18	66	乡镇
360323102203	虹桥村委会	114.126790	27.688409	0	30	72	村庄
360322202212	羊子村委会	113.920221	27.780363	0	18	40	村庄
360322106204	耿塘村委会	113.950248	27.715220	0	18	40	乡镇
360302103205	乌石村委会	113.797380	27.643371	0	30	72	村庄
360323101213	山下村委会	114.030530	27.603570	0	30	72	村庄
360313108202	小桥村委会	113.818980	27.591690	0	30	72	村庄
360322201202	长平村委会	113.766911	27.750998	0	18	66	村庄
360323202201	杂溪村委会	113.991320	27.451891	0	30	58	村庄
360322102210	枧冲村委会	114.048495	27.682341	1	80	100	政府机构
360323105207	京竹村委会	114.083191	27.719543	0	18	66	乡镇
360322101200	胜利村委会	113.806530	27.868921	0	30	72	村庄
360313102208	福溪村委会	113.708494	27.701593	0	18	66	乡镇
360302101003	山下居委会	113.964092	27.622356	1	80	100	政府机构
360323103003	河口居委会	113.978290	27.575611	0	25	70	乡镇
360321103208	井二村委会	114.032588	27.187972	0	18	40	乡镇
360322102206	枣木村委会	113.938504	27.954278	0	18	66	乡镇
360323105211	横岭村委会	114.083191	27.719543	0	18	49	乡镇
360322101216	新建村委会	113.777170	27.869310	0	30	72	村庄
360323203001	新店居委会	114.129954	27.501307	0	18	66	村庄
360322106212	高南村委会	114.000630	27.729760	0	30	72	村庄
360322202204	小枧村委会	113.920221	27.780363	0	18	66	村庄
360323101205	江霞村委会	114.071950	27.623498	0	18	40	乡镇
360302100203	跃进村委会	113.873830	27.607452	0	25	70	乡镇
360322105202	坛华村委会	113.873644	27.714949	0	20	41	乡镇
360322201214	杉木村委会	113.766911	27.750998	0	18	66	村庄
360302100014	方家坳社区	113.873830	27.607452	0	25	70	乡镇
360323200206	源溪村委会	114.041310	27.661591	0	18	66	村庄
360323104210	兆佳村委会	113.942160	27.500180	0	30	58	UNKNOWN
360322103207	中鹤村委会	113.802435	27.927316	0	18	40	乡镇
360321102209	下垄村委会	114.061057	27.461976	1	80	100	政府机构
360323203216	麻田村委会	114.120070	27.489500	0	30	72	村庄
360323102002	水府街居委会	114.161612	27.666254	0	18	49	乡镇
360322101001	滨河居委会	113.807305	27.852419	0	18	66	乡镇
360322104203	明山村委会	113.824130	27.717580	0	30	72	村庄
360302101202	泉江村委会	113.964262	27.661478	1	80	100	政府机构
360323204212	下村村委会	114.174292	27.598623	0	60	87	UNKNOWN
360322203205	保护村委会	113.845370	27.827510	0	25	70	乡镇
360322200203	横下村委会	113.878577	27.882560	0	18	66	乡镇
360323204204	三勤村委会	114.189025	27.585404	0	18	66	乡镇
360322203213	石岭村委会	113.899430	27.800709	0	30	72	村庄
360323103202	上埠村委会	113.976640	27.572021	0	30	72	村庄
360313103209	檀梓村委会	113.643906	27.631814	0	18	40	乡镇
360323101004	华光居委会	114.043503	27.634953	1	80	100	政府机构
360322106290	万新村委会（萍乡经济开发区）	113.866608	27.677555	1	80	100	工业园区
360323104206	乾村村委会	113.889357	27.510102	1	80	100	政府机构
360313001013	火星居委会	113.745875	27.633661	1	80	95	政府机构
360302103012	水口社区	113.815486	27.642061	1	80	100	地产小区
360322103211	凤鸣村委会	113.802435	27.927316	0	18	66	乡镇
360321206209	严塘村委会	113.850130	27.205640	0	30	72	村庄
360323203200	新泉村委会	114.073810	27.518789	0	30	72	村庄
360321200200	江南村委会	114.063715	27.328740	0	18	66	村庄
360302002003	居仁巷居委会	113.856149	27.623899	1	80	100	政府机构
360313106210	南村村委会	113.679138	27.508600	1	80	100	政府机构
360321203210	上江村委会	113.877430	27.054299	0	18	66	村庄
360313105200	下埠村委会	113.762045	27.540264	1	80	100	政府机构
360322106208	湾里村委会	113.955290	27.701829	0	30	72	村庄
360323203220	长冲村委会	114.029065	27.503392	1	80	100	政府机构
360313102204	青云村委会	113.730520	27.689910	0	30	72	村庄
360321207204	湾源村委会	113.961670	27.225170	0	30	58	UNKNOWN
360321103212	冲头黎族村委会	114.032588	27.187972	0	18	35	乡镇
360313101214	新湄村委会	113.767696	27.635354	0	18	40	乡镇
360302006001	荷塘居委会	113.906185	27.653610	1	80	100	政府机构
360321204202	垭坞村委会	113.903802	27.368374	0	18	40	村庄
360321103204	下布村委会	114.032588	27.187972	0	18	66	乡镇
360313001025	日星居委会	113.745875	27.633661	1	80	95	政府机构
360313101202	黄堂村委会	113.767696	27.635354	0	18	66	乡镇
360321104200	升坊村委会	113.940300	27.077788	0	30	72	村庄
360323101209	丰泉村委会	114.063080	27.625480	0	30	72	村庄
360322201218	石溪村委会	113.727740	27.739280	0	30	72	村庄
360313106206	山田村委会	113.658838	27.526130	0	18	66	乡镇
360302001005	东外居委会	113.863912	27.621938	1	80	100	政府机构
360321203206	永坊村委会	113.877430	27.054299	0	18	40	村庄
360322202208	田心村委会	113.927300	27.819841	0	30	72	村庄
360313201200	白竺村委会	113.787800	27.450781	0	16	38	村庄
360302103008	香炉山居委会	113.808368	27.627571	1	80	100	政府机构
360302004010	柑子园居委会	113.848952	27.633117	1	80	100	政府机构
360321102205	湖塘村委会	114.120390	27.267210	0	30	72	村庄
360302100018	木杉塘居委会	113.872582	27.612631	0	30	72	村庄
360321205203	下湾村委会	113.988206	27.367712	0	18	66	村庄
360321101215	六模村委会	113.947156	27.138082	0	18	40	乡镇
360322203209	水井村委会	113.845370	27.827510	0	25	70	乡镇
360313200201	官溪村委会	113.718350	27.414239	0	30	72	村庄
360321202207	山口垄村委会	113.911742	26.995231	0	20	67	乡镇
360313107207	南岸村委会	113.646214	27.437250	0	16	65	乡镇
360321204500	海潭垦殖场生活区	113.903802	27.368374	0	18	40	村庄
360321105201	罗市村委会	113.937910	27.274037	0	18	40	乡镇
360313104201	乌岗村委会	113.720193	27.554897	0	20	67	乡镇
360313101003	浏市居委会	113.767696	27.635354	0	18	66	乡镇
360313107211	草市村委会	113.646214	27.437250	0	16	65	乡镇
360302006200	白源村委会	113.910100	27.652160	1	80	100	政府机构
360323204208	长岭村委会	114.201290	27.616809	0	30	72	村庄
360302401201	略下村委会	113.834240	27.626809	1	80	95	政府机构
360302003002	永昌寺居委会	113.845533	27.620917	0	25	70	旅游景点
360321201201	山下村委会	114.045970	27.259481	0	30	72	村庄
360302002097	上湾居委会（萍乡经济开发区）	113.840963	27.666635	1	80	100	工业园区
360302004006	北站居委会	113.849518	27.648908	0	30	51	道路
360321206205	文塘村委会	113.861303	27.169762	0	18	66	村庄
360313103205	仁村村委会	113.668887	27.665475	1	80	100	政府机构
360302400502	园艺分场生活区	113.866771	27.570676	1	80	97	UNKNOWN
360321101203	西边村委会	113.962774	27.134980	0	30	72	村庄
360302103015	新建社区	113.805174	27.633161	1	80	100	地产小区
360322103216	黎塘村委会	113.765430	27.892060	0	30	72	村庄
360323203207	移民村委会	114.129954	27.501307	0	18	66	村庄
360313001014	湘新居委会	113.745875	27.633661	1	80	97	政府机构
360321101208	斜田村委会	113.947156	27.138082	0	18	66	乡镇
360323104201	双凤村委会	113.899450	27.566079	0	30	72	村庄
360323101003	东桥居委会	114.045363	27.634464	1	80	100	政府机构
360322203214	石源村委会	113.895153	27.807671	1	80	100	政府机构
360302102203	大田村委会	113.855610	27.569051	0	30	72	村庄
360323103205	涣山村委会	113.978290	27.575611	0	25	47	乡镇
360322200204	鸡冠村委会	113.884810	27.911580	0	30	72	村庄
360302101213	石上村委会	113.974607	27.646428	0	18	66	乡镇
360322104212	连陂村委会	113.837355	27.738948	0	18	66	乡镇
360323204203	桂花村委会	114.189025	27.585404	0	18	66	乡镇
360322203202	关上村委会	113.845370	27.827510	0	25	70	乡镇
360323103213	王源村委会	113.978290	27.575611	0	25	70	乡镇
360322104204	长安村委会	113.843430	27.703400	0	30	72	村庄
360302101205	茶园村委会	113.990470	27.663057	1	80	100	政府机构
360322200212	砖岭村委会	113.878577	27.882560	0	18	40	乡镇
360323105001	银凤居委会	114.123391	27.693322	1	80	100	政府机构
360322103200	金山村委会	113.791486	27.902319	0	30	72	村庄
360322105291	高丰村委会（萍乡经济开发区）	113.866608	27.677555	1	80	100	工业园区
360323203211	堎头村委会	114.129954	27.501307	0	18	40	村庄
360302100013	花冲居委会	113.885312	27.607910	1	80	100	政府机构
360321205208	朱家村委会	113.988206	27.367712	0	18	66	村庄
360321103223	富民村委会	114.025490	27.183020	0	30	72	村庄
360323200201	章家陂村委会	114.041310	27.661591	0	18	35	村庄
360321101009	明珠居委会	113.961581	27.149220	1	80	100	政府机构
360323101202	林家坊村委会	114.071950	27.623498	0	18	66	乡镇
360322201213	马良村委会	113.771870	27.786739	0	30	72	村庄
360313108213	船形村委会	113.652092	27.438133	1	80	100	政府机构
360302100204	张家湾村委会	113.914090	27.612181	0	30	72	村庄
360322105205	杂下村委会	113.856650	27.688581	0	30	58	村庄
360323102212	茶垣村委会	114.139900	27.712109	0	30	58	村庄
360322202203	桃源村委会	113.888810	27.772700	0	30	72	餐饮
360322106215	楼前村委会	113.950248	27.715220	0	18	66	乡镇
360323201200	宗里村委会	113.885167	27.451922	0	18	66	村庄
360322101211	榉溪村委会	113.789023	27.836085	1	80	100	政府机构
360322104290	田中村委会（萍乡经济开发区）	113.866608	27.677555	1	80	100	工业园区
360323103004	东方红居委会	113.978290	27.575611	0	25	70	乡镇
360302102002	新街居委会	113.879163	27.582338	1	80	100	政府机构
360313101209	五四村委会	113.767696	27.635354	0	18	66	乡镇
360322102201	莲台村委会	113.938504	27.954278	0	18	66	乡镇
360323105200	河下村委会	114.123325	27.695635	0	30	72	村庄
360322101207	新民村委会	113.795050	27.866691	0	30	72	村庄
360302101004	和平居委会	113.965271	27.612578	1	80	100	政府机构
360321103219	泰垣村委会	114.032588	27.187972	0	18	40	乡镇
360323202206	坑口村委会	114.040600	27.539791	0	30	72	村庄
360323101214	潭田村委会	114.071950	27.623498	0	18	66	乡镇
360302002008	花园居委会	113.862042	27.633356	1	80	100	政府机构
360313108205	景星村委会	113.804988	27.557558	0	18	40	乡镇
360322201205	新蕉源村委会	113.797255	27.737072	1	80	100	政府机构
360323102204	珠亭村委会	114.161612	27.666254	0	18	40	乡镇
360322106203	兰田村委会	113.892460	27.709429	0	30	72	村庄
360322103001	金山居委会	113.802435	27.927316	0	18	66	乡镇
360302103202	下柳源村委会	113.813562	27.672259	0	18	66	乡镇
360322202215	桥头村委会	113.926050	27.747131	0	30	72	村庄
360313103202	登官村委会	113.643906	27.631814	0	18	40	乡镇
360313001018	姚家洲居委会	113.745875	27.633661	1	80	97	政府机构
360321101204	莲花村委会	113.954750	27.101259	0	30	72	村庄
360302002090	黄泥塘居委会（萍乡经济开发区）	113.840963	27.666635	1	80	100	工业园区
360321206202	白竹村委会	113.861303	27.169762	0	18	66	村庄
360302004001	朝阳居委会	113.849518	27.648908	0	30	51	道路
360313107216	坑背村委会	113.711596	27.503690	1	80	100	政府机构
360322200208	恢柳村委会	113.878577	27.882560	0	18	40	乡镇
360321201206	圳背村委会	114.060420	27.273370	0	30	72	村庄
360321105210	甘家村委会	113.974990	27.291090	0	30	72	村庄
360302401206	流万村委会	113.834240	27.626809	1	80	94	政府机构
360302003005	包家冲居委会	113.871000	27.615000	0	16	28	区县
360313101004	什竹坡居委会	113.767696	27.635354	0	18	49	乡镇
360313104206	竺园村委会	113.720193	27.554897	0	20	41	乡镇
360323103209	山口岩村委会	114.009529	27.586843	1	80	100	政府机构
360302101209	云泉村委会	113.932480	27.627021	0	30	72	村庄
360322104208	跃星村委会	113.837355	27.738948	0	18	40	乡镇
360313107200	东桥村委会	113.656890	27.433439	0	30	72	村庄
360302401210	山下村委会	113.834240	27.626809	1	80	97	政府机构
360321105206	新枧村委会	113.937910	27.274037	0	18	40	乡镇
360313200206	塘溪村委会	113.723190	27.433500	0	30	72	村庄
360302005201	丹江村委会	113.873740	27.600690	0	30	58	UNKNOWN
360321202200	清水村委会	113.921723	26.993234	0	30	72	村庄
360323101222	葛溪村委会	114.071950	27.623498	0	18	66	乡镇
360321101212	杨枧村委会	113.962912	27.108142	0	30	58	村庄
360321205204	黄天村委会	113.988206	27.367712	0	18	40	村庄
360321102202	范家村委会	114.120916	27.270013	0	18	66	乡镇
360321203201	棋盘山黎族村委会	113.832610	27.104179	0	50	68	UNKNOWN
360302001002	南外居委会	113.858532	27.622542	0	40	59	道路
360313105211	木马村委会	113.711540	27.611139	0	30	72	村庄
360302002291	观丰村委会（萍乡经济开发区）	113.840963	27.666635	1	80	100	工业园区
360313201207	黄岗村委会	113.785520	27.395300	0	30	72	村庄
360321101005	金城居委会	113.949969	27.134095	1	80	100	政府机构
360321104207	浯二村委会	113.958858	27.070637	0	18	40	乡镇
360313106201	陂田村委会	113.658838	27.526130	0	18	66	乡镇
360321103203	白沙村委会	114.032588	27.187972	0	18	66	乡镇
360313001022	新建居委会	113.741184	27.633029	1	80	100	政府机构
360313101205	巨源村委会	113.767696	27.635354	0	18	66	乡镇
360321204205	黄桥村委会	113.892530	27.314549	0	30	72	村庄
360322103220	新杨村委会	113.757150	27.917810	0	30	72	村庄
360302002100	银三角居委会	113.859226	27.630580	0	30	47	道路
360321103215	湾溪村委会	114.032588	27.187972	0	18	66	乡镇
360321207203	超村村委会	113.920266	27.162218	1	80	100	政府机构
360313101213	美建村委会	113.767696	27.635354	0	18	40	乡镇
360302101008	南竹山居委会	113.968414	27.615026	1	80	100	政府机构
360313102203	萍洲村委会	113.708494	27.701593	0	18	40	乡镇
360323102208	马塘村委会	114.165350	27.659981	0	30	72	村庄
360313201211	大丰村委会	113.817030	27.478800	0	30	72	村庄
360313105207	潭塘村委会	113.633770	27.580060	0	30	72	村庄
360302002004	河口下居委会	113.851823	27.619612	1	80	100	政府机构
360321200207	西江村委会	114.030540	27.312450	0	30	72	村庄
360323101218	东渡村委会	114.071950	27.623498	0	18	66	乡镇
360322201209	塘上村委会	113.822810	27.777300	0	30	72	村庄
360313108209	汶泉村委会	113.791780	27.543040	0	30	58	UNKNOWN
360302002005	商城居委会	113.849381	27.626990	1	80	100	政府机构
360321200206	渭下村委会	114.053357	27.283471	0	30	58	村庄
360323101219	柳江村委会	114.071950	27.623498	0	18	66	乡镇
360322201208	狮形村委会	113.766911	27.750998	0	18	66	村庄
360313108208	横岗村委会	113.757067	27.546842	1	80	100	政府机构
360323102209	里山村委会	114.161612	27.666254	0	18	66	乡镇
360313201210	源头村委会	113.857966	27.383113	1	80	100	政府机构
360313105206	光华村委会	113.685479	27.604120	0	18	66	乡镇
360313102202	善山村委会	113.708494	27.701593	0	18	40	乡镇
360302005001	亭子下居委会	113.870115	27.594587	1	80	100	政府机构
360321103214	下坊村委会	113.957955	27.378775	1	80	100	政府机构
360321207202	长埠村委会	113.944636	27.202867	0	18	66	村庄
360313101212	黄花村委会	113.767696	27.635354	0	18	66	乡镇
360321204204	西坑村委会	113.880530	27.330200	0	30	72	村庄
360302002101	洪山居委会	113.859226	27.630580	0	30	51	道路
360321103202	新田村委会	114.044417	27.218853	0	30	72	村庄
360313001023	新村居委会	113.753478	27.635870	1	80	100	政府机构
360313101204	大江边村委会	113.622736	27.369108	1	80	100	政府机构
360321104206	浯一村委会	113.958858	27.070637	0	18	40	乡镇
360313106200	排上村委会	113.764722	27.691446	1	80	100	政府机构
360322105208	韶陂村委会	113.873644	27.714949	0	20	67	乡镇
360321203200	坪里村委会	113.912280	27.047940	0	30	72	村庄
360302001003	小桥居委会	113.858532	27.622542	0	40	59	道路
360313105210	杞木村委会	113.685479	27.604120	0	18	66	乡镇
360302002290	登岸村委会（萍乡经济开发区）	113.840963	27.666635	1	80	100	工业园区
360313201206	柘村村委会	113.857664	27.398653	1	80	100	政府机构
360321102203	街头村委会	114.120916	27.270013	0	18	66	乡镇
360321101213	曙光村委会	113.965242	27.127459	0	30	72	村庄
360321205205	江畔村委会	113.988206	27.367712	0	18	66	村庄
360302005200	联星村委会	113.863603	27.614722	0	30	51	道路
360321202201	田南村委会	114.110013	27.267354	1	80	100	政府机构
360302101208	浒泉村委会	113.974607	27.646428	0	18	40	乡镇
360313107201	五峰村委会	113.646214	27.437250	0	16	65	乡镇
360322104209	大宇村委会	113.837355	27.738948	0	18	40	乡镇
360321105207	沿背村委会	113.970406	27.284058	1	80	100	政府机构
360313101005	荷叶塘居委会	113.767696	27.635354	0	18	66	乡镇
360313104207	凤凰村委会	113.697100	27.531910	0	30	72	村庄
360323103208	九洲村委会	113.978290	27.575611	0	25	70	乡镇
360313107217	小坑村委会	113.646214	27.437250	0	16	65	乡镇
360322200209	栅上村委会	113.807272	27.855969	1	80	100	政府机构
360321201207	西山村委会	114.046650	27.277771	0	30	72	村庄
360321105211	红源村委会	113.937910	27.274037	0	18	66	乡镇
360302401207	青坪村委会	113.834240	27.626809	1	80	94	政府机构
360302003004	吕家冲居委会	113.871000	27.615000	0	16	28	区县
360302002091	登岸下居委会（萍乡经济开发区）	113.840963	27.666635	1	80	100	工业园区
360321206203	安泉村委会	113.825175	27.120991	1	80	95	UNKNOWN
360313103203	红星村委会	113.643906	27.631814	0	18	49	乡镇
360313001019	跃兴居委会	113.745875	27.633661	1	80	97	政府机构
360321101205	花塘村委会	113.950160	27.111709	0	30	72	村庄
360323102205	排楼村委会	114.118310	27.683810	0	30	72	村庄
360322106202	赤山村委会	113.950248	27.715220	0	18	66	乡镇
360302103203	青山村委会	113.825390	27.641799	0	30	72	村庄
360322202214	逢源村委会	113.920221	27.780363	0	18	66	村庄
360323101215	古城村委会	114.023270	27.623530	0	30	72	村庄
360313108204	桐田村委会	113.804988	27.557558	0	18	66	乡镇
360322201204	大塘村委会	113.791070	27.725830	0	30	72	村庄
360321103218	清塘村委会	114.016760	27.178269	0	30	72	村庄
360323202207	报恩台村委会	114.027654	27.491214	0	18	35	乡镇
360322102216	洪东村委会	113.938504	27.954278	0	18	40	乡镇
360323105201	乌石村委会	114.116280	27.715990	0	30	72	村庄
360322101206	菜场村委会	113.807305	27.852419	0	18	66	乡镇
360302101005	泉江居委会	113.965450	27.661480	0	30	72	UNKNOWN
360322104291	硖石村委会（萍乡经济开发区）	113.866608	27.677555	1	80	100	工业园区
360323103005	板埠居委会	113.978290	27.575611	0	25	55	乡镇
360302102003	王坑居委会	113.876867	27.563550	1	80	100	政府机构
360322102200	桐木村委会	113.938504	27.954278	0	18	66	乡镇
360313101208	道田村委会	113.714000	27.635659	0	30	72	村庄
360323201201	磨桥村委会	113.885167	27.451922	0	18	66	村庄
360322101210	永红村委会	113.807305	27.852419	0	18	66	乡镇
360322202202	新益村委会	113.885930	27.747080	0	30	72	村庄
360322106214	新店村委会	114.007460	27.732899	0	30	72	村庄
360321101008	城南居委会	113.955581	27.126154	1	80	100	政府机构
360323104001	南坑街居委会	113.939189	27.524071	0	18	49	乡镇
360323101203	阳谷陂村委会	114.064600	27.664340	0	30	58	UNKNOWN
360322201212	流江村委会	113.766911	27.750998	0	18	40	村庄
360313108212	苏坊村委会	113.804988	27.557558	0	18	66	乡镇
360322105204	东山下村委会	113.862203	27.703672	1	80	100	政府机构
360323104216	山田村委会	113.970297	27.646851	1	80	100	政府机构
360321205209	黄沙村委会	113.988206	27.367712	0	18	66	村庄
360321103222	田心村委会	113.992680	27.162710	0	30	72	村庄
360313001003	星群居委会	113.745875	27.633661	1	80	95	政府机构
360323200200	南溪村委会	114.041310	27.661591	0	18	66	村庄
360322103201	凤亭村委会	113.802435	27.927316	0	18	40	乡镇
360322105290	大星村委会（萍乡经济开发区）	113.866608	27.677555	1	80	100	工业园区
360323203210	杨家湾村委会	113.891688	27.630741	1	80	100	政府机构
360322104205	长塘村委会	113.831020	27.720989	0	30	72	村庄
360302101204	彭泉村委会	113.974607	27.646428	0	18	40	乡镇
360322203203	关下村委会	113.884900	27.824010	0	30	51	UNKNOWN
360323103212	下源村委会	113.978290	27.575611	0	25	70	乡镇
360322200205	豆田村委会	113.878577	27.882560	0	18	40	乡镇
360302101212	王家源村委会	113.949831	27.594649	1	80	100	政府机构
360323204202	牛宕村委会	114.189025	27.585404	0	18	40	乡镇
360302102202	长潭村委会	113.871000	27.615000	0	16	33	区县
360322102001	桐木街居委会	113.938504	27.954278	0	18	49	乡镇
360322104090	硖石居委会（萍乡经济开发区）	113.866608	27.677555	1	80	100	工业园区
360323103204	许家坊村委会	114.114273	27.609729	1	80	100	政府机构
360313001015	石咀岭居委会	113.745875	27.633661	1	80	95	政府机构
360321101209	幸福村委会	113.910100	27.126270	0	30	72	村庄
360323104200	大岭村委会	113.906940	27.543070	1	80	100	政府机构
360323101002	麦园居委会	114.071950	27.623498	0	18	49	乡镇
360302103014	七一社区	113.816887	27.633682	1	80	100	地产小区
360322103217	小水村委会	113.744541	27.886234	1	80	100	政府机构
360323203206	堎下村委会	114.129954	27.501307	0	18	40	村庄
360322106201	丰泉村委会	113.914000	27.677600	0	30	72	村庄
360313105209	横溪村委会	113.659430	27.602879	0	30	72	村庄
360302103200	葡萄村委会	113.813562	27.672259	0	18	66	乡镇
360323102206	桥头村委会	114.129770	27.641790	0	30	72	村庄
360313108207	连山村委会	113.776500	27.547889	0	30	72	村庄
360322201207	落星村委会	113.781900	27.741610	0	30	72	村庄
360323101216	温埠村委会	114.071950	27.623498	0	18	40	乡镇
360322203001	安子全居委会	113.845370	27.827510	0	25	55	乡镇
360322102215	城冲村委会	113.938504	27.954278	0	18	66	乡镇
360323202204	朋乐村委会	114.027654	27.491214	0	18	40	乡镇
360322101205	新群村委会	113.807305	27.852419	0	18	66	乡镇
360302101006	黄泥墩居委会	113.955640	27.631099	0	30	72	UNKNOWN
360323105202	陇田村委会	114.130390	27.729259	0	30	58	村庄
360322102203	雅溪村委会	113.919720	27.948510	0	30	72	村庄
360322104292	三田村委会（萍乡经济开发区）	113.866608	27.677555	1	80	100	工业园区
360322101213	斑竹村委会	113.807305	27.852419	0	18	66	乡镇
360323201202	浒岭村委会	113.885167	27.451922	0	18	66	村庄
360313201209	上村村委会	113.817461	27.387982	1	80	100	政府机构
360322202201	江岭村委会	113.895962	27.729669	1	80	100	政府机构
360323102210	吐霞村委会	114.161612	27.666254	0	18	40	乡镇
360322105207	泉溪村委会	113.878660	27.707440	0	30	72	村庄
360322201211	石塘村委会	113.797890	27.785301	1	80	100	政府机构
360313108211	桃源村委会	113.814780	27.532990	0	30	72	餐饮
360323101200	年丰村委会	114.049024	27.646333	0	30	72	村庄
360321103221	梅洲村委会	113.965015	27.164197	1	80	100	政府机构
360323200203	垱下村委会	114.041310	27.661591	0	18	66	村庄
360323104215	妙泉村委会	113.939189	27.524071	0	18	66	乡镇
360323203213	石溪村委会	114.099950	27.488800	0	30	72	村庄
360322103202	龙泉村委会	113.851840	27.950670	0	30	72	村庄
360321105208	田垄村委会	113.937910	27.274037	0	18	66	乡镇
360322200210	驲马村委会	113.878577	27.882560	0	18	40	乡镇
360322104206	边塘村委会	113.837355	27.738948	0	18	66	乡镇
360322101004	平安居委会	113.807305	27.852419	0	18	66	乡镇
360302101207	楠木村委会	113.974607	27.646428	0	18	66	乡镇
360323103211	龙王桥村委会	113.962660	27.563100	0	30	72	村庄
360322203200	南源村委会	113.847260	27.823410	0	30	72	村庄
360321201208	曾家村委会	114.053932	27.265316	0	18	66	村庄
360302401208	北桥村委会	113.834240	27.626809	1	80	97	政府机构
360323204201	茅店村委会	113.934164	27.765823	1	80	100	政府机构
360302101211	新华村委会	113.984090	27.623670	0	30	72	村庄
360322200206	庙背村委会	113.878577	27.882560	0	18	66	乡镇
360323103207	坪里村委会	114.017340	27.616689	0	30	72	村庄
360302102201	册雷村委会	113.868575	27.569516	0	25	47	乡镇
360323104203	金钩湾村委会	113.939189	27.524071	0	18	66	乡镇
360323101001	卫前居委会	114.071950	27.623498	0	18	66	乡镇
360313001016	昌盛居委会	113.745875	27.633661	1	80	97	政府机构
360323203205	颜家坊村委会	114.119649	27.727228	1	80	100	政府机构
360322103214	横水村委会	113.774360	27.919496	1	80	100	政府机构
360313106215	北村村委会	113.658838	27.526130	0	18	66	乡镇
360321200205	闪石村委会	114.069747	27.276747	1	80	95	UNKNOWN
360302002006	江湾居委会	113.853060	27.628535	1	80	100	政府机构
360313105205	大陂村委会	113.701310	27.584340	0	30	72	村庄
360313102201	大义村委会	113.708494	27.701593	0	18	66	乡镇
360322101209	夭埠村委会	113.807305	27.852419	0	18	40	乡镇
360313101211	裕升村委会	113.767696	27.635354	0	18	40	乡镇
360302006291	东壁村委会（萍乡经济开发区）	113.840963	27.666635	1	80	100	工业园区
360321207201	圳头村委会	113.944636	27.202867	0	18	66	村庄
360323202208	杨家田村委会	114.027654	27.491214	0	18	66	乡镇
360302005002	江矿居委会	113.863603	27.614722	0	30	58	道路
360321103217	汤渡村委会	114.032588	27.187972	0	18	40	乡镇
360302002102	李梅塘居委会	113.859226	27.630580	0	30	51	道路
360321204207	山背村委会	113.870650	27.306601	0	30	72	村庄
360313101207	阳干村委会	113.767696	27.635354	0	18	40	乡镇
360313001020	新民居委会	113.745875	27.633661	1	80	97	政府机构
360321103201	布口村委会	114.032588	27.187972	0	18	40	乡镇
360313106203	毛园村委会	113.658838	27.526130	0	18	66	乡镇
360321101007	御景湾居委会	113.945356	27.140414	1	80	100	政府机构
360321104205	花园村委会	113.960870	27.092110	0	30	72	村庄
360313201205	长坑村委会	113.787120	27.422370	0	30	72	村庄
360321203203	湖田村委会	113.888210	27.086509	0	30	72	村庄
360321102200	路口村委会	114.120916	27.270013	0	18	66	乡镇
360321205206	苍下村委会	113.988206	27.367712	0	18	66	村庄
360323104219	坪村村委会	113.939189	27.524071	0	18	66	乡镇
360321101210	白岭村委会	113.947156	27.138082	0	18	66	乡镇
360321202202	棠市村委会	113.911742	26.995231	0	20	41	乡镇
360323101220	新田村委会	114.000565	27.622201	0	30	72	村庄
360313200204	江山村委会	113.696790	27.366780	0	30	72	村庄
360321105204	小江村委会	113.937910	27.274037	0	18	66	乡镇
360313107202	凫田村委会	113.609170	27.468450	0	30	58	村庄
360313101006	长坡里居委会	113.672700	27.658820	0	30	72	村庄
360313104204	救塘村委会	113.720193	27.554897	0	20	41	乡镇
360321105212	东星村委会	113.937910	27.274037	0	18	66	乡镇
360302401204	汪公潭村委会	113.834240	27.626809	1	80	94	政府机构
360321201204	江背村委会	113.890132	27.101868	1	80	100	政府机构
360313107214	厚田村委会	113.646214	27.437250	0	16	65	乡镇
360323203209	乔岭村委会	114.129954	27.501307	0	18	66	村庄
360302004003	勤俭居委会	113.844582	27.631491	1	80	100	政府机构
360321206200	庙下村委会	113.874769	27.249131	1	80	100	政府机构
360302002092	金山角居委会（萍乡经济开发区）	113.882771	27.654290	0	60	100	工业园区
360322103218	普化村委会	113.802435	27.927316	0	18	66	乡镇
360321101206	寨里村委会	113.947156	27.138082	0	18	66	乡镇
360321205210	赤洧村委会	113.988206	27.367712	0	18	40	村庄
360313103200	老关村委会	113.643906	27.631814	0	18	66	乡镇
360321101207	白马村委会	113.940770	27.121620	0	30	72	村庄
360321205211	高滩村委会	113.966720	27.388129	0	30	72	村庄
360313103201	关里村委会	113.643906	27.631814	0	18	66	乡镇
360302004002	九龙居委会	113.849518	27.648908	0	30	51	道路
360323203208	河坑村委会	114.129954	27.501307	0	18	66	村庄
360321206201	楼下村委会	113.879030	27.160740	0	30	72	村庄
360302002093	百合冲居委会（萍乡经济开发区）	113.840963	27.666635	1	80	100	工业园区
360322103219	硚塘村委会	113.771310	27.875620	0	30	58	村庄
360321105213	屋场村委会	113.940632	27.193704	1	80	100	政府机构
360302003006	罗家塘居委会	113.845217	27.616504	1	80	100	政府机构
360302401205	东星村委会	113.834240	27.626809	1	80	97	政府机构
360302006204	长溪村村委会	113.908911	27.654700	0	40	56	道路
360321201205	樊家村委会	114.059140	27.277120	0	30	72	村庄
360313107215	界头村委会	113.620305	27.352367	1	80	100	政府机构
360313101007	杉坡里居委会	113.666490	27.580649	0	30	72	村庄
360313104205	炉前村委会	113.699300	27.544510	0	30	72	村庄
360321105205	奢下村委会	113.949213	27.261965	1	80	100	政府机构
360313102001	荷发居民委员会	113.708494	27.701593	0	18	40	乡镇
360313107203	中院村委会	113.646214	27.437250	0	16	65	乡镇
360321202203	湖边村委会	113.904680	26.983639	0	30	72	村庄
360323101221	路行村委会	114.071950	27.623498	0	18	66	乡镇
360313200205	郊溪村委会	113.727932	27.388495	0	18	66	乡镇
360321205207	严家村委会	113.988206	27.367712	0	18	66	村庄
360321101211	凫村村委会	113.925950	27.141369	1	80	100	政府机构
360321102201	丰施村委会	114.084435	27.281445	0	60	80	UNKNOWN
360302002292	鹅湖村委会（萍乡经济开发区）	113.840963	27.666635	1	80	100	工业园区
360313201204	水洋村委会	113.787800	27.450781	0	16	65	村庄
360313105212	长春村委会	113.691010	27.621431	0	30	72	村庄
360302001001	张家大屋居委会	113.854397	27.615635	1	80	100	政府机构
360321203202	谭坊村委会	113.877430	27.054299	0	18	66	村庄
360313106202	沸水村委会	113.639170	27.488940	0	30	58	UNKNOWN
360321101006	永安居委会	113.947156	27.138082	0	18	66	乡镇
360321104204	沙屋村委会	113.958858	27.070637	0	18	66	乡镇
360313101206	泉塘村委会	113.767696	27.635354	0	18	49	乡镇
360313001021	砚田居委会	113.745875	27.633661	1	80	95	政府机构
360321103200	良坊村委会	114.047221	27.209404	0	30	72	村庄
360321204206	山口村委会	113.886730	27.305541	1	80	100	政府机构
360313101210	河洲村委会	113.767696	27.635354	0	18	66	乡镇
360302006290	横板村委会（萍乡经济开发区）	113.840963	27.666635	1	80	100	工业园区
360321207200	塘边村委会	113.950250	27.209470	0	30	72	村庄
360302005003	牛角坪居委会	113.863603	27.614722	0	30	51	道路
360323202209	李家坊村委会	114.000350	27.512260	0	30	72	村庄
360321103216	斜天村委会	114.032588	27.187972	0	18	40	乡镇
360322101208	四海村委会	113.807305	27.852419	0	18	66	乡镇
360313102200	荷尧村委会	113.708494	27.701593	0	18	40	乡镇
360313105204	西源村委会	113.672440	27.572600	0	30	72	村庄
360313201212	崇源村委会	113.787800	27.450781	0	16	38	村庄
360321203214	桃岭村委会	113.904040	27.067699	0	30	72	村庄
360313106214	梅林村委会	113.611600	27.531100	0	30	72	村庄
360321200204	暖水村委会	114.063715	27.328740	0	18	66	村庄
360302002007	北桥外居委会	113.860267	27.626079	1	80	100	政府机构
360323203204	市上村委会	114.129954	27.501307	0	18	66	村庄
360322103215	山田村委会	113.989594	27.732351	1	80	100	政府机构
360323104202	石灰仑村委会	113.939189	27.524071	0	18	40	乡镇
360313001017	诗新居委会	113.745875	27.633661	1	80	97	政府机构
360323103206	中埠村委会	113.978290	27.575611	0	25	70	乡镇
360302102200	五陂村委会	113.868575	27.569516	0	25	43	乡镇
360321201209	南村村委会	114.073637	27.246367	1	80	100	政府机构
360323204200	东坑村委会	114.174121	27.598196	0	30	72	村庄
360302401209	后埠村委会	113.871000	27.615000	0	16	33	区县
360302101210	茶亭村委会	113.920768	27.622334	0	30	72	村庄
360322200207	圳上村委会	113.878577	27.882560	0	18	66	乡镇
360323103210	茅布岭村委会	113.976190	27.563901	0	30	58	村庄
360322203201	杨岐村委会	113.884900	27.824010	0	30	58	UNKNOWN
360321105209	洋桥村委会	113.978833	27.285794	0	30	72	村庄
360322200211	流源村委会	113.878577	27.882560	0	18	66	乡镇
360322104207	战山村委会	113.837355	27.738948	0	18	40	乡镇
360302101206	裴家村委会	113.974607	27.646428	0	18	66	乡镇
360323203212	沈子村委会	114.118310	27.456280	0	30	58	村庄
360322105292	联洪村委会（萍乡经济开发区）	113.866608	27.677555	1	80	100	工业园区
360322106001	黄田居委会	113.914895	27.707565	1	80	100	政府机构
360322103203	白鹤村委会	113.802435	27.927316	0	18	66	乡镇
360313001001	新街居委会	113.745875	27.633661	1	80	97	政府机构
360321103220	南湾村委会	113.974900	27.059541	1	80	100	政府机构
360323200202	石塘村委会	114.046200	27.694621	0	30	72	村庄
360323104214	圭田村委会	113.939189	27.524071	0	18	66	乡镇
360322105206	华源村委会	113.873644	27.714949	0	20	67	乡镇
360322201210	佛溪村委会	113.766911	27.750998	0	18	66	村庄
360313108210	中坪村委会	113.804988	27.557558	0	18	66	乡镇
360323101201	洋田村委会	114.071950	27.623498	0	18	66	乡镇
360321104208	泰岭村委会	113.962000	27.127599	0	14	29	区县
360322106216	观泉村委会	113.950248	27.715220	0	18	40	乡镇
360322202200	东源村委会	113.920221	27.780363	0	18	66	村庄
360313201208	太阳升村委会	113.787800	27.450781	0	16	65	村庄
360323102211	竹垣村委会	114.161612	27.666254	0	18	66	乡镇
360322101212	万石村委会	113.791370	27.820030	0	30	72	村庄
360323201203	半山村委会	113.899670	27.485069	0	30	72	村庄
360323204001	新龙居委会	114.174900	27.598837	1	80	100	政府机构
360302102001	石门居委会	113.875581	27.575820	1	80	100	政府机构
360322102202	周田村委会	113.938504	27.954278	0	18	66	乡镇
360322104293	清泉村委会（萍乡经济开发区）	113.866608	27.677555	1	80	100	工业园区
360322101204	龙合村委会	113.807305	27.852419	0	18	66	乡镇
360302101007	王家源居委会	113.974607	27.646428	0	18	49	乡镇
360323105203	天柱岗村委会	114.148177	27.733963	0	30	58	村庄
360322102214	小埠村委会	113.888490	27.972899	0	30	72	村庄
360323202205	三江口村委会	114.027654	27.491214	0	18	66	乡镇
360313108206	三山村委会	113.804988	27.557558	0	18	66	乡镇
360322201206	黄泥塘村委会	113.836002	27.689506	1	80	100	政府机构
360323101217	蔗棚村委会	114.071950	27.623498	0	18	40	乡镇
360322202216	竺塘村委会	113.920221	27.780363	0	18	40	村庄
360313105208	虎山村委会	113.711010	27.580160	0	30	72	村庄
360322106200	院背村委会	113.911131	27.700170	1	80	100	政府机构
360302103201	大城村委会	113.848601	27.659206	1	80	100	政府机构
360323102207	沂源村委会	114.161612	27.666254	0	18	66	乡镇
360313106213	桥头村委会	113.613740	27.555931	0	30	72	村庄
360321200203	大源村委会	114.065241	27.310925	0	30	72	村庄
360313105203	胡家坊村委会	113.685479	27.604120	0	18	66	乡镇
360321203213	五洲村委会	113.877430	27.054299	0	18	40	村庄
360313102207	上云村委会	113.773064	27.697372	1	80	100	政府机构
360323105208	墨溪村委会	114.077819	27.679737	1	80	100	政府机构
360313101217	甘泉村委会	113.769450	27.659079	0	30	72	村庄
360302005004	城南居委会	113.863603	27.614722	0	30	51	道路
360321103211	黄源村委会	114.032588	27.187972	0	18	66	乡镇
360321207207	岭水村委会	113.933770	27.205976	1	80	100	政府机构
360321204201	大沙村委会	113.903802	27.368374	0	18	66	村庄
360302006002	新村居委会	113.908911	27.654700	0	40	59	道路
360302401003	三角洲社区居委会	113.834240	27.626809	1	80	97	政府机构
360313101201	江口村委会	113.780770	27.582039	0	30	72	村庄
360322102209	蕉源村委会	113.797255	27.737072	1	80	100	政府机构
360313001026	滨河居委会	113.745875	27.633661	1	80	97	政府机构
360321103207	井一村委会	114.032588	27.187972	0	18	40	乡镇
360313106205	上珠村委会	113.658838	27.526130	0	18	66	乡镇
360321104203	石江村委会	113.954670	27.081119	0	30	72	村庄
360313201203	沙坪村委会	113.761190	27.465540	0	30	72	村庄
360321203205	大湾村委会	113.861130	27.051931	0	30	72	村庄
360302004013	二南塘居委会	113.849518	27.648908	0	30	51	道路
360323203219	蔡家村委会	114.129954	27.501307	0	18	66	村庄
360321102206	汤坊村委会	114.120916	27.270013	0	18	66	乡镇
360321206210	双岭村委会	113.884130	27.143960	0	30	72	村庄
360322103208	丰龙村委会	113.802435	27.927316	0	18	66	乡镇
360323200209	龙泉村委会	114.000710	27.680420	0	30	72	村庄
360321101216	下梅洲村委会	113.947156	27.138082	0	18	66	乡镇
360321205200	高洲村委会	113.988206	27.367712	0	18	66	村庄
360313103210	油塘村委会	113.643906	27.631814	0	18	66	乡镇
360321202204	三板桥村委会	113.911742	26.995231	0	20	67	乡镇
360313200202	高仓村委会	113.727932	27.388495	0	18	66	乡镇
360321105202	东边村委会	113.920430	27.293131	0	30	72	村庄
360313107204	兰台村委会	113.646214	27.437250	0	16	65	乡镇
360313104202	庙岭村委会	113.720193	27.554897	0	20	67	乡镇
360321201202	小水村委会	113.971118	27.367505	1	80	100	政府机构
360321105214	江山村委会	113.965910	27.310340	0	30	72	村庄
360302006203	大陂村村委会	113.908911	27.654700	0	40	56	道路
360302003001	老站居委会	113.871000	27.615000	0	16	28	区县
360302401202	里善村委会	113.834240	27.626809	1	80	97	政府机构
360313107212	杨源村委会	113.646214	27.437250	0	16	65	乡镇
360321206206	珊溪村委会	113.875100	27.210460	0	30	58	村庄
360302004005	马煌桥居委会	113.849518	27.648908	0	30	58	道路
360302002094	鹅湖桥居委会（萍乡经济开发区）	113.840963	27.666635	1	80	100	工业园区
360323104209	窑下村委会	113.939189	27.524071	0	18	66	乡镇
360321101200	西门村委会	113.947156	27.138082	0	18	66	乡镇
360313103206	三角池村委会	113.643906	27.631814	0	18	66	乡镇
360302400501	林业分场生活区	113.876100	27.564310	1	80	97	UNKNOWN
360322106207	幕冲村委会	113.929940	27.697100	0	30	58	村庄
360302103206	源头村委会	113.795460	27.706120	0	30	72	村庄
360322202211	楼下村委会	113.931990	27.788290	0	30	72	村庄
360323102200	栗湾村委会	114.161612	27.666254	0	18	66	乡镇
360313108201	新塘村委会	113.794660	27.596020	0	30	72	村庄
360322201201	福寿村委会	113.766911	27.750998	0	18	66	村庄
360323101210	高楼村委会	114.047290	27.615501	0	30	72	村庄
360322102213	丹桂村委会	113.938504	27.954278	0	18	66	乡镇
360323202202	瞿田村委会	114.015060	27.486569	0	30	58	村庄
360322101203	佛岭村委会	113.807305	27.852419	0	18	66	乡镇
360322104001	福田居委会	113.837355	27.738948	0	18	66	乡镇
360323105204	长竹村委会	114.083191	27.719543	0	18	40	乡镇
360322102205	黄图村委会	113.938504	27.954278	0	18	40	乡镇
360322101215	水源村委会	113.761680	27.859700	0	30	72	村庄
360323201204	羊田村委会	113.885167	27.451922	0	18	66	村庄
360322106211	泉陂村委会	113.950248	27.715220	0	18	66	乡镇
360321203209	珊田村委会	113.877430	27.054299	0	18	66	村庄
360322201217	淡塘村委会	114.002249	27.666096	1	80	100	政府机构
360302100200	安源村委会	113.873830	27.607452	0	25	70	乡镇
360322105201	马棚村委会	113.873644	27.714949	0	20	67	乡镇
360313106209	石甲坊村委会	113.650800	27.553159	0	30	58	UNKNOWN
360323101206	东阳村委会	114.067130	27.635979	0	30	72	村庄
360323104213	阪田村委会	113.939189	27.524071	0	18	40	乡镇
360323200205	石北村委会	114.040000	27.652161	0	30	72	村庄
360302100017	老正街社区	113.873830	27.607452	0	25	70	乡镇
360323102001	万寿街居委会	114.126083	27.691699	0	50	82	道路
360323203215	大江边村委会	114.129954	27.501307	0	18	66	村庄
360322103204	南华村委会	113.851680	27.935410	0	30	72	村庄
360323204211	槽下村委会	114.189025	27.585404	0	18	66	乡镇
360322101002	西盛居委会	113.807305	27.852419	0	18	49	乡镇
360313107208	茶红村委会	113.646214	27.437250	0	16	38	乡镇
360302101201	富田村委会	113.974607	27.646428	0	18	66	乡镇
360322203206	金鸡村委会	113.833670	27.842989	0	30	72	村庄
360323204207	三星村委会	114.189025	27.585404	0	18	66	乡镇
360322200200	三龙村委会	113.878577	27.882560	0	18	66	乡镇
360323103201	江下村委会	114.082827	27.664234	1	80	100	政府机构
360322203210	大坪村委会	113.847360	27.861999	0	30	72	村庄
360313001010	和平居委会	113.745875	27.633661	1	80	97	政府机构
360323104205	七宝村委会	113.939189	27.524071	0	18	40	乡镇
360302004009	五里井居委会	113.849518	27.648908	0	30	51	道路
360323203203	檀树下村委会	114.129954	27.501307	0	18	66	村庄
360302002098	金陵居委会（萍乡经济开发区）	113.840963	27.666635	1	80	100	工业园区
360322103212	简村村委会	113.775976	27.909476	1	80	100	政府机构
360323203202	东安里村委会	114.092090	27.535630	0	30	72	村庄
360302004008	枫树湾居委会	113.850794	27.636158	1	80	100	政府机构
360302002099	玉湖居委会	113.859226	27.630580	0	30	51	道路
360322103213	高山村委会	113.770225	27.936928	1	80	100	政府机构
360313001011	金城居委会	113.745875	27.633661	1	80	97	政府机构
360323104204	新尤村委会	113.939189	27.524071	0	18	40	乡镇
360322105001	彭家桥居委会	113.868865	27.687999	1	80	100	政府机构
360323103200	鸭塘村委会	113.918191	27.629176	1	80	100	政府机构
360322203211	清溪村委会	113.845370	27.827510	0	25	55	乡镇
360323204206	龙山村委会	114.168190	27.528801	0	30	72	村庄
360322200201	芦下村委会	113.849790	27.886400	0	30	72	村庄
360322203207	卯田村委会	113.845370	27.827510	0	25	47	乡镇
360323204210	南岭村委会	114.221640	27.601381	0	30	72	村庄
360322101003	南北居委会	113.807305	27.852419	0	18	49	乡镇
360313107209	长塘村委会	113.612110	27.439190	0	30	72	村庄
360322104201	福田村委会	113.830200	27.702620	0	30	72	村庄
360302101200	高坑村委会	113.963280	27.626939	0	30	72	村庄
360323203214	龙王潭村委会	114.145330	27.475810	0	30	72	村庄
360322103205	山明村委会	113.802435	27.927316	0	18	40	乡镇
360323104212	团群村委会	113.939189	27.524071	0	18	40	乡镇
360323200204	新下村委会	114.027690	27.689359	0	30	72	村庄
360302100016	新正街社区	113.873830	27.607452	0	25	70	乡镇
360322201216	明星村委会	113.748810	27.751530	0	30	72	村庄
360302100201	十里村委会	113.873830	27.607452	0	25	70	乡镇
360313106208	横塘村委会	113.659940	27.548189	0	30	72	村庄
360322105200	彭高村委会	113.873644	27.714949	0	20	41	乡镇
360323101207	瑞泉村委会	114.071950	27.623498	0	18	40	乡镇
360322106210	楼霞村委会	113.950248	27.715220	0	18	40	乡镇
360321203208	段家坊村委会	113.877430	27.054299	0	18	66	村庄
360322101214	踏塘村委会	113.807305	27.852419	0	18	40	乡镇
360322102204	杨坊村委会	113.948270	27.937440	0	30	72	村庄
360323103001	解放路居委会	113.978290	27.575611	0	25	70	乡镇
360322101202	渌塘村委会	113.813870	27.888840	0	30	58	村庄
360302101001	周家坊居委会	113.977682	27.622722	1	80	100	政府机构
360323105205	紫溪村委会	114.083191	27.719543	0	18	66	乡镇
360322102212	湖塘村委会	113.856130	27.977980	0	30	72	村庄
360323202203	裕丰村委会	114.036633	27.502291	0	30	72	村庄
360313108200	麻山村委会	113.782500	27.562379	0	30	72	村庄
360322201200	星辉村委会	113.766911	27.750998	0	18	66	村庄
360323101211	水山村委会	114.081829	27.594163	1	80	100	政府机构
360322106206	麻田村委会	113.950248	27.715220	0	18	66	乡镇
360302103207	高枧村委会	113.813562	27.672259	0	18	66	乡镇
360322202210	上埠村委会	113.947840	27.791889	0	30	72	村庄
360323102201	盘田村委会	114.135425	27.687203	1	80	100	政府机构
360323104208	团丰村委会	113.939189	27.524071	0	18	66	乡镇
360321101201	南门村委会	113.960310	27.125559	0	30	72	村庄
360302400500	红旗分场生活区	113.870314	27.576633	1	80	97	UNKNOWN
360313103207	渡口村委会	113.643906	27.631814	0	18	66	乡镇
360321206207	湾里村委会	113.876080	27.197270	0	30	72	村庄
360302004004	城北居委会	113.849518	27.648908	0	30	51	道路
360302002095	万龙湾居委会（萍乡经济开发区）	113.840963	27.666635	1	80	100	工业园区
360321201203	车田村委会	114.050950	27.265381	0	30	72	村庄
360302401203	井冲村委会	113.834240	27.626809	1	80	97	政府机构
360313107213	边山村委会	113.713149	27.532840	1	80	100	政府机构
360313104203	明塘村委会	113.720193	27.554897	0	20	67	乡镇
360313101001	前后街居委会	113.767696	27.635354	0	18	66	乡镇
360321105203	富树村委会	113.937910	27.274037	0	18	40	乡镇
360313107205	黄泥湖村委会	113.646214	27.437250	0	16	65	乡镇
360321202205	镇背村委会	113.962000	27.127599	0	14	29	区县
360313200203	洞溪村委会	113.700830	27.385110	0	30	72	村庄
360323200208	大平村委会	114.002680	27.676660	0	30	72	村庄
360321101217	望山村委会	113.947156	27.138082	0	18	66	乡镇
360321205201	上塘村委会	113.929019	27.320939	0	30	72	村庄
360323203218	东江村委会	114.024171	27.436721	1	80	100	政府机构
360302004012	锦绣社区居委会	113.849518	27.648908	0	30	51	道路
360321102207	阳春村委会	114.120916	27.270013	0	18	66	乡镇
360321206211	长曲湾村委会	113.891612	27.150291	1	80	100	政府机构
360322103209	樟坊村委会	113.802435	27.927316	0	18	66	乡镇
360313201202	上江村委会	113.787800	27.450781	0	16	65	村庄
360321203204	神泉村委会	113.907842	26.971990	1	80	100	政府机构
360313106204	荷塘村委会	113.659270	27.534339	0	30	72	村庄
360321104202	江口村委会	113.958280	27.063449	0	30	72	村庄
360322102208	崇德村委会	113.938504	27.954278	0	18	66	乡镇
360313101200	新垅村委会	113.767696	27.635354	0	18	40	乡镇
360313001027	新岭居委会	113.745875	27.633661	1	80	95	政府机构
360321103206	歧下村委会	114.032588	27.187972	0	18	40	乡镇
360321204200	六市村委会	113.903802	27.368374	0	18	40	村庄
360302401002	横龙社区居委会	113.834240	27.626809	1	80	95	政府机构
360302100020	竹塘居委会	113.873830	27.607452	0	25	55	乡镇
360313101216	樟里村委会	113.767696	27.635354	0	18	66	乡镇
360302005005	贺家湾居委会	113.863603	27.614722	0	30	47	道路
360321103210	泉水村委会	114.033470	27.193830	0	30	72	村庄
360321207206	砚溪村委会	113.944636	27.202867	0	18	66	村庄
360313102206	泉陂村委会	113.656386	27.547166	1	80	100	政府机构
360323105209	敖家坊村委会	114.095120	27.675631	0	30	58	UNKNOWN
360313105202	潘塘村委会	113.675660	27.563470	0	30	72	村庄
360321203212	竹湖村委会	113.877430	27.054299	0	18	66	村庄
360313106212	大路里村委会	113.680310	27.511841	0	30	72	村庄
360302002001	李子园居委会	113.853926	27.623718	1	80	100	政府机构
360321200202	洞背村委会	114.079560	27.315970	0	30	72	村庄
