360502105216	西岸村民委员会	114.954741	27.771359	1	80	97	UNKNOWN
360502201200	味塘村民委员会	114.938938	28.019618	0	18	66	村庄
360521104220	防里村民委员会	114.689300	27.692690	0	25	70	乡镇
360502101202	龙湖村民委员会	114.899870	27.971960	0	30	72	村庄
360502170204	浒溪村民委员会	114.886270	27.746321	0	30	72	村庄
360502190400	五金工业区社区	115.014860	27.829150	0	25	55	乡镇
360502181211	带元村民委员会	114.836996	27.937545	0	18	66	乡镇
360502003018	郑家管理处社区	114.900490	27.791430	1	80	97	政府机构
360502102204	八百桥村民委员会	114.927572	27.695456	0	18	49	乡镇
360502002023	富塘管理处社区	114.905050	27.823270	1	80	95	政府机构
360502101214	虹桥村民委员会	115.004870	27.977311	0	30	72	村庄
360502103229	章塘村民委员会	115.118850	27.851961	0	25	55	乡镇
360502181207	凌背村民委员会	114.836996	27.937545	0	18	49	乡镇
360502202206	甘村堎村民委员会	114.786320	27.809690	0	30	72	村庄
360502180292	港背村民委员会	114.865660	27.884835	0	18	49	乡镇
360502105200	潭口村民委员会	114.943900	27.760463	0	18	49	乡镇
360502180206	洋潭村民委员会	114.875610	27.908780	0	30	72	UNKNOWN
360502190206	黄家村民委员会	115.024400	27.799510	0	30	72	村庄
360502100215	钱圩村民委员会	115.084464	28.015264	0	18	49	乡镇
360502204203	复兴村民委员会	115.317900	27.869840	0	30	72	村庄
360502103205	长陇村民委员会	115.118850	27.851961	0	25	55	乡镇
360502104201	中元村民委员会	115.223807	27.846589	0	18	49	乡镇
360502203207	显华村民委员会	115.231732	27.784466	0	18	66	村庄
360502200201	坑里村民委员会	115.007390	28.069671	0	30	72	村庄
360521103208	大姜村民委员会	114.741300	27.945369	0	18	49	乡镇
360502002019	桥背管理处社区	114.905050	27.823270	1	80	97	政府机构
360502190210	亭孜村民委员会	115.014860	27.829150	0	25	70	乡镇
360502180210	上沂村民委员会	114.865660	27.884835	0	18	66	乡镇
360502100203	排江村民委员会	115.084464	28.015264	0	18	49	乡镇
360502001009	万家山社区居民委员会	114.936655	27.797347	1	80	100	政府机构
360502103213	高勘村民委员会	115.118850	27.851961	0	25	55	乡镇
360521101215	文江村民委员会	114.634790	27.958319	0	16	47	乡镇
360502004010	幸福村居民委员会	114.917671	27.664274	0	30	58	村庄
360502103233	燕山村民委员会	115.081120	27.910550	0	30	72	村庄
360502003014	王坑管理处社区	114.900490	27.791430	1	80	97	政府机构
360521100003	政法巷社区居民委员会	114.673951	27.811482	1	80	100	政府机构
360521105201	车田村民委员会	114.502050	27.851690	0	30	72	村庄
360502170208	垱头村民委员会	114.841388	27.759858	0	18	49	乡镇
360502190230	库陂村民委员会	115.056430	27.909491	0	30	72	村庄
360521106211	雁塘村民委员会	114.607910	27.875020	0	30	72	村庄
360521202207	泗背村民委员会	114.742389	28.045840	0	18	66	村庄
360502103225	山田村民委员会	115.118850	27.851961	0	25	55	乡镇
360521201201	早木山村民委员会	114.807470	27.970750	0	30	72	村庄
360502102208	夏莲村民委员会	114.927572	27.695456	0	18	49	乡镇
360521106207	大路边村民委员会	114.648998	27.872059	0	18	49	乡镇
360502190226	火田村民委员会	115.033270	27.879539	0	30	72	村庄
360521101203	辋川村民委员会	114.634790	27.958319	0	16	47	乡镇
360502004006	铁山居民委员会	114.921529	27.647469	0	20	36	乡镇
360502103209	平塘村民委员会	115.118850	27.851961	0	25	55	乡镇
360502002003	长青社区居民委员会	114.927310	27.819720	1	75	92	地产小区
360521104216	下田村民委员会	114.666789	27.644474	0	30	72	村庄
360502100219	龙骨村民委员会	115.084464	28.015264	0	18	49	乡镇
360521103212	下院村民委员会	114.741300	27.945369	0	18	49	乡镇
360521100202	水东村民委员会	114.625980	27.792659	0	30	72	村庄
360521103204	秆坑村民委员会	114.779930	27.985130	0	30	72	村庄
360521203206	塘西村民委员会	114.690080	28.040630	0	30	72	村庄
360502001005	新亚新社区居民委员会	114.950622	27.796983	1	80	93	政府机构
360502105261	垱下村民委员会	114.943900	27.760463	0	18	49	乡镇
360521104200	白芒村民委员会	114.696787	27.701385	0	30	72	村庄
360521104201	新祉村民委员会	114.689300	27.692690	0	25	70	乡镇
360502002014	康盛社区居民委员会	114.905050	27.823270	1	80	94	政府机构
360521203207	太湖村民委员会	114.642660	28.024101	0	30	72	村庄
360502001004	站前社区居民委员会	114.950622	27.796983	1	80	94	政府机构
360502105260	石洲村民委员会	114.973970	27.799249	0	30	72	UNKNOWN
360521201001	洞村集镇居民委员会	114.820873	28.004085	0	18	35	村庄
360502401001	仙来办事处廖家管理处社区	114.944273	27.780711	1	80	100	政府机构
360521103205	中村村民委员会	114.741300	27.945369	0	18	49	乡镇
360521100203	水北村民委员会	114.638470	27.812590	0	30	72	村庄
360521103213	麻田村民委员会	114.741300	27.945369	0	18	49	乡镇
360502002002	仙来湖社区居民委员会	114.905050	27.823270	1	80	93	政府机构
360521104217	松山村民委员会	114.665900	27.628159	0	30	72	村庄
360502100218	黄坑村民委员会	115.106300	28.021010	0	30	72	村庄
360502103208	大港亭村民委员会	115.118850	27.851961	0	25	55	乡镇
360502004007	桂花村居民委员会	114.921529	27.647469	0	20	36	乡镇
360521101202	水头村民委员会	114.546520	27.944030	0	30	72	村庄
360502102209	下保村民委员会	114.927572	27.695456	0	18	49	乡镇
360521202210	西坑村民委员会	114.768510	28.030201	0	30	72	村庄
360521106206	上村村民委员会	114.648998	27.872059	0	18	66	乡镇
360502190227	桥上村民委员会	115.014860	27.829150	0	25	55	乡镇
360502103224	东边村民委员会	115.115710	27.765831	0	30	72	村庄
360521201200	楼下村民委员会	114.823480	28.012721	0	30	72	村庄
360502190231	东港村民委员会	115.050770	27.930120	0	30	72	村庄
360521106210	西廊村民委员会	114.648998	27.872059	0	18	49	乡镇
360521202206	盆溪村民委员会	114.742389	28.045840	0	18	49	村庄
360502103232	梦塘村民委员会	115.118850	27.851961	0	25	70	乡镇
360502003015	送桥管理处社区	114.900490	27.791430	1	80	95	政府机构
360521100002	泗水路社区居民委员会	114.681601	27.815831	1	80	100	政府机构
360521105200	洋江村民委员会	114.528870	27.856431	0	30	72	村庄
360502170209	洋田村民委员会	114.841388	27.759858	0	18	66	乡镇
360502004011	周宇路北居民委员会	114.921529	27.647469	0	20	41	乡镇
360521102204	南溪村民委员会	114.748957	27.851152	0	18	66	乡镇
360502190266	胜利村民委员会	114.956510	27.823860	0	30	72	村庄
360521101214	泉丘村民委员会	114.634790	27.958319	0	16	65	乡镇
360502001008	四眼井社区居民委员会	114.950622	27.796983	1	80	94	政府机构
360502103212	竹山村民委员会	115.160040	27.880259	0	30	72	村庄
360502190211	施家村民委员会	115.064710	27.772201	0	30	72	村庄
360502002018	盛德社区居委会	114.905050	27.823270	1	80	95	政府机构
360502180211	汉泉村民委员会	114.865660	27.884835	0	18	49	乡镇
360502100202	木江村民委员会	115.084464	28.015264	0	18	49	乡镇
360521103209	黄家村民委员会	114.729170	27.930229	0	30	72	村庄
360502200200	鹄山村民委员会	114.997249	28.054770	0	18	49	村庄
360502203206	荆兰村民委员会	115.231732	27.784466	0	18	66	村庄
360502104200	姚圩村民委员会	115.223807	27.846589	0	18	49	乡镇
360502003023	钢丝厂居民委员会	114.900490	27.791430	1	80	94	政府机构
360502103204	邦甫村民委员会	115.118850	27.851961	0	25	70	乡镇
360502180207	共青村民委员会	114.865660	27.884835	0	18	49	乡镇
360502190207	彭家村民委员会	115.125370	27.846131	0	30	72	村庄
360502100214	陈家村民委员会	115.113630	28.001211	0	30	72	村庄
360502204202	明星村民委员会	115.303490	27.871100	0	30	72	村庄
360502105201	花田村民委员会	114.943900	27.760463	0	18	49	乡镇
360502001065	通济社区居委会	114.950622	27.796983	1	80	95	政府机构
360502180293	湖陂村民委员会	114.911920	27.864879	0	30	72	村庄
360502103228	北岗村民委员会	115.118850	27.851961	0	25	55	乡镇
360502101215	城坊村民委员会	114.945042	27.927806	0	18	49	乡镇
360502181206	哲村村民委员会	114.823580	27.907301	0	30	72	村庄
360502102205	白沙村民委员会	114.927572	27.695456	0	18	66	乡镇
360502002022	老屋场管理处社区	114.905050	27.823270	1	80	95	政府机构
360502101203	甘秀埠村民委员会	114.945042	27.927806	0	18	49	乡镇
360502104001	姚圩居民委员会	115.223807	27.846589	0	18	40	乡镇
360502170205	划江村民委员会	114.841388	27.759858	0	18	66	乡镇
360502181210	联合村民委员会	114.828700	27.927261	0	30	72	村庄
360521001204	洞源村民委员会	114.692000	27.814700	0	14	37	区县
360521104221	年珠村民委员会	114.689300	27.692690	0	25	70	乡镇
360502201201	西村村民委员会	114.886760	28.007541	0	30	72	村庄
360521101218	新安村民委员会	114.555110	27.938129	0	30	72	村庄
360521101213	潭湘村民委员会	114.634790	27.958319	0	16	65	乡镇
360502190261	潭塘村民委员会	114.988870	27.837080	0	30	72	村庄
360502004016	良山铁矿居民委员会	114.921370	27.653509	1	80	95	UNKNOWN
360521505202	易家桥村民委员会	114.785117	27.657912	1	80	95	UNKNOWN
360521102203	尚睦村民委员会	114.748957	27.851152	0	18	49	乡镇
360502103235	开元村民委员会	115.083417	27.943892	0	30	72	村庄
360502101208	南村村民委员会	114.945042	27.927806	0	18	49	乡镇
360521105207	礼台村民委员会	114.692000	27.814700	0	14	46	区县
360502003291	应星村民委员会	114.900490	27.791430	1	80	97	政府机构
360521202201	兰盘村民委员会	114.757793	28.083756	1	80	100	政府机构
360502190236	樟村村民委员会	115.014860	27.829150	0	25	70	乡镇
360502103223	王年村民委员会	115.118850	27.851961	0	25	55	乡镇
360521100013	李家巷社区居民委员会	114.660772	27.784919	0	18	40	乡镇
360521106201	焦木村民委员会	114.648998	27.872059	0	18	49	乡镇
360502190220	加山村民委员会	115.046980	27.835060	0	30	72	村庄
360521101205	洙塘村民委员会	114.594140	27.894500	0	30	72	村庄
360521203001	桃源街社区居民委员会	114.637353	28.054869	0	18	40	村庄
360502002005	燕子山社区居民委员会	114.905050	27.823270	1	80	95	政府机构
360521104210	木足村民委员会	114.689300	27.692690	0	25	55	乡镇
360502204209	龙尾洲村民委员会	115.319450	27.843698	0	18	49	村庄
360521100204	大台村民委员会	114.678670	27.820870	0	30	72	村庄
360521103202	宋家村民委员会	114.790220	27.953429	0	30	72	村庄
360502401006	龙州社区居委会	114.952326	27.783595	0	75	58	乡镇
360502001003	茶山口社区居民委员会	114.950622	27.796983	1	80	94	政府机构
360521203200	上松村民委员会	114.637353	28.054869	0	18	49	村庄
360502103219	黄花堎村民委员会	115.118850	27.851961	0	25	55	乡镇
360521104206	苑坑村民委员会	114.709290	27.657931	0	30	72	村庄
360502002013	电工厂社区居民委员会	114.909993	27.809277	1	80	100	政府机构
360502100209	伍塘村民委员会	115.084464	28.015264	0	18	49	乡镇
360502201206	三山村民委员会	114.938938	28.019618	0	18	66	村庄
360502190001	水西居民委员会	115.014860	27.829150	0	25	47	乡镇
360521001203	万溪村民委员会	114.692000	27.814700	0	14	32	区县
360521104226	铜岭村民委员会	114.578300	27.612500	0	30	72	村庄
360502101204	江东村民委员会	114.911760	27.955659	0	30	72	村庄
360521100009	松湖社区居民委员会	114.681600	27.815720	1	80	100	政府机构
360502170202	礼珠村民委员会	114.841388	27.759858	0	18	66	乡镇
360502102202	舍山村民委员会	114.927572	27.695456	0	18	49	乡镇
360502002025	新苑社区居委会	114.905050	27.823270	1	80	97	政府机构
360502101212	袁安村民委员会	114.945042	27.927806	0	18	66	乡镇
360502181201	白梅村民委员会	114.836996	27.937545	0	18	49	乡镇
360502202200	高家村民委员会	114.775580	27.774540	0	30	72	村庄
360502201210	武郎村民委员会	114.938938	28.019618	0	18	49	村庄
360502001062	观下管理处社区	114.950622	27.796983	1	80	97	政府机构
360521101209	观光村民委员会	114.649860	27.955741	1	80	100	政府机构
360502202294	孝头村民委员会	114.796209	27.793412	0	18	49	村庄
360502190200	水西村民委员会	115.027670	27.831660	0	30	72	村庄
360502002009	长林社区居民委员会	114.901537	27.816683	1	80	92	地产小区
360502180200	观巢村民委员会	114.865660	27.884835	0	18	49	乡镇
360502204205	后溪村民委员会	115.317730	27.839546	0	30	72	村庄
360502100213	新桥村民委员会	115.121710	27.984371	0	30	72	村庄
360502003024	二化社区居委会	114.900490	27.791430	1	80	95	政府机构
360502103203	陂下村民委员会	115.137100	27.842850	0	30	72	村庄
360521100208	站前村民委员会	114.660772	27.784919	0	18	49	乡镇
360502104207	裴港村民委员会	115.223807	27.846589	0	18	66	乡镇
360502203201	丰洲村民委员会	115.181580	27.772951	0	30	72	UNKNOWN
360521001002	天工社区居民委员会	114.688745	27.809727	1	80	100	政府机构
360502271201	仰江村民委员会	114.841882	27.641098	0	18	66	乡镇
360502104211	万全村民委员会	115.223807	27.846589	0	18	66	乡镇
360502200207	桐村村民委员会	115.029090	28.042429	0	30	72	村庄
360502190216	合湖村民委员会	115.062803	27.828229	0	25	70	旅游景点
360502100205	潭江村民委员会	115.084464	28.015264	0	18	49	乡镇
360502103215	南市村民委员会	115.118850	27.851961	0	25	55	乡镇
360502103214	草池村民委员会	115.118850	27.851961	0	25	55	乡镇
360502190217	五星村民委员会	115.040240	27.808530	1	80	100	政府机构
360502100204	北港村民委员会	115.032650	28.030269	0	30	72	村庄
360521504598	长埠林场虚拟生活区	114.833710	27.644530	0	30	51	UNKNOWN
360502271200	黄田村民委员会	114.844990	27.642360	0	30	72	村庄
360502104210	刘家村民委员会	115.193940	27.837680	0	30	72	村庄
360502200206	地步村民委员会	114.997249	28.054770	0	18	49	村庄
360502203200	南门村民委员会	115.232336	27.809323	0	30	72	村庄
360521001003	矿建社区居民委员会	114.702250	27.820131	1	80	92	地产小区
360521100209	新村村民委员会	114.677160	27.806630	0	30	72	村庄
360502104206	蒋家村民委员会	115.258980	27.866850	0	30	72	村庄
360502003025	望城社区居委会	114.900490	27.791430	1	80	97	政府机构
360502103202	湖头村民委员会	115.114000	27.865281	0	30	72	村庄
360502002008	北湖社区居民委员会	114.905050	27.823270	1	80	94	政府机构
360502190201	桐林村民委员会	115.021810	27.818390	0	30	72	村庄
360502180201	社头村民委员会	114.865660	27.884835	0	18	49	乡镇
360502204204	西江村民委员会	115.313180	27.857060	0	30	72	村庄
360502100212	昌下村民委员会	115.084464	28.015264	0	18	49	乡镇
360502105207	丁家村民委员会	114.971020	27.781639	1	80	100	政府机构
360502201211	丘宇村民委员会	114.938938	28.019618	0	18	66	村庄
360502001063	秀水社区居委会	114.950622	27.796983	1	80	97	政府机构
360521101208	新楼村民委员会	114.612910	27.952609	0	30	72	村庄
360502202201	横塘村民委员会	114.779210	27.784300	0	30	72	村庄
360502101213	花堆村民委员会	114.945042	27.927806	0	18	66	乡镇
360502181200	欧里村民委员会	114.836996	27.937545	0	18	49	乡镇
360502102203	鹊桥村民委员会	114.927572	27.695456	0	18	49	乡镇
360521100272	昌田村民委员会	114.614530	27.757899	0	30	72	村庄
360502002024	岭泉管理处社区	114.905050	27.823270	1	80	97	政府机构
360502101205	大桥村民委员会	114.931960	27.943050	0	30	72	村庄
360521100008	府前社区居民委员会	114.660772	27.784919	0	18	40	乡镇
360502170203	平川村民委员会	114.841388	27.759858	0	18	49	乡镇
360521001202	收村村民委员会	114.730040	27.820879	0	30	72	村庄
360502201207	茂江村民委员会	114.938938	28.019618	0	18	66	村庄
360521104207	龙源村民委员会	114.698710	27.658851	0	30	72	村庄
360502002012	铁路社区居民委员会	114.933403	27.813206	1	70	88	地产小区
360502100208	楼山村民委员会	115.084464	28.015264	0	18	49	乡镇
360502001002	双凤楼社区居民委员会	114.950622	27.796983	1	80	94	政府机构
360521203201	山泗村民委员会	114.637353	28.054869	0	18	49	村庄
360502103218	陈家村民委员会	115.113630	28.001211	0	30	72	村庄
360521106001	凤阳乡老街居委会	114.645530	27.854341	0	25	70	村庄
360521103203	姜源村民委员会	114.741300	27.945369	0	18	49	乡镇
360521100205	介桥村民委员会	114.660772	27.784919	0	18	49	乡镇
360521202001	高岚集镇居民委员会	114.742389	28.045840	0	18	35	村庄
360502002004	钟家山社区居民委员会	114.905050	27.823270	1	80	94	政府机构
360521104211	冶元村民委员会	114.634862	27.709843	1	80	100	政府机构
360502204208	稍堎村民委员会	115.350383	27.858457	1	80	97	UNKNOWN
360502190061	石岗居民委员会	115.014860	27.829150	0	25	47	乡镇
360502004001	苗圃星城居民委员会	114.921529	27.647469	0	20	36	乡镇
360521101204	卷山村民委员会	114.634790	27.958319	0	16	65	乡镇
360521106200	凤阳村民委员会	114.646087	27.856131	0	30	72	村庄
360502190221	马洪村民委员会	115.014860	27.829150	0	25	55	乡镇
360502103222	绵山村民委员会	115.118850	27.851961	0	25	55	乡镇
360521100012	泉唐社区居民委员会	114.660772	27.784919	0	18	40	乡镇
360521201206	霞贡村民委员会	114.820873	28.004085	0	18	66	村庄
360521202200	高岚村民委员会	114.742389	28.045840	0	18	49	村庄
360502101209	何家村民委员会	114.956920	27.894420	0	30	72	村庄
360502103234	新和村民委员会	115.057970	27.965250	0	30	72	村庄
360521105206	纽村村民委员会	114.568390	27.887810	0	30	72	村庄
360521100004	文教巷社区居民委员会	114.660772	27.784919	0	18	40	乡镇
360521102202	水川村民委员会	114.748957	27.851152	0	18	49	乡镇
360521101212	社下村民委员会	114.699820	27.858980	0	30	72	村庄
360521104204	金鸡布村民委员会	114.689300	27.692690	0	25	55	乡镇
360502002011	北苑社区居民委员会	114.905050	27.823270	1	80	94	政府机构
360502190218	简家村民委员会	115.023020	27.851260	0	30	72	村庄
360521203202	赤土村民委员会	114.637353	28.054869	0	18	49	村庄
360502001001	百花湖社区居民委员会	114.950622	27.796983	1	80	94	政府机构
360521101401	宜萍煤矿社区管理委员会社区	114.634790	27.958319	0	16	38	乡镇
360521100210	横溪村民委员会	114.630860	27.775684	0	30	72	村庄
360502401004	院田管理处社区	114.952326	27.783595	0	75	58	乡镇
360521106002	凤阳乡新街居委会	114.645530	27.854341	0	25	70	村庄
360521103200	双林村民委员会	114.760770	27.936580	0	30	72	村庄
360502104209	新宋村民委员会	115.223807	27.846589	0	18	66	乡镇
360502002007	里木塘社区居民委员会	114.905050	27.823270	1	80	95	政府机构
360521104212	砻里村民委员会	114.689300	27.692690	0	25	70	乡镇
360502004002	公园南村居民委员会	114.921529	27.647469	0	20	36	乡镇
360521101207	建陂村民委员会	114.634790	27.958319	0	16	65	乡镇
360502105208	丰溪村民委员会	114.976370	27.784739	1	80	100	政府机构
360521106203	白鹭塘村民委员会	114.648998	27.872059	0	18	49	乡镇
360521103001	双林居民委员会	114.760761	27.935608	1	80	100	政府机构
360502190222	白沙桥村民委员会	115.014860	27.829150	0	25	55	乡镇
360521201205	程家坊村民委员会	114.820873	28.004085	0	18	49	村庄
360521100011	锻压厂社区居民委员会	114.660772	27.784919	0	18	40	乡镇
360502103221	川里村民委员会	115.118850	27.851961	0	25	55	乡镇
360502190234	內塘村民委员会	115.014860	27.829150	0	25	70	乡镇
360521202203	山背村民委员会	114.714760	28.047361	0	30	72	村庄
360521105205	长塘村民委员会	114.544270	27.901570	0	30	72	村庄
360521100007	青山社区居民委员会	114.660772	27.784919	0	18	40	乡镇
360502004014	西山岭居民委员会	114.874260	27.652520	0	30	58	村庄
360521405498	分宜县工业园管理委员会虚拟社区	114.692000	27.814700	0	14	37	区县
360521505200	东坑村民委员会	114.785117	27.657912	1	80	97	UNKNOWN
360521102201	汉塘村民委员会	114.700920	27.855580	0	30	72	村庄
360502190263	姚家边村民委员会	115.014860	27.829150	0	25	55	乡镇
360521101211	土坎下村民委员会	114.634790	27.958319	0	16	47	乡镇
360521100400	分宜发电有限责任公司社区	114.660772	27.784919	0	18	40	乡镇
360502201208	辉江村民委员会	114.938938	28.019618	0	18	66	村庄
360502103217	松林村民委员会	115.170890	27.862860	0	30	72	村庄
360502100207	金星村民委员会	115.086460	28.036619	0	30	72	村庄
360502190214	桥口村民委员会	115.075780	27.805890	0	30	72	UNKNOWN
360521104208	田心村民委员会	114.725310	27.625130	0	30	72	村庄
360502102001	良山居民委员会	114.927572	27.695456	0	18	40	乡镇
360502200205	上塘村民委员会	115.007110	28.039961	0	30	72	村庄
360502104213	凌溪村民委员会	115.223807	27.846589	0	18	49	乡镇
360502271203	城上村民委员会	114.819850	27.606890	0	50	73	UNKNOWN
360502203203	朝阳村民委员会	115.202490	27.797420	0	30	72	村庄
360502104205	高湖村民委员会	115.241950	27.876221	0	30	72	UNKNOWN
360502170001	河下居民委员会	114.828320	27.751550	0	30	58	村庄
360502103201	彭家村民委员会	115.125370	27.846131	0	30	72	村庄
360502100211	琴山村民委员会	115.084750	27.958150	0	30	72	村庄
360502204207	均溪村民委员会	115.342650	27.844370	0	30	72	UNKNOWN
360502101400	花鼓山煤矿家委会	114.945042	27.927806	0	18	40	乡镇
360502180202	茂山村民委员会	114.883890	27.875271	0	30	72	村庄
360502190202	沙陂村民委员会	115.014860	27.829150	0	25	70	乡镇
360502001060	桥下管理处社区	114.950622	27.796983	1	80	97	政府机构
360502201212	穑诞村民委员会	114.938938	28.019618	0	18	66	村庄
360502105204	垱上村民委员会	114.943900	27.760463	0	18	49	乡镇
360502202202	联盟村民委员会	114.796950	27.796009	0	30	72	村庄
360521501598	年珠林场虚拟生活区	114.692000	27.814700	0	14	46	区县
360502181203	上巢村民委员会	114.836996	27.937545	0	18	49	乡镇
360502101210	高升村民委员会	114.958380	27.937490	0	30	72	村庄
360502002027	平安路社区	114.905050	27.823270	1	80	97	政府机构
360502102200	周宇村民委员会	114.900000	27.664470	0	30	72	UNKNOWN
360502170200	河下村民委员会	114.854941	27.792152	0	30	72	村庄
360521105209	杨潭村民委员会	114.540301	27.873304	0	18	49	乡镇
360502271501	塔下分场生活区	114.836563	27.638845	1	80	97	UNKNOWN
360502101206	罗家边村民委员会	114.945042	27.927806	0	18	49	乡镇
360521104224	长埠村民委员会	114.833710	27.644530	0	30	72	UNKNOWN
360521001201	下坊村民委员会	114.543280	27.899710	0	30	72	UNKNOWN
360502105212	石山村民委员会	114.962310	27.767870	0	30	72	村庄
360502201204	朱家村民委员会	114.935510	28.020620	0	30	72	村庄
360502103001	罗坊居民委员会	115.118850	27.851961	0	25	47	乡镇
360502190002	梅园居委会	114.982204	27.835176	1	80	100	政府机构
360502105213	沙头村民委员会	114.980510	27.761600	0	30	72	村庄
360502201205	布里村民委员会	114.938938	28.019618	0	18	49	村庄
360521104225	大坑村民委员会	114.601440	27.600710	0	30	72	村庄
360521001200	东兴村民委员会	114.692000	27.814700	0	14	32	区县
360502170201	礼泉村民委员会	114.841388	27.759858	0	18	49	乡镇
360521105208	辑睦桥村民委员会	114.540301	27.873304	0	18	66	乡镇
360502271500	塔前分场生活区	114.853659	27.621629	1	80	97	UNKNOWN
360502101207	杭桥村民委员会	114.943428	27.883042	1	80	100	政府机构
360502002026	沿江路社区	114.936427	27.818854	1	80	100	政府机构
360521100270	白田村民委员会	114.660772	27.784919	0	18	49	乡镇
360502203500	百丈峰林场生活区	115.248620	27.769551	1	80	97	UNKNOWN
360502102201	黄虎村民委员会	114.911390	27.647529	0	30	72	UNKNOWN
360502181202	皇华村民委员会	114.836996	27.937545	0	18	49	乡镇
360502101211	千秋岭村民委员会	114.945042	27.927806	0	18	49	乡镇
360502202203	布下村民委员会	114.796209	27.793412	0	18	49	村庄
360502001061	西合管理处社区	114.950622	27.796983	1	80	95	政府机构
360502105205	庄上村民委员会	115.011040	27.780391	0	30	72	村庄
360502100210	上村村民委员会	115.084464	28.015264	0	18	66	乡镇
360502204206	珠坑村民委员会	115.319450	27.843698	0	18	49	村庄
360521500598	芳山林场虚拟生活区	114.640920	28.035570	1	80	95	UNKNOWN
360502190203	严家渡村民委员会	115.014860	27.829150	0	25	55	乡镇
360502103200	罗家村民委员会	115.116510	27.852701	0	30	72	村庄
360502104204	湾里村民委员会	115.229410	27.884140	0	30	72	村庄
360521001001	介垦居民委员会	114.692000	27.814700	0	14	29	区县
360502203202	高丰村民委员会	115.231732	27.784466	0	18	66	村庄
360502200204	兰塘村民委员会	114.990505	28.046221	0	30	72	村庄
360502104212	年家村民委员会	115.223807	27.846589	0	18	49	乡镇
360502271202	昌梅村民委员会	114.841882	27.641098	0	18	66	乡镇
360502204210	楼下村民委员会	115.347540	27.868390	0	30	72	村庄
360502100206	石上村民委员会	115.084464	28.015264	0	18	49	乡镇
360502190215	江家村民委员会	115.066690	27.812231	0	30	72	村庄
360521104209	檀溪村民委员会	114.689300	27.692690	0	25	55	乡镇
360502103216	槐江村民委员会	115.118850	27.851961	0	25	70	乡镇
360521101210	顾村村民委员会	114.649380	27.981731	0	30	72	村庄
360502201209	棣村村民委员会	114.961190	28.011530	0	30	72	村庄
360502004015	沙汾居民委员会	114.902180	27.628780	0	30	58	UNKNOWN
360521505201	欧山村民委员会	114.785117	27.657912	1	80	95	UNKNOWN
360521102200	闹洲村民委员会	114.754880	27.871501	0	30	72	UNKNOWN
360502190262	光明村民委员会	114.998180	27.839251	0	30	72	村庄
360521105204	山田村民委员会	114.692000	27.814700	0	14	37	区县
360502190235	上江村民委员会	115.132990	27.813190	0	30	72	UNKNOWN
360521202202	弓江村民委员会	114.742389	28.045840	0	18	66	村庄
360521201204	南村村民委员会	114.820873	28.004085	0	18	49	村庄
360521100010	二处社区居民委员会	114.660772	27.784919	0	18	40	乡镇
360502103220	刘家村民委员会	115.193940	27.837680	0	30	72	村庄
360521106202	西茶村民委员会	114.691270	27.888780	0	30	72	UNKNOWN
360502190223	南岭村民委员会	114.992530	27.917640	0	30	72	村庄
360521101206	湖丘村民委员会	114.636370	27.906010	0	30	72	UNKNOWN
360502105209	鹏湖村民委员会	114.988340	27.790170	1	80	100	政府机构
360502004003	公园北村居民委员会	114.921529	27.647469	0	20	36	乡镇
360521102001	湖泽居民委员会	114.748957	27.851152	0	18	40	乡镇
360502002006	西家山社区居民委员会	114.906585	27.816274	1	75	92	地产小区
360521104213	大岗山村民委员会	114.596490	27.652040	0	30	72	村庄
360502104208	姚家村民委员会	115.223807	27.846589	0	18	49	乡镇
360521202500	畜牧良种场生活区	114.761317	28.044305	1	80	97	政府机构
360521103201	集贤村民委员会	114.779790	27.947690	0	30	72	村庄
360502200208	窝里村民委员会	114.997249	28.054770	0	18	49	村庄
360521101400	杨桥煤矿社区管理委员会社区	114.634790	27.958319	0	16	38	乡镇
360521100211	池塘村民委员会	114.669690	27.773769	0	30	72	村庄
360502401005	郭家管理处社区	114.921450	27.775469	0	30	72	村庄
360521203203	井塘村民委员会	114.637353	28.054869	0	18	49	村庄
360521104205	行山村民委员会	114.689300	27.692690	0	25	55	乡镇
360502190219	宠江村民委员会	115.014860	27.829150	0	25	70	乡镇
360502002010	宝真社区居民委员会	114.905050	27.823270	1	80	94	政府机构
360502103211	院前村民委员会	115.114370	27.831450	0	30	72	村庄
360521203208	石塘村民委员会	114.628080	28.042850	0	30	72	村庄
360502100201	南陂村民委员会	115.060800	28.042781	0	30	72	UNKNOWN
360502190212	汉元村民委员会	115.014860	27.829150	0	25	55	乡镇
360502200203	晓堆村民委员会	114.997249	28.054770	0	18	66	村庄
360502203205	新生村民委员会	115.233320	27.800820	0	30	72	村庄
360502104203	南河村民委员会	115.214080	27.869329	0	30	72	村庄
360502103207	嵩山村民委员会	115.158880	27.840629	0	30	72	村庄
360502204201	城头村民委员会	115.298520	27.874400	0	30	72	村庄
360502100217	泉塘村民委员会	115.142130	28.012800	0	30	72	村庄
360521104218	桥边村民委员会	114.689300	27.692690	0	25	55	乡镇
360502190204	下垱村民委员会	115.014860	27.829150	0	25	55	乡镇
360502180204	上汾村民委员会	114.876750	27.890781	0	30	72	UNKNOWN
360502105202	洋津村民委员会	114.921520	27.763229	0	30	72	UNKNOWN
360502004008	含笑村居民委员会	114.921529	27.647469	0	20	36	乡镇
360502181205	洲上村民委员会	114.844650	27.911280	1	80	100	政府机构
360502170210	白米村民委员会	114.841388	27.759858	0	18	49	乡镇
360502101216	步桥村民委员会	115.020910	27.998510	0	30	72	道路
360502190228	张家村民委员会	115.054920	27.872350	0	30	72	村庄
360502002021	毛家管理处社区	114.905050	27.823270	1	80	95	政府机构
360521106209	郭家村民委员会	114.610940	27.845639	0	30	72	村庄
360502102206	敖家村民委员会	114.935010	27.706181	0	30	72	村庄
360502170206	江口村民委员会	114.827770	27.746650	0	30	72	村庄
360502101200	下村村民委员会	114.949890	27.923421	0	30	72	村庄
360521104222	石陂村民委员会	114.654760	27.729150	0	30	72	UNKNOWN
360521202209	夏塘村民委员会	114.742389	28.045840	0	18	49	村庄
360521502598	山下林场虚拟生活区	114.675810	27.738189	0	30	51	村庄
360502102210	垣下村村民委员会	114.949780	27.705971	0	30	72	村庄
360502201202	田南村民委员会	114.938938	28.019618	0	18	66	村庄
360502105214	洲下村民委员会	114.943900	27.760463	0	18	49	乡镇
360521104202	堂下村民委员会	114.680840	27.686590	0	30	72	村庄
360502002017	春龙社区居委会	114.905050	27.823270	1	80	95	政府机构
360502001007	魁星路社区居民委员会	114.951029	27.796152	1	80	100	政府机构
360521203204	凤塘村民委员会	114.698445	28.063500	0	30	72	村庄
360502401002	仙来办事处珠珊管理处社区	114.952326	27.783595	0	75	58	乡镇
360521103206	建设村民委员会	114.700190	27.969930	0	30	72	村庄
360521100200	角元村民委员会	114.580530	27.782281	1	80	100	政府机构
360521103210	青竹村民委员会	114.741300	27.945369	0	18	49	乡镇
360502180208	京桥村民委员会	114.865660	27.884835	0	18	49	乡镇
360502190208	河坪村民委员会	115.014860	27.829150	0	25	55	乡镇
360502002001	孔目江社区居民委员会	114.937106	27.818353	1	80	100	政府机构
360521104214	双源村民委员会	114.605270	27.626270	0	30	72	UNKNOWN
360502001011	东风管理处社区	114.950622	27.796983	1	80	95	政府机构
360502004004	文化村居民委员会	114.921529	27.647469	0	20	36	乡镇
360521101201	西田村民委员会	114.526290	27.946191	0	30	72	村庄
360521106205	高坡村民委员会	114.648998	27.872059	0	18	49	乡镇
360502190224	鲇口村民委员会	115.008830	27.888541	0	30	72	UNKNOWN
360521201203	石溪村民委员会	114.835920	27.983490	0	30	72	村庄
360502181209	昌坊村民委员会	114.816450	27.918031	0	30	72	UNKNOWN
360502103227	沙滩村民委员会	115.139060	27.786070	0	30	72	村庄
360521202205	午乔村民委员会	114.742389	28.045840	0	18	66	村庄
360502190232	王家村民委员会	115.046034	27.949213	0	30	72	村庄
360521106213	礼堂村民委员会	114.648003	27.887943	1	80	97	休闲娱乐
360502003016	望城管理处社区	114.900490	27.791430	1	80	95	政府机构
360521100001	保健巷社区居民委员会	114.677047	27.814868	1	80	92	地产小区
360521105203	前江村民委员会	114.518460	27.907150	0	30	72	村庄
360502103231	胡家村民委员会	115.068300	27.933621	0	30	72	村庄
360502190265	东陂村民委员会	115.014860	27.829150	0	25	55	乡镇
360502004012	周宇路南居民委员会	114.921529	27.647469	0	20	41	乡镇
360521102207	罗沙村民委员会	114.748957	27.851152	0	18	49	乡镇
360521101217	湾里村民委员会	114.548220	27.938660	0	30	72	村庄
360521101216	浪里村民委员会	114.634790	27.958319	0	16	47	乡镇
360502190264	白水塘村民委员会	115.000210	27.812900	0	30	72	村庄
360502004013	长康居民委员会	114.921529	27.647469	0	20	36	乡镇
360521102206	湖泽村民委员会	114.748957	27.851152	0	18	66	乡镇
360502003017	夏家管理处社区	114.912253	27.804837	1	80	97	政府机构
360521105202	巷口村民委员会	114.540301	27.873304	0	18	49	乡镇
360502103230	官塘村民委员会	115.115040	27.927820	0	30	72	村庄
360521202204	辋溪村民委员会	114.742389	28.045840	0	18	66	村庄
360502190233	山南村民委员会	115.037460	27.950879	0	30	72	村庄
360521106212	东山村民委员会	114.653860	27.890350	0	30	72	村庄
360502002190	天工社区居委会	114.905050	27.823270	1	80	97	政府机构
360521201202	谷山村民委员会	114.848570	27.991370	0	30	72	村庄
360502181208	新甫村民委员会	114.836996	27.937545	0	18	49	乡镇
360502103226	龚塘村民委员会	115.118850	27.851961	0	25	55	乡镇
360521106204	社下村民委员会	114.699820	27.858980	0	30	72	村庄
360502190225	堆甲村民委员会	115.033030	27.900799	0	30	72	UNKNOWN
360521202212	东山下村民委员会	114.754920	28.024120	0	30	72	村庄
360521101200	庙上村民委员会	114.592660	27.954690	0	30	72	村庄
360521104002	朝阳居民委员会	114.689300	27.692690	0	25	70	乡镇
360502004005	环山村居民委员会	114.921529	27.647469	0	20	36	乡镇
360502001010	西街社区居民委员会	114.950622	27.796983	1	80	94	政府机构
360502180209	南布村民委员会	114.827909	27.884221	0	30	72	村庄
360502190209	珍田村民委员会	115.024860	27.781650	0	30	72	村庄
360521102400	铁坑铁矿公司社区	114.764860	27.876181	0	30	58	村庄
360521103211	瓦屋村民委员会	114.758700	27.919950	0	30	72	村庄
360521100201	芦塘村民委员会	114.589940	27.796971	0	30	72	村庄
360521103207	白水村民委员会	114.698930	27.939201	0	30	72	村庄
360502401003	仙来办丁家管理处社区	114.952326	27.783595	0	75	47	乡镇
360502105262	云洲村民委员会	114.943900	27.760463	0	18	49	乡镇
360502001006	丽景社区居民委员会	114.950622	27.796983	1	80	94	政府机构
360521203205	牛泥塘村民委员会	114.643050	28.076501	0	30	72	村庄
360521101001	杨桥居民委员会	114.634790	27.958319	0	16	38	乡镇
360521104203	庄边村民委员会	114.708430	27.701371	0	30	72	村庄
360502002016	暨阳社区居委会	114.905050	27.823270	1	80	97	政府机构
360502201203	观下村民委员会	114.938938	28.019618	0	18	49	村庄
360502105215	郭家村民委员会	114.959340	27.773400	0	30	72	村庄
360521104223	尚春村民委员会	114.689300	27.692690	0	25	55	乡镇
360521202208	环桥村民委员会	114.691460	28.006990	0	30	72	村庄
360502170207	龙伏村民委员会	114.841388	27.759858	0	18	49	乡镇
360502181212	小县村民委员会	114.862087	27.904624	1	80	97	UNKNOWN
360502101201	下住村民委员会	114.945042	27.927806	0	18	66	乡镇
360502002020	堆上管理处社区	114.905050	27.823270	1	80	95	政府机构
360502190229	桂花村民委员会	115.014860	27.829150	0	25	70	乡镇
360521106208	沔村村民委员会	114.615040	27.846199	0	30	72	村庄
360502102207	庄头村民委员会	115.009770	27.719471	0	30	72	村庄
360502181204	木村村民委员会	114.849910	27.922469	0	30	72	村庄
360502170211	花园村民委员会	114.818210	27.703621	0	30	72	村庄
360502101217	高站村民委员会	114.945042	27.927806	0	18	49	乡镇
360502004009	路东村居民委员会	114.921529	27.647469	0	20	36	乡镇
360502202205	黄溪村民委员会	114.810600	27.841360	0	30	72	UNKNOWN
360502100001	水北居民委员会	115.084464	28.015264	0	18	40	乡镇
360502105203	纱笼村民委员会	114.943900	27.760463	0	18	66	乡镇
360502204200	泗溪村民委员会	115.319450	27.843698	0	18	49	村庄
360502100216	楼前村民委员会	115.109430	28.066820	0	30	72	UNKNOWN
360521104219	石枫村民委员会	114.689300	27.692690	0	25	70	乡镇
360502190205	潭隅村民委员会	115.014860	27.829150	0	25	70	乡镇
360502180205	杨家村民委员会	114.888740	27.920310	0	30	72	村庄
360502103206	水东村民委员会	115.099520	27.848539	0	30	72	村庄
360502104202	河埠村民委员会	115.223807	27.846589	0	18	49	乡镇
360502203204	东洛村民委员会	115.231732	27.784466	0	18	49	村庄
360502200202	荷沂村民委员会	114.997249	28.054770	0	18	66	村庄
360502271204	后元村民委员会	114.841882	27.641098	0	18	49	乡镇
360502100200	水北村民委员会	115.063260	28.039661	0	30	72	村庄
360502190213	丁下村民委员会	115.042160	27.819710	0	30	72	村庄
360502103210	江边村民委员会	115.066690	27.842661	0	30	72	村庄
360521203209	桂村村民委员会	114.607770	28.066119	0	30	72	村庄
360521503598	上村林场虚拟生活区	114.568450	27.623770	0	30	51	村庄
