411122101216	吴刘村委会	113.876528	33.923276	1	80	100	政府机构
411104105222	周韩村委会	114.262648	33.489505	1	80	95	UNKNOWN
411122102206	大车张村委会	113.860640	33.792071	0	30	58	UNKNOWN
411121103208	马湾村委会	113.763360	33.606190	1	80	100	政府机构
411121101235	前刘村委会	113.717090	33.439129	0	30	72	村庄
411122105202	刘庄村委会	113.982130	33.860631	0	30	72	村庄
411102100203	杜庄村委会	113.923750	33.492631	0	30	72	村庄
411122109221	巢村村委会	113.948805	33.953619	1	80	100	政府机构
411122201214	商桥村委会	114.000186	33.753226	0	18	66	乡镇
411121202227	庞店村委会	113.617270	33.577319	0	18	66	村庄
411103104204	闫李村委会	113.839990	33.650870	0	18	40	乡镇
411104002001	纺织路居委会	114.061696	33.567920	0	30	58	村庄
411122106212	叶庄村委会	114.018640	33.807119	0	30	72	村庄
411121109202	康庄村委会	113.654142	33.443751	1	80	100	政府机构
411103107214	何庄村委会	113.976342	33.692699	1	80	100	政府机构
411121105221	寨子王村委会	113.595070	33.534406	0	18	66	乡镇
411104102226	李庄村委会	114.180275	33.501806	1	80	100	政府机构
411122201202	前张村委会	113.992794	33.762848	1	80	100	政府机构
411102100215	台头村委会	113.909573	33.521353	0	18	66	乡镇
411122105214	大段村委会	113.971521	33.865227	0	18	66	乡镇
411104001007	漓江路居委会	114.079800	33.564820	0	40	77	道路
411104101220	沱北村委会	114.124985	33.519307	0	18	49	乡镇
411103104212	台西村委会	113.871005	33.676098	1	80	100	政府机构
411171101218	席郭村委会	114.257880	33.614799	0	30	51	UNKNOWN
411122202212	小师村委会	113.893694	33.880863	1	70	88	UNKNOWN
411122106204	沟王村委会	114.038176	33.795903	0	18	66	乡镇
411104102230	龚堂村委会	114.210219	33.492013	0	18	40	乡镇
411121201221	卸东村委会	113.516619	33.458328	0	18	40	村庄
411103107202	土城王村委会	114.084907	33.664301	1	80	95	餐饮
411121109214	大路孙村委会	113.615710	33.660212	1	80	100	政府机构
411121204218	孙湾村委会	113.704168	33.543010	0	18	66	村庄
411122102210	刘庄村委会	113.936361	33.781749	1	80	100	政府机构
411121101223	坡杨村委会	113.741551	33.466141	0	18	66	乡镇
411104104219	武庄村委会	114.050413	33.645831	1	80	100	政府机构
411103103216	梁庄村委会	113.839760	33.735879	0	30	72	村庄
411121108215	朱庄村委会	113.843640	33.526489	0	30	72	村庄
411103106203	潘付刘村委会	114.040055	33.699881	0	18	40	乡镇
411121200220	桐陈村委会	113.585281	33.459093	0	18	40	村庄
411104103231	化庄村委会	114.205876	33.650437	0	18	66	乡镇
411122107205	冢城村委会	114.096101	33.788780	1	80	95	UNKNOWN
411102102204	大曹村委会	113.975480	33.511439	0	18	66	乡镇
411122203213	潘庄村委会	113.893430	33.932479	0	30	72	村庄
411103105213	栗庄村委会	113.925830	33.605741	0	25	70	乡镇
411103100011	华山居委会	113.970779	33.578691	0	25	70	乡镇
411121107226	大岗村委会	113.705239	33.666981	0	18	66	乡镇
411104100221	久寨徐村委会	114.201780	33.595120	0	30	58	村庄
411122104215	张陈村委会	113.903254	33.757816	0	18	66	乡镇
411102101214	下魏村委会	113.908942	33.576427	0	18	66	乡镇
411103102217	小杨村委会	113.896338	33.733234	1	80	100	政府机构
411104105218	中杨村委会	114.259723	33.548401	0	18	66	乡镇
411122103211	祁庄村委会	114.076014	33.886677	0	18	66	乡镇
411102202206	西师村委会	113.838402	33.495016	0	18	40	乡镇
411103101207	西营村委会	114.037830	33.647631	0	30	72	村庄
411122110201	大郭村委会	113.802544	33.789110	0	30	72	村庄
411103001020	孙庄居委会	114.042420	33.584321	1	80	97	政府机构
411121102209	中山街村委会	113.694880	33.622391	0	30	58	村庄
411121204222	冯赵村委会	113.685077	33.554490	1	80	95	UNKNOWN
411103102201	商南村委会	113.926789	33.708833	0	18	40	乡镇
411102202210	宁庄村委会	113.819271	33.468547	0	50	65	UNKNOWN
411122103207	善庄阎村委会	114.076014	33.886677	0	18	35	乡镇
411121103224	包庄村委会	113.801843	33.582591	0	18	66	乡镇
411121101219	黄庄村委会	113.743190	33.456311	0	30	72	村庄
411103101211	潘北村委会	114.013787	33.639812	0	18	40	乡镇
411122204201	陈庄村委会	114.065340	33.752949	0	30	72	村庄
411122110217	社东村委会	113.793254	33.777801	0	18	66	乡镇
411121104220	冯庄村委会	113.713594	33.473032	1	80	100	政府机构
411104103227	千刘村委会	114.235090	33.647611	0	30	58	村庄
411103106215	渚阳寨村委会	114.040055	33.699881	0	18	49	乡镇
411121108203	胡岗村委会	113.730810	33.529240	0	30	72	村庄
411122203205	岳庄村委会	114.050027	33.953751	1	80	100	政府机构
411102102212	李岗村委会	113.975480	33.511439	0	18	66	乡镇
411122107213	高宗寨村委会	114.123750	33.784620	0	30	58	村庄
411104100237	寺后郑村委会	114.158120	33.600777	1	80	95	UNKNOWN
411121107230	井庄村委会	113.705239	33.666981	0	18	66	乡镇
411103100007	海河路居委会	114.000080	33.584160	1	80	100	政府机构
411103105205	香陈湾村委会	113.953310	33.586779	0	30	72	村庄
411171101222	谢庄村委会	114.114880	33.553451	0	30	72	村庄
411122108220	张堂村委会	114.037334	33.946436	0	18	66	乡镇
411102101202	阴西村委会	113.908942	33.576427	0	18	40	乡镇
411122104203	打绳陈村委会	113.925176	33.781178	1	80	95	UNKNOWN
411103001016	大高庄居委会	114.042420	33.584321	1	80	97	政府机构
411121103204	韩寨村委会	113.776015	33.608905	1	80	100	政府机构
411104104203	高庄村委会	114.103639	33.592931	0	30	72	村庄
411104100240	付庄村委会	114.173197	33.583750	0	18	66	乡镇
411122103227	葛家村委会	114.087440	33.916510	0	30	72	村庄
411121204202	姜西村委会	113.704168	33.543010	0	18	40	村庄
411103102221	申明铺村委会	113.926789	33.708833	0	18	66	乡镇
411171101202	娄庄村委会	114.061725	33.545461	1	80	100	政府机构
411122202208	金仝村委会	113.906602	33.861077	0	20	41	村庄
411102101222	张王于村委会	113.923053	33.593321	1	75	92	UNKNOWN
411122104223	梁阁村委会	113.903254	33.757816	0	18	66	乡镇
411102004207	毛寨村委会	114.017709	33.553645	0	20	67	乡镇
411104100217	归村东村委会	114.198413	33.586808	0	30	51	村庄
411121107210	马庄村委会	113.667812	33.684976	1	80	100	政府机构
411103105225	白庄村委会	113.906514	33.725707	1	80	100	政府机构
411122201218	樊堂村委会	114.000186	33.753226	0	18	40	乡镇
411104103207	新集村委会	114.205876	33.650437	0	18	66	乡镇
411121200216	七里沟村委会	113.585281	33.459093	0	18	66	村庄
411103104208	三赵村委会	113.839990	33.650870	0	18	66	乡镇
411121108223	孙庄村委会	113.820670	33.538630	0	30	72	村庄
411122106208	陶庄村委会	114.055190	33.818750	0	30	72	村庄
411122108216	单庄村委会	114.037334	33.946436	0	18	66	乡镇
411171101214	白坡村委会	114.257880	33.614799	0	30	51	UNKNOWN
411121109218	朱左村委会	113.646690	33.631110	0	30	58	UNKNOWN
411122001210	北场村委会	113.958920	33.824819	0	30	72	UNKNOWN
411121107206	金砖刘村委会	113.679164	33.662069	1	80	95	UNKNOWN
411104100201	黄庄村委会	114.165021	33.586132	0	80	72	村庄
411102004211	丁湾村委会	114.020067	33.566536	1	80	100	政府机构
411122105218	豢龙村委会	113.971521	33.865227	0	18	66	乡镇
411102102224	陈岗村委会	113.975480	33.511439	0	18	66	乡镇
411102100219	东王村委会	113.936820	33.545290	0	30	72	村庄
411104103211	小宋村委会	114.205876	33.650437	0	18	66	乡镇
411121104216	官杨村委会	113.684400	33.423998	1	80	95	UNKNOWN
411102002003	交通路居委会	114.036291	33.566384	0	40	72	乡镇
411122110221	周庄村委会	113.785512	33.757693	0	30	72	村庄
411103101227	八里村委会	114.013787	33.639812	0	18	66	乡镇
411104104215	付庄村委会	114.101330	33.617874	0	20	67	乡镇
411121103212	刘益庄村委会	113.850937	33.593333	0	30	58	村庄
411122103231	岗李村委会	114.076014	33.886677	0	18	66	乡镇
411121204214	朱庄村委会	113.667780	33.536130	0	30	72	村庄
411121100202	高庄村委会	113.612640	33.425620	0	30	72	村庄
411102003002	泰中路居委会	114.025908	33.570557	0	30	58	乡镇
411104102210	小庄村委会	114.199840	33.453930	0	30	72	村庄
411121105217	刘集村委会	113.595070	33.534406	0	18	66	乡镇
411121201201	保和村委会	113.516619	33.458328	0	18	66	村庄
411102101218	大楼魏村委会	113.947360	33.573200	1	80	100	政府机构
411122104219	王曲村委会	113.903254	33.757816	0	18	40	乡镇
411121106207	善德村委会	113.759081	33.644294	0	20	41	乡镇
411121202211	绰陈村委会	113.662770	33.595459	0	30	58	UNKNOWN
411121108219	大杨村委会	113.791033	33.524901	0	18	66	乡镇
411122109217	高村村委会	113.949023	33.934617	1	80	100	政府机构
411102102208	西朱村委会	113.975480	33.511439	0	18	66	乡镇
411122107209	吴庄村委会	114.110450	33.788801	0	30	72	村庄
411121101203	学府街村委会	113.741551	33.466141	0	18	40	乡镇
411104105214	庙王村委会	114.073190	33.611578	1	80	100	政府机构
411121102213	西大街村委会	113.688209	33.611648	0	18	66	乡镇
411171101003	王庄居委会	114.064609	33.538147	0	25	70	乡镇
411122101220	前杨村委会	113.770400	33.855519	0	30	72	村庄
411103103220	渚张村委会	113.819302	33.703169	0	18	40	乡镇
411121101215	边庄村委会	113.600999	33.541287	1	80	100	政府机构
411122102226	三朱村委会	113.866086	33.812593	0	18	66	乡镇
411121102205	鹿庄村委会	113.724750	33.615473	1	80	100	政府机构
411104105202	回北村委会	114.244355	33.546778	0	30	72	村庄
411121109222	老官李村委会	113.547844	33.509209	1	80	100	政府机构
411103105209	回马村委会	113.925830	33.605741	0	25	70	乡镇
411121201217	高堂村委会	113.525750	33.435170	0	30	72	村庄
411121100003	南街居委会	113.599360	33.433169	0	25	70	乡镇
411121105201	介庄村委会	113.595070	33.534406	0	18	66	乡镇
411104102206	袁庄村委会	114.216900	33.519160	0	30	72	村庄
411121202207	马北村委会	113.653013	33.566535	0	30	72	村庄
411103106219	郭西村委会	114.040055	33.699881	0	18	66	乡镇
411103104224	游庄村委会	113.839990	33.650870	0	18	66	乡镇
411104101216	沱南村委会	114.124985	33.519307	0	18	49	乡镇
411121106211	林庄村委会	113.761210	33.668500	0	30	72	村庄
411122105222	观街村委会	113.971521	33.865227	0	18	40	乡镇
411102100223	彭李村委会	113.909573	33.521353	0	18	66	乡镇
411122109201	王孟东村委会	113.962060	33.927170	0	30	58	UNKNOWN
411122203209	北马庙村委会	113.907184	33.918178	0	20	36	村庄
411121202206	湖西蔡村委会	113.667290	33.561030	0	30	72	村庄
411103104225	春庄村委会	113.875477	33.647934	0	30	58	村庄
411103106218	郭东村委会	114.033408	33.716344	1	75	92	UNKNOWN
411121106210	庙张村委会	113.759081	33.644294	0	20	67	乡镇
411104101217	圪当张村委会	114.124985	33.519307	0	18	35	乡镇
411122105223	英王村委会	114.002446	33.849709	1	80	95	餐饮
411102100222	白寺村委会	113.883214	33.526224	1	80	100	政府机构
411122203208	二马张村委会	113.907184	33.918178	0	20	41	村庄
411121109223	韩庄村委会	113.677570	33.624830	1	80	100	政府机构
411103105208	李湾村委会	113.925953	33.728613	1	80	100	政府机构
411121201216	朱耀环村委会	113.516619	33.458328	0	18	40	村庄
411121100002	西街居委会	113.599360	33.433169	0	25	70	乡镇
411104102207	大孟村委会	114.210219	33.492013	0	18	66	乡镇
411104105203	侯庄村委会	114.254000	33.599239	0	30	72	村庄
411121102204	蒿庄村委会	113.688209	33.611648	0	18	66	乡镇
411103103221	小徐村委会	113.819302	33.703169	0	18	66	乡镇
411121101214	英张村委会	113.741551	33.466141	0	18	40	乡镇
411122102227	金赵村委会	113.866086	33.812593	0	18	40	乡镇
411121102212	仲张村委会	113.688209	33.611648	0	18	40	乡镇
411104105215	小徐村委会	114.259723	33.548401	0	18	66	乡镇
411171101002	卢庄居委会	114.064609	33.538147	0	25	70	乡镇
411122101221	贾刘村委会	113.805152	33.875703	0	25	47	乡镇
411121101202	仙桥街村委会	113.741551	33.466141	0	18	40	乡镇
411122102231	岗张村委会	113.900404	33.802939	1	80	100	政府机构
411104101201	王庄村委会	114.129208	33.521094	0	30	72	村庄
411121106206	幸福刘村委会	113.732271	33.623461	1	80	95	UNKNOWN
411121202210	前姚村委会	113.617270	33.577319	0	18	66	村庄
411121108218	田庄村委会	113.835960	33.536339	0	30	72	村庄
411122109216	仝沟村委会	113.966380	33.938899	0	30	58	村庄
411102102209	半坡村委会	113.935770	33.479971	0	30	72	村庄
411122107208	王绍宇村委会	114.121887	33.811788	0	18	40	乡镇
411102003003	东大街居委会	114.025908	33.570557	0	30	72	乡镇
411121105216	潘楼村委会	113.595070	33.534406	0	18	66	乡镇
411104102211	柿园张村委会	114.164860	33.502611	0	30	58	UNKNOWN
411102101219	尹庄村委会	113.943920	33.582050	0	30	72	村庄
411122104218	祁庄村委会	113.903254	33.757816	0	18	66	乡镇
411122103230	石桥李村委会	114.076014	33.886677	0	18	66	乡镇
411121204215	李庄村委会	113.675710	33.533851	0	30	72	村庄
411121100203	双庙村委会	113.633330	33.425261	0	30	72	村庄
411122110220	菜王村委会	113.931000	33.827001	0	16	38	区县
411103001001	嵩山北路居委会	114.042420	33.584321	1	80	95	政府机构
411103101226	路堂村委会	114.013787	33.639812	0	18	66	乡镇
411121103213	吴李村委会	113.838980	33.588259	0	30	72	村庄
411104104214	桂王村委会	114.101330	33.617874	0	20	67	乡镇
411122105219	潘庄村委会	114.000940	33.873550	0	30	72	村庄
411102100218	西刘村委会	113.909573	33.521353	0	18	66	乡镇
411102102225	潘庄村委会	113.915874	33.490678	1	80	100	政府机构
411103106222	陈刘马村委会	114.060318	33.695345	0	25	55	旅游景点
411121200201	杨文进村委会	113.585281	33.459093	0	18	49	村庄
411121104217	大尹村委会	113.651440	33.454556	0	18	66	乡镇
411104103210	前李村委会	114.246400	33.696959	0	30	72	村庄
411122002201	邢庄村委会	113.946630	33.738828	1	80	100	政府机构
411102002002	八一路居委会	114.036291	33.566384	0	40	72	乡镇
411122106209	刘吴庄村委会	114.030450	33.831100	0	30	72	村庄
411122108217	白坡村委会	114.037334	33.946436	0	18	66	乡镇
411171101215	方庄村委会	114.118310	33.537120	0	30	72	村庄
411121109219	湾李村委会	113.743566	33.599937	1	80	100	政府机构
411122001211	东街村委会	113.875960	33.820005	1	80	100	政府机构
411121107207	湖李村委会	113.705239	33.666981	0	18	66	乡镇
411102004210	干河陈村委会	114.026453	33.551183	1	80	100	政府机构
411122201219	曹庄村委会	113.966530	33.777090	0	30	72	村庄
411104103206	楚庄村委会	114.071649	33.627685	1	80	100	政府机构
411121104201	辛安村委会	113.685773	33.443032	1	80	100	政府机构
411121200217	金庄村委会	113.578630	33.416000	0	30	72	村庄
411103104209	吴拐村委会	113.839990	33.650870	0	18	40	乡镇
411121108222	吕湾村委会	113.791033	33.524901	0	18	66	乡镇
411171101203	前谢村委会	114.064609	33.538147	0	25	70	乡镇
411122202209	大田村委会	113.896910	33.865219	0	30	72	村庄
411122108201	窝城村委会	114.037334	33.946436	0	18	66	乡镇
411102101223	刘湾村委会	113.908942	33.576427	0	18	66	乡镇
411122104222	大周村委会	113.882320	33.752590	0	30	72	村庄
411102001004	受降路居委会	114.038762	33.575744	0	40	77	道路
411102004206	南关村委会	114.017709	33.553645	0	20	67	乡镇
411121107211	柿杨村委会	113.705239	33.666981	0	18	40	乡镇
411104100216	张三岗村委会	114.207540	33.574870	0	30	58	村庄
411122001207	董畦村委会	113.955283	33.792246	1	70	88	UNKNOWN
411103105224	西刘村委会	113.925830	33.605741	0	25	70	乡镇
411122103226	赤里岗村委会	114.076014	33.886677	0	18	35	乡镇
411121204203	焦庄村委会	113.677330	33.522401	0	30	72	村庄
411103102220	胡庄村委会	113.919428	33.722368	0	30	72	村庄
411103001017	小李庄居委会	114.042420	33.584321	1	80	97	政府机构
411104104202	大闫村委会	114.101330	33.617874	0	20	41	乡镇
411121103205	王寨村委会	113.792030	33.608580	0	30	72	村庄
411103101230	新郑村委会	114.013787	33.639812	0	18	66	乡镇
411121107231	西莲花村委会	113.705239	33.666981	0	18	40	乡镇
411104100236	蒋庄村委会	114.150963	33.596980	1	80	100	政府机构
411103100006	辽河路居委会	114.015290	33.590989	0	30	72	道路
411103105204	幸福村村委会	113.896684	33.620889	1	80	100	政府机构
411171101223	伊庄村委会	114.257880	33.614799	0	30	51	UNKNOWN
411122108221	曹庄村委会	114.037334	33.946436	0	18	49	乡镇
411102101203	姬东村委会	113.984000	33.572201	0	16	33	区县
411122104202	裴墩村委会	113.903254	33.757816	0	18	66	乡镇
411104103226	老许村委会	114.205876	33.650437	0	18	66	乡镇
411121104221	赵庄村委会	113.687399	33.410061	0	30	72	村庄
411103106214	大王村委会	114.076430	33.704549	0	30	72	村庄
411121108202	都岗村委会	113.726018	33.520823	0	30	58	村庄
411122203204	徐寨村委会	113.902121	33.926716	1	80	100	政府机构
411102102213	王会朝村委会	113.945712	33.515747	1	70	88	UNKNOWN
411122107212	邢庄村委会	113.946630	33.738828	1	80	100	政府机构
411121101218	西王村委会	113.748430	33.463811	0	30	72	村庄
411121103225	郭庄村委会	113.748556	33.608426	0	30	72	村庄
411103101210	潘西村委会	114.013787	33.639812	0	18	66	乡镇
411122110216	路西村委会	113.773484	33.786963	0	30	72	村庄
411121102208	军张村委会	113.688209	33.611648	0	18	66	乡镇
411121204223	华马村委会	113.704168	33.543010	0	18	40	村庄
411102202211	望天村委会	113.868517	33.521624	1	80	100	政府机构
411122103206	承差桥村委会	114.036373	33.898534	0	50	73	道路
411103101206	薛赵村委会	114.013787	33.639812	0	18	49	乡镇
411103102216	刘孟村委会	113.905121	33.737044	1	70	88	UNKNOWN
411104105219	庞墩村委会	114.266840	33.562180	0	30	58	UNKNOWN
411122103210	大坑李村委会	114.076014	33.886677	0	18	40	乡镇
411104002201	王裴村委会	114.094102	33.570440	1	80	100	政府机构
411102202207	后李村委会	113.819990	33.483030	0	30	72	村庄
411103105212	仲李村委会	113.925830	33.605741	0	25	47	乡镇
411103100010	祁山路居委会	114.008280	33.582649	1	80	100	政府机构
411104100220	柿园王村委会	114.170930	33.586401	0	30	58	村庄
411121107227	吴庄村委会	113.718470	33.667709	0	30	72	村庄
411122104214	下坡郭村委会	113.916321	33.740533	1	80	95	UNKNOWN
411102101215	湾赵村委会	113.908942	33.576427	0	18	66	乡镇
411121108214	桥张村委会	113.791033	33.524901	0	18	66	乡镇
411103106202	老官田村委会	114.040055	33.699881	0	18	66	乡镇
411121200221	郑庄村委会	113.601390	33.463580	0	30	72	村庄
411104103230	红石桥村委会	114.227509	33.599611	0	30	72	村庄
411122107204	南江村委会	114.096490	33.803841	0	30	72	村庄
411102102205	王官村委会	113.953591	33.489929	0	30	72	村庄
411122203212	藕河村委会	113.907184	33.918178	0	20	41	村庄
411122102211	赵庄村委会	113.866820	33.805041	0	30	72	村庄
411104104218	胡桥村委会	114.142050	33.637920	0	30	72	村庄
411121101222	谷老村委会	113.741551	33.466141	0	18	66	乡镇
411103103217	胡刘村委会	113.819302	33.703169	0	18	66	乡镇
411122101201	营王村委会	113.805152	33.875703	0	25	70	乡镇
411121204219	白付湾村委会	113.704168	33.543010	0	18	35	村庄
411171101219	吕仓村委会	114.064609	33.538147	0	25	47	乡镇
411122202213	下坡村委会	113.926690	33.862740	1	80	100	政府机构
411122106205	坡李村委会	114.038176	33.795903	0	18	66	乡镇
411104102231	张赵庄村委会	114.174567	33.443606	0	30	72	村庄
411121201220	卸西村委会	113.516619	33.458328	0	18	40	村庄
411103107203	南街村委会	114.086517	33.643987	0	30	72	村庄
411121109215	绳刘村委会	113.616484	33.649802	1	80	95	UNKNOWN
411122201203	邓庄村委会	114.000186	33.753226	0	18	66	乡镇
411102100214	赵庄村委会	113.900020	33.541729	0	30	72	村庄
411104001006	铁新村居委会	114.055452	33.569335	0	25	55	乡镇
411122105215	武路口村委会	113.971521	33.865227	0	18	49	乡镇
411104101221	胡庄村委会	114.124985	33.519307	0	18	49	乡镇
411103104213	尧张村委会	113.858687	33.678899	1	75	92	UNKNOWN
411122106213	柒里村委会	114.038176	33.795903	0	18	49	乡镇
411121109203	榆林村委会	113.634250	33.663541	0	30	72	村庄
411121201236	华庄村委会	113.559180	33.476441	0	30	72	村庄
411104102227	坡于村委会	114.214510	33.530080	0	30	58	UNKNOWN
411121105220	曹孟村委会	113.595070	33.534406	0	18	40	乡镇
411122105203	张庄村委会	113.990360	33.862871	0	30	72	村庄
411102100202	南王村委会	113.910290	33.496680	0	30	72	村庄
411122109220	潘庄村委会	113.893430	33.932479	0	30	72	村庄
411122201215	潘牛村委会	113.976669	33.730460	1	80	95	UNKNOWN
411121202226	慕庄村委会	113.617270	33.577319	0	18	66	村庄
411103104205	长河李村委会	113.839990	33.650870	0	18	35	乡镇
411122102207	后韩村委会	113.866086	33.812593	0	18	66	乡镇
411103103201	苏候村委会	113.819302	33.703169	0	18	40	乡镇
411121101234	后刘村委会	113.715600	33.448649	0	30	72	村庄
411121103209	白庄村委会	113.801843	33.582591	0	18	66	乡镇
411122101217	马井村委会	113.805152	33.875703	0	25	70	乡镇
411104105223	河崔村委会	114.250430	33.522300	0	30	58	UNKNOWN
411103001010	后周居委会	114.042420	33.584321	1	80	97	政府机构
411121103202	半李村委会	113.772490	33.609606	1	80	100	政府机构
411104104205	庙陈村委会	114.101330	33.617874	0	20	67	乡镇
411122103221	小庄李村委会	114.076014	33.886677	0	18	66	乡镇
411121204204	李湾村委会	113.704168	33.543010	0	18	66	村庄
411104105228	张庄村委会	114.196620	33.550459	0	30	72	村庄
411102101224	和庄村委会	113.908942	33.576427	0	18	66	乡镇
411122106218	李华宇村委会	114.038176	33.795903	0	18	35	乡镇
411122104225	邓庙村委会	113.903254	33.757816	0	18	66	乡镇
411171101204	曹店村委会	113.876685	33.485169	1	80	100	政府机构
411122108206	朱庄村委会	114.022251	33.971779	0	30	72	村庄
411103105223	小王庄村委会	113.946887	33.734168	1	80	100	政府机构
411121109208	傅庄村委会	113.717256	33.557137	1	80	100	政府机构
411102004201	东吴村委会	114.007737	33.576188	0	30	72	村庄
411102001003	老街居委会	114.038775	33.577144	1	80	100	政府机构
411104100211	西皋西村委会	114.170480	33.561541	0	30	58	UNKNOWN
411121107216	大黄村委会	113.705239	33.666981	0	18	66	乡镇
411102100209	陶庄村委会	113.904700	33.510900	0	30	72	村庄
411122105208	纺车刘村委会	113.945799	33.861523	1	75	92	UNKNOWN
411121200210	齐礼村委会	113.612662	33.475130	1	80	100	政府机构
411121108225	徐集村委会	113.808609	33.544461	0	30	72	村庄
411121104206	大邢村委会	113.611720	33.453973	1	80	100	政府机构
411104103201	庙王村委会	114.073190	33.611578	1	80	100	政府机构
411122108210	豆庄村委会	114.037334	33.946436	0	18	49	乡镇
411171101212	孙店村委会	114.257880	33.614799	0	30	51	UNKNOWN
411104100207	康庄村委会	114.151179	33.570177	1	80	100	政府机构
411122001216	聂庄村委会	113.931000	33.827001	0	16	47	区县
411103107208	姚庄村委会	114.072221	33.600839	0	30	72	村庄
411122201208	河坡村委会	114.000186	33.753226	0	18	66	乡镇
411122107223	清义冢村委会	114.098631	33.819981	1	80	95	UNKNOWN
411102102222	马店村委会	113.975480	33.511439	0	18	66	乡镇
411122002206	岗石村委会	113.931000	33.827001	0	16	47	区县
411104103217	台寺村委会	114.243570	33.638310	0	30	58	村庄
411121104210	茨元张村委会	113.651440	33.454556	0	18	35	乡镇
411102002005	建设路居委会	114.036291	33.566384	0	40	72	乡镇
411121108233	左庄村委会	113.655183	33.506818	1	80	100	政府机构
411103104218	冉口村委会	113.839990	33.650870	0	18	66	乡镇
411121200206	泰山庙村委会	113.585281	33.459093	0	18	66	村庄
411122110227	李城村委会	113.793254	33.777801	0	18	66	乡镇
411103001006	金山居委会	114.042420	33.584321	1	80	97	政府机构
411104104213	康洼村委会	114.114330	33.619377	0	50	65	UNKNOWN
411121101229	双楼村委会	113.698900	33.471930	0	30	72	村庄
411121103214	天边杨村委会	113.844975	33.581176	1	75	92	UNKNOWN
411103101221	英张村委会	113.979874	33.606098	1	80	95	UNKNOWN
411121100204	张楼村委会	113.605250	33.426230	0	30	72	村庄
411121204212	塘河村委会	113.676020	33.504851	0	30	72	村庄
411121201207	坡宋村委会	113.516619	33.458328	0	18	66	村庄
411103105219	冢马村委会	113.925830	33.605741	0	25	47	乡镇
411102003004	建西居委会	114.025908	33.570557	0	30	72	乡镇
411104102216	卸载村委会	114.210219	33.492013	0	18	40	乡镇
411121105211	梅庄村委会	113.595720	33.534479	0	30	72	村庄
411122106222	秦庄村委会	114.017717	33.948724	1	80	100	政府机构
411103106209	田庄村委会	114.053680	33.695711	0	30	72	村庄
411121202217	任桥村委会	113.617270	33.577319	0	18	66	村庄
411121106201	齐桥村委会	113.759081	33.644294	0	20	67	乡镇
411104101206	后安村委会	114.124985	33.519307	0	18	66	乡镇
411122203219	吴刘村委会	113.876528	33.923276	1	80	100	政府机构
411122109211	汤店村委会	113.956993	33.941770	0	18	66	乡镇
411121101205	南陈村委会	113.741551	33.466141	0	18	66	乡镇
411104105212	胡老村委会	114.259723	33.548401	0	18	40	乡镇
411121102215	左沟村委会	113.688209	33.611648	0	18	66	乡镇
411122101226	关庙村委会	113.805152	33.875703	0	25	70	乡镇
411121101213	板张村委会	113.741551	33.466141	0	18	66	乡镇
411122102220	小于庄村委会	113.851870	33.845950	0	30	72	村庄
411121102203	鹿店村委会	113.734636	33.606967	1	80	95	UNKNOWN
411104105204	和庄村委会	114.259723	33.548401	0	18	66	乡镇
411121204228	牛庄村委会	113.704168	33.543010	0	18	66	村庄
411122101230	清街村委会	113.805152	33.875703	0	25	47	乡镇
411121105207	黑郭村委会	113.595070	33.534406	0	18	40	乡镇
411121100005	中心街居委会	113.599360	33.433169	0	25	70	乡镇
411121109224	前古城村委会	113.609000	33.437600	0	16	47	区县
411121201211	魏庄村委会	113.502590	33.473391	0	30	72	村庄
411122104209	夹濠王村委会	113.943558	33.752884	1	80	95	餐饮
411102101208	台坡魏村委会	113.984000	33.572201	0	16	30	区县
411104101210	皇东村委会	114.124985	33.519307	0	18	40	乡镇
411121106217	扁担徐村委会	113.759081	33.644294	0	20	67	乡镇
411121108209	扁担赵村委会	113.777452	33.522405	1	80	100	政府机构
411121202201	尚张村委会	113.636790	33.550215	1	80	100	政府机构
411103104222	任庄村委会	113.839990	33.650870	0	18	66	乡镇
411122109207	陈留西村委会	113.956993	33.941770	0	18	40	乡镇
411122107219	宋小庄村委会	114.121887	33.811788	0	18	66	乡镇
411122105224	齐庄村委会	113.971521	33.865227	0	18	66	乡镇
411102102218	杨店村委会	113.975480	33.511439	0	18	66	乡镇
411122101210	徐庄村委会	113.820608	33.861848	0	30	72	村庄
411104105224	井庄村委会	114.259723	33.548401	0	18	66	乡镇
411121204208	徐庄村委会	113.703420	33.530920	0	30	72	村庄
411104104209	大周村委会	114.122980	33.588270	0	30	72	村庄
411121101233	尚店村委会	113.741551	33.466141	0	18	66	乡镇
411103103206	斗杨村委会	113.819302	33.703169	0	18	66	乡镇
411122201212	洪山庙村委会	114.000186	33.753226	0	18	66	乡镇
411122105204	孟庄村委会	113.971521	33.865227	0	18	66	乡镇
411102100205	蔡庄村委会	113.932400	33.500451	0	30	72	村庄
411121108229	藏湾村委会	113.791033	33.524901	0	18	40	乡镇
411121202221	碾王村委会	113.617270	33.577319	0	18	66	村庄
411103104202	周庄村委会	113.840070	33.622629	0	30	72	村庄
411171101208	应庄村委会	114.064609	33.538147	0	25	70	乡镇
411122202202	四村村委会	113.937789	33.852434	1	80	100	政府机构
411122104229	水车梁村委会	113.891050	33.777362	1	70	88	UNKNOWN
411122106214	臧庄村委会	114.002360	33.811000	0	30	72	村庄
411102101228	杨庄村委会	113.969970	33.585930	0	30	72	村庄
411121105227	孟王村委会	113.595070	33.534406	0	18	40	乡镇
411104102220	宋庄村委会	114.170493	33.604944	1	80	100	政府机构
411121109204	孙郭庄村委会	113.636877	33.685596	0	30	72	村庄
411103107212	田庄村委会	114.053680	33.695711	0	30	72	村庄
411121201231	岗张村委会	113.516619	33.458328	0	18	66	村庄
411102100213	前陈村委会	113.905540	33.543490	0	30	72	村庄
411122105212	梁李村委会	113.971521	33.865227	0	18	66	乡镇
411104001001	滨河路居委会	114.055452	33.569335	0	25	70	乡镇
411122201204	影台寺村委会	114.006144	33.770144	0	25	55	旅游景点
411103104214	齐罗村委会	113.842204	33.644321	1	70	88	UNKNOWN
411122106202	刘庄村委会	114.068620	33.802149	0	30	72	村庄
411122202214	城顶村委会	113.906602	33.861077	0	20	67	村庄
411121201227	关庄村委会	113.497597	33.495436	1	80	100	政府机构
411103107204	北街村委会	114.075778	33.641777	0	20	67	乡镇
411121109212	河湾村委会	113.609000	33.437600	0	16	47	区县
411104102236	黄庄村委会	114.208540	33.554150	0	30	72	村庄
411121105231	邢王村委会	113.635208	33.515836	1	80	100	政府机构
411122101206	锅永口村委会	113.805152	33.875703	0	25	43	乡镇
411104105232	田庄村委会	114.271900	33.615421	0	30	72	村庄
411121100208	柴庄村委会	113.628079	33.513241	1	80	100	政府机构
411122102216	郭庄村委会	113.862960	33.784081	0	30	72	村庄
411103103210	寨子村委会	113.786455	33.677104	1	80	100	政府机构
411121103218	弯庄村委会	113.801843	33.582591	0	18	66	乡镇
411121101225	协义村委会	113.709896	33.475929	1	80	95	UNKNOWN
411104103237	朱王庄村委会	114.161350	33.646041	0	30	72	村庄
411121108213	王庄村委会	113.769724	33.519903	1	80	100	政府机构
411103106205	老集村委会	114.040055	33.699881	0	18	66	乡镇
411121200226	前梁村委会	113.577180	33.474400	0	30	72	村庄
411122203215	杜庄村委会	113.878199	33.933671	1	80	100	政府机构
411122107203	罗庄村委会	114.106563	33.802600	1	80	97	政府机构
411102102202	空冢郭村委会	113.959340	33.514119	0	30	58	UNKNOWN
411121107220	汤庄村委会	113.705239	33.666981	0	18	66	乡镇
411104100227	沟李村委会	114.173197	33.583750	0	18	66	乡镇
411103105215	宁沟刘村委会	113.941102	33.625084	1	80	95	UNKNOWN
411122104213	谢庄村委会	113.929710	33.727031	0	30	72	村庄
411102101212	前寨村委会	113.908942	33.576427	0	18	66	乡镇
411121102219	泥河王村委会	113.688209	33.611648	0	18	66	乡镇
411103102211	李纪岗村委会	113.931889	33.716226	0	30	58	村庄
411121204232	大王村委会	113.735391	33.562221	1	80	100	政府机构
411104002206	冯庄村委会	114.061696	33.567920	0	30	58	村庄
411122103217	良岗村委会	114.076014	33.886677	0	18	66	乡镇
411121101209	寨子李村委会	113.777220	33.440299	0	30	58	UNKNOWN
411103101201	三周村委会	114.013787	33.639812	0	18	66	乡镇
411122110207	陈策村委会	113.790557	33.816336	1	80	95	UNKNOWN
411122204211	胡庄村委会	114.084770	33.753359	0	30	72	村庄
411121204224	孟徐村委会	113.704168	33.543010	0	18	40	村庄
411103102207	大闫村委会	113.926789	33.708833	0	18	40	乡镇
411104105208	纺车刘村委会	114.257030	33.577389	0	30	58	UNKNOWN
411122103201	南村村委会	114.076014	33.886677	0	18	49	乡镇
411104002210	洼张村委会	114.061696	33.567920	0	30	58	村庄
411103101217	杜李村委会	114.013787	33.639812	0	18	66	乡镇
411121103222	兴国周村委会	113.788647	33.557370	1	70	88	UNKNOWN
411122204207	黄连城村委会	114.083995	33.723044	1	80	95	UNKNOWN
411122110211	魏庄村委会	113.778381	33.814153	1	80	100	政府机构
411121200230	碾刘村委会	113.600476	33.472178	1	80	95	UNKNOWN
411103106213	西孟村委会	114.040055	33.699881	0	18	66	乡镇
411121108205	井李村委会	113.745295	33.520488	1	80	95	UNKNOWN
411121104226	芬张村委会	113.664250	33.449069	0	30	58	UNKNOWN
411104103221	双杨村委会	114.205876	33.650437	0	18	66	乡镇
411102102214	小于村委会	113.975480	33.511439	0	18	66	乡镇
411122107215	崔庄村委会	113.937539	33.723667	1	80	100	政府机构
411122203203	王庄村委会	113.968934	33.771016	1	80	100	政府机构
411103105203	徐庄村委会	113.912570	33.635321	0	30	72	村庄
411103100001	巴山路居委会	113.990222	33.584010	1	80	100	政府机构
411121109228	李吉西村委会	113.609000	33.437600	0	16	33	区县
411122001220	辛庄村委会	113.940605	33.730403	1	80	100	政府机构
411104100231	卢庄村委会	114.173197	33.583750	0	18	66	乡镇
411102101204	姬西村委会	113.984000	33.572201	0	16	33	区县
411122104205	荒张村委会	113.938584	33.776691	1	75	92	UNKNOWN
411171101224	后乡村委会	114.064609	33.538147	0	25	55	乡镇
411103105202	小赵村委会	113.962930	33.635829	0	30	72	村庄
411122001221	王凤楼村委会	113.909610	33.812123	1	80	100	政府机构
411104100230	李付吴村委会	114.173197	33.583750	0	18	40	乡镇
411102101205	大张庄村委会	113.908942	33.576427	0	18	66	乡镇
411122104204	海子龚村委会	113.933865	33.757402	1	80	95	UNKNOWN
411171101225	黄岗村委会	114.054540	33.556510	0	30	72	地产小区
411121200231	张集村委会	113.617955	33.503275	1	80	100	政府机构
411103106212	吕庄村委会	113.970659	33.667046	1	80	100	政府机构
411121108204	石岗村委会	113.733710	33.527250	0	30	72	村庄
411104103220	二郎村委会	114.205876	33.650437	0	18	66	乡镇
411121104227	沟李村委会	113.651440	33.454556	0	18	66	乡镇
411102102215	洼董村委会	113.973530	33.517381	1	80	95	UNKNOWN
411122107214	郑庄村委会	114.131230	33.813589	0	30	72	村庄
411122203202	桥北村委会	113.903946	33.936178	0	30	72	村庄
411103101216	沈赵村委会	114.013787	33.639812	0	18	49	乡镇
411121103223	朱寺村委会	113.780849	33.556491	0	25	55	旅游景点
411104001201	万庄村委会	114.049243	33.568495	1	80	100	政府机构
411122204206	夏城村委会	114.074541	33.751861	0	20	67	村庄
411122110210	谷庄村委会	113.931000	33.827001	0	16	33	区县
411121204225	董南村委会	113.704168	33.543010	0	18	40	村庄
411103102206	靳庄村委会	113.907626	33.733025	1	80	100	政府机构
411104105209	葛胡村委会	114.259723	33.548401	0	18	40	乡镇
411121101208	寨子朱村委会	113.777220	33.440299	0	30	58	UNKNOWN
411122110206	岗杨村委会	113.931000	33.827001	0	16	30	区县
411122204210	贾太石村委会	114.082567	33.749941	0	60	80	UNKNOWN
411121102218	贾湖村委会	113.688209	33.611648	0	18	66	乡镇
411103102210	党湾村委会	113.926789	33.708833	0	18	66	乡镇
411102202201	问十村委会	113.820452	33.468055	1	80	100	政府机构
411104002207	梨园周村委会	114.101347	33.575103	1	70	88	UNKNOWN
411122103216	水牛宋村委会	114.078423	33.845578	1	70	88	UNKNOWN
411104100226	殷侯村委会	114.173197	33.583750	0	18	49	乡镇
411121107221	端公刘村委会	113.692649	33.672537	1	80	95	UNKNOWN
411103105214	老翟村委会	113.925830	33.605741	0	25	47	乡镇
411122104212	木掀吕村委会	113.903254	33.757816	0	18	40	乡镇
411102101213	水坑赵村委会	113.908942	33.576427	0	18	40	乡镇
411104103236	杨庄村委会	114.238491	33.637973	1	80	100	政府机构
411121108212	伸张村委会	113.807689	33.513401	1	80	95	UNKNOWN
411103106204	大宋村委会	114.018031	33.694365	1	80	100	政府机构
411121200227	英李村委会	113.617253	33.474445	1	70	88	UNKNOWN
411122203214	双王村委会	113.907184	33.918178	0	20	67	村庄
411122107202	潘庄村委会	114.116489	33.798798	1	80	100	政府机构
411102102203	大庙王村委会	113.975480	33.511439	0	18	66	乡镇
411122102217	吕集村委会	113.866086	33.812593	0	18	40	乡镇
411103103211	田古东村委会	113.810429	33.674687	1	80	95	UNKNOWN
411121101224	申店村委会	113.741551	33.466141	0	18	66	乡镇
411121103219	杨桂庄村委会	113.809313	33.551030	0	30	58	村庄
411122101207	夏庄村委会	113.812790	33.859651	0	30	72	村庄
411103100201	王堂村委会	113.970779	33.578691	0	25	70	乡镇
411122106203	大张庄村委会	114.038176	33.795903	0	18	66	乡镇
411121201226	沟李村委会	113.516619	33.458328	0	18	66	村庄
411103107205	西街村委会	114.101717	33.654102	0	30	72	村庄
411121109213	简城村委会	113.609000	33.437600	0	16	33	区县
411121105230	周柴村委会	113.627823	33.514219	1	80	100	政府机构
411104102237	余营新村	114.244255	33.498983	1	80	100	地产小区
411102100212	皇玉村委会	113.909761	33.527023	0	60	80	UNKNOWN
411122105213	杨林村委会	113.960740	33.884889	0	30	72	村庄
411122201205	李小坡村委会	114.017216	33.763002	0	30	58	村庄
411103104215	尧河庙村委会	113.837418	33.647307	0	50	68	UNKNOWN
411171101209	靳庄村委会	114.257880	33.614799	0	30	51	UNKNOWN
411122106215	龚庄村委会	114.003920	33.802880	0	30	72	村庄
411122104228	临涯张村委会	113.903254	33.757816	0	18	40	乡镇
411102101229	胡庄村委会	113.978430	33.564961	0	30	72	村庄
411104102221	张茂吴村委会	114.210219	33.492013	0	18	35	乡镇
411121105226	效集村委会	113.595070	33.534406	0	18	40	乡镇
411121109205	梅湾村委会	113.609000	33.437600	0	16	47	区县
411103107213	坡杨村委会	114.075778	33.641777	0	20	67	乡镇
411121201230	湾马村委会	113.516619	33.458328	0	18	66	村庄
411122109226	西王庄村委会	113.926970	33.956581	0	30	72	村庄
411122201213	九才田村委会	113.984948	33.727256	0	30	58	村庄
411122105205	娄庄村委会	113.954001	33.928227	1	80	100	政府机构
411102100204	小曹村委会	113.909573	33.521353	0	18	66	乡镇
411121108228	拍刘村委会	113.791033	33.524901	0	18	40	乡镇
411121202220	岗寺村委会	113.620547	33.596021	1	80	100	政府机构
411103104203	斗王村委会	113.839990	33.650870	0	18	66	乡镇
411103101001	李村居委会	114.023490	33.600670	1	80	100	政府机构
411122102201	杜街村委会	113.869500	33.811841	0	30	58	村庄
411121101232	汪庄村委会	113.741551	33.466141	0	18	66	乡镇
411104104208	陈庄村委会	114.104280	33.627031	0	30	72	村庄
411103103207	南杨村委会	113.828660	33.711770	0	30	72	村庄
411122101211	司马村委会	113.813530	33.829391	0	30	72	村庄
411104105225	海子王村委会	114.245040	33.625640	0	30	58	餐饮
411121204209	光国杨村委会	113.712931	33.532870	1	70	88	UNKNOWN
411121106216	朱阜口村委会	113.759081	33.644294	0	20	41	乡镇
411104101211	坑韩村委会	114.148380	33.509500	0	30	58	UNKNOWN
411121108208	顿庄村委会	113.791033	33.524901	0	18	66	乡镇
411103104223	锁梁村委会	113.850158	33.634621	1	80	95	UNKNOWN
411122109206	陈留东村委会	114.012821	33.912199	0	30	72	村庄
411122105225	来脉张村委会	113.971521	33.865227	0	18	40	乡镇
411122107218	宋老桥村委会	114.139510	33.839909	0	30	58	村庄
411102102219	叶岗村委会	113.975480	33.511439	0	18	66	乡镇
411104102201	万金村村委会	114.210219	33.492013	0	18	66	乡镇
411121105206	吴庄村委会	113.582530	33.555060	0	30	72	村庄
411121100004	北街居委会	113.599360	33.433169	0	25	70	乡镇
411121109225	后古城村委会	113.609000	33.437600	0	16	47	区县
411121201210	段庄村委会	113.488800	33.477530	0	30	72	村庄
411122104208	大沟桥村委会	113.947678	33.764689	0	50	73	道路
411102101209	李庄村委会	113.856913	33.592762	1	80	100	政府机构
411104105205	小杨村委会	114.270910	33.486920	0	30	72	村庄
411121102202	田李村委会	113.745260	33.600613	1	80	100	政府机构
411121204229	冯庄村委会	113.717990	33.557319	0	30	72	村庄
411122101231	西街村委会	113.808157	33.878327	0	30	72	村庄
411121101212	赵寨村委会	113.763390	33.462770	0	30	72	村庄
411122102221	大孟村委会	113.866086	33.812593	0	18	66	乡镇
411102004001	湘江中路居委会	114.057550	33.560030	0	40	77	道路
411121102214	黄庄村委会	113.678820	33.624861	0	30	72	村庄
411104105213	回南村委会	114.242299	33.543858	0	30	72	村庄
411122101227	罗庄村委会	113.751459	33.843541	0	30	72	村庄
411171101004	湘江路居委会	114.029540	33.560600	0	30	72	道路
411121101204	昭寺街村委会	113.761570	33.447950	0	30	58	村庄
411103106208	位李村委会	114.040055	33.699881	0	18	40	乡镇
411121202216	小寨村委会	113.644015	33.590872	1	80	100	政府机构
411104101207	郭庄村委会	114.142510	33.523520	0	30	72	村庄
411122203218	方庄村委会	113.907184	33.918178	0	20	50	村庄
411122109210	李拐村委会	113.956993	33.941770	0	18	66	乡镇
411121201206	郭庄村委会	113.567695	33.427333	1	80	100	政府机构
411103105218	后黄村委会	113.925830	33.605741	0	25	70	乡镇
411102003005	戏楼街居委会	114.025908	33.570557	0	30	58	乡镇
411121105210	黄庄村委会	113.605610	33.531380	0	30	72	村庄
411104102217	大姜村委会	114.210219	33.492013	0	18	66	乡镇
411122106223	云庄村委会	114.038176	33.795903	0	18	66	乡镇
411122103236	严湾新村	114.076014	33.886677	0	18	66	乡镇
411121100205	西蔡村委会	113.808285	33.517402	1	80	100	政府机构
411121204213	路店村委会	113.704168	33.543010	0	18	40	村庄
411122110226	辛庄村委会	113.823151	33.842391	0	30	72	村庄
411103001007	双汇国际花园社区居委会	114.042420	33.584321	1	80	95	政府机构
411121103215	小赵村委会	113.852751	33.606877	1	80	100	政府机构
411121101228	惠庄村委会	113.741551	33.466141	0	18	66	乡镇
411104104212	小潭村委会	114.101330	33.617874	0	20	67	乡镇
411103101220	刘庄村委会	113.988190	33.607671	0	30	72	村庄
411122201209	吴集村委会	114.000186	33.753226	0	18	66	乡镇
411122107222	安郑村委会	113.931000	33.827001	0	16	30	区县
411102102223	指挥寨村委会	113.992273	33.546480	1	80	100	政府机构
411122002207	耿庄村委会	113.948818	33.798390	1	80	100	政府机构
411121104211	郝庄村委会	113.651440	33.454556	0	18	66	乡镇
411104103216	古桐村委会	114.205876	33.650437	0	18	66	乡镇
411102002004	友爱街居委会	114.036291	33.566384	0	40	72	乡镇
411121108232	何口村委会	113.747194	33.538151	1	80	95	UNKNOWN
411103104219	双楼徐村委会	113.839990	33.650870	0	18	35	乡镇
411121200207	李楼村委会	113.600260	33.450884	1	80	100	政府机构
411122108211	王庄村委会	114.037334	33.946436	0	18	49	乡镇
411171101213	河西张村委会	114.064609	33.538147	0	25	70	乡镇
411122104232	洼孙村委会	113.903254	33.757816	0	18	66	乡镇
411104100206	李村村委会	114.140703	33.575542	1	80	100	政府机构
411121107201	秦庄村委会	113.638022	33.468632	1	80	100	政府机构
411122001217	双庙村委会	113.990190	33.811581	0	30	72	村庄
411103107209	生杨村委会	114.064845	33.639134	1	80	95	UNKNOWN
411102100208	闫魏村委会	113.916080	33.516911	1	80	100	政府机构
411122105209	韩庄村委会	113.947860	33.869889	0	30	72	村庄
411122203222	驼铺村委会	113.907184	33.918178	0	20	41	村庄
411121200211	段庄村委会	113.636940	33.504760	0	30	72	村庄
411121108224	尹庄村委会	113.801560	33.537711	0	30	72	村庄
411121104207	杨楼村委会	113.651440	33.454556	0	18	66	乡镇
411102101225	顿庄村委会	113.908942	33.576427	0	18	66	乡镇
411122104224	双楼村委会	113.881240	33.761380	0	30	72	村庄
411122106219	大庙张村委会	114.038176	33.795903	0	18	66	乡镇
411171101205	小寨杨村委会	114.051899	33.549125	0	60	80	UNKNOWN
411122108207	董庄村委会	114.015690	33.977649	0	30	58	村庄
411103105222	大李庄村委会	113.939890	33.605360	0	30	72	村庄
411121109209	西魏村委会	113.669681	33.635879	1	80	100	政府机构
411102001002	新华街居委会	114.038762	33.575744	0	40	77	道路
411121107217	栗子园村委会	113.705239	33.666981	0	18	66	乡镇
411104100210	拐张东村委会	114.164370	33.564831	0	30	51	UNKNOWN
411122103220	南郭村委会	114.076014	33.886677	0	18	49	乡镇
411121204205	郎庄村委会	113.687199	33.532861	0	30	72	村庄
411104105229	砖桥村委会	114.275260	33.532701	0	30	72	村庄
411103001011	张胡魏居委会	114.042420	33.584321	1	80	95	政府机构
411104104204	范寨村委会	114.101330	33.617874	0	20	67	乡镇
411121103203	闫湾村委会	113.801843	33.582591	0	18	40	乡镇
411122109205	张庄村委会	113.941116	33.917531	1	80	100	政府机构
411103104220	薛庄村委会	113.807840	33.639601	0	30	72	村庄
411121202203	乔庄村委会	113.617270	33.577319	0	18	66	村庄
411121106215	老刘庄村委会	113.759081	33.644294	0	20	67	乡镇
411104101212	于庄村委会	114.143150	33.504570	0	30	72	村庄
411121109226	李吉东村委会	113.655586	33.664810	1	80	95	UNKNOWN
411121201213	路林村委会	113.516619	33.458328	0	18	66	村庄
411104102202	杨庄村委会	114.249198	33.544166	1	80	100	政府机构
411121105205	寇庄村委会	113.602190	33.550100	0	30	72	村庄
411122101232	东街村委会	113.812924	33.877336	0	30	72	村庄
411103102209	靳勒桥村委会	113.926789	33.708833	0	18	40	乡镇
411104105206	后谢村委会	114.259723	33.548401	0	18	66	乡镇
411121102201	官厅街村委会	113.688209	33.611648	0	18	66	乡镇
411122102222	大李集村委会	113.866086	33.812593	0	18	66	乡镇
411122204209	后研岗村委会	114.102304	33.744149	0	30	58	村庄
411103101219	五里岗村委会	114.013787	33.639812	0	18	66	乡镇
411103103224	中周村委会	113.793366	33.655372	1	80	100	政府机构
411121101211	后曹村委会	113.741551	33.466141	0	18	66	乡镇
411122101224	木掀杨村委会	113.805152	33.875703	0	25	47	乡镇
411122103219	杓李村委会	114.056655	33.864568	1	70	88	UNKNOWN
411104002208	英杨村委会	114.070648	33.586285	0	60	80	UNKNOWN
411102004002	干西居委会	114.017709	33.553645	0	20	50	乡镇
411121102217	尚庄村委会	113.663470	33.608300	0	30	72	村庄
411104105210	前谢村委会	114.259723	33.548401	0	18	66	乡镇
411122110209	大牛村委会	113.793254	33.777801	0	18	66	乡镇
411121101207	寨子张村委会	113.777220	33.440299	0	30	58	UNKNOWN
411122109213	轩庄村委会	113.956993	33.941770	0	18	66	乡镇
411104101204	韩庄村委会	114.124300	33.532910	0	30	72	村庄
411121106203	东郭庄村委会	113.636710	33.685250	0	30	72	村庄
411121200228	何庄村委会	113.616312	33.478612	1	80	100	政府机构
411121202215	红旗村委会	113.622300	33.570311	0	30	72	村庄
411122106220	后徐村委会	114.039810	33.800741	0	30	72	村庄
411121105213	龙西村委会	113.576091	33.530824	0	30	72	村庄
411104100229	白庄村委会	114.197671	33.625137	1	80	100	政府机构
411104102214	前崔村委会	114.210219	33.492013	0	18	66	乡镇
411121201205	钟庄村委会	113.516619	33.458328	0	18	66	村庄
411121204210	冻庄村委会	113.704168	33.543010	0	18	66	村庄
411121100206	瑶璋村委会	113.621912	33.438842	0	60	80	UNKNOWN
411122101208	尼庄村委会	114.012117	33.856525	1	80	100	政府机构
411122103235	闫楼村委会	114.076014	33.886677	0	18	66	乡镇
411121103216	大赵村委会	113.801843	33.582591	0	18	66	乡镇
411104104211	肖王村委会	114.101330	33.617874	0	20	67	乡镇
411122102218	申安张村委会	113.864522	33.843335	1	80	95	UNKNOWN
411122110225	纣南村委会	113.757617	33.750943	1	80	95	UNKNOWN
411103001004	昆仑路居委会	114.042420	33.584321	1	80	97	政府机构
411121108231	老樊村委会	113.752186	33.539730	1	80	95	UNKNOWN
411121200204	潘齐庄村委会	113.585281	33.459093	0	18	49	村庄
411122002204	樱桃郭村委会	113.931000	33.827001	0	16	30	区县
411121104212	双楼张村委会	113.651440	33.454556	0	18	66	乡镇
411104103215	拐河村委会	114.205876	33.650437	0	18	66	乡镇
411122107221	安庄村委会	113.931000	33.827001	0	16	30	区县
411102102220	赵岗村委会	114.008340	33.529610	0	30	72	村庄
411121201229	二郎庙村委会	113.528842	33.490395	1	80	100	政府机构
411104100205	齐庄村委会	114.173197	33.583750	0	18	66	乡镇
411121107202	显王村委会	113.705239	33.666981	0	18	66	乡镇
411122001214	吴寨村委会	113.931000	33.827001	0	16	47	区县
411102004215	三里桥村委会	114.017709	33.553645	0	20	67	乡镇
411122104231	雷庄村委会	113.903254	33.757816	0	18	66	乡镇
411102101230	古城村委会	113.973090	33.561851	0	30	72	村庄
411122108212	拐子村委会	114.037334	33.946436	0	18	66	乡镇
411171101210	后谢村委会	114.064609	33.538147	0	25	70	乡镇
411104103203	穆庄村委会	114.177535	33.631437	1	80	100	政府机构
411121104204	吴堂村委会	113.651440	33.454556	0	18	66	乡镇
411121200212	乔庄村委会	113.585281	33.459093	0	18	66	村庄
411121108227	王渡口村委会	113.791033	33.524901	0	18	66	乡镇
411122203221	李庄村委会	113.890471	33.907019	0	30	72	村庄
411102004203	何王庄村委会	114.001957	33.545913	1	80	100	政府机构
411102001001	滨西居委会	114.038762	33.575744	0	40	77	道路
411121107214	芦郭村委会	113.705239	33.666981	0	18	40	乡镇
411121105229	澧河村委会	113.616891	33.514419	1	80	100	政府机构
411104100213	大徐村委会	114.173197	33.583750	0	18	66	乡镇
411103105221	大军王村委会	113.925830	33.605741	0	25	55	乡镇
411171101206	邓店村委会	114.064609	33.538147	0	25	70	乡镇
411122108204	前胡村委会	114.037334	33.946436	0	18	66	乡镇
411102101226	大吴庄村委会	113.971710	33.581361	0	30	72	村庄
411122104227	前杨村委会	113.880260	33.776320	0	30	72	村庄
411121204206	和善李村委会	113.692665	33.533603	1	70	88	UNKNOWN
411122103223	坡孙村委会	114.076014	33.886677	0	18	66	乡镇
411104104207	黄集村委会	114.101330	33.617874	0	20	67	乡镇
411103103208	铁炉村委会	113.819302	33.703169	0	18	66	乡镇
411103001012	李盘庄居委会	114.042420	33.584321	1	80	97	政府机构
411171101226	金盆赵村委会	114.064609	33.538147	0	25	55	乡镇
411102101206	二甲刘村委会	113.868476	33.601834	1	75	92	UNKNOWN
411122104207	小谌庄村委会	113.903254	33.757816	0	18	49	乡镇
411121105209	孟寨村委会	113.595070	33.534406	0	18	66	乡镇
411121107234	候王村委会	113.705239	33.666981	0	18	49	乡镇
411104100233	刘庄村委会	114.145663	33.573593	1	80	100	政府机构
411103105201	十五里店村委会	113.925830	33.605741	0	25	70	乡镇
411103100003	陵园路居委会	114.000080	33.584160	1	80	100	政府机构
411122203201	桥南村委会	113.907184	33.918178	0	20	41	村庄
411122109209	化庄村委会	113.956993	33.941770	0	18	66	乡镇
411102102216	前袁村委会	113.975480	33.511439	0	18	66	乡镇
411122107217	卜庄村委会	114.121887	33.811788	0	18	66	乡镇
411104103223	铁炉村委会	114.206141	33.496856	1	80	100	政府机构
411121104224	河子李村委会	113.637527	33.473754	1	80	95	UNKNOWN
411103106211	东孟村委会	114.091188	33.699074	1	80	95	UNKNOWN
411121108207	王桥村委会	113.773360	33.503459	0	30	72	村庄
411122204205	潘庄村委会	114.073127	33.726877	1	80	100	政府机构
411122110213	胡桥村委会	113.779380	33.780009	0	30	72	村庄
411121103220	李湾村委会	113.801843	33.582591	0	18	66	乡镇
411103101215	蒋堂村委会	113.973070	33.655390	0	30	72	村庄
411102202214	曹店村委会	113.876685	33.485169	1	80	100	政府机构
411122103203	谢庄村委会	114.078567	33.892053	1	80	100	政府机构
411103102205	商西村委会	113.965260	33.714560	0	30	58	村庄
411121204226	董北村委会	113.704168	33.543010	0	18	49	村庄
411122110205	社西村委会	113.793254	33.777801	0	18	66	乡镇
411122204213	四家李村委会	114.074541	33.751861	0	20	67	村庄
411103101203	张仁庄村委会	114.013787	33.639812	0	18	66	乡镇
411104002204	大河村委会	114.097718	33.571675	1	80	100	政府机构
411122103215	南王庄村委会	114.076014	33.886677	0	18	49	乡镇
411122101228	南街村委会	113.808724	33.868600	0	30	72	村庄
411102202202	董庄村委会	113.804809	33.475012	0	30	58	村庄
411121204230	殷庄村委会	113.704168	33.543010	0	18	66	村庄
411103102213	郭栗庄村委会	113.911998	33.722388	0	30	58	村庄
411122104211	李湾村委会	113.925953	33.728613	1	80	100	政府机构
411102101210	后寨村委会	113.908942	33.576427	0	18	66	乡镇
411103100015	淞江小区居委会	114.009330	33.594238	0	60	87	地产小区
411103105217	木梳杨村委会	113.925830	33.605741	0	25	43	乡镇
411121201209	洼徐村委会	113.516619	33.458328	0	18	66	村庄
411104102218	夏庄村委会	114.188070	33.509809	0	30	72	村庄
411104100225	呼雷张村委会	114.173680	33.607451	0	30	58	UNKNOWN
411121107222	小裴城村委会	113.705239	33.666981	0	18	35	乡镇
411122107201	三家店村委会	114.121887	33.811788	0	18	66	乡镇
411122203217	三角村委会	113.907184	33.918178	0	20	67	村庄
411121108211	后魏村委会	113.862450	33.606807	1	80	100	政府机构
411121202219	放磨店村委会	113.638428	33.606634	1	75	92	UNKNOWN
411121200224	小河刘村委会	113.591118	33.481359	1	80	100	政府机构
411103106207	相树张村委会	114.040055	33.699881	0	18	66	乡镇
411104103235	下堤刘村委会	114.184460	33.661600	0	30	58	村庄
411104101208	韩店村委会	114.124985	33.519307	0	18	66	乡镇
411121101227	端公陈村委会	113.705917	33.477154	1	80	95	UNKNOWN
411103103212	罗王村委会	113.819302	33.703169	0	18	66	乡镇
411103001008	王方庄居委会	114.042420	33.584321	1	80	97	政府机构
411122102214	东街村委会	113.875960	33.820005	1	80	100	政府机构
411104105230	段庄村委会	114.253071	33.543839	0	30	72	村庄
411103100202	下坡杨村委会	113.975954	33.596015	1	80	95	UNKNOWN
411122101204	杜庄村委会	113.868220	33.872031	0	30	72	村庄
411122001218	三里头村委会	113.931000	33.827001	0	16	47	区县
411121105233	小丁湾村委会	113.653657	33.524089	0	30	58	村庄
411104102234	新庄赵村委会	114.200803	33.566042	0	30	72	村庄
411104100209	坡李村委会	114.173197	33.583750	0	18	66	乡镇
411103107206	黄赵村委会	114.075778	33.641777	0	20	67	乡镇
411121201225	上澧村委会	113.516619	33.458328	0	18	40	村庄
411121109210	店街村委会	113.609000	33.437600	0	16	47	区县
411104103219	柏庄村委会	114.167280	33.622031	0	30	72	村庄
411121200208	郭坟村委会	113.585281	33.459093	0	18	66	村庄
411103104216	前丁村委会	113.839990	33.650870	0	18	66	乡镇
411122201206	吴庄村委会	114.024070	33.763660	0	30	72	村庄
411102100211	殿后曹村委会	113.905149	33.516781	1	80	95	UNKNOWN
411104001003	三五一五居委会	114.055452	33.569335	0	25	55	乡镇
411122105210	柿元王村委会	113.971521	33.865227	0	18	49	乡镇
411121109206	军李村委会	113.609000	33.437600	0	16	47	区县
411121201233	楼宋村委会	113.516619	33.458328	0	18	66	村庄
411103107210	老应村委会	114.069699	33.648667	1	75	92	UNKNOWN
411104102222	张庄村委会	114.196620	33.550459	0	30	72	村庄
411121105225	赵马村委会	113.595070	33.534406	0	18	66	乡镇
411121107218	于庄村委会	113.675290	33.684740	0	30	72	村庄
411122106216	上坡高村委会	114.012644	33.795142	1	80	95	UNKNOWN
411122108208	司庄村委会	113.972807	33.806682	1	80	100	政府机构
411121202223	关寨东村委会	113.617270	33.577319	0	18	49	村庄
411103101002	中村居委会	114.013787	33.639812	0	18	66	乡镇
411121104208	石桥村委会	113.680940	33.476431	0	30	72	村庄
411122105206	油坊陈村委会	113.971521	33.865227	0	18	66	乡镇
411102100207	周庄村委会	113.932460	33.520071	0	30	72	村庄
411122109225	邹庄村委会	113.956993	33.941770	0	18	66	乡镇
411122201210	大袁村委会	114.007314	33.742147	1	80	100	政府机构
411103103204	坡刘村委会	113.819302	33.703169	0	18	66	乡镇
411121101231	东军王村委会	113.713527	33.460193	1	80	95	餐饮
411122102202	周庄村委会	113.785512	33.757693	0	30	72	村庄
411104105226	河李村委会	114.259723	33.548401	0	18	40	乡镇
411122101212	扁担杨村委会	113.805152	33.875703	0	25	47	乡镇
411121102220	菜园刘村委会	113.654730	33.605009	0	30	58	UNKNOWN
411104105227	裴王村委会	114.259723	33.548401	0	18	49	乡镇
411122101213	双路姚村委会	113.805152	33.875703	0	25	55	乡镇
411103103205	马庄村委会	113.825940	33.725590	0	30	72	村庄
411121101230	西军王村委会	113.708077	33.462216	1	80	95	餐饮
411122102203	长枪王村委会	113.862960	33.784081	0	30	58	村庄
411103104201	新店村委会	113.856236	33.617838	0	30	72	村庄
411121202222	大郭庄村委会	113.605907	33.587964	0	30	72	村庄
411103101003	卓村居委会	114.023210	33.601680	0	30	72	村庄
411121104209	河东郭村委会	113.675232	33.455766	1	80	100	政府机构
411122105207	李庄村委会	113.967226	33.861140	0	30	72	村庄
411102100206	大陈村委会	113.924499	33.511329	1	80	100	政府机构
411122109224	娄王村委会	113.941050	33.954050	0	30	58	餐饮
411122201211	冉庄村委会	114.000186	33.753226	0	18	66	乡镇
411121109207	魏楼村委会	113.609000	33.437600	0	16	47	区县
411121201232	袁集村委会	113.516619	33.458328	0	18	66	村庄
411103107211	张得武村委会	114.075778	33.641777	0	20	41	乡镇
411121107219	闫刘村委会	113.705239	33.666981	0	18	40	乡镇
411121105224	柿园胡村委会	113.595070	33.534406	0	18	35	乡镇
411104102223	乔庄村委会	114.210219	33.492013	0	18	66	乡镇
411122106217	大李村委会	114.023350	33.799399	0	30	72	村庄
411122108209	许庄村委会	113.987570	33.971671	0	30	72	村庄
411122202201	固厢村委会	113.906602	33.861077	0	20	67	村庄
411104103218	胡庄村委会	114.235510	33.659911	0	30	72	村庄
411121200209	葛庄村委会	113.585310	33.496610	0	30	72	村庄
411103104217	郭寺村委会	113.839990	33.650870	0	18	66	乡镇
411122201207	石佛陈村委会	114.033022	33.766376	0	60	80	UNKNOWN
411102100210	师庄村委会	113.899304	33.514940	1	80	100	政府机构
411122105211	邰庄村委会	113.971521	33.865227	0	18	66	乡镇
411104001002	铁工房居委会	114.055452	33.569335	0	25	55	乡镇
411122001219	南街村委会	113.956868	33.801129	0	40	72	村庄
411104100208	谢庄村委会	114.114880	33.553451	0	30	72	村庄
411104102235	万金张村委会	114.198750	33.499829	0	30	58	UNKNOWN
411121105232	大丁湾村委会	113.649312	33.512896	0	30	58	村庄
411103107207	半截塔村委会	114.075778	33.641777	0	20	67	乡镇
411121201224	大路李村委会	113.516619	33.458328	0	18	66	村庄
411121109211	刘庄村委会	113.649453	33.476737	1	80	100	政府机构
411122106201	瓦店村委会	114.058465	33.800964	1	80	100	政府机构
411104105231	双庙郭村委会	114.259723	33.548401	0	18	66	乡镇
411122101205	孙朱村委会	113.805152	33.875703	0	25	47	乡镇
411121101226	沟陈村委会	113.741551	33.466141	0	18	66	乡镇
411103103213	东芮村委会	113.801659	33.723804	1	70	88	UNKNOWN
411103001009	董庄居委会	114.042420	33.584321	1	80	95	政府机构
411122102215	北徐庄村委会	113.870347	33.825131	1	80	100	政府机构
411102102201	翟庄村委会	113.975480	33.511439	0	18	66	乡镇
411122203216	另子李村委会	113.907184	33.918178	0	20	41	村庄
411121108210	马岗村委会	113.787980	33.515730	0	30	72	村庄
411121200225	冯岗村委会	113.585281	33.459093	0	18	66	村庄
411121202218	黄林村委会	113.626610	33.611461	0	30	72	村庄
411103106206	李集村委会	114.035254	33.690770	1	80	100	政府机构
411104101209	皇西村委会	114.124985	33.519307	0	18	40	乡镇
411104103234	宋庄村委会	114.170493	33.604944	1	80	100	政府机构
411122104210	席贾村委会	113.903254	33.757816	0	18	40	乡镇
411102101211	下亭村委会	113.875384	33.565203	1	80	100	政府机构
411103100014	岷山居委会	113.970779	33.578691	0	25	70	乡镇
411103105216	钮王村委会	113.925830	33.605741	0	25	47	乡镇
411121201208	孟庄村委会	113.691839	33.556481	1	80	100	政府机构
411121107223	东小张村委会	113.705239	33.666981	0	18	66	乡镇
411104100224	常村村委会	114.176193	33.601146	1	80	100	政府机构
411104102219	赤北村委会	114.210219	33.492013	0	18	49	乡镇
411104002205	龙塘村委会	114.061696	33.567920	0	30	58	村庄
411122101229	献街村委会	113.805152	33.875703	0	25	47	乡镇
411122103214	薛庄村委会	114.048510	33.842911	0	30	72	村庄
411102202203	武庄村委会	113.838402	33.495016	0	18	66	乡镇
411121204231	连寺村委会	113.704168	33.543010	0	18	40	村庄
411103102212	坡边村委会	113.926789	33.708833	0	18	66	乡镇
411122110204	何庄村委会	113.793254	33.777801	0	18	66	乡镇
411122204212	二甲王村委会	114.074541	33.751861	0	20	67	村庄
411103101202	孟庙村委会	114.013787	33.639812	0	18	66	乡镇
411102202215	前问十村委会	113.807267	33.455496	1	70	88	UNKNOWN
411122103202	北村村委会	114.076014	33.886677	0	18	66	乡镇
411103102204	商东村委会	113.926789	33.708833	0	18	40	乡镇
411121204227	蔡庄村委会	113.675720	33.555580	0	30	72	村庄
411122204204	洛程村委会	114.052989	33.726489	1	80	95	UNKNOWN
411122110212	前营村委会	113.771830	33.819029	0	30	72	村庄
411121103221	于庄村委会	113.800360	33.554971	0	30	72	村庄
411103101214	袁黄村委会	113.976653	33.657547	1	80	95	UNKNOWN
411122109208	罗庄村委会	113.997060	33.920320	0	30	72	村庄
411102102217	后袁村委会	113.975480	33.511439	0	18	66	乡镇
411122107216	平宁城村委会	113.931000	33.827001	0	16	30	区县
411121106218	邢庄村委会	113.759081	33.644294	0	20	67	乡镇
411121104225	茨元黄村委会	113.651440	33.454556	0	18	49	乡镇
411104103222	鲍庄村委会	114.195850	33.630079	0	30	72	村庄
411103106210	三所楼郭村委会	114.040055	33.699881	0	18	35	乡镇
411121108206	屈岗村委会	113.791033	33.524901	0	18	40	乡镇
411102101207	天官村委会	113.984000	33.572201	0	16	33	区县
411122104206	田庄村委会	113.861772	33.781147	1	80	100	政府机构
411122001223	七里北村委会	113.940060	33.839670	0	30	58	村庄
411104100232	郜庄村委会	114.173197	33.583750	0	18	66	乡镇
411121105208	福来王村委会	113.615940	33.540961	0	30	58	村庄
411103100002	南街居委会	113.970779	33.578691	0	25	70	乡镇
411121103201	拐子王村委会	113.801843	33.582591	0	18	66	乡镇
411104104206	杏树王村委会	114.101330	33.617874	0	20	50	乡镇
411103103209	田店村委会	113.819302	33.703169	0	18	66	乡镇
411103001013	小高庄居委会	114.042420	33.584321	1	80	97	政府机构
411121204207	大刘村委会	113.697230	33.533530	0	30	72	村庄
411122103222	猫眼庄村委会	114.076014	33.886677	0	18	35	乡镇
411102004202	挂刀营村委会	114.002582	33.571972	1	70	88	UNKNOWN
411104100212	西皋东村委会	114.178000	33.560470	0	30	58	村庄
411121105228	丰庄村委会	113.595070	33.534406	0	18	66	乡镇
411121107215	高寺村委会	113.705239	33.666981	0	18	66	乡镇
411103105220	湖西王村委会	113.925830	33.605741	0	25	70	乡镇
411171101207	河东王村委会	114.064609	33.538147	0	25	70	乡镇
411122108205	肖庄村委会	114.022300	33.971850	0	30	72	村庄
411102101227	西河村委会	113.908942	33.576427	0	18	66	乡镇
411122104226	元庄村委会	113.903254	33.757816	0	18	66	乡镇
411121104205	水牛刘村委会	113.681780	33.462793	1	75	92	UNKNOWN
411104103202	申庄村委会	114.251347	33.664367	0	30	72	村庄
411121200213	薛村村委会	113.585281	33.459093	0	18	66	村庄
411121108226	牛赵村委会	113.789340	33.538255	1	80	95	UNKNOWN
411122203220	大吴村委会	113.873750	33.922051	0	30	72	村庄
411121201228	乔庄村委会	113.516619	33.458328	0	18	66	村庄
411121107203	西小张村委会	113.705239	33.666981	0	18	66	乡镇
411104100204	岗赵村委会	114.173197	33.583750	0	18	66	乡镇
411122001215	丁庄村委会	113.980610	33.804621	0	30	72	村庄
411102004214	姬崔村委会	114.012036	33.556195	0	60	80	UNKNOWN
411122104230	席赵村委会	113.903254	33.757816	0	18	40	乡镇
411102101231	井李村委会	113.984000	33.572201	0	16	33	区县
411122108213	姜庄村委会	114.028440	33.950640	0	30	72	村庄
411171101211	谷多刘村委会	114.257880	33.614799	0	30	51	UNKNOWN
411121108230	王岗村委会	113.791033	33.524901	0	18	66	乡镇
411121200205	乌金陈村委会	113.585281	33.459093	0	18	35	村庄
411122002205	五里头村委会	113.986213	33.809094	1	80	100	政府机构
411104103214	二村村委会	114.205876	33.650437	0	18	66	乡镇
411121104213	康庄村委会	113.654142	33.443751	1	80	100	政府机构
411122107220	边刘村委会	114.123710	33.837820	0	30	58	UNKNOWN
411102102221	崔岗村委会	113.975480	33.511439	0	18	66	乡镇
411104104210	罗庄村委会	114.086027	33.609411	1	80	100	政府机构
411121103217	史渡口村委会	113.801843	33.582591	0	18	66	乡镇
411122102219	大于庄村委会	113.852600	33.837520	0	30	72	村庄
411122110224	纣北村委会	113.758432	33.760227	1	80	95	UNKNOWN
411103001005	河滨居委会	114.042420	33.584321	1	80	97	政府机构
411121204211	杨天池村委会	113.648141	33.507764	1	80	100	政府机构
411121100207	董庄村委会	113.640509	33.441847	0	30	58	村庄
411122103234	周湾村委会	114.076014	33.886677	0	18	66	乡镇
411122101209	湾宋村委会	113.849003	33.868949	1	80	95	UNKNOWN
411122106221	夏坡高村委会	114.038176	33.795903	0	18	35	乡镇
411104102215	曹楼村委会	114.210219	33.492013	0	18	66	乡镇
411104100228	詹庄村委会	114.142007	33.622618	0	30	72	村庄
411121105212	龙东村委会	113.576140	33.530900	0	30	72	村庄
411121201204	棉李村委会	113.516619	33.458328	0	18	66	村庄
411122109212	北宋村委会	113.970729	33.976585	0	30	72	村庄
411121106202	太尉村委会	113.759081	33.644294	0	20	41	乡镇
411104101205	前安村委会	114.124985	33.519307	0	18	66	乡镇
411121202214	沟陈村委会	113.617270	33.577319	0	18	66	村庄
411121200229	城角杨村委会	113.588443	33.449385	0	50	73	UNKNOWN
411122110208	闫庄村委会	113.793254	33.777801	0	18	49	乡镇
411121101206	南高村委会	113.741551	33.466141	0	18	66	乡镇
411122103218	梨元张村委会	114.076014	33.886677	0	18	35	乡镇
411122101225	韦寺村委会	113.805152	33.875703	0	25	47	乡镇
411104002209	范庄村委会	114.061696	33.567920	0	30	58	村庄
411102004003	双龙居委会	114.007103	33.574307	1	80	100	政府机构
411104105211	朱庄村委会	114.282870	33.531991	0	30	72	村庄
411121102216	坡杨村委会	113.688209	33.611648	0	18	66	乡镇
411122102223	小李庄村委会	113.877270	33.849550	0	30	72	村庄
411122204208	前研岗村委会	114.102181	33.738881	0	30	58	村庄
411103101218	马坡村委会	114.013787	33.639812	0	18	66	乡镇
411121101210	东王村委会	113.768864	33.448084	1	80	100	政府机构
411103102208	沟张村委会	113.929275	33.747038	1	80	100	政府机构
411104105207	冷饭村委会	114.259723	33.548401	0	18	40	乡镇
411121109227	智王村委会	113.650836	33.662223	1	80	95	餐饮
411121201212	大张村委会	113.511770	33.447371	0	30	72	村庄
411121105204	邵店村委会	113.595070	33.534406	0	18	66	乡镇
411104102203	温王村委会	114.210219	33.492013	0	18	40	乡镇
411121100006	牛市口街居委会	113.599360	33.433169	0	25	55	乡镇
411122105227	罗山新村	113.971521	33.865227	0	18	66	乡镇
411122109204	石拐村委会	113.956993	33.941770	0	18	40	乡镇
411103104221	张店村委会	113.839990	33.650870	0	18	66	乡镇
411121202202	湾王村委会	113.617270	33.577319	0	18	66	村庄
411104101213	李槐庭村委会	114.142320	33.498750	0	30	58	地产小区
411121106214	花赵村委会	113.759081	33.644294	0	20	41	乡镇
411122104201	台陈村委会	113.903254	33.757816	0	18	40	乡镇
411171101220	牛赵村委会	114.064609	33.538147	0	25	47	乡镇
411103100005	太行山路居委会	113.970779	33.578691	0	25	70	乡镇
411121201219	冯河村委会	113.516619	33.458328	0	18	66	村庄
411103105207	庙赵村委会	113.925830	33.605741	0	25	55	乡镇
411121107232	河北街村委会	113.727372	33.639458	0	50	73	道路
411104102208	郭庄村委会	114.142510	33.523520	0	30	72	村庄
411104100235	王庄村委会	114.162817	33.596662	1	80	100	政府机构
411122001224	七里南村委会	113.931000	33.827001	0	16	33	区县
411102102210	关庄村委会	113.962450	33.479550	0	30	72	村庄
411122107211	西杨村委会	114.121887	33.811788	0	18	66	乡镇
411122203207	陈庄村委会	113.922884	33.924567	0	30	72	村庄
411103106217	陈西村委会	114.056349	33.715413	0	30	72	村庄
411121202209	王徐村委会	113.617270	33.577319	0	18	40	村庄
411121108201	九街村委会	113.791033	33.524901	0	18	66	乡镇
411104103225	寇营村委会	114.230330	33.625501	0	30	58	UNKNOWN
411104101218	洼张村委会	114.124985	33.519307	0	18	66	乡镇
411121104222	吴岗村委会	113.651440	33.454556	0	18	66	乡镇
411122102228	贾庄村委会	113.915556	33.842140	1	80	100	政府机构
411122204203	伙邵赵村委会	114.047303	33.725943	1	80	95	UNKNOWN
411122110215	张杨村委会	113.793254	33.777801	0	18	66	乡镇
411103101213	王店村委会	114.013787	33.639812	0	18	66	乡镇
411121103226	李寨村委会	113.801843	33.582591	0	18	66	乡镇
411122103205	吕庄村委会	114.076014	33.886677	0	18	66	乡镇
411102202212	黄李村委会	113.838402	33.495016	0	18	66	乡镇
411103102203	王湾村委会	113.926789	33.708833	0	18	66	乡镇
411121204220	隆周村委会	113.670953	33.543982	1	80	95	UNKNOWN
411122110203	陶庄村委会	113.818050	33.761420	0	30	72	村庄
411103101205	张店村委会	114.013787	33.639812	0	18	66	乡镇
411102202204	小河王村委会	113.838402	33.495016	0	18	66	乡镇
411122103213	墩台李村委会	114.035383	33.844229	0	60	80	UNKNOWN
411104002202	柳庄村委会	114.061696	33.567920	0	30	58	村庄
411103102215	大张湾村委会	113.926789	33.708833	0	18	66	乡镇
411122104217	安庄村委会	113.953054	33.724610	1	80	100	政府机构
411102101216	代庄村委会	113.908942	33.576427	0	18	49	乡镇
411104100223	后油李村委会	114.189101	33.597959	0	30	58	UNKNOWN
411121105219	大周庄村委会	113.595070	33.534406	0	18	66	乡镇
411121107224	苏庄村委会	113.757457	33.691034	1	80	100	政府机构
411103105211	前黄村委会	113.946400	33.650269	0	30	72	村庄
411103100013	和平居委会	113.970779	33.578691	0	25	70	乡镇
411122109219	宋庄村委会	113.873884	33.900201	1	80	100	政府机构
411122203211	银庄村委会	113.907184	33.918178	0	20	67	村庄
411122107207	石庄村委会	114.091600	33.769710	0	30	72	村庄
411102102206	寺西杨村委会	113.943010	33.504360	0	30	72	村庄
411121106209	关寨村委会	113.588328	33.585273	1	80	100	政府机构
411104103233	河状村委会	114.161860	33.662821	0	30	58	村庄
411121108217	三刘村委会	113.791033	33.524901	0	18	66	乡镇
411121200222	大汉李村委会	113.593260	33.498249	1	80	95	UNKNOWN
411103106201	后倪村委会	114.040055	33.699881	0	18	66	乡镇
411103103214	大张村村委会	113.798162	33.674982	1	80	100	政府机构
411103101229	坡陈村委会	113.890528	33.732894	1	80	100	政府机构
411121101221	北高村委会	113.740919	33.464335	1	80	100	政府机构
411122102212	郝路口村委会	113.866086	33.812593	0	18	66	乡镇
411122101202	大杨村委会	113.805152	33.875703	0	25	70	乡镇
411121201223	张古洞村委会	113.516619	33.458328	0	18	66	村庄
411121109216	任寨村委会	113.609000	33.437600	0	16	47	区县
411121107208	陈庄村委会	113.705239	33.666981	0	18	49	乡镇
411104102232	栗门张村委会	114.210219	33.492013	0	18	66	乡镇
411122106206	杨裴城村委会	114.038176	33.795903	0	18	35	乡镇
411122202210	阳午村委会	113.906602	33.861077	0	20	41	村庄
411122108218	邢庄村委会	113.946630	33.738828	1	80	100	政府机构
411103104210	庄店村委会	113.884448	33.677002	1	80	100	政府机构
411121104218	薛店村委会	113.687460	33.471371	0	30	72	村庄
411102100217	板桥村委会	113.894471	33.549029	0	30	72	村庄
411104001005	爱特居委会	114.055452	33.569335	0	25	55	乡镇
411122105216	伍极桥村委会	113.971521	33.865227	0	18	40	乡镇
411122001208	西街村委会	113.949120	33.809669	0	30	72	村庄
411104102224	赤南村委会	114.210219	33.492013	0	18	66	乡镇
411104100219	大马村委会	114.181950	33.578090	0	30	72	村庄
411121105223	小王庄村委会	113.655285	33.527051	1	80	100	政府机构
411102004209	马夫张村委会	114.007645	33.559493	0	50	73	UNKNOWN
411121201235	沟陈村委会	113.516619	33.458328	0	18	66	村庄
411122202206	大屈村委会	113.906602	33.861077	0	20	67	村庄
411122106210	魏墩村委会	114.038176	33.795903	0	18	66	乡镇
411104103209	武湾村委会	114.205876	33.650437	0	18	66	乡镇
411103101004	后郑居委会	114.021180	33.600589	0	30	72	UNKNOWN
411103104206	周石黄村委会	113.839990	33.650870	0	18	49	乡镇
411121202225	郭炎庄村委会	113.617270	33.577319	0	18	40	村庄
411121200218	白果树村委会	113.585281	33.459093	0	18	66	村庄
411122109223	大范村委会	113.944760	33.959000	0	30	72	村庄
411122201216	王老庄村委会	114.000186	33.753226	0	18	66	乡镇
411102100201	大刘村村委会	113.909573	33.521353	0	18	66	乡镇
411103103202	西芮村委会	113.790672	33.728791	1	80	95	UNKNOWN
411103001018	前周居委会	114.042420	33.584321	1	80	97	政府机构
411122102204	朱集村委会	113.874990	33.794531	0	30	72	村庄
411104105220	大杨村委会	114.259723	33.548401	0	18	66	乡镇
411122103229	袁庄村委会	114.099269	33.887038	0	30	72	村庄
411122101214	靳庄村委会	113.995681	33.737837	1	80	100	政府机构
411122109203	伍汲杜村委会	113.985244	33.896183	1	80	95	UNKNOWN
411122105220	拐子李村委会	113.971521	33.865227	0	18	66	乡镇
411102100221	徐庄村委会	113.944910	33.556210	0	30	72	村庄
411121106213	魏集村委会	113.759081	33.644294	0	20	67	乡镇
411104101214	尚庄村委会	114.155690	33.497701	0	30	72	村庄
411104103229	三村村委会	114.155799	33.632572	1	80	100	政府机构
411121202205	张王庄村委会	113.660850	33.564649	0	30	72	村庄
411121100001	东街居委会	113.599360	33.433169	0	25	70	乡镇
411104100239	出翠刘村委会	114.178391	33.595880	1	80	100	政府机构
411104102204	魏庄村委会	114.206180	33.526680	0	30	72	村庄
411121105203	干杨村委会	113.639229	33.538548	1	75	92	UNKNOWN
411121109220	赵庄村委会	113.711553	33.676794	1	80	100	政府机构
411121201215	竹园李村委会	113.724290	33.653522	1	80	100	政府机构
411103100009	井岗山路居委会	113.996710	33.589094	1	80	100	政府机构
411122103209	岗口赵村委会	114.016451	33.863601	1	80	95	UNKNOWN
411121102207	文昌街村委会	113.700120	33.617370	0	30	58	村庄
411122110219	坡李村委会	113.931000	33.827001	0	16	33	区县
411122102224	木掀王村委会	113.866086	33.812593	0	18	49	乡镇
411121101217	袁庄村委会	113.757290	33.467680	0	30	72	村庄
411103103222	裴城村村委会	113.772369	33.677214	1	80	100	政府机构
411122101222	付杨村委会	113.805152	33.875703	0	25	47	乡镇
411171101001	解放南路居委会	114.064609	33.538147	0	25	70	乡镇
411102202208	宋庄村委会	113.970775	33.597005	1	80	100	政府机构
411103102219	后甄村委会	113.896740	33.742979	0	30	58	UNKNOWN
411102004004	柳江路居委会	114.014000	33.558469	0	30	72	道路
411121102211	东魏村委会	113.688209	33.611648	0	18	66	乡镇
411104105216	三朱村委会	114.259723	33.548401	0	18	66	乡镇
411122102232	河董村委会	113.876320	33.805891	0	30	58	村庄
411103101209	潘东村委会	114.013787	33.639812	0	18	66	乡镇
411121101201	苇塘街村委会	113.761570	33.448050	0	30	51	村庄
411122109215	前杨村委会	113.961340	33.948160	0	30	72	村庄
411121202213	仙庄杨村委会	113.617270	33.577319	0	18	35	村庄
411104101202	张庄村委会	114.137867	33.511484	1	80	100	政府机构
411121106205	五虎村委会	113.759081	33.644294	0	20	41	乡镇
411121201203	十里村委会	113.516619	33.458328	0	18	66	村庄
411121107228	康庄村委会	113.684000	33.646801	0	30	72	村庄
411121105215	魏寨村委会	113.595070	33.534406	0	18	66	乡镇
411104102212	俄刘村委会	114.210219	33.492013	0	18	40	乡镇
411121204216	田陈村委会	113.704168	33.543010	0	18	66	村庄
411122103233	赵家村委会	114.076014	33.886677	0	18	66	乡镇
411121103210	玉皇庙村委会	113.837710	33.603279	0	30	72	村庄
411104104217	宋砦村委会	114.101330	33.617874	0	20	41	乡镇
411103103218	宋岗村委会	113.819302	33.703169	0	18	66	乡镇
411122110223	曹城村委会	113.793254	33.777801	0	18	66	乡镇
411103001002	泰山北路居委会	114.042420	33.584321	1	80	95	政府机构
411121104214	老蔡村委会	113.651440	33.454556	0	18	40	乡镇
411104103213	郭陈村委会	114.205876	33.650437	0	18	66	乡镇
411122002202	东徐庄村委会	113.917630	33.800620	0	30	72	村庄
411102002001	马路街居委会	114.032713	33.572733	1	80	100	政府机构
411121200202	焦楼村委会	113.582910	33.469581	1	80	100	政府机构
411103106221	大朱村委会	114.040055	33.699881	0	18	66	乡镇
411122001212	东关村委会	113.931000	33.827001	0	16	47	区县
411104100203	林庄村委会	114.202049	33.573228	1	80	100	政府机构
411121107204	碾张村委会	113.705239	33.666981	0	18	66	乡镇
411102004213	大荆庄村委会	114.017709	33.553645	0	20	67	乡镇
411122108214	黄庄村委会	114.032980	33.940810	0	30	72	村庄
411171101216	铁炉村委会	114.206141	33.496856	1	80	100	政府机构
411121200214	李斌庄村委会	113.585281	33.459093	0	18	40	村庄
411121108221	边庄村委会	113.600999	33.541287	1	80	100	政府机构
411104103205	老窝村村委会	114.205876	33.650437	0	18	66	乡镇
411121104202	庙后王村委会	113.651440	33.454556	0	18	66	乡镇
411102004205	圪瘩刘村委会	114.017709	33.553645	0	20	36	乡镇
411121107212	寨李村委会	113.705239	33.666981	0	18	40	乡镇
411104100215	茨张村委会	114.223760	33.576981	0	30	58	村庄
411104102228	西李村委会	114.210219	33.492013	0	18	66	乡镇
411102101220	沙郭村委会	113.984000	33.572201	0	16	28	区县
411122104221	毛庄村委会	114.004631	33.976967	1	80	100	政府机构
411122108202	后张村委会	114.041417	33.970003	0	30	72	村庄
411122101218	大杜村委会	113.805152	33.875703	0	25	70	乡镇
411122103225	沙坑王村委会	114.076014	33.886677	0	18	49	乡镇
411104104201	姬石村委会	114.114330	33.619377	0	50	73	UNKNOWN
411121103206	三关庙村委会	113.801843	33.582591	0	18	66	乡镇
411122102208	湾陶村委会	113.866086	33.812593	0	18	40	乡镇
411103001014	石槽赵居委会	114.042420	33.584321	1	80	95	政府机构
411121103207	长村赵村委会	113.801843	33.582591	0	18	49	乡镇
411122102209	贾徐王村委会	113.872170	33.802731	0	30	72	村庄
411103001015	白庙居委会	114.042420	33.584321	1	80	97	政府机构
411121204201	姜东村委会	113.704168	33.543010	0	18	40	村庄
411122103224	滕寺村委会	114.076570	33.919419	0	30	58	村庄
411122101219	大韦村委会	113.771080	33.866629	0	30	72	村庄
411103105226	孔沈邓村委会	113.883700	33.605820	0	30	58	UNKNOWN
411102004204	闫庄村委会	114.037380	33.556380	0	30	72	村庄
411104102229	司庄村委会	114.210219	33.492013	0	18	66	乡镇
411104100214	辛庄村委会	114.201360	33.565770	0	30	72	村庄
411121107213	东莲花村委会	113.720710	33.680405	1	80	95	UNKNOWN
411102101221	占李村委会	113.984000	33.572201	0	16	33	区县
411122104220	桥口村委会	113.903254	33.757816	0	18	66	乡镇
411171101201	清明李村委会	114.058500	33.533707	0	60	80	UNKNOWN
411122108203	军张村委会	114.037334	33.946436	0	18	66	乡镇
411121202228	华店村委会	113.617270	33.577319	0	18	40	村庄
411121200215	藕池村委会	113.585281	33.459093	0	18	66	村庄
411121108220	罗张村委会	113.791033	33.524901	0	18	40	乡镇
411121104203	刘庄村委会	113.649453	33.476737	1	80	100	政府机构
411104103204	果园村委会	114.213917	33.685610	0	30	72	村庄
411122001213	曹姚村委会	113.931000	33.827001	0	16	47	区县
411121107205	孙庄村委会	113.700587	33.629923	1	80	100	政府机构
411104100202	召陵村委会	114.173197	33.583750	0	18	49	乡镇
411102004212	小村铺村委会	114.017709	33.553645	0	20	36	乡镇
411122108215	沟张村委会	113.929275	33.747038	1	80	100	政府机构
411171101217	辛庄村委会	114.085281	33.552187	1	80	100	政府机构
411104103212	下堤于村委会	114.190570	33.662889	0	30	58	UNKNOWN
411121104215	杨庄村委会	113.664650	33.430849	0	30	72	村庄
411122002203	大木罗村委会	113.931000	33.827001	0	16	33	区县
411121200203	宋庄村委会	113.539756	33.494385	1	80	100	政府机构
411103106220	密桥村委会	114.040055	33.699881	0	18	40	乡镇
411104104216	韩庄村委会	114.115140	33.638591	0	30	72	村庄
411121103211	沈庄村委会	113.848170	33.603140	0	30	72	村庄
411103103219	中和寨村委会	113.774706	33.713080	0	30	58	村庄
411122110222	刘城村委会	113.793254	33.777801	0	18	66	乡镇
411103001003	海河小区居委会	114.042420	33.584321	1	80	95	政府机构
411121100201	杨庄村委会	113.664650	33.430849	0	30	72	村庄
411121204217	大宋村委会	113.704168	33.543010	0	18	66	村庄
411122103232	纸坊村委会	114.076014	33.886677	0	18	66	乡镇
411121201202	何庄村委会	113.571906	33.442209	1	80	100	政府机构
411102003001	五一路居委会	114.025908	33.570557	0	30	72	乡镇
411104102213	小孟村委会	114.210219	33.492013	0	18	66	乡镇
411121105214	周马庄村委会	113.572340	33.514981	0	30	72	村庄
411121107229	王小贵村委会	113.705239	33.666981	0	18	35	乡镇
411122109214	轩桥村委会	113.956993	33.941770	0	18	40	乡镇
411121202212	范台村委会	113.617270	33.577319	0	18	40	村庄
411121106204	西郭庄村委会	113.747930	33.608821	0	30	72	村庄
411104101203	庙李村委会	114.124985	33.519307	0	18	66	乡镇
411103101208	闫陶村委会	114.013787	33.639812	0	18	40	乡镇
411122101223	面坊村委会	113.805152	33.875703	0	25	70	乡镇
411102202209	陶桥村委会	113.842470	33.510029	0	30	72	村庄
411103102218	前甄村委会	113.897475	33.739062	1	80	95	UNKNOWN
411104105217	周陈村委会	114.259723	33.548401	0	18	66	乡镇
411121102210	顺河街村委会	113.688209	33.611648	0	18	66	乡镇
411122110218	孙庄村委会	113.862481	33.777281	1	80	100	政府机构
411122102225	龙堂村委会	113.866086	33.812593	0	18	66	乡镇
411121101216	坡刘村委会	113.741551	33.466141	0	18	66	乡镇
411103103223	潘王村委会	113.819302	33.703169	0	18	40	乡镇
411122103208	滕庄村委会	114.076014	33.886677	0	18	49	乡镇
411121102206	郑李村委会	113.688209	33.611648	0	18	40	乡镇
411104105201	青年村村委会	114.259723	33.548401	0	18	66	乡镇
411121105202	宋桥村委会	113.631440	33.541631	0	30	72	村庄
411104102205	贾姚村委会	114.210219	33.492013	0	18	49	乡镇
411104100238	张烈庄村委会	114.206070	33.558960	0	30	58	村庄
411121109221	岭张村委会	113.609000	33.437600	0	16	47	区县
411121201214	苗庄村委会	113.759892	33.459285	1	80	100	政府机构
411103100008	北环路居委会	113.970779	33.578691	0	25	70	乡镇
411122109202	王孟西村委会	113.962060	33.927170	0	30	58	UNKNOWN
411122105221	马庙村委会	113.971521	33.865227	0	18	66	乡镇
411102100220	湾王村委会	113.909573	33.521353	0	18	66	乡镇
411104103228	军李村委会	114.205876	33.650437	0	18	66	乡镇
411104101215	孔营村委会	114.124985	33.519307	0	18	66	乡镇
411121106212	守义张村委会	113.609000	33.437600	0	16	33	区县
411121202204	段窑村委会	113.617270	33.577319	0	18	66	村庄
411104105221	枯河村委会	114.259723	33.548401	0	18	66	乡镇
411122101215	辛庄村委会	113.823151	33.842391	0	30	72	村庄
411122103228	寺后村委会	114.076014	33.886677	0	18	66	乡镇
411103103203	三丁村委会	113.781940	33.667718	1	80	50	乡镇
411103001019	郭庄居委会	114.042420	33.584321	1	80	97	政府机构
411122102205	前韩村委会	113.866086	33.812593	0	18	66	乡镇
411104103208	孟湾村委会	114.205876	33.650437	0	18	66	乡镇
411103104207	冯庄村委会	113.875450	33.664591	0	30	72	村庄
411121200219	东梁村委会	113.583630	33.476810	0	30	72	村庄
411121202224	关寨西村委会	113.587453	33.585266	0	30	72	村庄
411122109222	坟台村委会	113.956993	33.941770	0	18	66	乡镇
411122201217	坡高村委会	114.000186	33.753226	0	18	66	乡镇
411122105201	巨陵村委会	113.971521	33.865227	0	18	40	乡镇
411122001209	北街村委会	113.957207	33.812890	1	80	100	政府机构
411121105222	孙李村委会	113.595070	33.534406	0	18	66	乡镇
411104100218	归村西村委会	114.195231	33.588092	0	30	72	村庄
411104102225	徐阁村委会	114.210219	33.492013	0	18	66	乡镇
411102004208	丁庄村委会	114.043870	33.558101	0	30	72	村庄
411121109201	章化村委会	113.609000	33.437600	0	16	38	区县
411121201234	宗堂村委会	113.546546	33.467755	1	80	100	政府机构
411122202207	小屈村委会	113.909970	33.849370	0	30	72	村庄
411104002002	东方居委会	114.061696	33.567920	0	30	58	村庄
411122106211	拾里村委会	114.038176	33.795903	0	18	49	乡镇
411103104211	台东村委会	113.839990	33.650870	0	18	66	乡镇
411121104219	前李村委会	113.633520	33.466211	0	30	72	村庄
411102100216	塘河北村委会	113.909573	33.521353	0	18	40	乡镇
411122105217	王庄村委会	114.054140	33.834781	0	30	72	村庄
411104001004	万祥街居委会	114.046430	33.575582	0	50	82	道路
411122201201	皇帝庙村委会	114.000186	33.753226	0	18	66	乡镇
411103107201	河沿李村委会	114.075778	33.641777	0	20	67	乡镇
411121201222	赵寨村委会	113.516619	33.458328	0	18	49	村庄
411121109217	岭谢村委会	113.609000	33.437600	0	16	38	区县
411104102233	唐桥村委会	114.210219	33.492013	0	18	66	乡镇
411121107209	油坊头村委会	113.705239	33.666981	0	18	66	乡镇
411121105234	吉米张村委会	113.595070	33.534406	0	18	35	乡镇
411122106207	尚河村委会	114.038176	33.795903	0	18	40	乡镇
411122202211	岗东村委会	113.891810	33.874999	0	30	72	村庄
411122108219	李庄村委会	114.037334	33.946436	0	18	49	乡镇
411122101203	米湾村委会	113.805152	33.875703	0	25	70	乡镇
411103101228	何庄村委会	113.976342	33.692699	1	80	100	政府机构
411103103215	城高村委会	113.835884	33.743833	1	70	88	UNKNOWN
411121101220	玉皇庙村委会	113.744870	33.466501	0	30	72	村庄
411122102213	西街村委会	113.949120	33.809669	0	30	72	村庄
411122109218	马庄村委会	113.954250	33.929209	0	30	72	村庄
411122203210	成陈村委会	113.940898	33.912385	1	80	95	UNKNOWN
411122107206	康庄村委会	114.086020	33.782970	0	30	72	村庄
411102102207	前朱村委会	113.975480	33.511439	0	18	66	乡镇
411104103232	大郭村委会	114.258040	33.657809	0	30	72	村庄
411121106208	蔡营村委会	113.759081	33.644294	0	20	67	乡镇
411121108216	胡庄村委会	113.835548	33.525499	0	30	72	村庄
411121200223	代庄村委会	113.585281	33.459093	0	18	49	村庄
411122104216	龚庄村委会	113.919714	33.756966	0	30	72	村庄
411102101217	程庄村委会	113.911199	33.615534	1	80	100	政府机构
411121107225	线郭村委会	113.705239	33.666981	0	18	40	乡镇
411121105218	罗庄村委会	113.686446	33.475660	1	80	100	政府机构
411104100222	前油李村委会	114.189821	33.594479	0	30	58	UNKNOWN
411103105210	黑龙王庙村委会	113.925830	33.605741	0	25	70	乡镇
411103100012	孟南居委会	113.970779	33.578691	0	25	55	乡镇
411102202205	前李村委会	113.820540	33.478550	0	30	72	村庄
411122103212	韩场村委会	114.076014	33.886677	0	18	66	乡镇
411104002203	翟庄村委会	114.061696	33.567920	0	30	58	村庄
411103102214	大杨村委会	113.926789	33.708833	0	18	66	乡镇
411122110202	各岗村委会	113.793254	33.777801	0	18	40	乡镇
411122204214	大蒋庄村委会	114.064660	33.772340	0	30	72	村庄
411103101204	关徐村委会	114.013787	33.639812	0	18	40	乡镇
411122103204	北郭村委会	114.076014	33.886677	0	18	66	乡镇
411102202213	骆坡村委会	113.838402	33.495016	0	18	40	乡镇
411103102202	胡湾村委会	113.997950	33.717880	0	30	72	村庄
411121204221	干沟王村委会	113.680004	33.545606	1	80	95	餐饮
411122204202	管庄村委会	114.048640	33.752541	0	30	72	村庄
411122110214	尚庄村委会	113.760090	33.790530	0	30	72	村庄
411103101212	拦河刘村委会	113.999319	33.655731	1	75	92	UNKNOWN
411121103227	薛寨村委会	113.801843	33.582591	0	18	66	乡镇
411102102211	邵堂村委会	113.965031	33.531123	0	25	55	旅游景点
411122107210	东杨村委会	114.121887	33.811788	0	18	49	乡镇
411122203206	袁庄村委会	113.920660	33.927951	0	30	72	村庄
411103106216	陈东村委会	114.057560	33.717270	0	30	72	村庄
411121202208	马南村委会	113.651615	33.563369	1	80	100	政府机构
411121104223	后吴村委会	113.666100	33.472250	0	30	72	村庄
411104101219	下坡村委会	114.124985	33.519307	0	18	49	乡镇
411104103224	支毛陈村委会	114.208220	33.623480	0	30	58	村庄
411102101201	阴东村委会	113.909980	33.580540	1	80	100	政府机构
411171101221	西坡李村委会	114.257880	33.614799	0	30	58	UNKNOWN
411103100004	金牛居委会	113.993136	33.592087	1	80	100	政府机构
411121201218	贾庄村委会	113.517930	33.410860	0	30	72	村庄
411103105206	常湾村委会	113.925830	33.605741	0	25	70	乡镇
411104100234	拐张西村委会	114.164370	33.564831	0	30	51	UNKNOWN
411104102209	周庄村委会	114.215880	33.503210	0	30	72	村庄
411121107233	大张村委会	113.739520	33.668901	0	30	72	村庄
411122001225	新赵村委会	113.915371	33.838668	1	80	100	政府机构
