419001102215	东留养村民委员会	112.599552	35.029356	0	18	49	乡镇
419001100228	佃头村民委员会	112.554545	35.190223	0	16	47	乡镇
419001110228	南桐村民委员会	112.218780	35.065259	0	30	72	村庄
419001103238	玉皇庙村民委员会	112.389700	35.148949	0	30	72	村庄
419001101205	省庄村民委员会	112.701042	35.159411	0	18	49	乡镇
419001106201	梨林村民委员会	112.715698	35.090900	0	25	55	乡镇
419001102242	泥沟河村民委员会	112.557420	35.015580	0	30	72	UNKNOWN
419001105211	左山村民委员会	112.483445	34.957840	0	18	49	乡镇
419001109232	和沟村民委员会	112.246570	35.139841	0	30	72	村庄
419001102254	曹凹村民委员会	112.599552	35.029356	0	18	49	乡镇
419001108209	涧南庄村民委员会	112.493707	35.100225	1	80	97	政府机构
419001106217	西湖村民委员会	112.697910	35.074569	0	30	72	村庄
419001005020	段庄居民委员会	112.615530	35.092670	1	80	94	政府机构
419001109224	毛凹村民委员会	112.248491	35.130722	1	80	97	政府机构
419001105207	石槽沟村民委员会	112.559270	34.953620	0	30	72	村庄
419001106240	关阳新村村民委员会	112.706760	35.082110	0	30	72	地产小区
419001102203	桐花沟村民委员会	112.599552	35.029356	0	18	49	乡镇
419001003009	东高庄居民委员会	112.575399	35.102947	1	80	95	政府机构
419001101213	马村村民委员会	112.701042	35.159411	0	18	66	乡镇
419001104206	洪村村民委员会	112.133500	35.160921	0	25	70	乡镇
419001108225	洛峪新村村民委员会	112.529190	35.126120	0	30	72	地产小区
419001004021	驿城社区居民委员会	112.557039	35.075776	1	80	92	地产小区
419001107216	方山村民委员会	112.367189	34.972541	0	30	72	村庄
419001109208	罗庄村民委员会	112.259150	35.102070	0	30	72	村庄
419001100212	勋掌双峰村民委员会	112.493421	35.160695	1	75	92	UNKNOWN
419001110212	圪台村民委员会	112.220150	35.000939	0	30	72	UNKNOWN
419001002008	狄庄居民委员会	112.597860	35.087841	0	30	58	村庄
419001103202	周庄村民委员会	112.503350	35.076300	0	30	72	村庄
419001001018	园丁苑社区居民委会	112.571719	35.081911	1	80	94	政府机构
419001104247	史家腰村民委员会	112.133500	35.160921	0	25	55	乡镇
419001110204	上冶村民委员会	112.193865	35.043701	0	16	47	乡镇
419001102239	泽北村民委员会	112.599552	35.029356	0	18	66	乡镇
419001100204	任庄村民委员会	112.554545	35.190223	0	16	65	乡镇
419001103214	小寨村民委员会	112.455240	35.078099	0	30	72	村庄
419001101229	古杨树庄村民委员会	112.701042	35.159411	0	18	40	乡镇
419001104210	牛庄村民委员会	112.222340	35.103519	0	30	72	村庄
419001103243	仓房庄村民委员会	112.455160	35.003809	0	30	72	村庄
419001003013	铁岸居民委员会	112.575399	35.102947	1	80	94	政府机构
419001101209	尚庄后村民委员会	112.724511	35.151303	0	30	58	村庄
419001103234	卫河村民委员会	112.411200	35.108560	1	80	100	政府机构
419001110224	圪老圈村民委员会	112.235101	35.081795	1	80	97	政府机构
419001100224	贾庄村民委员会	112.542510	35.133711	0	30	72	村庄
419001102219	小王庄村民委员会	112.599552	35.029356	0	18	49	乡镇
419001107220	鹿岭村民委员会	112.280640	35.005729	0	30	72	村庄
419001004017	大驿居民委员会	112.565655	35.094657	1	80	94	政府机构
419001108213	西柴庄村民委员会	112.442963	35.166036	0	16	47	乡镇
419001104230	黄背角村民委员会	112.133500	35.160921	0	25	55	乡镇
419001109228	柳沟村民委员会	112.273380	35.107319	0	30	72	村庄
419001004001	西石露头居民委员会	112.565655	35.094657	1	80	95	政府机构
419001104226	南窑村民委员会	112.104140	35.062630	0	30	72	村庄
419001108205	荆王村民委员会	112.442963	35.166036	0	16	65	乡镇
419001102258	赵庄村民委员会	112.608970	35.001131	0	30	72	村庄
419001003005	下街居民委员会	112.575399	35.102947	1	80	95	政府机构
419001103222	西官桥村民委员会	112.529710	35.090040	0	30	72	村庄
419001100232	大东许村民委员会	112.554545	35.190223	0	16	47	乡镇
419001110232	石槽村民委员会	112.188029	35.037641	0	30	72	村庄
419001109204	庭芳村民委员会	112.313760	35.112991	1	80	100	政府机构
419001100249	虎尾河村民委员会	112.554545	35.190223	0	16	47	乡镇
419001106237	北瑞村民委员会	112.715698	35.090900	0	25	55	乡镇
419001001014	沁园社区居委会	112.571719	35.081911	1	80	97	政府机构
419001102223	宋沟村民委员会	112.599552	35.029356	0	18	49	乡镇
419001002004	北街居民委员会	112.586863	35.089518	0	30	58	乡镇
419001101225	裴村村民委员会	112.656780	35.129471	1	80	100	政府机构
419001103218	南杜村民委员会	112.527010	35.056689	0	30	72	村庄
419001001002	西留村居民委员会	112.571719	35.081911	1	80	95	政府机构
419001100208	枣庙村民委员会	112.554545	35.190223	0	16	47	乡镇
419001102235	丁斗村民委员会	112.599552	35.029356	0	18	49	乡镇
419001110208	楼沟村民委员会	112.211780	35.124509	0	30	72	村庄
419001002012	滨河社区居民委员会	112.586863	35.089518	0	30	47	乡镇
419001109212	迎门村民委员会	112.289306	35.162175	0	16	65	乡镇
419001005016	白沟新村居民委员会	112.615530	35.092670	1	80	94	政府机构
419001106221	水东村民委员会	112.739340	35.072850	0	30	72	村庄
419001102262	长泉新村村民委员会	112.540210	35.064490	1	80	100	政府机构
419001106220	薛庄村民委员会	112.733260	35.065981	0	30	72	村庄
419001102263	张岭新村村民委员会	112.606400	35.056481	0	30	72	地产小区
419001109213	汤洼村民委员会	112.289306	35.162175	0	16	47	乡镇
419001005017	刘庄新村居民委员会	112.615530	35.092670	1	80	94	政府机构
419001102234	雁门村民委员会	112.561230	34.994390	0	30	72	村庄
419001100209	阎和村民委员会	112.554545	35.190223	0	16	65	乡镇
419001110209	南吴村民委员会	112.602000	35.067101	0	14	37	城市
419001103219	北杜村民委员会	112.528960	35.061420	0	30	72	村庄
419001101224	休昌村民委员会	112.701042	35.159411	0	18	66	乡镇
419001109244	桶沟村民委员会	112.354881	35.090734	1	80	97	政府机构
419001001003	东留村居民委员会	112.571719	35.081911	1	80	95	政府机构
419001102222	庚章村民委员会	112.599552	35.029356	0	18	66	乡镇
419001002005	东街居民委员会	112.586863	35.089518	0	30	51	乡镇
419001001015	世纪苑社区居委会	112.571719	35.081911	1	80	95	政府机构
419001106236	南瑞村民委员会	112.715698	35.090900	0	25	55	乡镇
419001109205	大店村民委员会	112.289306	35.162175	0	16	47	乡镇
419001005001	亚桥居民委员会	112.615530	35.092670	1	80	94	政府机构
419001100233	石河村民委员会	112.573570	35.171009	0	30	72	村庄
419001110233	南崖头村民委员会	112.602000	35.067101	0	14	37	城市
419001003004	庙街居民委员会	112.575399	35.102947	1	80	95	政府机构
419001103223	东官桥村民委员会	112.533750	35.088780	0	30	72	村庄
419001104227	红院村民委员会	112.133500	35.160921	0	25	55	乡镇
419001108204	三河村村民委员会	112.516330	35.098579	0	30	72	村庄
419001102259	许峰村民委员会	112.608239	34.987951	0	30	72	UNKNOWN
419001109229	商庄村民委员会	112.329180	35.054509	0	30	72	村庄
419001004016	小韩村居民委员会	112.565655	35.094657	1	80	95	政府机构
419001108212	庆华村民委员会	112.471060	35.124450	0	30	72	村庄
419001104231	二里腰村民委员会	112.133500	35.160921	0	25	55	乡镇
419001107221	朝村村民委员会	112.301080	35.070261	0	30	72	村庄
419001110225	下石板村民委员会	112.233725	35.072233	1	80	97	政府机构
419001102218	王虎村民委员会	112.599552	35.029356	0	18	49	乡镇
419001100225	灵山村民委员会	112.553285	35.134743	0	30	72	村庄
419001003012	碑子居民委员会	112.575399	35.102947	1	80	94	政府机构
419001103235	上观村民委员会	112.499290	35.077090	0	25	70	乡镇
419001101208	尚庄前村民委员会	112.724511	35.151303	0	30	58	村庄
419001103242	卫佛安村民委员会	112.499290	35.077090	0	25	70	乡镇
419001107201	桥沟村民委员会	112.384570	34.946169	0	30	72	村庄
419001104211	葛山村民委员会	112.094591	35.113219	0	30	72	村庄
419001101228	谷堆头村民委员会	112.701042	35.159411	0	18	49	乡镇
419001103215	南姚河西村民委员会	112.517510	35.070259	0	30	72	村庄
419001104246	姜圪塔村民委员会	112.133500	35.160921	0	25	55	乡镇
419001110205	中吴村民委员会	112.193865	35.043701	0	16	47	乡镇
419001100205	白涧村民委员会	112.554545	35.190223	0	16	47	乡镇
419001102238	泽南村民委员会	112.599552	35.029356	0	18	66	乡镇
419001103203	枣林村民委员会	112.496190	35.081240	0	30	72	村庄
419001001019	富康苑社区居民委会	112.571719	35.081911	1	80	94	政府机构
419001100213	勋掌后沟河村民委员会	112.493421	35.160695	1	75	92	UNKNOWN
419001110213	郑山村民委员会	112.193865	35.043701	0	16	47	乡镇
419001104250	李家庄村民委员会	112.081780	35.132170	0	30	72	村庄
419001002009	周园社区居民委员会	112.586863	35.089518	0	30	47	乡镇
419001107217	反头岭村民委员会	112.351343	35.013724	1	80	97	政府机构
419001109209	封门村民委员会	112.341831	35.113618	1	80	97	政府机构
419001104207	张凹村民委员会	112.198280	35.082250	0	30	72	UNKNOWN
419001108224	牛湾新村村民委员会	112.530580	35.111140	0	30	72	地产小区
419001004020	商贸城社区居民委员会	112.565655	35.094657	1	80	94	政府机构
419001003008	东关居民委员会	112.575399	35.102947	1	80	94	政府机构
419001101212	逯村村民委员会	112.750270	35.141659	0	30	72	村庄
419001106241	东坡新村村民委员会	112.695220	35.058559	0	30	72	地产小区
419001102202	西轵城村民委员会	112.599833	35.039815	1	70	92	UNKNOWN
419001005021	南堰头居民委员会	112.615530	35.092670	1	80	95	政府机构
419001109225	原庄村民委员会	112.602000	35.067101	0	14	37	城市
419001105206	栗树沟村民委员会	112.483445	34.957840	0	18	49	乡镇
419001102255	齐庄村民委员会	112.599552	35.029356	0	18	49	乡镇
419001108208	范寺村民委员会	112.516555	35.125528	1	80	97	政府机构
419001106216	安村村民委员会	112.732490	35.106150	0	30	72	村庄
419001105210	留庄村民委员会	112.496410	34.937640	0	30	72	村庄
419001109233	茶坊村民委员会	112.289306	35.162175	0	16	47	乡镇
419001102243	柏树庄村民委员会	112.599552	35.029356	0	18	49	乡镇
419001101204	白龙庙村民委员会	112.701042	35.159411	0	18	49	乡镇
419001103239	山坪村民委员会	112.499290	35.077090	0	25	55	乡镇
419001100229	柿槟村民委员会	112.554545	35.190223	0	16	65	乡镇
419001102214	西留养村民委员会	112.556280	35.050010	1	80	100	政府机构
419001110229	上石板村民委员会	112.225390	35.054410	0	30	72	村庄
419001003015	新漭园社区居民委员会	112.575399	35.102947	1	80	93	政府机构
419001103232	郑窑村民委员会	112.442825	35.107003	1	80	97	政府机构
419001100222	小郭富村民委员会	112.554545	35.190223	0	16	47	乡镇
419001110222	砖阳河村民委员会	112.193865	35.043701	0	16	38	乡镇
419001107226	冢崮堆村民委员会	112.368143	35.026705	0	25	70	乡镇
419001109238	风门腰村民委员会	112.289306	35.162175	0	16	47	乡镇
419001004011	宋庄居民委员会	112.565655	35.094657	1	80	95	政府机构
419001104236	杏树凹村民委员会	112.199910	35.162630	0	30	72	UNKNOWN
419001102248	富源村民委员会	112.599552	35.029356	0	18	49	乡镇
419001108215	三教堂村民委员会	112.468925	35.130764	0	25	70	旅游景点
419001107230	桐树岭村民委员会	112.305569	35.038431	0	30	72	村庄
419001004007	泥河头居民委员会	112.565655	35.094657	1	80	95	政府机构
419001108203	三河寨村民委员会	112.522537	35.097046	1	80	97	政府机构
419001104220	山院村民委员会	112.133500	35.160921	0	25	55	乡镇
419001003003	小刘庄庄居民委员会	112.575399	35.102947	1	80	94	政府机构
419001101219	和庄村民委员会	112.701042	35.159411	0	18	49	乡镇
419001103224	玉阳村民委员会	112.454954	35.105552	1	80	97	政府机构
419001110234	坡池村民委员会	112.193865	35.043701	0	16	47	乡镇
419001100234	磨庄村民委员会	112.554545	35.190223	0	16	47	乡镇
419001102209	中王村民委员会	112.599552	35.029356	0	18	49	乡镇
419001105221	泰山村民委员会	112.421830	34.926341	0	30	72	村庄
419001109202	杨沟村民委员会	112.286430	35.111030	0	30	72	村庄
419001005006	罡头居民委员会	112.615530	35.092670	1	80	94	政府机构
419001106231	东蒋村民委员会	112.715698	35.090900	0	25	55	乡镇
419001103208	孔庄村民委员会	112.485039	35.084371	0	30	72	村庄
419001001012	中礼庄居民委员会	112.571719	35.081911	1	80	94	政府机构
419001100218	中樊村民委员会	112.554545	35.190223	0	16	65	乡镇
419001102225	岭头村民委员会	112.599552	35.029356	0	18	49	乡镇
419001110218	朱庄村民委员会	112.243350	35.034681	0	30	72	村庄
419001002002	西街居民委员会	112.586863	35.089518	0	30	58	乡镇
419001101223	北官庄村民委员会	112.701042	35.159411	0	18	66	乡镇
419001109243	上关村民委员会	112.289306	35.162175	0	16	47	乡镇
419001001004	屯军头居民委员会	112.571719	35.081911	1	80	95	政府机构
419001102233	泗涧村民委员会	112.599970	35.014280	0	30	72	村庄
419001109214	林山村民委员会	112.312750	35.179240	0	30	72	村庄
419001103249	高沟村民委员会	112.462639	35.098600	0	30	72	村庄
419001005010	苗店居民委员会	112.615530	35.092670	1	80	94	政府机构
419001102264	交兑新村村民委员会	112.637030	35.068039	0	30	72	地产小区
419001106227	后荣村民委员会	112.715698	35.090900	0	25	55	乡镇
419001102213	南河口村民委员会	112.599552	35.029356	0	18	49	乡镇
419001101203	山口村民委员会	112.704680	35.189590	0	30	72	村庄
419001108219	史寨村民委员会	112.453885	35.154221	1	80	97	政府机构
419001102244	桥凹村民委员会	112.599552	35.029356	0	18	49	乡镇
419001106207	小南庄村民委员会	112.715698	35.090900	0	25	55	乡镇
419001109234	柏木凹村民委员会	112.289306	35.162175	0	16	47	乡镇
419001105217	大庄村民委员会	112.429350	34.949401	0	30	72	村庄
419001106211	南程村民委员会	112.715698	35.090900	0	25	55	乡镇
419001102252	北孙村村民委员会	112.637140	35.063589	0	30	72	村庄
419001105201	坡头村民委员会	112.523900	34.922549	0	30	72	村庄
419001109222	麻庄村民委员会	112.253510	35.145231	1	80	100	政府机构
419001102205	周楼村民委员会	112.599552	35.029356	0	18	49	乡镇
419001100238	康村村民委员会	112.598970	35.170411	0	30	72	村庄
419001110238	杨木凹村民委员会	112.193865	35.043701	0	16	47	乡镇
419001103228	北勋村民委员会	112.490308	35.101025	1	80	97	政府机构
419001101215	西逯寨村民委员会	112.701042	35.159411	0	18	49	乡镇
419001108223	水洪池村民委员会	112.442963	35.166036	0	16	47	乡镇
419001100243	河口村民委员会	112.648210	35.183849	0	30	72	村庄
419001107210	栗园村民委员会	112.352500	35.056960	0	30	72	村庄
419001110214	上河村民委员会	112.175210	35.097410	0	30	72	村庄
419001102229	红土沟村民委员会	112.582190	35.007619	0	30	72	村庄
419001100214	勋掌金水村民委员会	112.493421	35.160695	1	75	92	UNKNOWN
419001103204	卫庄村民委员会	112.499290	35.077090	0	25	55	乡镇
419001100202	原昌村民委员会	112.554545	35.190223	0	16	65	乡镇
419001104241	后王庄村民委员会	112.113850	35.158520	0	30	72	村庄
419001110202	原头村民委员会	112.602000	35.067101	0	14	37	城市
419001103212	栗子村民委员会	112.499290	35.077090	0	25	55	乡镇
419001001008	河合居民委员会	112.571719	35.081911	1	80	94	政府机构
419001104216	柴家庄村民委员会	112.132770	35.106620	0	30	72	村庄
419001102268	西滩新村村民委员会	112.595222	35.046502	1	70	92	地产小区
419001107206	召庄村民委员会	112.368143	35.026705	0	25	55	乡镇
419001103245	南岭村民委员会	112.419620	35.041421	0	30	72	村庄
419001109218	铁山村民委员会	112.241720	35.167791	0	30	72	村庄
419001107207	槐姻村民委员会	112.360399	35.035644	1	80	97	政府机构
419001103244	大沟河村民委员会	112.452291	35.020447	1	70	92	UNKNOWN
419001109219	麻院村民委员会	112.289306	35.162175	0	16	47	乡镇
419001104217	刘沟村民委员会	112.154770	35.145279	0	30	72	村庄
419001102269	金桥村村民委员会	112.599552	35.029356	0	18	49	乡镇
419001103213	当庄村民委员会	112.499290	35.077090	0	25	55	乡镇
419001001009	马庄居民委员会	112.571719	35.081911	1	80	95	政府机构
419001100203	苗庄村民委员会	112.554479	35.174034	1	80	97	政府机构
419001104240	段凹村民委员会	112.133500	35.160921	0	25	55	乡镇
419001110203	曹腰村民委员会	112.193865	35.043701	0	16	65	乡镇
419001103205	花石村民委员会	112.502110	35.049300	0	30	72	村庄
419001110215	逢北村民委员会	112.193865	35.043701	0	16	65	乡镇
419001100215	勋掌古泉村民委员会	112.493421	35.160695	1	75	92	UNKNOWN
419001102228	彭庄村民委员会	112.599552	35.029356	0	18	49	乡镇
419001107211	东沟村民委员会	112.332260	35.053449	0	30	72	村庄
419001108222	郑坪村民委员会	112.429327	35.188904	1	80	97	政府机构
419001100242	大社村民委员会	112.622900	35.175930	0	30	72	村庄
419001104201	邵原村民委员会	112.133645	35.160755	1	80	97	政府机构
419001101214	东逯寨村民委员会	112.701042	35.159411	0	18	40	乡镇
419001103229	南勋村民委员会	112.487015	35.102029	1	80	97	政府机构
419001100239	郭庄村民委员会	112.601190	35.211931	0	30	72	村庄
419001102204	东添浆村民委员会	112.659399	35.036952	1	80	97	政府机构
419001109223	前刘沟村民委员会	112.289306	35.162175	0	16	47	乡镇
419001106210	沁市村民委员会	112.715698	35.090900	0	25	70	乡镇
419001102253	宏泉村民委员会	112.599552	35.029356	0	18	49	乡镇
419001109235	枣园村民委员会	112.236950	35.119060	0	30	72	村庄
419001105216	连地村民委员会	112.462371	34.927956	1	80	97	政府机构
419001108218	竹园沟村民委员会	112.451840	35.161019	1	80	100	政府机构
419001102245	柏平村村民委员会	112.637310	35.027719	0	30	72	村庄
419001106206	小官庄村民委员会	112.751450	35.087929	0	30	72	村庄
419001003018	花园社区居民委员会	112.575399	35.102947	1	80	94	政府机构
419001101202	里河村民委员会	112.701042	35.159411	0	18	49	乡镇
419001102212	南郭庄村民委员会	112.619360	35.019920	0	30	72	村庄
419001102265	良安新村村民委员会	112.627120	35.054139	0	30	72	地产小区
419001106226	南官庄村民委员会	112.715698	35.090900	0	25	55	乡镇
419001109215	西坪村民委员会	112.336460	35.194659	0	30	72	村庄
419001103248	王拐新村村民委员会	112.516363	35.064855	1	80	95	地产小区
419001005011	旧河庄居民委员会	112.615530	35.092670	1	80	93	政府机构
419001102232	翟庄村民委员会	112.599552	35.029356	0	18	49	乡镇
419001101222	董庄村民委员会	112.701042	35.159411	0	18	49	乡镇
419001109242	西门村民委员会	112.289306	35.162175	0	16	47	乡镇
419001001005	南夫人头居民委员会	112.571719	35.081911	1	80	95	政府机构
419001102224	源沟村民委员会	112.666247	34.997823	0	30	72	村庄
419001100219	北樊村民委员会	112.554545	35.190223	0	16	47	乡镇
419001110219	东河村民委员会	112.281640	35.076279	0	30	72	村庄
419001002003	南街居民委员会	112.586863	35.089518	0	30	58	乡镇
419001103209	小南姚村民委员会	112.499290	35.077090	0	25	55	乡镇
419001001013	宗庄居民委员会	112.571719	35.081911	1	80	94	政府机构
419001106230	桃园村民委员会	112.707590	35.045210	0	30	72	村庄
419001105220	蓼坞村民委员会	112.483445	34.957840	0	18	66	乡镇
419001109203	新林村民委员会	112.276820	35.092949	0	30	72	村庄
419001005007	西马头居民委员会	112.615530	35.092670	1	80	94	政府机构
419001110235	官窑村民委员会	112.205730	35.086030	0	30	72	UNKNOWN
419001102208	西添浆村民委员会	112.659399	35.036952	1	80	97	政府机构
419001100235	交地村民委员会	112.554545	35.190223	0	16	65	乡镇
419001003002	李庄居民委员会	112.575399	35.102947	1	80	95	政府机构
419001103225	谷沱村民委员会	112.499290	35.077090	0	25	70	乡镇
419001101218	河头村民委员会	112.703390	35.137979	0	30	72	村庄
419001004006	西高庄居民委员会	112.565655	35.094657	1	80	94	政府机构
419001108202	北官桥村民委员会	112.602000	35.067101	0	14	32	城市
419001104221	赵圪塔村民委员会	112.133500	35.160921	0	25	55	乡镇
419001004010	南贾庄居民委员会	112.565655	35.094657	1	80	94	政府机构
419001104237	双房村民委员会	112.155491	35.194448	1	80	97	政府机构
419001102249	大郭庄村民委员会	112.641490	35.072619	0	30	72	村庄
419001108214	高庄村民委员会	112.467730	35.118079	0	30	72	村庄
419001107227	王拐村民委员会	112.368143	35.026705	0	25	55	乡镇
419001109239	大路村民委员会	112.203290	35.132570	0	30	72	村庄
419001100223	大郭富村民委员会	112.554545	35.190223	0	16	47	乡镇
419001110223	下韩旺村民委员会	112.193865	35.043701	0	16	47	乡镇
419001003014	望春园社区居民委员会	112.575399	35.102947	1	80	94	政府机构
419001103233	李八庄村民委员会	112.499290	35.077090	0	25	55	乡镇
419001106225	裴城村民委员会	112.715698	35.090900	0	25	55	乡镇
419001104218	长院村民委员会	112.133500	35.160921	0	25	55	乡镇
419001102266	新峡村村民委员会	112.664399	35.030941	0	30	72	村庄
419001005012	东郭路居民委员会	112.615530	35.092670	1	80	94	政府机构
419001107208	仙口村民委员会	112.368143	35.026705	0	25	55	乡镇
419001109216	东西山村民委员会	112.602000	35.067101	0	14	32	城市
419001102231	黄龙庙村民委员会	112.599552	35.029356	0	18	49	乡镇
419001001006	东夫人头居民委员会	112.571719	35.081911	1	80	94	政府机构
419001101221	西正村村民委员会	112.684580	35.115990	0	30	72	村庄
419001109241	桥后沟村民委员会	112.279260	35.124399	0	30	72	村庄
419001102227	张金村民委员会	112.599552	35.029356	0	18	49	乡镇
419001001010	赵礼庄居民委员会	112.571719	35.081911	1	80	94	政府机构
419001106233	赵家庄村民委员会	112.452170	34.928099	0	30	72	村庄
419001005004	北水屯居民委员会	112.615530	35.092670	1	80	94	政府机构
419001105223	双堂村民委员会	112.433843	34.925389	1	80	97	政府机构
419001100236	圪针庄村民委员会	112.554545	35.190223	0	16	47	乡镇
419001110236	逢掌村民委员会	112.193865	35.043701	0	16	65	乡镇
419001103226	北石村民委员会	112.471560	35.105720	0	30	72	村庄
419001003001	三庄居民委员会	112.575399	35.102947	1	80	94	政府机构
419001104222	刘腰村民委员会	112.133500	35.160921	0	25	55	乡镇
419001108201	思礼村民委员会	112.442963	35.166036	0	16	47	乡镇
419001004005	南潘村居民委员会	112.565655	35.094657	1	80	95	政府机构
419001108217	城岸村民委员会	112.482395	35.118185	1	80	97	政府机构
419001106209	屈西村民委员会	112.715698	35.090900	0	25	70	乡镇
419001104234	神沟村民委员会	112.188350	35.193211	0	30	72	村庄
419001004013	鑫源社区居民委员会	112.565655	35.094657	1	80	94	政府机构
419001107224	草沟村民委员会	112.252670	35.025541	0	30	72	村庄
419001105219	蒋庄村民委员会	112.405160	34.974769	0	30	72	村庄
419001110220	竹园村民委员会	112.251860	35.035991	0	30	72	村庄
419001100220	酒务村民委员会	112.514990	35.143929	0	30	72	村庄
419001103230	张庄村民委员会	112.496560	35.090330	0	30	72	村庄
419001003017	万泉社区居民委会会	112.575399	35.102947	1	80	94	政府机构
419001103247	大峪新村村民委员会	112.534980	35.075570	0	30	72	地产小区
419001107204	砚瓦河村民委员会	112.398564	35.041017	1	80	97	UNKNOWN
419001104214	田谷沱村民委员会	112.133500	35.160921	0	25	70	乡镇
419001106229	萧庄村民委员会	112.715698	35.090900	0	25	55	乡镇
419001103210	三皇村民委员会	112.499290	35.077090	0	25	55	乡镇
419001104243	刘下沟村民委员会	112.108740	35.161980	0	30	72	村庄
419001103206	栲栳村民委员会	112.499290	35.077090	0	25	55	乡镇
419001100216	勋掌新村村民委员会	112.513341	35.162719	0	30	72	地产小区
419001110216	大岭村民委员会	112.261360	35.050960	0	30	72	村庄
419001005008	中马头居民委员会	112.615530	35.092670	1	80	94	政府机构
419001107212	寺郎腰村民委员会	112.360539	34.997172	1	80	97	政府机构
419001104202	北寨村民委员会	112.133500	35.160921	0	25	55	乡镇
419001108221	姬沟村民委员会	112.465860	35.139429	0	30	72	村庄
419001100241	中社村民委员会	112.554545	35.190223	0	16	65	乡镇
419001101217	五龙头村民委员会	112.701042	35.159411	0	18	49	乡镇
419001106244	西逢薛新村村民委员会	112.686321	35.110040	1	80	95	地产小区
419001102207	南冢村民委员会	112.599552	35.029356	0	18	49	乡镇
419001109220	太凹村民委员会	112.289306	35.162175	0	16	65	乡镇
419001105203	店留村民委员会	112.483445	34.957840	0	18	66	乡镇
419001102250	牛家庄村民委员会	112.599552	35.029356	0	18	49	乡镇
419001106213	朱村村民委员会	112.715698	35.090900	0	25	55	乡镇
419001004009	南白涧居民委员会	112.565655	35.094657	1	80	95	政府机构
419001105215	清涧村民委员会	112.483445	34.957840	0	18	49	乡镇
419001107228	小横岭村民委员会	112.248340	34.991791	0	30	72	村庄
419001109236	韩旺村民委员会	112.236251	35.110720	1	80	97	政府机构
419001104238	院科村民委员会	112.133500	35.160921	0	25	55	乡镇
419001106205	良庄村民委员会	112.715698	35.090900	0	25	70	乡镇
419001102246	王礼庄村民委员会	112.624107	35.070261	1	80	97	政府机构
419001101201	辛庄村民委员会	112.687270	35.133369	0	30	72	村庄
419001102211	绮里村民委员会	112.599552	35.029356	0	18	49	乡镇
419001103400	中原特殊钢厂社区	112.499290	35.077090	0	25	55	乡镇
419001102210	赵村村民委员会	112.638640	35.033969	0	30	72	村庄
419001106204	沙西村民委员会	112.758160	35.115079	0	30	72	村庄
419001104239	河西村民委员会	112.171840	35.161460	0	30	72	村庄
419001102247	毛田新村村民委员会	112.621460	35.012850	0	30	72	地产小区
419001107229	堂岭村民委员会	112.290750	35.004550	0	30	72	村庄
419001105214	马住村民委员会	112.478125	34.930288	1	80	97	政府机构
419001109237	乔庄村民委员会	112.289306	35.162175	0	16	65	乡镇
419001102251	南孙村村民委员会	112.637050	35.059069	0	30	72	村庄
419001106212	程村村民委员会	112.702990	35.111629	0	30	72	村庄
419001004008	伯王庄居民委员会	112.565655	35.094657	1	80	95	政府机构
419001109221	燕庄村民委员会	112.389160	35.064099	0	30	72	村庄
419001105202	西滩村民委员会	112.483445	34.957840	0	18	49	乡镇
419001106245	熬坪新村村民委员会	112.725345	35.050922	1	80	95	地产小区
419001102206	河岔村民委员会	112.599552	35.029356	0	18	49	乡镇
419001101216	任寨村民委员会	112.701042	35.159411	0	18	49	乡镇
419001104203	崔家庄村民委员会	112.133500	35.160921	0	25	55	乡镇
419001108220	西宋庄村民委员会	112.449015	35.164496	1	80	97	政府机构
419001100240	南庄村民委员会	112.609320	35.167491	0	30	72	村庄
419001005009	东马头居民委员会	112.615530	35.092670	1	80	94	政府机构
419001107213	陡岩沟村民委员会	112.368143	35.026705	0	25	55	乡镇
419001100217	南樊村民委员会	112.554545	35.190223	0	16	47	乡镇
419001110217	韩彦村民委员会	112.193865	35.043701	0	16	65	乡镇
419001103207	安腰村民委员会	112.499290	35.077090	0	25	55	乡镇
419001104242	茶房村民委员会	112.229803	35.142418	1	80	97	政府机构
419001110201	下冶村民委员会	112.193865	35.043701	0	16	65	乡镇
419001100201	克井村民委员会	112.554545	35.190223	0	16	65	乡镇
419001103211	东张村民委员会	112.470390	35.081350	0	30	72	村庄
419001106228	前荣村民委员会	112.715698	35.090900	0	25	55	乡镇
419001104215	坟凹村民委员会	112.101760	35.115619	0	30	72	UNKNOWN
419001103246	赵老庄村民委员会	112.499290	35.077090	0	25	55	乡镇
419001107205	陡沟村民委员会	112.422189	35.070721	1	80	97	政府机构
419001103231	曲阳村民委员会	112.499290	35.077090	0	25	55	乡镇
419001003016	清趣园社区居民委员会	112.575399	35.102947	1	80	95	政府机构
419001110221	三教村民委员会	112.193865	35.043701	0	16	47	乡镇
419001100221	塘石村民委员会	112.554545	35.190223	0	16	47	乡镇
419001105218	马场村民委员会	112.428770	34.977981	0	30	72	UNKNOWN
419001107225	上寨村民委员会	112.228860	34.970340	0	30	72	村庄
419001108216	立城村民委员会	112.469063	35.130454	1	80	97	政府机构
419001104235	东阳村民委员会	112.183500	35.163421	0	30	72	村庄
419001106208	屈东村民委员会	112.715698	35.090900	0	25	70	乡镇
419001004012	商业城社区居民委员会	112.572270	35.094602	1	80	95	生活服务
419001104223	金沟村民委员会	112.067060	35.070841	0	30	72	村庄
419001004004	北潘村居民委员会	112.565655	35.094657	1	80	95	政府机构
419001103227	南石村民委员会	112.472260	35.097820	0	30	72	村庄
419001100237	北乔庄村民委员会	112.554545	35.190223	0	16	47	乡镇
419001110237	王树沟村民委员会	112.193865	35.043701	0	16	47	乡镇
419001005005	南水屯居民委员会	112.615530	35.092670	1	80	94	政府机构
419001109201	王屋村民委员会	112.276550	35.113229	1	80	100	政府机构
419001105222	校庄村民委员会	112.483445	34.957840	0	18	49	乡镇
419001106232	西蒋村民委员会	112.715698	35.090900	0	25	55	乡镇
419001001011	邱礼庄居民委员会	112.571719	35.081911	1	80	94	政府机构
419001002001	西关居民委员会	112.586863	35.089518	0	30	47	乡镇
419001102226	背坡村民委员会	112.599552	35.029356	0	18	49	乡镇
419001001007	御驾庄居民委员会	112.571719	35.081911	1	80	95	政府机构
419001101220	王寨村民委员会	112.696560	35.132369	0	30	72	村庄
419001109240	竹泉村民委员会	112.182230	35.111471	1	80	100	政府机构
419001102230	卫沟村民委员会	112.589280	35.021770	0	30	72	村庄
419001005013	西郭路居民委员会	112.615530	35.092670	1	80	94	政府机构
419001107209	薛寨村民委员会	112.368143	35.026705	0	25	55	乡镇
419001109217	和平村民委员会	112.243460	35.186511	0	30	72	村庄
419001104219	阳安村民委员会	112.135830	35.134040	0	30	72	村庄
419001106224	牛社村民委员会	112.715698	35.090900	0	25	55	乡镇
419001102267	新安村村民委员会	112.688630	35.034819	0	30	72	村庄
419001005018	陆家岭新村居民委员会	112.615530	35.092670	1	80	95	政府机构
419001107202	乱石村民委员会	112.368143	35.026705	0	25	55	乡镇
419001103241	孤树村民委员会	112.499290	35.077090	0	25	70	乡镇
419001104212	王岭村民委员会	112.142780	35.226550	0	30	72	村庄
419001100251	寨河苑村	112.547360	35.145068	0	60	100	地产小区
419001103216	南姚河东村民委员会	112.519419	35.069896	0	50	82	UNKNOWN
419001100206	王才庄村民委员会	112.554545	35.190223	0	16	47	乡镇
419001104245	前王庄村民委员会	112.115400	35.149050	0	30	72	村庄
419001110206	马岭村民委员会	112.177760	35.064300	0	30	72	村庄
419001110210	探马庄村民委员会	112.232350	35.010740	0	30	72	村庄
419001100210	阎营村民委员会	112.554545	35.190223	0	16	47	乡镇
419001107214	林仙村民委员会	112.368143	35.026705	0	25	55	乡镇
419001108227	夏神村民委员会	112.442963	35.166036	0	16	65	乡镇
419001104204	白坡崖村民委员会	112.133500	35.160921	0	25	70	乡镇
419001106239	大交新村村民委员会	112.731449	35.090421	0	30	72	地产小区
419001101211	化村村民委员会	112.734520	35.132990	0	30	72	村庄
419001102201	东轵城村民委员会	112.599552	35.029356	0	18	49	乡镇
419001106242	五里沟新村村民委员会	112.697780	35.027629	0	30	72	地产小区
419001105205	狄沟村民委员会	112.483445	34.957840	0	18	49	乡镇
419001109226	上二里桥村民委员会	112.289306	35.162175	0	16	47	乡镇
419001005022	亚桥社区居民委员会	112.615530	35.092670	1	80	94	政府机构
419001104228	花园村民委员会	112.174740	35.183300	0	30	72	村庄
419001106215	东许村民委员会	112.715698	35.090900	0	25	55	乡镇
419001102256	战天洞村民委员会	112.599552	35.029356	0	18	40	乡镇
419001109230	寨岭村民委员会	112.289306	35.162175	0	16	47	乡镇
419001105213	毛岭村民委员会	112.468000	34.940760	0	30	72	村庄
419001102240	枣树岭村民委员会	112.599552	35.029356	0	18	49	乡镇
419001106203	沙后村民委员会	112.715698	35.090900	0	25	55	乡镇
419001004019	小庄居民委员会	112.565655	35.094657	1	80	94	政府机构
419001101207	西窑头村民委员会	112.701042	35.159411	0	18	49	乡镇
419001001020	济河苑社区居民委会	112.571719	35.081911	1	80	94	政府机构
419001102217	石板沟村民委员会	112.551919	35.037381	0	30	72	村庄
419001102260	曹庙村民委员会	112.599552	35.029356	0	18	49	乡镇
419001106223	水运庄村民委员会	112.716430	35.091021	1	80	100	政府机构
419001005014	王庄居民委员会	112.615530	35.092670	1	80	94	政府机构
419001109210	清虚宫村民委员会	112.320675	35.125924	0	25	70	旅游景点
419001002010	源园社区居民委员会	112.597574	35.089414	1	80	92	地产小区
419001104249	称弯村民委员会	112.084119	35.135050	1	80	97	政府机构
419001102237	南王庄村民委员会	112.533420	35.023101	0	30	72	村庄
419001101227	阎庄村民委员会	112.639640	35.116529	0	30	72	村庄
419001002006	东庄居民委员会	112.586863	35.089518	0	30	47	乡镇
419001102221	南李庄村民委员会	112.633780	35.016829	0	30	72	村庄
419001001016	兴华社区居委会	112.571719	35.081911	1	80	97	政府机构
419001101231	西坡新村村民委员会	112.632169	35.117710	1	80	95	地产小区
419001106235	阎家庄村民委员会	112.715698	35.090900	0	25	55	乡镇
419001104208	李凹村民委员会	112.133500	35.160921	0	25	55	乡镇
419001005002	北堰头居民委员会	112.615530	35.092670	1	80	94	政府机构
419001107218	偏看村民委员会	112.368143	35.026705	0	25	55	乡镇
419001109206	谭庄村民委员会	112.289306	35.162175	0	16	47	乡镇
419001110230	陶山村民委员会	112.193865	35.043701	0	16	47	乡镇
419001100230	水运村民委员会	112.589929	35.130647	1	80	97	政府机构
419001103220	西平新村村民委员会	112.499290	35.077090	0	25	55	乡镇
419001003007	马寨居民委员会	112.575399	35.102947	1	80	95	政府机构
419001108207	北姚村民委员会	112.602000	35.067101	0	14	37	城市
419001106219	冢上村民委员会	112.715698	35.090900	0	25	55	乡镇
419001104224	南山村民委员会	112.062600	35.058281	0	30	72	村庄
419001004003	东石露头居民委员会	112.565655	35.094657	1	80	95	政府机构
419001105209	郝山村民委员会	112.483445	34.957840	0	18	49	乡镇
419001104232	黄楝树村民委员会	112.143955	35.210373	1	80	97	政府机构
419001108211	涧北村民委员会	112.493281	35.115034	1	80	97	政府机构
419001004015	西马蓬河东居民委员会	112.565655	35.094657	1	80	94	政府机构
419001107222	董岭村民委员会	112.314310	35.043490	0	30	72	村庄
419001100226	青多村民委员会	112.554545	35.190223	0	16	65	乡镇
419001110226	北桐村民委员会	112.602000	35.067101	0	14	37	城市
419001103236	下观村民委员会	112.499290	35.077090	0	25	55	乡镇
419001003011	药园居民委员会	112.575399	35.102947	1	80	94	政府机构
419001103237	虎岭村民委员会	112.405717	35.096467	1	80	97	政府机构
419001003010	庙后居民委员会	112.575399	35.102947	1	80	94	政府机构
419001100227	新庄村民委员会	112.544469	35.148841	0	30	72	村庄
419001110227	吴村村民委员会	112.253520	35.082221	0	30	72	村庄
419001107223	大奎岭村民委员会	112.287450	35.016160	0	30	72	村庄
419001104233	郝坡村民委员会	112.133500	35.160921	0	25	55	乡镇
419001108210	张村村民委员会	112.442963	35.166036	0	16	65	乡镇
419001004014	西马蓬河西居民委员会	112.565655	35.094657	1	80	94	政府机构
419001105208	白道河村民委员会	112.527629	34.960948	0	50	82	UNKNOWN
419001108206	石牛村民委员会	112.519160	35.113949	0	30	72	村庄
419001104225	唐山村民委员会	112.083480	35.051320	0	30	72	村庄
419001106218	北荣村民委员会	112.711447	35.065038	1	80	100	政府机构
419001004002	柴庄居民委员会	112.565655	35.094657	1	80	95	政府机构
419001103221	韩村村民委员会	112.545676	35.085044	0	30	72	村庄
419001003006	纸坊居民委员会	112.575399	35.102947	1	80	95	政府机构
419001110231	前凹村民委员会	112.193865	35.043701	0	16	47	乡镇
419001100231	西许村民委员会	112.607107	35.131555	1	80	97	政府机构
419001005003	西水屯居民委员会	112.615530	35.092670	1	80	94	政府机构
419001105224	苇园村民委员会	112.483445	34.957840	0	18	49	乡镇
419001107219	王坑村民委员会	112.285220	35.045729	0	30	72	村庄
419001109207	石匣村民委员会	112.289306	35.162175	0	16	47	乡镇
419001104209	刘寨村民委员会	112.112080	35.135800	0	30	72	村庄
419001106234	永太村民委员会	112.715698	35.090900	0	25	55	乡镇
419001001017	济水苑社区居民委会	112.571719	35.081911	1	80	94	政府机构
419001101230	西坡村民委员会	112.668715	35.106401	0	30	72	村庄
419001002007	东园居民委员会	112.586863	35.089518	0	30	47	乡镇
419001102220	柏林村民委员会	112.644970	34.995310	0	30	72	村庄
419001001001	东马蓬居民委员会	112.571719	35.081911	1	80	95	政府机构
419001101226	莲东村民委员会	112.701042	35.159411	0	18	49	乡镇
419001002011	玉仙社区居民委员会	112.600194	35.088437	0	60	80	地产小区
419001104248	七沟河村民委员会	112.081310	35.159020	0	30	72	UNKNOWN
419001102236	柿花沟村民委员会	112.599552	35.029356	0	18	49	乡镇
419001005015	石牛新村居民委员会	112.615530	35.092670	1	80	95	政府机构
419001109211	愚公村民委员会	112.289306	35.162175	0	16	47	乡镇
419001102261	槐滩村民委员会	112.599552	35.029356	0	18	49	乡镇
419001106222	桥头村民委员会	112.715698	35.090900	0	25	55	乡镇
419001102216	金河村村民委员会	112.647900	35.022630	0	30	72	村庄
419001101206	贺坡村民委员会	112.701042	35.159411	0	18	49	乡镇
419001102241	聂庄村民委员会	112.599552	35.029356	0	18	49	乡镇
419001106202	沙东村民委员会	112.765210	35.113210	0	30	72	村庄
419001004018	甘河居民委员会	112.565655	35.094657	1	80	94	政府机构
419001109231	五里桥村民委员会	112.289306	35.162175	0	16	47	乡镇
419001105212	佛涧村民委员会	112.483445	34.957840	0	18	66	乡镇
419001106214	大许村民委员会	112.715698	35.090900	0	25	55	乡镇
419001104229	小沟背村民委员会	112.201070	35.209580	0	30	72	村庄
419001102257	洪沟村民委员会	112.604330	35.007611	0	30	72	村庄
419001105204	柳峪沟村民委员会	112.483445	34.957840	0	18	49	乡镇
419001109227	桃花洞村民委员会	112.274220	35.126539	0	30	72	UNKNOWN
419001106243	东逢薛新村村民委员会	112.739735	35.079794	1	80	95	地产小区
419001101210	留村村民委员会	112.701042	35.159411	0	18	66	乡镇
419001004022	龙潭社区居民委员会	112.565655	35.094657	1	80	94	政府机构
419001108226	黄庄新村村民委员会	112.526120	35.119740	0	30	72	地产小区
419001106238	范庄村民委员会	112.321567	35.104578	1	80	97	政府机构
419001104205	卫凹村民委员会	112.133500	35.160921	0	25	70	乡镇
419001107215	曾庄村民委员会	112.368143	35.026705	0	25	55	乡镇
419001110211	官洗沟村民委员会	112.193865	35.043701	0	16	65	乡镇
419001100211	茶店村民委员会	112.554545	35.190223	0	16	47	乡镇
419001103201	承留村民委员会	112.501205	35.072160	1	80	97	政府机构
419001100207	北社村民委员会	112.554545	35.190223	0	16	47	乡镇
419001104244	北李凹村民委员会	112.133500	35.160921	0	25	55	乡镇
419001110207	北吴村民委员会	112.202060	35.075010	0	30	72	村庄
419001103217	南沟村民委员会	112.522380	35.050569	0	30	72	村庄
419001104213	碌碡村民委员会	112.133500	35.160921	0	25	55	乡镇
419001100250	逢南村民委员会	112.554545	35.190223	0	16	65	乡镇
419001005019	竹峪新村居民委员会	112.615530	35.092670	1	80	94	政府机构
419001107203	三岔河村民委员会	112.368143	35.026705	0	25	55	乡镇
419001103240	张河村民委员会	112.499290	35.077090	0	25	55	乡镇
