420222112201	河北村委会	115.044630	29.729550	0	30	72	村庄
420281002002	东风社区居民委员会	114.969710	30.097519	0	40	54	道路
420222456500	白杨村委会	115.209561	29.855095	1	80	100	政府机构
420222102201	七约村委会	115.294680	30.025269	0	16	38	乡镇
420203400598	冶钢农场虚拟居委会	115.110000	30.204700	0	18	42	区县
420281100218	祝铺村村民委员会	114.585430	29.987051	0	30	72	村庄
420203501004	八泉社区居委会	115.106921	30.207550	1	80	95	政府机构
420222111211	黄坪村委会	115.143740	29.575060	0	25	70	乡镇
420281004210	华井村村民委员会	114.963531	30.141669	1	80	97	政府机构
420222101211	金堡村委会	115.439950	29.855590	0	25	70	乡镇
420204402003	张家湾社区居委会	114.941745	30.204944	0	30	51	村庄
420281001012	五星社区居民委员会	114.973720	30.088647	1	80	94	政府机构
420281103208	马龙村村民委员会	114.800429	30.137574	0	30	72	村庄
420205198010	三岔路社区居委会	114.901000	30.206600	0	20	50	区县
420281003214	大泉村村民委员会	114.932421	30.060216	1	80	95	政府机构
420222104228	碧湖村委会	115.202039	30.025009	0	18	66	乡镇
420222106215	赛桥村委会	115.325334	29.906460	0	16	65	乡镇
420281401502	杨家洲分场	114.725320	30.322490	1	80	100	UNKNOWN
420222115205	蔡贤村委会	114.799814	29.814033	0	16	38	乡镇
420222105205	巷口村委会	115.057760	30.056831	0	30	72	村庄
420222100007	东岳社区居委会	115.207540	29.850009	1	80	100	政府机构
420281109202	三角桥村村民委员会	114.994530	30.053361	0	30	72	村庄
420204070010	柯尔山社区居委会	115.036501	30.193292	1	80	100	政府机构
420222106203	五马村委会	115.325334	29.906460	0	16	65	乡镇
420281003202	株林村村民委员会	114.932421	30.060216	1	80	97	政府机构
420281401001	练山社区居民委员会	114.721802	30.298938	0	20	41	乡镇
420222103001	韦源口社区居委会	115.244530	30.137171	0	25	47	乡镇
420222113001	木港社区居委会	115.255010	29.720170	0	25	55	乡镇
420222456404	南湖桥社区居委会	115.215000	29.830299	0	14	37	区县
420222100011	莲花池社区居委会	115.219760	29.833874	1	80	100	政府机构
420222105213	上堰村委会	115.093930	30.049610	0	30	72	村庄
420222115213	大湖村委会	114.827450	29.765661	0	30	72	村庄
420204070006	肖家铺社区居委会	115.034571	30.198974	1	80	97	政府机构
420281109214	五里界村村民委员会	115.026390	30.025450	0	30	72	村庄
420222102217	水运村委会	115.294680	30.025269	0	16	65	乡镇
420281002014	下黄社区居民委员会	114.822360	30.247881	0	30	58	UNKNOWN
420222112217	泉山村委会	115.031930	29.739905	0	16	65	乡镇
420281001004	湖滨社区居民委员会	114.973720	30.088647	1	80	94	政府机构
420204400028	神牛社区居委会	114.961000	30.173700	0	18	40	区县
420222101207	袁广村委会	115.439950	29.855590	0	25	47	乡镇
420281004206	大塘洲村村民委员会	114.963531	30.141669	1	80	97	政府机构
420222111207	胡桥村委会	115.049400	29.582420	0	30	72	村庄
420203502002	大智路社区居委会	115.074570	30.197391	1	80	95	政府机构
420222451400	率洲管理区	115.065310	29.779921	1	80	100	政府机构
420281070002	王太社区居民委员会	115.049330	30.137460	1	80	94	政府机构
420281108002	陈贵街社区居民委员会	114.823987	30.038091	0	18	40	乡镇
420205198006	胜利路社区居委会	114.901000	30.206600	0	20	50	区县
420281101223	庄咀村村民委员会	114.743880	30.171340	0	25	55	乡镇
420222455204	屋边村委会	115.218611	30.089239	0	25	67	工业园区
420281108215	南山村村民委员会	114.799400	29.996650	0	30	72	村庄
420281200220	华若村村民委员会	114.808120	30.082410	0	30	72	村庄
420222114212	下庄村委会	115.424520	29.756071	0	30	72	村庄
420222108231	龙井郭村委会	115.070877	29.863301	0	18	35	乡镇
420222104212	双堍村委会	115.202039	30.025009	0	18	40	乡镇
420222107202	下畈村委会	115.179274	29.951963	0	25	70	乡镇
420281100222	祝山村村民委员会	114.660020	29.948900	0	30	72	村庄
420203503003	牧羊湖社区居委会	115.071850	30.196731	0	25	47	旅游景点
420222110206	星潭村委会	114.950699	29.712728	1	80	100	政府机构
420222100206	官桥村委会	115.179470	29.865391	1	80	100	政府机构
420222113216	泉波村委会	115.255010	29.720170	0	25	47	乡镇
420281170209	王贵村委会	115.115397	30.132784	0	18	40	乡镇
420222103216	竹溪洲村委会	115.244530	30.137171	0	25	43	乡镇
420281102209	戴岭村村民委员会	114.713290	29.986840	0	30	72	村庄
420222100210	宝塔村委会	115.247581	29.842918	0	18	66	乡镇
420204403002	江洋社区居委会	114.961000	30.173700	0	18	35	区县
420222110210	马岭村委会	114.920804	29.660986	0	16	65	乡镇
420281101219	永光村村民委员会	114.791293	30.158868	0	30	72	村庄
420281401200	东风村村民委员会	114.738160	30.297209	0	30	72	村庄
420281003003	五里堤社区居民委员会	114.932421	30.060216	1	80	94	政府机构
420222106002	陶港社区居委会	115.325334	29.906460	0	16	47	乡镇
420222103200	棋盘村委会	115.278860	30.133959	0	30	72	村庄
420222113200	木港村委会	115.255010	29.720170	0	25	70	乡镇
420281070203	鹏程村委会	115.049330	30.137460	1	80	97	政府机构
420281108203	官堂垴村村民委员会	114.850687	30.065988	0	30	72	村庄
420281104220	前湖村村民委员会	114.866554	30.203583	0	25	55	乡镇
420281003238	焦和村村民委员会	114.932421	30.060216	1	80	97	政府机构
420222108227	长港村委会	115.030440	29.898709	0	30	72	村庄
420222114204	长圳村委会	115.336050	29.700959	0	30	72	村庄
420222105229	刘寿村委会	115.100479	30.049738	0	18	40	乡镇
420222107214	汪武颈村委会	115.113170	29.966780	0	30	58	UNKNOWN
420203007203	龙泉村村委会	115.174471	30.147055	1	80	100	政府机构
420222113220	太平村委会	115.271084	30.018760	1	80	100	政府机构
420281103204	火石村村民委员会	114.739300	30.135060	0	30	72	村庄
420222110230	辛田村委会	114.955882	29.616773	1	80	100	政府机构
420281100214	徐桥村村民委员会	114.559240	29.976800	0	30	72	村庄
420222107234	星街村委会	115.179274	29.951963	0	25	47	乡镇
420222105209	下垅村委会	115.100479	30.049738	0	18	66	乡镇
420222115209	南宋村委会	114.799814	29.814033	0	16	65	乡镇
420281107210	陈如海村村民委员会	114.859140	29.953849	0	30	72	村庄
420222104224	世英村委会	115.202039	30.025009	0	18	40	乡镇
420281003218	北河村村民委员会	114.902964	30.029488	0	30	72	村庄
420202070004	大码头社区居委会	115.051064	30.245865	1	80	100	政府机构
420222108207	下秦村委会	115.070877	29.863301	0	18	66	乡镇
420281200216	西洪村村民委员会	114.699870	30.036881	0	30	72	村庄
420281101002	民主街社区居民委员会	114.743880	30.171340	0	25	47	乡镇
420281104200	还桥村村民委员会	114.833220	30.206321	0	30	72	村庄
420222107222	青山村委会	115.010320	29.958280	0	30	72	村庄
420281107206	天灯村村民委员会	114.839260	29.909350	0	30	72	村庄
420281109218	小箕铺村村民委员会	115.036510	30.007939	0	30	72	村庄
420222108211	栗林村委会	115.070877	29.863301	0	18	66	乡镇
420222104232	舒垅村委会	115.202039	30.025009	0	18	40	乡镇
420281104216	桂树村村民委员会	114.825650	30.237061	0	30	72	村庄
420281200200	范道村村民委员会	114.761520	30.069301	0	30	72	村庄
420204400024	铜都社区居委会	114.953532	30.172238	1	80	100	政府机构
420281001008	桥虹社区居民委员会	114.973720	30.088647	1	80	94	政府机构
420281103212	锡山村村民委员会	114.847610	30.139350	0	30	72	村庄
420222110226	白岭村委会	114.920804	29.660986	0	16	65	乡镇
420281100202	鄂王城村村民委员会	114.548573	29.985776	0	30	72	村庄
420202402001	桂花湾社区	115.053300	30.214151	0	25	55	UNKNOWN
420281105217	朱铺村村民委员会	114.926430	29.872280	0	30	72	村庄
420222109210	立中村委会	114.929070	29.831371	0	16	65	乡镇
420202404004	天桥社区	115.097520	30.209769	1	80	100	地产小区
420281003222	胡庚村村民委员会	114.932421	30.060216	1	80	95	政府机构
420281101203	沼山村村民委员会	114.745100	30.147670	0	30	72	村庄
420281104001	新桥社区居民委员会	114.866554	30.203583	0	25	47	乡镇
420281004226	双港村村民委员会	114.963531	30.141669	1	80	95	政府机构
420281170205	大塘村委会	115.117260	30.135391	0	30	72	村庄
420203402205	新港村村委会	115.235720	30.154921	1	80	95	政府机构
420281102213	风桥村村民委员会	114.680290	30.005590	0	30	72	村庄
420281101215	西山村村民委员会	114.777160	30.187560	0	30	72	村庄
420281170213	黄荆头村委会	115.109140	30.117330	0	30	58	村庄
420281102205	岩峰村村民委员会	114.778550	29.982350	0	30	72	村庄
420222112221	下容村委会	115.031930	29.739905	0	16	38	乡镇
420281100003	虬川社区居民委员会	114.602469	29.986184	0	18	40	乡镇
420281105201	塘下村村民委员会	114.882870	29.958350	0	30	72	村庄
420281109222	袁家咀村村民委员会	115.060040	30.000611	0	30	72	村庄
420222115225	鲁山村委会	114.799814	29.814033	0	16	65	乡镇
420222109206	高桥村委会	114.962210	29.825210	0	30	72	村庄
420222107218	赤马村委会	115.179274	29.951963	0	25	70	乡镇
420222105225	陈宝村委会	115.100479	30.049738	0	18	66	乡镇
420222114208	沿冲村委会	115.403950	29.758450	0	25	47	乡镇
420281003234	熊家边村村民委员会	114.932421	30.060216	1	80	95	政府机构
420222104208	张畈村委会	115.224053	30.028121	1	80	100	政府机构
420222114209	南城村委会	115.351132	29.788519	0	30	72	村庄
420222104209	樟铺村委会	115.202039	30.025009	0	18	66	乡镇
420281003235	佘家畈村村民委员会	114.946699	30.067904	1	80	97	政府机构
420281100002	东街社区居民委员会	114.980000	30.095499	0	14	32	区县
420281105200	殷祖村村民委员会	114.892470	29.958960	0	30	72	村庄
420281109223	东角山村村民委员会	115.068800	30.017831	0	30	72	村庄
420222115224	谷贞村委会	114.799814	29.814033	0	16	38	乡镇
420222109207	藏河村委会	114.929070	29.831371	0	16	38	乡镇
420222105224	港沟村委会	115.100479	30.049738	0	18	66	乡镇
420222107219	上潘村委会	115.149980	29.960819	0	30	72	村庄
420281102204	子山村村民委员会	114.764770	29.997271	0	30	72	村庄
420222112220	陈山村委会	115.033010	29.678599	0	30	72	村庄
420281101214	高溪村村民委员会	114.779030	30.202950	0	30	72	村庄
420281170212	王叶村委会	115.103390	30.138530	0	30	72	村庄
420281102212	罗桥村村民委员会	114.678900	30.001190	0	30	72	村庄
420202403001	黄石港社区	115.066000	30.222801	0	18	49	区县
420281101202	盘茶村村民委员会	114.728900	30.155020	0	30	72	村庄
420281004227	官塘村村民委员会	114.963531	30.141669	1	80	95	政府机构
420281170204	竹林湾村委会	115.115397	30.132784	0	18	66	乡镇
420203402204	风波港村村委会	115.235720	30.154921	1	80	94	政府机构
420281108218	铜山口村村民委员会	114.841540	30.003080	0	30	72	村庄
420202404005	钟楼社区	115.092316	30.208046	1	80	100	地产小区
420281003223	踩畈村村民委员会	114.932421	30.060216	1	80	94	政府机构
420281105216	胡六村村民委员会	114.930700	29.875560	0	30	72	村庄
420222109211	八湘村委会	114.929070	29.831371	0	16	33	乡镇
420222110227	黄桥村委会	114.945010	29.601821	0	30	72	村庄
420281100203	秦畈村村民委员会	114.607961	29.938546	0	30	72	村庄
420281105001	殷祖街社区居民委员会	114.903643	29.889009	0	25	47	乡镇
420281001009	民主社区居民委员会	114.973720	30.088647	1	80	94	政府机构
420204400025	丰山社区居委会	114.961000	30.173700	0	18	35	区县
420281103213	仙山村村民委员会	114.852180	30.113329	0	30	72	村庄
420222108210	王志村委会	115.070877	29.863301	0	18	66	乡镇
420222104233	龙庄村委会	115.202039	30.025009	0	18	66	乡镇
420281104217	山庄村村民委员会	114.866554	30.203583	0	25	55	乡镇
420281200201	中门村村民委员会	114.763660	30.092461	0	30	72	村庄
420222107223	兴祖村委会	115.002550	29.915081	0	30	58	UNKNOWN
420281107207	三策村村民委员会	114.858150	29.915569	0	30	72	村庄
420281109219	港边村村民委员会	115.030790	29.975489	0	30	72	村庄
420281003219	畈陈村村民委员会	114.932421	30.060216	1	80	95	政府机构
420222104225	官路村委会	115.159590	30.031319	0	30	72	村庄
420202070005	锁前社区居委会	115.052810	30.243730	1	80	97	政府机构
420222108206	进中村委会	115.010550	29.882930	1	80	100	政府机构
420281200217	子禹村村民委员会	114.789030	30.062750	0	30	72	村庄
420281104201	红峰村村民委员会	114.900170	30.179750	0	30	72	村庄
420222105208	集会村委会	115.100479	30.049738	0	18	40	乡镇
420222107235	月星村委会	115.179274	29.951963	0	25	47	乡镇
420222115208	新街村委会	114.822810	29.840741	0	30	72	村庄
420281107211	刘文武村村民委员会	114.845130	29.955770	0	30	72	村庄
420222110231	郭家垅村委会	114.920804	29.660986	0	16	65	乡镇
420281100215	龙潭村村民委员会	114.554990	29.951719	0	30	72	村庄
420203007202	五湖村村委会	115.163540	30.142559	0	30	58	村庄
420222113221	石溪村委会	115.191460	29.753841	0	30	72	村庄
420281103205	白合村村民委员会	114.749876	30.127625	0	30	72	村庄
420222107215	韩家山村委会	115.179274	29.951963	0	25	70	乡镇
420222105228	继武村委会	115.100479	30.049738	0	18	40	乡镇
420222115228	钟泉村委会	114.799814	29.814033	0	16	38	乡镇
420281070202	路东村委会	115.049330	30.137460	1	80	95	政府机构
420281108202	堰畈桥村村民委员会	114.816680	30.062251	0	30	72	村庄
420281104221	土库村村民委员会	114.866554	30.203583	0	25	55	乡镇
420281003239	铜山村村民委员会	114.932421	30.060216	1	80	97	政府机构
420222104205	四松村委会	115.202039	30.025009	0	18	35	乡镇
420222108226	前山村委会	115.045320	29.838640	0	30	72	村庄
420222114205	水源村委会	115.319420	29.722600	0	30	72	村庄
420281101218	青山村村民委员会	114.786270	30.160809	0	30	72	村庄
420281401201	东沟闸村村民委员会	114.721802	30.298938	0	20	50	乡镇
420281003002	铁路桥社区居民委员会	114.932421	30.060216	1	80	94	政府机构
420222103201	东湖村委会	115.261030	30.147630	0	30	72	村庄
420222113201	坳头村委会	115.222840	29.726639	0	30	72	村庄
420281102208	南畈村村民委员会	114.747120	29.987539	0	30	72	村庄
420204403003	峰烈山社区居委会	114.961000	30.173700	0	18	32	区县
420222110211	钟山村委会	114.920804	29.660986	0	16	65	乡镇
420222113217	陈祠村委会	115.167550	29.755300	0	30	72	村庄
420281170208	刘铺村委会	115.115397	30.132784	0	18	66	乡镇
420203402208	石龙头村村委会	115.235720	30.154921	1	80	97	政府机构
420222103217	韦源口村委会	115.244530	30.137171	0	25	55	乡镇
420204400005	团结社区居委会	114.984500	30.180914	1	80	100	政府机构
420281100223	胡铁村村民委员会	114.654620	29.972860	0	30	72	村庄
420281109002	大箕铺社区居民委员会	115.016350	30.041381	1	80	100	政府机构
420203503002	石料山社区居委会	115.065469	30.196869	0	60	87	地产小区
420222110207	渡口村委会	114.920804	29.660986	0	16	65	乡镇
420222100207	用录村委会	115.247581	29.842918	0	18	40	乡镇
420222112001	排市社区居委会	115.031930	29.739905	0	16	47	乡镇
420222107203	吕广村委会	115.134460	29.989090	0	30	58	UNKNOWN
420222102001	滨江社区居委会	115.294680	30.025269	0	16	65	乡镇
420281108214	华垅村村民委员会	114.824580	30.044991	0	30	72	村庄
420281070214	路平村委会	115.049330	30.137460	1	80	97	政府机构
420281200221	洋湖村村民委员会	114.801930	30.097760	0	30	72	村庄
420222114213	花塘村委会	115.448930	29.768199	0	30	72	村庄
420222108230	彭家墩村委会	115.070877	29.863301	0	18	66	乡镇
420222104213	屋李村委会	115.202039	30.025009	0	18	40	乡镇
420281001005	荟萃社区居民委员会	114.973720	30.088647	1	80	94	政府机构
420281004207	十里铺村村民委员会	114.963531	30.141669	1	80	97	政府机构
420222101206	王曙村委会	115.399219	29.948315	1	80	100	政府机构
420222111206	桂源村委会	115.143740	29.575060	0	25	47	乡镇
420222451401	华谭村	115.051970	29.760591	0	25	55	乡镇
420203502003	磁湖社区居委会	115.079689	30.201312	1	80	100	政府机构
420281070003	金山社区居民委员会	115.049330	30.137460	1	80	94	政府机构
420281101222	茶山村村民委员会	114.765107	30.146966	0	30	72	村庄
420205198007	曹家林社区居委会	114.902095	30.201301	1	80	95	地产小区
420222102216	尖峰村委会	115.294680	30.025269	0	16	65	乡镇
420281002015	七里界社区居民委员会	114.969710	30.097519	0	40	56	道路
420222112216	官科村委会	115.031930	29.739905	0	16	65	乡镇
420222100010	五一社区居委会	115.233108	29.801844	1	80	100	政府机构
420222105212	下堰村委会	115.100479	30.049738	0	18	66	乡镇
420222115212	横溪村委会	114.856110	29.753349	0	30	72	村庄
420204070007	皇姑岭社区居委会	115.034571	30.198974	1	80	95	政府机构
420281109215	刘逊村村民委员会	115.021150	30.014880	0	30	72	村庄
420281003203	范铺村村民委员会	114.932421	30.060216	1	80	97	政府机构
420222106202	上徐村委会	115.225750	29.945050	0	30	72	村庄
420222456405	新杨社区居委会	115.215000	29.830299	0	14	46	区县
420222115204	王英村委会	114.799814	29.814033	0	16	65	乡镇
420222105204	珠龙村委会	115.100479	30.049738	0	18	66	乡镇
420222100006	三眼井社区居委会	115.247581	29.842918	0	18	66	乡镇
420281109203	新屋下村村民委员会	115.001550	30.058451	0	30	72	村庄
420222106214	网湖村委会	115.334860	29.859759	0	50	73	UNKNOWN
420222104229	上庄村委会	115.172410	30.033090	0	30	72	村庄
420281003215	柯庄村村民委员会	114.932421	30.060216	1	80	95	政府机构
420222111210	洞下村委会	115.143740	29.575060	0	25	70	乡镇
420281004211	下袁村村民委员会	114.963531	30.141669	1	80	95	政府机构
420281001013	永胜社区居民委员会	114.973720	30.088647	1	80	94	政府机构
420204402002	占爱宇社区居委会	114.941745	30.204944	0	30	72	村庄
420205198011	盛洪卿社区居委会	114.901000	30.206600	0	20	40	区县
420281103209	长山村村民委员会	114.805380	30.118240	0	30	72	村庄
420222112200	排市村委会	115.031930	29.739905	0	16	65	乡镇
420222456501	石震村委会	115.215000	29.830299	0	14	32	区县
420281002003	观山花园社区居民委员会	114.970270	30.104429	1	70	88	地产小区
420222102200	三洲村委会	115.300386	30.077069	1	80	100	政府机构
420202400498	江北虚拟社区	115.123599	30.237228	0	25	55	乡镇
420281100219	屏峰村村民委员会	114.626670	29.952629	0	30	72	村庄
420203501005	和平街社区居委会	115.105742	30.207810	1	80	100	政府机构
420203007205	龙山村村委会	115.195782	30.148447	1	80	100	政府机构
420204402009	东方路社区居委会	114.941745	30.204944	0	30	51	村庄
420281103202	向阳村村民委员会	114.739290	30.099669	0	30	72	村庄
420222110236	飞跃村委会	114.920804	29.660986	0	16	65	乡镇
420281002008	东鑫社区居民委员会	114.969710	30.097519	0	40	54	道路
420202402011	南岳社区	115.069930	30.219711	1	80	100	地产小区
420281100212	堰口村村民委员会	114.604010	29.999700	0	30	72	村庄
420222107232	吴东城村委会	115.179274	29.951963	0	25	55	乡镇
420281107216	东垅村村民委员会	114.980000	30.095499	0	14	37	区县
420281109208	高家堍村村民委员会	115.037094	30.053283	0	30	72	村庄
420222108201	沿镇村委会	115.068540	29.860411	0	30	58	乡镇
420222114222	刘冲村委会	115.403950	29.758450	0	25	70	乡镇
420202070002	老虎头社区居委会	115.048728	30.239365	1	80	95	地产小区
420222104222	刘政村委会	115.202039	30.025009	0	18	40	乡镇
420281104206	南石村村民委员会	114.861610	30.154300	0	30	72	村庄
420281200210	屋段村村民委员会	114.777180	30.063630	0	30	72	村庄
420222107224	巢门村委会	115.179274	29.951963	0	25	47	乡镇
420222105219	柯畈村委会	115.100479	30.049738	0	18	40	乡镇
420222115219	彭堍村委会	114.799814	29.814033	0	16	38	乡镇
420281107200	刘仁八村村民委员会	114.836790	29.935570	0	30	72	村庄
420281102002	灵乡铁矿社区居民委员会	114.749670	30.009860	0	25	43	乡镇
420281003208	柯湾村村民委员会	114.932421	30.060216	1	80	95	政府机构
420222106209	碧山村委会	115.325334	29.906460	0	16	65	乡镇
420222104234	太子村委会	115.202039	30.025009	0	18	66	乡镇
420222108217	玉堍村委会	115.070877	29.863301	0	18	40	乡镇
420281200206	仄船村村民委员会	114.726100	30.049370	0	30	72	村庄
420281104210	大井村村民委员会	114.806340	30.179610	0	30	72	村庄
420204400022	西花苑社区	114.948527	30.170038	1	75	100	地产小区
420281103214	伏三村村民委员会	114.811790	30.122760	0	30	72	村庄
420222108240	太泉村委会	115.070877	29.863301	0	18	40	乡镇
420222109001	三溪口社区居委会	114.943112	29.825738	1	80	100	政府机构
420222110220	石丘村委会	114.920804	29.660986	0	16	65	乡镇
420281100204	童畈村村民委员会	114.582960	30.032141	0	30	72	村庄
420202402007	红旗桥社区	115.079274	30.218805	1	75	100	地产小区
420281105211	巴庄村村民委员会	114.899250	29.976570	0	30	72	村庄
420222109216	世林村委会	114.929070	29.831371	0	16	65	乡镇
420222107208	土库村委会	115.079579	29.926163	1	80	100	政府机构
420202404002	湖滨路社区	115.050428	30.247983	0	25	100	道路
420281103003	富民社区居民委员会	114.798812	30.123209	0	18	40	乡镇
420222114218	石田村委会	115.324290	29.745080	0	30	72	村庄
420222104218	上港村委会	115.202039	30.025009	0	18	66	乡镇
420281003224	宋晚村村民委员会	114.932421	30.060216	1	80	97	政府机构
420202403006	黄印社区	115.058812	30.238819	1	80	100	地产小区
420281101205	农科村村民委员会	114.738410	30.190739	0	30	72	村庄
420281170203	马鞍山村委会	115.115397	30.132784	0	18	66	乡镇
420203402203	凉山村村委会	115.235720	30.154921	1	80	97	政府机构
420281004220	新建村村民委员会	114.963531	30.141669	1	80	95	政府机构
420281100228	西畈村村民委员会	114.576350	29.978941	0	30	72	村庄
420281102215	坳头村村民委员会	114.723890	30.008010	0	30	72	村庄
420281101213	大垅村村民委员会	114.767440	30.213261	0	30	72	村庄
420281170215	百花村委会	115.115397	30.132784	0	18	66	乡镇
420281102203	宫台村村民委员会	114.759640	30.011271	0	30	72	村庄
420281105207	江畈村村民委员会	114.926010	29.972800	0	30	72	村庄
420222105223	王崇村委会	115.100479	30.049738	0	18	40	乡镇
420222115223	高山村委会	114.799814	29.814033	0	16	47	乡镇
420222109200	龙泉村委会	114.961400	29.893750	0	30	72	村庄
420281108209	余洪村村民委员会	114.774180	30.034761	0	30	72	村庄
420281070209	四棵村委会	115.049330	30.137460	1	80	95	政府机构
420281003232	泉塘村村民委员会	114.932421	30.060216	1	80	97	政府机构
420222102207	花果村委会	115.339460	29.990009	0	30	72	村庄
420281002004	铜草花园社区居民委员会	114.976843	30.111534	1	70	88	地产小区
420222456506	原种村委会	115.215000	29.830299	0	14	32	区县
420222112207	洛元村委会	115.031930	29.739905	0	16	65	乡镇
420203501002	飞云社区居委会	115.106921	30.207550	1	80	97	政府机构
420222452400	半壁山管理区	115.425430	29.894471	1	80	100	政府机构
420204402005	管山社区居委会	114.941745	30.204944	0	30	51	村庄
420281001014	新美社区居民委员会	114.973720	30.088647	1	80	94	政府机构
420281004216	新进村村民委员会	114.963531	30.141669	1	80	95	政府机构
420222101217	富池口村委会	115.439950	29.855590	0	25	55	乡镇
420222111217	下栈村委会	115.107440	29.560160	0	30	58	宾馆
420281003212	优先村村民委员会	114.932421	30.060216	1	80	95	政府机构
420222106213	李才村委会	115.325334	29.906460	0	16	38	乡镇
420222100001	山川台社区居委会	115.206380	29.840119	1	80	100	政府机构
420222105203	八祥村委会	115.100479	30.049738	0	18	35	乡镇
420222115203	新屋村委会	114.844820	29.802990	0	30	72	村庄
420222110001	飞跃社区居委会	114.920804	29.660986	0	16	65	乡镇
420281109204	顶坜垴村村民委员会	115.018080	30.076300	0	30	72	村庄
420222106205	陶港村委会	115.325334	29.906460	0	16	65	乡镇
420281003204	平原村村民委员会	114.932421	30.060216	1	80	97	政府机构
420222456402	滨湖社区居委会	114.974019	30.095331	1	80	100	政府机构
420222115215	法隆村委会	114.799814	29.814033	0	16	65	乡镇
420222105215	港东村委会	115.100479	30.049738	0	18	66	乡镇
420222107228	公和村委会	115.179274	29.951963	0	25	70	乡镇
420222100017	火车站社区居委会	115.247581	29.842918	0	18	66	乡镇
420281109212	水南湾村村民委员会	115.051030	30.043030	0	30	72	村庄
420222112211	玉畈村委会	115.031930	29.739905	0	16	38	乡镇
420204401003	卫王社区居委会	114.961000	30.173700	0	18	40	区县
420281002012	怡和社区居民委员会	114.969710	30.097519	0	40	54	道路
420222102211	周堡村委会	115.258287	30.019715	1	80	100	政府机构
420281100208	官阁村村民委员会	114.558831	30.048984	0	30	72	村庄
420222111201	崩山村委会	115.143740	29.575060	0	25	70	乡镇
420222101201	丰山村委会	115.440200	29.825860	0	30	72	村庄
420281004200	徐家铺村村民委员会	114.963531	30.141669	1	80	97	政府机构
420281001002	保康社区居民委员会	114.973720	30.088647	1	80	94	政府机构
420281103218	祝山村村民委员会	114.885570	30.115521	0	30	72	村庄
420281101225	赤马村村民委员会	114.743880	30.171340	0	25	55	乡镇
420203502004	十五冶社区居委会	115.074570	30.197391	1	80	97	政府机构
420281070004	鹏程社区居民委员会	115.049330	30.137460	1	80	94	政府机构
420281108213	欧家港村村民委员会	114.845430	30.042990	0	30	72	村庄
420281200226	黄湾村村民委员会	114.777090	30.093570	0	30	72	村庄
420281070213	新农村委会	115.049330	30.137460	1	80	95	政府机构
420281104230	驾虹村村民委员会	114.866554	30.203583	0	25	55	乡镇
420222455202	西山村委会	115.218611	30.089239	0	25	67	工业园区
420281003228	龙角山村村民委员会	114.932421	30.060216	1	80	95	政府机构
420222104214	李姓村委会	115.202039	30.025009	0	18	40	乡镇
420222114214	樟桥村委会	115.403950	29.758450	0	25	70	乡镇
420222108237	三保村委会	115.070877	29.863301	0	18	66	乡镇
420203504001	黄思湾社区居委会	115.131835	30.195838	1	80	97	政府机构
420222107204	四丰村委会	115.179274	29.951963	0	25	70	乡镇
420203503005	八卦嘴社区居委会	115.075310	30.198681	1	80	97	UNKNOWN
420281102219	西畈李村村民委员会	114.669690	29.949319	0	30	72	村庄
420281100224	袁铺村村民委员会	114.678960	29.962999	0	30	72	村庄
420222100200	上街村委会	115.205380	29.840110	0	30	72	村庄
420222110200	石角村委会	114.873270	29.711510	0	30	72	村庄
420281101209	枫林村村民委员会	114.691800	30.224250	0	30	72	村庄
420204400002	胜利社区居委会	114.971651	30.173031	1	80	100	政府机构
420222103210	尧治村委会	115.207422	30.069189	1	80	100	政府机构
420222113210	吉山村委会	115.169100	29.691940	0	30	72	村庄
420281100232	林畈村村民委员会	114.555540	30.024899	0	30	72	村庄
420222110216	林上村委会	115.010820	29.625341	0	30	72	村庄
420204403004	袁家畈社区居委会	115.012190	30.196931	0	30	72	UNKNOWN
420281170219	徐斌村委会	115.115397	30.132784	0	18	40	乡镇
420222113206	宋山村委会	115.255010	29.720170	0	25	70	乡镇
420222103206	鲤鱼海村委会	115.277150	30.112120	0	30	58	UNKNOWN
420281003005	铜绿山矿社区居民委员会	114.932421	30.060216	1	80	94	政府机构
420281104226	下畈村村民委员会	114.856050	30.240489	0	30	72	村庄
420281070205	明港村委会	115.049330	30.137460	1	80	97	政府机构
420281108205	李河村村民委员会	114.843380	30.083400	0	30	72	村庄
420222108221	东山村委会	115.162880	29.874400	0	30	72	村庄
420222114202	汪源村委会	115.403950	29.758450	0	25	70	乡镇
420281004001	街道社区居民委员会	114.963935	30.141663	1	80	100	政府机构
420222107212	荣山村委会	115.179274	29.951963	0	25	70	乡镇
420222107213	珠林村委会	115.179274	29.951963	0	25	70	乡镇
420281104227	高垴村村民委员会	114.866554	30.203583	0	25	55	乡镇
420281070204	张冲村委会	115.049330	30.137460	1	80	95	政府机构
420281108204	袁伏二村村民委员会	114.823987	30.038091	0	18	49	乡镇
420222108220	泉池村委会	115.070877	29.863301	0	18	40	乡镇
420222114203	杨柳村委会	115.338450	29.665730	0	30	72	村庄
420222111001	洋港街社区居委会	115.143740	29.575060	0	25	55	乡镇
420222101001	富池口社区居委会	115.436128	29.865171	1	80	100	政府机构
420281170218	曾家湾村委会	115.115397	30.132784	0	18	66	乡镇
420222113207	下彭村委会	115.255010	29.720170	0	25	70	乡镇
420222103207	柏林村委会	115.244530	30.137171	0	25	55	乡镇
420281003004	井巷社区居民委员会	114.932421	30.060216	1	80	94	政府机构
420222110217	官庄村委会	114.970120	29.627369	0	30	72	村庄
420204403005	王寿社区居委会	114.987090	30.200270	0	30	72	村庄
420281101208	牛山村村民委员会	114.743880	30.171340	0	25	55	乡镇
420204400003	康宁社区居委会	114.961000	30.173700	0	18	40	区县
420222103211	谭家畈村委会	115.257460	30.102350	0	30	58	UNKNOWN
420222113211	北山村委会	115.174700	29.666590	0	30	72	村庄
420203503004	花园路社区居委会	115.071850	30.196731	0	25	47	旅游景点
420281100225	下边村村民委员会	114.663650	29.982410	0	30	72	村庄
420281102218	曹铺村村民委员会	114.756850	29.921791	0	30	72	村庄
420222100201	太垴村委会	115.247581	29.842918	0	18	40	乡镇
420222110201	阮家畈村委会	114.920804	29.660986	0	16	65	乡镇
420222107205	白沙铺村委会	115.179274	29.951963	0	25	70	乡镇
420281108212	天台山村村民委员会	114.863450	29.995350	0	30	72	村庄
420281070212	大路村委会	115.049330	30.137460	1	80	97	政府机构
420281200227	大鲁村村民委员会	114.789940	30.079540	0	30	72	村庄
420281104231	长岭村村民委员会	114.866554	30.203583	0	25	55	乡镇
420222455203	凡庄村委会	115.218611	30.089239	0	25	67	工业园区
420222104215	筠合村委会	115.202039	30.025009	0	18	40	乡镇
420281003229	赵保村村民委员会	114.946699	30.067904	1	80	97	政府机构
420222114215	坳上村委会	115.403950	29.758450	0	25	70	乡镇
420222108236	阿冯村委会	115.070877	29.863301	0	18	40	乡镇
420222111200	洋港村委会	115.143740	29.575060	0	25	70	乡镇
420222101200	港下村委会	115.439950	29.855590	0	25	70	乡镇
420281001003	胜利社区居民委员会	114.973720	30.088647	1	80	94	政府机构
420281101224	李华村村民委员会	114.743880	30.171340	0	25	55	乡镇
420281103219	红卫村村民委员会	114.870150	30.103540	0	30	72	村庄
420205198001	友爱街社区居委会	114.899033	30.205257	1	80	100	政府机构
420203502005	陈家湾社区居委会	115.086227	30.202781	1	80	100	政府机构
420281070005	奥美社区居民委员会	115.049330	30.137460	1	80	94	政府机构
420222112210	铁铺村委会	115.031930	29.739905	0	16	65	乡镇
420281002013	下冯社区居民委员会	114.974120	30.112399	0	30	58	UNKNOWN
420204401002	庙宇垴社区居委会	114.940685	30.172527	1	80	100	政府机构
420222102210	营盘村委会	115.295150	30.097081	0	30	72	村庄
420222115214	杉木村委会	114.799814	29.814033	0	16	65	乡镇
420222107229	同斗村委会	115.179274	29.951963	0	25	47	乡镇
420222105214	港西村委会	115.100479	30.049738	0	18	66	乡镇
420222100016	马蹄湖社区居委会	115.247581	29.842918	0	18	49	乡镇
420204070001	马鞍山社区居委会	115.034571	30.198974	1	80	97	政府机构
420281109213	方至畈村村民委员会	115.048600	30.022500	0	30	72	村庄
420281003205	牯羊村村民委员会	114.932421	30.060216	1	80	97	政府机构
420222106204	江荣村委会	115.325334	29.906460	0	16	38	乡镇
420222456403	燕子口社区居委会	115.215000	29.830299	0	14	37	区县
420222105202	金寨村委会	115.063330	30.082971	0	30	72	村庄
420222115202	附坝村委会	114.799814	29.814033	0	16	38	乡镇
420281109205	下曹村村民委员会	115.029750	30.081320	0	30	72	村庄
420222106212	程法村委会	115.312973	30.010080	1	80	100	政府机构
420281003213	栖儒村村民委员会	114.932421	30.060216	1	80	95	政府机构
420281001015	伍桥社区居民委员会	114.973720	30.088647	1	80	94	政府机构
420204402004	占本六社区居委会	114.941745	30.204944	0	30	72	村庄
420222101216	小雅村委会	115.439950	29.855590	0	25	70	乡镇
420281004217	民爱村村民委员会	114.963531	30.141669	1	80	95	政府机构
420222111216	新城村委会	115.143740	29.575060	0	25	55	乡镇
420222102206	凤凰村委会	115.306870	30.006791	0	30	72	村庄
420281002005	康乐社区居民委员会	114.969710	30.097519	0	40	54	道路
420222112206	石坑村委会	115.031930	29.739905	0	16	65	乡镇
420222452401	半壁山社区居委会	115.427080	29.895951	1	70	92	UNKNOWN
420203501003	月亮山社区居委会	115.106921	30.207550	1	80	95	政府机构
420281108208	小雷山村村民委员会	114.818590	30.028511	0	30	72	村庄
420281070208	宝山村委会	115.049330	30.137460	1	80	95	政府机构
420281003233	八角垴村村民委员会	114.932421	30.060216	1	80	97	政府机构
420281105206	五庄村村民委员会	114.923000	29.966060	0	30	72	村庄
420281100004	金牛社区居民委员会	114.602469	29.986184	0	18	40	乡镇
420222105222	姜祥村委会	115.100479	30.049738	0	18	40	乡镇
420222115222	车前村委会	114.799814	29.814033	0	16	65	乡镇
420222109201	上余村委会	114.952715	29.875739	1	80	100	政府机构
420281102202	长坪村村民委员会	114.743900	30.010530	0	30	72	村庄
420281101212	桂花村村民委员会	114.751470	30.215540	0	30	72	村庄
420281170214	枯树咀村委会	115.119580	30.130341	0	30	58	UNKNOWN
420281102214	风亭村村民委员会	114.703260	30.022791	0	30	72	村庄
420281100229	贺桥村村民委员会	114.644690	30.000141	0	30	72	村庄
420202403007	延安岭社区	115.066000	30.222801	0	18	35	区县
420281101204	金塘村村民委员会	114.737330	30.168830	0	30	72	村庄
420281170202	分水岭村委会	115.115397	30.132784	0	18	66	乡镇
420203402202	大排山村村委会	115.235720	30.154921	1	80	97	政府机构
420222108001	浮屠街社区居委会	115.088500	29.903288	0	40	77	道路
420222111220	车梁村委会	115.133630	29.637581	0	30	58	UNKNOWN
420281004221	桃花村村民委员会	114.963531	30.141669	1	80	95	政府机构
420202404003	胜阳港社区	115.091277	30.214708	1	80	100	地产小区
420222114219	大桥村委会	115.403950	29.758450	0	25	55	乡镇
420281003225	德贤村村民委员会	114.932421	30.060216	1	80	95	政府机构
420222104219	筠岭村委会	115.202039	30.025009	0	18	40	乡镇
420281105210	南昌村村民委员会	114.899910	29.988020	0	30	72	村庄
420222109217	田西村委会	114.929070	29.831371	0	16	65	乡镇
420222107209	平原村委会	115.069790	29.918671	0	30	72	村庄
420222108241	山下村委会	115.072380	29.900650	0	30	72	村庄
420222110221	大力村委会	114.920804	29.660986	0	16	65	乡镇
420281100205	雷畈村村民委员会	114.589720	30.030951	0	30	72	村庄
420202402006	楠竹林社区	115.035210	30.220670	0	60	100	UNKNOWN
420204400023	铜花社区居委会	114.959422	30.170381	1	80	100	政府机构
420281103215	白云村村民委员会	114.829330	30.129831	0	30	72	村庄
420222106208	龙门村委会	115.300710	29.922750	0	30	72	村庄
420281003209	程湾村村民委员会	114.932421	30.060216	1	80	97	政府机构
420222108216	周通村委会	115.070877	29.863301	0	18	40	乡镇
420281200207	天一村村民委员会	114.733210	30.085019	0	30	72	村庄
420281104211	燎原村村民委员会	114.866554	30.203583	0	25	55	乡镇
420222105218	坎下村委会	115.100479	30.049738	0	18	66	乡镇
420222107225	舒畈村委会	115.179274	29.951963	0	25	70	乡镇
420222115218	团林村委会	114.799814	29.814033	0	16	65	乡镇
420281107201	大庄村村民委员会	114.824560	29.927951	0	30	72	村庄
420222108200	白浪村委会	115.070877	29.863301	0	18	66	乡镇
420222114223	石塘村委会	115.421960	29.736681	0	30	72	村庄
420202070003	天虹社区居委会	115.052810	30.243730	1	80	97	政府机构
420222104223	塘埠村委会	115.202039	30.025009	0	18	66	乡镇
420281104207	北泉村村民委员会	114.847880	30.158310	0	30	72	村庄
420281200211	余祠村村民委员会	114.788570	30.044219	0	30	72	村庄
420222453498	荆头山虚拟村	115.121520	29.805791	1	80	94	UNKNOWN
420222107233	坪湖林村委会	115.095333	29.991639	1	80	100	政府机构
420281107217	金柯村村民委员会	114.832020	29.869521	0	30	72	村庄
420281109209	叶花香村村民委员会	115.035460	30.045269	0	30	72	村庄
420222110237	阳辛村委会	114.920804	29.660986	0	16	38	乡镇
420281002009	馨园社区居民委员会	114.968671	30.108582	0	30	47	乡镇
420202402010	亚光社区	115.053300	30.214151	0	25	47	UNKNOWN
420281100213	胡胜村村民委员会	114.621980	29.983679	0	30	72	村庄
420203007204	下段村村委会	115.179680	30.158501	0	25	55	乡镇
420281103203	山下村村民委员会	114.737970	30.122419	0	30	72	村庄
420281003230	四斗粮村村民委员会	114.932421	30.060216	1	80	95	政府机构
420281104228	板桥村村民委员会	114.866554	30.203583	0	25	55	乡镇
420222109202	冠塘村委会	114.939970	29.848531	0	30	58	村庄
420222115221	添胜村委会	114.799814	29.814033	0	16	38	乡镇
420222105221	枫树村委会	115.100479	30.049738	0	18	66	乡镇
420281105205	洪口村村民委员会	114.909750	29.938549	0	30	72	村庄
420222110218	朝阳村委会	115.003920	29.626961	0	30	72	村庄
420281102201	张河村村民委员会	114.690800	29.942290	0	30	72	村庄
420222113208	枣园村委会	115.203330	29.695210	0	30	72	村庄
420281170217	沿湖村委会	115.087450	30.138220	0	30	72	村庄
420222103208	罗于丘村委会	115.244530	30.137171	0	25	47	乡镇
420281101211	南阳村村民委员会	114.749580	30.191920	0	30	72	村庄
420281102217	芭山村村民委员会	114.733800	29.940399	0	30	72	村庄
420281004222	吴天铺村村民委员会	114.963531	30.141669	1	80	95	政府机构
420281402598	四顾山虚拟村村民委员会	114.980000	30.095499	0	14	32	区县
420203402201	石磊山村村委会	115.235720	30.154921	1	80	97	政府机构
420281170201	章畈村委会	115.149600	30.139169	0	30	58	UNKNOWN
420222108002	北煞湖社区居委会	115.215000	29.830299	0	14	37	区县
420202403004	纺织社区	115.062740	30.237871	1	80	100	地产小区
420281101207	芦嘴村村民委员会	114.714765	30.211660	0	30	72	村庄
420281003226	门楼村村民委员会	114.932421	30.060216	1	80	95	政府机构
420222108239	下汪村委会	115.070877	29.863301	0	18	66	乡镇
420281200228	袁大村村民委员会	114.740560	30.032330	0	30	72	村庄
420281103001	新村社区居民委员会	114.798812	30.123209	0	18	40	乡镇
420222109214	三溪口村委会	114.929070	29.831371	0	16	65	乡镇
420281105213	继堂村村民委员会	114.935016	29.892843	0	30	72	村庄
420281100206	晏公村村民委员会	114.596040	29.971020	0	30	72	村庄
420202402005	凤凰山社区	115.055610	30.221831	1	75	100	地产小区
420222110222	大桥村委会	114.976040	29.735399	0	30	72	村庄
420222108242	芦湖村委会	115.070877	29.863301	0	18	40	乡镇
420281103216	车桥村村民委员会	114.850680	30.119549	0	30	72	村庄
420204400020	陆家铺社区	114.973572	30.175625	1	70	100	UNKNOWN
420281104212	下堰村村民委员会	114.805750	30.195470	0	30	72	村庄
420281200204	上汪村村民委员会	114.748410	30.091390	0	30	72	村庄
420222108215	塘堍村委会	115.156433	29.864624	1	80	100	政府机构
420281107202	腰村村民委员会	114.811020	29.927000	0	30	72	村庄
420222107226	山口村委会	115.193130	29.951251	0	30	72	村庄
420281200212	彭晚村村民委员会	114.757930	30.050481	0	30	72	村庄
420281104204	秀山村村民委员会	114.880180	30.187601	0	30	72	村庄
420222104220	老屋村委会	114.942567	29.595403	1	80	100	政府机构
420222114220	湖田村委会	115.403950	29.758450	0	25	70	乡镇
420222108203	森铺村委会	115.070877	29.863301	0	18	40	乡镇
420281107214	东山村村民委员会	114.852480	29.971879	0	30	72	村庄
420222107230	金龙村委会	115.149750	29.961729	0	30	72	村庄
420281100210	吴伟村村民委员会	114.610870	30.005360	0	30	72	村庄
420222102209	黄颡口村委会	115.294680	30.025269	0	16	38	乡镇
420222110234	荻湖村委会	114.920804	29.660986	0	16	38	乡镇
420222112209	下桥村委会	115.118050	29.701381	0	30	72	村庄
420281103200	土桥村村民委员会	114.827580	30.138241	0	30	72	村庄
420281004218	榨桥村村民委员会	114.963531	30.141669	1	80	95	政府机构
420222111219	湾塘村委会	115.100940	29.620759	0	30	72	村庄
420222113224	仓下村委会	115.255010	29.720170	0	25	70	乡镇
420222107210	墩福村委会	115.179274	29.951963	0	25	47	乡镇
420281105209	新屋村村民委员会	114.905130	29.993140	0	30	72	村庄
420222114200	五合村委会	115.403950	29.758450	0	25	70	乡镇
420222108223	十八折村委会	115.070877	29.863301	0	18	40	乡镇
420281070207	金山村委会	115.049330	30.137460	1	80	95	政府机构
420281108207	上罗村村民委员会	114.820350	30.094411	0	30	72	村庄
420281104224	走驹村村民委员会	114.866554	30.203583	0	25	55	乡镇
420222103204	茅村村委会	115.244530	30.137171	0	25	70	乡镇
420222113204	漆祠村委会	115.255010	29.720170	0	25	47	乡镇
420281103220	朝阳村村民委员会	114.863690	30.101569	0	30	72	村庄
420222110214	上泉村委会	114.920804	29.660986	0	16	65	乡镇
420281100230	高河村村民委员会	114.557130	30.007649	0	30	72	村庄
420222113212	西垅村委会	115.255010	29.720170	0	25	70	乡镇
420222103212	新港村委会	115.224230	30.134060	0	30	72	村庄
420202403008	万达社区居委会	115.066000	30.222801	0	18	40	区县
420222110202	汪家垅村委会	114.920804	29.660986	0	16	65	乡镇
420281100226	胡铺村村民委员会	114.660070	29.987340	0	30	72	村庄
420222109218	木林村委会	114.999640	29.789451	0	30	72	村庄
420222107206	石茂村委会	115.179274	29.951963	0	25	70	乡镇
420203504003	叶家塘社区居委会	115.131835	30.195838	1	80	97	政府机构
420222108235	朝六村委会	115.070877	29.863301	0	18	40	乡镇
420222114216	枫林村委会	115.403950	29.758450	0	25	55	乡镇
420222104216	半山董村委会	114.871053	29.913581	1	80	100	政府机构
420281104232	梅咀村村民委员会	114.866554	30.203583	0	25	55	乡镇
420222455200	左家铺村委会	115.217250	30.085619	0	30	58	UNKNOWN
420281108211	矿山村村民委员会	114.844950	30.015170	0	30	72	村庄
420281070211	钟山村委会	115.049330	30.137460	1	80	97	政府机构
420281200224	学堂村村民委员会	114.737020	30.042490	0	30	72	村庄
420281101227	友谊村村民委员会	114.740560	30.170740	0	30	72	村庄
420205198002	冶矿路社区居委会	114.902016	30.202779	1	80	100	政府机构
420222101203	富池村委会	115.439950	29.855590	0	25	47	乡镇
420222104001	太子街社区居委会	115.183780	30.027522	0	40	77	道路
420222114001	枫林街社区居委会	115.403950	29.758450	0	25	55	乡镇
420222111203	沙地村委会	115.161900	29.592670	0	30	72	村庄
420202402009	市建村社区	115.053300	30.214151	0	25	47	UNKNOWN
420281002010	风华路社区居民委员会	114.978240	30.105268	0	50	73	道路
420204401001	长乐山社区居委会	114.961000	30.173700	0	18	35	区县
420222102213	上严村委会	115.290776	30.010961	1	80	100	政府机构
420222112213	山田村委会	115.031930	29.739905	0	16	65	乡镇
420204070002	青龙山社区居委会	115.029849	30.201956	1	80	100	政府机构
420281109210	柳林村村民委员会	115.041990	30.037289	0	30	72	村庄
420222105217	下刘村委会	115.100479	30.049738	0	18	66	乡镇
420222100015	李家湾社区居委会	115.247581	29.842918	0	18	66	乡镇
420222115217	东山村委会	114.914720	29.769709	0	30	72	村庄
420222456400	综合管理区	115.207430	29.869199	1	80	100	政府机构
420281200208	茗山村村民委员会	114.746730	30.063340	0	30	72	村庄
420281003206	石任村村民委员会	114.932421	30.060216	1	80	97	政府机构
420222106207	青龙村委会	115.305560	29.941661	0	30	72	村庄
420222108219	太屋村委会	115.070877	29.863301	0	18	40	乡镇
420281107218	郑沟村村民委员会	114.815400	29.890280	0	30	72	村庄
420281109206	凤凰村村民委员会	115.036690	30.068569	0	30	72	村庄
420222115201	隧洞村委会	114.799814	29.814033	0	16	38	乡镇
420222100003	桃花泉社区居委会	115.208140	29.841619	1	80	100	政府机构
420222105201	子向村委会	115.100479	30.049738	0	18	40	乡镇
420281104208	东庄村村民委员会	114.828090	30.168301	0	30	72	村庄
420222106211	向录村委会	115.325334	29.906460	0	16	33	乡镇
420281003210	下方村村民委员会	114.932421	30.060216	1	80	95	政府机构
420205198014	木栏社区居委会	114.901000	30.206600	0	20	41	区县
420222455001	七约山社区居委会	115.218611	30.089239	0	25	50	工业园区
420222111215	燕窠村委会	115.143740	29.575060	0	25	70	乡镇
420222101215	大雅村委会	115.439950	29.855590	0	25	47	乡镇
420281004214	石洪甫村村民委员会	114.963531	30.141669	1	80	97	政府机构
420222112205	硖石村委会	115.031930	29.739905	0	16	65	乡镇
420222110238	上曾村委会	114.920804	29.660986	0	16	65	乡镇
420222102205	泵站村委会	115.294680	30.025269	0	16	38	乡镇
420222456504	焦山村委会	115.215000	29.830299	0	14	46	区县
420281002006	朝阳社区居民委员会	114.969710	30.097519	0	40	54	道路
420281102220	毛铺村村民委员会	114.762610	29.918711	0	30	72	村庄
420203501001	临江社区居委会	115.106921	30.207550	1	80	97	政府机构
420222112204	梅潭村委会	115.031930	29.739905	0	16	65	乡镇
420222102204	太平村委会	115.271084	30.018760	1	80	100	政府机构
420281002007	向阳社区居民委员会	114.969710	30.097519	0	40	54	道路
420222456505	良荐村委会	115.215000	29.830299	0	14	32	区县
420222111214	小港村委会	115.126460	29.622201	0	30	72	村庄
420204402006	官塘社区居委会	114.941745	30.204944	0	30	58	村庄
420281004215	大林山村村民委员会	114.963531	30.141669	1	80	97	政府机构
420222101214	孟铺村委会	115.439950	29.855590	0	25	47	乡镇
420281104209	郭桥村村民委员会	114.846980	30.172390	0	30	72	村庄
420281003211	汪拳村村民委员会	114.932421	30.060216	1	80	95	政府机构
420222106210	碧庄村委会	115.348180	29.912260	0	30	58	村庄
420281107219	上纪村村民委员会	114.791200	29.907049	0	30	72	村庄
420281109207	曹家堍村村民委员会	115.016125	30.060215	0	30	72	村庄
420222115200	泉丰村委会	114.799814	29.814033	0	16	65	乡镇
420222110002	阳辛社区居委会	114.920804	29.660986	0	16	47	乡镇
420222100002	陵园社区居委会	115.247581	29.842918	0	18	66	乡镇
420222105200	大港村委会	115.052930	30.083751	0	30	72	村庄
420222456401	双港社区居委会	115.215000	29.830299	0	14	46	区县
420281200209	鹤桥村村民委员会	114.761350	30.062051	0	30	72	村庄
420222106206	王桥村委会	115.286760	29.952720	0	30	72	村庄
420281003207	田垅村村民委员会	114.932421	30.060216	1	80	95	政府机构
420222108218	下屋村委会	115.070877	29.863301	0	18	66	乡镇
420204070003	箭楼下社区居委会	115.034571	30.198974	1	80	97	政府机构
420281109211	叶家庄村村民委员会	115.052210	30.037240	0	30	72	村庄
420222105216	南山村委会	115.100480	30.036520	0	30	72	村庄
420222100014	上街社区居委会	115.247581	29.842918	0	18	66	乡镇
420222115216	谷保村委会	114.799814	29.814033	0	16	38	乡镇
420202402008	海观山社区	115.088459	30.216768	0	60	100	UNKNOWN
420281002011	叶家坝社区居民委员会	114.969710	30.097519	0	40	56	道路
420222102212	金星村委会	115.295140	30.022170	0	30	72	村庄
420222112212	日清村委会	115.031930	29.739905	0	16	38	乡镇
420205198003	建设路社区居委会	114.902229	30.208877	1	80	100	政府机构
420281101226	磨山村村民委员会	114.743880	30.171340	0	25	55	乡镇
420222101202	上巢村委会	115.439950	29.855590	0	25	47	乡镇
420281004203	港湖村村民委员会	114.963531	30.141669	1	80	97	政府机构
420281001001	建设社区居民委员会	114.973720	30.088647	1	80	94	政府机构
420222111202	田畔村委会	115.143740	29.575060	0	25	70	乡镇
420222108234	吴智村委会	115.070877	29.863301	0	18	40	乡镇
420222114217	杨山村委会	115.455020	29.792999	0	30	72	村庄
420222104217	陈堡村委会	115.216090	29.990359	0	30	72	村庄
420281104233	塘桥村村民委员会	114.811230	30.232290	0	30	72	村庄
420222455201	径源村委会	115.218611	30.089239	0	25	41	工业园区
420281108210	刘家畈村村民委员会	114.773550	30.004651	0	30	72	村庄
420281200225	均畈村村民委员会	114.778410	30.097450	0	30	72	村庄
420281070210	王坛村委会	115.049330	30.137460	1	80	97	政府机构
420222109219	八斗村委会	114.874241	30.127532	1	80	100	政府机构
420222107207	石和村委会	115.098600	29.937399	0	30	58	UNKNOWN
420203504002	新建社区居委会	115.131835	30.195838	1	80	97	政府机构
420222115001	泉丰社区居委会	114.799814	29.814033	0	16	47	乡镇
420222110203	车桥村委会	114.920804	29.660986	0	16	65	乡镇
420281100227	沈畈村村民委员会	114.574030	29.999061	0	30	72	村庄
420222113213	漆桥村委会	115.255010	29.720170	0	25	47	乡镇
420204400001	大塘社区居委会	114.961000	30.173700	0	18	40	区县
420222103213	沙湖村委会	115.215120	30.124329	0	30	72	村庄
420222110215	坜上村委会	114.920804	29.660986	0	16	47	乡镇
420222103205	三保村委会	115.244530	30.137171	0	25	70	乡镇
420222113205	贺洞村委会	115.255010	29.720170	0	25	47	乡镇
420281103221	仕秦村村民委员会	114.861600	30.095089	0	30	72	村庄
420281004002	长安社区居民委员会	114.963531	30.141669	1	80	94	政府机构
420222104201	德夫村委会	115.202039	30.025009	0	18	40	乡镇
420222114201	月朗村委会	115.277490	29.643389	0	30	58	UNKNOWN
420222108222	陈秀村委会	115.070877	29.863301	0	18	40	乡镇
420281070206	圣水泉村委会	115.049330	30.137460	1	80	94	政府机构
420281108206	马鞍山村村民委员会	114.846630	30.106760	0	30	72	村庄
420281104225	靠垴村村民委员会	114.850560	30.236879	0	30	72	村庄
420222107211	高椅村委会	115.179274	29.951963	0	25	70	乡镇
420281105208	南山村村民委员会	114.884140	29.866311	0	30	72	村庄
420281103201	马坪村村民委员会	114.724000	30.129420	0	30	72	村庄
420281004219	中堰村村民委员会	114.963531	30.141669	1	80	97	政府机构
420203007206	滨湖村村委会	115.198931	30.138173	1	80	100	政府机构
420222113225	双泉村委会	115.255010	29.720170	0	25	55	乡镇
420222111218	坳上村委会	115.143740	29.575060	0	25	70	乡镇
420202402012	王家里社区	115.053300	30.214151	0	25	55	UNKNOWN
420281100211	泉波村村民委员会	114.577910	29.953811	0	30	72	村庄
420222102208	菖湖村委会	115.294680	30.025269	0	16	38	乡镇
420222112208	西元村委会	115.104670	29.712289	0	30	72	村庄
420222110235	金坪村委会	114.920804	29.660986	0	16	65	乡镇
420281107215	岩山村村民委员会	114.836830	29.983790	0	30	72	村庄
420222107231	五珠村委会	115.179274	29.951963	0	25	70	乡镇
420281200213	张谦村村民委员会	114.747960	30.039000	0	30	72	村庄
420281104205	屏山村村民委员会	114.866040	30.203119	0	30	72	村庄
420222104221	洪桥村委会	115.202039	30.025009	0	18	66	乡镇
420281170001	汪仁居委会	115.115397	30.132784	0	18	66	乡镇
420203402001	闸口社区居委会	115.235720	30.154921	1	80	97	政府机构
420222114221	杨桥村委会	115.369700	29.729521	0	30	72	村庄
420222108202	山泉村委会	115.049700	29.888880	0	30	72	村庄
420202070001	花湖社区居委会	115.052810	30.243730	1	80	95	政府机构
420281107203	下纪村村民委员会	114.770500	29.911011	0	30	72	村庄
420281102001	街道社区居民委员会	114.749670	30.009860	0	25	70	乡镇
420222107227	石清村委会	115.184790	29.937991	0	30	72	村庄
420281104213	煤矿村村民委员会	114.835070	30.193641	0	30	72	村庄
420281200205	朱山村村民委员会	114.750270	30.079320	0	30	72	村庄
420222108214	获田村委会	115.070877	29.863301	0	18	40	乡镇
420281103217	新楼村村民委员会	114.861440	30.131870	0	30	72	村庄
420204400021	友谊社区	114.961000	30.173700	0	18	40	区县
420281100207	黄泥村村民委员会	114.654140	30.010831	0	30	72	村庄
420202402004	覆盆山社区	115.071532	30.228760	1	80	100	地产小区
420222110223	南山村委会	115.045370	29.613840	0	30	72	村庄
420222109215	石牛村委会	114.929070	29.831371	0	16	47	乡镇
420281105212	董口村村民委员会	114.917890	29.942009	0	30	72	村庄
420281003227	港岭村村民委员会	114.932421	30.060216	1	80	95	政府机构
420222108238	张畈村委会	115.224053	30.028121	1	80	100	政府机构
420202404001	文化宫社区	115.066000	30.222801	0	18	35	区县
420281004223	敖山村村民委员会	114.963531	30.141669	1	80	95	政府机构
420203402200	道仕袱村村委会	115.110000	30.204700	0	18	30	区县
420281170200	汪仁村委会	115.115397	30.132784	0	18	40	乡镇
420202403005	青山湖社区	115.066450	30.235511	1	80	100	地产小区
420281101206	黄海村村民委员会	114.711240	30.188751	0	30	72	村庄
420281102216	大畈村村民委员会	114.732950	30.004979	0	30	72	村庄
420222113209	子山村委会	115.255010	29.720170	0	25	47	乡镇
420281170216	庆洪村委会	115.115397	30.132784	0	18	40	乡镇
420222103209	广言村委会	115.244530	30.137171	0	25	47	乡镇
420281101210	西海村村民委员会	114.743880	30.171340	0	25	55	乡镇
420222110219	门楼村委会	114.984200	29.639920	0	30	72	村庄
420281102200	贺铺村村民委员会	114.731850	29.928749	0	30	72	村庄
420222109203	柏树村委会	114.961540	29.854790	0	30	72	村庄
420222115220	杨林村委会	114.773070	29.861370	0	30	72	村庄
420222105220	下街村委会	115.123250	30.048281	0	30	72	村庄
420281105204	赤山村村民委员会	114.914670	29.965209	0	30	72	村庄
420281003231	黄家献村村民委员会	114.932421	30.060216	1	80	95	政府机构
420281104229	新畈村村民委员会	114.866554	30.203583	0	25	55	乡镇
420222109208	丫吉村委会	114.929070	29.831371	0	16	38	乡镇
420222107216	大林村委会	115.129050	29.992191	0	30	72	村庄
420222114206	宋新村委会	115.343930	29.753543	1	80	100	政府机构
420222108225	献甲村委会	115.070877	29.863301	0	18	40	乡镇
420222104206	大洪村委会	115.190560	30.068991	0	30	72	村庄
420281104222	黄金湖村村民委员会	114.866554	30.203583	0	25	55	乡镇
420281070201	王太村委会	115.049330	30.137460	1	80	95	政府机构
420281108201	江添受村村民委员会	114.807420	30.052660	0	30	72	村庄
420222113202	塘畔村委会	115.255010	29.720170	0	25	70	乡镇
420281003001	马叫社区居民委员会	114.932421	30.060216	1	80	94	政府机构
420281401202	走马洲村村民委员会	114.721802	30.298938	0	20	50	乡镇
420222103202	韦山村委会	115.244530	30.137171	0	25	70	乡镇
420222110212	河东村委会	114.951380	29.652890	0	30	72	村庄
420222103214	金盆村委会	115.244530	30.137171	0	25	70	乡镇
420281004228	两塘村村民委员会	114.963531	30.141669	1	80	95	政府机构
420204400006	老下陆社区居委会	114.993131	30.181092	1	80	100	政府机构
420222113214	学诗村委会	115.255010	29.720170	0	25	47	乡镇
420222100204	银山村委会	115.247581	29.842918	0	18	66	乡镇
420222110204	大桥铺村委会	114.920804	29.660986	0	16	65	乡镇
420281109001	熊家洲社区居民委员会	115.014300	30.095341	0	30	58	UNKNOWN
420203503001	胡家湾社区居委会	115.057911	30.186755	1	80	100	政府机构
420281100220	小泉村村民委员会	114.622690	29.935999	0	30	72	村庄
420222107200	梁公铺村委会	115.179274	29.951963	0	25	43	乡镇
420203504005	马家嘴社区居委会	115.131835	30.195838	1	80	95	政府机构
420281105219	畈段村村民委员会	114.878510	29.896201	0	30	72	村庄
420222104210	港泉村委会	115.214411	30.027475	1	80	100	政府机构
420222108233	湖彭村委会	115.070877	29.863301	0	18	40	乡镇
420222114210	大畈村委会	115.369580	29.745785	0	30	72	村庄
420281108217	洋塘村村民委员会	114.820900	30.008971	0	30	72	村庄
420281200222	九龙村村民委员会	114.791670	30.105700	0	30	72	村庄
420281104234	黄岗村村民委员会	114.866554	30.203583	0	25	55	乡镇
420281101221	莲花村村民委员会	114.775620	30.149931	0	30	72	村庄
420205198004	矿山路社区居委会	114.895876	30.212677	1	80	100	政府机构
420222451402	河头屋村	115.088570	29.756979	0	30	100	村庄
420222111205	泉口村委会	115.100420	29.579539	0	30	72	村庄
420281001006	车站社区居民委员会	114.973720	30.088647	1	80	94	政府机构
420281004204	马家塘村村民委员会	114.963531	30.141669	1	80	97	政府机构
420222101205	沙村村委会	115.400624	29.931802	1	80	100	政府机构
420222112215	后坑村委会	115.031930	29.739905	0	16	65	乡镇
420222110228	高黄村委会	114.920804	29.660986	0	16	65	乡镇
420222102215	沙港村委会	115.294680	30.025269	0	16	65	乡镇
420281002016	观山社区居民委员会	114.969857	30.104098	0	40	65	UNKNOWN
420281107208	大段村村民委员会	114.868845	29.917255	0	30	72	村庄
420281109216	石家堍村村民委员会	115.019175	30.016275	0	30	72	村庄
420222115211	倪家村委会	114.873250	29.752130	0	30	72	村庄
420222105211	莲花村委会	115.099700	30.069849	0	30	72	村庄
420281104218	马石村村民委员会	114.866554	30.203583	0	25	55	乡镇
420222456406	五里湖社区居委会	115.238930	29.811741	0	30	72	村庄
420281003200	马叫村村民委员会	114.932421	30.060216	1	80	97	政府机构
420222106201	朱应村委会	115.325334	29.906460	0	16	38	乡镇
420281109200	后畈村村民委员会	115.025080	30.037650	0	30	72	村庄
420222105207	中庄村委会	115.075850	30.057061	0	30	72	村庄
420222100005	五马坊社区居委会	115.247581	29.842918	0	18	49	乡镇
420222115207	大田村委会	114.865120	29.833379	0	30	72	村庄
420281200218	柯胡村村民委员会	114.787660	30.071160	0	30	72	村庄
420281401500	水产养殖场	114.721802	30.298938	0	20	50	乡镇
420281003216	巴塘村村民委员会	114.932421	30.060216	1	80	95	政府机构
420222108209	华道村委会	115.087446	29.912201	1	80	100	政府机构
420205198012	龙衢湾社区居委会	114.901000	30.206600	0	20	40	区县
420222101213	五庄村委会	115.439950	29.855590	0	25	47	乡镇
420281004212	罗桥村村民委员会	114.963531	30.141669	1	80	97	政府机构
420281001010	和平社区居民委员会	114.973720	30.088647	1	80	94	政府机构
420204402001	东方山社区居委会	114.941745	30.204944	0	30	58	村庄
420222111213	上畈村委会	115.143740	29.575060	0	25	70	乡镇
420222107001	星街社区居委会	115.179274	29.951963	0	25	55	乡镇
420222456502	彭山村委会	115.215000	29.830299	0	14	46	区县
420222102203	军山村委会	115.294680	30.025269	0	16	65	乡镇
420222112203	上王村委会	115.047380	29.712140	0	30	72	村庄
420281003241	黄坪山村村民委员会	114.932421	30.060216	1	80	95	政府机构
420281003236	下四房村村民委员会	114.946699	30.067904	1	80	97	政府机构
420222108229	西边良村委会	115.070877	29.863301	0	18	35	乡镇
420222105227	长林村委会	115.126420	30.061331	0	30	72	村庄
420222109204	军林村委会	114.929070	29.831371	0	16	38	乡镇
420222115227	谷才村委会	114.799814	29.814033	0	16	38	乡镇
420281109220	八流村村民委员会	115.021850	29.982830	0	30	72	村庄
420281100001	西街社区居民委员会	114.602469	29.986184	0	18	40	乡镇
420281105203	丁山村村民委员会	114.884120	29.942771	0	30	72	村庄
420222112223	红山村委会	114.972350	29.673999	0	30	72	村庄
420281102207	红峰村村民委员会	114.744110	29.973059	0	30	72	村庄
420281170211	四连山村委会	115.115397	30.132784	0	18	40	乡镇
420281101217	塘湾村村民委员会	114.754140	30.174911	0	30	72	村庄
420222110208	孔志村委会	114.920804	29.660986	0	16	38	乡镇
420222100208	南市村委会	115.247581	29.842918	0	18	66	乡镇
420281102211	大庄村村民委员会	114.686730	29.986750	0	30	72	村庄
420203402207	二港村村委会	115.235720	30.154921	1	80	95	政府机构
420281170207	天井咀村委会	115.157790	30.114630	0	30	58	UNKNOWN
420222113218	排港村委会	115.151390	29.724689	0	30	58	UNKNOWN
420281004224	鄢畈村村民委员会	114.963531	30.141669	1	80	95	政府机构
420202403002	新闸社区	115.066000	30.222801	0	18	40	区县
420281101201	桃树村村民委员会	114.731590	30.159820	0	30	72	村庄
420281003220	姜桥村村民委员会	114.932421	30.060216	1	80	95	政府机构
420202404006	南京路社区	115.092650	30.212639	1	80	100	地产小区
420222109212	竹林村委会	115.017498	29.786392	0	30	72	村庄
420222105231	江垅村委会	115.100479	30.049738	0	18	66	乡镇
420281105215	花市村村民委员会	114.903880	29.889070	0	30	72	村庄
420281100200	金畈村村民委员会	114.635650	30.025731	0	30	72	村庄
420202402003	沈家营社区	115.072300	30.228572	0	40	100	UNKNOWN
420222110224	月台村委会	115.015200	29.625750	0	30	72	村庄
420222112219	中山村委会	115.052440	29.671850	0	30	72	村庄
420205198008	新村社区居委会	114.894098	30.201978	1	80	100	政府机构
420281103210	永丰村村民委员会	114.830700	30.156301	0	30	72	村庄
420222101209	林岩村委会	115.439950	29.855590	0	25	70	乡镇
420281004208	金桥村村民委员会	114.963531	30.141669	1	80	97	政府机构
420204400026	新星社区居委会	114.961000	30.173700	0	18	40	区县
420222111209	下畈村委会	115.143740	29.575060	0	25	70	乡镇
420281200202	晏庄村村民委员会	114.766360	30.071871	0	30	72	村庄
420281104214	红光村村民委员会	114.848880	30.200309	0	30	72	村庄
420222104230	四门村委会	115.202039	30.025009	0	18	66	乡镇
420222108213	汪佐村委会	115.070877	29.863301	0	18	40	乡镇
420204070008	杭州东路社区居委	115.034571	30.198974	1	80	97	政府机构
420281107204	刘桥村村民委员会	114.844860	29.934740	0	30	72	村庄
420222107220	坑头村委会	115.043860	29.961040	0	30	72	村庄
420281104202	团结村村民委员会	114.880040	30.162741	0	30	72	村庄
420281200214	柯畈村村民委员会	114.757160	30.036971	0	30	72	村庄
420202070006	天方社区居委会	115.052810	30.243730	1	80	97	政府机构
420222108205	方林村委会	115.018200	29.847080	0	30	58	村庄
420222104226	官山村委会	115.161490	30.014609	0	30	72	村庄
420281107212	张石村村民委员会	114.867710	29.948950	0	30	72	村庄
420222100009	熊家垴社区居委会	115.204850	29.864419	0	30	72	UNKNOWN
420222107236	三房村委会	115.179274	29.951963	0	25	70	乡镇
420281100216	水碓村村民委员会	114.567760	29.943110	0	30	72	村庄
420222110232	殊溪村委会	114.920804	29.660986	0	16	38	乡镇
420281103206	梅山村村民委员会	114.770690	30.125381	0	30	72	村庄
420203007201	章山村村委会	115.179520	30.159541	0	30	58	村庄
420222113222	丰台村委会	115.255010	29.720170	0	25	70	乡镇
420281103207	龙口村村民委员会	114.788088	30.115644	0	30	72	村庄
420222113223	岩下村委会	115.250710	29.746381	0	30	72	村庄
420281100217	胜桥村村民委员会	114.633470	29.975230	0	30	72	村庄
420222110233	界首村委会	114.920804	29.660986	0	16	65	乡镇
420281107213	秦垴村村民委员会	114.870120	29.965650	0	30	72	村庄
420222100008	张家垴社区居委会	115.175250	29.763530	0	30	72	UNKNOWN
420222107237	项家山村委会	115.179274	29.951963	0	25	70	乡镇
420281101001	团结街社区居民委员会	114.743880	30.171340	0	25	47	乡镇
420281104203	松山村村民委员会	114.880800	30.175681	0	30	72	村庄
420281200215	杨桥村村民委员会	114.733580	30.034030	0	30	72	村庄
420222108204	下李村委会	115.070877	29.863301	0	18	66	乡镇
420222104227	益昌村委会	115.202039	30.025009	0	18	66	乡镇
420204070009	石榴园社区居委会	115.034571	30.198974	1	80	97	政府机构
420281107205	八角亭村村民委员会	114.840830	29.918800	0	30	72	村庄
420222107221	新星村委会	115.060537	29.949997	1	80	100	政府机构
420281200203	边街村村民委员会	114.760520	30.077951	0	30	72	村庄
420281104215	军山村村民委员会	114.839353	30.230045	0	30	72	村庄
420222104231	济桥村委会	115.194190	30.049871	0	25	55	道路
420222108212	茶铺村委会	115.070877	29.863301	0	18	66	乡镇
420281102400	灵成工业园社区	114.725779	29.995690	1	70	100	UNKNOWN
420281103211	燕山村村民委员会	114.837050	30.139390	0	30	72	村庄
420205198009	铜鼓地社区居委会	114.899800	30.195496	1	80	100	政府机构
420281004209	王家庄村村民委员会	114.963531	30.141669	1	80	97	政府机构
420222101208	良畈村委会	115.439950	29.855590	0	25	47	乡镇
420204400027	孔雀苑社区委员会	114.961000	30.173700	0	18	35	区县
420222111208	潮坑村委会	115.143740	29.575060	0	25	70	乡镇
420281100201	南城村村民委员会	114.615870	30.038850	0	30	72	村庄
420202402002	师院社区	115.053300	30.214151	0	25	47	UNKNOWN
420222112218	王垴村委会	115.072600	29.679320	0	30	72	村庄
420222110225	茶辽村委会	114.920804	29.660986	0	16	38	乡镇
420222109213	黄冲村委会	114.929070	29.831371	0	16	65	乡镇
420222105230	金湖村委会	115.100479	30.049738	0	18	66	乡镇
420281105214	高墙村村民委员会	114.952920	29.943551	0	30	72	村庄
420281003221	港背村村民委员会	114.932421	30.060216	1	80	95	政府机构
420203402206	牯牛洲村村委会	115.235720	30.154921	1	80	95	政府机构
420281170206	磊山村委会	115.124290	30.098231	0	30	58	村庄
420222113219	田畈村委会	115.219330	29.750009	0	30	72	村庄
420281004225	春光村村民委员会	114.963531	30.141669	1	80	95	政府机构
420202403003	大桥社区	115.067008	30.243150	0	60	100	地产小区
420281101200	先锋村村民委员会	114.747210	30.157760	0	30	72	村庄
420281104002	河泾港社区居民委员会	114.754330	30.280611	0	30	58	UNKNOWN
420222110209	梧塘村委会	114.920804	29.660986	0	16	65	乡镇
420222100209	七里岗村委会	115.247581	29.842918	0	18	66	乡镇
420281102210	马桥村村民委员会	114.713690	29.979781	0	30	72	村庄
420281170210	柏树下村委会	115.136050	30.139891	0	30	72	村庄
420281101216	株树村村民委员会	114.762940	30.186151	0	30	72	村庄
420222112222	富山村委会	115.031930	29.739905	0	16	65	乡镇
420281102206	谈桥村村民委员会	114.757290	29.988220	0	30	72	村庄
420222105226	上街村委会	115.129506	30.036177	1	80	100	政府机构
420222109205	姜福村委会	114.929070	29.831371	0	16	38	乡镇
420222115226	下泉村委会	114.799814	29.814033	0	16	65	乡镇
420281109221	石应高村村民委员会	115.028033	30.029809	0	18	49	乡镇
420281105202	北山村村民委员会	114.921960	29.912929	0	30	72	村庄
420281003237	石花村村民委员会	114.932421	30.060216	1	80	97	政府机构
420222108228	烧厂村委会	115.070877	29.863301	0	18	40	乡镇
420281002001	新冶社区居民委员会	114.975260	30.101949	1	80	92	地产小区
420222456503	何垅村委会	115.215000	29.830299	0	14	32	区县
420222102202	海口村委会	115.294680	30.025269	0	16	65	乡镇
420222112202	万家村委会	115.127750	30.141748	1	80	100	政府机构
420281003240	上冯村村民委员会	114.932421	30.060216	1	80	95	政府机构
420205198013	熊家境社区居委会	114.901000	30.206600	0	20	40	区县
420281004213	团垴村村民委员会	114.963531	30.141669	1	80	97	政府机构
420222101212	张湾村委会	115.439950	29.855590	0	25	70	乡镇
420281001011	安平社区居民委员会	114.973720	30.088647	1	80	94	政府机构
420222111212	中罗村委会	115.143740	29.575060	0	25	70	乡镇
420281200219	下余村村民委员会	114.794870	30.071679	0	30	72	村庄
420281401501	开发场	114.721802	30.298938	0	20	67	乡镇
420281003217	谷文村村民委员会	114.932421	30.060216	1	80	95	政府机构
420222108208	公桥村委会	115.070877	29.863301	0	18	66	乡镇
420281109201	邓垅村村民委员会	115.008100	30.049141	0	30	72	村庄
420222105206	下海村委会	115.100479	30.049738	0	18	66	乡镇
420222100004	儒学垴社区居委会	115.207822	29.834134	1	80	95	地产小区
420222115206	毛坪村委会	114.799814	29.814033	0	16	65	乡镇
420281104219	后湖村村民委员会	114.866554	30.203583	0	25	55	乡镇
420222106200	官塘村委会	115.207556	29.932083	1	80	100	政府机构
420281003201	角田村村民委员会	114.932421	30.060216	1	80	97	政府机构
420281107209	大董村村民委员会	114.861560	29.938939	0	30	72	村庄
420204070005	陈伯臻社区居委会	115.034571	30.198974	1	80	97	政府机构
420281109217	柯大兴村村民委员会	115.035880	30.006169	0	30	72	村庄
420222115210	王文村委会	114.799814	29.814033	0	16	65	乡镇
420222100012	桥南社区居委会	115.247581	29.842918	0	18	49	乡镇
420222105210	贵湾村委会	115.100479	30.049738	0	18	66	乡镇
420222110229	石下村委会	114.943390	29.579811	0	30	72	村庄
420222112214	龙口村委会	115.113085	29.764680	0	30	72	村庄
420222102214	程法村委会	115.312973	30.010080	1	80	100	政府机构
420205198005	九龙洞社区居委会	114.896945	30.213413	1	80	95	地产小区
420281101220	大洪村村民委员会	114.790970	30.149039	0	30	72	村庄
420281070001	四棵社区居民委员会	115.049330	30.137460	1	80	95	政府机构
420203502001	澄月社区居委会	115.074570	30.197391	1	80	97	政府机构
420281108001	铜山口社区居民委员会	114.823987	30.038091	0	18	35	乡镇
420222111204	下磨村委会	115.143740	29.575060	0	25	70	乡镇
420281001007	武备社区居民委员会	114.973720	30.088647	1	80	94	政府机构
420222101204	郝矶村委会	115.439950	29.855590	0	25	47	乡镇
420281004205	青松村村民委员会	114.963531	30.141669	1	80	97	政府机构
420222104211	山海村委会	115.202039	30.025009	0	18	66	乡镇
420222108232	华垅村委会	115.070877	29.863301	0	18	66	乡镇
420222114211	坡山村委会	115.399700	29.755309	0	30	72	村庄
420281108216	王祠村村民委员会	114.805670	30.016400	0	30	72	村庄
420281200223	京南村村民委员会	114.774137	30.110962	0	30	72	村庄
420222107201	潘祥村委会	115.179274	29.951963	0	25	47	乡镇
420203504004	田园社区居委会	115.131835	30.195838	1	80	97	政府机构
420281105218	七冲村村民委员会	114.889390	29.913911	0	30	72	村庄
420222100205	滑石村委会	115.247581	29.842918	0	18	66	乡镇
420222110205	田铺村委会	115.387935	29.690067	1	80	100	政府机构
420281100221	小堰村村民委员会	114.645700	29.926351	0	30	72	村庄
420281004229	金墩村村民委员会	114.963531	30.141669	1	80	97	政府机构
420222103215	经天村委会	115.244530	30.137171	0	25	47	乡镇
420222113215	新湖村委会	115.180650	29.796960	0	30	72	村庄
420222110213	龙港村委会	114.920804	29.660986	0	16	65	乡镇
420204403001	老鹳庙社区	114.996923	30.186980	0	25	100	旅游景点
420222113203	金河村委会	115.285350	29.688809	0	30	72	村庄
420222103203	春湖村委会	115.244530	30.137171	0	25	47	乡镇
420222114207	漆坊村委会	115.365130	29.718901	0	30	58	UNKNOWN
420222108224	明九村委会	115.070877	29.863301	0	18	40	乡镇
420222104207	朋畈村委会	115.203478	30.030153	1	80	100	政府机构
420281108200	陈贵村村民委员会	114.814610	30.055181	0	30	72	村庄
420222109209	横山村委会	114.972800	29.803049	0	30	72	村庄
420222107217	枫树下村委会	115.179274	29.951963	0	25	70	乡镇
