430381103204	复兴村委会	112.368140	27.604201	0	30	72	村庄
430381113204	白杨村委会	112.085910	27.710239	0	30	72	村庄
430321106001	潭花居委会	112.786110	27.626170	1	80	100	政府机构
430381102229	和谐村	112.354828	27.523646	0	18	66	乡镇
430321108224	三富村委会	112.610147	27.474256	0	18	66	乡镇
430321114207	乌石村委会	112.661910	27.665531	0	30	72	村庄
430302100208	云龙村委会	112.971043	27.774949	0	30	72	村庄
430321113254	合金村委会	112.788560	27.788979	0	18	40	乡镇
430302001002	关圣殿社区居委会	112.909343	27.855194	1	80	95	地产小区
430381200216	新研村委会	112.575947	27.761561	0	18	40	村庄
430321108232	龙舞村委会	112.610147	27.474256	0	18	66	乡镇
430381103245	长青村	112.341206	27.621053	0	18	66	乡镇
430321100252	万荷村委会	112.971869	27.788348	0	25	47	乡镇
430302002004	三义井社区居委会	112.922211	27.862060	0	40	58	乡镇
430302007206	文昌村村委会	112.943399	27.870337	1	80	100	政府机构
430321112003	杉木桥居委会	112.670943	27.762455	0	18	49	乡镇
430321203217	严冲村委会	112.680793	27.560917	0	18	66	村庄
430321113242	同福村委会	112.788560	27.788979	0	18	49	乡镇
430381107251	荷花桥村委会	112.179353	27.860204	0	16	65	乡镇
430321102238	石荷村委会	112.959260	27.643301	0	25	47	乡镇
430321100205	八角村委会	112.971869	27.788348	0	25	70	乡镇
430373001004	杉山社区	112.940629	27.910388	1	80	95	地产小区
430321113215	九江村委会	112.788560	27.788979	0	18	66	乡镇
430321111228	烟山村委会	112.717120	27.821210	0	25	70	乡镇
430381110202	褒忠山村	112.308445	27.837701	0	18	49	乡镇
430321107256	龙潭村委会	112.685690	27.585929	0	30	72	村庄
430381104241	新石村委会	112.342280	27.788559	0	30	72	村庄
430381100202	洙津村委会	112.455336	27.645026	0	18	40	乡镇
430321103215	潭湖村委会	112.928690	27.552059	0	25	70	乡镇
430302100232	凤凰村委会	112.860865	27.961492	0	25	55	乡镇
430381111254	桐瑞台村	112.435900	27.766220	0	30	100	UNKNOWN
430321112243	青和村委会	112.670943	27.762455	0	18	66	乡镇
430321113002	电厂街居委会	112.788560	27.788979	0	18	49	乡镇
430302003005	火车站社区居委会	112.932588	27.867297	0	30	72	道路
430321111253	新中湾村委会	112.717120	27.821210	0	25	70	乡镇
430381106207	壶天村委会	112.046720	27.854330	0	40	65	UNKNOWN
430321100012	大湖塘居民委员会	112.985010	27.776570	0	30	58	村庄
430321115210	杏花村委会	112.889360	27.479040	0	30	72	餐饮
430302004001	和平社区居委会	112.897012	27.868653	1	80	100	政府机构
430381104001	潭台居委会	112.340425	27.727865	0	18	49	乡镇
430321106257	霞湾村委会	112.828729	27.638301	0	18	40	乡镇
430381105240	新城村	112.227450	27.723800	0	25	70	乡镇
430381114001	垦殖场居委会	112.524427	27.840588	0	18	49	乡镇
430381111203	青山村委会	112.427200	27.776971	0	30	72	村庄
430321105247	宏兴村委会	112.827452	27.728986	0	18	49	乡镇
430381112213	上峰村	112.597490	27.598131	0	30	100	村庄
430321111204	云湖村委会	112.717120	27.821210	0	25	70	乡镇
430381110238	云南村委会	112.308445	27.837701	0	18	66	乡镇
430321105251	三华村委会	112.827452	27.728986	0	18	66	乡镇
430302102219	棋盘村委会	112.810930	27.854789	0	30	72	村庄
430321108208	松柏村委会	112.614094	27.471721	1	80	100	政府机构
430381110003	柏树山居委会	112.308445	27.837701	0	18	49	乡镇
430381105201	棋梓村委会	112.227450	27.723800	0	25	47	乡镇
430321112255	白托寺村委会	112.670943	27.762455	0	18	35	乡镇
430321100004	富豪阁社区居委会	112.959432	27.774592	1	80	100	政府机构
430381112252	富民村委会	112.537719	27.629523	0	18	49	乡镇
430321111232	古湖村委会	112.717120	27.821210	0	25	70	乡镇
430381110218	龙冲村委会	112.308445	27.837701	0	18	66	乡镇
430321205224	东剑村委会	112.721758	27.611635	0	18	49	村庄
430381111235	双托村委会	112.446828	27.728335	0	18	66	乡镇
430321106261	涓江新村委会	112.828729	27.638301	0	18	35	乡镇
430304005002	半边街社区居委会	112.930826	27.801272	0	30	72	乡镇
430381004210	东岸村	112.557121	27.711339	0	18	100	道路
430321115226	友爱村委会	112.899670	27.465731	0	25	70	乡镇
430372100207	幸福村村委会	113.011630	27.965580	0	50	73	UNKNOWN
430381105221	普安村委会	112.227450	27.723800	0	25	70	乡镇
430381110259	两头塘村委会	112.308445	27.837701	0	18	49	乡镇
430381202231	花石村	112.263645	27.922667	0	18	66	村庄
430372100211	新民村村委会	113.011630	27.965580	0	50	68	UNKNOWN
430321109213	福霄村委会	112.498264	27.521328	0	18	40	乡镇
430321115230	昭金村委会	112.899670	27.465731	0	25	47	乡镇
430381113249	双潭村委会	112.134448	27.677889	0	18	66	乡镇
430381105237	水府村委会	112.227450	27.723800	0	25	55	乡镇
430321202236	大冲垅村委会	112.587878	27.543656	0	18	66	村庄
430381109214	高冲村委会	112.389480	27.869699	0	30	72	村庄
430302100212	仙女村委会	112.860865	27.961492	0	25	70	乡镇
430381002501	湘乡茶场村委会	112.511760	27.746543	0	30	72	道路
430321103219	中路铺村委会	112.932660	27.535699	1	70	88	UNKNOWN
430304006004	建设路社区居委会	112.922367	27.831622	0	30	72	乡镇
430321100209	水竹湾村委会	112.971869	27.788348	0	25	70	乡镇
430321102234	高丰村委会	112.959260	27.643301	0	25	70	乡镇
430302008002	高岭社区居委会	112.880935	27.887389	1	80	100	政府机构
430371001203	西塘村村委会	112.634130	27.490179	0	30	58	村庄
430381108002	铁炉塘居委会	112.443808	27.989788	0	18	49	乡镇
430302101004	新桥社区居委会	112.655111	27.840362	0	25	70	乡镇
430381001004	桑枣社区	112.535565	27.752976	0	30	72	乡镇
430381004206	东林村	112.557121	27.711339	0	18	100	道路
430304010001	红旗社区居委会	112.937244	27.847816	1	80	100	政府机构
430382203213	云源村委会	112.501317	27.977693	0	18	66	村庄
430381108215	石坝村委会	112.415417	28.038359	1	80	100	政府机构
430381200220	向韶村委会	112.646210	27.783910	0	30	72	村庄
430381112248	梅桥村委会	112.537719	27.629523	0	18	66	乡镇
430381002203	城西村	112.511760	27.746543	0	30	100	道路
430321114231	石峰村委会	112.660562	27.668789	0	18	49	乡镇
430321108212	高山寺村委会	112.610147	27.474256	0	18	66	乡镇
430371002004	新塘里社区居委会	112.937340	27.826959	1	80	100	政府机构
430321104231	双花村委会	112.878044	27.385347	0	25	70	乡镇
430381100222	洪山村委会	112.428410	27.693541	0	30	72	村庄
430382100201	清溪村委会	112.538200	27.923841	0	30	72	村庄
430302202201	砂子村村委会	112.879380	27.858979	0	30	58	村庄
430321100225	石壁村委会	112.971869	27.788348	0	25	70	乡镇
430321108245	桥头铺村委会	112.610147	27.474256	0	18	49	乡镇
430304004003	飞机坪社区居委会	112.939756	27.816379	0	30	72	乡镇
430381100234	大山冲村委会	112.455336	27.645026	0	18	66	乡镇
430321107260	花石村委会	112.763542	27.493850	0	16	47	乡镇
430381112209	横铺村委会	112.537719	27.629523	0	18	66	乡镇
430321113223	金风村委会	112.788560	27.788979	0	18	40	乡镇
430381003003	湖铁社区	112.506595	27.708989	0	25	70	乡镇
430381101219	界头村委会	112.437410	27.592204	0	18	66	乡镇
430321100233	高桥村委会	112.971869	27.788348	0	25	55	乡镇
430381113224	崇山村委会	112.134448	27.677889	0	18	66	乡镇
430382203205	瓦坪村委会	112.501317	27.977693	0	18	66	村庄
430304015215	竹埠村委会	113.008054	27.899120	0	20	67	乡镇
430381001205	联盟村	112.528900	27.747590	0	30	100	村庄
430321111249	狮山村委会	112.569940	27.898429	0	30	72	村庄
430381110263	金坪村	112.300780	27.835971	0	30	100	村庄
430321100008	砚井社区居委会	112.942077	27.782076	1	80	100	政府机构
430381104220	九雁村委会	112.340425	27.727865	0	18	35	乡镇
430302008203	先锋村村委会	112.907000	27.856200	0	16	47	区县
430381114220	泉湖村委会	112.518990	27.800430	0	30	72	村庄
430321109229	珠联村委会	112.498264	27.521328	0	18	40	乡镇
430302100228	晶鑫村委会	112.860865	27.961492	0	25	47	乡镇
430304015214	金群村村委会	113.008054	27.899120	0	20	67	乡镇
430381001204	金塘村	112.542390	27.756540	0	30	100	村庄
430321111248	响石村委会	112.717120	27.821210	0	25	70	乡镇
430373001208	石码村	112.940629	27.910388	1	80	100	地产小区
430381110262	紫云村	112.308445	27.837701	0	18	66	乡镇
430321100009	牛头岭社区居委会	112.945037	27.775866	1	80	95	地产小区
430381104221	新乐村委会	112.335450	27.728899	0	30	72	村庄
430302008202	建新村村委会	112.668621	27.880396	1	80	100	政府机构
430321203220	仓冲村委会	112.680793	27.560917	0	18	66	村庄
430302202216	花园村村委会	112.839129	27.872146	1	80	100	政府机构
430381003002	昆仑桥社区	112.525510	27.729180	0	30	100	道路
430381101218	荆泉村委会	112.437410	27.592204	0	18	40	乡镇
430381113225	增加村委会	112.134448	27.677889	0	18	66	乡镇
430304014002	牡丹社区居委会	112.895261	27.818705	0	25	70	乡镇
430304004002	芙蓉社区居委会	112.926854	27.829514	1	80	100	政府机构
430321103222	石狮村委会	112.928690	27.552059	0	25	70	乡镇
430321107261	和平村委会	112.763542	27.493850	0	16	47	乡镇
430321205209	文佳村委会	112.747483	27.597783	1	80	100	政府机构
430321108244	高强村委会	112.610147	27.474256	0	18	66	乡镇
430381109002	分路口居委会	112.411371	27.915657	1	80	100	政府机构
430321103234	群力村委会	112.992896	27.908491	1	80	100	政府机构
430302102202	清泉村委会	112.771631	27.874017	0	18	66	乡镇
430321108213	高屯村委会	112.610147	27.474256	0	18	66	乡镇
430371002005	吉安路社区居委会	112.952283	27.830011	1	80	97	政府机构
430321107220	石坝村委会	112.460923	27.695338	1	80	100	政府机构
430381112249	合兴村委会	112.537719	27.629523	0	18	66	乡镇
430381101222	永安村委会	112.439190	27.597070	0	30	72	村庄
430321102235	龙亭村委会	112.959260	27.643301	0	25	70	乡镇
430302008003	湘大社区居委会	112.885422	27.880648	0	25	55	乡镇
430381112232	东塘村委会	112.554310	27.620220	0	30	72	村庄
430304006005	湖湘社区居委会	112.934919	27.829858	1	80	95	地产小区
430381113248	东坪村委会	112.134448	27.677889	0	18	49	乡镇
430321202237	分水村委会	112.587878	27.543656	0	18	49	村庄
430304014203	五星村村委会	112.897653	27.806999	1	80	100	政府机构
430302100213	响塘村委会	112.832700	27.953270	0	30	72	村庄
430304001001	大板房社区居委会	112.912789	27.825751	1	80	95	地产小区
430381110258	石矶村委会	112.308445	27.837701	0	18	66	乡镇
430372100210	七星村村委会	112.516553	27.826151	1	80	100	政府机构
430381202230	普岭村委会	112.263645	27.922667	0	18	40	村庄
430321115231	龙凤村委会	112.965470	27.460341	0	30	72	村庄
430373200201	红星村委会	112.940629	27.910388	1	80	92	地产小区
430381109203	白田村委会	112.381168	27.903318	0	18	66	乡镇
430321100249	郭家桥村委会	112.971869	27.788348	0	25	70	乡镇
430372100206	玉屏村村委会	113.056206	27.995649	1	80	100	政府机构
430381106230	双坪村委会	112.077457	27.852573	0	18	66	乡镇
430382100001	韶山火车站社区居委会	112.529310	27.920910	0	60	87	火车站
430321106260	百水村委会	112.828729	27.638301	0	18	40	乡镇
430381004211	东胜村	112.557121	27.711339	0	18	100	道路
430304005003	九洲社区居委会	112.930826	27.801272	0	30	58	乡镇
430321111233	黄金村委会	112.712260	27.906860	0	30	72	村庄
430381112224	土桥村委会	112.510000	27.670409	0	30	72	村庄
430321205225	东边新村委会	112.721758	27.611635	0	18	49	村庄
430371002204	云和村村委会	113.014008	27.835057	0	20	41	乡镇
430381002003	红仑社区	112.511760	27.746543	0	30	72	道路
430382203208	杨林村委会	112.509760	27.948260	0	30	72	村庄
430321100005	凤形山社区居委会	112.960220	27.783356	1	80	100	政府机构
430381106210	中石村委会	112.077457	27.852573	0	18	66	乡镇
430302102218	泉塘子村委会	112.821810	27.855050	0	30	72	村庄
430382200218	湘韶村委会	112.486031	27.905598	0	18	40	村庄
430321108209	扶冲村委会	112.673757	27.552882	1	80	100	政府机构
430321202201	虎形山村委会	112.500517	27.551248	1	80	100	政府机构
430321106217	旺冲村委会	112.828729	27.638301	0	18	66	乡镇
430321112254	红佳村委会	112.670943	27.762455	0	18	40	乡镇
430381111243	军塘村委会	112.446828	27.728335	0	18	66	乡镇
430321205205	金湖村委会	112.721758	27.611635	0	18	66	村庄
430321105250	华中村委会	112.827452	27.728986	0	18	40	乡镇
430381106247	井湾村委会	112.444117	27.690697	1	80	100	政府机构
430321106240	来仪村委会	112.828729	27.638301	0	18	40	乡镇
430321105246	先丰桥村委会	112.827452	27.728986	0	18	49	乡镇
430321205213	胜利村委会	112.713780	27.607050	0	30	72	村庄
430321111205	石井铺村委会	112.717120	27.821210	0	25	70	乡镇
430321108248	福门村委会	112.610147	27.474256	0	18	40	乡镇
430321100228	黄竹村委会	112.971869	27.788348	0	25	70	乡镇
430381105241	连云村	112.227450	27.723800	0	25	70	乡镇
430302003004	公园社区居委会	112.902387	27.869810	1	80	100	政府机构
430321111252	东石村委会	112.717120	27.821210	0	25	55	乡镇
430302006206	建城村村委会	112.884370	27.857785	0	30	72	乡镇
430381106206	石狮村委会	112.077457	27.852573	0	18	66	乡镇
430321100013	花果山社区居民委员会	112.971869	27.788348	0	25	47	乡镇
430381108218	太平村委会	112.425443	28.002482	1	80	100	政府机构
430321115211	白石村委会	112.884040	27.471020	0	30	72	村庄
430321112242	联盟村委会	112.717380	27.775131	0	30	72	村庄
430321106201	射埠村委会	112.828729	27.638301	0	18	40	乡镇
430321202217	彭何村委会	112.587878	27.543656	0	18	40	村庄
430381109235	田新村	112.381168	27.903318	0	18	66	乡镇
430321113003	王家山社区居委会	112.788560	27.788979	0	18	49	乡镇
430321107257	新加村委会	112.763542	27.493850	0	16	65	乡镇
430381104240	石塘村委会	112.370213	27.683371	1	80	100	政府机构
430381105001	万罗山社区	112.227450	27.723800	0	25	70	乡镇
430302005001	大码头社区居委会	112.885626	27.840151	0	30	72	乡镇
430381113213	芬水村委会	112.134448	27.677889	0	18	40	乡镇
430321112239	莳竹塘村委会	112.711880	27.791360	0	30	72	村庄
430321100204	赤湖村委会	112.971869	27.788348	0	25	70	乡镇
430321102239	花塘村委会	112.959260	27.643301	0	25	55	乡镇
430373001005	船形山社区	112.940629	27.910388	1	80	95	地产小区
430321112002	横街居委会	112.670943	27.762455	0	18	66	乡镇
430381114217	楠香村委会	112.524427	27.840588	0	18	40	乡镇
430321203216	松梓村委会	112.680793	27.560917	0	18	66	村庄
430381200201	新村村委会	112.552245	27.762016	1	80	100	政府机构
430381100254	莲花桥村	112.455336	27.645026	0	18	66	乡镇
430321113243	雁银村委会	112.788560	27.788979	0	18	40	乡镇
430381109219	石江村委会	112.354800	27.935480	0	30	72	村庄
430381103244	仁谋村	112.535000	27.734100	0	14	64	区县
430321100253	安联村委会	112.971869	27.788348	0	25	47	乡镇
430302002005	洗脚桥社区居委会	112.922211	27.862060	0	40	51	乡镇
430302007207	湘竹村村委会	112.951635	27.880464	1	80	100	政府机构
430302102222	清亭村委会	112.771631	27.874017	0	18	40	乡镇
430321113255	华东村委会	112.788560	27.788979	0	18	66	乡镇
430302001003	和平桥社区居委会	112.909114	27.861364	0	40	72	乡镇
430321107216	中心村委会	112.787060	27.454001	0	30	72	村庄
430381104201	潭市村委会	112.340425	27.727865	0	18	40	乡镇
430381100242	四胜村委会	112.455336	27.645026	0	18	40	乡镇
430321109208	沿红村委会	112.498264	27.521328	0	18	35	乡镇
430321104206	樊田村委会	112.878044	27.385347	0	25	47	乡镇
430302102234	新城村委会	112.771631	27.874017	0	18	49	乡镇
430321103202	竹冲村委会	112.928690	27.552059	0	25	70	乡镇
430381100215	城埠村委会	112.433420	27.657781	0	30	58	UNKNOWN
430381102228	公略村委会	112.354828	27.523646	0	18	40	乡镇
430371002208	新华村村委会	112.973520	27.810250	0	30	58	村庄
430321107241	泥湾村委会	112.763542	27.493850	0	16	65	乡镇
430381110215	马龙村委会	112.271690	27.853179	0	30	72	村庄
430381112228	胡薮村委会	112.537719	27.629523	0	18	40	乡镇
430304008001	纱厂街社区居委会	112.957960	27.856931	1	80	95	地产小区
430321100212	杉荫村委会	112.911800	27.722470	1	80	100	政府机构
430321103209	凤形山村委会	112.837397	27.675534	1	80	100	政府机构
430381102223	桂花村委会	112.354828	27.523646	0	18	66	乡镇
430371002203	法华村村委会	113.014008	27.835057	0	20	67	乡镇
430381002004	新港社区	112.520270	27.739439	1	80	100	地产小区
430321106267	吟江村委会	112.834760	27.647371	0	30	58	UNKNOWN
430381100249	永桥村	112.455336	27.645026	0	18	66	乡镇
430381202221	江家村委会	112.263645	27.922667	0	18	66	村庄
430372100201	新湖村村委会	113.013290	27.911574	1	80	100	政府机构
430373200210	响水村委会	112.940629	27.910388	1	80	92	地产小区
430382100006	如意亭社区居委会	112.572432	27.920025	0	18	49	乡镇
430381113259	羊古村	112.174830	27.680391	0	30	100	村庄
430381109204	长江村委会	112.400610	27.939430	0	30	72	村庄
430321202226	较场村委会	112.587878	27.543656	0	18	66	村庄
430302100202	新泉村委会	112.860865	27.961492	0	25	55	乡镇
430321109215	西冲村委会	112.498264	27.521328	0	18	66	乡镇
430321113248	白鹿村委会	112.788560	27.788979	0	18	49	乡镇
430373200206	桐塘村委会	112.940629	27.910388	1	80	92	地产小区
430321100258	高岭村委会	112.971869	27.788348	0	25	55	乡镇
430321108238	天塘村委会	112.610147	27.474256	0	18	66	乡镇
430381105231	余庄村委会	112.227450	27.723800	0	25	70	乡镇
430304001006	瓦窑塘社区居委会	112.920677	27.819194	1	80	100	政府机构
430382200229	韶阳村	112.486031	27.905598	0	18	66	村庄
430381100208	万贯村委会	112.455336	27.645026	0	18	40	乡镇
430304006002	霞光社区居委会	112.921755	27.832005	1	80	100	政府机构
430302008004	花园社区居委会	112.855689	27.867565	1	80	100	政府机构
430371001205	农联村村委会	112.998860	27.853401	1	80	100	政府机构
430321102232	霞峰村委会	112.959260	27.643301	0	25	47	乡镇
430302101002	楠竹社区居委会	112.655111	27.840362	0	25	55	乡镇
430381001002	务门前社区	112.535629	27.734162	0	50	100	UNKNOWN
430304010007	长塘社区居委会	112.944611	27.840562	0	25	70	道路
430321107227	永仁村委会	112.763542	27.493850	0	16	38	乡镇
430321109239	明道村委会	112.532917	27.487516	1	80	95	UNKNOWN
430381002205	白托村	112.511760	27.746543	0	30	100	道路
430302102205	新和村委会	112.771631	27.874017	0	18	49	乡镇
430302100238	金侨村委会	112.860865	27.961492	0	25	47	乡镇
430381107220	大乐村委会	112.179353	27.860204	0	16	65	乡镇
430321112249	同庆村委会	112.670943	27.762455	0	18	66	乡镇
430321114237	大明村委会	112.660562	27.668789	0	18	66	乡镇
430371002002	新电社区居委会	112.996760	27.835019	1	80	100	政府机构
430302100003	红旗社区居委会	112.937244	27.847816	1	80	100	政府机构
430321103233	菱角村委会	112.928690	27.552059	0	25	47	乡镇
430302202207	高坪村村委会	112.867950	27.840710	0	30	58	村庄
430382100207	石湖村	112.584350	27.929579	0	30	100	村庄
430304002201	联合村村委会	112.905878	27.826179	1	80	100	政府机构
430381101209	杨梅村委会	112.414750	27.634060	0	30	72	村庄
430304004005	葩金社区居委会	112.923722	27.827632	1	80	100	政府机构
430321103225	水口桥村委会	112.928690	27.552059	0	25	70	乡镇
430382100211	长湖村	112.559740	27.870610	0	30	100	村庄
430381003005	湘碱社区	112.523680	27.722170	1	75	100	地产小区
430321100235	宝塔村委会	112.971869	27.788348	0	25	70	乡镇
430381001203	城北村	112.537550	27.750510	0	30	100	村庄
430381200230	战鼓村委会	112.575947	27.761561	0	18	40	村庄
430302008205	金塘村村委会	112.904610	27.885831	0	30	58	村庄
430321107231	润塘村委会	112.763542	27.493850	0	16	65	乡镇
430381203220	花坪村	112.446420	27.796419	0	30	100	村庄
430321108202	新铺村委会	112.663320	27.476821	0	30	72	村庄
430381111248	花西村委会	112.446828	27.728335	0	18	40	乡镇
430321104221	晓花村委会	112.878044	27.385347	0	25	47	乡镇
430321112228	新合村委会	112.670943	27.762455	0	18	66	乡镇
430321100215	银塘村委会	112.971869	27.788348	0	25	70	乡镇
430304005008	铁园社区居委会	112.930826	27.801272	0	30	58	乡镇
430321107246	琵琶村委会	112.763542	27.493850	0	16	65	乡镇
430321103205	柱塘村委会	112.928690	27.552059	0	25	47	乡镇
430321203250	人雄山村委会	112.951000	27.779000	0	14	29	区县
430381002008	长桥社区	112.511760	27.746543	0	30	72	道路
430304008006	江滨社区居委会	112.971559	27.873739	1	80	100	政府机构
430381109208	五星村委会	112.381168	27.903318	0	18	66	乡镇
430381113255	大兴村委会	112.134448	27.677889	0	18	49	乡镇
430321104201	上峰村委会	112.850890	27.378881	0	30	72	村庄
430381107216	高桥村委会	112.183800	27.808951	0	30	72	村庄
430381100245	新元村委会	112.455336	27.645026	0	18	49	乡镇
430381108225	大长村委会	112.443808	27.989788	0	18	66	乡镇
430321113252	旷家新村委会	112.788560	27.788979	0	18	35	乡镇
430302001004	车站路社区居委会	112.910360	27.863701	0	40	77	道路
430321104217	金坪村委会	112.878044	27.385347	0	25	70	乡镇
430302002002	瞻岳门社区居委会	112.918972	27.861310	1	80	100	政府机构
430321100254	麦子石村委会	112.971869	27.788348	0	25	47	乡镇
430381103243	涟南村	112.341206	27.621053	0	18	66	乡镇
430304014208	阳塘村村委会	112.947747	27.803994	1	80	100	政府机构
430382200225	大坪村委会	112.440689	27.925488	0	30	72	村庄
430302100218	立新村委会	112.860865	27.961492	0	25	70	乡镇
430381104210	大坪村委会	112.368150	27.694140	0	30	72	村庄
430321113244	金河村委会	112.788560	27.788979	0	18	49	乡镇
430381110253	石柱村委会	112.363810	27.819971	0	30	72	村庄
430321112005	列家桥煤矿居委会	112.736244	27.731586	0	30	72	道路
430381114210	和睦村委会	112.503700	27.862300	0	30	72	村庄
430381100253	莲兴村	112.455336	27.645026	0	18	66	乡镇
430381200206	长丰村委会	112.585150	27.769770	0	30	72	村庄
430381003208	城南村	112.506595	27.708989	0	25	70	乡镇
430381203241	南水村	112.443460	27.799640	0	18	66	村庄
430321105001	新街居委会	112.827452	27.728986	0	18	66	乡镇
430373001002	红旗社区	112.940629	27.910388	1	80	100	地产小区
430321114240	锦绣村委会	112.660562	27.668789	0	18	66	乡镇
430321115001	望江楼居委会	112.897210	27.467351	0	30	72	餐饮
430381107257	崟塘村	112.223640	27.803219	0	30	100	村庄
430321203246	南下村委会	112.667525	27.492235	1	80	100	政府机构
430321113213	铺子岭村委会	112.788560	27.788979	0	18	66	乡镇
430381104247	防严村	112.340425	27.727865	0	18	49	乡镇
430381109232	星辉村委会	112.381168	27.903318	0	18	66	乡镇
430321112245	中新村委会	112.670943	27.762455	0	18	49	乡镇
430381111252	双江村	112.399390	27.636519	0	30	100	村庄
430304015209	正江村村委会	112.995295	27.924049	1	80	100	政府机构
430373200226	塘高村委会	112.940629	27.910388	1	80	90	地产小区
430381202217	河山村委会	112.254190	27.902830	0	30	72	村庄
430321115216	湖田村委会	112.899670	27.465731	0	25	70	乡镇
430302006201	措树园村村委会	112.892850	27.858240	0	30	58	村庄
430381112242	酒铺村委会	112.537719	27.629523	0	18	66	乡镇
430302003003	繁城社区居委会	112.922959	27.865908	1	80	95	地产小区
430321111255	飞栏村委会	112.717120	27.821210	0	25	47	乡镇
430321100014	晓木塘社区居民委员会	112.963230	27.778301	0	30	58	村庄
430381103003	争光河社区居委会	112.341206	27.621053	0	18	49	乡镇
430321106251	桂塘村委会	112.828729	27.638301	0	18	66	乡镇
430381103238	礼睦村委会	112.535000	27.734100	0	14	37	区县
430321105241	石泉村委会	112.827452	27.728986	0	18	49	乡镇
430381101213	栗山村委会	112.402590	27.629279	0	30	72	村庄
430321100239	新虎村委会	112.971869	27.788348	0	25	47	乡镇
430381111213	南薮村委会	112.446828	27.728335	0	18	35	乡镇
430381102203	中沙村	112.359810	27.543861	0	30	100	村庄
430302007001	桃源路社区居委会	112.947723	27.871835	0	70	88	旅游景点
430321113229	新福村委会	112.778980	27.822281	0	30	72	村庄
430302100222	向阳村委会	112.894865	27.870101	1	80	95	地产小区
430321112253	骏马村委会	112.670943	27.762455	0	18	49	乡镇
430381109224	东茅村	112.359940	27.955861	0	30	100	村庄
430381112254	汇丰村委会	112.537719	27.629523	0	18	66	乡镇
430381108209	金石村委会	112.443808	27.989788	0	18	66	乡镇
430321109223	安乐村委会	112.498264	27.521328	0	18	66	乡镇
430381202201	金薮村委会	112.263645	27.922667	0	18	40	村庄
430373200231	湘江村委会	112.940629	27.910388	1	80	90	地产小区
430321109222	将军村委会	112.487520	27.511341	0	30	72	村庄
430302100223	双泉村委会	112.860865	27.961492	0	25	55	乡镇
430381105206	谷水村委会	112.227450	27.723800	0	25	47	乡镇
430381111245	上湖村委会	112.446100	27.671630	0	30	72	村庄
430321112252	石桥村委会	112.670943	27.762455	0	18	49	乡镇
430381110004	檀门口社区	112.308445	27.837701	0	18	66	乡镇
430381109225	三迁村委会	112.381168	27.903318	0	18	40	乡镇
430381101212	双江村委会	112.399390	27.636519	0	30	72	村庄
430321105240	西京村委会	112.827452	27.728986	0	18	66	乡镇
430321114001	瓦子坪居委会	112.660562	27.668789	0	18	49	乡镇
430381102214	大杉村委会	112.354828	27.523646	0	18	40	乡镇
430321104001	富茶居委会	112.878044	27.385347	0	25	55	乡镇
430302004006	福利社区居委会	112.896021	27.868035	0	25	70	乡镇
430381101204	洪芙村委会	112.437410	27.592204	0	18	40	乡镇
430381103239	山河村委会	112.341206	27.621053	0	18	49	乡镇
430373200227	红砂村委会	112.940629	27.910388	1	80	90	地产小区
430381202216	长乐村委会	112.237960	27.943280	0	30	72	村庄
430321109234	四路村委会	112.498264	27.521328	0	18	40	乡镇
430381113002	新街居委会	112.134448	27.677889	0	18	66	乡镇
430321115217	深溪村委会	112.899670	27.465731	0	25	70	乡镇
430302003002	雪园社区居委会	112.932588	27.867297	0	30	58	道路
430321111254	新中塘村委会	112.717120	27.821210	0	25	55	乡镇
430321100015	瓦屋湾社区居民委员会	112.971240	27.797370	0	30	58	村庄
430302102208	大进村委会	112.771631	27.874017	0	18	66	乡镇
430381109233	沙田村委会	112.424770	27.857420	0	30	72	村庄
430321112244	列家桥村委会	112.736244	27.731586	0	30	58	道路
430381111253	良沙河村	112.418830	27.750980	0	30	100	村庄
430321106207	上春村委会	112.828729	27.638301	0	18	40	乡镇
430321103212	金银村委会	112.928690	27.552059	0	25	47	乡镇
430321203247	华宇村委会	112.680793	27.560917	0	18	40	村庄
430381100205	龙泉村委会	112.458260	27.652689	0	30	72	村庄
430381104246	双西村	112.340425	27.727865	0	18	66	乡镇
430321107251	百和村委会	112.763542	27.493850	0	16	38	乡镇
430304008011	安乐社区居委会	112.964131	27.859717	1	80	100	政府机构
430381103215	赤石村委会	112.341206	27.621053	0	18	66	乡镇
430381203240	水口村	112.374410	27.845451	0	30	100	村庄
430321100202	山塘村委会	112.954002	27.756566	1	80	100	政府机构
430373001003	合山社区	112.940629	27.910388	1	80	95	地产小区
430321114241	双庙村委会	112.676319	27.711566	1	80	100	政府机构
430381111228	彪家村	112.387300	27.751269	0	30	100	村庄
430381107256	林章村	112.181080	27.923311	0	30	100	村庄
430321107206	罗汉村委会	112.763542	27.493850	0	16	65	乡镇
430321113245	燕荆村委会	112.788560	27.788979	0	18	40	乡镇
430321112004	窑上居委会	112.670943	27.762455	0	18	49	乡镇
430321109218	石鼓村委会	112.498264	27.521328	0	18	66	乡镇
430381100252	双田村	112.455336	27.645026	0	18	66	乡镇
430381003209	金南村	112.506595	27.708989	0	25	70	乡镇
430302007201	繁城村村委会	112.947723	27.871835	0	70	88	旅游景点
430302002003	泗洲庵社区居委会	112.926239	27.866344	1	80	95	地产小区
430321100255	双梅村委会	112.971869	27.788348	0	25	70	乡镇
430381103242	新林村	112.341206	27.621053	0	18	66	乡镇
430382200224	新联村委会	112.436310	27.908720	0	30	72	村庄
430302102224	尚源新村委会	112.771631	27.874017	0	18	49	乡镇
430302100219	群力村委会	112.992896	27.908491	1	80	100	政府机构
430381200211	新塘村委会	112.523265	27.768422	0	30	72	村庄
430381110244	新桥村委会	112.309720	27.835381	0	30	72	村庄
430321113253	三湘村委会	112.788560	27.788979	0	18	40	乡镇
430302001005	风车坪社区居委会	112.909114	27.861364	0	40	58	乡镇
430381113254	泉新村委会	112.134448	27.677889	0	18	40	乡镇
430381104250	清新村	112.340425	27.727865	0	18	66	乡镇
430321203251	龙佳村委会	112.680793	27.560917	0	18	66	村庄
430381113203	毛田村委会	112.134448	27.677889	0	18	66	乡镇
430321112229	向韶村委会	112.646210	27.783910	0	30	72	村庄
430302006001	富民城社区居委会	112.891173	27.856190	1	80	100	政府机构
430381106001	壶天居委会	112.046720	27.854330	0	40	77	UNKNOWN
430381103203	虞唐村委会	112.341206	27.621053	0	18	40	乡镇
430304005009	鸦雀塘社区居委会	112.927592	27.808746	1	80	100	政府机构
430302102212	易建河村委会	112.771631	27.874017	0	18	35	乡镇
430381109229	芋子村委会	112.381168	27.903318	0	18	40	乡镇
430321108203	晓南村委会	112.610147	27.474256	0	18	40	乡镇
430321114220	四美村委会	112.660562	27.668789	0	18	40	乡镇
430381111249	三龙湾村	112.446828	27.728335	0	18	66	乡镇
430381107237	中山村委会	112.119730	27.886831	0	30	72	村庄
430302008204	桐梓村村委会	112.885422	27.880648	0	25	70	乡镇
430381108204	大湖村委会	112.476769	28.049453	0	30	72	村庄
430381110264	神山庙村	112.308445	27.837701	0	18	66	乡镇
430381112259	龙潭新村	112.537719	27.629523	0	18	66	乡镇
430381104227	清风村委会	112.340425	27.727865	0	18	66	乡镇
430381003004	南津路社区	112.522220	27.720789	0	40	100	道路
430382100210	杨荣村	112.537570	27.950471	0	30	100	村庄
430302202210	立洪村村委会	112.865404	27.845772	0	18	49	村庄
430381103223	洋潭村委会	112.535000	27.734100	0	14	29	区县
430304004004	新塘社区居委会	112.931854	27.819356	1	80	100	政府机构
430321111219	天鹅村委会	112.623130	27.836020	0	30	72	村庄
430321103224	拗柴村委会	112.928690	27.552059	0	25	47	乡镇
430302202206	犁头村村委会	112.877697	27.806018	1	80	100	政府机构
430382100206	如意村	112.559820	27.925720	0	30	100	村庄
430321108242	观元村委会	112.610147	27.474256	0	18	40	乡镇
430372100001	双建社区	113.011630	27.965580	0	50	73	UNKNOWN
430302100002	跃进社区居委会	112.860865	27.961492	0	25	70	乡镇
430321205219	碧泉村委会	112.721758	27.611635	0	18	66	村庄
430302102204	石龙村委会	112.771631	27.874017	0	18	49	乡镇
430321112248	双红村	112.670943	27.762455	0	18	66	乡镇
430321114236	岳冲桥村委会	112.660562	27.668789	0	18	35	乡镇
430371002003	新站社区居委会	113.003409	27.850681	1	80	100	政府机构
430304015204	五爱村村委会	112.981341	27.880806	1	80	100	政府机构
430304010006	云峰社区居委会	112.944611	27.840562	0	25	70	道路
430382203214	团田村委会	112.501317	27.977693	0	18	66	村庄
430321109238	栗梅村委会	112.498264	27.521328	0	18	40	乡镇
430381200227	永丰村委会	112.617870	27.714070	0	30	72	村庄
430321106270	金龙霞村委会	112.828729	27.638301	0	18	35	乡镇
430321102233	谭家山村委会	112.959260	27.643301	0	25	70	乡镇
430381101224	巴江村委会	112.437410	27.592204	0	18	66	乡镇
430302101003	爱国桥社区居委会	112.655111	27.843095	1	70	92	UNKNOWN
430381001003	云门寺社区	112.531634	27.735665	1	80	100	地产小区
430381100209	山枣村委会	112.455336	27.645026	0	18	66	乡镇
430304006003	大桥社区居委会	112.922114	27.847049	1	80	100	政府机构
430321100259	凫杨村委会	112.971869	27.788348	0	25	47	乡镇
430321202231	旗山村委会	112.630420	27.528159	0	30	72	村庄
430381109213	上麓村委会	112.381168	27.903318	0	18	40	乡镇
430302102228	金马村委会	112.771631	27.874017	0	18	49	乡镇
430304001007	纯冲塘社区居委会	112.917855	27.810444	1	80	100	政府机构
430382200228	韶前村	112.486031	27.905598	0	18	49	村庄
430321109214	高家坪村委会	112.461509	27.537914	1	80	100	政府机构
430321113249	富家村委会	112.788560	27.788979	0	18	66	乡镇
430381106220	合东村委会	112.053810	27.908960	0	30	72	村庄
430321102008	分路口社区居民委员会	112.959260	27.643301	0	25	43	乡镇
430321105237	红陶村委会	112.827452	27.728986	0	18	40	乡镇
430373200207	朝龙村委会	112.940629	27.910388	1	80	95	地产小区
430381113258	跃进村	112.134448	27.677889	0	18	66	乡镇
430381109205	新苗村委会	112.401070	27.930030	0	30	72	村庄
430381100248	城东新村	112.455336	27.645026	0	18	66	乡镇
430373200211	狮山村委会	112.940629	27.910388	1	80	92	地产小区
430304002001	三角坪社区居委会	112.913288	27.835150	1	80	100	政府机构
430382100007	韶山市高新社区居民委员会	112.572432	27.920025	0	18	40	乡镇
430321106266	谷合村委会	112.828729	27.638301	0	18	40	乡镇
430371002202	月华村村委会	113.012997	27.855446	1	80	100	政府机构
430381002005	湘铝社区	112.511366	27.737186	1	80	100	购物
430381203222	松岳村委会	112.443460	27.799640	0	18	40	村庄
430321202208	石桥村委会	112.584920	27.538770	0	30	72	村庄
430381200232	横洲村委会	112.575947	27.761561	0	18	66	村庄
430382203201	石屏村委会	112.501317	27.977693	0	18	66	村庄
430304015211	荷塘村村委会	113.007669	27.891349	1	80	100	政府机构
430302101201	罗金塘村委会	112.664735	27.849877	0	30	72	村庄
430321100237	飞龙村委会	112.971869	27.788348	0	25	70	乡镇
430321106249	巨鱼村委会	112.828729	27.638301	0	18	40	乡镇
430302202213	红旗村村委会	112.897187	27.864397	0	30	58	村庄
430381003007	红星社区	112.506595	27.708989	0	25	70	乡镇
430382100213	狮山村	112.569940	27.898429	0	30	100	村庄
430321103227	响鼓村委会	112.928690	27.552059	0	25	70	乡镇
430381110230	月山村委会	112.320340	27.873550	0	30	72	村庄
430372100002	大塘社区居委会	113.011630	27.965580	0	50	73	UNKNOWN
430381103236	永星村委会	112.535000	27.734100	0	14	37	区县
430304002203	和平村村委会	112.906153	27.832469	1	80	100	政府机构
430381110226	红日村委会	112.308445	27.837701	0	18	66	乡镇
430302100001	果沙社区居委会	112.858037	27.961788	1	80	95	地产小区
430321114235	众兴村委会	112.660562	27.668789	0	18	40	乡镇
430321104235	宁桥村委会	112.878044	27.385347	0	25	47	乡镇
430381108211	金安村委会	112.452900	27.990689	0	30	72	村庄
430321115218	潭口村委会	112.955390	27.437590	0	30	72	村庄
430381202219	东陵村委会	112.263645	27.922667	0	18	66	村庄
430304010005	阳光社区居委会	112.944611	27.840562	0	25	70	道路
430304005010	运河社区居委会	112.930826	27.801272	0	30	72	乡镇
430371001207	摇泉村村委会	112.966470	27.846311	0	30	58	村庄
430321112230	芙蓉塘村委会	112.670943	27.762455	0	18	66	乡镇
430321203248	兴田村委会	112.680793	27.560917	0	18	66	村庄
430381104249	砂坪村	112.340425	27.727865	0	18	66	乡镇
430321111220	烈马村委会	112.717120	27.821210	0	25	70	乡镇
430321108001	青山居委会	112.610147	27.474256	0	18	66	乡镇
430304014206	下摄司村村委会	112.923726	27.796894	1	80	100	政府机构
430381203218	双桥村委会	112.447250	27.813859	0	30	72	村庄
430321202232	大垅村委会	112.587878	27.543656	0	18	66	村庄
430373200204	映山村委会	112.940629	27.910388	1	80	90	地产小区
430381112260	万新村	112.537719	27.629523	0	18	66	乡镇
430321107209	金莲村委会	112.763542	27.493850	0	16	38	乡镇
430381200208	大桥村委会	112.575947	27.761561	0	18	66	村庄
430321202224	湾头村委会	112.608870	27.509971	0	30	72	村庄
430381107218	吉长村委会	112.179353	27.860204	0	16	38	乡镇
430304002002	横街社区居委会	112.905945	27.844539	1	80	100	政府机构
430373200212	星沙村委会	112.940629	27.910388	1	80	90	地产小区
430381114208	石头村委会	112.536600	27.844920	0	30	72	村庄
430372100203	楠木村村委会	113.011630	27.965580	0	50	73	UNKNOWN
430381202223	推子村	112.204800	27.937920	0	30	100	村庄
430381106235	山坪村委会	112.077457	27.852573	0	18	66	乡镇
430381104208	长城村委会	112.275220	27.762129	0	30	72	村庄
430381004214	双先村委会	112.557121	27.711339	0	18	40	道路
430304005006	栗塘社区居委会	112.907176	27.831098	0	30	72	村庄
430321106265	盛源村委会	112.828729	27.638301	0	18	40	乡镇
430381002006	壕塘社区	112.520126	27.730815	0	60	100	地产小区
430382101212	银田村村民委员会	112.612408	27.877308	0	20	50	乡镇
430304008008	向阳社区居委会	112.964587	27.867473	1	80	100	政府机构
430321111236	良湖村委会	112.717120	27.821210	0	25	47	乡镇
430321107248	日华村委会	112.719110	27.420678	1	80	95	UNKNOWN
430321111241	清风村委会	112.717120	27.821210	0	25	70	乡镇
430381112256	大丰村委会	112.537719	27.629523	0	18	49	乡镇
430381107238	岐山村	112.132360	27.886341	0	30	100	村庄
430321106212	高丰村委会	112.828729	27.638301	0	18	66	乡镇
430321112251	天桥村委会	112.670943	27.762455	0	18	66	乡镇
430381112201	芭蕉村委会	112.537719	27.629523	0	18	66	乡镇
430381106242	崇溪村委会	112.077457	27.852573	0	18	66	乡镇
430381107003	杨家湾居委会	112.300810	27.912911	0	30	72	村庄
430321102206	棠霞村委会	112.959260	27.643301	0	25	47	乡镇
430381102217	田心村委会	112.334440	27.504869	0	30	72	村庄
430321105243	卓江村委会	112.827452	27.728986	0	18	40	乡镇
430302004005	中心社区居委会	112.894390	27.867880	1	80	100	政府机构
430382100209	梅湖村	112.572432	27.920025	0	18	66	乡镇
430302006203	烟竹村村委会	112.884370	27.857785	0	30	72	乡镇
430302003001	万新社区居委会	112.908192	27.868102	1	80	100	政府机构
430381106203	大坪村委会	112.031780	27.845829	0	30	72	村庄
430321115214	黄茅村委会	113.044665	27.923179	1	80	100	政府机构
430321109237	海南村委会	112.498264	27.521328	0	18	66	乡镇
430381113001	永嘉桥居委会	112.116942	27.676052	0	30	72	道路
430321112247	甘泉村委会	112.670943	27.762455	0	18	49	乡镇
430381111250	新汪村	112.446828	27.728335	0	18	66	乡镇
430381105213	龙江村委会	112.218610	27.732159	0	30	72	村庄
430321114239	华龙村委会	112.660562	27.668789	0	18	66	乡镇
430304008012	学卫社区居委会	112.960116	27.861730	1	80	100	政府机构
430321107252	天石村委会	112.763542	27.493850	0	16	65	乡镇
430321103211	茅塘村委会	112.932830	27.524939	0	30	72	村庄
430321203244	红祺村委会	112.680793	27.560917	0	18	40	村庄
430302005004	罗祖殿社区居委会	112.901962	27.857748	0	25	70	旅游景点
430381203243	白杨村	112.443460	27.799640	0	18	66	村庄
430321100201	烟塘村委会	112.756635	27.626821	1	80	100	政府机构
430373200208	黄龙村委会	112.940629	27.910388	1	80	95	地产小区
430381100251	金白沙村	112.455336	27.645026	0	18	49	乡镇
430321105238	石枫村委会	112.827452	27.728986	0	18	40	乡镇
430321102007	土地庙社区居委会	112.959260	27.643301	0	25	55	乡镇
430321113246	金福村委会	112.788560	27.788979	0	18	40	乡镇
430304001008	三株岭社区居委会	112.916044	27.810870	1	80	100	政府机构
430382200227	平里村	112.486031	27.905598	0	18	66	村庄
430321100256	谷洪村委会	112.971869	27.788348	0	25	47	乡镇
430381103241	潭西村	112.535000	27.734100	0	14	64	区县
430321104215	茶花村委会	112.907420	27.375570	0	30	72	村庄
430302007202	红星村村委会	112.912847	27.882635	1	80	100	政府机构
430381110247	江田村委会	112.308445	27.837701	0	18	66	乡镇
430302001006	古梁巷社区居委会	112.909114	27.861364	0	40	58	乡镇
430321113250	金洪村委会	112.788560	27.788979	0	18	40	乡镇
430381104204	安全村委会	112.340425	27.727865	0	18	66	乡镇
430381106239	涧山村委会	112.077457	27.852573	0	18	66	乡镇
430321107213	铜锣村委会	112.761749	27.460209	0	30	72	村庄
430381100247	顺塘村	112.455336	27.645026	0	18	66	乡镇
430381200212	石江村委会	112.549090	27.772551	0	30	72	村庄
430381108227	关东村	112.443808	27.989788	0	18	66	乡镇
430321104203	茶恩村委会	112.875028	27.386427	1	80	100	政府机构
430321202228	合家村委会	112.587878	27.543656	0	18	66	村庄
430321111001	云湖居委会	112.716131	27.826335	1	80	100	政府机构
430304008004	五里堆社区居委会	112.959096	27.851772	1	80	100	政府机构
430321203252	团结村委会	112.680793	27.560917	0	18	49	村庄
430381110210	白龙村委会	112.308445	27.837701	0	18	66	乡镇
430302006002	宝丰街社区居委会	112.890400	27.852050	0	40	77	道路
430381106002	北风铺居委会	112.077457	27.852573	0	18	49	乡镇
430321106269	方上桥村委会	112.729780	27.685190	0	30	72	村庄
430302006003	宝庆路社区居委会	112.887429	27.850329	1	80	100	政府机构
430321100216	赋江村委会	112.971869	27.788348	0	25	47	乡镇
430321106268	土桥铺村委会	112.868311	27.640428	1	80	100	政府机构
430321103206	柳桥村委会	112.928690	27.552059	0	25	70	乡镇
430321203253	双联村委会	112.680793	27.560917	0	18	49	村庄
430321107245	潲江村委会	112.763542	27.493850	0	16	38	乡镇
430382200230	双石村	112.486031	27.905598	0	18	66	村庄
430302102230	塔岭村委会	112.771631	27.874017	0	18	66	乡镇
430381113256	水府新村委会	112.134448	27.677889	0	18	49	乡镇
430321104202	吴家村委会	112.859090	27.372810	0	30	72	村庄
430381105228	新和村委会	112.140890	27.773060	0	30	72	村庄
430321113251	新桥村委会	112.788560	27.788979	0	18	49	乡镇
430381106238	大塘村委会	112.122360	27.794710	0	30	72	村庄
430381200213	石竹村委会	112.575947	27.761561	0	18	66	村庄
430381100246	厚峰村	112.490580	27.667490	0	30	100	村庄
430381108226	状元村委会	112.443808	27.989788	0	18	40	乡镇
430381114205	建时村委会	112.524427	27.840588	0	18	40	乡镇
430382200226	韶润村	112.526805	27.894316	0	30	100	村庄
430381112001	梅桥居委会	112.537719	27.629523	0	18	66	乡镇
430321100257	新塘村委会	112.945249	27.767769	1	80	100	政府机构
430381103240	大麓村	112.341206	27.621053	0	18	66	乡镇
430381107203	农林村委会	112.229890	27.786720	0	30	72	村庄
430381102001	万福居委会	112.354828	27.523646	0	18	66	乡镇
430302007203	富强村村委会	112.947723	27.871835	0	70	88	旅游景点
430302002001	熙春路社区居委会	112.917950	27.863870	1	80	95	地产小区
430373200209	郑家村委会	112.861631	27.915181	1	80	100	政府机构
430381100250	良坪村	112.455336	27.645026	0	18	66	乡镇
430321107204	马垅村委会	112.763542	27.493850	0	16	38	乡镇
430321105239	古星村委会	112.827452	27.728986	0	18	66	乡镇
430321102006	佐塘社区居委会	112.959260	27.643301	0	25	55	乡镇
430321113247	杨嘉桥村委会	112.788560	27.788979	0	18	35	乡镇
430381203242	东安村	112.443460	27.799640	0	18	66	村庄
430373001001	吉利社区	112.940629	27.910388	1	80	95	地产小区
430321107253	双桥村委会	112.763542	27.493850	0	16	47	乡镇
430321203245	先劲村委会	112.680793	27.560917	0	18	40	村庄
430381105005	韶峰社区	112.469310	27.890170	0	25	100	UNKNOWN
430302005005	唐兴寺社区居委会	112.899223	27.848814	1	80	95	地产小区
430321112246	紫涟村委会	112.670943	27.762455	0	18	40	乡镇
430381111251	石狮江村	112.424180	27.710791	0	30	100	村庄
430381203239	新横路村委会	112.443460	27.799640	0	18	49	村庄
430321202213	珍鸽村委会	112.587878	27.543656	0	18	40	村庄
430321114238	乌石峰村委会	112.660562	27.668789	0	18	66	乡镇
430302006202	广场村村委会	112.900050	27.855910	0	30	58	UNKNOWN
430321109236	铜梁村委会	112.498264	27.521328	0	18	40	乡镇
430302004004	建设社区居委会	112.900960	27.868290	1	80	100	政府机构
430381101206	九峰村委会	112.437410	27.592204	0	18	66	乡镇
430302202208	繁白村村委会	112.865404	27.845772	0	18	35	村庄
430382100208	厚罗村	112.581113	27.950767	0	30	100	村庄
430381102216	龙山村委会	112.312610	27.518030	0	30	72	村庄
430321105242	涓水村委会	112.879584	27.732274	0	50	73	UNKNOWN
430321111201	七里铺村委会	112.717120	27.821210	0	25	70	乡镇
430321102207	长岭铺村委会	112.959260	27.643301	0	25	70	乡镇
430321111217	北岸村委会	112.717120	27.821210	0	25	70	乡镇
430321205201	唐家湖村委会	112.721758	27.611635	0	18	66	村庄
430381109227	白石村委会	112.373090	27.864141	0	30	72	村庄
430321112250	象塘新村委会	112.667790	27.904581	0	30	72	村庄
430381114229	小田村委会	112.558080	27.812840	0	30	72	村庄
430321115203	莲花村委会	112.884225	27.451734	1	80	100	政府机构
430381202202	丰山村委会	112.320831	27.938444	0	30	72	村庄
430381106214	光辉村委会	112.077457	27.852573	0	18	66	乡镇
430321100001	吴家巷社区居委会	112.955840	27.761433	1	80	100	政府机构
430373200233	冯家村委会	112.940629	27.910388	1	80	95	地产小区
430382101213	华南村村民委员会	112.612408	27.877308	0	20	50	乡镇
430381002007	梅坪社区	112.511760	27.746543	0	30	100	道路
430321205221	清塘村委会	112.733490	27.614661	0	30	72	村庄
430381111230	德胜村委会	112.446828	27.728335	0	18	66	乡镇
430321106264	杨基村委会	112.828729	27.638301	0	18	40	乡镇
430382100005	韶山冲居委会	112.493691	27.908204	0	30	72	村庄
430304002003	泗神庙社区居委会	112.908757	27.825250	0	25	70	旅游景点
430381202222	属南村委会	112.263645	27.922667	0	18	49	村庄
430372100202	蒿塘村村委会	113.011610	27.915240	0	30	58	村庄
430302100201	长安村委会	112.848570	27.955241	0	30	72	村庄
430373200205	沙塘村委会	112.940629	27.910388	1	80	92	地产小区
430381106222	南岳坪村	112.077457	27.852573	0	18	66	乡镇
430321107208	双溪村委会	112.771650	27.497810	0	30	72	村庄
430381200209	杨树村委会	112.575947	27.761561	0	18	66	村庄
430304014207	霞城村村委会	112.947363	27.814297	1	80	100	政府机构
430304001005	岳塘岭社区居委会	112.913920	27.827130	0	25	70	乡镇
430321104218	双凤村委会	112.796400	27.426000	0	30	72	村庄
430381203219	石冲村委会	112.453213	27.566984	1	80	100	政府机构
430321202233	槐北村委会	112.587878	27.543656	0	18	49	村庄
430381109211	大冲村委会	112.354690	27.894380	0	30	72	村庄
430321114218	景泉村委会	112.627963	27.678751	0	50	73	UNKNOWN
430304006001	曙光社区居委会	112.924186	27.834251	1	80	100	政府机构
430321203249	排头岭村委会	112.680793	27.560917	0	18	66	村庄
430381104248	新群村	112.340425	27.727865	0	18	66	乡镇
430381112236	丰收村委会	112.537719	27.629523	0	18	66	乡镇
430302100240	南谷村委会	112.860865	27.961492	0	25	70	乡镇
430302101001	永丰社区居委会	112.655111	27.840362	0	25	70	乡镇
430381004203	双泉村	112.557121	27.711339	0	18	100	道路
430304005011	禾花塘社区居委会	112.928898	27.808251	1	80	100	政府机构
430381001001	东风社区	112.533887	27.737445	1	80	100	政府机构
430321102231	茶金村委会	112.959260	27.643301	0	25	47	乡镇
430381107258	杨岗村	112.179353	27.860204	0	16	65	乡镇
430371001206	新农村村委会	112.980997	27.858212	1	80	100	政府机构
430381111226	锦屏村委会	112.446828	27.728335	0	18	66	乡镇
430321112231	八角亭村委会	112.670943	27.762455	0	18	66	乡镇
430381200225	金星村委会	112.610510	27.794700	0	30	72	村庄
430304010004	盘龙社区居委会	112.934795	27.840979	1	80	100	政府机构
430382203216	双和村	112.501317	27.977693	0	18	66	村庄
430321108217	马栏坝村委会	112.553710	27.482270	0	30	58	村庄
430321114234	天龙村委会	112.660562	27.668789	0	18	66	乡镇
430371002001	马家河社区居委会	113.025171	27.836953	1	80	100	政府机构
430321104234	桥市村委会	112.878044	27.385347	0	25	70	乡镇
430321103230	金石村委会	112.928690	27.552059	0	25	70	乡镇
430321109001	大桥居委会	112.511051	27.520725	1	80	100	政府机构
430381113237	红旗村委会	112.134448	27.677889	0	18	66	乡镇
430372100003	路口社区居委会	113.011630	27.965580	0	50	73	UNKNOWN
430381103237	金韶村委会	112.535000	27.734100	0	14	29	区县
430304002202	顺江村村委会	112.904291	27.840895	1	80	100	政府机构
430302202204	新石村村委会	112.865404	27.845772	0	18	40	村庄
430321100236	白云村委会	112.971869	27.788348	0	25	55	乡镇
430302202212	羊牯村村委会	112.853027	27.866431	1	80	100	政府机构
430382100212	韶南村	112.543600	27.881811	0	30	100	村庄
430381003006	一公司社区	112.524710	27.726740	1	80	100	地产小区
430381106218	直东村委会	112.077457	27.852573	0	18	40	乡镇
430302008206	先锋集团家属村村委会	112.898851	27.880212	1	80	94	UNKNOWN
430381114225	大田村委会	112.573340	27.825559	0	30	72	村庄
430381004002	起凤路社区	112.541340	27.725571	0	30	100	道路
430321104222	花桥村委会	112.855397	27.935808	1	80	100	政府机构
430381203223	大桥村委会	112.443460	27.799640	0	18	66	村庄
430321108201	青山桥村委会	112.610147	27.474256	0	18	66	乡镇
430302102210	联映村委会	112.771631	27.874017	0	18	40	乡镇
430382101004	银田寺社区居委会	112.612408	27.877308	0	20	50	乡镇
430321100006	百花社区居委会	112.944780	27.779596	1	80	100	政府机构
430381112250	白洋村委会	112.537719	27.629523	0	18	66	乡镇
430321111247	芦塘村委会	112.717120	27.821210	0	25	70	乡镇
430373200234	桂花村季会	112.940629	27.910388	1	80	92	地产小区
430381100001	山枣居委会	112.458090	27.654599	0	30	72	村庄
430321112257	中山村委会	112.670943	27.762455	0	18	49	乡镇
430381111240	湖山村委会	112.453130	27.692099	0	30	72	村庄
430381109220	仁厚村委会	112.381168	27.903318	0	18	66	乡镇
430302100226	双丰村委会	112.860865	27.961492	0	25	55	乡镇
430321205206	锦石村委会	112.721758	27.611635	0	18	66	村庄
430381106244	雄辉村委会	112.077457	27.852573	0	18	40	乡镇
430381101217	大旗村委会	112.437410	27.592204	0	18	66	乡镇
430381111217	泉塘村委会	112.476930	27.728321	0	30	72	村庄
430321105245	富民村委会	112.827452	27.728986	0	18	49	乡镇
430381105242	喻风村	112.227450	27.723800	0	25	70	乡镇
430381111201	繁育村委会	112.446828	27.728335	0	18	40	乡镇
430302004003	韶山路社区居委会	112.912118	27.865011	0	40	77	道路
430381101201	西山村委会	112.407520	27.620730	0	30	72	村庄
430381104003	街口居委会	112.340425	27.727865	0	18	49	乡镇
430381202213	永乐村委会	112.289730	27.911750	0	30	72	村庄
430321109231	七家坪村委会	112.498264	27.521328	0	18	66	乡镇
430321111251	向红村委会	112.717120	27.821210	0	25	47	乡镇
430302006205	许家铺村村委会	112.884370	27.857785	0	30	72	乡镇
430321100010	城塘社区居委会	112.938504	27.778934	1	80	100	政府机构
430321102241	铁竹村委会	112.959260	27.643301	0	25	47	乡镇
430321112241	托下村委会	112.670943	27.762455	0	18	40	乡镇
430381105215	梅花村委会	112.149470	27.760969	0	30	72	村庄
430302100230	龙头岭村委会	112.860865	27.961492	0	25	70	乡镇
430381105002	洞嘉社区	112.227450	27.723800	0	25	70	乡镇
430321103217	碧云村委会	112.928690	27.552059	0	25	70	乡镇
430302005002	鲁班殿社区居委会	112.899939	27.852181	1	80	100	政府机构
430321107254	长潭村委会	112.763542	27.493850	0	16	65	乡镇
430381104243	新铺村	112.327760	27.783260	0	30	100	村庄
430381004208	城东村	112.557121	27.711339	0	18	100	道路
430321100207	青光村委会	112.971869	27.788348	0	25	47	乡镇
430373001006	将军渡社区	112.967120	27.939668	1	80	100	地产小区
430381106229	潭桥村	112.077457	27.852573	0	18	66	乡镇
430321112001	正街居委会	112.670943	27.762455	0	18	66	乡镇
430321103240	石潭坝村委会	112.835985	27.530613	1	80	100	政府机构
430381200202	浒洲村委会	112.575947	27.761561	0	18	40	村庄
430382200221	黄田村委会	112.442910	27.883060	0	30	72	村庄
430381105239	石潭村	112.227450	27.723800	0	25	70	乡镇
430381113247	天门山村委会	112.134448	27.677889	0	18	66	乡镇
430302007204	永红村村委会	112.931995	27.883103	1	80	100	政府机构
430381203212	育塅村	112.496110	27.772230	0	30	100	村庄
430321100250	友谊村委会	112.971869	27.788348	0	25	55	乡镇
430381200214	旺兴村委会	112.575947	27.761561	0	18	66	村庄
430372100209	白鹤村村委会	112.802913	28.051331	1	80	100	政府机构
430381108221	龙潭村委会	112.428130	27.986120	0	30	72	村庄
430321115228	双新村委会	112.899670	27.465731	0	25	55	乡镇
430321113256	金蛟村委会	112.788560	27.788979	0	18	66	乡镇
430381110241	青坪村委会	112.308445	27.837701	0	18	40	乡镇
430321107215	紫荆村委会	112.763542	27.493850	0	16	65	乡镇
430381104202	安乐村委会	112.340425	27.727865	0	18	66	乡镇
430381107212	翻江村委会	112.179353	27.860204	0	16	38	乡镇
430381105501	湘乡溪口渔场村委会	112.227450	27.723800	0	25	55	乡镇
430304008002	板塘社区居委会	112.950106	27.854454	0	30	58	乡镇
430381110216	田心村委会	112.270100	27.867209	0	30	72	村庄
430321203254	狮龙村委会	112.680793	27.560917	0	18	66	村庄
430302006004	砂子岭社区居委会	112.887385	27.850297	1	80	100	政府机构
430321100211	樟树村委会	112.919520	27.762170	1	80	100	政府机构
430302102217	白鹭湖村委会	112.771631	27.874017	0	18	40	乡镇
430302008201	中心村村委会	112.885422	27.880648	0	25	70	乡镇
430381114222	长太村委会	112.304490	27.515900	0	30	51	UNKNOWN
430321107235	见楼村委会	112.763542	27.493850	0	16	38	乡镇
430381104222	榔石村委会	112.340425	27.727865	0	18	40	乡镇
430381004005	东山社区	112.557121	27.711339	0	18	66	道路
430304015217	清水村委会	112.991828	27.875977	1	80	100	政府机构
430381113226	清溪村委会	112.149960	27.696030	0	30	72	村庄
430381003001	南正街社区	112.506595	27.708989	0	25	70	乡镇
430382100215	永义村	112.572432	27.920025	0	18	66	乡镇
430302202215	上新村村委会	112.848820	27.878751	0	30	58	地产小区
430381106248	岩前村委会	112.057860	27.832431	0	30	72	村庄
430321107262	天马山村委会	112.763542	27.493850	0	16	65	乡镇
430381110236	洪海村委会	112.308445	27.837701	0	18	66	乡镇
430321103221	天螺村委会	112.928690	27.552059	0	25	47	乡镇
430304004001	晓塘社区居委会	112.928499	27.819143	1	80	100	政府机构
430304014001	向家塘社区居委会	112.956679	27.809553	1	80	100	政府机构
430321108247	霞岭村委会	112.514070	27.435739	0	30	58	村庄
430321106259	蟠龙村委会	112.828729	27.638301	0	18	49	乡镇
430372100004	窑洲社区居委会	113.011630	27.965580	0	50	73	UNKNOWN
430302202203	工农村村委会	112.882573	27.848984	1	80	100	政府机构
430381109001	粉壁滩居委会	112.401194	27.922731	1	80	100	政府机构
430321105249	紫杨村委会	112.827452	27.728986	0	18	40	乡镇
430321104233	东三村委会	112.878044	27.385347	0	25	70	乡镇
430371002006	象形社区居委会	113.014008	27.835057	0	20	50	乡镇
430382200201	韶山村委会	112.489800	27.903441	1	80	100	政府机构
430302102201	姜畲村委会	112.784673	27.853355	1	80	100	政府机构
430321107223	盐埠村委会	112.763542	27.493850	0	16	65	乡镇
430304010003	云盘社区居委会	112.957061	27.849942	1	80	100	政府机构
430304015201	滴水埠村村委会	112.969470	27.880411	0	30	58	UNKNOWN
430382203211	白翎村委会	112.501317	27.977693	0	18	40	村庄
430321102236	石垅村委会	112.959260	27.643301	0	25	70	乡镇
430382101202	南村村委会	112.613197	27.877910	0	80	72	村庄
430321107258	红中村委会	112.763542	27.493850	0	16	65	乡镇
430381002503	湘乡畜牧场村委会	112.511760	27.746543	0	30	72	道路
430302100210	关峰村委会	112.860865	27.961492	0	25	47	乡镇
430304001002	菊花塘社区居委会	112.914620	27.828552	1	80	95	地产小区
430321202234	永红村委会	112.587878	27.543656	0	18	66	村庄
430302007208	渔业村村委会	112.947723	27.871835	0	70	92	旅游景点
430381107208	桃林村委会	112.179353	27.860204	0	16	65	乡镇
430373200202	合岭村委会	112.940629	27.910388	1	80	95	地产小区
430321115232	马家堰村委会	112.899670	27.465731	0	25	70	乡镇
430302100206	龙安村委会	112.860865	27.961492	0	25	70	乡镇
430321104209	双阳村委会	112.878044	27.385347	0	25	70	乡镇
430381105223	杉山村委会	112.138263	27.755465	1	80	100	政府机构
430381203208	杨名村委会	112.472600	27.778980	0	30	72	村庄
430372100205	昭山村村委会	113.011630	27.965580	0	50	68	UNKNOWN
430381202225	红石村委会	112.199950	27.945260	0	30	72	村庄
430381004212	东台村	112.557121	27.711339	0	18	100	道路
430321102220	紫竹村委会	112.959260	27.643301	0	25	70	乡镇
430321106263	高凤村委会	112.828729	27.638301	0	18	66	乡镇
430382101214	银园村	112.612408	27.877308	0	20	67	乡镇
430321205226	大荷塘村委会	112.701801	27.683348	1	80	100	政府机构
430371002207	国强村村委会	112.985758	27.827780	1	80	100	政府机构
430381002001	北正街社区	112.529740	27.736330	0	50	100	道路
430302102001	姜畲社区居委会	112.778961	27.853148	0	50	82	UNKNOWN
430371002206	向阳农场村委会	112.974819	27.826424	1	80	95	UNKNOWN
430304015001	商城社区居委会	113.008054	27.899120	0	20	67	乡镇
430304005001	长城社区居委会	112.930826	27.801272	0	30	72	乡镇
430381004213	张江村	112.557121	27.711339	0	18	100	道路
430381107248	双溪村委会	112.179353	27.860204	0	16	47	乡镇
430321106262	继述桥村委会	112.861910	27.615060	0	30	58	道路
430321109206	歇马村委会	112.498264	27.521328	0	18	66	乡镇
430321115225	团山村委会	112.899670	27.465731	0	25	55	乡镇
430381202224	马坪村委会	112.263645	27.922667	0	18	66	村庄
430381200219	碳棚村	112.575947	27.761561	0	18	49	村庄
430372100204	红旗村村委会	112.824275	27.744716	1	80	100	政府机构
430381105222	杉坪村委会	112.227450	27.723800	0	25	70	乡镇
430381203209	石磴村委会	112.443460	27.799640	0	18	66	村庄
430373200203	毛家村委会	112.940629	27.910388	1	80	92	地产小区
430321109210	路口村委会	112.498264	27.521328	0	18	66	乡镇
430381104219	九仑村委会	112.340425	27.727865	0	18	66	乡镇
430381106224	上新桥村委会	112.156383	27.792714	0	30	72	村庄
430304014201	岳塘村村委会	112.924420	27.813330	0	30	58	村庄
430321202235	新山村委会	112.587878	27.543656	0	18	49	村庄
430381109217	上扶村委会	112.381168	27.903318	0	18	40	乡镇
430321107259	中华村委会	112.763542	27.493850	0	16	65	乡镇
430381002502	湘乡园艺场村委会	112.511760	27.746543	0	30	72	道路
430381004205	塔子村	112.557121	27.711339	0	18	100	道路
430302008001	金塘社区居委会	112.903840	27.890051	1	80	100	政府机构
430381108001	理佳湾居委会	112.443808	27.989788	0	18	66	乡镇
430321112237	古城村委会	112.706380	27.791750	0	30	72	村庄
430321102237	月仙村委会	112.959260	27.643301	0	25	47	乡镇
430321107222	涓江村委会	112.732996	27.554412	1	80	100	政府机构
430381108216	文星村委会	112.433720	28.014280	0	30	72	村庄
430381200223	柘塘村委会	112.575947	27.761561	0	18	66	村庄
430304010002	宝塔社区居委会	112.944611	27.840562	0	25	70	道路
430321104232	柏棠村委会	112.878044	27.385347	0	25	47	乡镇
430381107225	黄塘村委会	112.179353	27.860204	0	16	65	乡镇
430321108211	四境村委会	112.610147	27.474256	0	18	40	乡镇
430321114232	平山村委会	112.660562	27.668789	0	18	49	乡镇
430371002007	华金社区居民委员会	113.014008	27.835057	0	20	41	乡镇
430381100221	洪塘村委会	112.418210	27.705981	0	30	72	村庄
430321103236	大湾桥村委会	112.844890	27.550551	0	30	72	村庄
430321105248	荷花村委会	112.827452	27.728986	0	18	66	乡镇
430321108246	大兴塘村委会	112.610147	27.474256	0	18	66	乡镇
430321106258	新烟塘村委会	112.828729	27.638301	0	18	40	乡镇
430302202202	和平村村委会	112.906153	27.832469	1	80	100	政府机构
430382100202	花园村委会	112.525350	27.917530	0	30	72	村庄
430321103220	荷塘村委会	112.865149	27.541492	1	80	100	政府机构
430321100230	梅林桥村委会	112.971869	27.788348	0	25	55	乡镇
430382100214	东湖村	112.592250	27.907250	0	30	100	村庄
430302202214	卫星村村委会	112.855710	27.874220	1	80	95	UNKNOWN
430381202208	龙门村委会	112.261880	27.946740	0	30	72	村庄
430371001001	桥湾社区	112.983392	27.852410	0	25	70	乡镇
430321203222	回龙桥村委会	112.714999	27.556076	1	80	100	政府机构
430381114223	康加村委会	112.304490	27.515900	0	30	47	UNKNOWN
430381110260	先锋村委会	112.308445	27.837701	0	18	49	乡镇
430381004004	城南社区	112.557121	27.711339	0	18	66	道路
430304015216	指方村委会	112.969000	27.872001	0	16	33	区县
430381203225	轧桥村	112.405510	27.818220	0	30	100	道路
430381107244	洪门村委会	112.179353	27.860204	0	16	65	乡镇
430381113207	勤家村委会	112.134448	27.677889	0	18	66	乡镇
430321100210	京竹村委会	112.971869	27.788348	0	25	70	乡镇
430304008003	金耐社区居委会	112.960682	27.850663	1	80	100	政府机构
430321107243	九如村委会	112.763542	27.493850	0	16	65	乡镇
430321203255	隐山村委会	112.680793	27.560917	0	18	66	村庄
430381113250	坪花村委会	112.078419	27.707357	0	30	47	村庄
430321104204	青坪村委会	112.878044	27.385347	0	25	47	乡镇
430381200215	三湘村委会	112.575947	27.761561	0	18	40	村庄
430372100208	高峰村村委会	113.049370	27.961379	0	30	58	村庄
430321203202	辰山村委会	112.679960	27.612160	0	30	58	UNKNOWN
430381111001	泉塘居委会	112.484061	27.735910	1	80	100	政府机构
430302001001	雨湖路社区居委会	112.914390	27.860051	0	40	77	道路
430321113257	金笔村委会	112.788560	27.788979	0	18	40	乡镇
430381101001	西山塘居委会	112.437410	27.592204	0	18	49	乡镇
430381104203	小车村委会	112.340425	27.727865	0	18	66	乡镇
430381105238	柘木村	112.227450	27.723800	0	25	70	乡镇
430302007205	悦星村村委会	112.947723	27.871835	0	70	88	旅游景点
430381113246	万洲村委会	112.134448	27.677889	0	18	66	乡镇
430381203213	直冲村委会	112.443460	27.799640	0	18	66	村庄
430321100251	踏龙村委会	112.971869	27.788348	0	25	47	乡镇
430321113241	柳湖村委会	112.788560	27.788979	0	18	66	乡镇
430381114215	龙洞村委会	112.524427	27.840588	0	18	66	乡镇
430381200203	花亭村委会	112.583070	27.761970	0	30	72	村庄
430381004209	新岸村	112.557121	27.711339	0	18	100	道路
430321100206	金霞村委会	112.971869	27.788348	0	25	70	乡镇
430373001007	科大社区居委会	112.940629	27.910388	1	80	95	地产小区
430381107252	菖蒲塘村委会	112.179353	27.860204	0	16	65	乡镇
430321203243	合荣村委会	112.680793	27.560917	0	18	40	村庄
430302005003	龙子巷社区居委会	112.902059	27.856463	1	80	100	政府机构
430321107255	金枫村委会	112.763542	27.493850	0	16	38	乡镇
430381104242	潭台村委会	112.340425	27.727865	0	18	40	乡镇
430321202215	晓冲村委会	112.587878	27.543656	0	18	40	村庄
430321102240	红星村委会	112.959260	27.643301	0	25	55	乡镇
430321113001	机关居委会	112.788560	27.788979	0	18	66	乡镇
430321112240	兆托村委会	112.670943	27.762455	0	18	40	乡镇
430321103001	凤形居委会	112.928690	27.552059	0	25	70	乡镇
430302100231	红星村委会	112.886050	27.912080	0	30	72	村庄
430321111250	新联村委会	112.717120	27.821210	0	25	70	乡镇
430302003006	杉树巷社区居委会	112.932588	27.867297	0	30	58	道路
430302006204	高标村村委会	112.889510	27.853740	0	30	58	村庄
430321100011	云龙社区居民委员会	112.971869	27.788348	0	25	47	乡镇
430321106254	新建村委会	112.828729	27.638301	0	18	49	乡镇
430381114002	罗塘湾居委会	112.524427	27.840588	0	18	49	乡镇
430302004002	南盘岭社区居委会	112.896021	27.868035	0	25	47	乡镇
430381104002	四总居委会	112.340425	27.727865	0	18	49	乡镇
430321205211	太阳村委会	112.721758	27.611635	0	18	66	村庄
430321105244	沿江村委会	112.827452	27.728986	0	18	49	乡镇
430381102210	梅龙村委会	112.354828	27.523646	0	18	66	乡镇
430321107003	花石社区居委会	112.763542	27.493850	0	16	65	乡镇
430381102206	西冲村委会	112.354828	27.523646	0	18	66	乡镇
430381107004	曾家山居委会	112.182611	27.824912	1	80	100	政府机构
430321105252	上桐村委会	112.827452	27.728986	0	18	40	乡镇
430321104228	千家村委会	112.878044	27.385347	0	25	47	乡镇
430321112256	杨田村委会	112.670943	27.762455	0	18	66	乡镇
430321100007	赵家洲社区居委会	112.964639	27.791808	1	80	100	政府机构
430321107238	龙口村委会	112.708371	27.481469	0	30	72	村庄
430381112251	高新村委会	112.537719	27.629523	0	18	49	乡镇
430321111246	楠竹村委会	112.717120	27.821210	0	25	47	乡镇
430381202204	辅正村委会	112.286000	27.956320	0	30	58	UNKNOWN
