430821110215	枧潭村委会	110.989156	29.171065	0	18	66	乡镇
430821214203	红联村委会	110.718150	29.160179	0	30	72	村庄
430821100215	白沙溪村委会	111.108928	29.445622	0	16	65	乡镇
430821107246	岩板田村委会	110.721490	29.458819	0	30	72	村庄
430821217213	杨家坪村委会	110.736005	29.317906	1	80	100	政府机构
430802005010	建新居委会	110.561800	29.136191	1	80	100	政府机构
430822213224	三屋逻村民委员会	110.158125	29.462511	0	16	47	乡镇
430811001501	索溪林场生活区	110.562772	29.370705	0	16	38	乡镇
430821100242	桑木溪村委会	111.106440	29.461441	0	30	72	村庄
430821108222	龙阳村委会	111.295200	29.525120	0	30	72	村庄
430821114201	二坊坪村委会	111.150708	29.274580	0	16	33	乡镇
430822104222	大洞堡村	110.153690	29.647640	0	30	100	村庄
430802108002	湖田垭居委会	110.802003	29.090811	1	80	97	UNKNOWN
430822108201	青龙村村民委员会	110.132910	29.378541	0	30	72	村庄
430802001004	教场居委会	110.477715	29.133818	1	80	100	政府机构
430821107211	李家峪村委会	110.769968	29.493541	0	16	65	乡镇
430802102225	宋柳村委会	110.347871	29.286181	0	18	40	乡镇
430821104217	通津铺赵家坪村委会	110.995251	29.541147	1	80	97	UNKNOWN
430802002002	热水坑居委会	110.463660	29.147440	0	30	72	村庄
430821114217	清泉村委会	111.150708	29.274580	0	16	65	乡镇
430811001002	宝峰路居委会	110.550247	29.337562	1	80	100	政府机构
430821200201	南山村委会	110.895130	29.317860	0	30	72	村庄
430822108217	郭家台村村民委员会	110.079770	29.348061	0	30	72	村庄
430822210222	麦地坪村	110.357584	29.488948	0	30	100	村庄
430821107207	莲坪村委会	110.791500	29.489490	0	30	58	村庄
430821213211	堆金村委会	110.639100	29.228820	0	30	72	村庄
430821109219	锣鼓村委会	111.177400	29.368030	0	25	47	乡镇
430821100203	毕架村委会	111.108928	29.445622	0	16	38	乡镇
430821105001	西街居委会	110.940800	29.536000	1	80	100	政府机构
430821216228	双峪村委会	110.766308	29.308619	0	18	66	乡镇
430822225212	邓家坡村民委员会	109.820596	29.479300	0	16	47	乡镇
430822110220	谷罗山村	110.194460	29.585670	0	30	100	村庄
430822208215	上坪村	110.276360	29.653270	0	30	100	村庄
430821103213	大岩村委会	111.036589	29.560307	0	18	66	乡镇
430802005006	燕窝塔居委会	110.549984	29.162741	0	18	49	乡镇
430821217205	双坪村委会	110.705742	29.288447	0	18	66	乡镇
430821113213	三合口村委会	110.900745	29.637054	0	16	65	乡镇
430821107250	龙潭湾村	110.769968	29.493541	0	16	65	乡镇
430802005211	何家山村委会	110.549984	29.162741	0	18	66	乡镇
430821106206	李子村委会	110.843887	29.536342	0	18	66	乡镇
430802003003	西溪坪居委会	110.531081	29.115578	0	30	72	村庄
430802006201	大庸所村委会	110.356967	29.084704	1	80	95	UNKNOWN
430821105216	关坪村委会	110.887315	29.544621	1	80	100	政府机构
430821100014	龙坪居委会	111.101947	29.444161	1	80	100	政府机构
430821100501	县园艺场	111.124900	29.407860	1	80	100	UNKNOWN
430802101219	神堂坪村委会	110.174535	29.245400	0	16	65	乡镇
430821216204	东峪村委会	110.766308	29.308619	0	18	66	乡镇
430802108203	木山村委会	110.854703	29.028783	0	16	65	乡镇
430822111221	石门亚村村民委员会	110.653136	29.639122	0	16	38	乡镇
430821111202	水坪村委会	111.077550	29.238659	0	25	70	乡镇
430802002215	大溶溪村委会	110.449432	29.142015	0	25	70	乡镇
430821101202	廖家村委会	110.973315	29.352956	0	18	66	乡镇
430821102204	杜坪村委会	110.750281	29.228191	0	25	47	乡镇
430821216212	上马墩村委会	110.787650	29.301860	0	30	72	村庄
430821112204	桃溪村委会	111.279950	29.459182	0	18	66	乡镇
430802108215	桥边河村委会	110.835660	29.052909	0	30	58	UNKNOWN
430821101214	马公渡村委会	110.998870	29.367130	0	30	58	UNKNOWN
430821103229	道林村	111.036589	29.560307	0	18	66	乡镇
430802002203	郝坪村委会	110.449432	29.142015	0	25	70	乡镇
430822224205	富溪村民委员会	109.884860	29.550799	0	30	72	村庄
430821209221	坪峰村委会	111.145682	29.566510	0	18	40	乡镇
430821111214	郑台村委会	111.077550	29.238659	0	25	47	乡镇
430811001203	金杜村委会	110.652050	29.369959	0	30	72	村庄
430822102227	天眼池村	110.475470	29.661279	0	30	100	村庄
430821106210	白马村委会	110.849710	29.543220	0	30	72	村庄
430802005207	王潭新村委会	110.549984	29.162741	0	18	40	乡镇
430821202206	乐庄村委会	110.823647	29.158300	0	18	66	村庄
430821100002	东街居委会	111.139000	29.429800	0	14	37	区县
430821211216	袁家坪村委会	110.656239	29.425571	0	25	70	乡镇
430821110002	亭子桥居委会	110.991441	29.185572	0	50	82	道路
430822106233	官坪村	109.981940	29.433020	0	30	100	村庄
430822106244	格溪村	110.053580	29.477379	0	30	100	村庄
430822102207	双桥村村民委员会	110.464670	29.603020	0	30	72	村庄
430822216211	青龙村	110.038168	29.604597	0	18	66	乡镇
430802002223	青鱼潭村委会	110.338779	29.100692	1	80	100	政府机构
430821209201	岔溪村委会	111.145682	29.566510	0	18	66	乡镇
430821215222	新建村	110.665675	29.496753	0	18	66	乡镇
430822228206	二户坪村民委员会	109.992684	29.332294	0	18	49	乡镇
430822101217	定家峪村村委会	110.242060	29.414009	0	30	58	村庄
430802104216	栗子坪村委会	110.764658	28.989597	0	18	66	乡镇
430821102224	丁周村	110.775230	29.203579	0	30	100	村庄
430822225208	上河溪村民委员会	109.815040	29.468619	0	30	72	村庄
430822106213	龙潭沟村村民委员会	110.056530	29.549270	0	30	72	村庄
430802103212	土木溪村委会	110.558080	29.051061	0	30	58	UNKNOWN
430821105220	湖丘村委会	110.910952	29.538684	0	18	66	乡镇
430822109220	徐家桥村	109.897150	29.630661	0	30	100	村庄
430822203228	碾子包村	110.496901	29.470792	0	30	100	村庄
430822105203	茶叶村村民委员会	109.870380	29.764309	0	30	72	村庄
430822100001	高家坪社区居委会	110.171443	29.403622	1	80	100	政府机构
430802100202	申家坪村委会	110.497954	29.233041	0	18	66	乡镇
430821212226	干洞河村	110.904431	29.437857	0	18	66	乡镇
430802103204	黄庄村委会	110.462680	28.985750	0	30	72	村庄
430821109215	黄莲村委会	111.177400	29.368030	0	25	70	乡镇
430821211220	袁家庄村委会	110.656239	29.425571	0	25	70	乡镇
430802204202	覃家山村委会	110.583031	29.215501	0	25	70	乡镇
430821100258	凤凰村	111.108928	29.445622	0	16	65	乡镇
430821212230	华山村	110.904431	29.437857	0	18	66	乡镇
430822228210	卧云界村民委员会	110.056400	29.362619	0	50	82	UNKNOWN
430821111222	云朝村委会	111.077550	29.238659	0	25	47	乡镇
430821217209	三溪村委会	110.705742	29.288447	0	18	66	乡镇
430821209217	荷峪村委会	111.145682	29.566510	0	18	40	乡镇
430822111201	分水岭村村民委员会	110.497570	29.545340	0	30	72	村庄
430802003218	庄家峪村委会	110.509640	29.096841	0	30	58	UNKNOWN
430821214219	敏家村委会	110.698787	29.133862	0	18	40	乡镇
430821216224	长岭岗村委会	110.766308	29.308619	0	18	66	乡镇
430822200202	虎形村村民委员会	110.313840	29.426141	0	30	72	村庄
430802206213	高坪村委会	110.646195	28.993498	0	16	65	乡镇
430822107204	咱家村村民委员会	109.991550	29.396689	0	30	72	村庄
430822213212	泉峪村民委员会	110.134530	29.452880	0	30	72	UNKNOWN
430802102205	高铁站村委会	110.347871	29.286181	0	18	40	乡镇
430802002219	泗坪村委会	110.449432	29.142015	0	25	70	乡镇
430822105002	团堡居委会	109.958570	29.695131	1	70	92	UNKNOWN
430822100200	仙鹅村村民委员会	110.152890	29.372731	0	30	72	村庄
430821100223	丰阳村委会	111.108928	29.445622	0	16	65	乡镇
430821216208	水沐峪村委会	110.766308	29.308619	0	18	40	乡镇
430802212207	九龙村委会	110.441590	28.928801	0	25	70	乡镇
430822103210	李家庄村村民委员会	110.120910	29.555489	0	30	72	村庄
430821111218	汤溪村委会	110.997050	29.263980	0	30	72	村庄
430822224209	两岔村民委员会	109.851515	29.565449	0	18	49	村庄
430821103225	陡溪村委会	111.036589	29.560307	0	18	40	乡镇
430802105217	沦溪村委会	110.386232	29.184765	0	18	40	乡镇
430822208223	淋溪河村	110.284050	29.584980	0	30	100	村庄
430822100216	西界村村委会	110.186255	29.391112	0	18	66	乡镇
430822110216	李家垭村	110.119700	29.478450	0	30	100	村庄
430802201201	毛头关村委会	110.345931	29.157368	0	30	72	村庄
430821112208	官见村委会	111.279950	29.459182	0	18	40	乡镇
430821214223	九渡溪村	110.738673	29.177383	0	50	100	UNKNOWN
430822103206	尧儿坪村村民委员会	110.094401	29.522333	0	30	72	村庄
430821107231	黄金塔村委会	110.769968	29.493541	0	16	65	乡镇
430802104001	沅古坪居委会	110.730443	29.011985	0	30	72	村庄
430822200214	汤溪峪村村民委员会	110.382050	29.461361	0	30	72	村庄
430821100262	遗笔溪村	111.142940	29.492119	0	30	100	UNKNOWN
430821104221	黄岗村委会	110.993360	29.574941	0	30	72	村庄
430802102213	童家峪村委会	110.347871	29.286181	0	18	66	乡镇
430822203204	天合村村民委员会	110.416400	29.487529	0	30	72	村庄
430802206205	沂溪村委会	110.646195	28.993498	0	16	65	乡镇
430821100263	垭门关村	111.074140	29.466739	0	30	100	UNKNOWN
430821104220	苗山村委会	110.973585	29.549155	0	18	66	乡镇
430822213205	南岔村民委员会	110.158125	29.462511	0	16	47	乡镇
430822203205	龙洞坪村村民委员会	110.405410	29.470660	0	30	72	村庄
430821107230	熊家庄村委会	110.769968	29.493541	0	16	65	乡镇
430802101202	茅岗村委会	110.168560	29.213840	0	30	72	村庄
430822104203	红军村	110.117350	29.733370	0	30	100	村庄
430822101001	瑞市居委会	110.258230	29.412360	1	80	100	政府机构
430821214222	太平山村	110.698787	29.133862	0	18	66	乡镇
430821100234	团溪村委会	110.993310	29.406090	0	30	58	UNKNOWN
430802212210	黄家河村委会	110.441590	28.928801	0	25	70	乡镇
430822207211	新阳村	110.237353	29.473085	0	18	66	乡镇
430802105216	九家坪村委会	110.386232	29.184765	0	18	40	乡镇
430822208222	淋溪源村	110.283519	29.583652	0	30	100	村庄
430822110217	王家村民委员会	110.109360	29.465909	0	30	72	村庄
430821110222	新合村	110.989156	29.171065	0	18	66	乡镇
430822103211	夏家峪村村民委员会	110.124730	29.560709	0	30	72	村庄
430802212206	熊家塔村委会	110.441590	28.928801	0	25	70	乡镇
430811201206	黄家坪村委会	110.522860	29.243510	0	25	70	村庄
430802002218	宋家岗村委会	110.449432	29.142015	0	25	70	乡镇
430821215219	新峪村委会	110.665675	29.496753	0	18	66	乡镇
430802201216	漩水村委会	110.303445	29.154324	0	18	66	乡镇
430822110201	青龙村	110.161336	29.539021	0	16	65	乡镇
430822100201	罗家庄村村委会	110.163752	29.394583	1	80	100	政府机构
430802100002	丁家庄居委会	110.503097	29.198131	1	80	100	政府机构
430821209001	杨柳铺居委会	111.135573	29.564612	0	50	82	UNKNOWN
430802102204	新路村委会	110.323250	29.290771	0	30	72	村庄
430822213213	洪家关村民委员会	110.158125	29.462511	0	16	65	乡镇
430822200203	陈家坪村村民委员会	110.313700	29.434591	0	30	72	村庄
430802104201	烽火村委会	110.694769	29.013998	0	30	72	村庄
430821216225	任家坪村委会	110.766308	29.308619	0	18	66	乡镇
430821217208	桃溪村委会	110.705742	29.288447	0	18	66	乡镇
430811202001	杨家界居委会	110.388442	29.387951	0	25	70	旅游景点
430802204203	花果峪村委会	110.580410	29.226110	1	80	95	UNKNOWN
430821100259	饭甑山村	111.108928	29.445622	0	16	47	乡镇
430821212231	龙泉村	110.904431	29.437857	0	18	66	乡镇
430821109214	二斗岗村委会	111.206120	29.389690	0	30	58	村庄
430822203229	护国村村	110.504380	29.506291	0	30	72	村庄
430802100203	老木峪村委会	110.472370	29.257740	0	30	58	UNKNOWN
430821212227	溇江村	110.904431	29.437857	0	18	49	乡镇
430822202204	柳浪坪村民委员会	110.562100	29.484998	0	18	49	乡镇
430821105221	栗山村委会	110.903580	29.510919	0	30	72	村庄
430821109202	燕子桥村委会	111.177400	29.368030	0	25	70	乡镇
430822111216	白石村	110.653136	29.639122	0	16	65	乡镇
430802210201	高枫村委会	110.309660	29.318180	1	80	100	政府机构
430802104217	栗山村委会	110.716120	29.005880	0	30	72	村庄
430821102225	樟树村	110.750281	29.228191	0	25	70	乡镇
430822225209	黄金塔村民委员会	109.820596	29.479300	0	16	47	乡镇
430821110218	新山村委会	110.998670	29.122930	0	30	72	村庄
430822106245	云朝山村	109.989460	29.483680	0	25	70	乡镇
430821215223	银寨村	110.665675	29.496753	0	18	66	乡镇
430821113208	枫香坪村委会	110.900745	29.637054	0	16	65	乡镇
430802404598	原种场虚拟社区	110.465540	29.126933	1	70	92	UNKNOWN
430821100003	北街居委会	111.124562	29.424032	1	80	100	政府机构
430821105201	湖塔村委会	110.910952	29.538684	0	18	40	乡镇
430821109222	朝阳村	110.999830	29.315320	0	30	100	村庄
430822106232	张家村	109.973380	29.417941	0	30	100	村庄
430821212207	双星村委会	110.904431	29.437857	0	18	66	乡镇
430802005206	陵阳村委会	110.549984	29.162741	0	18	40	乡镇
430802206208	筒车坝村委会	110.646195	28.993498	0	16	38	乡镇
430822109201	车大河村	109.728060	29.618281	0	30	100	村庄
430822203209	走马坪村村民委员会	110.458450	29.473180	0	30	72	村庄
430822213209	枫坪村	110.146770	29.452501	0	30	100	村庄
430821103228	凉桥村	111.036589	29.560307	0	18	66	乡镇
430821101215	和平村委会	110.989610	29.363351	0	30	72	村庄
430802002202	沙田村委会	110.449432	29.142015	0	25	55	乡镇
430821209220	华岳村委会	111.145682	29.566510	0	18	66	乡镇
430821215203	长安村委会	110.673360	29.498450	0	30	72	村庄
430821111215	金坪村委会	111.077550	29.238659	0	25	70	乡镇
430811001202	黄河村委会	110.502940	29.425981	0	30	72	村庄
430821100238	团坡村委会	111.108928	29.445622	0	16	65	乡镇
430821216213	桃坪村委会	110.766308	29.308619	0	18	66	乡镇
430802108214	马头溪村委会	110.796433	29.020630	1	80	100	政府机构
430821111203	新桥村委会	110.928705	29.221177	1	80	100	政府机构
430822224212	西坪村民委员会	109.809190	29.601199	0	30	72	村庄
430821215215	新安村委会	110.617190	29.471021	0	30	72	村庄
430802002214	氽水溪村委会	110.449432	29.142015	0	25	43	乡镇
430821104001	后溪峪居委会	110.969900	29.533020	1	80	100	政府机构
430821112213	桃树村委会	111.279950	29.459182	0	18	66	乡镇
430802108202	宋家溪村委会	110.739530	29.073720	0	30	72	村庄
430822108001	利福塔居委会	110.084645	29.341206	1	80	100	政府机构
430821211201	三官寺村委会	110.656239	29.425571	0	25	70	乡镇
430802003002	覃家岗居委会	110.552265	29.120625	1	80	100	政府机构
430821105217	沅坪村委会	110.910952	29.538684	0	18	40	乡镇
430821100015	白宫城居委会	111.108928	29.445622	0	16	47	乡镇
430802101218	青安村委会	110.158250	29.273260	0	30	58	UNKNOWN
430821202211	郝溪村委会	110.823647	29.158300	0	18	40	村庄
430821108219	洞湾村委会	110.961385	29.480094	1	80	100	政府机构
430802005210	张家湾村委会	110.592380	29.156059	0	30	72	村庄
430821212211	富垭村委会	110.904431	29.437857	0	18	40	乡镇
430821106207	谢高村委会	110.843887	29.536342	0	18	40	乡镇
430802102208	七家坪村委会	110.347871	29.286181	0	18	66	乡镇
430822109217	细沙坪村	109.865829	29.649875	0	30	100	村庄
430821103212	阳风坪村委会	111.036589	29.560307	0	18	49	乡镇
430802005007	宝塔岗居委会	110.504829	29.114072	1	80	100	政府机构
430821107251	大坝村	110.769968	29.493541	0	16	65	乡镇
430821100202	龙丰村委会	111.108928	29.445622	0	16	65	乡镇
430802209201	大明村委会	110.261382	29.270784	0	18	66	村庄
430822106208	夹石河村	109.933510	29.478139	0	30	100	UNKNOWN
430822210223	芦阳村	110.382740	29.501001	0	30	100	村庄
430821107206	龙台村委会	110.769968	29.493541	0	16	65	乡镇
430821109218	合堰村委会	111.177400	29.368030	0	25	47	乡镇
430822203233	广文台村	110.483955	29.457410	0	30	100	村庄
430822213233	赶塔村	110.085920	29.462881	0	30	100	村庄
430802102224	虎势岗村委会	110.347871	29.286181	0	18	40	乡镇
430821104216	通津铺泗虎坪村委会	110.995251	29.541147	1	80	95	UNKNOWN
430802002003	且住岗居委会	110.442987	29.128108	1	80	100	政府机构
430811001003	画卷路居委会	110.536865	29.338377	1	80	100	政府机构
430821114216	杨家垭村委会	110.914081	29.331208	1	80	100	政府机构
430802101222	胡家坡村委会	110.664243	28.951067	1	80	100	政府机构
430822104223	斋公坪村	110.201950	29.620101	0	30	100	村庄
430822202208	茶亚村村民委员会	110.562100	29.484998	0	18	40	乡镇
430822108200	赤溪村村民委员会	110.134470	29.383301	0	30	72	村庄
430802001005	后溶街居委会	110.477765	29.133461	0	50	82	道路
430821107210	四坡村委会	110.769968	29.493541	0	16	38	乡镇
430822213225	银杏塔村民委员会	110.158125	29.462511	0	16	47	乡镇
430822203225	叶家桥村	110.421870	29.443320	0	30	100	村庄
430821108223	茶林河村委会	111.193830	29.493678	0	30	72	村庄
430821111002	龙潭居委会	111.077550	29.238659	0	25	70	乡镇
430822208202	福建坡村村民委员会	110.269430	29.527071	0	30	72	村庄
430821107247	关岩村委会	110.811090	29.592490	0	30	58	UNKNOWN
430821113204	月亮岩村委会	110.900745	29.637054	0	16	65	乡镇
430821103204	彩球村委会	111.036589	29.560307	0	18	40	乡镇
430802003203	么公坡村委会	110.602048	29.125819	0	16	33	乡镇
430802006001	南庄坪居委会	110.471589	29.125448	1	80	100	政府机构
430822225205	东风坪村民委员会	109.820596	29.479300	0	16	47	乡镇
430821100214	青山村委会	111.085070	29.400260	0	30	72	村庄
430822102201	富平村	110.485616	29.623723	0	16	65	乡镇
430822216217	茶盘口村民委员会	110.038168	29.604597	0	18	49	乡镇
430822208209	梅家桥村村民委员会	110.269710	29.495951	0	30	72	村庄
430822106242	旧街村	110.022070	29.461831	0	30	100	村庄
430821209207	腊树村委会	111.145682	29.566510	0	18	66	乡镇
430821215224	天台村	110.665675	29.496753	0	18	66	乡镇
430802002225	玉泉山村委会	110.449432	29.142015	0	25	70	乡镇
430822101211	潮水河村村委会	110.274530	29.442370	0	30	58	村庄
430802104210	红土坪村委会	110.764658	28.989597	0	18	40	乡镇
430821102222	渔家村	110.750281	29.228191	0	25	70	乡镇
430802003208	宋家湾村委会	110.602048	29.125819	0	16	65	乡镇
430822104228	溪口村	110.191926	29.690810	0	16	65	乡镇
430821109205	拣花村委会	111.177400	29.368030	0	25	47	乡镇
430821211230	新民村	110.656239	29.425571	0	25	70	乡镇
430822100007	汪家坪社区居委会	110.186255	29.391112	0	18	49	乡镇
430822105205	岔角溪村村民委员会	109.905800	29.754421	0	30	72	村庄
430822109226	筲箕池村	109.962580	29.567931	0	30	100	村庄
430822202215	竹叶坪村村民委员会	110.543280	29.471509	0	30	72	村庄
430822103001	楠木岗居委会	110.101573	29.541649	1	80	100	政府机构
430822106203	梳子溪村	109.989460	29.483680	0	25	70	乡镇
430821211226	界河村委会	110.656239	29.425571	0	25	70	乡镇
430821109213	岩桥村委会	111.218240	29.385071	0	30	72	村庄
430822213238	陈家院村	110.071240	29.423890	0	30	100	村庄
430822105213	芭茅溪村	110.030100	29.671271	0	30	100	村庄
430822100011	何家坪社区居委会	110.197760	29.410101	0	30	72	村庄
430802002008	枫香岗居委会	110.449432	29.142015	0	25	55	乡镇
430811001008	喻家咀居委会	110.571341	29.348235	1	80	97	UNKNOWN
430822216201	分水岭村民委员会	110.038168	29.604597	0	18	49	乡镇
430821209211	龙跃村委会	111.145682	29.566510	0	18	66	乡镇
430821103219	广东村委会	111.036589	29.560307	0	18	66	乡镇
430821101224	红土村委会	110.973315	29.352956	0	18	66	乡镇
430821113219	关岩村委会	110.811090	29.592490	0	30	58	UNKNOWN
430821111224	金长村委会	111.077550	29.238659	0	25	47	乡镇
430822111207	红旗村村民委员会	110.583160	29.603470	0	30	72	村庄
430822101207	火盆峪村村委会	110.285808	29.426950	0	30	58	村庄
430802210210	双溪村委会	110.271443	29.333152	0	18	49	村庄
430821216222	岩峪村委会	110.766308	29.308619	0	18	66	乡镇
430821100209	仁和村委会	111.187970	29.438809	0	30	72	村庄
430821110209	材树村委会	110.989156	29.171065	0	18	40	乡镇
430821107221	九溪村委会	110.769968	29.493541	0	16	65	乡镇
430822104212	银市坪村	110.127980	29.665790	0	30	100	村庄
430802101213	瞿家包村委会	110.174535	29.245400	0	16	33	乡镇
430822210204	梭子丘村民委员会	110.379965	29.531388	0	18	49	乡镇
430822200204	龙虎山村村民委员会	110.325430	29.429691	0	30	72	村庄
430821108212	栗树村委会	111.209156	29.515488	0	18	66	乡镇
430822107202	二户田村村民委员会	109.974640	29.380280	0	30	72	村庄
430802102203	龙洞湖村委会	110.347871	29.286181	0	18	40	乡镇
430822100206	长潭村村委会	110.226070	29.430099	0	30	58	村庄
430802105207	尹家溪村委会	110.398910	29.182560	0	30	58	UNKNOWN
430802201211	晓村村委会	110.303445	29.154324	0	18	66	乡镇
430821100225	茶庵村	111.081640	29.413086	0	30	100	村庄
430811201201	李家岗村委会	110.522860	29.243510	0	25	70	村庄
430822213243	水田坪村	110.070329	29.403712	0	30	100	村庄
430802108209	太阳山村委会	110.854703	29.028783	0	16	65	乡镇
430802002209	龚家垴村委会	110.449432	29.142015	0	25	47	乡镇
430821113223	平溪村委会	110.900745	29.637054	0	16	47	乡镇
430811001209	双文村委会	110.562772	29.370705	0	16	65	乡镇
430802201207	三家馆村委会	110.294760	29.161449	0	30	58	UNKNOWN
430802105211	茅溪村委会	110.386232	29.184765	0	18	66	乡镇
430822208225	夹河坪村	110.322160	29.629931	0	30	100	村庄
430821216218	川石村委会	110.766308	29.308619	0	18	66	乡镇
430802003224	郭家溪村委会	110.602048	29.125819	0	16	65	乡镇
430821100233	铁桥村委会	111.024060	29.385359	0	30	72	村庄
430822103200	茶元塔村村民委员会	110.049503	29.491514	0	30	72	村庄
430822106002	黄木潭居委会	109.989460	29.483680	0	25	47	乡镇
430821213221	许家坊村	110.643315	29.262729	0	18	66	乡镇
430821100008	鲤鱼桥居委会	111.149789	29.427873	1	80	100	政府机构
430822200212	白马泉村村民委员会	110.387150	29.435771	0	30	72	村庄
430802101205	黑潭村委会	110.248235	29.220552	1	80	100	政府机构
430822210212	刘家寺村民委员会	110.379965	29.531388	0	18	49	乡镇
430822104204	白竹坪村村民委员会	110.170310	29.699189	0	30	72	村庄
430821100264	万福村	111.084780	29.350920	0	30	100	村庄
430822203202	贵竹垭村村民委员会	110.460388	29.481069	0	18	49	乡镇
430822213202	龙头村民委员会	110.102380	29.402190	0	30	72	村庄
430802102215	青云桥村委会	110.347871	29.286181	0	18	66	乡镇
430802006006	茅坪居委会	110.454929	29.098448	1	80	100	政府机构
430821100213	水汪村委会	111.108928	29.445622	0	16	38	乡镇
430821217215	七方峪村委会	110.705742	29.288447	0	18	35	乡镇
430821106001	象市桥居委会	110.836445	29.511822	0	50	82	道路
430821103203	江西村委会	111.051170	29.524211	0	30	72	村庄
430822213222	玉泉村	110.158125	29.462511	0	16	65	乡镇
430802100208	贵峪村委会	110.552550	29.200311	0	30	58	UNKNOWN
430821104207	二吾台村委会	110.973585	29.549155	0	18	35	乡镇
430821108224	白龙村委会	111.209156	29.515488	0	18	66	乡镇
430822108207	三岔溪村村民委员会	110.105990	29.386070	0	30	72	村庄
430802001002	北正居委会	110.481071	29.132559	0	30	72	道路
430821107217	卓家峪村委会	110.769968	29.493541	0	16	38	乡镇
430811002002	袁家界社区	110.543450	29.239299	0	30	100	村庄
430821109209	象鼻村委会	111.177400	29.368030	0	25	70	乡镇
430802102223	黄官塔村委会	110.180555	29.236648	1	80	100	政府机构
430802204208	中山村委会	110.617640	29.238491	0	30	72	村庄
430811001004	向家坪居委会	110.453190	29.406971	0	30	72	村庄
430821200207	盐市村委会	110.869270	29.298521	0	30	58	村庄
430802002004	大栗坡居委会	110.444991	29.146405	1	80	100	政府机构
430802209206	白竹村委会	110.261382	29.270784	0	18	66	村庄
430822108211	岩板村村民委员会	110.109950	29.341389	0	30	72	村庄
430811002501	张家界国营林场	110.551000	29.345700	0	16	38	区县
430821213217	红岩村	110.643315	29.262729	0	18	66	乡镇
430821110205	花椒坪村委会	110.989156	29.171065	0	18	66	乡镇
430821100205	石板村委会	111.108928	29.445622	0	16	65	乡镇
430802003212	鲁家坪村委会	110.602048	29.125819	0	16	65	乡镇
430821214213	金鸡村委会	110.728801	29.115523	0	30	72	村庄
430802006010	二家河居委会	110.402470	29.096800	0	30	72	UNKNOWN
430822110226	学堂堡村	110.161900	29.572190	0	30	100	村庄
430821111228	伏龙村委会	111.077550	29.238659	0	25	70	乡镇
430821113215	双龙村委会	110.805060	29.656101	0	30	72	村庄
430821101228	渔米渡村委会	110.973315	29.352956	0	18	35	乡镇
430821202216	幸福村	110.823647	29.158300	0	18	66	村庄
430821113002	国太桥居委会	110.886450	29.305280	0	30	51	UNKNOWN
430802003005	打鼓台居委会	110.602048	29.125819	0	16	47	乡镇
430821211206	丰坪村委会	110.656221	29.440731	1	80	100	政府机构
430821100012	太坪居委会	111.108928	29.445622	0	16	65	乡镇
430821105210	龙潭村委会	110.924260	29.548371	0	30	72	村庄
430802004001	官黎坪居委会	110.480285	29.112724	1	80	100	政府机构
430821102214	同盟村委会	110.751050	29.163151	0	30	72	村庄
430802108205	九龙山村委会	110.854703	29.028783	0	16	65	乡镇
430821215212	金坪村委会	110.665675	29.496753	0	18	66	乡镇
430822224215	太坪村民委员会	109.851515	29.565449	0	18	49	村庄
430821101204	大安村委会	110.973315	29.352956	0	18	66	乡镇
430821112202	辛银村委会	111.279950	29.459182	0	18	40	乡镇
430821111212	潘坪村委会	111.077550	29.238659	0	25	70	乡镇
430821101212	失马村委会	110.973315	29.352956	0	18	40	乡镇
430822224203	河口村民委员会	109.863620	29.546490	0	30	72	村庄
430822102221	水流村	110.513000	29.667620	0	30	100	村庄
430822208229	马安会村	110.326213	29.607780	0	30	100	村庄
430802005201	子午村委会	110.549984	29.162741	0	18	40	乡镇
430802208211	岩垴村委会	110.116147	29.200676	0	18	40	乡镇
430802102219	兴隆村委会	110.352130	29.321669	0	30	72	村庄
430821100004	西街居委会	110.940804	29.536002	1	80	100	政府机构
430821211210	大泉村委会	110.656239	29.425571	0	25	70	乡镇
430802006211	木纳里村委会	110.468500	29.108659	0	25	55	乡镇
430821100005	紫霞居委会	111.118677	29.417587	1	80	100	政府机构
430802006210	侯家湾村委会	110.468500	29.108659	0	25	70	乡镇
430822106234	岩壁村	109.984930	29.442700	0	30	100	村庄
430821202201	洞溪村委会	110.825790	29.136790	0	30	72	村庄
430821106217	白洋村委会	110.843887	29.536342	0	18	66	乡镇
430802208210	水田坪村委会	110.155920	29.218870	0	30	72	村庄
430821111213	文高村委会	111.077550	29.238659	0	25	70	乡镇
430822224202	懂市村民委员会	109.851515	29.565449	0	18	66	村庄
430821112203	双云村委会	111.279950	29.459182	0	18	40	乡镇
430821107001	东河街居委会	110.767953	29.501693	1	80	100	政府机构
430821216215	马鞍村委会	110.766308	29.308619	0	18	66	乡镇
430822111230	罗柳村	110.653136	29.639122	0	16	65	乡镇
430802108212	砂子垭村委会	110.854703	29.028783	0	16	38	乡镇
430802002212	高铁新村委会	110.449432	29.142015	0	25	55	乡镇
430822224214	沙洲村民委员会	109.851515	29.565449	0	18	49	村庄
430821101205	鸭毛村委会	110.973315	29.352956	0	18	40	乡镇
430821111205	竹峪村委会	111.077550	29.238659	0	25	70	乡镇
430822216220	大木塘村民委员会	110.038168	29.604597	0	18	49	乡镇
430821216203	金贵村委会	110.766308	29.308619	0	18	40	乡镇
430821112215	双狮村	111.279950	29.459182	0	18	66	乡镇
430802108204	伞家湾村委会	110.854703	29.028783	0	16	65	乡镇
430821107502	江垭水库生活区	110.738281	29.545026	1	80	97	UNKNOWN
430802003004	渡口居委会	110.516533	29.110599	1	80	100	政府机构
430821100013	北岗居委会	111.139000	29.429800	0	14	32	区县
430821105211	月亮村委会	110.910952	29.538684	0	18	40	乡镇
430822200209	莲花台村村民委员会	110.366790	29.430639	0	30	72	村庄
430822210209	佳木峪村民委员会	110.378420	29.564200	0	30	72	UNKNOWN
430822106222	岩屋口村	109.919970	29.498240	0	30	100	村庄
430822109211	云鹤村	109.957150	29.672231	0	30	100	村庄
430802206218	昌溪村委会	110.646195	28.993498	0	16	38	乡镇
430802208206	盐井村委会	110.116147	29.200676	0	18	66	乡镇
430822208212	大庄坪村村民委员会	110.315920	29.479440	0	30	72	村庄
430821113214	望月坪村委会	110.815979	29.667724	1	80	100	政府机构
430821101229	任氏桥村委会	110.883900	29.346690	0	30	58	道路
430802005001	沿河居委会	110.549984	29.162741	0	18	66	乡镇
430821100204	零溪村委会	111.108928	29.445622	0	16	38	乡镇
430802003213	三山村委会	110.602048	29.125819	0	16	65	乡镇
430822225215	云雾山村	109.820596	29.479300	0	16	65	乡镇
430821214212	落丰村委会	110.698787	29.133862	0	18	40	乡镇
430802209207	官庄村委会	110.264150	29.292501	0	30	72	村庄
430822108210	官庄村村民委员会	110.084020	29.368991	0	30	72	村庄
430821102002	老街居委会	110.750281	29.228191	0	25	70	乡镇
430822213235	穴虎洞村	110.050910	29.433340	0	30	100	村庄
430802204209	岩口村委会	110.626640	29.232621	0	30	72	村庄
430811001005	泗南峪居委会	110.443373	29.403774	1	80	100	政府机构
430821114210	高溪村委会	111.150708	29.274580	0	16	65	乡镇
430821200206	盐井村委会	110.898743	29.291270	0	18	66	乡镇
430802002005	月亮岛居委会	110.448517	29.127308	1	80	100	政府机构
430802101224	天泉山村委会	110.174535	29.245400	0	16	38	乡镇
430822104225	四方溪村	110.171970	29.656749	0	30	100	村庄
430822106218	肖家坪村村民委员会	109.989460	29.483680	0	25	55	乡镇
430802004201	杆子坪村委会	110.484330	29.105060	0	25	47	乡镇
430802001003	解放居委会	110.479417	29.130865	1	80	100	政府机构
430821107216	八斗坵村	110.709060	29.483050	0	30	100	村庄
430811002003	张家界社区	110.551000	29.345700	0	16	47	区县
430822203223	安家峪村	110.433690	29.448360	0	30	100	村庄
430822213223	实竹坪村民委员会	110.158125	29.462511	0	16	47	乡镇
430821100245	长潭河村委会	111.139000	29.429800	0	14	32	区县
430821108225	新旺村	111.209156	29.515488	0	18	66	乡镇
430802002228	金山村委会	110.449432	29.142015	0	25	55	乡镇
430821113202	庄塔村委会	110.900745	29.637054	0	16	38	乡镇
430802006007	大悲庵居委会	110.468500	29.108659	0	25	55	乡镇
430822225203	熊家坪村民委员会	109.820596	29.479300	0	16	47	乡镇
430802003205	一碗水村委会	110.602048	29.125819	0	16	65	乡镇
430821100212	七枞村委会	111.131750	29.421759	0	16	45	乡镇
430822203203	向家坪村村民委员会	110.433100	29.500760	0	30	72	村庄
430802206202	龙阳村委会	110.664020	28.942410	0	30	72	村庄
430802102214	三军村委会	110.347871	29.286181	0	18	35	乡镇
430822213203	小河口村民委员会	110.105220	29.412150	0	30	72	UNKNOWN
430821213220	明珠村	110.643315	29.262729	0	18	66	乡镇
430821100009	白云居委会	111.105323	29.415743	1	80	100	政府机构
430802101204	金虾湾村委会	110.174535	29.245400	0	16	38	乡镇
430822104205	赶坪村村民委员会	110.186100	29.703290	0	30	72	村庄
430802003225	邢家峪村委会	110.567860	29.059551	1	80	100	政府机构
430802103002	柏树居委会	110.490743	29.006908	1	80	100	政府机构
430822103201	利溪坪村	110.100453	29.549347	0	18	66	乡镇
430802002208	黄茅溪村委会	110.449432	29.142015	0	25	47	乡镇
430821113222	凤鹤山村委会	110.935540	29.659790	1	80	95	UNKNOWN
430811001208	田富村委会	110.562772	29.370705	0	16	38	乡镇
430802105210	西尹村委会	110.386180	29.184984	1	80	100	政府机构
430821102219	渡坦村委会	110.750281	29.228191	0	25	47	乡镇
430802108208	韭菜垭村委会	110.808560	29.035051	0	30	58	UNKNOWN
430821101209	田坪村委会	110.628891	29.693090	1	80	100	政府机构
430822224218	栗洞村	109.851515	29.565449	0	18	66	村庄
430822100207	朱家坪村村委会	110.210512	29.422447	1	80	100	政府机构
430811202210	定家庄村委会	110.432151	29.330589	0	18	40	村庄
430821108213	大兴村委会	111.241740	29.535930	0	30	72	村庄
430822102001	杜家坪居委会	110.431680	29.584760	0	30	72	村庄
430822213215	花园村民委员会	110.176540	29.442890	0	30	72	村庄
430821107220	江垭村委会	110.769968	29.493541	0	16	38	乡镇
430822104213	金子山村	110.128230	29.647500	0	30	100	村庄
430802101212	洞子坊村委会	110.178927	29.277953	1	80	100	政府机构
430822200205	八斗桥村	110.353941	29.435407	0	18	66	乡镇
430822111206	和平村村民委员会	110.572647	29.581329	0	30	72	村庄
430802104207	黄渔溪村委会	110.764658	28.989597	0	18	40	乡镇
430821216223	东方红村委会	110.766308	29.308619	0	18	66	乡镇
430822102216	三源村	110.485616	29.623723	0	16	65	乡镇
430821101225	星明村委会	110.957659	29.360705	0	30	72	村庄
430821103218	新花村委会	111.036589	29.560307	0	18	66	乡镇
430821111225	华山村委会	110.948490	29.234469	0	30	72	村庄
430821113218	牧羊冲村委会	110.857610	29.612691	0	30	58	村庄
430802204205	八家村委会	110.583031	29.215501	0	25	70	乡镇
430802002009	小河坎居委会	110.419798	29.133291	0	50	82	UNKNOWN
430811001009	文风路居委会	110.562772	29.370705	0	16	47	乡镇
430822202214	柳阳溪村村民委员会	110.562100	29.484998	0	18	49	乡镇
430802103203	塘家村委会	110.460499	29.012775	0	18	49	乡镇
430821211227	龙岗村	110.656239	29.425571	0	25	70	乡镇
430821109212	金陵村委会	111.228320	29.364761	0	30	72	村庄
430802100205	远大村委会	110.497954	29.233041	0	18	66	乡镇
430822109227	蹇家坡村	109.970360	29.548991	0	30	100	村庄
430802005220	前社村委会	110.538647	29.131617	1	80	100	政府机构
430822106214	厂湾村村民委员会	110.021280	29.540520	0	30	72	村庄
430811201001	插旗峪居委会	110.522860	29.243510	0	25	55	村庄
430821109204	汪家桥村委会	111.124110	29.352600	0	30	72	村庄
430821105227	战马村委会	110.910952	29.538684	0	18	40	乡镇
430802210207	双岗村委会	110.257583	29.260762	1	80	100	政府机构
430822101210	老岩桥村村委会	110.291447	29.399151	0	18	49	乡镇
430802104211	长潭村委会	110.764658	28.989597	0	18	66	乡镇
430821102223	双福坪村	110.750281	29.228191	0	25	55	乡镇
430802003209	禾家村村委会	110.641417	29.177714	0	30	58	村庄
430822107002	苗寨居委会	110.001956	29.397644	0	18	49	乡镇
430822208208	芙蓉桥村村民委员会	110.298900	29.508809	0	30	72	村庄
430822228201	上洞街村民委员会	109.992684	29.332294	0	18	49	乡镇
430821217218	九澧村	110.705742	29.288447	0	18	49	乡镇
430821215225	三合村	110.665675	29.496753	0	18	66	乡镇
430802102217	阳光村委会	110.347871	29.286181	0	18	66	乡镇
430822109208	斗篷山村	109.870145	29.628314	0	16	65	乡镇
430802206201	青湾村委会	110.664470	28.973160	0	30	72	村庄
430822101004	杨家洛居委会	110.252570	29.423720	0	30	72	UNKNOWN
430822104206	李家湾村村民委员会	110.229180	29.720899	0	30	72	村庄
430821105208	中溶村委会	110.910952	29.538684	0	18	40	乡镇
430821107235	细木坪村委会	110.791790	29.433090	0	30	58	村庄
430802103001	大坪居委会	110.499363	29.012938	1	80	100	政府机构
430821100231	柳林村委会	111.108928	29.445622	0	16	65	乡镇
430811202205	三家峪村委会	110.432151	29.330589	0	18	66	村庄
430822110212	山羊溪村民委员会	110.161336	29.539021	0	16	47	乡镇
430821113221	雷岩村委会	111.014260	29.645629	0	30	58	UNKNOWN
430822111229	龙鹤村	110.653136	29.639122	0	16	65	乡镇
430822207202	双溪桥村村民委员会	110.213560	29.447740	0	30	72	村庄
430811201203	协合村委会	110.522860	29.243510	0	25	47	村庄
430822110204	松柏村民委员会	110.161336	29.539021	0	16	47	乡镇
430822100204	洋公潭村民委员会	110.186255	29.391112	0	18	40	乡镇
430822107200	莫家塔村村民委员会	110.002900	29.421489	0	30	72	村庄
430802102201	柑子坡村委会	110.347871	29.286181	0	18	66	乡镇
430802005219	一家张村委会	110.549984	29.162741	0	18	35	乡镇
430821108210	高桥村委会	111.224643	29.536600	0	30	72	村庄
430822104210	狮子塔村	110.081200	29.627931	0	30	100	村庄
430821107223	合心村委会	110.680190	29.559841	0	30	72	村庄
430802006209	荷花村委会	110.468500	29.108659	0	25	70	乡镇
430802104204	红星村委会	110.764658	28.989597	0	18	49	乡镇
430822101205	小溪村	110.291447	29.399151	0	18	66	乡镇
430821209213	荷叶村委会	111.161880	29.567031	0	30	72	村庄
430821101226	岩市村委会	110.974670	29.362981	0	30	58	村庄
430822216203	冷水塔村	110.077740	29.581571	0	30	100	村庄
430822102215	洞口村村民委员会	110.396740	29.577560	0	30	72	村庄
430822110228	龙潭村	110.161336	29.539021	0	16	65	乡镇
430821106222	放马村委会	110.843887	29.536342	0	18	66	乡镇
430821213219	金仙山村	110.643315	29.262729	0	18	49	乡镇
430821211224	长岭村委会	110.792257	29.482484	1	80	100	政府机构
430821104209	竹叶坪村委会	110.973585	29.549155	0	18	66	乡镇
430821212222	双合村委会	110.895933	29.431116	1	80	97	政府机构
430821114209	盛德村委会	111.150708	29.274580	0	16	38	乡镇
430822109224	马龙山村	109.870145	29.628314	0	16	65	乡镇
430822100005	文昌街社区居委会	110.163024	29.399193	0	40	77	道路
430821105224	马塔村委会	110.932840	29.497890	0	30	72	村庄
430822202201	中坪村	110.484750	29.583320	0	30	100	村庄
430811201002	龙尾巴居委会	110.477787	29.314642	1	80	100	政府机构
430821102220	天湖村	110.750281	29.228191	0	25	70	乡镇
430802006008	边岩居委会	110.373180	29.072540	0	30	72	UNKNOWN
430802210204	丫角山村委会	110.299280	29.354159	0	30	58	村庄
430822228202	双溪村	109.992684	29.332294	0	18	66	乡镇
430822107001	廖家村居委会	110.001956	29.397644	0	18	49	乡镇
430822216215	彭家湾村民委员会	109.907010	29.650161	0	30	72	村庄
430822106237	下洞街村	110.018950	29.427450	0	30	100	村庄
430821107239	坼岩坪村委会	110.769968	29.493541	0	16	47	乡镇
430821100006	白沙井居委会	111.129808	29.420968	1	80	100	政府机构
430802006213	广岩咀村委会	110.468500	29.108659	0	25	43	乡镇
430802005203	代家湾村委会	110.549984	29.162741	0	18	66	乡镇
430802201209	竹园坡村委会	110.303445	29.154324	0	18	66	乡镇
430811202209	青龙垭村委会	110.432151	29.330589	0	18	40	村庄
430821101210	贡市村委会	110.973315	29.352956	0	18	40	乡镇
430822224201	科溪村民委员会	109.859390	29.518080	0	30	72	UNKNOWN
430802002207	朝阳村委会	110.449432	29.142015	0	25	55	乡镇
430821111210	江星村委会	111.077550	29.238659	0	25	47	乡镇
430802212219	四都坪村委会	110.441590	28.928801	0	25	70	乡镇
430821107002	临江居委会	110.769968	29.493541	0	16	65	乡镇
430822216223	唐家庄村民委员会	109.983390	29.634600	0	30	72	村庄
430802105209	瓦窑岗村委会	110.386232	29.184765	0	18	66	乡镇
430822110208	桥自弯村	110.161336	29.539021	0	16	47	乡镇
430821215210	麻山村委会	110.697340	29.477120	0	30	72	村庄
430821104004	燕子居委会	110.986495	29.532439	0	30	72	村庄
430821101206	双溪村委会	110.962710	29.382710	0	30	72	村庄
430821107501	江垭林场	110.773770	29.516499	1	80	100	UNKNOWN
430822111225	中里村村民委员会	110.642730	29.659470	0	30	72	村庄
430802004003	鲤鱼池居委会	110.484330	29.105060	0	25	55	乡镇
430802003007	胡家河居委会	110.602048	29.125819	0	16	47	乡镇
430821100010	铜台居委会	111.109840	29.411533	1	80	97	UNKNOWN
430821105212	清水村委会	110.925910	29.566561	0	30	72	村庄
430802208205	长寿村委会	110.116147	29.200676	0	18	49	乡镇
430821202214	双福村	110.823647	29.158300	0	18	66	村庄
430821106202	龙兴村委会	110.834313	29.501746	0	30	72	村庄
430821217201	甲石村委会	110.705742	29.288447	0	18	40	乡镇
430802005002	南正居委会	110.549984	29.162741	0	18	66	乡镇
430821113217	茶马村委会	110.900745	29.637054	0	16	38	乡镇
430821110207	阳坪村委会	110.989156	29.171065	0	18	66	乡镇
430822101209	王家坡村村委会	110.291447	29.399151	0	18	66	乡镇
430802104208	柏杨坪村委会	110.691539	29.038854	0	30	72	村庄
430821107203	三双村委会	110.769968	29.493541	0	16	65	乡镇
430821102001	新街居委会	110.753280	29.226971	1	80	100	政府机构
430821211228	太华山村	110.656239	29.425571	0	25	55	乡镇
430821213215	浮石村委会	110.680689	29.247573	1	80	100	政府机构
430821112001	广福居委会	111.279950	29.459182	0	18	66	乡镇
430822108213	白龙村	110.082173	29.328720	0	18	66	乡镇
430802209204	罗水村委会	110.261382	29.270784	0	18	66	村庄
430822210226	青峰溪村村民委员会	110.384550	29.485081	0	30	72	村庄
430821104213	千步村委会	110.973585	29.549155	0	18	40	乡镇
430802002006	名流园社区居委会	110.449432	29.142015	0	25	55	乡镇
430811001006	天子山居委会	110.562772	29.370705	0	16	65	乡镇
430821114213	景泉村委会	111.150708	29.274580	0	16	38	乡镇
430821200205	双湖村委会	110.906242	29.321928	1	80	100	政府机构
430822213236	小阜头村	110.158125	29.462511	0	16	47	乡镇
430802004202	双峡村委会	110.484330	29.105060	0	25	47	乡镇
430821107215	官桥村委会	110.702970	29.445630	0	30	72	村庄
430822108205	杨仕坪村	110.099810	29.368210	0	30	100	村庄
430821200213	犀牛村委会	110.903290	29.275549	0	30	72	村庄
430811001010	白虎堂居委会	110.574793	29.332695	0	25	70	旅游景点
430802002010	立功桥居委会	110.396616	29.182429	1	80	100	政府机构
430822213220	胜龙村民委员会	110.158125	29.462511	0	16	47	乡镇
430821217217	五狮寨村	110.705742	29.288447	0	18	49	乡镇
430821209209	康庄村委会	111.131650	29.564549	0	30	72	村庄
430822208207	银屋村	110.253205	29.570738	0	16	65	乡镇
430821110211	砂厂村	110.944450	29.185520	0	30	100	村庄
430802006004	机场居委会	110.468500	29.108659	0	25	70	乡镇
430821100211	两溪村委会	111.209540	29.425620	0	30	72	村庄
430802210208	张家塔村委会	110.271443	29.333152	0	18	66	村庄
430822103222	卓家坪村	110.142900	29.568121	0	30	100	村庄
430821110210	皂泥峪村委会	110.929640	29.171541	0	30	58	UNKNOWN
430822225201	刘家亚村民委员会	109.820596	29.479300	0	16	38	乡镇
430802006005	永康居委会	110.470171	29.127868	1	80	100	政府机构
430821214206	中坪村委会	110.698787	29.133862	0	18	66	乡镇
430802003207	桐木岗村委会	110.602048	29.125819	0	16	65	乡镇
430821100210	云盘村委会	111.108928	29.445622	0	16	65	乡镇
430821200212	白果村委会	110.595959	29.695228	1	80	100	政府机构
430821114204	青叶村委会	111.150708	29.274580	0	16	38	乡镇
430811001011	黄龙路居委会	110.610207	29.361907	1	80	100	政府机构
430822213221	海龙村民委员会	110.158125	29.462511	0	16	47	乡镇
430822100008	朱家台社区居委会	110.152480	29.461291	0	30	72	UNKNOWN
430802206220	苗湾村委会	110.646195	28.993498	0	16	65	乡镇
430811002001	锣鼓塔社区	110.551000	29.345700	0	16	33	区县
430802004203	仙人溪村委会	110.413020	29.047709	0	30	58	UNKNOWN
430802001001	回龙居委会	110.481071	29.132559	0	30	72	道路
430822108204	凤栖村	110.082173	29.328720	0	18	66	乡镇
430802002007	玉皇洞居委会	110.449432	29.142015	0	25	55	乡镇
430821114212	景龙桥村委会	111.150708	29.274580	0	16	47	乡镇
430811001007	迎宾路居委会	110.581387	29.360460	1	80	100	政府机构
430821200204	沙湾村委会	110.894470	29.333339	0	30	72	村庄
430802102220	朝天山村委会	110.347871	29.286181	0	18	40	乡镇
430822213237	打鼓泉村	110.086450	29.433141	0	30	100	村庄
430821107202	毕家坪村委会	110.769968	29.493541	0	16	38	乡镇
430821211229	大峡谷村	110.692029	29.426239	0	30	100	村庄
430822108212	舒家坪村村民委员会	110.081010	29.329491	1	80	100	政府机构
430821100206	民和村委会	111.139000	29.429800	0	14	32	区县
430802003211	田家坊村委会	110.604825	29.150573	1	80	100	政府机构
430821110206	秋木山村委会	110.989156	29.171065	0	18	40	乡镇
430822111208	溇阳村	110.653136	29.639122	0	16	47	乡镇
430822101208	东旺坪村村委会	110.293961	29.418976	1	80	100	政府机构
430821103216	北坪村委会	111.139000	29.429800	0	14	29	区县
430802005003	思善桥居委会	110.549984	29.162741	0	18	49	乡镇
430821113216	英塔村委会	110.900745	29.637054	0	16	38	乡镇
430822102218	龙泉村村民委员会	110.542410	29.654250	0	30	72	村庄
430822208210	鹤群村村民委员会	110.286990	29.502079	0	30	72	村庄
430802208204	宏岗村委会	110.116147	29.200676	0	18	66	乡镇
430821202215	烟子溪村	110.777520	29.039299	0	30	100	UNKNOWN
430821113001	西庄居委会	110.900745	29.637054	0	16	65	乡镇
430821212215	双垭村委会	110.904431	29.437857	0	18	40	乡镇
430802005214	竹园塔村委会	110.549984	29.162741	0	18	35	乡镇
430821106203	双桥村委会	110.860777	29.507978	0	30	72	村庄
430821103001	东市居委会	111.139000	29.429800	0	14	37	区县
430802006204	前坪村委会	110.468500	29.108659	0	25	70	乡镇
430802003006	彭家巷居委会	110.522071	29.114454	1	80	100	政府机构
430821100011	金台居委会	111.108928	29.445622	0	16	65	乡镇
430821105213	沅峪村委会	110.910952	29.538684	0	18	40	乡镇
430822111224	三鹤园村	110.653136	29.639122	0	16	47	乡镇
430802004002	黄金塔居委会	110.484330	29.105060	0	25	55	乡镇
430821216201	甘堰村委会	110.766308	29.308619	0	18	40	乡镇
430822100209	合幸村	110.186255	29.391112	0	18	66	乡镇
430822110209	三和村	110.161336	29.539021	0	16	65	乡镇
430822224216	塘方村民委员会	109.851515	29.565449	0	18	66	村庄
430802212218	铜斗村委会	110.441590	28.928801	0	25	70	乡镇
430821107003	兴隆街居委会	110.767953	29.501693	1	80	100	政府机构
430821216217	红岩岭村委会	110.766308	29.308619	0	18	49	乡镇
430821112201	三王村委会	111.279950	29.459182	0	18	66	乡镇
430802201208	岩水井村委会	110.303445	29.154324	0	18	40	乡镇
430811202208	渔泉峪村委会	110.432151	29.330589	0	18	40	村庄
430821209224	申中村	111.145682	29.566510	0	18	66	乡镇
430802002206	板坪村委会	110.449432	29.142015	0	25	70	乡镇
430811001206	双星村委会	110.562772	29.370705	0	16	65	乡镇
430821111211	大湖村委会	111.099030	29.238131	0	30	72	村庄
430822109205	八大公山村	109.870145	29.628314	0	16	47	乡镇
430802208212	槟榔坪村委会	110.116147	29.200676	0	18	40	乡镇
430821106215	旭日塔村委会	110.843887	29.536342	0	18	35	乡镇
430821100007	朝王塔居委会	111.108928	29.445622	0	16	38	乡镇
430821209204	复兴村委会	111.139860	29.575769	0	30	72	村庄
430822102202	梯市村	110.532670	29.610599	0	30	100	村庄
430802102001	教字垭居委会	110.332787	29.287892	1	80	100	政府机构
430821102221	云岩村	110.750281	29.228191	0	25	70	乡镇
430802006009	后坪居委会	110.332300	29.066061	0	30	72	村庄
430822111212	南滩村	110.653136	29.639122	0	16	65	乡镇
430822101212	马井村村委会	110.286150	29.441880	0	30	58	村庄
430802210205	桥头村委会	110.286800	29.338800	0	30	72	村庄
430802104213	三台山村委会	110.764658	28.989597	0	18	66	乡镇
430821107218	长峪村委会	110.769968	29.493541	0	16	65	乡镇
430821109206	岩溪村委会	111.177400	29.368030	0	25	70	乡镇
430822108208	金家台村村民委员会	110.088040	29.380411	0	30	72	村庄
430822106216	苍关峪村村民委员会	109.989460	29.483680	0	25	47	乡镇
430821114208	占甲桥村委会	111.150708	29.274580	0	16	33	乡镇
430802204211	王家湾村委会	110.603380	29.222430	0	30	72	村庄
430802100207	柏家峪村委会	110.534100	29.207969	0	30	58	UNKNOWN
430821109210	两岔溪村	111.223860	29.348881	0	30	100	村庄
430821211225	胡家坪村委会	110.656239	29.425571	0	25	70	乡镇
430821213218	新界村	110.643315	29.262729	0	18	66	乡镇
430822106200	蔡家坪村村民委员会	109.973700	29.470550	0	30	72	村庄
430822202216	南湖村村民委员会	110.529790	29.484299	0	30	72	村庄
430821200208	白马村委会	110.824833	29.278447	0	30	72	村庄
430822105210	水田坝村	110.062460	29.680990	0	30	100	村庄
430822100012	建新岭居民委员会	110.186255	29.391112	0	18	35	乡镇
430802204207	高万村委会	110.583031	29.215501	0	25	70	乡镇
430821111227	渠溶村委会	110.914860	29.214060	0	30	58	UNKNOWN
430821101227	杨家桥村委会	110.973315	29.352956	0	18	49	乡镇
430822102214	东流坪村村民委员会	110.419140	29.568920	0	30	72	村庄
430821216221	宜冲桥村委会	110.766308	29.308619	0	18	40	乡镇
430802210213	拖船峪村委会	110.271443	29.333152	0	18	40	村庄
430822200207	空军村村民委员会	110.332105	29.436630	0	30	72	村庄
430822210207	自生桥村民委员会	110.379965	29.531388	0	18	49	乡镇
430802006208	崇山村委会	110.468500	29.108659	0	25	70	乡镇
430802206216	孙阳坪村委会	110.646195	28.993498	0	16	47	乡镇
430822107201	冲王溪村村民委员会	110.164000	29.399600	0	14	32	区县
430822213217	龙凤塔村	110.180840	29.478599	0	30	100	村庄
430802005218	新园区村委会	110.549984	29.162741	0	18	40	乡镇
430821212219	南井村委会	110.904431	29.437857	0	18	66	乡镇
430822110205	长坪村民委员会	110.159200	29.514540	0	30	72	村庄
430802201212	杜家岗村委会	110.341563	29.217466	1	80	100	政府机构
430822207203	犀牛村	110.237353	29.473085	0	18	66	乡镇
430822103215	长潭河村	110.100453	29.549347	0	18	66	乡镇
430811201202	杨家坪村委会	110.696927	29.288948	1	80	100	政府机构
430821100226	宝莲村委会	111.108928	29.445622	0	16	38	乡镇
430822100213	岩亚村村委会	110.186255	29.391112	0	18	35	乡镇
430802201204	张家峪村委会	110.303445	29.154324	0	18	66	乡镇
430821113220	邻矿村委会	110.900745	29.637054	0	16	38	乡镇
430821103220	三桥村委会	111.036589	29.560307	0	18	66	乡镇
430802212214	和平村委会	110.441590	28.928801	0	25	55	乡镇
430822106001	唐家坪居委会	109.989460	29.483680	0	25	55	乡镇
430822210211	双泉村	110.379965	29.531388	0	18	66	乡镇
430822104207	三合街村村民委员会	110.247120	29.715980	0	30	72	村庄
430822200211	罗家坪村村民委员会	110.368390	29.437120	0	30	72	村庄
430821107234	甘溪坪村委会	110.769968	29.493541	0	16	38	乡镇
430822109209	庄耳坪村	109.805180	29.710030	0	30	100	村庄
430821108207	新星村委会	111.202430	29.526729	0	30	72	村庄
430821106219	龙坦坪村委会	110.845610	29.474090	0	30	58	村庄
430821104224	星月村	110.973585	29.549155	0	18	66	乡镇
430821109221	新红村委会	111.177400	29.368030	0	25	55	乡镇
430821105202	枫垭村委会	110.910952	29.538684	0	18	40	乡镇
430821211214	双高村委会	110.656239	29.425571	0	25	47	乡镇
430821106212	坼岩村委会	110.843887	29.536342	0	18	40	乡镇
430802005205	三岗村委会	110.549984	29.162741	0	18	66	乡镇
430822102225	林家堡村	110.461480	29.688700	0	30	100	村庄
430802105219	莫家岗村委会	110.395758	29.180031	1	80	100	政府机构
430821111216	龙溪村委会	110.994220	29.297080	0	30	72	村庄
430802002201	沙堤新村委会	110.449432	29.142015	0	25	55	乡镇
430821209223	俭庄村委会	111.145682	29.566510	0	18	40	乡镇
430822103208	张家塔村村民委员会	110.103320	29.531300	0	30	72	村庄
430802108217	石堰坪村委会	110.887347	29.042846	0	30	58	村庄
430821112206	三丝村委会	111.279950	29.459182	0	18	35	乡镇
430821107004	丁字街居委会	110.767953	29.501693	1	80	100	政府机构
430821216210	西铺村委会	110.740637	29.292517	1	80	100	政府机构
430821104002	市场河居委会	110.982659	29.498458	1	80	100	政府机构
430822207208	刘家坪村村民委员会	110.222180	29.474990	0	30	72	村庄
430822111223	西莲村	110.653136	29.639122	0	16	65	乡镇
430802004005	龙门居委会	110.484330	29.105060	0	25	70	乡镇
430822106227	撒埠溪村	109.888020	29.494210	0	30	100	村庄
430821211202	苗岭村委会	110.656239	29.425571	0	25	70	乡镇
430802003001	胡家岗居委会	110.476490	29.103519	0	30	72	村庄
430802006203	鸡公垭村委会	110.343550	29.072690	0	30	58	UNKNOWN
430821107229	白岩峪村委会	110.765230	29.460290	0	30	58	UNKNOWN
430821105214	杨家塔村委会	110.910952	29.538684	0	18	66	乡镇
430822109214	茅坡村	109.930180	29.641519	0	30	100	村庄
430802208203	太坪村委会	110.116147	29.200676	0	18	66	乡镇
430821212212	中坪村委会	110.904431	29.437857	0	18	66	乡镇
430821106204	高潮村委会	110.856240	29.523190	0	30	72	村庄
430821113211	龙灯峪村委会	110.900745	29.637054	0	16	38	乡镇
430821103211	佛袈山村委会	111.083930	29.577019	0	50	73	UNKNOWN
430821217207	官坊村委会	111.139000	29.429800	0	14	29	区县
430802005004	凤湾居委会	110.549984	29.162741	0	18	49	乡镇
430802105223	红石林村委会	110.386232	29.184765	0	18	40	乡镇
430822216209	沙塔坪村	110.041360	29.588990	0	30	100	村庄
430822110222	牛洞口村	110.199660	29.593730	0	30	100	村庄
430821110201	岩音村委会	110.989156	29.171065	0	18	40	乡镇
430821100201	琵琶村委会	111.108928	29.445622	0	16	65	乡镇
430821214217	双中村委会	110.698787	29.133862	0	18	40	乡镇
430802003216	关门岩村委会	110.602048	29.125819	0	16	65	乡镇
430821107205	美世坪村委会	110.769968	29.493541	0	16	33	乡镇
430802209202	芭蕉村委会	110.261382	29.270784	0	18	66	村庄
430821114215	联合村委会	111.109780	29.273641	0	30	72	村庄
430821200203	梁山村委会	110.898743	29.291270	0	18	66	乡镇
430821104215	陈坪村委会	110.973585	29.549155	0	18	66	乡镇
430822203230	前村坪村	110.496300	29.499311	0	30	100	村庄
430821213205	南庄村委会	110.679210	29.230950	0	30	72	村庄
430802001006	崇实居委会	110.481071	29.132559	0	30	72	道路
430822108203	莲花垭村	110.082173	29.328720	0	18	66	乡镇
430822104220	古罗界村	110.095075	29.621746	0	30	100	村庄
430821212228	景阳村	110.904431	29.437857	0	18	66	乡镇
430821101001	岩泊渡居委会	110.973747	29.372810	0	50	82	UNKNOWN
430821100240	七相坪村委会	111.117880	29.459820	0	30	58	村庄
430821114203	新建村委会	111.171170	29.293031	0	30	72	村庄
430821108220	界溪村委会	111.209156	29.515488	0	18	66	乡镇
430821111001	铁树潭居委会	111.078683	29.238134	1	80	100	政府机构
430822208201	高阳村	110.302950	29.526530	0	30	100	村庄
430822102209	金山坪村	110.485616	29.623723	0	16	65	乡镇
430821214201	三元村委会	110.698787	29.133862	0	18	66	乡镇
430802006002	邢家巷居委会	110.444427	29.092575	1	80	100	政府机构
430821100217	石马村委会	111.044930	29.388941	0	30	72	村庄
430822111219	新华村	110.562380	29.689341	0	30	100	村庄
430802104218	榔木岭村委会	110.764658	28.989597	0	18	40	乡镇
430822203206	滚水峪村村民委员会	110.416650	29.455679	0	30	72	村庄
430802102211	牛角洞村委会	110.347871	29.286181	0	18	66	乡镇
430822213206	回龙村民委员会	110.132450	29.437500	0	30	72	村庄
430802005209	周家坊村委会	110.549984	29.162741	0	18	66	乡镇
430821100260	跑马岗村	111.108928	29.445622	0	16	65	乡镇
430821202208	大田村委会	110.854490	29.116041	0	30	72	村庄
430822101002	鸟儿岭居委会	110.291447	29.399151	0	18	49	乡镇
430821211218	罗潭村委会	110.656239	29.425571	0	25	70	乡镇
430822207212	关溪涧村村民委员会	109.749180	29.638959	0	30	50	村庄
430802212213	牧笛溪村委会	110.441590	28.928801	0	25	47	乡镇
430802003220	天乐山村委会	110.602048	29.125819	0	16	38	乡镇
430821214221	荆竹山村	110.698787	29.133862	0	18	66	乡镇
430821100237	亮垭村委会	111.243520	29.423610	0	50	73	UNKNOWN
430802201203	枞茂村委会	110.303445	29.154324	0	18	40	乡镇
430811202203	檀木岗村委会	110.432151	29.330589	0	18	40	村庄
430802105215	马口村委会	110.386232	29.184765	0	18	66	乡镇
430822100214	金山村村委会	110.164911	29.432456	1	80	100	政府机构
430821103227	南岳村	111.036589	29.560307	0	18	66	乡镇
430821110221	先锋村	110.989156	29.171065	0	18	66	乡镇
430821100221	永安村委会	111.099130	29.422130	0	30	72	村庄
430822100202	上家坪村村委会	110.186255	29.391112	0	18	40	乡镇
430802100001	新桥居委会	110.497954	29.233041	0	18	66	乡镇
430822107206	妖气洞村村民委员会	110.038680	29.415730	0	30	72	村庄
430802102207	竹园坪村委会	110.347871	29.286181	0	18	66	乡镇
430802206211	双溪桥村委会	110.646195	28.993498	0	16	65	乡镇
430822109218	朝南坪村	109.861000	29.632680	0	30	100	村庄
430821106208	三桥村委会	110.843887	29.536342	0	18	66	乡镇
430821209002	杨溪居委会	111.217970	29.567815	1	80	100	政府机构
430802101217	大米界村委会	110.111740	29.273779	0	25	55	村庄
430821105218	赵家铺村委会	110.910952	29.538684	0	18	66	乡镇
430821216226	歇驾庄村委会	110.812710	29.364360	0	30	58	村庄
430822111203	人潮溪村	110.653136	29.639122	0	16	47	乡镇
430802104202	桑木村委会	110.764658	28.989597	0	18	66	乡镇
430822104001	龙潭坪居委会	110.161749	29.675974	0	30	72	村庄
430822101203	芦溪村	110.291447	29.399151	0	18	66	乡镇
430802005008	吴家咀居委会	110.586167	29.152128	1	80	97	UNKNOWN
430821209215	向峪村委会	111.145682	29.566510	0	18	35	乡镇
430821101220	双合村委会	110.959210	29.305389	0	30	72	村庄
430821108001	苗市居委会	111.250547	29.544261	1	80	100	政府机构
430822216205	六耳口村民委员会	110.038168	29.604597	0	18	49	乡镇
430822102213	铜矿村村民委员会	110.440540	29.569881	0	30	72	村庄
430821212232	雪莲村	110.904431	29.437857	0	18	66	乡镇
430821104219	坪山村委会	110.972540	29.590980	0	30	72	村庄
430821106224	虎头村委会	110.828030	29.515070	0	30	72	村庄
430821114219	大清村委会	111.150708	29.274580	0	16	65	乡镇
430811202002	野鸡铺居委会	110.396150	29.353780	1	80	100	政府机构
430821107209	五四村委会	110.769968	29.493541	0	16	65	乡镇
430821109217	四坪村委会	111.177400	29.368030	0	25	70	乡镇
430822202211	侵峪村村民委员会	110.562100	29.484998	0	18	66	乡镇
430822108219	苦竹河村村民委员会	110.129760	29.330040	0	30	72	村庄
430802103206	王姓垭村委会	110.480980	28.993610	0	30	58	UNKNOWN
430822106207	新街村村民委员会	109.961020	29.466261	0	30	72	村庄
430821200219	双和村	110.898743	29.291270	0	18	66	乡镇
430822100003	文明路社区居委会	110.186255	29.391112	0	18	66	乡镇
430822109222	笔架山村	109.870145	29.628314	0	16	65	乡镇
430821109201	大庄村委会	111.141720	29.370269	0	30	72	村庄
430821213209	咸水村委会	110.643315	29.262729	0	18	66	乡镇
430802103210	小坪村委会	110.460499	29.012775	0	18	66	乡镇
430802210202	熊家乪村委会	110.271443	29.333152	0	18	40	村庄
430822101215	干溪村村委会	110.274131	29.414034	0	30	58	村庄
430821107248	双湖村	110.769968	29.493541	0	16	65	乡镇
430822228204	麻逻村民委员会	109.992684	29.332294	0	18	66	乡镇
430802002221	石牌村委会	110.449432	29.142015	0	25	55	乡镇
430821215220	双岸村	110.665675	29.496753	0	18	66	乡镇
430821209203	新铺村委会	111.125870	29.580100	0	30	72	村庄
430822102205	赵家坪村	110.485616	29.623723	0	16	65	乡镇
430821107249	佛塌坪村	110.769968	29.493541	0	16	47	乡镇
430822228205	院子村民委员会	109.992684	29.332294	0	18	49	乡镇
430802002220	龙盘岗村委会	110.382099	29.092641	1	80	100	政府机构
430821215221	双新村	110.665675	29.496753	0	18	66	乡镇
430821209202	四桥村委会	111.145682	29.566510	0	18	66	乡镇
430822102204	中坪村村民委员会	110.484750	29.583320	0	30	72	村庄
430802210203	长岭岗村委会	110.271443	29.333152	0	18	66	村庄
430822111214	双狮村	110.626430	29.696691	0	30	100	村庄
430821105223	尖角村委会	110.910952	29.538684	0	18	66	乡镇
430822202206	鸡公亚村村民委员会	110.562100	29.484998	0	18	40	乡镇
430821200218	桃花村	110.898743	29.291270	0	18	66	乡镇
430822105200	连家湾村村民委员会	109.809690	29.730809	0	30	72	村庄
430802100201	郑家坪村委会	110.497954	29.233041	0	18	66	乡镇
430802105003	官坪居委会	110.374294	29.201233	1	80	100	政府机构
430822109223	洗泡河村	109.938840	29.562280	0	30	100	村庄
430821107208	白堰村委会	110.769968	29.493541	0	16	65	乡镇
430821109216	百寿村委会	111.177400	29.368030	0	25	70	乡镇
430822202210	干洞村村民委员会	110.556610	29.505190	0	30	72	村庄
430802103207	天门溪村委会	110.460499	29.012775	0	18	35	乡镇
430821212233	康乐村	110.904431	29.437857	0	18	66	乡镇
430821104218	氽湖村委会	110.973585	29.549155	0	18	40	乡镇
430821114218	太坪村委会	111.150708	29.274580	0	16	65	乡镇
430802204201	合作桥村委会	110.583031	29.215501	0	25	47	乡镇
430822100014	老观潭社区居委会	110.186255	29.391112	0	18	49	乡镇
430822105216	桑植坪村	110.011040	29.653470	0	30	100	村庄
430821209214	宝景村委会	111.145682	29.566510	0	18	40	乡镇
430802005009	双溪居委会	110.549984	29.162741	0	18	66	乡镇
430821101221	龙潭村委会	110.966740	29.354160	0	30	72	村庄
430821111221	联富村委会	111.077550	29.238659	0	25	47	乡镇
430821216227	龙象庵村委会	110.766308	29.308619	0	18	40	乡镇
430822111202	统子峪村村民委员会	110.533630	29.546059	0	30	72	村庄
430802101001	温塘居委会	110.205809	29.164108	1	80	100	政府机构
430802104203	盘塘村委会	110.775880	29.010939	0	30	72	村庄
430822101202	青龙溪村村委会	110.244570	29.355280	0	30	58	村庄
430802210215	楠木村委会	110.271443	29.333152	0	18	66	村庄
430822104217	苦竹坪村	110.095400	29.647970	0	30	100	村庄
430802101216	安坪村委会	110.184530	29.261839	1	80	97	UNKNOWN
430822210201	马合口村民委员会	110.318580	29.519471	1	80	97	UNKNOWN
430822107207	团结村	110.001956	29.397644	0	18	66	乡镇
430822213211	云丰村民委员会	110.158125	29.462511	0	16	47	乡镇
430802206210	和平岗村委会	110.677480	28.976921	0	30	72	村庄
430821108217	东洋渡村委会	111.236850	29.577380	0	30	58	UNKNOWN
430821106209	符坪村委会	110.843887	29.536342	0	18	40	乡镇
430822105001	五道水居委会	109.920700	29.700960	0	30	72	UNKNOWN
430822100203	兴旺塔村村委会	110.120490	29.415999	0	30	58	村庄
430822110203	白果村	110.176040	29.553050	0	30	100	村庄
430802201214	垕王村委会	110.303445	29.154324	0	18	49	乡镇
430821103230	东源村	111.036589	29.560307	0	18	66	乡镇
430802212204	沅溪村委会	110.441590	28.928801	0	25	55	乡镇
430822207205	长征村	110.237353	29.473085	0	18	66	乡镇
430821109001	墨园居委会	111.177660	29.367590	1	80	100	政府机构
430821110220	长堰村	110.989156	29.171065	0	18	66	乡镇
430822110215	柏杨村	110.134850	29.484021	0	30	100	村庄
430802201202	云盘塔村委会	110.303445	29.154324	0	18	40	乡镇
430802105214	太极村委会	110.386232	29.184765	0	18	40	乡镇
430811202202	石家峪村委会	110.432151	29.330589	0	18	66	村庄
430822100215	蔡家峪村村委会	110.162017	29.411389	1	80	100	政府机构
430821103226	道人山村	111.036589	29.560307	0	18	49	乡镇
430822103205	和谐村	110.100453	29.549347	0	18	66	乡镇
430802003221	三岔村委会	110.602048	29.125819	0	16	65	乡镇
430821214220	乐圆新村	110.698787	29.133862	0	18	66	乡镇
430822101003	罗家边居委会	110.269740	29.418751	0	30	72	UNKNOWN
430821211219	双桥村委会	110.989900	29.379691	0	30	72	村庄
430802206206	湖金萍村委会	110.646195	28.993498	0	16	33	乡镇
430802102210	禹溪村委会	110.347871	29.286181	0	18	66	乡镇
430821100261	星子山村	111.108928	29.445622	0	16	65	乡镇
430821108201	黄花溪村委会	111.209156	29.515488	0	18	66	乡镇
430802003201	杨家溪村委会	110.602048	29.125819	0	16	65	乡镇
430822225207	狮子山村民委员会	109.820596	29.479300	0	16	47	乡镇
430802006003	三眼桥居委会	110.468500	29.108659	0	25	70	乡镇
430821100216	金花村委会	111.108928	29.445622	0	16	65	乡镇
430822111218	廖城村	110.568710	29.660381	0	30	100	村庄
430822103225	罗峪村	110.100453	29.549347	0	18	66	乡镇
430822228209	二户溪村民委员会	109.992684	29.332294	0	18	49	乡镇
430822102208	黄家台村村民委员会	110.456310	29.604090	0	30	72	村庄
430821212229	高峰村	110.904431	29.437857	0	18	66	乡镇
430821104202	长峪铺村委会	110.995251	29.541147	1	80	94	UNKNOWN
430821100241	南洋村委会	111.108928	29.445622	0	16	65	乡镇
430821108221	东岳村委会	111.209156	29.515488	0	18	66	乡镇
430822203227	汨湖村	110.460388	29.481069	0	18	66	乡镇
430802001007	紫云居委会	110.481071	29.132559	0	30	72	道路
430802004205	汪家寨村委会	110.487680	29.094730	0	30	72	村庄
430821107212	五里堆村委会	110.769968	29.493541	0	16	65	乡镇
430802108001	王家坪居委会	110.819784	29.039849	1	80	100	政府机构
430802101220	水帘洞村委会	110.174535	29.245400	0	16	65	乡镇
430822104221	洪家峪村	110.134680	29.623011	0	30	100	村庄
430821114214	二溪村委会	111.150708	29.274580	0	16	65	乡镇
430811001001	吴家峪居委会	110.545697	29.346419	1	80	100	政府机构
430821100257	枫垭村委会	111.108928	29.445622	0	16	38	乡镇
430821104214	葵花台村委会	110.967070	29.562860	0	30	58	UNKNOWN
430802002001	大庸桥居委会	110.454863	29.135032	1	80	100	政府机构
430822213231	土南溪村	110.164000	29.399600	0	14	37	区县
430822203231	白石溪村	110.460388	29.481069	0	18	66	乡镇
430821107204	教场坪村委会	110.769968	29.493541	0	16	65	乡镇
430821213212	大塘村委会	110.676601	29.241516	0	30	72	村庄
430802209203	龙凤村委会	110.240610	29.295419	0	30	72	村庄
430821105002	东街居委会	110.910952	29.538684	0	18	66	乡镇
430821214216	南坪村委会	110.705190	29.180970	0	30	72	村庄
430822225211	杨竹溪村民委员会	109.820596	29.479300	0	16	47	乡镇
430802003217	两岔溪村委会	110.602048	29.125819	0	16	65	乡镇
430802005005	禾家山居委会	110.491819	29.127735	1	80	100	政府机构
430821217206	渔浦村委会	110.705742	29.288447	0	18	40	乡镇
430822216208	廖家坡村民委员会	110.062000	29.596669	0	30	72	村庄
430822208216	下坪村	110.279760	29.635310	0	30	100	村庄
430822109215	九龙村	109.909830	29.653041	0	30	100	村庄
430802208202	青岩村委会	110.116147	29.200676	0	18	66	乡镇
430821212213	茅庵村委会	110.904431	29.437857	0	18	66	乡镇
430821106205	大尖村委会	110.843887	29.536342	0	18	66	乡镇
430822106226	大吾坝村	109.989460	29.483680	0	25	55	乡镇
430821211203	云山村委会	110.666840	29.452940	0	30	72	村庄
430821105215	大市村委会	110.910952	29.538684	0	18	40	乡镇
430802004004	白羊坡居委会	110.455290	29.090350	0	30	72	村庄
430821216207	西峪村委会	110.766308	29.308619	0	18	66	乡镇
430821102211	里仁村委会	110.750281	29.228191	0	25	70	乡镇
430822224210	新民村	109.851515	29.565449	0	18	66	村庄
430821101201	行溪村委会	110.973315	29.352956	0	18	35	乡镇
430821104003	通津铺居委会	110.995251	29.541147	1	80	97	UNKNOWN
430821111201	楠木村委会	111.077550	29.238659	0	25	70	乡镇
430802108216	紫荆塔村委会	110.854703	29.028783	0	16	33	乡镇
430821112207	老棚村委会	111.279950	29.459182	0	18	66	乡镇
430821107005	农贸市场居委会	110.769968	29.493541	0	16	47	乡镇
430821216211	张家台村委会	110.766308	29.308619	0	18	66	乡镇
430822102224	长潭坪村	110.472520	29.691699	0	30	100	村庄
430802105218	马儿山村委会	110.386232	29.184765	0	18	66	乡镇
430821111217	丛木村委会	111.077550	29.238659	0	25	47	乡镇
430822224206	以咱村	109.868200	29.572279	0	30	100	村庄
430821215201	双河村委会	110.682840	29.495031	0	30	72	村庄
430822109203	凤凰山村	109.870145	29.628314	0	16	65	乡镇
430821202205	大浒村委会	110.866240	29.174351	0	30	58	UNKNOWN
430821212205	三溪村委会	110.967711	29.441182	1	80	100	政府机构
430822106230	两河口村	110.033910	29.447380	0	30	100	村庄
430821109220	金龙村委会	111.111082	29.462395	1	80	100	政府机构
430821110001	高桥居委会	110.989156	29.171065	0	18	66	乡镇
430821100001	南街居委会	111.139000	29.429800	0	14	37	区县
430802006214	八家河村村委会	110.380500	29.076540	0	30	58	村庄
