433122207202	川洞村	109.844860	28.130621	0	30	100	村庄
433101005001	科技园社区	109.736552	28.304134	1	80	97	政府机构
433126101256	且茶村	109.987702	28.675897	0	30	100	村庄
433130104213	草果村	109.515860	29.111559	0	30	100	村庄
433130118230	连台村	109.390970	29.192449	0	30	100	村庄
433130200205	五台村	109.508210	29.174809	0	30	100	村庄
433123107213	流滚村	109.356220	28.075820	0	30	100	村庄
433130114213	吾拉村	109.444000	29.457800	0	14	37	区县
433126105215	河南村	109.936660	28.739459	0	30	100	村庄
433126107228	陈家村	110.218670	28.586950	0	30	100	村庄
433127116241	双凤村	109.752180	28.971819	0	30	100	村庄
433125109215	和平村	109.643870	28.653360	0	30	100	村庄
433123108220	禾排村	109.442740	28.213040	0	30	100	村庄
433127238203	新寨村	109.896400	29.132491	0	30	100	村庄
433123114203	白泥村	109.458940	27.897619	0	30	100	村庄
433123104203	芭蕉村	109.383940	27.815180	0	30	100	村庄
433127228203	五寨村	109.872420	29.296519	0	30	100	村庄
433130112001	茨岩社区	109.632932	29.406579	0	18	66	乡镇
433126103007	山枣居委会	109.951000	28.617100	0	14	37	区县
433127115206	高楼村	109.971570	29.246850	0	30	100	村庄
433122107200	五里洲村	110.169890	28.268639	0	30	100	村庄
433130110207	城堡村	109.566730	29.589690	0	30	100	村庄
433125217209	溪洲村	109.761045	28.627426	0	18	66	村庄
433130237208	光荣村	109.511240	29.340399	0	30	100	村庄
433127108208	龙凤村	110.178692	28.876126	0	30	100	村庄
433122104210	下广村	109.922780	28.089300	0	30	100	村庄
433127118208	云扎村	109.738260	28.763170	0	30	100	村庄
433101002005	光明社区	109.735371	28.325988	1	80	100	地产小区
433124105225	联龙村	109.389888	28.328363	0	18	66	乡镇
433123204201	天堂村	109.581670	27.862330	0	30	100	村庄
433130113217	坎西湖村	109.642090	29.341769	0	30	100	村庄
433125110219	糯里村	109.331350	28.767409	0	30	100	村庄
433122203200	兰村村	110.025062	27.920230	0	30	100	村庄
433122109208	麻铺村	109.853840	27.979091	0	30	100	村庄
433126101217	长潭村	109.928670	28.591470	0	30	100	村庄
433130110211	龙洞村	109.586260	29.540660	0	30	100	村庄
433123113211	板帕村	109.353880	27.949460	0	30	100	村庄
433127103002	河畔社区居委会了	109.984810	28.794075	0	16	47	乡镇
433122104206	彭总管村	109.876020	28.039929	0	30	100	村庄
433127113002	河东居委会	109.830143	29.203387	1	80	100	政府机构
433130116003	麦茶社区	109.296074	28.785943	1	80	100	地产小区
433101100209	洽比村	109.634800	28.354499	0	30	100	村庄
433124213218	大龙村	109.483270	28.281090	0	30	100	村庄
433127101204	中坝村	109.751470	29.126809	0	30	100	村庄
433130114205	百型村	109.579210	28.940450	0	30	100	村庄
433130116238	杉树村	109.402210	28.872960	0	30	100	村庄
433123107205	科茸村	109.359203	28.095318	0	30	100	村庄
433130200213	洛塔村	109.527710	29.201200	0	30	100	村庄
433130118226	喳拉坪村	109.375680	29.127920	0	30	100	村庄
433126101240	白洋溪村	109.980365	28.541009	0	30	100	村庄
433130210213	光辉村	109.700380	29.581389	0	30	100	村庄
433125115220	拔茅村	109.496181	28.773691	0	30	100	村庄
433127216202	元宝村	110.345480	28.926940	0	30	100	村庄
433127112214	岩扎村	110.049920	29.042609	0	25	70	乡镇
433130117215	贾田村	109.333860	29.120349	0	30	100	村庄
433123114215	大坡村	109.398590	27.878839	0	30	100	村庄
433101101208	米坡村	109.799740	28.354450	0	30	100	村庄
433130117002	四坝社区	109.312849	29.164011	0	16	65	乡镇
433124108211	火焰土村	109.335020	28.516659	0	30	100	村庄
433127112003	西湖社区居委会	110.049920	29.042609	0	25	70	乡镇
433122105207	楠木冲村	109.921030	28.208200	0	30	100	村庄
433125112208	民主村	109.393710	28.653910	0	30	100	村庄
433123112210	好友村	109.465650	28.025820	0	30	100	村庄
433123216206	茶坪村	109.431100	27.962420	0	30	100	村庄
433127200207	湖坝村	109.716340	29.182890	0	18	66	村庄
433122108209	田家溪村	110.026980	28.122971	0	30	100	村庄
433127114211	廻龙村	109.933909	29.188300	0	18	66	乡镇
433130121219	天桥村	109.609870	29.069171	0	30	100	村庄
433127210207	雨禾村	109.931980	28.859389	0	30	100	村庄
433122106217	欧溪村	110.117780	28.342059	0	30	100	村庄
433126103251	枞树村	110.131935	28.493017	0	30	100	村庄
433123115214	高寨村	109.586800	28.139040	0	30	100	村庄
433123105214	火炉坪村	109.536490	28.125330	0	30	100	村庄
433124109007	登高楼社区	109.492775	28.589013	1	80	100	地产小区
433130116214	树木村	109.349480	28.810550	0	30	100	村庄
433124110226	十八洞村	109.505972	28.384564	0	30	100	村庄
433127113215	农林村	109.829050	29.282480	0	30	100	村庄
433127103215	杨木村	109.877660	28.792639	0	30	100	村庄
433101002204	望江坳村	109.740840	28.320810	1	80	100	政府机构
433123116204	新坪村	109.557520	28.016730	0	30	100	村庄
433126104202	牛角山村	109.857691	28.505246	0	18	66	乡镇
433130115204	黎明村	109.511410	28.986929	0	30	100	村庄
433122107001	城北社区	110.163866	28.272878	1	80	100	地产小区
433122102203	五德村	110.002730	27.988049	0	30	100	村庄
433124110230	排料村	109.606850	28.372151	0	30	100	村庄
433130116202	天堂村	109.277130	28.953849	0	30	100	村庄
433124109011	兴龙社区	109.473980	28.579471	0	25	70	乡镇
433127229202	万民村	109.925860	29.420351	0	30	100	村庄
433123105202	大桥村	109.609060	28.075571	0	30	100	村庄
433123115202	拉务村	109.620890	28.181360	0	30	100	村庄
433125108214	盐井村	109.518350	28.626559	0	30	100	村庄
433127113203	白岩村	109.819250	29.200800	0	30	100	村庄
433127116001	城中社区居委会	109.850430	29.002840	0	25	70	乡镇
433130115212	八吉村	109.502010	28.956740	0	16	65	乡镇
433125109239	哪洞村	109.649477	28.702642	0	25	70	乡镇
433172598009	狮子社区	109.696200	28.253379	1	80	95	政府机构
433122206203	利略村	109.706450	28.135200	0	30	100	村庄
433123101216	鸭堡洞村	109.513250	27.983539	0	30	100	村庄
433124106219	广车村	109.475370	28.416660	0	30	100	村庄
433123205200	黄罗寨村	109.530420	27.847190	0	30	100	村庄
433125109002	二月坡社区	109.653368	28.708312	1	80	100	地产小区
433125110223	杉柱村	109.353240	28.751230	0	30	100	村庄
433127109209	洞坎河村	110.182600	29.044970	0	30	100	村庄
433127203201	对山村	109.663230	28.907701	0	30	100	村庄
433130236209	王家村	109.342210	28.991986	0	30	100	村庄
433126105002	河西居委会	109.901519	28.706935	0	18	66	乡镇
433130114004	他砂社区	109.572850	28.974249	0	25	70	乡镇
433123112206	雄龙村	109.481928	28.072728	0	30	100	村庄
433122106201	甘溪桥村	110.024240	28.232616	0	30	100	村庄
433127114207	三家田村	110.009750	29.203840	0	30	100	村庄
433125109219	陇西村	109.649477	28.702642	0	25	70	乡镇
433126106209	猛虎洲村	109.844580	28.686791	0	30	100	村庄
433130119211	车格村	109.390150	29.367530	0	30	100	村庄
433101104207	光坪村	110.013200	28.324300	0	30	100	村庄
433125114217	大岩村	109.807920	28.486240	0	30	100	村庄
433122108004	印家桥社区	110.059545	28.091089	0	16	65	乡镇
433126107224	三坪村	110.253260	28.673600	0	30	100	村庄
433130116222	梓木村	109.316640	28.833890	0	30	100	村庄
433126105219	白果树村	109.881280	28.688849	0	30	100	村庄
433123105222	龙肱村	109.631571	28.137746	0	80	100	UNKNOWN
433130200209	烈坝村	109.450680	29.125509	0	30	100	村庄
433123115222	筸子坪村	109.599000	27.948000	0	14	46	区县
433123109201	棉寨村	109.623510	27.948720	0	30	100	村庄
433130210209	五马坪村	109.629180	29.506400	0	30	100	村庄
433130001001	凤阳社区	109.398124	29.417800	0	18	66	乡镇
433125113213	水田村	109.587010	28.530289	0	30	100	村庄
433127118204	九水村	109.774020	28.815670	0	30	100	村庄
433101002009	龙泉社区	109.740840	28.320810	1	80	97	政府机构
433130004203	双龙桥村	109.519167	29.456337	0	18	66	乡镇
433127108204	长坪村	110.106830	28.776090	0	30	100	村庄
433130237204	兴旺村	109.496160	29.300300	0	30	100	村庄
433125217205	梭落坪村	109.727760	28.676061	0	30	100	村庄
433101100213	金叶村	109.546830	28.319601	0	30	100	村庄
433124107214	高达村	109.393520	28.222454	0	18	66	乡镇
433127222205	红星村	110.017220	29.156391	0	30	100	村庄
433124213202	牛角村	109.458300	28.255319	0	30	100	村庄
433125110203	客寨村	109.381166	28.738432	0	18	66	乡镇
433130120202	岩洞村	109.716140	29.377010	0	30	100	村庄
433124108227	大寨村	109.308665	28.511434	0	18	66	乡镇
433124200212	打落坪村	109.545700	28.591031	0	30	100	村庄
433125217213	尧洞村	109.749060	28.614309	0	30	100	村庄
433130237212	茶园坪村	109.508678	29.331431	0	18	66	村庄
433127108212	竹坪村	110.219870	28.792400	0	30	100	村庄
433125113205	白合村	109.611480	28.534990	0	30	100	村庄
433127118212	猫子塘村	109.737980	28.823880	0	30	100	村庄
433122109204	祖坟山村	109.926890	27.983670	0	30	100	村庄
433130002007	象鼻社区	109.427081	29.464616	0	25	70	乡镇
433125110215	中溪村	109.352370	28.716281	0	30	100	村庄
433123111220	大管冲村	109.685460	28.086560	0	30	100	村庄
433123101220	老田冲村	109.493730	27.949580	0	30	100	村庄
433124200204	那光村	109.526123	28.522371	0	30	100	村庄
433130112220	茄佗村	109.694970	29.359879	0	30	100	村庄
433127112218	羊峰村	110.103750	28.968410	0	30	100	村庄
433123220206	代高村	109.395171	28.113706	0	30	100	村庄
433130005003	中南社区	109.499686	29.550546	0	18	66	乡镇
433123114219	小垅村	109.377140	27.826120	0	30	100	村庄
433101104211	王腊村	109.964952	28.362645	0	18	66	乡镇
433130119207	芭蕉村	109.429910	29.353251	0	30	100	村庄
433124103216	水田村	109.322950	28.368680	0	30	100	村庄
433130117219	老寨村	109.335950	29.176279	0	30	100	村庄
433130121002	汝池社区	109.630997	29.174057	0	16	65	乡镇
433125104201	普戎村	109.660000	28.699800	0	14	46	区县
433123109217	大黄土村	109.590460	28.001740	0	30	100	村庄
433123107209	苏马河村	109.318850	28.063750	0	30	100	村庄
433126107232	石门寨村	110.149329	28.681755	0	30	100	村庄
433130116234	恒咱村	109.387400	28.906730	0	30	100	村庄
433130114209	比寨村	109.549500	28.996181	0	30	100	村庄
433124109230	下寨河村	109.496800	28.533870	0	30	100	村庄
433130113221	白果村	109.650360	29.356530	0	30	100	村庄
433127230202	泽溪村	109.702070	29.244689	0	30	100	村庄
433127220202	署科村	110.190580	29.137140	0	30	100	村庄
433123110221	川岩村	109.373890	27.861911	0	30	100	村庄
433130121215	王家棚村	109.630997	29.174057	0	16	65	乡镇
433127116220	鲁纳村	109.887670	28.992820	0	30	100	村庄
433122108205	青草村	110.105430	28.041760	0	30	100	村庄
433124103001	云盘居委会	109.305242	28.381944	1	80	100	政府机构
433124106203	沙坪村	109.451790	28.445269	0	30	100	村庄
433125112204	田冲村	109.418500	28.653991	0	30	100	村庄
433101008202	大兴村	109.964550	28.311021	0	30	100	村庄
433124111207	排乍村	109.449780	28.446349	0	30	100	村庄
433130115208	民族村	109.486520	28.944591	0	30	100	村庄
433123116208	胜花村	109.495190	27.990560	0	30	100	村庄
433124109267	排楼村	109.425940	28.526301	0	30	100	村庄
433122208207	排口村	109.908500	28.170181	0	30	100	村庄
433130116218	麦子坪村	109.352160	28.854310	0	30	100	村庄
433123105218	三角坪村	109.597250	28.128371	0	30	100	村庄
433101201206	夯坨村	109.724120	28.409960	0	30	100	村庄
433124206201	团结村	109.359040	28.417760	0	30	100	村庄
433101105210	排吼村	109.921701	28.296765	0	60	100	UNKNOWN
433124102217	青龙村	109.373261	28.491598	0	18	66	乡镇
433101002208	合群村	109.740840	28.320810	1	80	97	政府机构
433130004002	望城社区	109.519167	29.456337	0	18	66	乡镇
433127103219	响塘村	109.984810	28.794075	0	16	65	乡镇
433124109271	辽洞村	109.452650	28.498279	0	30	100	村庄
433127112222	新寨村	110.050220	29.134599	0	30	100	村庄
433172598005	小溪桥社区	109.696200	28.253379	1	80	95	政府机构
433125109235	扁朝村	109.649477	28.702642	0	25	70	乡镇
433124102201	土地村	109.354220	28.470241	0	30	100	村庄
433101105206	青干村	109.843493	28.356510	0	30	100	村庄
433101009002	牯牛坪社区	109.678360	28.225340	1	80	97	政府机构
433125108218	大妥村	109.519660	28.671030	0	30	100	村庄
433122108213	中塘村	110.095530	28.034590	0	30	100	村庄
433127116236	麻料村	109.714660	28.944011	0	30	100	村庄
433130121203	富坪村	109.619270	29.162050	0	30	100	村庄
433101101212	新湾村	109.812620	28.400989	0	30	100	村庄
433124106215	尖岩村	109.494330	28.452111	0	30	100	村庄
433130236205	脉龙村	109.379850	29.049180	0	30	100	村庄
433127109205	中福村	110.209770	29.074991	0	30	100	村庄
433130005202	猛洞村	109.502370	29.499650	0	30	100	村庄
433124106214	新桥村	109.493600	28.456841	0	30	100	村庄
433101101213	白岩村	109.853740	28.417110	0	30	100	村庄
433126108001	坪坝居委会	109.948211	28.414849	0	30	72	村庄
433127109204	两岔村	110.211540	28.987650	0	30	100	村庄
433125112213	卧当村	109.335280	28.617099	0	30	100	村庄
433130005203	兴堡村	109.493400	29.530721	0	30	100	村庄
433101102203	张排村	109.793290	28.245900	0	30	100	村庄
433122108212	鱼坪村	110.071440	28.124210	0	30	100	村庄
433130121202	花桥村	109.641490	29.195689	0	30	100	村庄
433127116237	猛晓村	109.746690	28.901630	0	30	100	村庄
433125111203	兴隆村	109.447316	28.862441	0	30	100	村庄
433101105207	茶群村	109.864448	28.314679	0	18	66	乡镇
433130118211	大兴村	109.430670	29.211271	0	30	100	村庄
433124206216	糖果村	109.338076	28.438643	0	18	66	村庄
433101009003	湾溪社区	109.678360	28.225340	1	80	97	政府机构
433125108219	马王村	109.606319	28.650687	0	18	66	乡镇
433125116207	吕洞村	109.692490	28.460229	0	30	100	村庄
433124109270	紫霞村	109.431250	28.499041	0	30	100	村庄
433123108201	补丁村	109.541680	28.180701	0	30	100	村庄
433124111210	董马村	109.421100	28.387691	0	30	100	村庄
433127112223	前进村	110.005670	28.995010	0	30	100	村庄
433172598004	古城社区	109.695378	28.248205	1	80	100	地产小区
433125109234	利福村	109.600790	28.680631	0	30	100	村庄
433130116219	农林村	109.370210	28.825341	0	30	100	村庄
433123105219	首云村	109.586350	28.119340	0	30	100	村庄
433101201207	红坪村	109.742740	28.393820	0	30	100	村庄
433130118207	新园村	109.422880	29.238001	0	25	70	乡镇
433124102216	张匹马村	109.414110	28.455600	0	30	100	村庄
433123115219	榔木树村	109.691090	28.172309	0	30	100	村庄
433125116211	排捧村	109.613730	28.444321	0	30	100	村庄
433127103218	龙溪村	109.984810	28.794075	0	16	65	乡镇
433130004003	油菜坪社区	109.519167	29.456337	0	18	66	乡镇
433124111206	三塘村	109.431310	28.432651	0	30	100	村庄
433123116209	通板村	109.495280	28.002990	0	30	100	村庄
433124109266	者仁村	109.435280	28.519940	0	30	100	村庄
433123108217	盘干村	109.468390	28.236350	0	30	100	村庄
433122208206	云上村	109.921900	28.140970	0	30	100	村庄
433125109222	松溪村	109.649477	28.702642	0	25	70	乡镇
433125115201	迎丰村	109.543720	28.735031	0	30	100	村庄
433130120002	猛必社区	109.753071	29.425521	0	16	65	乡镇
433101101205	康云村	109.787716	28.408977	0	30	100	村庄
433124106202	溜豆村	109.467380	28.396010	0	30	100	村庄
433125112205	舍坪村	109.350530	28.574900	0	30	100	村庄
433101008203	兴田村	109.708970	28.217730	0	30	100	村庄
433130236212	哪寨村	109.347870	28.980230	0	30	100	村庄
433130113220	尧城村	109.651920	29.349720	0	30	100	村庄
433127230203	龙洞村	109.733700	29.217240	0	30	100	村庄
433127220203	麻阳村	110.203140	29.150971	0	30	100	村庄
433123110220	天星村	109.349660	27.880060	0	30	100	村庄
433123109001	沙湾社区	109.606676	27.948882	1	80	100	地产小区
433127116221	泽树村	109.886940	28.972370	0	30	100	村庄
433130121214	尧场村	109.676180	29.274330	0	30	100	UNKNOWN
433122108204	高桥村	110.059545	28.091089	0	16	65	乡镇
433123109216	东方红村	109.612220	28.022970	0	30	100	村庄
433130104208	三个堡村	109.521460	29.032350	0	30	100	村庄
433130114208	联合村	109.568940	28.996099	0	30	100	村庄
433130116235	锁湖村	109.375310	28.910770	0	30	100	村庄
433127112219	狮子村	110.082030	28.974743	0	30	100	村庄
433130005002	正南社区	109.499686	29.550546	0	18	66	乡镇
433123114218	寸金村	109.385930	27.836050	0	30	100	村庄
433130119206	高寨村	109.409870	29.374550	0	30	100	村庄
433124103217	桐木村	109.331530	28.355320	0	30	100	村庄
433101104210	河坪村	109.982118	28.297499	0	30	100	村庄
433130117218	上锁村	109.312849	29.164011	0	16	65	乡镇
433122109205	新桥村	109.934880	27.981929	0	30	100	村庄
433125110214	梁山村	109.274600	28.693369	0	30	100	村庄
433130002006	华新社区	109.427081	29.464616	0	25	70	乡镇
433123101221	拉毫村	109.460470	27.927149	0	30	100	村庄
433130112221	兴华村	109.632932	29.406579	0	18	66	乡镇
433130237213	金沙村	109.514030	29.340589	0	30	100	村庄
433125217212	麦坪村	109.725220	28.622651	0	30	100	村庄
433127108213	雨阳村	110.285990	28.841560	0	30	100	村庄
433127118213	泽那村	109.767639	28.753929	0	30	100	村庄
433124102001	龙潭居委会	109.395904	28.487570	1	80	100	政府机构
433124107203	坡脚村	109.373590	28.197391	0	30	100	村庄
433125110202	里外村	109.381166	28.738432	0	18	66	乡镇
433130120203	枫坪村	109.765300	29.423649	0	30	100	村庄
433124108226	和平村	109.308665	28.511434	0	18	66	乡镇
433124200213	纳吾车村	109.538830	28.579520	0	30	100	村庄
433127118205	砂土村	109.758636	28.875328	0	30	100	村庄
433101002008	大田社区	109.740840	28.320810	1	80	97	政府机构
433130004202	张家坡村	109.516510	29.432529	0	30	100	村庄
433122106220	塘食溪村	110.077890	28.391740	0	30	100	村庄
433127108205	马石村	110.129410	28.757620	0	30	100	村庄
433125217204	龙头村	109.800190	28.636800	0	30	100	村庄
433101100212	家庭村	109.628490	28.339509	0	30	100	村庄
433124213203	夯尚村	109.418200	28.271341	0	30	100	村庄
433127222204	白腊村	109.979520	29.137830	0	30	100	村庄
433130220201	内溪村	109.329860	28.901379	0	30	100	村庄
433124110211	让乍村	109.554800	28.441380	0	30	100	村庄
433126105218	龙天坪村	109.906910	28.727531	0	30	100	村庄
433126107225	淘金村	110.189820	28.626880	0	30	100	村庄
433130116223	桥上村	109.330110	28.844910	0	30	100	村庄
433130200208	猛西村	109.473680	29.119620	0	30	100	村庄
433123105223	旯都洋村	109.610260	28.106981	0	25	55	乡镇
433130210208	马脚坪村	109.616040	29.488010	0	30	100	村庄
433123109200	金坪村	109.594200	27.957180	0	30	100	村庄
433125109218	王家村	109.649477	28.702642	0	25	70	乡镇
433123220211	板交村	109.367230	28.166580	0	30	100	村庄
433101104206	大兴村	109.964550	28.311021	0	30	100	村庄
433130119210	小井村	109.489200	29.390071	0	30	100	村庄
433124103201	民乐村	109.303410	28.382861	0	30	100	村庄
433123216211	登高村	109.383670	27.980550	0	30	100	村庄
433124105208	机司村	109.389888	28.328363	0	18	49	乡镇
433127104206	和平村	110.256710	28.957530	0	30	100	村庄
433127210210	那丘村	109.914480	28.807570	0	30	100	村庄
433122106200	能滩村	109.991070	28.229449	0	30	100	村庄
433127114206	广荣村	109.931360	29.205270	0	30	100	村庄
433124108206	骑马坡村	109.281670	28.528020	0	30	100	村庄
433130112217	比溪村	109.684050	29.381030	0	30	100	村庄
433123205201	都罗村	109.541530	27.895191	0	30	100	村庄
433123111217	毛坪村	109.703510	28.047869	0	30	100	村庄
433125109003	大月坡社区	109.650909	28.715233	1	70	100	地产小区
433125110222	杰坳村	109.302660	28.685421	0	30	100	村庄
433122105210	小能溪村	109.896590	28.206630	0	30	100	村庄
433127109208	龙关村	110.253780	29.047930	0	30	100	村庄
433130236208	三分田村	109.364100	28.975781	0	30	100	村庄
433130115213	金星村	109.455320	28.906549	0	30	100	村庄
433123116213	岩炉屯村	109.532010	28.045330	0	30	100	村庄
433125109238	阿扎河村	109.649477	28.702642	0	25	70	乡镇
433101004001	蔬菜社区	109.696200	28.253379	1	80	97	政府机构
433172598008	漩潭社区	109.696200	28.253379	1	80	95	政府机构
433122206202	都蛮村	109.703060	28.116220	0	30	100	村庄
433124110231	龙孔村	109.618270	28.361960	0	30	100	村庄
433130116203	柳坪村	109.288770	28.778870	0	30	100	村庄
433124109010	兴龙园社区	109.473980	28.579471	0	25	70	乡镇
433130113001	红岩溪社区	109.615993	29.289955	0	18	66	乡镇
433127229203	新农村	109.869580	29.366280	0	30	100	村庄
433125108215	鸭坝村	109.606319	28.650687	0	18	66	乡镇
433127113202	龙寨村	109.828352	29.204876	0	30	100	村庄
433126104203	中寨村	109.880920	28.480929	0	30	100	村庄
433130115205	六合村	109.500310	28.977520	0	30	100	村庄
433122102202	覃木阳村	110.069720	27.979500	0	30	100	村庄
433126103250	山枣村	109.951000	28.617100	0	14	37	区县
433123115215	洞脚村	109.575270	28.126579	0	30	100	村庄
433130116215	比耳村	109.385220	28.799080	0	30	100	村庄
433124110227	张刀村	109.498240	28.350510	0	30	100	村庄
433127113214	团结村	109.839330	29.257730	0	30	100	村庄
433127103214	列夕村	109.837220	28.782570	0	30	100	村庄
433123112211	古塘村	109.456610	28.012049	0	30	100	村庄
433123216207	竹山村	109.365050	27.971631	0	25	70	村庄
433122108208	都歧村	110.028850	28.083521	0	30	100	村庄
433127200206	若作村	109.696170	29.212679	0	30	100	村庄
433130121218	合心村	109.615970	29.040830	0	30	100	村庄
433127114210	茶林村	109.943620	29.149709	0	30	100	村庄
433122106216	榔木溪村	110.089320	28.301241	0	30	100	村庄
433127210206	懂坪村	110.014849	28.880650	0	80	100	村庄
433101005201	坪山坡村	109.736552	28.304134	1	80	100	政府机构
433123111201	柏林村	109.725645	28.054684	0	30	100	村庄
433101101209	竹寨村	109.817030	28.366530	0	30	100	村庄
433123104003	茶田社区	109.358240	27.807130	0	25	70	乡镇
433123101201	瓦场村	109.508750	27.927360	0	30	100	UNKNOWN
433130117003	老兴社区	109.312849	29.164011	0	16	65	乡镇
433124108210	白岩村	109.316320	28.509860	0	30	100	村庄
433130112201	包谷村	109.602950	29.388871	0	30	100	村庄
433127112002	兴隆社区居委会	110.049920	29.042609	0	25	70	乡镇
433125218201	水银村	109.639290	28.571909	0	30	100	村庄
433122105206	大陂流村	109.923880	28.240030	0	30	100	村庄
433125112209	如景村	109.386360	28.629960	0	30	100	村庄
433125115221	卡湖村	109.456290	28.839790	0	30	100	村庄
433127116256	岩板村	109.837000	29.092341	0	30	100	村庄
433127216203	王木村	110.372460	28.883261	0	30	100	村庄
433126106212	坐苦坝村	109.802730	28.732730	0	30	100	村庄
433130117214	明溪村	109.312849	29.164011	0	16	65	乡镇
433123114214	木根塘村	109.456540	27.819899	0	30	100	村庄
433124109246	永丰村	109.375690	28.540500	0	30	100	村庄
433127101205	龙珠村	109.693811	29.055091	0	30	100	村庄
433122106001	洗溪社区	110.058335	28.311886	0	16	65	乡镇
433130116239	新双村	109.402810	28.849609	0	30	100	村庄
433130114204	山峰村	109.596400	28.938411	0	30	100	村庄
433126105202	先锋村	109.898230	28.705310	0	30	100	村庄
433130200212	满湖村	109.547630	29.243381	0	30	100	村庄
433123107204	叭苟村	109.371519	28.108816	0	30	100	村庄
433130118227	排沙坪村	109.418540	29.142981	0	30	100	村庄
433130104204	老木村	109.502050	29.066400	0	30	100	村庄
433130210212	西堰村	109.707246	29.573625	0	30	100	村庄
433126101241	沙坪村	110.032100	28.460310	0	30	100	村庄
433125113208	中坝村	109.620426	28.504301	0	18	66	乡镇
433127103003	新区社区居委会	109.984810	28.794075	0	16	65	乡镇
433122104207	烂泥田村	109.864190	28.031660	0	30	100	村庄
433127113003	兴隆居委会	109.823978	29.214568	0	18	66	乡镇
433130116002	里耶社区	109.296039	28.783798	1	80	100	地产小区
433124109211	卧龙榜村	109.439160	28.565530	0	30	100	村庄
433123105002	得胜营社区	109.610260	28.106981	0	25	70	乡镇
433101100208	幸福村	109.575050	28.327799	0	30	100	村庄
433124213219	合兴村	109.454627	28.287721	0	18	66	村庄
433122203201	碧溪村	110.048240	27.939539	0	30	100	村庄
433122109209	晒州田村	109.861034	27.992172	1	80	100	政府机构
433126101216	高坳村	109.957300	28.571841	0	30	100	村庄
433130110210	桃兴村	109.590160	29.551400	0	30	100	村庄
433123113210	武岗村	109.333350	27.971939	0	30	100	村庄
433130237209	干坝村	109.538060	29.367381	0	30	100	村庄
433127202201	合心村	109.615970	29.040830	0	30	100	村庄
433125217208	猛科村	109.693370	28.634199	0	30	100	村庄
433127108209	展笔村	110.153030	28.852131	0	30	100	村庄
433122104211	上广村	109.912900	28.078050	0	30	100	村庄
433127118209	东路村	109.857000	28.980100	0	14	46	区县
433123204200	水田村	109.609340	27.844241	0	30	100	村庄
433124105224	莲花山村	109.389888	28.328363	0	18	66	乡镇
433130113216	毛坝村	109.611620	29.335771	0	30	100	村庄
433127115207	爱民村	110.014210	29.258581	0	30	100	村庄
433122107201	黑塘村	110.146259	28.230499	0	30	100	村庄
433123113206	牛堰村	109.328270	27.898810	0	30	100	村庄
433130110206	卧龙村	109.581920	29.594479	0	30	100	村庄
433127112203	五里村	110.132039	29.031999	0	30	100	村庄
433127117001	松柏居委会	110.099358	28.906065	0	18	66	乡镇
433127116240	溪河村	109.798668	28.907156	0	30	100	村庄
433125109214	梭西村	109.708130	28.686990	0	30	100	村庄
433127238202	太坪村	109.947840	29.125250	0	30	100	村庄
433124109250	中寨村	109.373510	28.559161	0	30	100	村庄
433123114202	新场村	109.451000	27.872660	0	30	100	UNKNOWN
433123104202	砂罗村	109.374290	27.807800	0	30	100	村庄
433127228202	团结村	109.839330	29.257730	0	30	100	村庄
433130117202	苦达岭村	109.318130	29.180840	0	30	100	村庄
433126103006	草潭居委会	110.098028	28.540056	0	16	65	乡镇
433122207203	白泥塘村	109.874070	28.152829	0	30	100	村庄
433126101257	罗依溪村	109.987390	28.686460	0	30	100	村庄
433130210204	龙口村	109.675700	29.478990	0	30	100	村庄
433130104212	老洞村	109.547610	29.092101	0	30	100	村庄
433130118231	青坪村	109.417540	29.183010	0	30	100	村庄
433130200204	楠竹村	109.485989	29.184817	0	30	100	村庄
433130114212	石堤村	109.444000	29.457800	0	14	37	区县
433127112208	毛土坪村	110.120420	29.007930	0	30	100	村庄
433130119217	青龙村	109.350050	29.335750	0	30	100	村庄
433124103206	谷哨村	109.326010	28.401080	0	30	100	村庄
433101104201	大坪村	109.970760	28.335561	0	30	100	村庄
433127238209	山河村	109.872170	29.150869	0	30	100	村庄
433130117209	乌龙山村	109.312849	29.164011	0	16	65	乡镇
433123104209	都桐村	109.394073	27.802168	0	30	100	村庄
433122108002	太平街社区	110.059545	28.091089	0	16	65	乡镇
433130220206	灭贼村	109.333680	28.916529	0	30	100	村庄
433130104219	牙龙村	109.579760	29.193770	0	30	100	村庄
433123115224	板参嗮金塘村	109.628346	28.157416	1	80	95	UNKNOWN
433123109207	木林桥村	109.557610	27.959670	0	30	100	村庄
433126107222	岩排溪村	110.217140	28.655420	0	30	100	村庄
433130114219	云峰村	109.592380	29.024160	0	30	100	村庄
433123105224	高塘村	109.610260	28.106981	0	25	70	乡镇
433127108202	集六村	110.086040	28.788041	0	30	100	村庄
433125217203	米溪村	109.811510	28.591590	0	30	100	村庄
433130004205	黄土坡村	109.494762	29.462771	0	30	100	村庄
433130001007	五爱社区	109.398124	29.417800	0	18	66	乡镇
433127118202	泥堤村	109.840570	28.839474	0	30	100	村庄
433130118001	召市社区	109.422880	29.238001	0	25	70	乡镇
433101100215	中黄村	109.530797	28.291600	0	30	100	村庄
433124107212	油麻村	109.390640	28.218649	0	30	100	村庄
433127222203	咱河村	110.012800	29.103950	0	30	100	村庄
433124213204	排当村	109.458110	28.280229	0	30	100	村庄
433130120204	中湾村	109.774070	29.444530	0	30	100	村庄
433125110205	夕东村	109.398690	28.757070	0	30	100	村庄
433124108221	踏沙村	109.336640	28.540459	0	30	100	村庄
433124200214	黄连沟村	109.524600	28.568740	0	30	100	村庄
433125113203	金落河村	109.627275	28.498977	0	30	100	村庄
433130001011	城郊社区	109.398124	29.417800	0	18	66	乡镇
433130004213	新桥村	109.527970	29.519660	0	30	100	村庄
433130237214	庆口坳村	109.492890	29.361460	0	30	100	UNKNOWN
433127108214	三合村	110.202582	28.831419	0	16	65	乡镇
433124107204	下水村	109.400490	28.189380	0	30	100	村庄
433130002001	皇仓社区	109.427081	29.464616	0	25	70	乡镇
433125110213	清水坪村	109.288240	28.771070	0	30	100	村庄
433122109202	横坡村	109.899540	27.961481	0	30	100	村庄
433130120212	车拉坪村	109.756710	29.372620	0	30	100	村庄
433123101226	都里村	109.471970	27.956820	0	30	100	村庄
433130005005	永兴社区	109.499686	29.550546	0	18	66	乡镇
433123220200	两林村	109.389990	28.154859	0	30	100	村庄
433130115222	溪口村	109.502010	28.956740	0	16	65	乡镇
433123116222	柳甲村	109.527170	28.068230	0	30	100	村庄
433130119201	牌楼村	109.479270	29.412841	0	30	100	村庄
433124103210	毛号村	109.282260	28.407080	0	30	100	村庄
433125104207	亨章村	109.660000	28.699800	0	14	46	区县
433130116232	新寨坝村	109.378050	28.943660	0	30	100	村庄
433123109211	虹桥村	109.605360	27.951621	0	30	100	村庄
433124105002	卫城居委会	109.418870	28.329400	0	60	87	UNKNOWN
433124105215	螺丝董村	109.389888	28.328363	0	18	49	乡镇
433123109006	红旗社区	109.633133	27.981969	0	16	65	乡镇
433127220204	柯溪村	110.186870	29.127959	0	30	100	村庄
433124109236	新寨村	109.570090	28.643389	0	30	100	村庄
433127230204	热烈村	109.755610	29.208949	0	30	100	村庄
433130121213	舍竹村	109.688830	29.274579	0	30	100	村庄
433127116226	凤栖村	109.799370	29.040280	0	30	100	村庄
433122108203	长坪村	110.072150	28.037260	0	30	100	村庄
433124106205	排达鲁村	109.502520	28.423920	0	30	100	村庄
433101101202	榔木村	109.827436	28.425289	0	30	100	村庄
433126101231	会溪村	110.029987	28.729314	0	30	100	村庄
433101008204	联合村	109.722420	28.221791	0	30	100	村庄
433125112202	排当村	109.365900	28.635981	0	30	100	村庄
433123108210	早齐村	109.466260	28.135480	0	30	100	村庄
433124111201	大兴村	109.437770	28.401470	0	30	100	村庄
433126104208	李家村	109.887760	28.511640	0	30	100	村庄
433125109225	陡滩村	109.593080	28.719031	0	30	100	村庄
433125115206	柳树坪村	109.548916	28.776028	0	16	65	乡镇
433122208201	毛坪村	109.957760	28.164490	0	30	100	村庄
433101201200	龙午村	109.721281	28.389698	0	18	66	乡镇
433124206207	蜂糖村	109.338076	28.438643	0	18	66	村庄
433130004004	明星社区	109.519167	29.456337	0	18	66	乡镇
433125116216	茶岭村	109.660000	28.699800	0	14	37	区县
433125108208	大湾村	109.606319	28.650687	0	18	66	乡镇
433130115218	官坪村	109.438320	29.006710	0	30	100	村庄
433124111217	龙门村	109.373110	28.392580	0	30	100	村庄
433123116218	关田山村	109.587150	28.064000	0	30	100	村庄
433125109233	陇洞村	109.627230	28.665650	0	30	100	村庄
433127112224	团结村	110.034490	28.987711	0	30	100	村庄
433124206211	田湾村	109.294160	28.435480	0	30	100	村庄
433127229208	西库村	109.819990	29.329750	0	30	100	村庄
433130116208	杨家溪村	109.281509	28.803716	0	30	100	村庄
433101105200	太平村	109.833860	28.297870	0	30	100	村庄
433130001210	白羊坪村	109.389380	29.400529	0	30	100	村庄
433127103209	新元村	109.984810	28.794075	0	16	65	乡镇
433101009004	木林坪社区	109.678360	28.225340	1	80	97	政府机构
433127113209	杉木村	109.823978	29.214568	0	18	66	乡镇
433124109220	花桥村	109.491850	28.580371	0	30	100	村庄
433122108215	五果溜村	110.140640	28.095320	0	30	100	村庄
433127116230	基湖村	109.748940	29.021260	0	30	100	村庄
433130121205	正河村	109.604370	29.108681	0	30	100	村庄
433101101214	紫新村	109.806573	28.399590	0	18	66	乡镇
433124106213	各鱼村	109.468010	28.462360	0	30	100	村庄
433125109008	魏竹路社区	109.656320	28.706490	0	40	100	道路
433130005204	尧坪村	109.479720	29.533761	0	30	100	村庄
433125112214	拱桥村	109.346100	28.616580	0	30	100	村庄
433130236203	金线村	109.395780	29.075679	0	30	100	村庄
433101005007	商业城社区	109.741360	28.312640	1	80	100	政府机构
433122207204	瓦曹村	109.889070	28.149160	0	30	100	村庄
433130200203	瑞士村	109.472960	29.151270	0	30	100	村庄
433123107215	追高来村	109.370650	28.073831	0	30	100	村庄
433130114215	报格村	109.565470	28.922590	0	30	100	村庄
433130116228	东桃村	109.392770	28.958669	0	30	100	村庄
433123216001	上麻社区	109.365050	27.971631	0	25	70	村庄
433130210203	桃子村	109.691610	29.498089	0	30	100	村庄
433126101250	梳头溪村	109.867720	28.618429	0	30	100	村庄
433130104215	木友村	109.547530	29.136311	0	30	100	村庄
433127116247	新华村	109.850430	29.002840	0	25	70	乡镇
433125109213	杨家村	109.649477	28.702642	0	25	70	乡镇
433127112204	大利村	110.136720	29.046270	0	30	100	村庄
433123104205	禾会村	109.359574	27.762782	0	30	100	村庄
433127228205	乾坤村	109.923830	29.285630	0	30	100	村庄
433130117205	兴坝村	109.291750	29.121300	0	30	100	村庄
433126106203	细塔村	109.820080	28.653819	0	30	100	村庄
433124109257	杨家寨村	109.409620	28.573150	0	30	100	村庄
433127238205	比溪村	109.908590	29.119381	0	30	100	村庄
433123108226	排门村	109.494080	28.240870	0	30	100	村庄
433122107206	暮江头村	110.205500	28.358951	0	30	100	村庄
433130120208	飞翔村	109.711600	29.482380	0	30	100	村庄
433123113201	勾良村	109.362090	27.924360	0	30	100	村庄
433101002003	向阳社区	109.740921	28.319295	1	80	100	地产小区
433130004209	花棚村	109.519900	29.486750	0	30	100	村庄
433101007201	曙光村	109.688700	28.306509	0	30	100	村庄
433130113211	打溪村	109.615060	29.243770	0	30	100	村庄
433124213208	补抽村	109.423020	28.300181	0	30	100	村庄
433124105223	卫城村	109.389888	28.328363	0	18	66	乡镇
433101100219	新溪村	109.601750	28.283550	0	30	100	村庄
433123204207	池坪村	109.603100	27.878901	0	30	100	村庄
433122203206	石榴坪村	109.991130	27.955529	0	30	100	村庄
433125112222	科乐村	109.346960	28.672910	0	30	100	村庄
433101004207	强虎村	109.696200	28.253379	1	80	97	政府机构
433122107210	红岩村	110.154670	28.190440	0	30	100	村庄
433127108218	野竹村	110.142950	28.743691	0	30	100	村庄
433127116206	虎洛村	109.850430	29.002840	0	25	55	乡镇
433122108223	庄尚村	110.098900	27.994540	0	30	100	村庄
433122104200	甘田坪村	109.852680	28.073621	0	30	100	村庄
433124109216	蚩尤村	109.473980	28.579471	0	25	70	乡镇
433130116005	猫儿溪社区	109.293130	28.798960	0	30	100	UNKNOWN
433126107003	高望界居委会	110.073060	28.662770	0	50	82	UNKNOWN
433127101202	卡措村	109.740010	29.087110	0	30	100	村庄
433130118220	可立村	109.397530	29.268889	0	30	100	村庄
433130104203	咱木村	109.478810	29.074571	0	30	100	村庄
433130210215	铁树村	109.729060	29.555331	0	30	100	村庄
433126105205	科布车村	109.847340	28.713101	0	30	100	村庄
433130114203	永明村	109.595364	29.013471	0	30	100	村庄
433126107238	镇溪村	110.241700	28.700289	0	30	100	村庄
433123107203	的贺村	109.394300	28.099039	0	30	100	村庄
433127112212	大明村	110.055970	29.107189	0	30	100	村庄
433130005009	干比社区	109.499686	29.550546	0	18	66	乡镇
433127216204	楠木村	110.329580	28.869851	0	30	100	村庄
433127116251	毛坪村	109.996169	29.059427	1	80	100	政府机构
433123114213	官寨村	109.437450	27.832440	0	30	100	村庄
433123108230	叭仁村	109.526150	28.308300	0	30	100	村庄
433124111221	排吾村	109.406774	28.404486	0	18	49	乡镇
433130117213	古道溪村	109.273120	29.085439	0	30	100	UNKNOWN
433126106215	杨家河村	109.864990	28.645770	0	30	100	村庄
433124200222	跃马卡村	109.576080	28.601620	0	30	100	村庄
433130112206	兴场坳村	109.632932	29.406579	0	18	49	乡镇
433126107243	葫芦坪村	110.113790	28.710739	0	30	100	村庄
433123111206	雷公洞村	109.759710	28.080299	0	30	100	村庄
433122105201	盘古岩村	110.006580	28.271460	0	30	100	村庄
433125218206	马路村	109.706030	28.564990	0	30	100	村庄
433101008208	阴上村	109.717272	28.207346	0	30	100	村庄
433123112216	鱼井村	109.394090	27.999569	0	30	100	村庄
433124105219	水洋村	109.392640	28.304019	0	30	100	村庄
433127210201	场坪村	109.983230	28.848630	0	30	100	村庄
433122106211	梁家潭村	110.037480	28.336970	0	30	100	村庄
433127200201	两岔村	109.738980	29.181790	0	30	100	村庄
433126103257	老寨村	110.119590	28.584849	0	30	100	村庄
433123109231	坪里村	109.707500	27.981990	0	30	100	村庄
433123115212	阳光村	109.605640	28.148771	0	30	100	村庄
433101002202	上佬村	109.740840	28.320810	1	80	97	政府机构
433127103213	毛冲村	110.011200	28.850820	0	30	100	村庄
433130004008	白坪社区	109.444000	29.457800	0	14	46	区县
433127116011	富坪社区居委会	109.850430	29.002840	0	25	55	乡镇
433126101006	红星社区居委会	109.948610	28.612820	0	25	70	乡镇
433130115202	捞车村	109.508610	28.995149	0	30	100	村庄
433126104204	翁草村	109.861100	28.559230	0	30	100	村庄
433123116202	香炉山村	109.525870	28.030310	0	30	100	村庄
433122102205	潮地村	109.982600	28.081500	0	30	100	村庄
433122107007	朝阳社区	110.211273	28.217310	1	80	100	地产小区
433125109229	茶市村	109.600400	28.648810	0	30	100	村庄
433127115001	砂坝居委会	110.023190	29.268841	1	80	100	政府机构
433124109017	浮桥社区	109.473980	28.579471	0	25	70	乡镇
433124110236	洞冲村	109.533260	28.412551	0	30	100	村庄
433127229204	洞坪村	109.876860	29.369830	0	30	100	村庄
433127116007	南山社区居委会	109.850430	29.002840	0	25	70	乡镇
433127113205	碑里坪村	109.844639	29.245512	0	30	100	村庄
433125108212	胥乐村	109.606319	28.650687	0	18	66	乡镇
433122104001	兴隆场社区	109.863644	28.058116	1	80	100	地产小区
433124103226	梳子山村	109.318041	28.359730	0	18	66	乡镇
433123116214	箭塘村	109.517210	28.014709	0	30	100	村庄
433126104212	龙鼻嘴村	109.853850	28.485000	0	30	100	村庄
433126101010	河蓬居委会	109.948610	28.612820	0	25	70	乡镇
433122206205	场上村	109.735430	28.116930	0	30	100	村庄
433123205206	毛都村	109.489930	27.795830	0	30	100	村庄
433101101218	上坪村	109.878830	28.423840	0	30	100	村庄
433123111210	万兴村	109.771160	28.051130	0	30	100	村庄
433130112210	兴溪村	109.632932	29.406579	0	18	49	乡镇
433127117211	福建村	110.133110	28.923320	0	30	100	村庄
433127203207	新龙村	109.640020	28.932219	0	30	100	村庄
433125112218	电棚村	109.262600	28.618370	0	30	100	村庄
433130005208	旧寨村	109.521020	29.575429	0	30	100	村庄
433125109004	沙水井社区	109.648553	28.703632	1	80	100	地产小区
433130104002	洗车社区	109.536097	29.117113	0	16	65	乡镇
433101102208	渔溪村	109.780680	28.160591	0	30	100	村庄
433130114002	燎原社区	109.572850	28.974249	0	25	70	乡镇
433123107002	夺西社区	109.363109	28.074953	0	18	66	乡镇
433130121209	舍龙村	109.576140	29.124939	0	30	100	村庄
433127114201	文昌村	109.948890	29.206610	0	30	100	村庄
433122108219	李家田村	110.091500	28.165920	0	30	100	村庄
433125111208	水坝村	109.378410	28.779430	0	30	100	村庄
433127104201	卓福村	110.258750	28.985961	0	30	100	村庄
433122106207	宋家寨村	110.022890	28.186561	0	30	100	村庄
433130104003	新建社区	109.536097	29.117113	0	16	65	乡镇
433101102209	铁岩村	109.792510	28.178071	0	30	100	村庄
433123112201	早岗村	109.442230	28.049290	0	30	100	村庄
433130114003	联星社区	109.572850	28.974249	0	25	70	乡镇
433130121208	纸厂村	109.444000	29.457800	0	14	46	区县
433122108218	黑竹坳村	110.040750	28.145070	0	30	100	村庄
433127101002	首车居委会	109.709286	29.080899	1	80	100	政府机构
433122106206	邓家坪村	110.049320	28.208109	0	30	100	村庄
433123205207	清水村	109.484246	27.825770	0	30	100	村庄
433101101219	桥六村	109.857690	28.398260	0	30	100	村庄
433123101211	铁桥村	109.576900	27.923269	0	30	100	村庄
433127117210	兴棚村	110.167360	28.924432	0	30	100	村庄
433127203206	宝石村	109.684010	28.897362	0	30	100	村庄
433125112219	踏湖村	109.437400	28.645680	0	30	100	村庄
433125109005	朝阳社区	109.653219	28.702704	1	80	100	地产小区
433130005209	西洛村	109.543480	29.574561	0	30	100	村庄
433123116215	柳甄村	109.557430	28.067540	0	30	100	村庄
433126101011	双溪居委会	109.948610	28.612820	0	25	70	乡镇
433122206204	水卡村	109.729030	28.127651	0	30	100	村庄
433123115205	欧阳村	109.596730	28.167150	0	30	100	村庄
433123109226	庄上村	109.642760	27.969329	0	30	100	村庄
433124109016	吉峒坪社区	109.384563	28.546871	1	80	100	地产小区
433124110237	鼓戎湖村	109.566301	28.404762	0	18	66	乡镇
433127229205	五伦村	109.797260	29.306110	0	30	100	村庄
433123105205	都吾村	109.653860	28.115730	0	30	100	村庄
433127116006	艾坪社区居委会	109.850430	29.002840	0	25	55	乡镇
433125108213	河边村	109.606319	28.650687	0	18	66	乡镇
433126101007	广场社区居委会	109.952410	28.620980	1	80	100	政府机构
433130110001	石牌洞社区	109.585457	29.552325	0	18	49	乡镇
433130115203	树比村	109.534950	28.973110	0	30	100	村庄
433123116203	高坳村	109.534910	28.027150	0	30	100	村庄
433122102204	麻坪村	109.983400	27.987810	0	30	100	村庄
433122107006	沅江社区	110.138490	28.270911	0	16	65	乡镇
433130116213	岩冲村	109.334170	28.795729	0	30	100	村庄
433124110221	排碧板栗村	109.552580	28.453290	0	30	100	村庄
433123109230	黄栗村	109.673427	28.002536	0	30	100	村庄
433126103256	白竹村	110.154053	28.592757	0	30	100	村庄
433123115213	大田村	109.592380	28.138700	0	30	100	村庄
433130004009	兴隆街社区	109.519167	29.456337	0	18	66	乡镇
433127103212	雨龙村	109.955510	28.813771	0	30	100	村庄
433101007001	石家冲社区	109.735055	28.309282	1	75	100	地产小区
433127113212	上坪村	109.841990	29.231501	0	30	100	村庄
433127116010	新城社区居委会	109.850430	29.002840	0	25	70	乡镇
433127230209	盐井村	109.743450	29.231440	0	30	100	村庄
433123216201	下麻村	109.361691	27.956549	0	30	100	村庄
433123112217	樟坡村	109.391120	28.023079	0	30	100	村庄
433122106210	岩寨村	110.047180	28.355860	0	30	100	村庄
433125113222	梁家村	109.591100	28.529670	0	30	100	村庄
433124200223	古苗河村	109.481425	28.586741	0	25	100	旅游景点
433130112207	中山村	109.683080	29.405650	0	30	100	村庄
433126107242	岩坨村	110.036110	28.637770	0	30	100	村庄
433125218207	涂乍村	109.697178	28.580002	0	30	100	村庄
433122105200	兴隆寨村	109.875750	28.264999	0	30	100	村庄
433127117206	湖坪村	110.060980	28.844520	0	30	100	村庄
433101008209	汇祥村	109.698000	28.261299	0	14	46	区县
433127112213	且格村	110.074930	29.096930	0	30	100	村庄
433130005008	苦竹社区	109.499686	29.550546	0	18	66	乡镇
433125109204	通坝村	109.649477	28.702642	0	25	70	乡镇
433127116250	天堂村	109.997570	29.075729	0	30	100	村庄
433127216205	黄洞村	110.276820	28.921250	0	30	100	村庄
433123108231	米良村	109.514400	28.277219	0	30	100	村庄
433124109240	夯渡村	109.470861	28.487225	0	30	100	村庄
433124111220	辽求村	109.379030	28.372460	0	30	100	村庄
433126106214	尚家村	109.784400	28.664721	0	30	100	村庄
433124108001	茶洞社区	109.277118	28.503092	1	80	100	地产小区
433127114001	塔卧居委会	109.963040	29.190106	1	80	100	政府机构
433127101203	立烈坪村	109.750260	29.117069	0	30	100	村庄
433127104001	永茂居委会	110.277193	29.005448	1	80	100	政府机构
433130104202	天井村	109.471110	29.055420	0	30	100	村庄
433130210214	龙堰村	109.711660	29.578020	0	30	100	村庄
433126101247	宋家村	109.888240	28.573530	0	30	100	村庄
433126107239	李家洞村	110.182590	28.662649	0	30	100	村庄
433126105204	铁马洲村	109.860340	28.707320	0	30	100	村庄
433130114202	先锋村	109.601030	28.980281	0	30	100	村庄
433130200214	阿亏村	109.559350	29.272200	0	30	100	村庄
433123107202	岩坎村	109.420550	28.100180	0	30	100	村庄
433127108219	杉木村	110.179307	28.749720	0	30	100	村庄
433127116207	北门村	109.850430	29.002840	0	25	70	乡镇
433122108222	麻垅村	110.082050	27.998781	0	30	100	村庄
433122104201	都里坪村	109.859520	28.094770	0	30	100	村庄
433124109217	马其洛村	109.473400	28.551420	0	30	100	村庄
433130113206	木龙湾村	109.589510	29.286460	0	30	100	村庄
433130116004	大板社区	109.261105	28.889906	0	16	65	乡镇
433126107002	高峰居委会	110.141276	28.654966	0	16	65	乡镇
433101004206	西门口村	109.696200	28.253379	1	80	97	政府机构
433122107211	红土溪村	110.188050	28.182570	0	30	100	村庄
433130110216	香锦村	109.571880	29.528429	0	30	100	村庄
433101002002	新桥社区	109.740840	28.320810	1	80	97	政府机构
433101007200	寨阳村	109.736099	28.304644	0	25	55	乡镇
433130004208	响水洞村	109.575570	29.441479	0	30	100	村庄
433127202207	中坝田村	109.686160	29.030899	0	30	100	村庄
433124109201	狮子桥村	109.546530	28.618911	0	30	100	村庄
433130113210	头车村	109.619700	29.266670	0	30	100	村庄
433123110210	西牛村	109.365130	27.895141	0	30	100	村庄
433124213209	吉久村	109.432850	28.295421	0	30	100	村庄
433101100218	坪朗村	109.606700	28.301571	0	30	100	村庄
433123204206	红星村	109.613840	27.895980	0	30	100	村庄
433124105222	夜郎坪村	109.389888	28.328363	0	18	49	乡镇
433122107207	高大坪村	110.177270	28.350840	0	30	100	村庄
433101004210	三岔坪村	109.696200	28.253379	1	80	97	政府机构
433125110208	坝木村	109.303670	28.742501	0	30	100	村庄
433127115201	合亲村	110.039220	29.222320	0	30	100	村庄
433130120209	兴塔村	109.753071	29.425521	0	16	65	乡镇
433124200219	桃花村	109.543560	28.515711	0	30	100	村庄
433130115002	隆头社区	109.502010	28.956740	0	16	65	乡镇
433127116246	打洞村	109.860340	28.875090	0	30	100	村庄
433122105001	潭溪社区	109.953616	28.255655	1	80	100	地产小区
433127112205	他沙村	110.120310	29.071339	0	30	100	村庄
433127228204	澧源村	109.908160	29.302108	0	18	66	村庄
433130117204	友谊村	109.286069	29.129857	1	80	100	政府机构
433126106202	龙王湖村	109.834780	28.713051	0	30	100	村庄
433127238204	上马村	109.939970	29.108079	0	30	100	村庄
433123108227	夯来村	109.502150	28.222320	0	30	100	村庄
433124109256	岩坝塘村	109.398510	28.573839	0	30	100	村庄
433123114204	合水村	109.456860	27.881290	0	30	100	村庄
433101005006	马坡岭社区	109.731236	28.300785	1	80	100	地产小区
433122207205	烟竹坪村	109.910710	28.131861	0	30	100	村庄
433123107214	忍务村	109.356677	28.081754	0	30	100	村庄
433130116229	裴家堡村	109.439540	28.959800	0	30	100	村庄
433126101251	柑子坪村	109.946220	28.617220	0	30	100	村庄
433130210202	大湾村	109.700020	29.528309	0	30	100	村庄
433130104214	细砂坪村	109.532800	29.140701	0	30	100	村庄
433126101226	大龙村	109.949210	28.652100	0	30	100	村庄
433130119001	洗洛社区	109.407139	29.346811	0	18	66	乡镇
433124106212	望高村	109.486639	28.435915	0	18	66	乡镇
433101101215	雅沙村	109.806573	28.399590	0	18	66	乡镇
433130005205	泗坪村	109.467230	29.556630	0	30	100	村庄
433125112215	永和村	109.379020	28.600220	0	30	100	村庄
433130236202	卡撮村	109.352440	29.069361	0	30	100	村庄
433127109202	双合村	110.224753	29.028615	0	16	65	乡镇
433124109221	麻场村	109.471590	28.595000	0	30	100	UNKNOWN
433101102205	持久村	109.810610	28.245410	0	30	100	村庄
433122108214	岩门溪村	110.114480	28.106389	0	30	100	村庄
433130121204	艾溪村	109.611010	29.135661	0	30	100	村庄
433127116231	那住村	109.758650	29.045149	0	30	100	村庄
433123105209	满家村	109.617020	28.120430	0	30	100	村庄
433124206210	杉木村	109.306720	28.449621	0	30	100	村庄
433123115209	高斗村	109.560950	28.141340	0	30	100	村庄
433101100003	大兴社区	109.584059	28.336934	0	18	66	乡镇
433101105201	司马村	109.832750	28.273070	0	30	100	村庄
433130118217	安塘村	109.444000	29.457800	0	14	37	区县
433124102206	开支村	109.401960	28.507450	0	30	100	村庄
433130001211	红星村	109.414760	29.435980	0	30	100	村庄
433127103208	明溪村	109.959750	28.736351	0	30	100	村庄
433125116201	夯沙村	109.667610	28.416561	0	30	100	村庄
433101009005	捧捧坳社区	109.678360	28.225340	1	80	97	政府机构
433127113208	卡木村	109.842620	29.114511	0	30	100	村庄
433130115219	凤溪村	109.450902	29.004776	0	30	100	村庄
433124111216	竹子村	109.492410	28.366881	0	30	100	村庄
433123108207	龙角村	109.458770	28.156379	0	30	100	村庄
433123116219	黄沙坪村	109.571570	28.036239	0	30	100	村庄
433125109232	谭家村	109.627030	28.758730	0	30	100	村庄
433172598002	接丰社区	109.696200	28.253379	1	80	95	政府机构
433127112225	落叶洞村	110.055081	29.023344	0	30	100	村庄
433130118201	双溪村	109.375070	29.216300	0	30	100	村庄
433124102210	龙潭村	109.397160	28.486389	0	30	100	村庄
433127108002	长官居委会	110.106128	28.801202	1	80	100	政府机构
433125116217	西游村	109.660000	28.699800	0	14	37	区县
433125108209	马洛村	109.550820	28.637471	0	30	100	村庄
433130004005	雷音社区	109.519167	29.456337	0	18	66	乡镇
433127118002	西那居委会	109.790208	28.862480	1	80	100	政府机构
433126104209	万岩村	109.838440	28.508060	0	30	100	村庄
433122208200	白羊溪村	109.949080	28.167640	0	30	100	村庄
433125109224	那铁村	109.649477	28.702642	0	25	70	乡镇
433122102208	溪头村	109.947470	28.057599	0	30	100	村庄
433101101203	隘口村	109.796940	28.420620	0	30	100	村庄
433101104001	清明社区	109.964952	28.362645	0	18	66	乡镇
433101008205	富强村	109.758740	28.218809	0	30	100	村庄
433125112203	巴科村	109.405210	28.693889	0	30	100	村庄
433123109007	城北社区	109.633133	27.981969	0	16	65	乡镇
433123110226	天龙峡村	109.349630	27.872739	0	18	66	乡镇
433127220205	五官村	110.123090	29.101100	0	30	100	村庄
433127230205	落地村	109.753000	29.201429	0	30	100	村庄
433127116227	洞坎村	109.814610	29.054189	0	30	100	村庄
433130121212	哪咱村	109.696470	29.263059	0	30	100	村庄
433122108202	浦溪村	110.116980	28.067669	0	30	100	村庄
433125111213	科腊村	109.451120	28.798862	0	18	66	乡镇
433125104206	块洞村	109.617470	28.816650	0	30	100	村庄
433130116233	西拉村	109.378420	28.918310	0	30	100	村庄
433124110201	丙池村	109.559490	28.402480	0	30	100	村庄
433123109210	蔬菜村	109.602430	27.947131	0	30	100	村庄
433130005004	十字社区	109.499686	29.550546	0	18	66	乡镇
433123220201	禾当村	109.400730	28.168090	0	30	100	村庄
433126106218	田家洞村	109.815250	28.680359	0	30	100	村庄
433123116223	新桃村	109.526260	28.080990	0	30	100	村庄
433126108206	板栗村	109.895490	28.411021	0	30	100	村庄
433124103211	路桥村	109.292400	28.356090	0	30	100	村庄
433172598203	金坪村	109.696200	28.253379	1	80	97	政府机构
433122109203	溪洲村	109.899230	27.996120	0	30	100	村庄
433130120213	红旗村	109.726220	29.343461	0	30	100	村庄
433123101227	上报村	109.480100	27.965181	0	30	100	村庄
433130001010	宝塔社区	109.398124	29.417800	0	18	66	乡镇
433125113202	卡当村	109.652550	28.535451	0	30	100	村庄
433130004212	堰坝村	109.537120	29.506181	0	30	100	村庄
433130237215	长兴村	109.508678	29.331431	0	18	66	村庄
433125217214	涂坝村	109.743120	28.601340	0	30	100	村庄
433127108215	郊溪村	110.293430	28.797449	0	30	100	村庄
433101100202	联团村	109.531850	28.278410	0	30	100	村庄
433124107205	五斗村	109.417230	28.189791	0	30	100	村庄
433130120205	西湖村	109.786570	29.441511	0	30	100	村庄
433125110204	魏家村	109.282780	28.776710	0	30	100	村庄
433124110240	金龙村	109.638190	28.416500	0	30	100	村庄
433124108220	搞河村	109.308665	28.511434	0	18	49	乡镇
433126103237	磨子坪村	110.024120	28.558271	0	30	100	村庄
433127108203	小水溪村	110.053310	28.767349	0	30	100	村庄
433125217202	科秋村	109.783160	28.629161	0	30	100	村庄
433130004204	尖岩村	109.523780	29.452349	0	30	100	村庄
433125113214	中心村	109.646230	28.509660	0	30	100	村庄
433127118203	海洛村	109.857000	28.980100	0	14	37	区县
433130001006	茶亭社区	109.398124	29.417800	0	18	66	乡镇
433124107213	东卫村	109.383313	28.201431	0	60	80	UNKNOWN
433124213205	大本村	109.450160	28.279959	0	30	100	村庄
433123112221	茶林村	109.457171	28.053293	0	18	66	乡镇
433127222202	中坪村	110.025250	29.144761	0	30	100	村庄
433122108003	新建街社区	110.059545	28.091089	0	16	65	乡镇
433130220207	吴家村	109.330760	28.907809	0	30	100	村庄
433130104218	支家村	109.551730	29.152521	0	30	100	村庄
433123115225	新民村	109.661550	28.187221	0	30	100	村庄
433123109206	大坳村	109.564790	27.953650	0	30	100	村庄
433124110217	岩锣村	109.566301	28.404762	0	18	66	乡镇
433130114218	半南村	109.581750	29.014799	0	30	100	村庄
433130116225	真仙村	109.261105	28.889906	0	16	47	乡镇
433123107218	夯卡村	109.382990	28.056490	0	30	100	村庄
433127112209	冷水村	110.103970	29.079120	0	30	100	村庄
433130005012	英家社区	109.499686	29.550546	0	18	66	乡镇
433101104200	烟竹村	109.950020	28.323260	0	30	100	村庄
433130119216	小坪村	109.354090	29.317591	0	30	100	村庄
433126108210	大寨村	109.951540	28.422050	0	30	100	村庄
433124103207	洞乍村	109.315070	28.414690	0	30	100	村庄
433127238208	旭东村	109.916821	29.125539	0	18	66	村庄
433123114208	火马村	109.456010	27.856409	0	30	100	村庄
433130117208	张家槽村	109.295980	29.188100	0	30	100	村庄
433123104208	都首村	109.373500	27.795660	0	30	100	村庄
433130236201	咱果村	109.353500	29.025030	0	30	100	村庄
433127109201	洗壁溪村	110.206824	29.033725	0	30	100	村庄
433130005206	双龙村	109.515760	29.531999	0	30	100	村庄
433130119002	湾塘社区	109.407139	29.346811	0	18	66	乡镇
433124106211	登高村	109.499701	28.476391	1	80	100	政府机构
433101101216	毛坪村	109.853390	28.436511	0	30	100	村庄
433126101225	茶叶村	109.992880	28.690979	0	30	100	村庄
433122108217	麻溪口村	110.134290	28.129740	0	30	100	村庄
433130121207	兰家村	109.636880	29.143210	0	30	100	村庄
433127116232	金星村	109.802590	28.926940	0	30	100	村庄
433122106209	红岩村	110.154670	28.190440	0	30	100	村庄
433101102206	新建村	109.835850	28.218221	0	30	100	村庄
433127230210	卡塔村	109.771120	29.248960	0	30	100	村庄
433124109222	伍家坡村	109.476270	28.582901	0	30	100	村庄
433101009006	双河社区	109.678360	28.225340	1	80	97	政府机构
433127116009	果园社区居委会	109.850430	29.002840	0	25	70	乡镇
433130001212	三湾塘村	109.404670	29.433159	0	30	100	村庄
433101105202	英勇村	109.811770	28.270039	0	30	100	村庄
433130118214	坪溪村	109.444000	29.457800	0	14	37	区县
433124206213	排腊光村	109.379370	28.423520	0	30	100	村庄
433124110238	董马库村	109.569490	28.426798	0	30	100	村庄
433122109001	合水社区	109.925136	27.980948	1	80	100	地产小区
433127112226	四联村	110.055040	29.033719	0	30	100	村庄
433125109231	普溪村	109.649477	28.702642	0	25	70	乡镇
433124111215	子腊村	109.482000	28.572101	0	16	38	区县
433130004006	狮子社区	109.519167	29.456337	0	18	66	乡镇
433127118001	泽家居委会	109.785582	28.848904	1	80	100	政府机构
433127108001	集坪居委会	110.125506	28.816648	1	80	100	政府机构
433101201202	结联村	109.682890	28.372550	0	30	100	村庄
433124102213	金溶村	109.431240	28.470930	0	30	100	村庄
433122208203	马入田村	109.981050	28.198780	0	30	100	村庄
433125115204	沙湾村	109.512730	28.816699	0	30	100	村庄
433125109227	新码头村	109.561578	28.736963	0	30	100	村庄
433126101008	车站社区居委会	109.948610	28.612820	0	25	70	乡镇
433173002004	新城社区居委会	109.857000	28.980100	0	14	32	区县
433123108212	茶寨村	109.511480	28.206999	0	30	100	村庄
433130005210	南北村	109.529920	29.608800	0	30	100	村庄
433125218208	大白岩村	109.711600	28.598730	0	30	100	村庄
433101008206	联兴村	109.698000	28.261299	0	14	46	区县
433127117209	仙仁村	110.120031	28.879875	0	30	100	村庄
433126101233	江洋溪村	110.069620	28.735770	0	30	100	村庄
433130112208	凉水村	109.634020	29.429699	0	30	100	村庄
433124108219	猫儿塘村	109.292930	28.552800	0	30	100	村庄
433101101200	团结村	109.830180	28.447750	0	30	100	村庄
433124106207	沙科村	109.486639	28.435915	0	18	66	乡镇
433123111208	高山田村	109.774790	28.068341	0	30	100	村庄
433125111210	新寨村	109.343560	28.782269	0	30	100	村庄
433127116224	新农村	109.773090	29.012741	0	30	100	村庄
433130121211	塔泥村	109.743910	29.265350	0	30	100	村庄
433122108201	黄家桥村	110.107560	28.072070	0	30	100	村庄
433130113225	苗兴村	109.568581	29.308354	0	30	100	村庄
433127230206	岩门村	109.774570	29.189260	0	30	100	村庄
433101102210	永固村	109.800880	28.203320	0	30	100	村庄
433123109004	南华社区	109.592388	27.951756	1	80	100	地产小区
433123112218	稼贤村	109.412520	28.038730	0	30	100	村庄
433127220206	润雅村	110.161890	29.103240	0	30	100	村庄
433123110225	化眉村	109.350670	27.830840	0	30	100	村庄
433126101248	蔡家村	109.910420	28.622291	0	30	100	村庄
433123109213	三里湾村	109.588630	28.032260	0	30	100	村庄
433130116230	普车村	109.391170	28.939079	0	30	100	村庄
433130220212	岩力村	109.349430	28.868960	0	30	100	村庄
433125114205	米踏村	109.735301	28.522660	0	30	100	村庄
433123116220	官上坪村	109.555810	28.057890	0	30	100	村庄
433124103212	斗拱村	109.287970	28.342250	0	30	100	村庄
433130119203	青艾村	109.407139	29.346811	0	18	66	乡镇
433126108205	亚家村	109.923510	28.428790	0	30	100	村庄
433130115220	西坪村	109.502010	28.956740	0	16	65	乡镇
433123220202	苟拐村	109.378870	28.163900	0	30	100	村庄
433130005007	桃红社区	109.499686	29.550546	0	18	66	乡镇
433123101224	椿木坪村	109.467620	27.981780	0	30	100	村庄
433122109200	木龙村	109.894360	27.979580	0	30	100	村庄
433130120210	双联村	109.753071	29.425521	0	16	65	乡镇
433101004209	十八湾村	109.696200	28.253379	1	80	97	政府机构
433125110211	马王村	109.404330	28.769130	0	30	100	村庄
433172598200	树岩桥村	109.696200	28.253379	1	80	97	政府机构
433130002003	华塘社区	109.427081	29.464616	0	25	70	乡镇
433123110209	金沙村	109.412290	27.897110	0	30	100	村庄
433124213210	米沟村	109.450870	28.315979	0	30	100	村庄
433101100201	小兴村	109.552970	28.302751	0	30	100	村庄
433124107206	扪岱村	109.422920	28.211631	0	30	100	村庄
433124109218	朝料村	109.490170	28.544531	0	30	100	村庄
433125404498	虚拟工业园社区	109.704064	28.761357	0	30	58	UNKNOWN
433127116208	猛岗村	109.896120	29.021631	0	30	100	村庄
433127108216	小溪村	110.263270	28.805391	0	30	100	村庄
433130001013	康家坝社区	109.398124	29.417800	0	18	66	乡镇
433125113201	丰宏村	109.664920	28.554161	0	30	100	村庄
433130004211	大茶园村	109.523150	29.499410	0	30	100	村庄
433125403598	虚拟农垦场村	109.660000	28.699800	0	14	29	区县
433125110207	大坝村	109.421890	28.785441	0	30	100	村庄
433122107208	朱食洞村	110.115910	28.183734	0	30	100	村庄
433130120206	仁和村	109.737470	29.492110	0	30	100	村庄
433130118003	贾坝社区	109.422880	29.238001	0	25	70	乡镇
433124107210	排腊村	109.371450	28.228901	0	30	100	村庄
433101100217	树尔村	109.584059	28.336934	0	18	66	乡镇
433124213206	懂哨村	109.454627	28.287721	0	18	49	村庄
433127222201	车坪村	110.006880	29.150180	0	30	100	村庄
433130004207	白岩洞村	109.716140	29.377010	0	30	100	村庄
433125113217	孔坪村	109.588290	28.486630	0	30	100	村庄
433130001005	回龙社区	109.398124	29.417800	0	18	66	乡镇
433125217201	阳朝村	109.698350	28.665719	0	30	100	村庄
433127202208	瓦厂村	109.679090	29.013450	0	30	100	村庄
433130116226	云顶村	109.261105	28.889906	0	16	65	乡镇
433126107220	凉水坡村	110.141276	28.654966	0	16	65	乡镇
433124110214	卧大召村	109.538370	28.433641	0	30	100	村庄
433123109205	土桥村	109.590340	27.939890	0	30	100	村庄
433123115226	盘瓠村	109.599000	27.948000	0	14	64	区县
433125114213	半白村	109.702560	28.527119	0	30	100	村庄
433130220204	伴住村	109.334690	28.936329	0	30	100	村庄
433101101001	溪马社区	109.806573	28.399590	0	18	66	乡镇
433124103204	响水村	109.346540	28.371360	0	30	100	村庄
433130119215	小河村	109.372700	29.301061	0	30	100	村庄
433126108213	溪口村	109.940690	28.412429	0	30	100	村庄
433124109259	马道子村	109.385580	28.587920	0	30	100	村庄
433123108228	吉乐村	109.508460	28.270759	0	30	100	村庄
433125112001	毛沟寨社区	109.352778	28.635181	0	18	49	乡镇
433130005011	元堡社区	109.499686	29.550546	0	18	66	乡镇
433127116249	吊井村	109.936174	29.064908	0	30	100	村庄
433123220214	板新村	109.382153	28.145651	0	18	66	村庄
433127101001	龙潭居委会	109.693454	29.087590	0	18	66	乡镇
433127104203	尖山村	110.299160	28.986379	0	30	100	村庄
433122106205	洞底坪村	110.092420	28.234331	0	30	100	村庄
433127108220	老村村	110.201858	28.732352	0	30	100	村庄
433127114203	七里坪村	109.940120	29.212380	0	30	100	村庄
433123216214	扭光村	109.366840	28.001001	0	30	100	村庄
433123112202	大马村	109.429990	28.064791	0	30	100	村庄
433125109006	喜鹊溪社区	109.643937	28.711329	1	80	100	地产小区
433127117213	坝溶村	110.113270	28.902530	0	30	100	村庄
433127203205	青龙村	109.729281	28.893533	0	30	100	村庄
433124108203	贵碳村	109.308665	28.511434	0	18	66	乡镇
433123101212	土桥坳村	109.542670	27.938661	0	30	100	村庄
433123205204	前进村	109.526710	27.863939	0	30	100	村庄
433123111212	中寨村	109.671570	28.034401	0	30	100	村庄
433124111219	磨子村	109.362230	28.355781	0	30	100	村庄
433130115216	星火村	109.488710	28.964191	0	30	100	村庄
433126104210	盘草村	109.834490	28.532620	0	30	100	村庄
433124103224	土屯村	109.317050	28.338260	0	30	100	村庄
433123116216	木里村	109.564550	28.073660	0	30	100	村庄
433123108208	帮增村	109.451580	28.166119	0	30	100	村庄
433125108210	山河村	109.606319	28.650687	0	18	66	乡镇
433127103207	克必村	109.861164	28.779006	0	30	100	村庄
433127116005	河西社区居委会	109.848480	28.994004	1	80	100	政府机构
433127113207	万福村	109.827950	29.104650	0	30	100	村庄
433124109015	窝勺社区	109.473980	28.579471	0	25	70	乡镇
433123105206	新田村	109.642160	28.089029	0	30	100	村庄
433127229206	崧溪村	109.923180	29.405880	0	25	55	乡镇
433124102209	古老村	109.387440	28.490139	0	30	100	村庄
433130118218	辽叶村	109.431870	29.288260	0	30	100	村庄
433123109225	龙潭村	109.655240	27.972610	0	30	100	村庄
433126103243	磨刀岩村	110.098028	28.540056	0	16	65	乡镇
433123115206	从良坡村	109.636693	28.173899	0	30	100	村庄
433123110004	黄合社区	109.349630	27.872739	0	18	66	乡镇
433127115003	官坝居委会	109.970136	29.293048	1	80	100	政府机构
433122102207	新田村	109.995690	28.030749	0	30	100	村庄
433122107005	桥东社区	110.138490	28.270911	0	16	47	乡镇
433130110002	竹坪社区	109.619420	29.499240	0	30	100	村庄
433126104206	九龙村	109.903670	28.453441	0	30	100	村庄
433127113211	李家村	109.849777	29.182600	0	30	100	村庄
433101002200	振武营村	109.740840	28.320810	1	80	97	政府机构
433125108206	复兴村	109.573790	28.635199	0	30	100	村庄
433127103211	兰花洞村	110.039117	28.804018	0	30	100	村庄
433101007002	荣昌坪社区	109.734705	28.312727	0	60	100	地产小区
433125114225	四十八湾村	109.733700	28.517123	0	18	49	乡镇
433123115210	管刀村	109.600780	28.193681	0	30	100	村庄
433123109233	万召村	109.633133	27.981969	0	16	65	乡镇
433126103255	岩头寨村	110.105030	28.597410	0	30	100	村庄
433124206209	太阳山村	109.336320	28.471670	0	30	100	村庄
433124110222	毛坪村	109.524780	28.402950	0	30	100	村庄
433130116210	半坡村	109.278270	28.823169	0	30	100	村庄
433124109003	老正街社区	109.484849	28.586663	1	80	100	地产小区
433127200203	冗迪村	109.684550	29.166100	0	30	100	村庄
433127116228	马鞍山村	109.745150	29.054090	0	30	100	村庄
433122106213	灯油坪村	110.052530	28.314889	0	30	100	村庄
433127210203	三脚岩村	109.962690	28.917821	0	30	100	村庄
433123112214	新光村	109.487460	28.030211	0	30	100	村庄
433123216202	栗坳村	109.376680	27.952790	0	30	100	村庄
433127117205	花桥村	110.069360	28.896990	0	30	100	村庄
433125218204	花桥村	109.677900	28.630070	0	30	100	村庄
433122105203	下都村	109.973460	28.253790	0	30	100	村庄
433123111204	长车村	109.599000	27.948000	0	14	37	区县
433126107241	高望界村	110.085990	28.657621	0	30	100	村庄
433124200220	卧岔那村	109.542074	28.543168	0	30	100	村庄
433123101204	马垅村	109.494760	27.899060	0	30	100	村庄
433130112204	半寨村	109.624790	29.420660	0	30	100	村庄
433124108215	磨老村	109.308665	28.511434	0	18	66	乡镇
433130117211	桃子坪村	109.312849	29.164011	0	16	65	乡镇
433126106217	白溪关村	109.767100	28.670050	0	30	100	UNKNOWN
433124111223	雅桥村	109.406774	28.404486	0	18	66	乡镇
433124108002	码头社区	109.308665	28.511434	0	18	66	乡镇
433126108209	曹家村	109.959152	28.492199	0	30	100	村庄
433123108232	米坨村	109.452270	28.192269	0	30	100	村庄
433124109243	长新村	109.348060	28.540270	0	30	100	地产小区
433123114211	岩寨村	109.435550	27.854730	0	30	100	村庄
433125109207	三联村	109.649477	28.702642	0	25	70	乡镇
433127116253	树木村	109.927713	29.040832	0	30	100	村庄
433127216206	云彩盘村	110.314810	28.921230	0	25	55	村庄
433127112210	铜瓦村	110.026690	28.937781	0	30	100	村庄
433123107201	骆驼山村	109.396920	28.081019	0	30	100	村庄
433130104201	干溪村	109.562440	29.181018	0	30	100	村庄
433130118222	桃花源村	109.422880	29.238001	0	25	70	乡镇
433125114209	桃花坪村	109.541737	28.516530	0	30	100	村庄
433127114002	隆华居委会	109.966329	29.187605	1	80	100	政府机构
433125104209	糯梯村	109.646010	28.858730	0	30	100	村庄
433130113205	撮箕村	109.592720	29.301771	0	30	100	村庄
433123110205	新寨村	109.370870	27.881681	0	30	100	村庄
433122104202	武堰村	109.867564	28.104908	0	30	100	村庄
433122108221	马王溪村	109.980910	28.150510	0	30	100	村庄
433130110215	梁山村	109.545650	29.535131	0	30	100	村庄
433101101220	着落村	109.857970	28.363750	0	30	100	村庄
433125112220	花交村	109.435870	28.618490	0	30	100	村庄
433122107212	刘家滩村	110.185550	28.230800	0	30	100	村庄
433122203204	坪里村	109.984430	27.966810	0	30	100	村庄
433123110213	团结村	109.425080	27.918581	0	30	100	村庄
433123204205	吊岩村	109.555320	27.807280	0	30	100	村庄
433124105221	双排村	109.389888	28.328363	0	18	66	乡镇
433130113213	栈行村	109.601160	29.224031	0	30	100	村庄
433124109202	望城村	109.517020	28.601339	0	30	100	村庄
433127202204	西龙村	109.720550	28.979961	0	30	100	村庄
433127116212	高峰村	109.911380	28.978041	0	30	100	村庄
433130001009	蔬菜社区	109.398124	29.417800	0	18	66	乡镇
433101002001	峒河社区	109.731852	28.321180	1	80	100	地产小区
433101007203	勤丰村	109.736099	28.304644	0	25	55	乡镇
433123116001	岩板井社区	109.515730	27.960079	0	30	100	UNKNOWN
433123113203	高云洞村	109.342940	27.912419	0	30	100	村庄
433130110203	桃源村	109.617800	29.621560	0	30	100	餐饮
433130115001	苗市社区	109.476344	28.944494	1	80	100	购物
433127115202	桃子溪村	110.060860	29.304650	0	30	100	村庄
433122107204	大溪村	110.137820	28.265271	0	30	100	村庄
433123114207	牯牛村	109.492660	27.859581	0	30	100	村庄
433123108224	德榜村	109.416660	28.182621	0	30	100	村庄
433127238207	白龙村	109.948440	29.083490	0	30	100	村庄
433124109255	龙保村	109.389500	28.564969	0	30	100	村庄
433124103208	潮水村	109.261580	28.424010	0	30	100	村庄
433130119219	大元村	109.383610	29.359600	0	30	100	村庄
433127228207	东山村	109.874610	29.258100	0	30	100	村庄
433123104207	和平村	109.358240	27.807130	0	25	70	乡镇
433130117207	王道溪村	109.327370	29.097050	0	30	100	村庄
433127116245	吉锋村	109.885700	28.905610	0	30	100	村庄
433125109211	腊水村	109.693160	28.729619	0	30	100	村庄
433126101252	古阳村	109.948610	28.612820	0	25	70	乡镇
433130210201	大红村	109.658510	29.520321	0	30	100	村庄
433130118234	龙头车村	109.365300	29.162411	0	30	100	村庄
433123107217	追高鲁村	109.363800	28.058471	0	30	100	村庄
433130200201	泽果村	109.453260	29.102389	0	30	100	村庄
433126105211	马达坪村	109.859880	28.739420	0	30	100	村庄
433130114217	冉家寨村	109.555440	29.025430	0	30	100	村庄
433124110218	双龙村	109.566301	28.404762	0	18	66	乡镇
433122207206	小章村	109.888710	28.123640	0	30	100	村庄
433130220208	沙湖村	109.326030	28.893559	0	30	100	村庄
433101005005	鸦溪社区	109.736552	28.304134	1	80	97	政府机构
433126101253	排茹村	109.948610	28.612820	0	25	55	乡镇
433123109208	白岩村	109.553340	27.973790	0	30	100	村庄
433130118235	银岭村	109.422880	29.238001	0	25	70	乡镇
433130104216	耳洞村	109.567720	29.141589	0	30	100	村庄
433123107216	所德村	109.364990	28.067101	0	30	100	村庄
433126105210	茄通村委会	109.901519	28.706935	0	18	40	乡镇
433130114216	齐心村	109.560550	29.045180	0	30	100	村庄
433130220209	洞坎村	109.322350	28.876440	0	30	100	村庄
433101005004	砂子坳社区	109.736552	28.304134	1	80	97	政府机构
433123114206	三口村	109.513670	27.879169	0	30	100	村庄
433124109254	老鸦塘村	109.416420	28.557950	0	30	100	村庄
433123108225	高见村	109.474669	28.181389	0	25	70	乡镇
433130119218	坡脚村	109.365010	29.352801	0	30	100	村庄
433127228206	观音村	109.941780	29.339169	0	30	100	村庄
433123104206	塘坳村	109.398340	27.749639	0	30	100	村庄
433130117206	双景村	109.312849	29.164011	0	16	47	乡镇
433127112207	九官坪村	110.066990	29.077189	0	30	100	村庄
433127116244	合作村	109.917720	28.925310	0	30	100	村庄
433125109210	花井村	109.660080	28.698220	0	30	100	村庄
433130110202	玉河村	109.596050	29.619310	0	30	100	村庄
433127115203	细砂坝村	110.075760	29.300541	0	30	100	村庄
433123110212	老岩村	109.434480	27.909141	0	30	100	村庄
433124105220	白岩村	109.389888	28.328363	0	18	66	乡镇
433123204204	坪溪山村	109.600370	27.829001	0	30	100	村庄
433130113212	比洞村	109.596710	29.238950	0	30	100	村庄
433124109203	洞溪坪村	109.506020	28.588329	0	30	100	村庄
433127202205	流浪溪村	109.635650	28.975909	0	30	100	村庄
433127116213	司城村	109.976025	28.993108	0	30	100	村庄
433130001008	春景社区	109.398124	29.417800	0	18	66	乡镇
433101007202	栗溪村	109.694290	28.336749	0	30	100	村庄
433130110214	义比村	109.548390	29.527691	0	30	100	村庄
433101101221	杨柳村	109.806573	28.399590	0	18	66	乡镇
433123113214	龙塘河村	109.353375	27.941537	0	18	66	乡镇
433125112221	白屋村	109.433450	28.610281	0	30	100	村庄
433101004204	大庭村	109.696200	28.253379	1	80	97	政府机构
433122203205	牛角冲村	109.951210	27.966710	0	30	100	村庄
433130113204	统西村	109.618740	29.305290	0	30	100	村庄
433130116006	贾市社区	109.261105	28.889906	0	16	65	乡镇
433123110204	龙合村	109.408316	27.925556	0	30	100	村庄
433122104203	德堡村	109.885670	28.071860	0	30	100	村庄
433122108220	毛茂田村	110.049810	28.043539	0	30	100	村庄
433122400598	军亭界林场虚拟生活区	110.135210	28.306681	1	80	95	UNKNOWN
433130200216	陈庄村	109.416370	29.104551	0	30	100	村庄
433130118223	湘龙村	109.422880	29.238001	0	25	70	乡镇
433126101245	溪流墨村	109.901400	28.600390	0	30	100	村庄
433130210216	花园村	109.724560	29.596231	0	30	100	村庄
433123112002	总兵营社区	109.457171	28.053293	0	18	49	乡镇
433127101201	伴湖村	109.671470	29.087541	0	30	100	村庄
433125104208	泽碧村	109.660000	28.699800	0	14	46	区县
433130117210	前丰村	109.335300	29.226229	0	30	100	村庄
433126106216	米多村	109.818510	28.688519	0	30	100	村庄
433124111222	石栏村	109.406774	28.404486	0	18	66	乡镇
433126108208	叭喇村	109.924650	28.509900	0	30	100	村庄
433123108233	柳薄村	109.463710	28.218280	0	30	100	村庄
433127238210	年丰村	109.901850	29.162971	0	30	100	村庄
433127116252	花园村	109.930880	29.023959	0	30	100	村庄
433127112211	新华村	110.055270	28.949880	0	30	100	村庄
433127117204	心印村	110.073350	28.909870	0	30	100	村庄
433122105202	朱雀洞村	109.960770	28.260121	0	30	100	村庄
433125218205	车湖村	109.686240	28.626590	0	30	100	村庄
433123111205	均匀坪村	109.746920	28.093160	0	30	100	村庄
433126107240	岩坳村	110.143210	28.636781	0	30	100	村庄
433123101205	林寨村	109.503350	27.904350	0	30	100	村庄
433124200221	龙桥村	109.533368	28.555696	0	18	66	村庄
433130112205	面山村	109.607480	29.467121	0	30	100	村庄
433124108214	南太村	109.275980	28.503219	0	50	73	UNKNOWN
433126106001	断龙居委会	109.819859	28.688391	0	18	49	乡镇
433127200202	河边村	109.690640	29.141749	0	30	100	村庄
433127116229	莲蓬村	109.754930	29.067349	0	30	100	村庄
433127210202	西米村	110.010870	28.910470	0	30	100	村庄
433122106212	达力寨村	110.058335	28.311886	0	16	47	乡镇
433101100220	排乃村	109.581190	28.274239	0	30	100	村庄
433127113210	并进村	109.867940	29.281520	0	30	100	村庄
433127116012	连洞岗社区居委会	109.850430	29.002840	0	25	55	乡镇
433130001209	新林村	109.400680	29.410209	0	30	100	村庄
433101002201	小溪村	109.740840	28.320810	1	80	100	政府机构
433101007003	营庄社区	109.727893	28.317525	1	80	100	地产小区
433125108207	甘溪村	109.530630	28.652530	0	30	100	村庄
433127103210	保坪村	110.034340	28.827330	0	30	100	村庄
433125114224	国茶村	109.733700	28.517123	0	18	66	乡镇
433123115211	茶山村	109.500920	28.091930	0	30	100	村庄
433126103254	土溪村	110.079380	28.557551	0	30	100	村庄
433123109232	新民村	109.681200	27.957430	0	30	100	村庄
433124206208	洞里村	109.331440	28.451249	0	30	100	村庄
433124109002	柑子园社区	109.465986	28.583733	1	80	100	地产小区
433127115002	西洋坪居委会	110.014966	29.275554	1	80	100	政府机构
433122102206	都用村	109.978970	28.008550	0	30	100	村庄
433122107004	屈望社区	110.212651	28.206458	1	80	100	地产小区
433125115209	押马村	109.547010	28.741591	0	30	100	村庄
433126101005	古丈坪社区居委会	109.949388	28.616889	1	80	100	政府机构
433130110003	桶车社区	109.585457	29.552325	0	18	66	乡镇
433130115201	东风村	109.446620	29.029599	0	30	100	村庄
433126104207	夯娄村	109.840230	28.552701	0	30	100	村庄
433125108211	门前村	109.606319	28.650687	0	18	66	乡镇
433127103206	科皮村	109.896780	28.755041	0	30	100	村庄
433127116004	城南社区居委会	109.850430	29.002840	0	25	70	乡镇
433127113206	和平村	109.818670	29.246899	0	30	100	村庄
433124109014	城南社区	109.467610	28.573544	1	80	100	地产小区
433130116207	太平村	109.275250	28.793619	0	30	100	村庄
433124110235	卧龙坪村	109.569070	28.415459	0	30	100	村庄
433127229207	青龙村	109.923180	29.405880	0	25	70	乡镇
433126103242	湾坪村	110.125970	28.602399	0	30	100	村庄
433123109224	官庄村	109.681490	27.981620	0	30	100	村庄
433124111218	大猫村	109.362330	28.378411	0	30	100	村庄
433126104211	新窝村	109.814880	28.538719	0	30	100	村庄
433124103225	两河村	109.297080	28.332680	0	30	100	村庄
433123116217	都良田村	109.578690	28.088939	0	30	100	村庄
433123108209	崇寨村	109.447210	28.140710	0	30	100	村庄
433125109007	竹子坪社区	109.651191	28.722029	1	75	100	地产小区
433127117212	龙头村	110.060490	28.861689	0	30	100	村庄
433127203204	托家他布村	109.692635	28.896402	0	18	49	村庄
433130112213	大田村	109.631540	29.384669	0	30	100	村庄
433123101213	漾水坨村	109.527040	27.945510	0	30	100	村庄
433123205205	江家坪村	109.508210	27.818580	0	30	100	村庄
433123111213	金碧洞村	109.643790	28.029340	0	30	100	村庄
433127104202	樟木村	110.296370	28.976629	0	30	100	村庄
433122106204	张家坪村	110.079840	28.290130	0	30	100	村庄
433127114202	仓坪村	109.921775	29.184534	0	30	100	村庄
433123112203	凉灯村	109.467914	28.083609	0	30	100	村庄
433124103205	卡子村	109.323570	28.384580	0	30	100	村庄
433130119214	红石村	109.393090	29.317139	0	30	100	村庄
433126108212	窝瓢村	109.989180	28.456329	0	30	100	村庄
433123108229	芭科村	109.511450	28.240239	0	30	100	村庄
433124109258	下瓦水村	109.397690	28.584779	0	30	100	村庄
433130005010	冲天社区	109.499686	29.550546	0	18	66	乡镇
433127116248	山河村	109.932380	28.894279	0	30	100	村庄
433130116227	巴沙村	109.406790	28.968250	0	30	100	村庄
433126107221	八水坪村	110.156691	28.629818	0	30	100	村庄
433124110215	雷公村	109.526840	28.421700	0	30	100	村庄
433123109204	杜田村	109.619200	27.942740	0	30	100	村庄
433123115227	鱼洞村	109.647520	28.157090	0	30	100	村庄
433125114212	木耳村	109.688920	28.534209	0	30	100	村庄
433101005008	吉新社区	109.735160	28.302902	1	75	100	地产小区
433130220205	坡松村	109.347180	28.932010	0	30	100	村庄
433122108001	十字街社区	110.108067	28.082366	1	80	100	地产小区
433130118002	双进社区	109.422880	29.238001	0	25	70	乡镇
433123204208	五林村	109.613730	27.861861	0	30	100	村庄
433101100216	补点村	109.654900	28.326750	0	30	100	村庄
433124107211	排达扣村	109.388100	28.233839	0	30	100	村庄
433124213207	大哨村	109.429510	28.288401	0	30	100	村庄
433130004206	燕山村	109.507200	29.469759	0	30	100	村庄
433130001004	南台堡社区	109.434057	29.455826	1	80	100	UNKNOWN
433127108201	贺喜村委会	110.202582	28.831419	0	16	38	乡镇
433130237201	龙冠村	109.493550	29.339460	0	30	100	村庄
433125110206	下码头村	109.301806	28.779646	0	30	100	村庄
433122107209	上堡村	110.135060	28.250440	0	30	100	村庄
433130120207	澧源村	109.753071	29.425521	0	16	65	乡镇
433123110208	新岩村	109.429480	27.901811	0	30	100	村庄
433124107207	高务村	109.424580	28.215081	0	30	100	村庄
433101100200	德夯村	109.804900	28.241460	0	30	100	村庄
433130113208	田家沟村	109.643290	29.275530	0	30	100	村庄
433124109219	佳民村	109.480230	28.556051	0	30	100	村庄
433127116209	摆里村	109.816400	29.021899	0	30	100	村庄
433127108217	尚家村	110.202582	28.831419	0	16	65	乡镇
433130001012	竹园社区	109.398124	29.417800	0	18	66	乡镇
433130004210	太平山村	109.496240	29.479870	0	30	100	村庄
433123101225	塘头村	109.453390	27.952049	0	30	100	村庄
433124200201	谷坡村	109.557420	28.504270	0	30	100	村庄
433126103223	洞溪村	110.138890	28.508841	0	30	100	村庄
433122109201	罩子坪村	109.911730	28.019381	0	30	100	村庄
433130120211	车塔村	109.760290	29.352890	0	30	100	村庄
433101004208	关候村	109.696200	28.253379	1	80	95	政府机构
433172598201	吉庄村	109.696200	28.253379	1	80	95	政府机构
433130002002	唯一社区	109.427081	29.464616	0	25	55	乡镇
433125110210	黄连树村	109.313932	28.727477	0	30	100	村庄
433123116221	新崇礼村	109.542075	28.044007	0	18	49	乡镇
433101104214	中上村	109.964952	28.362645	0	18	66	乡镇
433130119202	联盟村	109.468420	29.418070	0	30	100	村庄
433130115221	庆口桥村	109.502010	28.956740	0	16	47	乡镇
433127109001	青坪居委会	110.231391	29.029737	1	80	100	政府机构
433123220203	岔河村	109.404050	28.182200	0	30	100	村庄
433130005006	白泥社区	109.499686	29.550546	0	18	66	乡镇
433123109212	大众村	109.599170	27.939670	0	30	100	村庄
433124105001	梅花井居委会	109.397500	28.355379	0	30	72	UNKNOWN
433130116231	银河村	109.395600	28.921289	0	30	100	村庄
433125104204	牙吾村	109.660000	28.699800	0	14	46	区县
433125114204	枫香村	109.777060	28.554441	0	30	100	村庄
433125111211	双福村	109.451120	28.798862	0	18	66	乡镇
433130121210	田家村	109.642798	29.275379	0	30	100	村庄
433127116225	哈家村	109.850430	29.002840	0	25	70	乡镇
433122108200	城乡村	110.089440	28.079781	0	30	100	村庄
433130113224	卜纳洞村	109.560080	29.329260	0	30	100	村庄
433124109235	沙碧村	109.511250	28.507549	0	30	100	村庄
433127230207	李家村	109.784654	29.286441	0	30	100	村庄
433123109005	新田垅社区	109.589512	27.948325	1	80	100	地产小区
433123112219	板畔村	109.407710	28.010350	0	30	100	村庄
433125112201	白坪村	109.408090	28.615410	0	30	100	村庄
433130005211	青岗村	109.507150	29.577769	0	30	100	村庄
433125218209	鱼塘村	109.734180	28.564941	0	30	100	村庄
433125405498	虚拟打谷冲村	109.660000	28.699800	0	14	37	区县
433101008207	明丰村	109.737330	28.216570	0	30	100	村庄
433130112209	甘露村	109.636260	29.411309	0	30	100	村庄
433124108218	大塘坪村	109.315050	28.552180	0	30	100	村庄
433123101209	菖蒲塘村	109.540940	27.929491	0	30	100	村庄
433124106206	麻栗场村	109.496150	28.430800	0	30	100	UNKNOWN
433101101201	几比村	109.812010	28.440839	0	30	100	村庄
433125115205	磋比村	109.468260	28.735710	0	30	100	村庄
433125109226	昂洞村	109.649477	28.702642	0	25	70	乡镇
433122208202	周家寨村	109.967760	28.180471	0	30	100	村庄
433126101009	罗依溪居委会	109.948610	28.612820	0	25	55	乡镇
433173002005	芙蓉社区居委会	109.857000	28.980100	0	14	32	区县
433123108213	吉云村	109.516140	28.174000	0	30	100	村庄
433130004007	兴隆桥社区	109.519167	29.456337	0	18	66	乡镇
433130114220	信地村	109.444000	29.457800	0	14	37	区县
433130118203	兴合村	109.431550	29.258961	0	30	100	村庄
433127112227	友谊村	110.025780	29.054381	0	30	100	村庄
433125109230	那甫村	109.649477	28.702642	0	25	70	乡镇
433123108205	天星寨村	109.474669	28.181389	0	25	70	乡镇
433124109274	卧坝村	109.501390	28.489010	0	30	100	村庄
433127116008	玉屏社区居委会	109.850430	29.002840	0	25	70	乡镇
433130001213	民爱村	109.433820	29.400290	0	30	100	村庄
433125116203	夯吉村	109.713780	28.433770	0	30	100	村庄
433123109228	大湾村	109.687250	28.017900	0	30	100	村庄
433101100001	矮寨社区	109.599301	28.322409	1	80	100	地产小区
433130118215	岩门坡村	109.485660	29.285371	0	30	100	村庄
433101105203	深坳村	109.813600	28.319739	0	30	100	村庄
433124206212	铅厂村	109.359170	28.448301	0	30	100	村庄
433124110239	排碧村	109.537490	28.381191	0	30	100	村庄
433124109018	涧水坡社区	109.473980	28.579471	0	25	55	乡镇
433122108216	毛家滩村	110.156310	28.111970	0	30	100	村庄
433127116233	沐浴村	109.764570	28.933879	0	30	100	村庄
433130121206	农车村	109.634910	29.124769	0	30	100	村庄
433122106208	芭蕉坪村	110.027640	28.396371	0	30	100	村庄
433101102207	楠木村	109.826980	28.184680	0	30	100	村庄
433124109223	三角岩村	109.469459	28.578205	0	30	100	村庄
433130005207	川洞村	109.520120	29.542939	0	30	100	村庄
433125112217	鱼车村	109.337590	28.643599	0	30	100	村庄
433101101217	补戈村	109.806573	28.399590	0	18	66	乡镇
433124106210	澎湖村	109.500146	28.465245	1	80	100	政府机构
433127116238	盐井村	109.733810	28.930601	0	30	100	村庄
433127114205	惹坝村	109.974106	29.221858	0	30	100	村庄
433127104205	芭蕉村	110.326790	29.019011	0	30	100	村庄
433122106203	峒头寨村	110.037620	28.263580	0	30	100	村庄
433124213220	聚福村	109.454627	28.287721	0	18	66	村庄
433127117215	西元村	110.029250	28.885591	0	30	100	村庄
433127203203	联合村	109.639570	28.917959	0	30	100	村庄
433125110221	大坪村	109.381166	28.738432	0	18	66	乡镇
433123205202	土洞村	109.560810	27.909260	0	30	100	村庄
433123111214	得家村	109.659440	28.051711	0	30	100	村庄
433130112214	小米村	109.649290	29.391090	0	30	100	村庄
433123101214	大坪村	109.517150	27.949759	0	30	100	村庄
433122206201	和兴村	109.725150	28.102591	0	30	100	村庄
433124103222	牛心村	109.304810	28.292621	0	30	100	村庄
433127113201	寨湖村	109.849370	29.206691	0	30	100	村庄
433127116003	城东社区居委会	109.850430	29.002840	0	25	70	乡镇
433125116208	黄金村	109.776350	28.444990	0	30	100	村庄
433127103201	发树村	110.019130	28.765311	0	30	100	村庄
433101105208	排杉村	109.910050	28.346250	0	30	100	村庄
433123110002	和平社区	109.349630	27.872739	0	18	66	乡镇
433123109223	必胜村	109.644840	28.018790	0	30	100	村庄
433123115200	三拱桥村	109.646740	28.182850	0	30	100	村庄
433124110232	让烈村	109.566301	28.404762	0	18	49	乡镇
433130113002	比沙社区	109.615993	29.289955	0	18	66	乡镇
433124109013	凉水井社区	109.473980	28.579471	0	25	70	乡镇
433122107003	兴沙社区	110.138490	28.270911	0	16	65	乡镇
433122102201	六里村	110.018710	28.060261	0	30	100	村庄
433130115206	民主村	109.461860	28.990359	0	30	100	村庄
433124111209	猫儿坡村	109.419190	28.449600	0	30	100	村庄
433130110004	大塘社区	109.585457	29.552325	0	18	66	乡镇
433124109269	杠杠村	109.421850	28.495441	0	30	100	村庄
433123116206	牛岩村	109.558840	28.011950	0	30	100	村庄
433127103217	比条村	109.853660	28.819431	0	30	100	村庄
433101007004	桐油坪社区	109.718987	28.314161	1	80	100	地产小区
433125114223	新印村	109.733700	28.517123	0	18	66	乡镇
433101002206	岩寨村	109.740840	28.320810	1	80	100	政府机构
433101201208	己略村	109.748220	28.381639	0	30	100	村庄
433124109005	大竹山社区	109.475367	28.579532	1	80	100	地产小区
433124110224	红英村	109.507140	28.399850	0	30	100	村庄
433130116216	大丰村	109.384900	28.817630	0	30	100	村庄
433123115216	桐油坪村	109.657990	28.145661	0	30	100	村庄
433126103253	野竹村	110.098028	28.540056	0	16	65	乡镇
433124102219	祥和村	109.373261	28.491598	0	18	66	乡镇
433130118208	托利湖村	109.440870	29.240700	0	30	100	村庄
433122106215	鸡子潭村	110.064660	28.328560	0	30	100	村庄
433127200205	朵砂村	109.692830	29.199980	0	30	100	村庄
433123216204	高通村	109.403930	27.953290	0	30	100	村庄
433123112212	东就村	109.447307	28.031866	0	30	100	村庄
433125218202	官庄村	109.763440	28.527880	0	30	100	村庄
433122105205	小陂流村	109.923430	28.256270	0	30	100	村庄
433127112001	石堤居委会	110.106376	29.038570	1	80	100	政府机构
433127117203	坝古村	110.087650	28.929081	0	30	100	村庄
433123101202	八斗丘村	109.491110	27.930040	0	30	100	村庄
433124108213	茶园坪村	109.283087	28.466716	0	30	100	村庄
433126101239	官坪村	110.009990	28.488660	0	30	100	村庄
433123111202	万隆村	109.743100	28.039790	0	30	100	村庄
433130119209	大井村	109.482830	29.379141	0	30	100	村庄
433123108234	科甲村	109.478630	28.260061	0	30	100	村庄
433124109245	桐木寨村	109.373730	28.571661	0	30	100	村庄
433123114217	长田村	109.404290	27.848709	0	30	100	村庄
433130117217	核桃村	109.339050	29.141939	0	30	100	村庄
433127112216	麻岔村	110.030250	29.018881	0	30	100	村庄
433125115222	亚渔村	109.457150	28.848999	0	30	100	UNKNOWN
433125109201	龙溪坪村	109.665427	28.798669	0	30	100	村庄
433127116255	咱竹村	109.800338	29.006209	1	80	100	政府机构
433130104207	西吴村	109.509020	29.045929	0	30	100	村庄
433130118224	兴平村	109.422880	29.238001	0	25	70	乡镇
433130210211	万宝村	109.671080	29.564441	0	30	100	村庄
433123109219	长坪村	109.578320	27.978040	0	30	100	村庄
433126101242	苏家村	110.036470	28.449440	0	30	100	村庄
433124110208	敏腊村	109.566301	28.404762	0	18	49	乡镇
433130114207	万龙村	109.534860	28.889871	0	30	100	村庄
433130200211	梭洛村	109.528080	29.238920	0	30	100	村庄
433123107207	拉忍村	109.319330	28.101480	0	30	100	村庄
433130116001	中孚社区	109.296957	28.780695	1	80	100	地产小区
433130113203	古丈村	109.633900	29.292559	0	30	100	村庄
433124109212	依溪村	109.431340	28.554481	0	30	100	村庄
433122104204	锡瓦村	109.853790	28.065530	0	30	100	村庄
433123113213	落潮井村	109.342450	27.925769	0	30	100	村庄
433126103228	草潭村	110.141580	28.550471	0	30	100	村庄
433126101215	南山村	109.938690	28.618719	0	30	100	村庄
433130110213	下池村	109.557730	29.538270	0	30	100	村庄
433122203202	民力村	110.021010	27.960431	0	30	100	村庄
433124109204	南门村	109.496630	28.592310	0	30	100	村庄
433123204203	袍上村	109.571260	27.824889	0	30	100	村庄
433124105227	大夯来村	109.389888	28.328363	0	18	49	乡镇
433122104212	密灯村	109.901890	28.107000	0	30	100	村庄
433127202202	西歧村	109.671880	28.979401	0	30	100	村庄
433130121221	高桥村	109.593150	29.080581	0	30	100	村庄
433127116214	东鲁村	109.785860	28.994041	0	30	100	村庄
433126104001	默戎居委会	109.857691	28.505246	0	18	66	乡镇
433124108229	隘门村	109.308665	28.511434	0	18	66	乡镇
433130110205	桂英村	109.597390	29.586000	0	30	100	村庄
433123113205	唐家桥村	109.342400	27.898380	0	30	100	村庄
433122107202	天门溪村	110.160880	28.257890	0	30	100	村庄
433127115204	万灵村	110.043850	29.279930	0	30	100	村庄
433127228201	毛坝村	109.893240	29.270800	0	30	100	村庄
433123104201	瓦坪村	109.392120	27.813440	0	30	100	村庄
433126106207	溪龙村	109.834607	28.676763	0	30	100	村庄
433126103005	岩头寨居委会	110.098028	28.540056	0	16	47	乡镇
433123114201	先锋村	109.432810	27.872550	0	30	100	村庄
433127238201	颗砂村	109.954010	29.095470	0	30	100	村庄
433123108222	追屯村	109.437065	28.179943	0	30	100	村庄
433124109253	上峨碧村	109.473980	28.579471	0	25	55	乡镇
433101104209	锦坪村	109.964952	28.362645	0	18	66	乡镇
433127116243	那必村	109.900350	28.901511	0	30	100	村庄
433125109217	陇木峒村	109.649477	28.702642	0	25	55	乡镇
433127117002	龙桥居委会	110.099358	28.906065	0	18	66	乡镇
433123107211	板拉村	109.340320	28.075639	0	30	100	村庄
433130200207	热家村	109.517770	29.210249	0	30	100	村庄
433130114211	苏竹村	109.525530	28.852050	0	30	100	村庄
433126105217	坐龙峡村	109.947428	28.733169	0	25	100	旅游景点
433126101254	河蓬村	110.033387	28.488596	0	30	100	村庄
433130210207	木鱼坪村	109.638630	29.485330	0	30	100	村庄
433130118232	旧寨沟村	109.428220	29.186971	0	30	100	村庄
433125114219	葫芦村	109.770370	28.536390	0	30	100	村庄
433101005003	胡麻井社区	109.736552	28.304134	1	80	97	政府机构
433122207200	梓木坪村	109.830710	28.111560	0	30	100	村庄
433125112210	下略村	109.323380	28.607200	0	30	100	村庄
433130236207	克寨村	109.376480	29.017030	0	30	100	村庄
433127109207	太平村	110.224753	29.028615	0	16	65	乡镇
433123101218	南泥村	109.483730	27.907991	0	30	100	村庄
433126101223	黑潭村	109.981410	28.654790	0	30	100	村庄
433130112218	树溪村	109.674120	29.393190	0	30	100	村庄
433124108209	米粮村	109.306160	28.536261	0	30	100	村庄
433123111218	麻良村	109.708030	28.062993	0	30	100	村庄
433124106217	金牛村	109.471300	28.429100	0	30	100	村庄
433101101210	枫香村	109.810660	28.389019	0	30	100	村庄
433122108211	岩头山村	110.059420	28.157739	0	30	100	村庄
433130121201	新寨村	109.654030	29.232421	0	30	100	村庄
433127114209	科甲村	109.898200	29.200960	0	30	100	村庄
433127116234	合兴村	109.829190	28.926610	0	30	100	村庄
433124109224	坝塘村	109.479500	28.588031	0	30	100	村庄
433101102200	马鞍村	109.795969	28.273181	0	30	100	村庄
433130001214	蒲家河村	109.416280	29.392181	0	30	100	村庄
433124206215	猫儿村	109.338076	28.438643	0	18	66	村庄
433101105204	夯古村	109.853230	28.273530	0	30	100	村庄
433124102203	龙门村	109.375220	28.476790	0	30	100	村庄
433130118212	红卫村	109.428970	29.220811	0	30	100	村庄
433124107001	夯杜居委会	109.379399	28.198272	1	80	100	政府机构
433172598007	兔岩社区	109.696200	28.253379	1	80	95	政府机构
433125109237	四方城村	109.649477	28.702642	0	25	70	乡镇
433127112220	硕乐村	110.049060	28.963400	0	30	100	村庄
433124109273	老天坪村	109.538620	28.488950	0	30	100	村庄
433123108202	新湾村	109.547760	28.164511	0	30	100	村庄
433125116212	翁科村	109.605140	28.456831	0	30	100	村庄
433124102215	黄腊村	109.384030	28.459820	0	30	100	村庄
433130118204	前卫村	109.409810	29.235630	0	30	100	村庄
433124110228	芷耳村	109.585070	28.363530	0	30	100	村庄
433126105221	红石林村	109.835030	28.756870	0	25	100	旅游景点
433130120001	水田坝社区	109.379547	28.779547	0	30	100	村庄
433122208205	马王溪村	109.980910	28.150510	0	30	100	村庄
433125109221	撒珠村	109.615820	28.741920	0	30	100	村庄
433124109265	登高村	109.441910	28.526350	0	30	100	村庄
433123108214	龙家村	109.521320	28.179060	0	30	100	村庄
433124111205	朋岩村	109.460080	28.429029	0	30	100	村庄
433101008200	双塘村	109.724200	28.189441	0	30	100	村庄
433130236211	连界村	109.311200	29.023931	0	30	100	村庄
433125112206	阳坪村	109.348890	28.562000	0	30	100	村庄
433122105209	松柏潭村	109.871760	28.220329	0	30	100	村庄
433101101206	阳田村	109.792090	28.386361	0	30	100	村庄
433124106201	黄土坡村	109.455820	28.393349	0	30	100	村庄
433127116222	雨联村	109.906470	28.959751	0	30	100	村庄
433130121217	合力村	109.579090	29.092839	0	30	100	村庄
433127200209	团结村	109.735530	29.158950	0	30	100	村庄
433122108207	新堡村	110.073380	28.063530	0	30	100	村庄
433122106219	花园坪村	110.089190	28.362241	0	30	100	村庄
433124105211	如蜡村	109.389888	28.328363	0	18	66	乡镇
433123110223	白果村	109.369100	27.851811	0	30	100	村庄
433123109002	三王阁社区	109.600791	27.945910	1	80	100	地产小区
433123216208	翻身村	109.424650	27.977650	0	30	100	村庄
433130116236	兔吐村	109.400480	28.909280	0	30	100	村庄
433123109215	青瓦村	109.598210	28.023620	0	30	100	村庄
433130118228	桐堡村	109.421200	29.161191	0	30	100	村庄
433101102001	河溪社区	109.816449	28.220708	1	80	100	地产小区
433130220214	五官村	109.356650	28.893320	0	30	100	村庄
433125104203	下坝村	109.583540	28.824520	0	30	100	村庄
433124109249	水田溪村	109.386964	28.575668	0	30	100	村庄
433130119205	欧溪村	109.437370	29.377000	0	30	100	村庄
433101104213	高寨村	109.985550	28.321090	0	30	100	村庄
433130005001	石羔社区	109.467940	29.512770	0	60	100	UNKNOWN
433123220204	凉井村	109.404680	28.140710	0	30	100	村庄
433124200206	鸭八溪村	109.549788	28.554462	0	30	100	村庄
433123101222	满江村	109.421190	27.933771	0	30	100	村庄
433126101219	天桥山村	109.886470	28.525350	0	30	100	村庄
433126103224	沾潭村	110.146917	28.522230	0	30	100	村庄
433125110217	小溪村	109.267290	28.658150	0	30	100	村庄
433130002005	螺蛳滩社区	109.427081	29.464616	0	25	70	乡镇
433122109206	兴沙村	109.919810	27.979610	0	25	70	乡镇
433124213216	桃子村	109.512870	28.336669	0	30	100	村庄
433124102002	玛蝗塘居委会	109.373261	28.491598	0	18	49	乡镇
433101100207	排兄村	109.564270	28.331520	0	30	100	村庄
433122104208	岩坡村	109.844480	28.040630	0	30	100	村庄
433127118210	柏杨村	109.746630	28.814710	0	30	100	村庄
433125113207	排大方村	109.608410	28.512301	0	30	100	村庄
433130237210	新场村	109.549140	29.382481	0	30	100	UNKNOWN
433125217211	龙家村	109.751010	28.637889	0	30	100	村庄
433127108210	官坝村	110.223934	28.930592	0	30	100	村庄
433123113209	铜岩村	109.331270	27.987820	0	30	100	村庄
433130110209	中池村	109.572220	29.555919	0	30	100	村庄
433126103232	鲇溪村	110.093530	28.568461	0	30	100	村庄
433127115208	盐卡村	110.048890	29.247499	0	30	100	村庄
433122109210	登云寨村	109.793670	28.007680	0	30	100	村庄
433101100211	坪年村	109.584059	28.336934	0	18	49	乡镇
433127222207	新湖村	109.990770	29.151939	0	30	100	村庄
433123110219	龙井村	109.341000	27.887660	0	30	100	村庄
433130113219	卸甲村	109.655630	29.325680	0	30	100	村庄
433127108206	回龙村	110.189410	28.884580	0	30	100	村庄
433125217207	仙仁村	109.815070	28.619429	0	30	100	村庄
433130237206	老场村	109.550160	29.364041	0	30	100	UNKNOWN
433127118206	拔古村	109.738840	28.842811	0	30	100	村庄
433130001003	书院坪社区	109.444790	29.459009	1	80	100	政府机构
433130004201	三塘村	109.505440	29.429510	0	30	100	村庄
433122106223	李什坪村	110.092020	28.431111	0	30	100	村庄
433123109203	十里牌村	109.637320	27.923110	0	30	100	村庄
433126101258	栖凤湖村	109.948610	28.612820	0	25	55	乡镇
433123115220	忙略村	109.684630	28.182970	0	30	100	村庄
433130116220	长春村	109.314340	28.812940	0	30	100	村庄
433124110212	董马库板栗村	109.552580	28.453290	0	30	100	村庄
433123105220	万溶江村	109.567760	28.096860	0	30	100	村庄
433127103221	龙车村	109.984810	28.794075	0	16	65	乡镇
433130220202	塘口村	109.339100	28.953340	0	30	100	村庄
433101104205	吉于村	109.964952	28.362645	0	18	49	乡镇
433124103202	田家村	109.307310	28.378871	0	30	100	村庄
433126108215	对冲村	109.957770	28.508940	0	30	100	村庄
433130119213	切必村	109.395700	29.342809	0	30	100	村庄
433101008001	周家寨社区	109.698000	28.261299	0	14	46	区县
433123220212	高果村	109.387784	28.140238	0	30	100	村庄
433126108214	张家村	109.920607	28.465359	0	30	100	村庄
433130119212	大塘口村	109.396660	29.350959	0	30	100	村庄
433101104204	樟武村	109.940170	28.389558	0	30	100	村庄
433124106001	麻栗场居委会	109.486639	28.435915	0	18	49	乡镇
433123220213	高岩村	109.425780	28.170981	0	30	100	村庄
433130116221	杨家寨村	109.329990	28.828300	0	30	100	村庄
433124110213	鸡坡岭村	109.530350	28.443990	0	30	100	村庄
433123105221	高坡营村	109.598380	28.054290	0	30	100	UNKNOWN
433127103220	友和村	109.820300	28.768689	0	30	100	村庄
433130220203	西眉村	109.313620	28.943170	0	30	100	村庄
433101100210	岩科村	109.644480	28.355689	0	30	100	村庄
433130118004	神州社区	109.422880	29.238001	0	25	70	乡镇
433123110218	安井村	109.377241	27.905330	1	75	92	UNKNOWN
433127222206	茶元村	110.003725	29.145940	0	18	66	村庄
433124213201	大卡村	109.439590	28.246730	0	30	100	村庄
433130113218	肖家坪村	109.632820	29.334769	0	30	100	村庄
433127108207	羊毛村	110.237860	28.908150	0	30	100	村庄
433130237207	竹柯村	109.510750	29.328889	0	30	100	村庄
433125217206	甫吉村	109.736880	28.660650	0	30	100	村庄
433130001002	老城社区	109.398124	29.417800	0	18	66	乡镇
433127118207	南卫村	109.782150	28.849461	0	25	70	乡镇
433125113210	吉铁村	109.572400	28.543069	0	30	100	村庄
433122106222	三角潭村	110.109140	28.379789	0	30	100	村庄
433126103233	梓木村	109.991041	28.570485	0	30	100	村庄
433124108224	大木树村	109.323530	28.569340	0	30	100	村庄
433127115209	中立村	110.033470	29.254061	0	30	100	村庄
433130120201	下比村	109.735140	29.405400	0	30	100	村庄
433122109211	呈田村	109.930720	28.041279	0	30	100	村庄
433101100206	阳孟村	109.549260	28.349650	0	30	100	村庄
433127118211	若西村	109.782150	28.849461	0	25	70	乡镇
433125113206	五牙村	109.639750	28.517830	0	30	100	村庄
433130001014	大堰坪社区	109.398124	29.417800	0	18	66	乡镇
433125217210	夕铁村	109.687570	28.651059	0	30	100	村庄
433130237211	水沙坪村	109.564820	29.374970	0	30	100	村庄
433127108211	毛坪村	110.248400	28.739760	0	30	100	村庄
433123101223	古双云村	109.447660	27.938589	0	30	100	村庄
433124200207	长潭村	109.562900	28.569180	0	30	100	村庄
433126103225	岩嘴村	110.040300	28.617750	0	30	100	村庄
433126101218	太平村	109.923367	28.575677	1	80	100	政府机构
433123108002	禾库社区	109.480023	28.185969	1	80	100	地产小区
433130002004	官渡社区	109.427081	29.464616	0	25	70	乡镇
433125110216	腊洞村	109.381166	28.738432	0	18	66	乡镇
433122109207	踏虎村	109.806830	27.993280	0	30	100	村庄
433124109248	老王寨村	109.351710	28.539460	0	30	100	村庄
433101104212	白云村	110.008580	28.339990	0	30	100	村庄
433130119204	花鹿村	109.453430	29.402049	0	30	100	村庄
433123220205	吾斗村	109.373910	28.140420	0	30	100	村庄
433130116237	双坪村	109.376190	28.875030	0	30	100	村庄
433123109214	小黄土村	109.596940	28.032340	0	30	100	村庄
433130118229	岩门口村	109.413850	29.176480	0	30	100	村庄
433130220215	双树村	109.330344	28.915228	0	18	66	村庄
433130121001	马蹄社区	109.630997	29.174057	0	16	65	乡镇
433125104202	波溪村	109.660000	28.699800	0	14	46	区县
433130121216	铅厂村	109.682080	29.336850	0	30	100	村庄
433127116223	勺哈村	109.772070	29.018740	0	30	100	村庄
433122108206	银井冲村	110.095700	28.056010	0	30	100	村庄
433127200208	茶溪村	109.776850	29.161750	0	30	100	村庄
433122106218	杜家寨村	110.131370	28.362340	0	30	100	村庄
433127210208	马鞍村	109.997706	28.875876	0	30	100	村庄
433123110222	舒家塘村	109.376190	27.850320	0	30	100	村庄
433127220201	凤鸣村	110.129150	29.118940	0	30	100	村庄
433123109003	古城社区	109.602035	27.948725	1	80	100	地产小区
433123216209	老洞村	109.412110	27.967240	0	30	100	村庄
433130113222	马失村	109.616850	29.367100	0	30	100	村庄
433127230201	新场村	109.735080	29.258980	0	30	100	UNKNOWN
433101008201	坨丰村	109.732630	28.184490	0	30	100	村庄
433130236210	土车沟村	109.314110	28.999771	0	30	100	村庄
433125112207	略水村	109.322850	28.579200	0	30	100	村庄
433122105208	且己村	109.898360	28.238630	0	30	100	村庄
433124103002	中街居委会	109.318041	28.359730	0	18	66	乡镇
433125401598	虚拟牧场村	109.604002	28.616290	1	80	95	UNKNOWN
433126101234	石碧村	109.947080	28.680100	0	30	100	村庄
433125115203	首八峒村	109.497117	28.826029	0	30	100	村庄
433125109220	府库村	109.649477	28.702642	0	25	70	乡镇
433122208204	麻溪村	109.992930	28.197639	0	30	100	村庄
433172598010	兴隆社区	109.696200	28.253379	1	80	95	政府机构
433125110001	清水坪社区	109.297210	28.775298	0	30	100	村庄
433124109264	道二村	109.445950	28.512670	0	30	100	村庄
433124111204	田塘村	109.433090	28.418411	0	30	100	村庄
433130004001	新城社区	109.519167	29.456337	0	18	66	乡镇
433124102214	板塘村	109.404310	28.468929	0	30	100	村庄
433130118205	方坡村	109.382910	29.239670	0	30	100	村庄
433124110229	补毫村	109.589800	28.376740	0	30	100	村庄
433126105220	团结村	109.901519	28.706935	0	18	66	乡镇
433101201205	简台村	109.733960	28.420640	0	30	100	村庄
433124206202	豆子村	109.385260	28.440560	0	30	100	村庄
433172598006	云峰社区	109.696200	28.253379	1	80	95	政府机构
433125109236	土碧村	109.651190	28.738450	0	30	100	村庄
433127112221	鸣凤村	110.091760	29.132390	0	30	100	村庄
433123114220	古林村	109.447893	27.851947	0	18	66	乡镇
433123108203	禾苗村	109.548910	28.148711	0	30	100	村庄
433124109272	略坝村	109.524220	28.471079	0	30	100	村庄
433101009001	龙凤社区	109.678360	28.225340	1	80	97	政府机构
433124206214	排儿村	109.361430	28.426731	0	30	100	村庄
433126103248	竹山村	110.150230	28.474351	0	30	100	村庄
433124102202	豆旺村	109.365430	28.475821	0	30	100	村庄
433101105205	干田村	109.852670	28.304910	0	30	100	村庄
433125111201	比耳村	109.385220	28.799080	0	30	100	村庄
433122108210	高山坪村	110.055640	28.088809	0	30	100	村庄
433127116235	石堤村	109.824650	28.948280	0	30	100	村庄
433127114208	大坝村	109.999520	29.189739	0	30	100	村庄
433101102201	阿娜村	109.785663	28.262834	0	30	100	村庄
433125112211	田家村	109.319310	28.615190	0	30	100	村庄
433130005201	包家垅村	109.495600	29.514630	0	30	100	村庄
433127109206	中山村	110.290640	29.075860	0	30	100	村庄
433123101219	木根井村	109.565240	27.929350	0	30	100	村庄
433130112219	细车村	109.663150	29.364471	0	30	100	村庄
433126101222	龙潭坪村	109.976360	28.649090	0	30	100	村庄
433123111219	茶罗村	109.698090	28.078919	0	30	100	村庄
433101101211	汩比村	109.806573	28.399590	0	18	49	乡镇
433124106216	新科村	109.480520	28.442741	0	30	100	村庄
433130200206	枹木村	109.500860	29.195280	0	30	100	村庄
433130210206	五星村	109.666510	29.501531	0	30	100	村庄
433126101255	丫角村	109.948610	28.612820	0	25	70	乡镇
433130118233	三堡村	109.435310	29.196940	0	30	100	村庄
433130104210	水桶村	109.492050	29.093741	0	30	100	村庄
433125114218	尖岩村	109.736550	28.545400	0	30	100	村庄
433122207201	大水坪村	109.835650	28.121611	0	30	100	村庄
433123101002	廖家桥社区	109.521598	27.928554	1	80	100	地产小区
433130112002	岩板社区	109.632932	29.406579	0	18	66	乡镇
433126103004	野竹居委会	110.098028	28.540056	0	16	65	乡镇
433123111002	木江坪社区	109.723035	28.040899	1	80	100	地产小区
433123114200	枫木林村	109.419950	27.874450	0	30	100	村庄
433124109252	漾水坪村	109.400770	28.553740	0	30	100	村庄
433101104208	香花村	109.994234	28.358837	0	30	100	村庄
433127116242	抚志村	109.926420	28.904089	0	30	100	村庄
433125109216	踏梯村	109.649477	28.702642	0	25	70	乡镇
433127112201	牌楼村	110.079530	29.022240	0	30	100	村庄
433130110204	上母村	109.599110	29.607260	0	30	100	村庄
433124108228	通州村	109.339499	28.552808	0	30	100	村庄
433123113204	大田垅村	109.319120	27.918110	0	30	100	村庄
433122102001	达岚坪社区	110.007233	28.018879	1	80	100	地产小区
433127115205	彭溪峪村	109.956309	29.255019	0	30	100	村庄
433130113214	梭堡村	109.586240	29.215150	0	30	100	村庄
433124105226	果藤村	109.389888	28.328363	0	18	49	乡镇
433123204202	东子山村	109.616900	27.843150	0	30	100	村庄
433122104213	三冲坪村	109.939470	28.104070	0	30	100	村庄
433101007204	庄稼村	109.682450	28.322260	0	30	100	村庄
433101002006	五里牌社区	109.741088	28.324455	1	80	100	地产小区
433127202203	土伴湖村	109.655090	29.039050	0	30	100	村庄
433127116215	石叠村	109.891870	29.045480	0	30	100	村庄
433130121220	高坪村	109.609700	29.092361	0	30	100	村庄
433124106220	文笔峰村	109.486639	28.435915	0	18	66	乡镇
433123113212	报木树村	109.371350	27.939060	0	30	100	村庄
433130110212	苦溪村	109.558270	29.555920	0	30	100	村庄
433126103229	崩山村	110.152620	28.607201	0	30	100	村庄
433122203203	芒田村	110.016840	27.974600	0	30	100	村庄
433101004202	小庄村	109.696200	28.253379	1	80	97	政府机构
433130002008	留繁社区	109.427081	29.464616	0	25	70	乡镇
433130113202	凉风村	109.645650	29.308989	0	30	100	村庄
433124109213	清水塘村	109.443960	28.558200	0	30	100	村庄
433127113001	河西居委会	109.825232	29.207509	1	80	100	政府机构
433127103001	商合社区居委会	109.948200	28.743851	1	80	95	地产小区
433122104205	五里坪村	109.842180	28.051460	0	30	100	村庄
433130104206	克洞村	109.476320	29.022790	0	30	100	村庄
433130118225	万家棚村	109.377010	29.093810	0	30	100	村庄
433123109218	齐良桥村	109.597710	27.987261	0	30	100	村庄
433126101243	官坝村	109.888230	28.609060	0	30	100	村庄
433130210210	翻身村	109.636500	29.550269	0	30	100	村庄
433130114206	中心村	109.558670	28.954350	0	30	100	村庄
433130200210	砂桥村	109.535330	29.220930	0	30	100	村庄
433124103219	麻拉村	109.315140	28.320590	0	30	100	村庄
433130119208	坪中村	109.444000	29.457800	0	14	37	区县
433124109244	漏拉村	109.473980	28.579471	0	25	70	乡镇
433123114216	大岔村	109.401610	27.867759	0	30	100	村庄
433126106210	梅塔村	109.773400	28.679250	0	30	100	村庄
433130117216	下锁村	109.312849	29.164011	0	16	47	乡镇
433123220209	板如村	109.400130	28.126209	0	30	100	村庄
433127112217	青龙村	110.132260	28.990430	0	30	100	村庄
433125115223	白云山村	109.548916	28.776028	0	16	65	乡镇
433127216201	朗溪村	110.313290	28.922250	0	30	100	村庄
433127116254	长光村	109.895280	29.077600	0	30	100	村庄
433122105204	新寨坪村	109.857350	28.191740	0	30	100	村庄
433125218203	马湖村	109.647904	28.603192	0	30	100	村庄
433127117202	三坪村	110.118980	28.943589	0	30	100	村庄
433123101203	永兴村	109.475840	27.928470	0	30	100	村庄
433130117001	桂塘社区	109.312849	29.164011	0	16	65	乡镇
433130112203	双新村	109.690680	29.428060	1	80	100	地产小区
433124108212	长老坟村	109.276980	28.470989	0	30	100	村庄
433123111203	岩垅村	109.733880	28.078091	0	30	100	村庄
433123114001	茨岩社区	109.447893	27.851947	0	18	66	乡镇
433127210204	高坪村	109.980640	28.846790	0	30	100	村庄
433122106214	布条坪村	110.062930	28.343750	0	30	100	村庄
433127200204	车禾村	109.713180	29.138720	0	30	100	村庄
433127114212	蟠龙村	109.983230	29.233610	0	30	100	村庄
433123216205	扭仁村	109.415140	27.946541	0	30	100	村庄
433123112213	板建业村	109.429540	28.032901	0	30	100	村庄
433127103216	昔车村	109.872220	28.804739	0	30	100	村庄
433101002207	林木山村	109.740840	28.320810	1	80	100	政府机构
433101201209	联林村	109.762290	28.392620	0	30	100	村庄
433123105217	塘寨村	109.550360	28.113430	0	30	100	村庄
433124109004	西长街社区	109.466420	28.575937	1	80	100	地产小区
433124110225	马鞍村	109.514723	28.392524	0	30	100	村庄
433130116217	跃进村	109.353730	28.831821	0	30	100	村庄
433126103252	蒿根坪村	110.019250	28.586950	0	30	100	村庄
433123109234	溪口村	109.700660	28.007440	0	30	100	村庄
433124102218	双坪村	109.373261	28.491598	0	18	66	乡镇
433130118209	瓦房沟村	109.451170	29.251249	0	30	100	村庄
433122107002	城南社区	110.138490	28.270911	0	16	65	乡镇
433122102200	龙溪口村	110.045130	28.011570	0	30	100	UNKNOWN
433130115207	红光村	109.511600	28.956419	0	30	100	村庄
433124111208	岩科村	109.407300	28.433010	0	30	100	村庄
433124109268	朱朝村	109.423030	28.506941	0	30	100	村庄
433123116207	亥冲村	109.566058	27.988962	1	80	100	政府机构
433127116002	城北社区居委会	109.852976	29.002196	1	80	100	政府机构
433125108217	蓬桂村	109.606319	28.650687	0	18	66	乡镇
433101105209	金星村	109.864448	28.314679	0	18	66	乡镇
433123110003	黄丝桥社区	109.349630	27.872739	0	18	49	乡镇
433126103244	火麻村	110.072909	28.489689	0	30	100	村庄
433123109222	杜夜村	109.619290	27.990650	0	30	100	村庄
433123115201	廖家冲村	109.652840	28.198380	0	30	100	村庄
433130116201	自生桥村	109.257305	28.854985	1	80	100	政府机构
433124110233	桃花村	109.603660	28.409460	0	30	100	村庄
433124109012	城北社区	109.473980	28.579471	0	25	70	乡镇
433127229201	海角村	109.947850	29.391900	0	30	100	村庄
433122206200	己用村	109.740626	28.130204	0	18	49	乡镇
433101004003	竹园社区	109.689282	28.251825	1	75	100	地产小区
433124103223	新务村	109.318041	28.359730	0	18	66	乡镇
433127117214	星火村	110.050550	28.893449	0	30	100	村庄
433125109001	风筝坪社区	109.647085	28.708956	1	80	100	地产小区
433125110220	野竹坪村	109.297909	28.673022	0	30	100	村庄
433123205203	明星村	109.553720	27.884600	0	30	100	村庄
433123111215	三坪村	109.687340	28.056279	0	30	100	村庄
433124108204	板栗村	109.308665	28.511434	0	18	66	乡镇
433127114204	洛洞村	109.935296	29.180243	0	30	100	村庄
433127116239	大井村	109.727850	28.955641	0	30	100	村庄
433127104204	于家村	110.316720	29.004100	0	30	100	村庄
433122106202	李岩村	110.083480	28.213711	0	30	100	村庄
433123112205	毛都塘村	109.494860	28.077260	0	30	100	村庄
433126105001	茄通居委会	109.901519	28.706935	0	18	66	乡镇
433124109229	卜如坪村	109.536680	28.475350	0	30	100	村庄
