440303008007	畔山社区居民委员会	114.168890	22.564591	1	80	94	政府机构
440305005011	内伶仃岛社区居委会	113.926999	22.488211	1	80	95	政府机构
440307003008	白坭坑社区居民委员会	114.128430	22.693059	1	80	94	政府机构
440307013008	五和社区居委会	114.075174	22.628106	1	80	95	UNKNOWN
440309006008	君新社区居委会	114.045393	22.696874	1	80	97	政府机构
440306020002	福围社区居委会	113.822727	22.671003	1	70	92	政府机构
440305001005	红花园社区居委会	113.918164	22.539736	1	80	100	政府机构
440303003020	东门社区居民委员会	114.118261	22.549800	1	80	94	政府机构
440304006012	香岭社区居委会	114.017241	22.536337	1	80	95	政府机构
440307019002	同乐社区居委会	114.308364	22.711194	1	80	100	政府机构
440305002015	阳光棕榈社区居委会	113.921000	22.525030	1	80	95	政府机构
440307009002	葵新社区居委会	114.423942	22.630618	1	80	95	政府机构
440305001013	安乐社区居委会	113.918530	22.536240	1	80	97	政府机构
440304004039	福宁社区居委会	114.064720	22.524750	1	80	97	政府机构
440305002003	南光社区居委会	113.921000	22.525030	1	80	95	政府机构
440306023004	上寮社区居委会	113.829721	22.743188	1	80	97	政府机构
440306017019	上合社区居委会	113.895948	22.568367	1	90	97	政府机构
440306019007	草围社区居委会	113.841917	22.628717	1	75	95	政府机构
440305008009	龙联社区居委会	113.964542	22.588959	1	90	97	政府机构
440306022005	东塘社区居委会	113.801331	22.729594	1	80	100	政府机构
440304005038	新华社区居委会	114.044365	22.525452	1	80	100	政府机构
440305009008	丽湖社区居委会	113.952607	22.579893	1	80	97	政府机构
440306026011	下排社区居委会	113.939452	22.681687	1	90	95	政府机构
440305007016	名海社区居委会	113.928026	22.513820	1	80	97	政府机构
440306018006	河东社区居委会	113.841837	22.628991	1	80	97	政府机构
440306025001	山门社区居委会	113.852390	22.773300	1	80	100	政府机构
440304010001	新港社区居委会	114.052338	22.518811	1	80	100	政府机构
440303009010	兰花社区居民委员会	114.121240	22.579870	1	80	94	UNKNOWN
440306026007	上下屋社区居委会	113.936780	22.681220	1	80	100	政府机构
440306018010	凤凰岗社区居委会	113.841837	22.628991	1	80	95	政府机构
440306017023	海裕社区居委会	113.895948	22.568367	1	90	97	政府机构
440303009006	绿景社区居民委员会	114.121240	22.579870	1	80	94	UNKNOWN
440305003014	东方社区居委会	113.979330	22.536562	1	80	97	UNKNOWN
440307018003	甘坑社区居委会	114.105154	22.656292	0	60	87	地产小区
440306022013	蚝一社区居委会	113.791692	22.735807	1	80	100	政府机构
440309004019	新围社区居委会	113.995780	22.690660	1	80	100	政府机构
440303002021	怡景社区居民委员会	114.140150	22.553549	1	80	95	政府机构
440306021003	和平社区居委会	113.884000	22.553700	0	16	47	区县
440306017003	洪浪社区居委会	113.895948	22.568367	1	90	97	政府机构
440303005005	罗湖桥社区居民委员会	114.126447	22.543419	1	80	94	政府机构
440311002002	上村社区居委会	113.892955	22.787467	1	80	100	政府机构
440307003004	新木社区居委会	114.128430	22.693059	1	80	95	政府机构
440305008013	龙珠社区居委会	113.964542	22.588959	1	90	97	政府机构
440309002010	民富社区居委会	114.034689	22.619755	1	80	97	政府机构
440303004028	木头龙社区居民委员会	114.130047	22.570114	1	80	94	政府机构
440304004023	福安社区居委会	114.064720	22.524750	1	80	97	政府机构
440303001011	老围社区居民委员会	114.112697	22.544751	1	80	94	政府机构
440305002019	桂湾社区居委会	113.921000	22.525030	1	80	95	政府机构
440309006004	桂花社区居委会	114.045393	22.696874	1	80	97	政府机构
440310001001	六联社区居委会	114.346254	22.691478	1	80	97	政府机构
440303002001	新湖社区居民委员会	114.140150	22.553549	1	80	94	政府机构
440308002003	永安居委会	114.246737	22.592947	1	80	100	政府机构
440303001007	红南社区居民委员会	114.112697	22.544751	1	80	94	政府机构
440304008016	景莲社区居委会	114.045233	22.544687	1	80	97	政府机构
440309005002	悦兴围社区居委会	114.034550	22.714321	0	30	72	UNKNOWN
440307017006	六约社区居委会	114.198135	22.642955	1	80	97	政府机构
440308001005	滨海居委会	114.311289	22.601000	1	80	100	政府机构
440303002017	新兴社区居民委员会	114.140150	22.553549	1	80	94	政府机构
440304007025	上梅社区居委会	114.056271	22.566579	1	80	100	政府机构
440309006012	大水田社区居委会	114.045393	22.696874	1	80	95	政府机构
440305003022	星河街社区居委会	113.972562	22.538824	1	80	100	政府机构
440307014016	金排社区居委会	114.129013	22.608453	1	70	88	政府机构
440303005013	和平社区居民委员会	114.126447	22.543419	1	80	94	政府机构
440309001016	鹭湖社区居委会	114.044660	22.705003	1	80	95	政府机构
440306017015	海华社区居委会	113.886980	22.566324	1	80	100	政府机构
440307003012	凤凰社区平湖墟居民委员会	114.128430	22.693059	1	80	92	政府机构
440305008005	福光社区居委会	113.964542	22.588959	1	90	95	政府机构
440307013012	第五园社区居委会	114.069850	22.612879	1	80	100	政府机构
440310005003	金沙社区居委会	114.370741	22.743479	1	80	97	政府机构
440309002006	樟坑社区居委会	114.038059	22.615389	1	80	100	政府机构
440307010002	鹏城社区居委会	114.508161	22.592562	1	80	100	政府机构
440311001004	白花社区居委会	113.947475	22.763446	1	80	95	政府机构
440307015017	吉祥社区西埔居委会	114.222787	22.702192	1	80	94	政府机构
440303003016	花场社区居民委员会	114.118261	22.549800	1	80	94	政府机构
440307016007	龙岗墟社区居委会	114.272540	22.720331	1	80	95	政府机构
440307006007	年丰社区居委会	114.309441	22.774497	1	80	97	政府机构
440306022009	沙一社区居委会	113.801867	22.737592	1	80	100	政府机构
440309004003	黄麻埔社区居委会	114.007152	22.679834	1	100	97	政府机构
440303010006	红岗社区居民委员会	114.097931	22.565953	1	80	94	政府机构
440307011003	东渔社区居委会	114.491209	22.534114	1	80	97	政府机构
440304002030	南天二花园社区居委会	114.093651	22.551076	1	70	92	地产小区
440310004002	石井社区居委会	114.344000	22.710000	0	18	49	区县
440309003007	河背社区居委会	114.019950	22.656668	1	80	97	政府机构
440303007002	大望社区居民委员会	114.141609	22.580905	1	80	94	政府机构
440307012013	沙湾社区居委会	114.144480	22.603660	1	80	97	UNKNOWN
440304001020	南园社区居委会	114.093010	22.540170	1	80	100	政府机构
440303007014	金鹏社区居民委员会	114.133163	22.585763	1	80	100	政府机构
440309003011	玉翠社区居委会	114.019950	22.656668	1	80	95	政府机构
440304002026	华林社区居委会	114.095010	22.550150	1	80	97	政府机构
440305009012	阳光社区居委会	113.952607	22.579893	1	80	97	政府机构
440308004006	海月居委会	114.236710	22.550390	1	80	95	政府机构
440311003003	圳美社区居委会	113.946930	22.789700	0	30	72	UNKNOWN
440307015001	爱联社区爱联居委会	114.222787	22.702192	1	80	97	政府机构
440307006011	坪西社区居委会	114.309441	22.774497	1	80	97	政府机构
440309004015	赖屋山社区居委会	114.007152	22.679834	1	100	97	政府机构
440307006010	坪东社区居委会	114.314039	22.766806	1	80	100	政府机构
440304005023	新洲社区居委会	114.048209	22.521811	1	80	100	政府机构
440309004014	下横朗社区居委会	113.986874	22.673651	0	50	82	UNKNOWN
440308003003	桥东居委会	114.228709	22.552021	1	80	97	政府机构
440303003001	湖贝社区居民委员会	114.118261	22.549800	1	80	95	政府机构
440305009013	留仙社区居委会	113.952607	22.579893	1	80	95	政府机构
440308004007	海涛居委会	114.236710	22.550390	1	80	95	政府机构
440307012004	下李朗社区居委会	114.134491	22.638929	1	80	100	政府机构
440311003002	楼村社区居委会	113.928936	22.779965	0	60	87	地产小区
440309003010	郭吓社区居委会	114.018873	22.663053	1	80	100	政府机构
440307012012	康乐社区居委会	114.144480	22.603660	1	80	97	UNKNOWN
440305009005	曙光社区居委会	113.952607	22.579893	1	80	97	政府机构
440304001021	园西社区居委会	114.094749	22.538320	1	80	97	政府机构
440307011002	南渔社区居委会	114.493140	22.532698	1	80	100	政府机构
440304002031	国城社区居委会	114.095010	22.550150	1	80	95	政府机构
440310004003	田头社区居委会	114.401889	22.691535	1	80	100	政府机构
440309003006	墩背社区居委会	114.019950	22.656668	1	80	97	政府机构
440303007003	梧桐山社区居民委员会	114.141609	22.580905	1	80	94	政府机构
440307016006	南联社区居委会	114.272540	22.720331	1	80	97	政府机构
440306022008	共和社区居委会	113.811808	22.732844	1	80	97	政府机构
440307006006	六联社区居委会	114.309441	22.774497	1	80	97	政府机构
440309004002	下岭排社区居委会	114.007152	22.679834	1	100	95	政府机构
440304005035	翠湾社区居委会	114.042840	22.528890	1	80	97	政府机构
440303010007	玉龙社区居民委员会	114.103190	22.577011	1	80	100	政府机构
440307015016	爱联社区顺景居委会	114.222787	22.702192	1	80	95	政府机构
440303003017	东风社区居民委员会	114.118261	22.549800	1	80	94	政府机构
440310005002	秀新社区居委会	114.370741	22.743479	1	80	97	政府机构
440309002007	白石龙社区居委会	114.038850	22.600701	1	80	100	政府机构
440307010003	岭澳社区居委会	114.476613	22.592412	1	80	95	地产小区
440311001005	翠湖社区居委会	113.947475	22.763446	1	80	97	政府机构
440303005012	海关社区居民委员会	114.126447	22.543419	1	80	94	政府机构
440309001017	高新园社区居委会	114.044660	22.705003	1	80	95	政府机构
440306017014	建安社区居委会	113.895948	22.568367	1	90	97	政府机构
440307003013	禾花社区居委会	114.128430	22.693059	1	80	97	政府机构
440305008004	塘朗社区居委会	113.964542	22.588959	1	90	97	政府机构
440307013013	坂田社区坂田围居委会	114.075174	22.628106	1	80	95	UNKNOWN
440304007024	翰岭社区居委会	114.050430	22.565001	1	80	95	政府机构
440309006013	富坑社区居委会	114.045393	22.696874	1	80	97	政府机构
440304008017	康欣社区居委会	114.045233	22.544687	1	80	95	政府机构
440309005003	丹湖社区居委会	114.042000	22.751800	0	18	40	区县
440304006009	竹林社区居委会	114.010605	22.537653	1	80	100	政府机构
440304004034	皇岗社区居委会	114.063865	22.523760	1	80	100	政府机构
440311006001	薯田埔社区居委会	113.875008	22.781463	1	75	95	生活服务
440309006005	星花社区居委会	114.045393	22.696874	1	80	97	政府机构
440307014001	布吉墟社区居委会	114.129013	22.608453	1	70	92	政府机构
440304004022	福华社区居委会	114.064720	22.524750	1	80	97	政府机构
440304008001	福中社区居委会	114.045233	22.544687	1	80	97	政府机构
440303001010	鹿丹村社区居民委员会	114.112697	22.544751	1	80	94	政府机构
440305002018	向南社区居委会	113.922466	22.523852	1	80	100	政府机构
440307017011	华侨新村社区居委会	114.198135	22.642955	1	80	97	政府机构
440309002011	民安社区居委会	114.034689	22.619755	1	80	97	政府机构
440303006014	笋西社区居民委员会	114.112110	22.564090	1	80	95	政府机构
440303004029	翠竹社区居民委员会	114.137183	22.568450	1	80	100	政府机构
440310006004	老坑社区居委会	114.358474	22.726672	1	80	100	政府机构
440306017002	上川社区居委会	113.895948	22.568367	1	90	97	政府机构
440309001001	大和社区居委会	114.044660	22.705003	1	80	97	政府机构
440311002003	李松蓢社区居委会	113.890082	22.800214	0	50	82	地产小区
440307003005	山厦社区居委会	114.128430	22.693059	1	80	95	政府机构
440305008012	大学城社区居委会	113.965358	22.591927	1	80	100	政府机构
440306021002	桥头社区居委会	113.884000	22.553700	0	16	47	区县
440307014021	大芬社区居委会	114.129013	22.608453	1	70	92	政府机构
440305003015	高发社区居委会	113.979330	22.536562	1	80	95	UNKNOWN
440306022012	沙四社区居委会	113.806741	22.731114	1	80	95	地产小区
440307018002	中海怡翠社区居委会	114.108880	22.623951	1	80	100	政府机构
440309004018	龙胜社区居委会	114.015252	22.647700	1	80	100	政府机构
440304007012	新兴社区居委会	114.050430	22.565001	1	80	97	政府机构
440303002020	碧波社区居民委员会	114.144443	22.559045	1	80	100	政府机构
440306026006	塘坑社区居委会	113.939452	22.681687	1	90	97	政府机构
440306018011	铁岗社区居委会	113.841837	22.628991	1	80	97	政府机构
440306026010	上排社区居委会	113.939452	22.681687	1	90	97	政府机构
440305009009	新围社区居委会	113.955576	22.582522	1	80	100	政府机构
440305007017	铜鼓社区居委会	113.928026	22.513820	1	80	95	政府机构
440306018007	河西社区居委会	113.841837	22.628991	1	80	97	政府机构
440306022004	辛养社区居委会	113.811808	22.732844	1	80	97	政府机构
440304005039	绿景社区居委会	114.044365	22.525452	1	80	100	政府机构
440306017018	甲岸社区居委会	113.895948	22.568367	1	90	97	政府机构
440306019006	后瑞社区居委会	113.841917	22.628717	1	75	95	政府机构
440303008010	广岭社区居民委员会	114.168890	22.564591	1	80	95	政府机构
440304011001	华红社区居委会	114.071674	22.538874	0	25	47	乡镇
440307020006	荷坳社区居委会	114.223765	22.660482	1	80	97	政府机构
440303004033	愉天社区居民委员会	114.128075	22.565255	1	80	100	政府机构
440305005006	海滨社区居委会	113.926999	22.488211	1	80	97	政府机构
440306024001	东方社区居委会	113.848630	22.764431	1	80	97	政府机构
440304004038	皇城社区居委会	114.064720	22.524750	1	80	97	政府机构
440306023005	黄埔社区居委会	113.829721	22.743188	1	80	95	政府机构
440304007028	银河社区居委会	114.042270	22.565344	1	80	100	政府机构
440305001012	星海名城社区居委会	113.910451	22.537060	1	80	100	政府机构
440303003021	北门社区居民委员会	114.118261	22.549800	1	80	94	政府机构
440307019003	宝龙社区居委会	114.286556	22.690323	1	80	100	政府机构
440305002014	学府社区居委会	113.921000	22.525030	1	80	97	政府机构
440307009003	三溪社区居委会	114.426530	22.635690	1	80	100	政府机构
440307015020	嶂背社区居委会	114.222787	22.702192	1	80	95	政府机构
440309006009	启明社区居委会	114.045393	22.696874	1	80	97	政府机构
440306020003	怀德社区居委会	113.818372	22.667984	1	80	100	政府机构
440305001004	大汪山社区居委会	113.918530	22.536240	1	80	95	政府机构
440307003009	辅城坳社区居委会	114.097289	22.698985	1	80	100	政府机构
440303008006	仙湖社区居民委员会	114.168890	22.564591	1	80	95	政府机构
440309001006	福兴围社区居委会	114.071471	22.716197	1	80	100	政府机构
440306017005	新安湖社区居委会	113.907448	22.562661	1	80	100	政府机构
440310006003	竹坑社区居委会	114.391354	22.709630	1	80	100	政府机构
440307003002	良安田社区居委会	114.148660	22.666710	1	80	100	政府机构
440305008015	峰景社区居委会	113.964542	22.588959	1	90	95	政府机构
440307013002	岗头社区居委会	114.075174	22.628106	1	80	97	UNKNOWN
440311002004	下村社区居委会	113.883745	22.789053	0	60	87	地产小区
440305400498	前海合作区虚拟社区	113.884760	22.523930	1	80	95	UNKNOWN
440309002016	新塘社区居委会	114.034689	22.619755	1	80	97	政府机构
440306026021	塘头社区居委会	113.939452	22.681687	1	90	97	政府机构
440304008006	紫荆社区居委会	114.047335	22.545836	1	80	100	政府机构
440303001017	洪围社区居民委员会	114.112697	22.544751	1	80	94	政府机构
440304006018	竹园社区居委会	114.017241	22.536337	1	80	97	政府机构
440307009008	官湖社区居委会	114.423942	22.630618	1	80	97	政府机构
440303002007	新秀社区居民委员会	114.145055	22.546166	1	80	100	政府机构
440309006002	翠澜社区居委会	114.045393	22.696874	1	80	97	政府机构
440308002005	沿港居委会	114.273375	22.586224	1	80	100	政府机构
440305003032	新华社区居委会	113.979330	22.536562	1	80	97	UNKNOWN
440304004033	福田社区居委会	114.064720	22.524750	1	80	97	政府机构
440310002001	坪环社区居委会	114.346547	22.685007	0	50	82	UNKNOWN
440309005004	福安社区居委会	114.042000	22.751800	0	18	49	区县
440303001001	大塘龙社区居民委员会	114.112697	22.544751	1	80	94	政府机构
440304008010	梅富社区居委会	114.045233	22.544687	1	80	97	政府机构
440311006006	将围社区居委会	113.898314	22.756468	0	60	87	UNKNOWN
440309006014	凹背社区居委会	114.045393	22.696874	1	80	95	政府机构
440303002011	曦龙社区居民委员会	114.140150	22.553549	1	80	94	政府机构
440305003024	白石洲东社区居委会	113.979330	22.536562	1	80	97	UNKNOWN
440306017013	兴东社区居委会	113.895948	22.568367	1	90	97	政府机构
440309001010	新田社区居委会	114.044660	22.705003	1	80	95	政府机构
440303005015	罗湖社区居民委员会	114.126447	22.543419	1	80	95	政府机构
440307013014	万科城社区居委会	114.075174	22.628106	1	80	95	UNKNOWN
440307003014	力昌社区居委会	114.128430	22.693059	1	80	95	政府机构
440306018020	柳竹社区居委会	113.841837	22.628991	1	80	97	政府机构
440311001002	碧眼社区居委会	113.949524	22.756211	1	80	95	地产小区
440307010004	水头社区居委会	114.494520	22.565079	1	80	100	政府机构
440307015011	黄阁坑社区居委会	114.213740	22.708060	1	80	100	政府机构
440303003010	城贝社区居民委员会	114.118261	22.549800	1	80	94	政府机构
440304006022	香安社区居委会	114.017241	22.536337	1	80	97	政府机构
440307006001	坪地社区居委会	114.311403	22.770947	1	80	95	地产小区
440307016001	新生社区居委会	114.272540	22.720331	1	80	97	政府机构
440304009011	梅岗社区居委会	114.069179	22.553291	1	100	97	政府机构
440304005032	金地社区居委会	114.042840	22.528890	1	80	97	政府机构
440309004005	浪口社区居委会	114.007152	22.679834	1	100	97	政府机构
440307011005	南隆社区居委会	114.497219	22.535101	1	80	100	政府机构
440303007004	翠湖社区居民委员会	114.106430	22.609721	1	80	100	政府机构
440309003001	荔园社区居委会	114.020121	22.660841	1	80	100	政府机构
440310004004	田心社区居委会	114.415362	22.694683	0	60	87	地产小区
440307012015	南岭村社区居委会	114.144480	22.603660	1	80	97	UNKNOWN
440304001026	巴登社区居委会	114.102391	22.539245	1	80	100	政府机构
440309003017	恒泰社区居委会	114.019950	22.656668	1	80	95	政府机构
440303007012	金岭社区居民委员会	114.141609	22.580905	1	80	94	政府机构
440307012003	上李朗社区居委会	114.144480	22.603660	1	80	95	UNKNOWN
440305009014	丽城社区居委会	113.952607	22.579893	1	80	95	政府机构
440304001030	下步庙社区居委会	114.094749	22.538320	1	80	97	政府机构
440308003004	中英街居委会	114.228709	22.552021	1	80	97	政府机构
440311004001	甲子塘社区居委会	113.921124	22.731588	1	80	100	政府机构
440307015007	愉园社区居委会	114.222787	22.702192	1	80	95	政府机构
440307016017	五联社区居委会	114.272540	22.720331	1	80	97	政府机构
440306022019	茭塘社区居委会	113.811808	22.732844	1	80	97	政府机构
440309004013	上横朗社区居委会	113.983178	22.680404	1	80	100	政府机构
440304005024	沙咀社区居委会	114.042840	22.528890	1	80	95	政府机构
440304007019	孖岭社区居委会	114.050430	22.565001	1	80	95	政府机构
440304009007	新田社区居委会	114.069179	22.553291	1	100	95	政府机构
440303008001	莲塘社区居民委员会	114.168890	22.564591	1	80	94	政府机构
440303004022	民新社区居民委员会	114.124969	22.560513	1	80	100	政府机构
440306024010	朗下社区居委会	113.848630	22.764431	1	80	95	政府机构
440306017009	海富社区居委会	113.894265	22.563446	1	80	100	政府机构
440305006007	四海社区居委会	113.926583	22.501192	1	80	100	政府机构
440305001003	大新社区居委会	113.915518	22.535156	1	80	100	政府机构
440308002009	明珠居委会	114.250433	22.588141	1	80	100	政府机构
440306020004	聚福社区居委会	113.825300	22.668260	1	80	100	政府机构
440304004029	渔农社区居委会	114.064720	22.524750	1	80	97	政府机构
440305002013	荔湾社区居委会	113.921000	22.525030	1	80	97	政府机构
440307009004	高源社区居委会	114.423942	22.630618	1	80	97	政府机构
440307019004	龙新社区居委会	114.302714	22.733340	1	80	100	政府机构
440305003028	塘头社区居委会	113.979330	22.536562	1	80	97	UNKNOWN
440309005008	大兴社区居委会	114.042000	22.751800	0	18	49	区县
440306023002	新二社区居委会	113.829721	22.743188	1	80	95	政府机构
440305002005	南园社区居委会	113.921000	22.525030	1	80	97	政府机构
440307020001	保安社区居委会	114.223765	22.660482	1	80	97	政府机构
440304011006	福强社区居委会	114.094183	22.543435	0	60	87	地产小区
440303006009	田心社区居民委员会	114.114500	22.567890	1	80	100	政府机构
440303004034	翠锦社区居民委员会	114.130047	22.570114	1	80	94	政府机构
440306024006	溪头社区居委会	113.848630	22.764431	1	80	97	政府机构
440305005001	东角头社区居委会	113.935090	22.490910	1	80	100	政府机构
440306019001	黄麻布社区居委	113.841917	22.628717	1	75	92	政府机构
440308400498	市保税区（沙头角）虚拟社区	114.243730	22.558970	0	40	56	UNKNOWN
440303005019	嘉北社区居民委员会	114.126447	22.543419	1	80	93	政府机构
440309003021	清湖社区居委会	114.019950	22.656668	1	80	95	政府机构
440304002016	红荔社区居委会	114.098266	22.554509	1	80	100	政府机构
440307013018	大发埔社区大发埔居委会	114.075174	22.628106	1	80	97	UNKNOWN
440305006011	海月社区居委会	113.932040	22.497800	1	80	95	政府机构
440306022003	衙边社区居委会	113.811808	22.732844	1	80	97	政府机构
440309004009	上早社区居委会	114.008469	22.655614	1	80	100	政府机构
440305007010	南油社区居委会	113.925720	22.507218	1	80	100	政府机构
440307012019	丹平社区居委会	114.144480	22.603660	1	80	97	UNKNOWN
440306026017	宝源社区居委会	113.939452	22.681687	1	90	97	政府机构
440309002020	牛栏前社区居委会	114.036783	22.632147	1	80	100	政府机构
440307011009	西涌社区居委会	114.491209	22.534114	1	80	95	政府机构
440306026001	石龙社区居委会	113.939452	22.681687	1	90	97	政府机构
440306018016	永丰社区居委会	113.841837	22.628991	1	80	97	政府机构
440307013022	象角塘社区	114.075174	22.628106	1	80	97	UNKNOWN
440307018005	光华社区居委会	114.114740	22.614519	1	80	100	政府机构
440306022015	蚝三社区居委会	113.800346	22.739625	1	80	100	政府机构
440307014026	木棉湾社区居委会	114.129013	22.608453	1	70	92	政府机构
440305003012	文昌社区居委会	113.979330	22.536562	1	80	97	UNKNOWN
440304007015	梅京社区居委会	114.050430	22.565001	1	80	97	政府机构
440306021005	新田社区居委会	113.831645	22.693410	0	60	87	地产小区
440308003008	凤凰居委会	114.228709	22.552021	1	80	97	政府机构
440306021004	塘尾社区居委会	113.884000	22.553700	0	16	47	区县
440308003009	田心居委会	114.228709	22.552021	1	80	97	政府机构
440306022014	蚝二社区居委会	113.807883	22.740286	1	80	95	地产小区
440307018004	三联社区居委会	114.117071	22.625050	1	80	100	政府机构
440307014027	可园社区居委会	114.129013	22.608453	1	70	92	政府机构
440305003013	香山社区居委会	113.979330	22.536562	1	80	97	UNKNOWN
440304005029	金城社区居委会	114.042840	22.528890	1	80	97	政府机构
440304007014	梅丰社区居委会	114.050430	22.565001	1	80	95	政府机构
440307013023	新雪社区	114.075174	22.628106	1	80	97	UNKNOWN
440306017024	新岸线社区居委会	113.895948	22.568367	1	90	97	政府机构
440303009001	东晓社区居民委员会	114.121240	22.579870	1	80	95	UNKNOWN
440305007007	创业路社区居委会	113.927416	22.512873	1	80	100	政府机构
440306018017	渔业社区居委会	113.841837	22.628991	1	80	97	政府机构
440307011008	东涌社区居委会	114.491209	22.534114	1	80	97	政府机构
440303007009	乐群社区居民委员会	114.141609	22.580905	1	80	94	政府机构
440305007011	后海社区居委会	113.931759	22.507715	1	80	100	政府机构
440307012018	樟树布社区居委会	114.144480	22.603660	1	80	95	UNKNOWN
440306026016	砖厂社区居委会	113.939452	22.681687	1	90	97	政府机构
440309002021	北站社区居委会	114.034689	22.619755	1	80	97	政府机构
440308401498	市保税区（盐田港）虚拟社区	114.243730	22.558970	0	40	56	UNKNOWN
440306018001	固戍社区居委会	113.841837	22.628991	1	80	97	政府机构
440306022002	壆岗社区居委会	113.811808	22.732844	1	80	97	政府机构
440309004008	鹊山社区居委会	114.005029	22.658265	1	80	100	政府机构
440303005018	新南社区居民委员会	114.126447	22.543419	1	80	94	政府机构
440309003020	水斗新围社区居委会	114.049950	22.636566	1	80	100	政府机构
440304002017	园东社区居委会	114.095010	22.550150	1	80	97	政府机构
440307013019	大发埔社区里石排居委会	114.075174	22.628106	1	80	95	UNKNOWN
440305006010	文竹园社区居委会	113.930534	22.498435	1	70	92	地产小区
440303006008	笋岗社区居民委员会	114.112110	22.564090	1	80	95	政府机构
440306024007	沙浦社区居委会	113.848630	22.764431	1	80	95	政府机构
440309005009	大三社区居委会	114.014577	22.729135	0	60	87	地产小区
440306023003	上星社区居委会	113.829721	22.743188	1	80	95	政府机构
440305002004	北头社区居委会	113.921000	22.525030	1	80	95	政府机构
440305001014	同乐社区居委会	113.918530	22.536240	1	80	97	政府机构
440305003029	上白石社区居委会	113.970457	22.542920	1	80	100	政府机构
440304004028	水围社区居委会	114.063625	22.521683	1	80	97	购物
440304006015	香蜜社区居委会	114.017241	22.536337	1	80	95	政府机构
440305002012	荔芳社区居委会	113.921531	22.525729	1	80	100	政府机构
440307009005	土洋社区居委会	114.423942	22.630618	1	80	95	政府机构
440307019005	龙东社区居委会	114.287807	22.720220	1	80	100	政府机构
440308002008	东海居委会	114.268611	22.589609	1	80	100	政府机构
440306020005	白石厦社区居委会	113.823224	22.677313	1	80	100	政府机构
440306017008	文汇社区居委会	113.898520	22.572060	1	80	100	政府机构
440305006006	桃花园社区居委会	113.919637	22.503311	1	80	100	政府机构
440305005016	深圳湾社区居委会	113.926999	22.488211	1	80	97	政府机构
440306024011	碧头社区居委会	113.848630	22.764431	1	80	95	政府机构
440307016016	龙西社区居委会	114.272540	22.720331	1	80	97	政府机构
440306022018	沙头社区居委会	113.811808	22.732844	1	80	97	政府机构
440309004012	元芬社区居委会	114.007317	22.652811	1	80	100	政府机构
440304007018	龙尾社区居委会	114.050430	22.565001	1	80	97	政府机构
440304009006	田面社区居委会	114.069179	22.553291	1	100	97	政府机构
440308003005	东和居委会	114.233425	22.549369	1	80	100	政府机构
440307015006	尚景社区居委会	114.222787	22.702192	1	80	97	政府机构
440306021008	稔田社区居委会	113.829845	22.702014	1	75	95	地产小区
440307012002	南龙社区居委会	114.144480	22.603660	1	80	97	UNKNOWN
440305009015	牛成社区居委会	113.952607	22.579893	1	80	95	政府机构
440304001031	赤尾社区居委会	114.094749	22.538320	1	80	97	政府机构
440304002021	长城社区居委会	114.095010	22.550150	1	80	97	政府机构
440309003016	富康社区居委会	114.019950	22.656668	1	80	97	政府机构
440303007013	金湖社区居民委员会	114.141609	22.580905	1	80	94	政府机构
440305009003	麻勘社区居委会	113.952607	22.579893	1	80	97	政府机构
440307012014	丹竹头社区居委会	114.154001	22.623107	1	80	100	政府机构
440303004015	翠辉社区居民委员会	114.130047	22.570114	1	80	94	政府机构
440304001027	东园社区居委会	114.101581	22.539591	1	80	100	政府机构
440307011004	东山社区居委会	114.491209	22.534114	1	80	97	政府机构
440310003001	碧岭社区居委会	114.289317	22.667739	1	80	100	政府机构
440304005033	沙尾社区居委会	114.041862	22.519700	1	80	100	政府机构
440309004004	罗屋围社区居委会	114.007152	22.679834	1	100	97	政府机构
440303010001	清水河社区居民委员会	114.107280	22.582200	1	80	100	政府机构
440303003011	城东社区居民委员会	114.118261	22.549800	1	80	94	政府机构
440304006023	侨香社区居委会	114.017241	22.536337	1	80	95	政府机构
440309002001	沙吓社区居委会	114.034689	22.619755	1	80	97	政府机构
440310005004	沙田社区居委会	114.370741	22.743479	1	80	97	政府机构
440303006004	北站社区居民委员会	114.112110	22.564090	1	80	94	政府机构
440306018021	龙珠社区居委会	113.841837	22.628991	1	80	97	政府机构
440311001003	东周社区居委会	113.947475	22.763446	1	80	97	政府机构
440307010005	布新社区居委会	114.484837	22.579617	1	80	100	政府机构
440306017012	大浪社区居委会	113.895948	22.568367	1	90	97	政府机构
440309001011	上坑社区居委会	114.044660	22.705003	1	80	95	政府机构
440303005014	渔屯社区居民委员会	114.126447	22.543419	1	80	94	政府机构
440307013015	杨美社区杨美居委会	114.075174	22.628106	1	80	97	UNKNOWN
440305008002	珠光社区居委会	113.964542	22.588959	1	90	97	政府机构
440309006015	陂头吓社区居委会	114.038032	22.748120	1	80	100	政府机构
440304007022	下梅社区居委会	114.050430	22.565001	1	80	95	政府机构
440305001018	莲城社区居委会	113.918530	22.536240	1	80	97	政府机构
440306022022	民主社区居委会	113.811808	22.732844	1	80	97	政府机构
440309005005	四和社区居委会	114.042000	22.751800	0	18	49	区县
440304008011	福新社区居委会	114.045233	22.544687	1	80	97	政府机构
440308001002	小梅沙居委会	114.313229	22.599250	1	90	97	政府机构
440311006007	石家社区居委会	113.872071	22.782473	0	30	51	村庄
440307017001	松柏社区居委会	114.198135	22.642955	1	80	97	政府机构
440305002008	荔林社区居委会	113.921000	22.525030	1	80	95	政府机构
440309006003	桂澜社区居委会	114.045393	22.696874	1	80	97	政府机构
440308002004	盐田居委会	114.275009	22.585066	1	80	100	政府机构
440307014007	国展社区居委会	114.129013	22.608453	1	70	92	政府机构
440311005001	田寮社区居委会	113.901950	22.729431	1	80	100	政府机构
440304008007	梅岭社区居委会	114.045233	22.544687	1	80	97	政府机构
440303001016	松园社区居民委员会	114.112697	22.544751	1	80	94	政府机构
440304006019	建业社区居委会	114.017241	22.536337	1	80	97	政府机构
440307009009	葵丰社区居委会	114.423942	22.630618	1	80	97	政府机构
440303006012	梨园社区居民委员会	114.112110	22.564090	1	80	94	政府机构
440309002017	大岭社区居委会	114.034689	22.619755	1	80	97	政府机构
440306026020	龙眼山社区居委会	113.945690	22.666510	1	80	100	政府机构
440305007027	滨海社区居委会	113.928026	22.513820	1	80	97	政府机构
440309001007	松元厦社区居委会	114.044660	22.705003	1	80	95	政府机构
440306017004	龙井社区居委会	113.895948	22.568367	1	90	97	政府机构
440310006002	南布社区居委会	114.365087	22.698865	1	80	100	政府机构
440311002005	西田社区居委会	113.900873	22.796344	0	50	82	地产小区
440309004011	下早社区居委会	114.007286	22.657907	1	80	100	政府机构
440304005026	上沙社区居委会	114.042840	22.528890	1	80	95	政府机构
440308003006	沙头角居委会	114.220917	22.556166	1	80	100	政府机构
440311004003	塘尾社区居委会	113.936002	22.748802	0	18	49	区县
440306018018	蚝业社区居委会	113.841837	22.628991	1	80	97	政府机构
440304001032	丽景社区居委会	114.094749	22.538320	1	80	97	政府机构
440305009016	白芒社区居委会	113.952607	22.579893	1	80	95	政府机构
440305007008	龙城社区居委会	113.928026	22.513820	1	80	97	政府机构
440303007010	太白社区居民委员会	114.141609	22.580905	1	80	94	政府机构
440309003015	瓦窑排社区居委会	114.019950	22.656668	1	80	95	政府机构
440307012017	沙塘布社区居委会	114.144480	22.603660	1	80	95	UNKNOWN
440306026019	罗租社区居委会	113.939452	22.681687	1	90	97	政府机构
440309003003	弓村社区居委会	114.026791	22.658157	1	80	100	政府机构
440303007006	翠新社区居民委员会	114.141609	22.580905	1	80	93	政府机构
440307011007	新大社区居委会	114.491209	22.534114	1	80	97	政府机构
440310003002	汤坑社区居委会	114.315380	22.675649	0	30	72	村庄
440309004007	赤岭头社区居委会	114.010721	22.650310	0	50	82	UNKNOWN
440303010002	泥岗社区居民委员会	114.097931	22.565953	1	80	95	政府机构
440304009013	莲花一村社区居委会	114.069179	22.553291	1	100	97	政府机构
440304006020	农园社区居委会	114.019383	22.537477	1	80	95	地产小区
440303003012	锦湖社区居民委员会	114.118261	22.549800	1	80	94	政府机构
440307015013	紫薇社区碧湖居委会	114.222787	22.702192	1	80	95	政府机构
440306024008	沙浦围社区居委会	113.848630	22.764431	1	80	95	政府机构
440307010006	王母社区居委会	114.480426	22.588777	1	75	95	地产小区
440303006007	洪湖社区居民委员会	114.112110	22.564090	1	80	94	政府机构
440306018022	龙腾社区居委会	113.876370	22.580026	1	80	100	政府机构
440309002002	沙元埔社区居委会	114.034689	22.619755	1	80	97	政府机构
440305008001	龙光社区居委会	113.964542	22.588959	1	90	97	政府机构
440307013016	杨美社区嘉丽园居委会	114.075174	22.628106	1	80	95	UNKNOWN
440306017011	布心社区居委会	113.895948	22.568367	1	90	97	政府机构
440309001012	下湖社区居委会	114.044660	22.705003	1	80	95	政府机构
440306022021	和一社区居委会	113.811808	22.732844	1	80	97	政府机构
440305003026	新塘社区居委会	113.979330	22.536562	1	80	97	UNKNOWN
440309006016	黎光社区居委会	114.045393	22.696874	1	80	97	政府机构
440304007021	梅林一村社区居委会	114.050430	22.565001	1	80	97	政府机构
440311006004	马山头社区居委会	113.880827	22.777795	1	90	100	政府机构
440304008012	彩虹社区居委会	114.045233	22.544687	1	80	97	政府机构
440310002003	马峦社区居委会	114.346591	22.685518	1	80	100	政府机构
440304004031	海滨社区居委会	114.065427	22.524603	1	80	100	政府机构
440309005006	新城社区居委会	114.042000	22.751800	0	18	49	区县
440305003030	下白石社区居委会	113.979330	22.536562	1	80	97	UNKNOWN
440307014004	德兴社区居委会	114.129013	22.608453	1	70	92	政府机构
440311005002	玉律社区居委会	113.899541	22.717009	0	60	87	地产小区
440307017014	怡锦社区居委会	114.198135	22.642955	1	80	97	政府机构
440309005010	桔塘社区居委会	114.023130	22.721618	1	75	95	地产小区
440304004027	福民社区居委会	114.064720	22.524750	1	80	95	政府机构
440309002014	上龙社区居委会	114.034689	22.619755	1	80	97	政府机构
440305006009	桂园社区居委会	113.932583	22.500553	1	80	100	政府机构
440309001004	岗头社区居委会	114.044660	22.705003	1	80	97	政府机构
440306017007	新乐社区居委会	113.895948	22.568367	1	90	97	政府机构
440310006001	龙田社区居委会	114.365910	22.751203	1	80	100	政府机构
440303005001	友谊社区居民委员会	114.126447	22.543419	1	80	94	政府机构
440306021007	大洋社区居委会	113.884000	22.553700	0	16	38	区县
440304007017	梅都社区居委会	114.058716	22.569796	1	80	95	地产小区
440304009009	莲花二村社区居委会	114.069179	22.553291	1	100	97	政府机构
440305003010	光华社区居委会	113.979330	22.536562	1	80	97	UNKNOWN
440307014024	东方半岛社区居委会	114.129013	22.608453	1	70	92	政府机构
440306022017	大王山社区居委会	113.811808	22.732844	1	80	95	政府机构
440307018007	翠湖社区居委会	114.068160	22.636590	1	80	94	购物
440309003019	水斗老围社区居委会	114.048039	22.635113	1	80	100	政府机构
440303009002	草埔东社区居民委员会	114.121240	22.579870	1	80	94	UNKNOWN
440307013020	南坑社区南坑居委会	114.075174	22.628106	1	80	97	UNKNOWN
440306018014	麻布社区居委会	113.841837	22.628991	1	80	97	政府机构
440305007004	深圳大学社区居委会	113.928026	22.513820	1	80	95	政府机构
440306026003	三祝里社区居委会	113.939452	22.681687	1	90	95	政府机构
440304010005	福保社区居委会	114.048490	22.519361	1	80	97	政府机构
440303009014	木棉岭社区居民委员会	114.121240	22.579870	1	80	95	UNKNOWN
440306025005	塘下涌社区居委会	113.842882	22.798048	1	80	100	政府机构
440306018002	南昌社区居委会	113.841837	22.628991	1	80	97	政府机构
440304001028	玉田社区居委会	114.096024	22.536129	1	80	100	政府机构
440306026015	石新社区居委会	113.939452	22.681687	1	90	97	政府机构
440305007012	京光社区居委会	113.930916	22.506184	1	80	100	政府机构
440306022001	马安山社区居委会	113.811808	22.732844	1	80	95	政府机构
440305003006	明珠街社区居委会	113.979330	22.536562	1	80	95	UNKNOWN
440305006013	花果山社区居委会	113.932040	22.497800	1	80	97	政府机构
440306019003	黄田社区居委会	113.841925	22.628899	1	80	100	政府机构
440305005003	海湾社区居委会	113.926999	22.488211	1	80	97	政府机构
440306024004	松岗社区居委会	113.846454	22.771987	1	80	100	政府机构
440304011004	荔村社区居委会	114.071674	22.538874	0	25	47	乡镇
440307020003	安良社区居委会	114.223765	22.660482	1	80	97	政府机构
440305002007	南山社区居委会	113.921000	22.525030	1	80	97	政府机构
440311006008	新庄社区居委会	113.872071	22.782473	0	30	51	村庄
440307019006	同心社区居委会	114.248000	22.719700	0	14	32	区县
440307009006	溪涌社区居委会	114.423942	22.630618	1	80	95	政府机构
440304008008	狮岭社区居委会	114.045233	22.544687	1	80	97	政府机构
440306020006	福永社区居委会	113.822727	22.671003	1	70	92	政府机构
440305001001	南头城社区居委会	113.918530	22.536240	1	80	97	政府机构
440307014008	茂业社区居委会	114.129013	22.608453	1	70	88	政府机构
440303002009	新谊社区居民委员会	114.140150	22.553549	1	80	94	政府机构
440305006005	沿山社区居委会	113.932040	22.497800	1	80	97	政府机构
440309001008	老村社区居委会	114.044660	22.705003	1	80	95	政府机构
440306024012	松涛社区居委会	113.848630	22.764431	1	80	97	政府机构
440305005015	海昌社区居委会	113.924230	22.487141	1	80	100	政府机构
440305007028	粤桂社区居委会	113.928026	22.513820	1	80	97	政府机构
440303008003	西岭社区居民委员会	114.168890	22.564591	1	80	94	政府机构
440309002018	锦绣社区居委会	114.034689	22.619755	1	80	97	政府机构
440306024013	花果山社区居委会	113.843461	22.771559	1	80	100	政府机构
440305007029	大冲社区居委会	113.928026	22.513820	1	80	97	政府机构
440307012020	南新社区居委会	114.144480	22.603660	1	80	97	UNKNOWN
440303008002	坳下社区居民委员会	114.170507	22.566067	1	75	92	地产小区
440309002019	丰润社区居委会	114.034689	22.619755	1	80	97	政府机构
440305006004	赤湾社区居委会	113.932040	22.497800	1	80	97	政府机构
440309001009	金龙湖社区居委会	114.044660	22.705003	1	80	97	政府机构
440306020007	凤凰社区居委会	113.822727	22.671003	1	70	92	政府机构
440303002008	水库社区居民委员会	114.140150	22.553549	1	80	94	政府机构
440307019007	同德社区居委会	114.248000	22.719700	0	14	32	区县
440307009007	坝光社区居委会	114.418750	22.635025	1	80	100	政府机构
440305002010	月亮湾社区居委会	113.921000	22.525030	1	80	97	政府机构
440303001018	新围社区居民委员会	114.112697	22.544751	1	80	94	政府机构
440304006017	东海社区居委会	114.017241	22.536337	1	80	97	政府机构
440305001016	田厦社区居委会	113.919875	22.530130	1	80	100	政府机构
440305002006	登良社区居委会	113.921000	22.525030	1	80	97	政府机构
440306023001	新桥社区居委会	113.829721	22.743188	1	80	97	政府机构
440305005002	湾厦社区居委会	113.932980	22.489240	1	80	100	政府机构
440306024005	楼岗社区居委会	113.855760	22.766268	1	80	100	政府机构
440307020002	西坑社区居委会	114.223765	22.660482	1	80	97	政府机构
440304011005	华发社区居委会	114.071674	22.538874	0	25	47	乡镇
440309003022	清华社区居委会	114.019950	22.656668	1	80	97	政府机构
440306019002	九围社区居委会	113.841917	22.628717	1	75	92	政府机构
440305003007	华夏街社区居委会	113.979330	22.536562	1	80	97	UNKNOWN
440306018003	共乐社区居委会	113.841837	22.628991	1	80	97	政府机构
440304001029	锦龙社区居委会	114.094749	22.538320	1	80	97	政府机构
440306026014	浪心社区居委会	113.932240	22.676670	1	80	100	政府机构
440304010004	明月社区居委会	114.051283	22.525812	1	80	100	政府机构
440306025004	罗田社区居委会	113.875782	22.796475	1	80	100	政府机构
440306018015	劳动社区居委会	113.841837	22.628991	1	80	97	政府机构
440306026002	水田社区居委会	113.939452	22.681687	1	90	97	政府机构
440309003018	上油松社区居委会	114.019950	22.656668	1	80	95	政府机构
440303009003	松泉社区居民委员会	114.121240	22.579870	1	80	94	UNKNOWN
440303005020	嘉南社区居民委员会	114.123299	22.536614	1	75	92	地产小区
440307013021	南坑社区星光居委会	114.075174	22.628106	1	80	97	UNKNOWN
440306400498	深圳市宝安国际机场虚拟社区	113.830411	22.641225	0	30	72	飞机场
440304007016	梅亭社区居委会	114.050430	22.565001	1	80	95	政府机构
440304009008	莲花三村社区居委会	114.069179	22.553291	1	100	97	政府机构
440305003011	中新社区居委会	113.979330	22.536562	1	80	97	UNKNOWN
440307014025	文景社区居委会	114.121179	22.607217	1	80	100	政府机构
440307018006	水径社区居委会	114.111873	22.613298	1	80	100	政府机构
440306022016	蚝四社区居委会	113.807090	22.733829	1	80	95	地产小区
440303003009	立新社区居民委员会	114.118261	22.549800	1	80	94	政府机构
440307015008	盛平社区居委会	114.222787	22.702192	1	80	97	政府机构
440305006008	兰园社区居委会	113.932040	22.497800	1	80	97	政府机构
440305008016	桃源社区居委会	113.964542	22.588959	1	90	97	政府机构
440309001005	南大富社区居委会	114.044660	22.705003	0	80	94	政府机构
440306017006	灵芝园社区居委会	113.909365	22.565438	1	80	100	政府机构
440305007025	麻岭社区居委会	113.928026	22.513820	1	80	95	政府机构
440306026022	应人石社区居委会	113.939452	22.681687	1	90	94	政府机构
440309002015	银华社区居委会	114.034689	22.619755	1	80	95	政府机构
440307017015	红棉社区居委会	114.198135	22.642955	1	80	95	政府机构
440309005011	章阁社区居委会	114.016536	22.743950	1	80	100	政府机构
440304004026	福山社区居委会	114.064720	22.524750	1	80	97	政府机构
440304008005	景华社区居委会	114.047308	22.552883	1	80	100	政府机构
440305003031	白石洲社区居委会	113.979330	22.536562	1	80	97	UNKNOWN
440307014005	龙珠社区居委会	114.129013	22.608453	1	70	92	政府机构
440311005003	长圳社区居委会	113.907446	22.719419	0	40	77	UNKNOWN
440310001004	和平社区居委会	114.346254	22.691478	1	80	97	政府机构
440309006001	大布巷社区居委会	114.052685	22.720262	1	80	100	政府机构
440311006005	石围社区居委会	113.872071	22.782473	0	30	47	村庄
440307017003	四联社区居委会	114.198135	22.642955	1	80	97	政府机构
440303001002	桂木园社区居民委员会	114.112697	22.544751	1	80	95	政府机构
440304008013	彩田社区居委会	114.045233	22.544687	1	80	95	政府机构
440310002002	江岭社区居委会	114.353718	22.683938	1	80	100	政府机构
440304004030	岗厦社区居委会	114.064720	22.524750	1	80	97	政府机构
440309005007	茜坑社区居委会	114.038057	22.701206	1	80	95	地产小区
440306022020	沙井社区居委会	113.811808	22.732844	1	80	97	政府机构
440308002010	海桐居委会	114.253570	22.588659	1	80	97	政府机构
440303002012	湖滨社区居民委员会	114.141672	22.558921	1	80	92	地产小区
440304007020	新阁社区居委会	114.050430	22.565001	1	80	95	政府机构
440307013017	杨美社区坂田广场居委会	114.075174	22.628106	1	80	97	UNKNOWN
440303005016	向西社区居民委员会	114.126447	22.543419	1	80	95	政府机构
440306017010	海乐社区居委会	113.895948	22.568367	1	90	97	政府机构
440309001013	大航社区居委会	114.044660	22.705003	1	80	95	政府机构
440306024009	江边社区居委会	113.848630	22.764431	1	80	95	政府机构
440311001001	光明社区居委会	113.947475	22.763446	1	80	97	政府机构
440307010007	下沙社区居委会	114.498494	22.597470	0	18	49	乡镇
440306018023	福中福社区居委会	113.872584	22.564836	1	80	100	政府机构
440309002003	恒穗社区居委会	114.034689	22.619755	1	80	97	政府机构
440304006021	翠香社区居委会	114.017241	22.536337	1	80	95	政府机构
440303003013	玉兰社区居民委员会	114.118261	22.549800	1	80	94	政府机构
440307015012	龙红格社区居委会	114.222787	22.702192	1	80	95	政府机构
440310003003	沙湖社区居委会	114.299479	22.651252	0	25	55	乡镇
440309004006	水围社区居委会	114.007152	22.679834	1	100	97	政府机构
440303010003	银湖社区居民委员会	114.097931	22.565953	1	80	94	政府机构
440304009012	笔架山社区居委会	114.083598	22.556558	1	80	100	政府机构
440307016002	龙岗社区居委会	114.272540	22.720331	1	80	97	政府机构
440307006002	怡心社区居委会	114.303523	22.769255	1	80	100	政府机构
440309003002	景华社区居委会	114.024040	22.654244	1	80	100	政府机构
440303007007	东民社区居民委员会	114.141437	22.570787	1	80	100	政府机构
440307011006	水头沙社区居委会	114.491209	22.534114	1	80	95	政府机构
440304001025	滨河社区居委会	114.094749	22.538320	1	80	97	政府机构
440307012016	吉厦社区居委会	114.144480	22.603660	1	80	95	UNKNOWN
440306026018	麻布社区居委会	113.939452	22.681687	1	90	97	政府机构
440303007011	翠鹏社区居民委员会	114.141609	22.580905	1	80	94	政府机构
440309003014	伍屋社区居委会	114.019950	22.656668	1	80	95	政府机构
440303004001	百仕达社区居民委员会	114.130047	22.570114	1	80	95	政府机构
440306018019	西乡社区居委会	113.841837	22.628991	1	80	95	政府机构
440308004003	鹏湾居委会	114.236935	22.554267	1	80	100	政府机构
440308003007	园墩头居委会	114.228709	22.552021	1	80	97	政府机构
440311004002	东坑社区居委会	113.916198	22.756404	0	50	82	地产小区
440307015004	回龙埔社区居委会	114.243305	22.730768	1	80	100	政府机构
440304009004	黄木岗社区居委会	114.082690	22.552493	1	80	100	政府机构
440309004010	陶吓社区居委会	114.003555	22.650295	0	50	82	UNKNOWN
440305001020	前海社区居委会	113.918530	22.536240	1	80	95	政府机构
440306021001	新和社区居委会	113.805165	22.667765	1	80	100	政府机构
440306022011	沙三社区居委会	113.805926	22.740871	1	70	92	地产小区
440307018001	丽湖社区居委会	114.068160	22.636590	1	80	94	购物
440306017021	海旺社区居委会	113.895948	22.568367	1	90	97	政府机构
440303009004	名地社区居民委员会	114.121240	22.579870	1	80	94	UNKNOWN
440306018012	流塘社区居委会	113.887387	22.578238	1	80	100	政府机构
440306026005	黎光社区居委会	113.947140	22.677930	1	80	100	政府机构
440308004008	海景居委会	114.236710	22.550390	1	80	97	政府机构
440309003009	牛地埔社区居委会	114.015126	22.662777	1	75	95	地产小区
440304004040	福庆社区居委会	114.064720	22.524750	1	80	95	政府机构
440304010003	石厦社区居委会	114.048490	22.519361	1	80	97	政府机构
440306025003	燕川社区居委会	113.861943	22.801527	1	70	92	地产小区
440306018004	乐群社区居委会	113.841837	22.628991	1	80	97	政府机构
440306026013	石岩社区居委会	113.932119	22.682495	1	80	100	政府机构
440307015019	新联社区居委会	114.222787	22.702192	1	80	97	政府机构
440303010008	龙湖社区居民委员会	114.097931	22.565953	1	80	94	政府机构
440307006009	高桥社区居委会	114.309441	22.774497	1	80	97	政府机构
440306022007	步涌社区居委会	113.811808	22.732844	1	80	95	政府机构
440306019005	鹤洲社区居委会	113.841917	22.628717	1	75	92	政府机构
440306024002	潭头社区居委会	113.848630	22.764431	1	80	97	政府机构
440305005005	渔二社区居委会	113.926999	22.488211	1	80	94	政府机构
440304011002	华航社区居委会	114.082380	22.545116	1	80	100	政府机构
440307020005	银荷社区居委会	114.223765	22.660482	1	80	97	政府机构
440303004030	翠平社区居民委员会	114.130047	22.570114	1	80	94	政府机构
440304005041	泰然社区居委会	114.042840	22.528890	1	80	95	政府机构
440309002008	横岭社区居委会	114.034689	22.619755	1	80	95	政府机构
440306023006	万丰社区居委会	113.829721	22.743188	1	80	97	政府机构
440307017008	横岗社区居委会	114.198135	22.642955	1	80	97	政府机构
440304008018	景怡社区居委会	114.045233	22.544687	1	80	95	政府机构
440303001009	滨苑社区居民委员会	114.112697	22.544751	1	80	94	政府机构
440307014018	布吉社区居委会	114.129013	22.608453	1	70	92	政府机构
440305001011	南联社区居委会	113.918530	22.536240	1	80	97	政府机构
440303002019	文华社区居民委员会	114.140150	22.553549	1	80	94	政府机构
440309004021	龙平社区居委会	114.007152	22.679834	1	100	95	政府机构
440303003022	书院街社区居民委员会	114.118261	22.549800	1	80	94	政府机构
440305001007	马家龙社区居委会	113.928698	22.549753	1	80	100	政府机构
440305006003	五湾社区居委会	113.932040	22.497800	1	80	95	政府机构
440305005013	围仔社区居委会	113.926999	22.488211	1	80	97	政府机构
440303008005	莲花社区居民委员会	114.169310	22.557701	1	80	100	政府机构
440309004017	三合社区居委会	114.007152	22.679834	1	100	97	政府机构
440303003002	新龙社区居民委员会	114.118261	22.549800	1	80	94	政府机构
440311004005	凤凰社区居委会	113.936002	22.748802	0	18	49	区县
440303004006	新村社区居民委员会	114.130047	22.570114	1	80	94	政府机构
440308004004	梧桐居委会	114.236067	22.557429	1	80	100	政府机构
440311003001	新羌社区居委会	113.936002	22.748802	0	18	49	区县
440306026009	园美社区居委会	113.939452	22.681687	1	90	95	政府机构
440309003013	下油松社区居委会	114.038929	22.644299	1	80	100	政府机构
440304002024	鹏盛社区居委会	114.100730	22.556979	1	80	100	政府机构
440306018008	臣田社区居委会	113.841837	22.628991	1	80	97	政府机构
440303004010	翠岭社区居民委员会	114.130047	22.570114	1	80	94	政府机构
440305009006	松坪山社区居委会	113.951322	22.558871	1	80	100	政府机构
440307012011	宝岭社区居委会	114.144480	22.603660	1	80	97	UNKNOWN
440304002032	百花园社区居委会	114.095010	22.550150	1	80	97	政府机构
440309003005	狮头岭社区居委会	114.025358	22.660066	1	75	95	地产小区
440307011001	南澳社区居委会	114.491209	22.534114	1	80	95	政府机构
440309004001	上岭排社区居委会	114.002971	22.689823	1	80	97	政府机构
440304005036	下沙社区居委会	114.042840	22.528890	1	80	97	政府机构
440303010004	梅园社区居民委员会	114.103561	22.569831	1	80	100	政府机构
440303003014	螺岭社区居民委员会	114.125255	22.552412	1	90	92	地产小区
440307015015	紫薇社区新亚洲居委会	114.222787	22.702192	1	80	94	政府机构
440311001006	迳口社区居委会	113.947475	22.763446	1	80	97	政府机构
440305005009	大铲社区居委会	113.927240	22.489237	1	80	100	政府机构
440310005001	坑梓社区居委会	114.370741	22.743479	1	80	97	政府机构
440309002004	华城社区居委会	114.035105	22.626915	1	80	100	政府机构
440303006001	田贝社区居民委员会	114.112110	22.564090	1	80	94	政府机构
440306018024	富华社区居委会	113.841837	22.628991	1	80	97	政府机构
440307003010	上木古社区居委会	114.118685	22.668268	1	90	100	政府机构
440309001014	中航格澜郡社区居委会	114.044660	22.705003	1	80	97	政府机构
440306017017	翻身社区居委会	113.895948	22.568367	1	90	97	政府机构
440303005011	文锦社区居民委员会	114.126447	22.543419	1	80	94	政府机构
440306019009	利锦社区居委会	113.841917	22.628717	1	75	95	政府机构
440307014014	凤凰社区居委会	114.129013	22.608453	1	70	92	政府机构
440304007027	金河社区居委会	114.042270	22.565344	1	80	100	政府机构
440309006010	石马径社区居委会	114.045393	22.696874	1	80	95	政府机构
440303002015	罗芳社区居民委员会	114.140150	22.553549	1	80	95	政府机构
440311006002	合水口社区居委会	113.881588	22.784145	1	75	95	地产小区
440308001007	东海岸居委会	114.313229	22.599250	1	90	95	政府机构
440304004037	口岸社区居委会	114.064720	22.524750	1	80	97	政府机构
440303001005	红岭社区居民委员会	114.112697	22.544751	1	80	94	政府机构
440304008014	景田社区居委会	114.045233	22.544687	1	80	95	政府机构
440311005004	红星社区居委会	113.936002	22.748802	0	18	35	区县
440307014002	长龙社区居委会	114.129013	22.608453	1	70	92	政府机构
440303002003	黄贝岭社区居民委员会	114.140150	22.553549	1	80	95	政府机构
440309006006	大坪社区居委会	114.045393	22.696874	1	80	97	政府机构
440310001003	坪山社区居委会	114.346254	22.691478	1	80	97	政府机构
440307017012	志盛社区居委会	114.198135	22.642955	1	80	95	政府机构
440303006017	湖景社区居民委员会	114.112110	22.564090	1	80	94	政府机构
440309002012	民丰社区居委会	114.034689	22.619755	1	80	95	政府机构
440304001018	滨江社区居委会	114.094749	22.538320	1	80	97	政府机构
440303008009	鹏兴社区居民委员会	114.168890	22.564591	1	80	94	政府机构
440305008011	平山社区居委会	113.964542	22.588959	1	90	97	政府机构
440307003006	鹅公岭社区居委会	114.128430	22.693059	1	80	95	政府机构
440303005007	新港社区居民委员会	114.126447	22.543419	1	80	94	政府机构
440306017001	宝民社区居委会	113.897913	22.568040	1	80	100	政府机构
440309001002	马坜社区居委会	114.044660	22.705003	1	80	97	政府机构
440305008010	龙辉社区居委会	113.964542	22.588959	1	90	95	政府机构
440307003007	平湖社区居委会	114.128430	22.693059	1	80	97	政府机构
440311002001	公明社区居委会	113.887490	22.783522	1	80	100	政府机构
440307013007	马安堂社区居委会	114.074565	22.620921	1	80	100	政府机构
440303005006	建南社区居民委员会	114.126447	22.543419	1	80	94	政府机构
440309001003	横坑社区居委会	114.044660	22.705003	1	80	97	政府机构
440305007023	高新区社区居委会	113.928026	22.513820	1	80	95	政府机构
440309002013	东头社区居委会	114.034689	22.619755	1	80	95	政府机构
440304001019	沙埔头社区居委会	114.093540	22.537160	1	80	100	政府机构
440307017013	华乐社区居委会	114.198135	22.642955	1	80	97	政府机构
440304008003	莲花北社区居委会	114.045233	22.544687	1	80	95	政府机构
440307014003	龙岭社区居委会	114.129013	22.608453	1	70	92	政府机构
440309006007	君龙社区居委会	114.045393	22.696874	1	80	97	政府机构
440310001002	六和社区居委会	114.346254	22.691478	1	80	97	政府机构
440311006003	根竹园社区居委会	113.875608	22.773163	1	70	92	地产小区
440308001006	大梅沙居委会	114.313229	22.599250	1	90	97	政府机构
440309005001	狮径社区居委会	114.029200	22.712210	0	30	72	UNKNOWN
440310002004	沙坣社区居委会	114.362210	22.685660	1	80	100	政府机构
440304004036	福南社区居委会	114.064720	22.524750	1	80	97	政府机构
440303001004	人民桥社区居民委员会	114.112697	22.544751	1	80	94	政府机构
440304008015	景新社区居委会	114.045233	22.544687	1	80	97	政府机构
440307014015	罗岗社区居委会	114.129013	22.608453	1	70	92	政府机构
440304400498	福田保税区虚拟社区	114.056680	22.508300	0	40	77	UNKNOWN
440304007026	梅丽社区居委会	114.056271	22.566579	1	80	100	政府机构
440309006011	广培社区居委会	114.045393	22.696874	1	80	97	政府机构
440307013011	四季花城社区居委会	114.075174	22.628106	1	80	97	UNKNOWN
440305008006	长源社区居委会	113.964542	22.588959	1	90	95	政府机构
440307003011	新南社区居委会	114.128430	22.693059	1	80	97	政府机构
440309001015	招商澜园居委会	114.044660	22.705003	1	80	95	政府机构
440306017016	文雅社区居委会	113.894200	22.569879	1	80	100	政府机构
440303005010	建中社区居民委员会	114.126447	22.543419	1	80	94	政府机构
440306019008	三围社区居委会	113.841917	22.628717	1	75	95	政府机构
440307010001	大鹏社区居委会	114.479238	22.592384	1	80	100	政府机构
440305005008	南水社区居委会	113.924427	22.488399	1	80	100	政府机构
440309002005	华民社区居委会	114.037064	22.621901	1	80	100	政府机构
440306018025	桃源社区居委会	113.841837	22.628991	1	80	97	政府机构
440303003015	翠园社区居民委员会	114.118261	22.549800	1	80	94	政府机构
440307015014	紫薇社区紫薇居委会	114.222787	22.702192	1	80	95	政府机构
440304009014	彩苑社区居委会	114.069179	22.553291	1	100	95	政府机构
440304005037	金碧社区居委会	114.042840	22.528890	1	80	97	政府机构
440303010005	草埔西社区居民委员会	114.097931	22.565953	1	80	93	政府机构
440303007001	布心社区居民委员会	114.140125	22.580877	1	75	92	地产小区
440310004001	金龟社区居委会	114.344000	22.710000	0	18	49	区县
440309003004	山咀头社区居委会	114.023648	22.655858	1	80	100	政府机构
440306018009	庄边社区居委会	113.883633	22.580519	1	80	97	政府机构
440303004011	水贝社区居民委员会	114.130047	22.570114	1	80	95	政府机构
440304001023	南华社区居委会	114.094749	22.538320	1	80	97	政府机构
440305009007	大勘社区居委会	113.952607	22.579893	1	80	97	政府机构
440307012010	厦村社区居委会	114.144480	22.603660	1	80	95	UNKNOWN
440305007019	蔚蓝海岸社区居委会	113.936770	22.509760	1	80	100	政府机构
440309003012	共和社区居委会	114.019950	22.656668	1	80	97	政府机构
440304002025	上林社区居委会	114.095010	22.550150	1	80	97	政府机构
440308004005	倚山居委会	114.236710	22.550390	1	80	95	政府机构
440305009011	西丽社区居委会	113.953918	22.574651	1	80	100	政府机构
440306026008	田心社区居委会	113.939452	22.681687	1	90	95	政府机构
440303003003	湖容社区居民委员会	114.124484	22.549099	1	70	88	地产小区
440311004004	塘家社区居委会	113.938556	22.731280	0	60	87	地产小区
440304005021	新沙社区居委会	114.045897	22.529879	1	80	100	政府机构
440309004016	谭罗社区居委会	113.996413	22.664922	0	50	82	UNKNOWN
440304009002	华山社区居委会	114.069179	22.553291	1	100	97	政府机构
440307006012	中心社区居委会	114.309441	22.774497	1	80	97	政府机构
440305005012	雷岭社区居委会	113.926999	22.488211	1	80	95	政府机构
440303008004	长岭社区居民委员会	114.183287	22.553833	1	80	100	政府机构
440305006002	水湾社区居委会	113.932040	22.497800	1	80	97	政府机构
440306020001	兴围社区居委会	113.822727	22.671003	1	70	92	政府机构
440307009001	葵涌社区居委会	114.429621	22.632359	1	80	100	政府机构
440305002016	风华社区居委会	113.921000	22.525030	1	80	97	政府机构
440307019001	南约社区居委会	114.277718	22.694763	1	80	100	政府机构
440304006011	香梅社区居委会	114.017241	22.536337	1	80	95	政府机构
440307014019	南三社区居委会	114.129013	22.608453	1	70	92	政府机构
440309004020	石凹社区居委会	113.993790	22.696058	0	50	82	UNKNOWN
440306023007	沙企社区居委会	113.829721	22.743188	1	80	97	政府机构
440304008019	景秀社区居委会	114.045233	22.544687	1	80	97	政府机构
440303001008	红村社区居民委员会	114.112697	22.544751	1	80	94	政府机构
440306024003	红星社区居委会	113.848630	22.764431	1	80	97	政府机构
440305005004	渔一社区居委会	113.933982	22.486281	1	80	100	政府机构
440307020004	大康社区居委会	114.223765	22.660482	1	80	97	政府机构
440304011003	通新岭社区居委会	114.097210	22.548901	1	70	92	地产小区
440304005040	天安社区居委会	114.033146	22.528873	1	80	100	政府机构
440303004031	翠宁社区居民委员会	114.130047	22.570114	1	80	94	政府机构
440309002009	民泰社区居委会	114.034689	22.619755	1	80	97	政府机构
440306019004	钟屋社区居委会	113.841917	22.628717	1	75	95	政府机构
440307016008	平南社区居委会	114.268778	22.711594	1	80	100	政府机构
440306022006	后亭社区居委会	113.811808	22.732844	1	80	97	政府机构
440307006008	四方埔社区居委会	114.323276	22.763964	1	80	100	政府机构
440307015018	吉祥社区岗贝居委会	114.222787	22.702192	1	80	95	政府机构
440306018005	盐田社区居委会	113.841837	22.628991	1	80	97	政府机构
440305007015	海珠社区居委会	113.928026	22.513820	1	80	97	政府机构
440306026012	径贝社区居委会	113.939452	22.681687	1	90	97	政府机构
440303009013	马山社区居委员会	114.121240	22.579870	1	80	95	UNKNOWN
440309003008	老围社区居委会	114.019950	22.656668	1	80	97	政府机构
440304010002	益田社区居委会	114.054957	22.513373	1	80	100	政府机构
440306025002	洪桥头社区居委会	113.841370	22.784059	1	70	92	地产小区
440306018013	径贝社区居委会	113.841837	22.628991	1	80	97	政府机构
440306026004	官田社区居委会	113.939452	22.681687	1	90	97	政府机构
440305007003	科技园社区居委会	113.928026	22.513820	1	80	97	政府机构
440304002029	南天一花园社区居委会	114.093211	22.554367	1	70	92	地产小区
440306017020	安乐社区居委会	113.895948	22.568367	1	90	97	政府机构
440303009005	独树社区居民委员会	114.122619	22.576375	1	70	88	地产小区
440310401498	深圳市大工业区虚拟社区	114.353409	22.698945	0	50	67	工业园区
440303002022	凤凰社区居民委员会	114.140150	22.553549	1	80	94	政府机构
440306022010	沙二社区居委会	113.798767	22.735349	1	80	100	政府机构
440305003017	白石洲西社区居委会	113.979330	22.536562	1	80	95	UNKNOWN
