440514112209	石坑村委会	116.522694	23.162298	0	18	66	乡镇
440507101209	八合村委会	116.781015	23.395763	1	90	100	政府机构
440513100004	城关居委会	116.614940	23.183137	0	25	70	乡镇
440513110004	灶市居委会	116.398403	23.456212	0	18	66	乡镇
440523100234	西山农村	117.011890	23.431810	0	30	100	村庄
440507003013	妈屿居委会	116.751230	23.336491	0	50	82	UNKNOWN
440513106216	东明村委会	116.394570	23.355330	0	30	72	村庄
440513108208	光星村委会	116.403420	23.306650	1	80	100	政府机构
440511001005	饶平居委会	116.723258	23.360120	0	25	55	乡镇
440515107223	林畔村委会	116.808896	23.591546	0	25	70	乡镇
440511011005	金福居委会	116.672751	23.357790	0	40	72	乡镇
440514108203	泗和村委会	116.441520	23.229060	0	30	58	UNKNOWN
440514001205	潮东村委会	116.438130	23.272560	1	80	100	政府机构
440511006001	联韩居委会	116.680275	23.358857	0	40	72	乡镇
440511016001	沙浦居委会	116.641789	23.402364	1	80	100	政府机构
440513003008	东内居委会	116.616287	23.247668	1	80	100	政府机构
440515003010	华冠居委会	116.739437	23.472360	0	25	70	道路
440511005011	乔林居委会	116.689628	23.355686	0	30	58	乡镇
440511015011	莲华居委会	116.594897	23.421263	1	80	100	政府机构
440507004017	丽水居委会	116.750371	23.385274	0	30	58	乡镇
440513101204	南陇村委会	116.550380	23.322750	0	25	47	乡镇
440511008009	金誉居委会	116.699990	23.383820	0	25	55	乡镇
440511016017	安居居委会	116.650577	23.376296	0	20	67	乡镇
440514001213	西沟村委会	116.407774	23.243850	1	80	100	政府机构
440513110229	玉路村委会	116.409580	23.475659	1	80	100	政府机构
440515003006	冠山居委会	116.756000	23.466000	0	16	33	区县
440511015007	莲美居委会	116.600641	23.410525	1	80	100	政府机构
440507004001	金港居委会	116.761179	23.395312	1	80	100	政府机构
440511005007	集成居委会	116.691205	23.356799	1	80	100	政府机构
440507003005	天山居委会	116.728859	23.362971	1	80	100	政府机构
440511002003	大窖居委会	116.686645	23.376554	1	80	100	政府机构
440513103002	西二居委会	116.488770	23.360661	0	18	66	乡镇
440515105208	新兴街村委会	116.865311	23.571037	0	18	66	乡镇
440511001013	平西居委会	116.723258	23.360120	0	25	55	乡镇
440511004006	龙华居委会	116.711978	23.354864	0	30	72	地产小区
440515102220	云一村委会	116.824097	23.480494	0	20	41	乡镇
440511014006	永安居委会	116.665505	23.352057	0	40	72	乡镇
440515002007	城北居委会	116.769771	23.464189	1	80	100	政府机构
440513103215	埔尾村委会	116.439139	23.231859	1	80	100	政府机构
440512005008	五一居委会	116.703134	23.244285	0	25	70	乡镇
440511009008	樱花居委会	116.712946	23.398565	0	30	72	乡镇
440514112008	田二居委会	116.528823	23.138829	1	70	92	UNKNOWN
440515001017	百二两居委会	116.831365	23.442889	1	75	95	UNKNOWN
440514109214	金埔村委会	116.327100	23.150878	0	18	40	乡镇
440513100205	竞海村委会	116.614940	23.183137	0	25	47	乡镇
440513110205	桥前村委会	116.398403	23.456212	0	18	66	乡镇
440515104209	埭头村委会	116.847994	23.532563	0	18	66	乡镇
440507001014	金阳居委会	116.717035	23.377739	1	80	100	政府机构
440513107201	佳安村委会	116.374574	23.346754	0	18	40	乡镇
440513102003	新和居委会	116.480477	23.255863	1	80	100	政府机构
440514001004	寨外林居委会	116.432550	23.256050	0	30	72	村庄
440511003002	玉蓉居委会	116.709703	23.373148	0	40	58	乡镇
440515107219	东光村委会	116.809660	23.573271	1	80	100	政府机构
440511013002	中宫居委会	116.689231	23.391421	0	50	82	UNKNOWN
440514108002	胪溪居委会	116.478243	23.184206	1	80	100	政府机构
440513104211	上底村委会	116.459541	23.457610	0	18	40	乡镇
440511010004	海悦居委会	116.672325	23.347436	0	30	58	乡镇
440513102015	练北居委会	116.460735	23.279903	1	80	100	政府机构
440513107217	下陇村委会	116.374574	23.346754	0	18	66	乡镇
440514110218	霞厝村委会	116.392322	23.087577	0	18	40	乡镇
440514001012	南里居委会	116.429153	23.259445	1	80	100	政府机构
440513108224	宅美村委会	116.424181	23.307660	0	20	67	乡镇
440514103208	蓝丰村委会	116.445740	23.148522	0	18	40	乡镇
440507100208	李厝村委会	116.709171	23.435391	1	80	100	政府机构
440513104207	树下村委会	116.459541	23.457610	0	18	66	乡镇
440507005016	流美居委会	116.725650	23.428939	0	30	72	村庄
440511004010	东华居委会	116.711978	23.354864	0	30	72	地产小区
440513106001	上堡居委会	116.416077	23.354035	1	80	100	政府机构
440513103203	乌石村委会	116.514020	23.354441	0	30	72	村庄
440515002011	新乡居委会	116.754525	23.492786	0	25	70	乡镇
440513002009	蝴蝶居委会	116.617593	23.292175	0	25	55	乡镇
440513110213	舒荣村委会	116.398403	23.456212	0	18	40	乡镇
440514109202	伍田村委会	116.375172	23.146108	1	80	100	政府机构
440515001001	城东居委会	116.775281	23.463086	1	80	100	政府机构
440513108204	玉窖村委会	116.424181	23.307660	0	20	41	乡镇
440513104227	庄厝村委会	116.406717	23.214363	1	80	100	政府机构
440515105212	明德村委会	116.823496	23.552414	1	80	100	政府机构
440511001009	长平居委会	116.700669	23.361276	1	80	100	政府机构
440512003017	尾村居委会	116.678723	23.298170	1	80	100	政府机构
440513100008	莲新居委会	116.614940	23.183137	0	25	70	乡镇
440507101205	上三合村委会	116.792674	23.384775	0	20	67	乡镇
440514112205	高埔村委会	116.522694	23.162298	0	18	66	乡镇
440515106202	上社村委会	116.872139	23.614584	1	80	100	政府机构
440523102205	后花园村委会	117.110723	23.458797	0	25	70	乡镇
440513110233	东里村委会	116.399790	23.481350	0	30	72	村庄
440514105201	汕柄村委会	116.326310	23.274282	0	20	41	乡镇
440515101206	樟籍村委会	116.757761	23.565806	0	20	41	乡镇
440523100003	城东居委会	116.984627	23.436626	0	18	66	乡镇
440512007003	岗背居委会	116.727000	23.285600	0	16	38	区县
440514106211	西新村委会	116.391050	23.211611	1	80	100	政府机构
440513103223	岩前村委会	116.509950	23.324770	0	30	72	村庄
440513003004	龙井居委会	116.599683	23.248168	1	80	100	政府机构
440515102216	程洋岗村委会	116.824097	23.480494	0	20	36	乡镇
440514001209	拱桥村委会	116.413314	23.259626	1	80	100	政府机构
440513110225	新荣村委会	116.440140	23.471970	0	30	72	村庄
440512004005	三寮居委会	116.765730	23.252910	0	30	72	UNKNOWN
440515101210	后埔村委会	116.723325	23.577315	1	80	100	政府机构
440513101208	新乡村委会	116.550380	23.322750	0	25	70	乡镇
440514106207	高美村委会	116.386798	23.193750	0	18	66	乡镇
440513003012	凤东居委会	116.613420	23.250581	0	25	70	乡镇
440513104231	溪西欧村委会	116.459541	23.457610	0	18	49	乡镇
440514101203	平湖东村委会	116.579510	23.211510	0	30	72	村庄
440514104001	司上居委会	116.366919	23.253371	0	30	72	村庄
440513108212	深坽村委会	116.424181	23.307660	0	20	41	乡镇
440523101203	西畔村委会	117.105690	23.407621	0	25	70	乡镇
440515105204	东和村委会	116.831260	23.571289	0	30	72	村庄
440514112213	溪尾村委会	116.518779	23.157005	1	80	100	政府机构
440507101213	东升村委会	116.789570	23.387570	0	30	72	村庄
440512003001	礐石居委会	116.695004	23.313779	0	18	66	乡镇
440523102213	松岭村委会	117.110723	23.458797	0	25	70	乡镇
440507003009	金涛居委会	116.737460	23.360681	1	80	100	政府机构
440507004021	紫茵居委会	116.728017	23.378501	1	80	100	政府机构
440511009004	荷花居委会	116.712946	23.398565	0	30	72	乡镇
440515103201	永新村委会	116.784970	23.508329	0	30	72	地产小区
440507008002	泰龙居委会	116.728235	23.408701	1	100	100	政府机构
440513110209	潮美村委会	116.398403	23.456212	0	18	66	乡镇
440514107206	神仙里村委会	116.413779	23.306758	1	80	100	政府机构
440514109218	水头村委会	116.343230	23.136910	0	30	72	村庄
440514112004	仙家居委会	116.507030	23.168350	0	30	72	UNKNOWN
440513004201	南门村委会	116.554230	23.245760	0	30	72	村庄
440513001003	平和东居委会	116.604117	23.260644	1	80	100	政府机构
440512005004	东陇居委会	116.703134	23.244285	0	25	70	乡镇
440513103219	龙溪村委会	116.487270	23.317089	0	30	72	村庄
440514001008	洋内居委会	116.440229	23.253808	1	80	100	政府机构
440514106010	墙老居委会	116.369175	23.220938	1	80	100	政府机构
440514103212	沙陂村委会	116.445740	23.148522	0	18	66	乡镇
440513106220	溪美村委会	116.422350	23.378162	0	18	66	乡镇
440507100212	龙头村委会	116.747910	23.431850	1	80	100	政府机构
440515104205	梅浦村委会	116.800370	23.551391	0	30	72	村庄
440523100202	新乡村委会	116.984627	23.436626	0	18	66	乡镇
440512001010	西墩居委会	116.713997	23.279518	1	80	100	政府机构
440514110202	东新村委会	116.386390	23.060840	0	30	72	地产小区
440515107203	下长宁村委会	116.808896	23.591546	0	25	55	乡镇
440507100204	东溪村委会	116.735710	23.453430	0	30	72	村庄
440514103204	上盐村委会	116.445740	23.148522	0	18	66	乡镇
440514106006	永丰居委会	116.361235	23.210912	1	80	100	政府机构
440515104213	弓兜村委会	116.847994	23.532563	0	18	40	乡镇
440513102019	潮联居委会	116.466409	23.267187	1	80	100	政府机构
440512001006	青篮居委会	116.727927	23.287259	0	20	67	乡镇
440513002005	白竹居委会	116.602000	23.265000	0	16	47	区县
440511009012	嘉顿居委会	116.712946	23.398565	0	30	58	乡镇
440512006002	河南居委会	116.653579	23.275996	1	80	100	政府机构
440515100207	横陇村委会	116.716699	23.539961	1	80	100	政府机构
440514101002	上南居委会	116.569726	23.185228	0	20	67	乡镇
440514001224	大宅村委会	116.417590	23.219659	1	80	100	政府机构
440515100206	蛟头叶村委会	116.714587	23.535151	1	80	94	政府机构
440514101003	平湖西居委会	116.569726	23.185228	0	20	50	乡镇
440514104201	下店村委会	116.377719	23.264416	0	25	70	乡镇
440513002004	东家宫居委会	116.599547	23.280786	1	80	100	政府机构
440511009013	东星居委会	116.712946	23.398565	0	30	72	乡镇
440512006003	河北居委会	116.650724	23.280672	0	20	67	乡镇
440515104212	口厝村委会	116.847994	23.532563	0	18	66	乡镇
440514110215	赤坪村委会	116.385719	23.107069	1	80	100	政府机构
440513102018	塭内居委会	116.466051	23.264165	1	70	92	UNKNOWN
440512001007	青林居委会	116.727927	23.287259	0	20	67	乡镇
440515107202	东浦村委会	116.808896	23.591546	0	25	70	乡镇
440507100205	富砂村委会	116.729450	23.454860	1	80	100	政府机构
440514103205	深沟村委会	116.445740	23.148522	0	18	66	乡镇
440514106007	新圩居委会	116.386798	23.193750	0	18	66	乡镇
440515104204	塘陇村委会	116.847994	23.532563	0	18	40	乡镇
440523100203	永兴村委会	117.028000	23.422860	0	30	72	村庄
440514105001	陈店居委会	116.326310	23.274282	0	20	50	乡镇
440514110203	南溪村委会	116.392322	23.087577	0	18	66	乡镇
440515107214	南美村委会	116.808896	23.591546	0	25	70	乡镇
440514001009	沙溪居委会	116.428160	23.240800	1	80	100	政府机构
440512002001	马窖居委会	116.711101	23.270944	1	80	97	UNKNOWN
440514106011	西陇居委会	116.368347	23.231115	1	80	100	政府机构
440513106221	新厝村委会	116.413220	23.329280	0	30	72	村庄
440507100213	凤美村委会	116.736072	23.448663	0	18	40	乡镇
440513001002	兴归居委会	116.601273	23.261877	1	80	100	政府机构
440512005005	上店居委会	116.692670	23.242840	0	30	72	UNKNOWN
440513103218	内輋村委会	116.470823	23.332000	1	80	95	UNKNOWN
440507004020	翠英居委会	116.735963	23.378519	1	80	100	政府机构
440511009005	珠厦居委会	116.712946	23.398565	0	30	72	乡镇
440507008003	如龙居委会	116.723950	23.407950	1	80	100	政府机构
440513110208	径头村委会	116.398403	23.456212	0	18	66	乡镇
440514107207	红敦村委会	116.302016	23.211370	0	20	41	乡镇
440514109219	大輋村委会	116.327100	23.150878	0	18	40	乡镇
440514112005	兴陇居委会	116.501757	23.170459	1	80	97	UNKNOWN
440514112212	茆港村委会	116.522694	23.162298	0	18	40	乡镇
440507101212	西南村委会	116.792674	23.384775	0	20	67	乡镇
440513107220	后望村委会	116.374574	23.346754	0	18	66	乡镇
440523102212	圆山村委会	117.110723	23.458797	0	25	70	乡镇
440507003008	春泽居委会	116.748727	23.352003	0	25	70	乡镇
440513104230	井美村委会	116.459541	23.457610	0	18	66	乡镇
440514101202	连丰村委会	116.590133	23.211922	0	30	72	村庄
440513108213	溪边村委会	116.429070	23.305850	1	80	100	政府机构
440523101202	中柱村委会	117.105690	23.407621	0	25	70	乡镇
440515105205	观一村委会	116.865311	23.571037	0	18	40	乡镇
440513101209	南田村委会	116.530156	23.343455	1	80	100	政府机构
440514106206	四十亩村委会	116.386798	23.193750	0	18	66	乡镇
440515102201	渡亭村委会	116.824097	23.480494	0	20	41	乡镇
440513003013	凤上居委会	116.629493	23.236912	1	80	100	政府机构
440514105216	上北村委会	116.316470	23.283030	1	80	100	政府机构
440512004004	大蔚居委会	116.769242	23.253646	0	20	67	乡镇
440513110224	东仓村委会	116.432940	23.458490	0	30	72	村庄
440515101211	下北村委会	116.757761	23.565806	0	20	67	乡镇
440512007002	玉石居委会	116.675089	23.269995	1	80	100	政府机构
440514106210	圆山村委会	116.386798	23.193750	0	18	66	乡镇
440513103222	外輋村委会	116.488770	23.360661	0	18	40	乡镇
440513003005	后双园居委会	116.593863	23.250659	1	80	100	政府机构
440515102217	管陇村委会	116.824097	23.480494	0	20	41	乡镇
440514001208	溪南村委会	116.447540	23.283041	1	80	100	政府机构
440513110232	旗头村委会	116.398403	23.456212	0	18	66	乡镇
440514109223	白坟村委会	116.327100	23.150878	0	18	66	乡镇
440515101207	前埔村委会	116.757761	23.565806	0	20	67	乡镇
440523100002	城北居委会	116.984627	23.436626	0	18	66	乡镇
440512003016	中村居委会	116.678723	23.298170	1	80	100	政府机构
440513100009	西南门居委会	116.613463	23.191276	1	80	97	UNKNOWN
440507101204	下头合村委会	116.770660	23.402239	1	80	97	政府机构
440514112204	长厝村委会	116.522694	23.162298	0	18	40	乡镇
440515106203	中社村委会	116.877844	23.605496	1	80	100	政府机构
440513108205	双岐村委会	116.424181	23.307660	0	20	41	乡镇
440513104226	上仓村委会	116.459541	23.457610	0	18	66	乡镇
440513004001	三堡居委会	116.549509	23.246263	1	80	100	政府机构
440511011008	寿山居委会	116.674040	23.359332	1	75	95	UNKNOWN
440515105213	大围村委会	116.865311	23.571037	0	18	66	乡镇
440511001008	中平居委会	116.723258	23.360120	0	25	70	乡镇
440513002008	五三居委会	116.610443	23.277570	0	25	67	乡镇
440513110212	大吴村委会	116.390150	23.472871	0	30	72	村庄
440514109203	巫字村委会	116.327100	23.150878	0	18	40	乡镇
440507005017	溪西居委会	116.726760	23.433529	1	80	100	政府机构
440511004011	金海居委会	116.711978	23.354864	0	30	72	地产小区
440513103202	后埔村委会	116.488770	23.360661	0	18	66	乡镇
440515002010	龙田居委会	116.751785	23.478853	1	80	100	政府机构
440513108225	溪东村委会	116.412420	23.287369	1	80	100	政府机构
440514103209	宁湖村委会	116.445740	23.148522	0	18	40	乡镇
440507100209	林厝村委会	116.736072	23.448663	0	18	66	乡镇
440511010005	万安居委会	116.672325	23.347436	0	30	72	乡镇
440507001003	金珠居委会	116.722605	23.370367	1	80	100	政府机构
440523100219	黄花山村委会	116.984627	23.436626	0	18	66	乡镇
440513102014	高丰居委会	116.484742	23.254364	0	18	66	乡镇
440513107216	新厝村委会	116.413220	23.329280	0	30	72	村庄
440514001005	董塘居委会	116.424050	23.247129	1	80	100	政府机构
440511003003	海棠园居委会	116.711093	23.377611	0	60	87	地产小区
440511013003	南楼居委会	116.685909	23.390752	1	80	100	政府机构
440514108003	上厝居委会	116.439880	23.254680	0	30	72	UNKNOWN
440513104210	东湖村委会	116.455380	23.451430	0	30	72	村庄
440515104208	海岱村委会	116.847994	23.532563	0	18	66	乡镇
440513102002	下寨居委会	116.496560	23.245601	0	30	72	村庄
440511009009	红荔居委会	116.712946	23.398565	0	30	72	乡镇
440514109215	四溪村委会	116.327100	23.150878	0	18	40	乡镇
440515001016	大埔堀居委会	116.820927	23.443444	0	60	87	UNKNOWN
440513100204	湖边村委会	116.656320	23.217069	0	30	72	村庄
440513110204	花园村委会	116.380940	23.455011	0	30	72	村庄
440511004007	梅翠居委会	116.711978	23.354864	0	30	72	地产小区
440515102221	云二村委会	116.824097	23.480494	0	20	41	乡镇
440507005001	鸥上居委会	116.717353	23.411058	1	80	100	政府机构
440511014007	永和居委会	116.665505	23.352057	0	40	72	乡镇
440515002006	上坑居委会	116.738760	23.496231	0	30	72	村庄
440513103214	青山村委会	116.462817	23.396140	1	80	100	政府机构
440512005009	林后居委会	116.727000	23.285600	0	16	38	区县
440513106201	石壁村委会	116.422350	23.378162	0	18	66	乡镇
440513103003	竹林居委会	116.506805	23.375616	1	80	100	政府机构
440515105209	月窟村委会	116.865311	23.571037	0	18	40	乡镇
440511001012	新华居委会	116.723258	23.360120	0	25	70	乡镇
440507003004	广兴居委会	116.741767	23.370521	1	80	100	政府机构
440511002002	东门居委会	116.698019	23.373221	0	40	72	乡镇
440513110228	前洋村委会	116.404850	23.469270	0	30	72	村庄
440515003007	上窖居委会	116.731150	23.466550	0	30	72	UNKNOWN
440511015006	两丰居委会	116.600250	23.421829	0	25	70	乡镇
440511005006	华新居委会	116.689628	23.355686	0	30	72	乡镇
440513101205	上陇村委会	116.550380	23.322750	0	25	70	乡镇
440511008008	金凤居委会	116.703433	23.382908	1	80	100	政府机构
440511016016	鮀都居委会	116.650577	23.376296	0	20	67	乡镇
440514001212	洋汾林村委会	116.405356	23.252813	0	50	73	UNKNOWN
440513107001	贵屿居委会	116.353149	23.317646	0	40	77	UNKNOWN
440513102203	安轿村委会	116.484742	23.254364	0	18	40	乡镇
440511005010	联兴居委会	116.688727	23.356252	1	80	100	政府机构
440511015010	莲荣居委会	116.600250	23.421829	0	25	70	乡镇
440507004016	金和居委会	116.739419	23.381520	1	80	100	政府机构
440514108202	泗黄村委会	116.443014	23.234714	1	90	100	政府机构
440514001204	华桥村委会	116.437411	23.272799	1	80	100	政府机构
440513003009	沧洲居委会	116.610670	23.243100	0	60	87	UNKNOWN
440513106217	东星村委会	116.396580	23.354520	1	80	100	政府机构
440513108209	集星村委会	116.424181	23.307660	0	20	41	乡镇
440511001004	石炮台居委会	116.704845	23.355232	1	80	100	政府机构
440515107222	三洲村委会	116.808896	23.591546	0	25	70	乡镇
440511011004	福安居委会	116.672751	23.357790	0	40	72	乡镇
440514112208	乌石村委会	116.483565	23.140040	0	30	72	村庄
440507101208	七合村委会	116.792674	23.384775	0	20	41	乡镇
440513100005	北新居委会	116.619865	23.196947	1	80	100	政府机构
440523102208	后窑村委会	117.132400	23.447500	0	30	72	村庄
440523100235	西山盐村	117.013670	23.435650	0	30	100	村庄
440507003012	永安居委会	116.748727	23.352003	0	25	70	乡镇
440513104221	西平村委会	116.459541	23.457610	0	18	66	乡镇
440513108202	屿北村委会	116.397876	23.327065	1	80	100	政府机构
440515105214	石丁村委会	116.865311	23.571037	0	18	40	乡镇
440507101203	中头合村委会	116.792674	23.384775	0	20	36	乡镇
440514112203	敦灶村委会	116.522694	23.162298	0	18	40	乡镇
440512003011	葛陈居委会	116.695004	23.313779	0	18	49	乡镇
440514107001	仙门城居委会	116.316235	23.233384	0	60	87	UNKNOWN
440507003019	长泰社区居委会	116.748727	23.352003	0	25	55	乡镇
440515106204	上厝村委会	116.872615	23.609248	0	20	67	乡镇
440514109224	铁蜂湖村委会	116.327100	23.150878	0	18	49	乡镇
440513110235	河尾村委会	116.392007	23.309633	1	80	100	政府机构
440514105207	流溪村委会	116.326310	23.274282	0	20	67	乡镇
440513103225	龙西村委会	116.474091	23.402976	0	30	72	村庄
440512007005	灯塔居委会	116.727000	23.285600	0	16	38	区县
440514106217	仙新村委会	116.386798	23.193750	0	18	49	乡镇
440513003002	五响居委会	116.600690	23.250460	0	60	87	UNKNOWN
440515102210	李厝宫村委会	116.783105	23.502704	0	25	55	旅游景点
440514105211	内新村委会	116.326310	23.274282	0	20	67	乡镇
440513110223	新寨头村委会	116.398403	23.456212	0	18	66	乡镇
440512004003	溪头居委会	116.760265	23.259080	1	80	100	政府机构
440514106201	崎沟村委会	116.377575	23.224547	1	80	100	政府机构
440514103003	家美居委会	116.471370	23.180509	1	80	100	政府机构
440515102206	陈厝洲村委会	116.824097	23.480494	0	20	36	乡镇
440513003014	凤南居委会	116.613420	23.250581	0	25	70	乡镇
440511008003	南墩居委会	116.703615	23.382582	1	80	100	政府机构
440514001219	李围村委会	116.432641	23.246799	0	20	41	乡镇
440514101205	凤光村委会	116.569726	23.185228	0	20	67	乡镇
440513108214	河陇村委会	116.424181	23.307660	0	20	41	乡镇
440515105202	河美村委会	116.865311	23.571037	0	18	66	乡镇
440512003007	棉花居委会	116.644793	23.312277	1	80	100	政府机构
440514112215	芝兰村委会	116.522694	23.162298	0	18	66	乡镇
440507101215	大兴村委会	116.802490	23.394531	0	30	72	村庄
440511002009	金陵居委会	116.698019	23.373221	0	40	72	乡镇
440523100228	龙地渔村	116.984627	23.436626	0	18	49	乡镇
440507008004	新兴居委会	116.740431	23.401186	0	30	72	乡镇
440511009002	浮东居委会	116.711940	23.402189	0	40	77	UNKNOWN
440515103207	盛洲村委会	116.796632	23.514058	0	18	40	乡镇
440507101002	金叶岛居委会	116.772909	23.360577	1	70	92	地产小区
440514112002	东波居委会	116.498390	23.176920	0	30	72	UNKNOWN
440513001005	平东居委会	116.607225	23.259688	1	80	100	政府机构
440515100217	岛门村委会	116.726072	23.519601	0	25	47	乡镇
440513108003	溪西居委会	116.726760	23.433529	1	80	100	政府机构
440512005002	华里居委会	116.693440	23.253950	0	60	87	UNKNOWN
440514104210	塭美村委会	116.377719	23.264416	0	25	47	乡镇
440511003008	水仙园居委会	116.709703	23.373148	0	40	72	乡镇
440511013008	陇头居委会	116.697890	23.401720	0	60	87	UNKNOWN
440515107213	新楼村委会	116.803490	23.599510	0	30	72	村庄
440507100214	华埠村委会	116.736072	23.448663	0	18	66	乡镇
440512002006	南山居委会	116.716629	23.271233	0	25	70	乡镇
440523100204	城西村委会	117.023710	23.421990	0	30	72	村庄
440515104203	仙门村委会	116.847994	23.532563	0	18	66	乡镇
440515101001	店市居委会	116.729385	23.573526	1	80	97	购物
440513102009	和铺居委会	116.477423	23.260953	1	80	100	政府机构
440514110204	仕可村委会	116.392322	23.087577	0	18	40	乡镇
440514105006	陈围居委会	116.330460	23.265690	1	80	100	政府机构
440515107205	隆华村委会	116.808896	23.591546	0	25	47	乡镇
440514103202	华西村委会	116.488639	23.176870	1	80	100	政府机构
440507100202	南社村委会	116.730490	23.447700	1	80	100	政府机构
440515104215	内厝村委会	116.847994	23.532563	0	18	66	乡镇
440507001008	春湖居委会	116.724730	23.374080	1	80	100	政府机构
440514105010	沟湖居委会	116.316040	23.274510	0	30	72	村庄
440513002003	平北居委会	116.599930	23.272510	0	30	72	UNKNOWN
440511009014	春峰居委会	116.712946	23.398565	0	30	72	乡镇
440513110219	下寮村委会	116.312171	23.267735	1	80	100	政府机构
440512006004	楼下居委会	116.650724	23.280672	0	20	67	乡镇
440514109208	大陂村委会	116.287260	23.129859	0	30	72	村庄
440515105003	东桥居委会	116.865311	23.571037	0	18	66	乡镇
440515100201	渡头村委会	116.719660	23.497660	0	30	72	村庄
440514001223	陈禾陂村委会	116.387540	23.236801	0	30	58	UNKNOWN
440514104206	下桥村委会	116.362790	23.276800	0	30	72	村庄
440514101004	古埕居委会	116.609155	23.211819	1	80	100	政府机构
440513103209	东潮村委会	116.488770	23.360661	0	18	40	乡镇
440513110002	玉浦居委会	116.400800	23.459350	0	30	72	UNKNOWN
440513100002	城南居委会	116.614940	23.183137	0	25	70	乡镇
440515106208	鸿四村委会	116.872615	23.609248	0	20	41	乡镇
440507003015	蓝田居委会	116.748727	23.352003	0	25	55	乡镇
440511012013	二马居委会	116.674037	23.361873	0	40	58	乡镇
440523100232	宫前渔村	116.984627	23.436626	0	18	49	乡镇
440513106210	径脚村委会	116.422350	23.378162	0	18	66	乡镇
440515105218	东陇村委会	116.865311	23.571037	0	18	66	乡镇
440511011003	荣华居委会	116.672751	23.357790	0	40	72	乡镇
440514108205	四和村委会	116.429910	23.201310	1	80	100	政府机构
440515100221	涵吕村委会	116.726072	23.519601	0	25	47	乡镇
440511016007	蓬洲南居委会	116.651555	23.408109	1	80	97	UNKNOWN
440514001203	上家村委会	116.432641	23.246799	0	20	67	乡镇
440511006007	桂馥居委会	116.680275	23.358857	0	40	58	乡镇
440513110239	涂寨村委会	116.398403	23.456212	0	18	66	乡镇
440514109228	后蔡村委会	116.327100	23.150878	0	18	66	乡镇
440513107006	仙彭居委会	116.363795	23.301617	1	80	100	政府机构
440507004011	东新居委会	116.747537	23.386520	1	80	100	政府机构
440513101202	华东村委会	116.550380	23.322750	0	25	70	乡镇
440514001215	上西沟村委会	116.402820	23.240510	1	80	100	政府机构
440511016011	山兜居委会	116.670870	23.423720	0	30	72	UNKNOWN
440511005001	福长居委会	116.689628	23.355686	0	30	58	乡镇
440507004007	金凤居委会	116.703433	23.382908	1	80	100	政府机构
440511015001	天港居委会	116.626710	23.378801	0	30	72	UNKNOWN
440514112219	田三村委会	116.522694	23.162298	0	18	40	乡镇
440511002005	金丰居委会	116.695313	23.377449	1	80	100	政府机构
440523102219	后兰村	117.122410	23.434800	0	30	100	村庄
440511012005	火车头居委会	116.674037	23.361873	0	40	58	乡镇
440513103004	波美居委会	116.493920	23.383701	1	80	97	生活服务
440513106206	仙地村委会	116.422350	23.378162	0	18	40	乡镇
440513108218	华岐村委会	116.424181	23.307660	0	20	41	乡镇
440514101209	诗家村委会	116.569726	23.185228	0	20	41	乡镇
440511001015	滨港居委会	116.723258	23.360120	0	25	70	乡镇
440515102226	北湾村委会	116.813500	23.482790	0	30	72	村庄
440513001009	旷园居委会	116.592860	23.257016	0	60	87	UNKNOWN
440507005006	龙美居委会	116.706020	23.433640	1	80	100	政府机构
440515002001	埔美居委会	116.771709	23.472951	1	80	100	政府机构
440513103213	兴平村委会	116.488770	23.360661	0	18	40	乡镇
440507008008	夏桂埔居委会	116.728790	23.392259	1	90	100	政府机构
440511007010	潮汕路居委会	116.682727	23.369799	1	80	100	政府机构
440513110203	新陈村委会	116.398403	23.456212	0	18	66	乡镇
440515001011	仙居居委会	116.783305	23.462163	1	80	100	政府机构
440514109212	潘岱村委会	116.327100	23.150878	0	18	40	乡镇
440513100203	坑尾村委会	116.654770	23.212850	1	80	100	政府机构
440507001012	南湖居委会	116.724190	23.373050	1	80	100	政府机构
440514110208	双新村委会	116.379290	23.072640	0	30	72	地产小区
440513102005	凤善居委会	116.482920	23.247480	1	80	100	政府机构
440513107207	渡头村委会	116.374950	23.293210	1	80	100	政府机构
440511013004	沟湖居委会	116.692876	23.399143	0	30	58	乡镇
440514001002	汕尾居委会	116.420295	23.253179	1	80	100	政府机构
440511003004	玫瑰园居委会	116.711531	23.372596	1	80	100	政府机构
440514108004	胪新居委会	116.450050	23.221650	1	80	100	政府机构
440513104217	下底村委会	116.365743	23.275256	1	80	100	政府机构
440507001004	金兴居委会	116.721195	23.365650	0	30	72	乡镇
440511010002	跃进居委会	116.672325	23.347436	0	30	72	乡镇
440515104219	西社村委会	116.847994	23.532563	0	18	66	乡镇
440513107211	山力村委会	116.353149	23.317646	0	40	56	UNKNOWN
440513102013	五和居委会	116.503870	23.216491	1	80	100	政府机构
440514112223	南阳村委会	116.538890	23.138189	0	30	72	村庄
440511003012	杏园东居委会	116.711567	23.370892	0	50	73	UNKNOWN
440515107209	西浦村委会	116.808896	23.591546	0	25	70	乡镇
440513104201	玉一村委会	116.459541	23.457610	0	18	40	乡镇
440513110242	华岗村委会	116.398403	23.456212	0	18	66	乡镇
440513108222	肖渡村委会	116.424181	23.307660	0	20	41	乡镇
440507005010	金鸥居委会	116.719249	23.431917	0	25	55	乡镇
440515102230	南份村委会	116.824097	23.480494	0	20	67	乡镇
440513103205	西凤村委会	116.488770	23.360661	0	18	66	乡镇
440511007006	厦岭居委会	116.678813	23.373097	0	30	58	乡镇
440511017006	沟南居委会	116.676480	23.428251	0	30	72	UNKNOWN
440514109204	虎空村委会	116.327100	23.150878	0	18	66	乡镇
440515001007	东湖居委会	116.783043	23.467253	1	80	100	政府机构
440513110215	东坑村委会	116.378950	23.429510	0	30	72	村庄
440511017007	赤窖居委会	116.697893	23.409270	1	80	100	政府机构
440515001006	港口居委会	116.777297	23.450839	1	80	100	政府机构
440514109205	水美村委会	116.350864	23.136309	1	80	100	政府机构
440513110214	邹阳村委会	116.398403	23.456212	0	18	40	乡镇
440507005011	蔡社居委会	116.719150	23.444939	0	30	72	UNKNOWN
440513103204	东凤村委会	116.488770	23.360661	0	18	66	乡镇
440515107208	南塘村委会	116.797640	23.583670	0	30	72	村庄
440513108223	凤壶村委会	116.424181	23.307660	0	20	41	乡镇
440507001005	丹霞居委会	116.723563	23.363945	1	80	100	政府机构
440511010003	南海居委会	116.676099	23.353863	1	80	100	政府机构
440515104218	东社村委会	116.819330	23.544360	0	30	72	村庄
440513107210	山前村委会	116.364540	23.352220	0	30	72	村庄
440513102012	塘围居委会	116.486330	23.243370	0	30	72	UNKNOWN
440514112222	南埔村委会	116.530570	23.153979	0	30	72	村庄
440511013005	寨头居委会	116.690029	23.393274	1	80	100	政府机构
440514001003	东山居委会	116.432641	23.246799	0	20	67	乡镇
440511003005	百合园居委会	116.709511	23.371455	1	80	100	政府机构
440513104216	堂后村委会	116.459541	23.457610	0	18	66	乡镇
440507001013	练江居委会	116.721195	23.365650	0	30	72	乡镇
440514110209	鹅地村委会	116.392322	23.087577	0	18	40	乡镇
440513102004	和平居委会	116.486155	23.258280	1	80	100	政府机构
440507008009	龙腾社区居委会	116.740431	23.401186	0	30	72	乡镇
440511007011	新乡居委会	116.679489	23.373185	1	80	100	政府机构
440513110202	新林村委会	116.401830	23.441300	0	30	72	村庄
440514109213	苏明村委会	116.327100	23.150878	0	18	40	乡镇
440515001010	昆美居委会	116.786757	23.456301	1	80	100	政府机构
440513100202	新地村委会	116.648339	23.208474	1	80	100	政府机构
440515102227	东湾村委会	116.810420	23.476650	0	30	72	村庄
440513001008	双望居委会	116.598380	23.251380	0	30	72	UNKNOWN
440511014001	西堤居委会	116.667055	23.350763	1	80	100	政府机构
440507005007	草池居委会	116.706881	23.436425	1	80	97	休闲娱乐
440511004001	金苑居委会	116.713717	23.357880	1	80	100	政府机构
440513103212	店后村委会	116.488770	23.360661	0	18	66	乡镇
440513106207	深洋村委会	116.422350	23.378162	0	18	66	乡镇
440513108219	凤田村委会	116.424181	23.307660	0	20	67	乡镇
440523101208	云祥村委会	117.105690	23.407621	0	25	47	乡镇
440511001014	滨厦居委会	116.703321	23.357708	1	80	100	政府机构
440514112218	田一村委会	116.522694	23.162298	0	18	40	乡镇
440511002004	金华居委会	116.698019	23.373221	0	40	72	乡镇
440523102218	九溪澳村	117.130550	23.424450	0	30	100	村庄
440507003002	珠南居委会	116.744207	23.369321	1	80	100	政府机构
440511012004	享祠居委会	116.671577	23.360752	1	80	100	政府机构
440515003001	城西居委会	116.739437	23.472360	0	25	70	道路
440507004006	金津居委会	116.750371	23.385274	0	30	72	乡镇
440513101203	西陇村委会	116.691477	23.408322	1	80	100	政府机构
440513104001	关埠居委会	116.470271	23.434620	0	40	77	UNKNOWN
440514001214	沟头村委会	116.394680	23.247320	1	80	100	政府机构
440511016010	乐业居委会	116.650577	23.376296	0	20	50	乡镇
440513110238	广美村委会	116.398403	23.456212	0	18	66	乡镇
440513107007	龙港居委会	116.370563	23.306073	1	80	100	政府机构
440507004010	南碧埠居委会	116.742395	23.391952	1	80	100	政府机构
440511015016	双丰居委会	116.600250	23.421829	0	25	70	乡镇
440514108204	溪尾周村委会	116.520370	23.157520	0	30	72	UNKNOWN
440515100220	沙坝村委会	116.731760	23.534200	0	30	72	村庄
440511016006	蓬洲东居委会	116.656373	23.405283	1	80	97	UNKNOWN
440514001202	练南村委会	116.458840	23.257650	1	80	100	政府机构
440511006006	红亭居委会	116.680275	23.358857	0	40	58	乡镇
440513106211	官田村委会	116.422350	23.378162	0	18	66	乡镇
440515105219	南社村委会	116.819720	23.543630	0	30	72	村庄
440511011002	福祥居委会	116.672751	23.357790	0	40	72	乡镇
440511001002	新陵居委会	116.698589	23.356240	1	80	100	政府机构
440513110003	金溪居委会	116.398403	23.456212	0	18	66	乡镇
440513100003	城北居委会	116.614940	23.183137	0	25	70	乡镇
440507003014	世贸居委会	116.748727	23.352003	0	25	55	乡镇
440511012012	焕金居委会	116.674547	23.362928	1	80	100	政府机构
440523100233	宫前农村	117.031919	23.424893	0	30	100	村庄
440515105002	中兴居委会	116.865311	23.571037	0	18	66	乡镇
440514001222	西港村委会	116.425330	23.230650	1	80	100	政府机构
440514104207	下美村委会	116.377719	23.264416	0	25	70	乡镇
440513103208	陂头村委会	116.488770	23.360661	0	18	66	乡镇
440513002002	平西居委会	116.600975	23.268654	1	80	97	UNKNOWN
440512006005	肚桥居委会	116.659773	23.294841	0	30	72	道路
440513110218	官安村委会	116.398403	23.456212	0	18	40	乡镇
440515104214	外蚁村委会	116.810433	23.536112	1	70	88	UNKNOWN
440507001009	玉湖居委会	116.722283	23.374651	1	80	100	政府机构
440512001001	濠滨居委会	116.727927	23.287259	0	20	67	乡镇
440514110213	麻埔村委会	116.392322	23.087577	0	18	66	乡镇
440515107204	溪西村委会	116.801390	23.569051	0	30	72	村庄
440514106001	墙新居委会	116.367249	23.221131	0	60	87	UNKNOWN
440514103203	西岐村委会	116.473130	23.194949	1	80	100	政府机构
440507100203	大衙村委会	116.736072	23.448663	0	18	40	乡镇
440523100205	前埔埕村委会	116.984627	23.436626	0	18	35	乡镇
440507003022	丰华社区居委会	116.748727	23.352003	0	25	70	乡镇
440515104202	梅洲村委会	116.847994	23.532563	0	18	66	乡镇
440513102008	新龙居委会	116.478000	23.210899	1	80	100	政府机构
440514110205	茶园村委会	116.413800	23.080070	0	30	72	村庄
440514105007	溪口居委会	116.329590	23.272551	1	80	100	政府机构
440511003009	东福居委会	116.709703	23.373148	0	40	58	乡镇
440511013009	西陇居委会	116.692876	23.399143	0	30	72	乡镇
440515107212	梅陇村委会	116.780483	23.549707	1	80	100	政府机构
440507100215	华新村委会	116.746010	23.417640	1	80	100	政府机构
440512002007	凤岗居委会	116.716629	23.271233	0	25	70	乡镇
440513001004	西双居委会	116.599179	23.258744	0	50	82	UNKNOWN
440515100216	山边村委会	116.733560	23.510770	0	30	72	村庄
440513108002	铜钵盂居委会	116.429963	23.283999	0	50	82	UNKNOWN
440512005003	钱塘居委会	116.689390	23.248867	0	30	72	村庄
440514104211	美西村委会	116.377719	23.264416	0	25	70	乡镇
440507008005	祥和居委会	116.720025	23.410125	1	80	100	政府机构
440507004026	充耀社区居委会	116.750371	23.385274	0	30	72	乡镇
440511009003	浮西居委会	116.704550	23.394530	0	30	72	UNKNOWN
440515103206	南徽村委会	116.756000	23.466000	0	16	30	区县
440514112003	浩溪居委会	116.507263	23.175012	1	80	100	政府机构
440514107201	利陂村委会	116.302016	23.211370	0	20	41	乡镇
440512003006	松山居委会	116.695004	23.313779	0	18	66	乡镇
440514112214	北洋村委会	116.522694	23.162298	0	18	66	乡镇
440507101214	六份村委会	116.792674	23.384775	0	20	67	乡镇
440511002008	金韩居委会	116.691585	23.370824	1	80	100	政府机构
440523100229	龙地农村	116.984627	23.436626	0	18	49	乡镇
440514104006	司下居委会	116.367900	23.257440	1	80	100	政府机构
440514101204	平湖新村委会	116.577170	23.209430	0	30	72	地产小区
440513108215	洋美村委会	116.424181	23.307660	0	20	67	乡镇
440515105203	新陇村委会	116.865311	23.571037	0	18	40	乡镇
440523101204	南台村委会	117.105690	23.407621	0	25	55	乡镇
440514103002	田中央居委会	116.484070	23.179469	1	80	100	政府机构
440515102207	新寮村委会	116.824097	23.480494	0	20	67	乡镇
440514001218	溪心村委会	116.432641	23.246799	0	20	67	乡镇
440514105210	流仙村委会	116.326310	23.274282	0	20	41	乡镇
440512004002	埭头居委会	116.763301	23.268129	1	80	100	政府机构
440513110222	大联村委会	116.420370	23.449500	0	30	72	村庄
440513103224	乌岩村委会	116.488770	23.360661	0	18	66	乡镇
440514108208	新民村委会	116.458340	23.196030	0	30	72	村庄
440512007004	黎明居委会	116.727000	23.285600	0	16	38	区县
440514106216	仙斗村委会	116.415618	23.191153	1	80	100	政府机构
440513003003	新华居委会	116.602307	23.249582	1	80	100	政府机构
440515102211	槐泽村委会	116.824097	23.480494	0	20	41	乡镇
440514109225	中村村委会	116.327100	23.150878	0	18	49	乡镇
440513110234	河下村委会	116.397660	23.484040	0	30	72	村庄
440515101201	东山村委会	116.781140	23.569780	0	30	72	村庄
440507101202	上头合村委会	116.792674	23.384775	0	20	36	乡镇
440514112202	合力村委会	116.506320	23.193300	1	80	100	政府机构
440512003010	珠浦居委会	116.690063	23.291056	1	80	100	政府机构
440523102202	海滨村委会	117.098790	23.454340	0	30	72	村庄
440507003018	春晖居委会	116.748727	23.352003	0	25	70	乡镇
440515106205	鸿一村委会	116.872615	23.609248	0	20	41	乡镇
440513108203	屿南村委会	116.424181	23.307660	0	20	50	乡镇
440514104204	华里西村委会	116.377719	23.264416	0	25	47	乡镇
440514001221	东沟村委会	116.407670	23.241509	0	30	72	村庄
440515105001	西园居委会	116.865311	23.571037	0	18	66	乡镇
440515100203	南界村委会	116.726072	23.519601	0	25	70	乡镇
440515001009	信宁居委会	116.787067	23.460752	1	80	100	政府机构
440511007008	西港居委会	116.703000	23.366100	0	18	40	区县
440511017008	华新城居委会	116.684771	23.405149	0	50	82	地产小区
440513002001	平南居委会	116.598341	23.268654	1	80	100	政府机构
440512001002	达濠居委会	116.723255	23.282985	1	80	100	政府机构
440515104217	云英村委会	116.847994	23.532563	0	18	40	乡镇
440514106002	美林居委会	116.386798	23.193750	0	18	66	乡镇
440515107207	雅道村委会	116.790080	23.583221	0	60	80	UNKNOWN
440514105004	湖西居委会	116.326310	23.274282	0	20	67	乡镇
440513107209	浮山村委会	116.379840	23.358391	0	30	72	村庄
440507003021	胜利社区居委会	116.748727	23.352003	0	25	70	乡镇
440515104201	董坑村委会	116.774880	23.551010	0	30	72	村庄
440523100206	光明村委会	117.031860	23.420670	0	30	72	村庄
440512002004	海光居委会	116.717455	23.272782	1	80	100	政府机构
440507100216	仁和里村委会	116.736072	23.448663	0	18	66	乡镇
440515107211	后浦村委会	116.808896	23.591546	0	25	70	乡镇
440513108001	胜前居委会	116.435910	23.285711	0	60	87	UNKNOWN
440514104212	港美村委会	116.391460	23.270971	1	80	100	政府机构
440507005008	金洲居委会	116.719249	23.431917	0	25	70	乡镇
440513001007	西门居委会	116.594015	23.260862	1	80	100	政府机构
440515100215	东林美村委会	116.726072	23.519601	0	25	43	乡镇
440515102228	海后村委会	116.824097	23.480494	0	20	41	乡镇
440514107202	梅径村委会	116.302016	23.211370	0	20	41	乡镇
440507004025	凤凰社区居委会	116.750371	23.385274	0	30	72	乡镇
440515103205	上巷村委会	116.796632	23.514058	0	18	66	乡镇
440507008006	衡山居委会	116.740431	23.401186	0	30	72	乡镇
440523102217	吴平寨村	117.111420	23.473651	0	30	100	村庄
440514112217	望上村委会	116.531540	23.169779	0	30	72	村庄
440512003005	磊口居委会	116.652820	23.315730	0	30	72	UNKNOWN
440513106208	屯内村委会	116.422350	23.378162	0	18	40	乡镇
440514104005	长陇居委会	116.348980	23.252040	0	30	72	UNKNOWN
440513108216	草尾村委会	116.424181	23.307660	0	20	67	乡镇
440515102204	下村村委会	116.792931	23.495216	1	80	100	政府机构
440511008001	北墩居委会	116.701420	23.387430	0	50	82	UNKNOWN
440514106203	禾皋村委会	116.386798	23.193750	0	18	40	乡镇
440514103001	溪东居委会	116.445740	23.148522	0	18	66	乡镇
440515101214	前美村委会	116.742283	23.559534	0	50	73	UNKNOWN
440507004009	金泰居委会	116.751179	23.383189	1	80	100	政府机构
440514105213	洋新村委会	116.331040	23.292981	0	30	72	地产小区
440512004001	东湖居委会	116.765017	23.284488	1	80	100	政府机构
440513110221	金沟村委会	116.429370	23.454360	0	30	72	村庄
440511016009	蓬洲北居委会	116.658660	23.410230	1	80	97	UNKNOWN
440515102212	槐东村委会	116.824097	23.480494	0	20	41	乡镇
440514106215	凤华村委会	116.386798	23.193750	0	18	66	乡镇
440515101202	南溪村委会	116.757761	23.565806	0	20	67	乡镇
440513110237	人家头村委会	116.364253	23.254096	1	80	100	政府机构
440513107008	联堤居委会	116.372089	23.342006	1	80	100	政府机构
440514109226	老村村委会	116.413967	23.189540	1	80	100	政府机构
440515106206	鸿二村委会	116.872615	23.609248	0	20	41	乡镇
440523102201	金山村委会	117.100100	23.450060	0	30	72	村庄
440512003013	茂北居委会	116.695004	23.313779	0	18	66	乡镇
440514107003	老五乡居委会	116.303510	23.239569	0	30	72	村庄
440507101201	北中村委会	116.771480	23.413760	1	80	100	政府机构
440514112201	珠埕村委会	116.522694	23.162298	0	18	40	乡镇
440515105216	西洋村委会	116.865311	23.571037	0	18	66	乡镇
440523101211	东澳村	117.123630	23.401480	0	30	100	村庄
440514101211	陇尾村委会	116.544077	23.177518	1	80	100	政府机构
440513104223	巷内村委会	116.481579	23.492795	1	80	100	政府机构
440513110217	徐寮村委会	116.363219	23.409686	1	80	100	政府机构
440515001005	南门居委会	116.826500	23.437771	0	18	66	道路
440514109206	林招村委会	116.327100	23.150878	0	18	40	乡镇
440511017004	月浦居委会	116.686857	23.418672	1	80	100	政府机构
440511007004	大学路上居委会	116.664776	23.388007	0	30	72	道路
440514104208	港洲村委会	116.381520	23.274311	0	30	72	村庄
440513103207	泉塘村委会	116.492040	23.394500	1	80	100	政府机构
440513106005	新兴居委会	116.422350	23.378162	0	18	66	乡镇
440507005012	旦家园居委会	116.719249	23.431917	0	25	55	乡镇
440513108220	新岐村委会	116.424181	23.307660	0	20	41	乡镇
440513101001	河溪居委会	116.550380	23.322750	0	25	70	乡镇
440513104203	玉山村委会	116.504750	23.416190	0	30	72	村庄
440513110240	仙阳村委会	116.398403	23.456212	0	18	66	乡镇
440511013010	岐山居委会	116.692876	23.399143	0	30	72	乡镇
440511003010	杏园居委会	116.709703	23.373148	0	40	72	乡镇
440513107213	玉窖村委会	116.374574	23.346754	0	18	40	乡镇
440513102011	里美居委会	116.476400	23.233350	1	80	100	政府机构
440514112221	华林村委会	116.522694	23.162298	0	18	66	乡镇
440507001006	丹苑居委会	116.719971	23.363186	1	80	100	政府机构
440513104215	埔上村委会	116.459541	23.457610	0	18	66	乡镇
440511003006	月季园居委会	116.709703	23.373148	0	40	72	乡镇
440515105220	龙潭村委会	116.789400	23.557750	0	30	72	村庄
440511013006	大路居委会	116.697797	23.396828	1	80	100	政府机构
440513102007	下厝居委会	116.485119	23.215327	1	80	100	政府机构
440513107205	仙马村委会	116.374574	23.346754	0	18	40	乡镇
440514105008	溪北居委会	116.323840	23.286931	0	30	72	UNKNOWN
440507001010	碧湖居委会	116.720955	23.371481	1	80	100	政府机构
440514109210	大溪坝村委会	116.327100	23.150878	0	18	66	乡镇
440515001013	洲畔居委会	116.812204	23.426758	1	90	100	政府机构
440513100201	洪洞村委会	116.651790	23.204110	1	80	100	政府机构
440513110201	竹桥村委会	116.398403	23.456212	0	18	66	乡镇
440511007012	光华居委会（无人口）	116.703000	23.366100	0	18	40	区县
440515002003	内陇居委会	116.763910	23.497330	1	80	100	政府机构
440513103211	洋文村委会	116.469060	23.387340	1	80	100	政府机构
440511004002	聚龙居委会	116.711978	23.354864	0	30	72	地产小区
440515102224	窖西村委会	116.824097	23.480494	0	20	41	乡镇
440511014002	德志居委会	116.703000	23.366100	0	18	40	区县
440507005004	吉贝居委会	116.708250	23.419199	1	80	100	政府机构
440513106204	案前村委会	116.422350	23.378162	0	18	66	乡镇
440507003001	珠东居委会	116.750761	23.370870	1	80	100	政府机构
440515104221	北社村委会	116.847994	23.532563	0	18	66	乡镇
440523100226	山顶渔村	117.032340	23.416270	0	30	100	村庄
440511002007	南门居委会	116.698019	23.373221	0	40	72	乡镇
440507004005	金龙居委会	116.750371	23.385274	0	30	72	乡镇
440511015003	大场居委会	116.624280	23.388941	0	30	72	UNKNOWN
440511005003	迎春居委会	116.689628	23.355686	0	30	72	乡镇
440515003002	西门居委会	116.764207	23.464454	1	80	100	政府机构
440511016013	溪东居委会	116.656445	23.402893	1	80	100	政府机构
440515102208	建阳村委会	116.788762	23.491619	1	90	100	政府机构
440514001217	莲青村委会	116.401520	23.224370	1	80	100	政府机构
440513104002	桥东居委会	116.459541	23.457610	0	18	66	乡镇
440514108211	后安村委会	116.461652	23.176171	0	18	66	乡镇
440507004013	东和居委会	116.740587	23.386231	1	80	100	政府机构
440511015015	新辽居委会	116.591815	23.422794	1	80	100	政府机构
440513107004	北林居委会	116.353149	23.317646	0	40	65	UNKNOWN
440514105209	港后村委会	116.339840	23.287230	1	80	100	政府机构
440514001201	下东埔村委会	116.432641	23.246799	0	20	50	乡镇
440511006005	永同居委会	116.680275	23.358857	0	40	72	乡镇
440515100223	云乔村委会	116.726072	23.519601	0	25	47	乡镇
440511016005	云露居委会	116.646015	23.402993	1	80	100	政府机构
440514108207	新中村委会	116.453576	23.192287	1	80	100	政府机构
440511001001	新湖居委会	116.723258	23.360120	0	25	70	乡镇
440511011001	金凤居委会	116.703433	23.382908	1	80	100	政府机构
440513106212	乌窖村委会	116.422350	23.378162	0	18	40	乡镇
440523100230	港畔渔村	116.984627	23.436626	0	18	49	乡镇
440507003017	金晖居委会	116.743773	23.361063	1	80	100	政府机构
440511012011	振兴居委会	116.674037	23.361873	0	40	72	乡镇
440511002010	金新居委会	116.701788	23.368602	1	80	100	政府机构
440523100231	港畔农村	116.984627	23.436626	0	18	49	乡镇
440507003016	丰泽居委会	116.748727	23.352003	0	25	70	乡镇
440513100001	和睦居委会	116.623685	23.194274	1	80	100	政府机构
440513110001	金玉居委会	116.397199	23.455239	0	50	82	UNKNOWN
440513106213	沟南村委会	116.392100	23.372791	0	30	72	村庄
440511006004	福明居委会	116.680275	23.358857	0	40	72	乡镇
440515100222	下溪东村委会	116.726072	23.519601	0	25	70	乡镇
440511016004	木坑居委会	116.646650	23.400680	1	80	100	政府机构
440514108206	新联村委会	116.449120	23.193141	1	80	100	政府机构
440507004012	佳和居委会	116.744323	23.384623	1	80	100	政府机构
440511015014	福岛居委会	116.585915	23.422432	1	80	97	UNKNOWN
440513107005	华美居委会	116.350889	23.314084	1	80	100	政府机构
440514105208	范溪村委会	116.326310	23.274282	0	20	41	乡镇
440511016012	举登居委会	116.670595	23.410219	1	80	97	UNKNOWN
440515102209	许厝村委会	116.824097	23.480494	0	20	67	乡镇
440514001216	上东埔村委会	116.432641	23.246799	0	20	50	乡镇
440513101201	湖东村委会	116.550380	23.322750	0	25	70	乡镇
440513104003	福仓居委会	116.464267	23.430506	1	80	100	政府机构
440514108210	五丰村委会	116.461652	23.176171	0	18	66	乡镇
440507004004	东龙居委会	116.709327	23.364716	1	80	100	政府机构
440511015002	玉井居委会	116.642040	23.386620	0	60	87	UNKNOWN
440511005002	竟长居委会	116.689628	23.355686	0	30	58	乡镇
440515003003	岭亭居委会	116.761124	23.456407	0	25	70	旅游景点
440515104220	南社村委会	116.819720	23.543630	0	30	72	村庄
440523100227	山顶农村	116.984627	23.436626	0	18	49	乡镇
440511002006	西门居委会	116.696323	23.371192	1	80	100	政府机构
440512003008	澳头居委会	116.734943	23.315213	1	80	100	政府机构
440513106205	石光村委会	116.417077	23.394640	1	80	100	政府机构
440515002002	北陇居委会	116.761460	23.502950	0	30	72	UNKNOWN
440513103210	竹岭村委会	116.488770	23.360661	0	18	66	乡镇
440511004003	金环居委会	116.714333	23.364642	1	80	100	政府机构
440515100218	菊池村委会	116.716831	23.508848	1	80	100	政府机构
440515102225	南湾村委会	116.824097	23.480494	0	20	67	乡镇
440511014003	新潮居委会	116.665505	23.352057	0	40	72	乡镇
440507005005	万石居委会	116.719249	23.431917	0	25	70	乡镇
440515001012	南港居委会	116.826500	23.437771	0	18	66	道路
440514109211	迭石村委会	116.417949	23.172838	1	80	100	政府机构
440511007013	翠堤湾居委会	116.684421	23.371152	0	50	82	地产小区
440515103208	里美村委会	116.756000	23.466000	0	16	30	区县
440513102006	凤皋居委会	116.484460	23.248290	0	30	72	UNKNOWN
440513107204	凤港村委会	116.374574	23.346754	0	18	40	乡镇
440514105009	美南居委会	116.319640	23.280761	1	80	100	政府机构
440507001011	金海居委会	116.721195	23.365650	0	30	72	乡镇
440514001001	峡山居委会	116.434223	23.247076	0	40	77	UNKNOWN
440511003007	石榴园居委会	116.706746	23.378152	1	70	92	地产小区
440511013007	马西居委会	116.694061	23.399971	1	80	100	政府机构
440513107212	西美村委会	116.374574	23.346754	0	18	66	乡镇
440513102010	白石居委会	116.501029	23.255549	1	80	100	政府机构
440514112220	田四村委会	116.522694	23.162298	0	18	66	乡镇
440507001007	碧霞居委会	116.722593	23.358980	1	80	100	政府机构
440511010001	利安居委会	116.680203	23.353361	1	80	100	政府机构
440513108221	市上村委会	116.424181	23.307660	0	20	67	乡镇
440513104202	玉二村委会	116.459541	23.457610	0	18	40	乡镇
440513110241	新庙村委会	116.382000	23.496661	0	30	72	村庄
440511003011	牡丹园居委会	116.709722	23.372839	1	70	92	地产小区
440514104209	仙港村委会	116.377719	23.264416	0	25	47	乡镇
440513103206	南凤村委会	116.515010	23.392490	1	80	100	政府机构
440513106004	仙坡居委会	116.422350	23.378162	0	18	49	乡镇
440507005013	铁洲居委会	116.727301	23.442102	1	70	92	UNKNOWN
440513110216	芦塘村委会	116.374159	23.421324	1	80	100	政府机构
440514109207	高桂村委会	116.327100	23.150878	0	18	66	乡镇
440515001004	东门居委会	116.776843	23.462185	1	80	100	政府机构
440511017005	湖头居委会	116.681622	23.419383	0	25	70	乡镇
440515105217	石头坑村委会	116.865311	23.571037	0	18	66	乡镇
440523101210	荖园村	117.113060	23.405720	0	30	100	村庄
440513108201	树香村委会	116.424181	23.307660	0	20	41	乡镇
440514101210	双山村委会	116.534360	23.165769	1	80	100	政府机构
440513104222	河腰村委会	116.459541	23.457610	0	18	40	乡镇
440515106207	鸿三村委会	116.872615	23.609248	0	20	41	乡镇
440512003012	葛朱居委会	116.699991	23.280134	1	80	97	UNKNOWN
440514107002	深溪居委会	116.313047	23.216130	1	80	100	政府机构
440515101203	上西村委会	116.769120	23.573320	0	30	72	村庄
440513110236	新基洋村委会	116.398403	23.456212	0	18	35	乡镇
440514105204	新溪西村委会	116.303340	23.262129	0	30	72	村庄
440514109227	峰厝村委会	116.327100	23.150878	0	18	40	乡镇
440513003001	新宫居委会	116.607205	23.246384	1	80	100	政府机构
440511016008	蓬洲西居委会	116.652730	23.410669	1	80	100	政府机构
440515102213	立德村委会	116.783889	23.495620	1	80	100	政府机构
440512007006	下衙居委会	116.691903	23.265764	1	80	100	政府机构
440514106214	鹤联村委会	116.386798	23.193750	0	18	66	乡镇
440507004008	珠津居委会	116.754683	23.387068	1	80	97	政府机构
440513110220	波头村委会	116.398403	23.456212	0	18	40	乡镇
440515102205	沟内村委会	116.856395	23.556126	1	80	100	政府机构
440514106202	后洋村委会	116.383720	23.224461	1	80	100	政府机构
440523101206	云星村委会	117.105690	23.407621	0	25	70	乡镇
440515105201	北联村委会	116.830930	23.573249	0	30	72	村庄
440513106209	莲塘村委会	116.432780	23.378030	0	30	72	村庄
440514104004	蔡沟居委会	116.368095	23.239772	1	80	100	政府机构
440514101206	新明村委会	116.569726	23.185228	0	20	67	乡镇
440513108217	桶盘村委会	116.424181	23.307660	0	20	41	乡镇
440523102216	三澳村	117.107820	23.466531	0	30	100	村庄
440514112216	东华村委会	116.522694	23.162298	0	18	66	乡镇
440507101216	六合村委会	116.789159	23.400702	1	80	100	政府机构
440512003004	红星居委会	116.688193	23.322824	1	80	100	政府机构
440514107203	东浮山村委会	116.302016	23.211370	0	20	41	乡镇
440507101001	新合居委会	116.792674	23.384775	0	20	67	乡镇
440514112001	东仙居委会	116.501160	23.180660	1	80	100	政府机构
440511009001	杜鹃居委会	116.712946	23.398565	0	30	72	乡镇
440507004024	香域水岸社区居委会	116.765452	23.379132	0	50	82	地产小区
440515103204	兰苑村委会	116.796632	23.514058	0	18	40	乡镇
440507008007	周厝温居委会	116.745213	23.399131	1	80	100	政府机构
440523102001	榴城居委会	117.110723	23.458797	0	25	70	乡镇
440512005001	华新居委会	116.695507	23.266267	1	80	100	政府机构
440514104213	下方村委会	116.377719	23.264416	0	25	70	乡镇
440507005009	延陵居委会	116.707551	23.433920	1	80	100	政府机构
440513001006	桃园居委会	116.613937	23.252567	1	80	100	政府机构
440513004204	梅东村委会	116.546557	23.258458	0	20	41	乡镇
440515102229	北村村委会	116.821407	23.480437	1	80	100	政府机构
440512002005	海明居委会	116.716629	23.271233	0	25	55	乡镇
440507100217	五香溪村委会	116.789453	23.430897	1	80	95	UNKNOWN
440515107210	上墩村委会	116.808896	23.591546	0	25	70	乡镇
440514105005	定安居委会	116.326310	23.274282	0	20	50	乡镇
440513107208	坑仔村委会	116.374574	23.346754	0	18	66	乡镇
440514110207	洋坑村委会	116.412720	23.090970	0	30	72	村庄
440507003020	南山社区居委会	116.748727	23.352003	0	25	70	乡镇
440507100201	凤窖村委会	116.741727	23.438108	0	50	73	UNKNOWN
440514106003	两英居委会	116.365245	23.211938	0	40	77	UNKNOWN
440514103201	简朴村委会	116.445740	23.148522	0	18	40	乡镇
440515107206	隆北村委会	116.808896	23.591546	0	25	70	乡镇
440514110211	济美村委会	116.348531	23.090386	1	80	100	政府机构
440512001003	达埠居委会	116.727927	23.287259	0	20	67	乡镇
440515104216	银北村委会	116.817360	23.541000	0	30	72	村庄
440515001008	外埔居委会	116.796633	23.460092	1	80	100	政府机构
440511007009	杏花居委会	116.680271	23.365500	1	80	100	政府机构
440514104205	上底村委会	116.377719	23.264416	0	25	47	乡镇
440514001220	英大埔村委会	116.404497	23.217865	1	80	100	政府机构
440515100202	下陈村委会	116.714353	23.514433	1	80	100	政府机构
440513001010	古帅居委会	116.583851	23.250680	1	80	100	政府机构
440515001003	环东居委会	116.777491	23.468568	1	80	100	政府机构
440513110211	柳岗村委会	116.398403	23.456212	0	18	40	乡镇
440511007002	建华居委会	116.678813	23.373097	0	30	72	乡镇
440513106003	华光居委会	116.422350	23.378162	0	18	66	乡镇
440513103201	海田村委会	116.488770	23.360661	0	18	66	乡镇
440515002013	益盛居委会	116.754525	23.492786	0	25	55	乡镇
440507005014	新地居委会	116.719249	23.431917	0	25	70	乡镇
440515100209	东林头村委会	116.732053	23.538825	1	80	100	政府机构
440513104205	新红村委会	116.495090	23.417420	0	30	72	村庄
440514106008	新厝居委会	116.367700	23.207820	1	80	100	政府机构
440514001010	桃陈居委会	116.426040	23.235260	1	80	100	政府机构
440513102017	临昆上居委会	116.459075	23.280708	0	30	72	村庄
440513107215	山联村委会	116.353149	23.317646	0	40	56	UNKNOWN
440512001008	青盐居委会	116.727927	23.287259	0	20	67	乡镇
440511010006	德安居委会	116.672325	23.347436	0	30	72	乡镇
440514001006	桃溪居委会	116.432641	23.246799	0	20	67	乡镇
440513107203	凤新村委会	116.414897	23.193430	1	80	100	政府机构
440513102001	中寨居委会	116.474263	23.250831	1	80	100	政府机构
440514107208	七陂村委会	116.302016	23.211370	0	20	36	乡镇
440513110207	宫山村委会	116.372624	23.455762	1	80	100	政府机构
440515001015	涂池居委会	116.829634	23.433383	1	90	100	政府机构
440515002005	龙坑居委会	116.746847	23.500125	0	30	72	村庄
440515102222	东前溪村委会	116.757490	23.516480	0	30	72	村庄
440507005002	鸥下居委会	116.709955	23.406977	1	80	100	政府机构
440511014004	海平居委会	116.666007	23.352688	1	80	100	政府机构
440511004004	东龙居委会	116.709327	23.364716	1	80	100	政府机构
440511001011	长厦居委会	116.723258	23.360120	0	25	70	乡镇
440513106202	新寮村委会	116.386021	23.496863	1	80	100	政府机构
440523100220	羊屿村委会	117.045310	23.443471	0	30	58	村庄
440511002001	北门居委会	116.698019	23.373221	0	40	72	乡镇
440507003007	丹华居委会	116.727571	23.357865	1	80	100	政府机构
440513100010	东门居委会	116.614940	23.183137	0	25	70	乡镇
440514109001	苏林居委会	116.320210	23.111710	0	25	70	村庄
440511005005	华坞居委会	116.691721	23.364288	1	80	100	政府机构
440511015005	大井居委会	116.635005	23.375779	1	80	100	政府机构
440507004003	高埕居委会	116.758100	23.394090	0	30	72	UNKNOWN
440515003004	美埭居委会	116.767085	23.452215	1	80	100	政府机构
440514001211	洋汾陈村委会	116.395075	23.252363	0	50	73	UNKNOWN
440511016015	港美居委会	116.659075	23.408535	1	75	95	UNKNOWN
440513104004	港底居委会	116.460430	23.435150	0	30	72	UNKNOWN
440513101206	上坑村委会	116.539940	23.297060	0	30	72	村庄
440514106209	秋风村委会	116.386798	23.193750	0	18	66	乡镇
440515101208	鹊巷村委会	116.757761	23.565806	0	20	41	乡镇
440511015013	莲光居委会	116.594357	23.414245	1	80	97	UNKNOWN
440507004015	绿茵居委会	116.731987	23.376482	1	80	100	政府机构
440513107002	南安居委会	116.353149	23.317646	0	40	65	UNKNOWN
440515102218	潜溪村委会	116.824097	23.480494	0	20	41	乡镇
440511016003	桥头居委会	116.655889	23.397699	1	80	100	政府机构
440514001207	东溪村委会	116.449550	23.266391	1	80	100	政府机构
440511006003	盐埕居委会	116.680275	23.358857	0	40	58	乡镇
440514108201	新庆村委会	116.456820	23.245190	1	80	100	政府机构
440513101210	中田村委会	116.550380	23.322750	0	25	70	乡镇
440515107221	下寨村委会	116.777143	23.506363	1	80	100	政府机构
440511011007	潮安居委会	116.672751	23.357790	0	40	58	乡镇
440511001007	平原居委会	116.697599	23.363141	1	80	100	政府机构
440513106214	后沟村委会	116.422350	23.378162	0	18	66	乡镇
440513104229	路内村委会	116.459541	23.457610	0	18	66	乡镇
440513100006	新德居委会	116.614940	23.183137	0	25	70	乡镇
440514104202	窖洋村委会	116.377719	23.264416	0	25	47	乡镇
440515100205	太蛟村委会	116.726072	23.519601	0	25	47	乡镇
440507005018	陈厝寨居委会	116.714420	23.437499	1	80	100	政府机构
440511009010	金禧居委会	116.712946	23.398565	0	30	58	乡镇
440513002007	棉田居委会	116.616241	23.299550	1	80	100	政府机构
440512001004	赤港居委会	116.727927	23.287259	0	20	50	乡镇
440514110216	龟山村委会	116.392322	23.087577	0	18	66	乡镇
440513107219	石夹村委会	116.374574	23.346754	0	18	66	乡镇
440515104211	下岱美村委会	116.797102	23.529699	0	60	80	UNKNOWN
440523100216	南光村委会	117.025703	23.425040	1	80	100	政府机构
440514103206	东盐村委会	116.445740	23.148522	0	18	35	乡镇
440514106004	陈库居委会	116.373125	23.222030	1	80	100	政府机构
440513104209	田东村委会	116.457301	23.433326	1	80	100	政府机构
440507100206	金洲村委会	116.745850	23.447171	1	80	100	政府机构
440515107201	隆南村委会	116.808896	23.591546	0	25	70	乡镇
440514105002	文光居委会	116.317010	23.255340	1	80	100	政府机构
440515104207	大新村委会	116.814570	23.553830	0	30	72	地产小区
440507100210	蓬中村委会	116.750531	23.432992	0	30	58	村庄
440513106222	新光村委会	116.409811	23.370639	1	80	100	政府机构
440512002002	和社居委会	116.712239	23.268351	1	80	97	UNKNOWN
440514106012	高堂居委会	116.373520	23.234430	1	80	100	政府机构
440514103210	千山村委会	116.445740	23.148522	0	18	66	乡镇
440515002009	华富居委会	116.754525	23.492786	0	25	70	乡镇
440512005006	上头居委会	116.674165	23.236845	1	80	100	政府机构
440511004008	滨海居委会	116.707309	23.355745	1	80	100	政府机构
440513004203	梅西村委会	116.546557	23.258458	0	20	67	乡镇
440513001001	文光居委会	116.317029	23.255606	1	80	100	政府机构
440515001019	北港居委会	116.846549	23.450297	1	80	100	政府机构
440514112006	溪西居委会	116.522694	23.162298	0	18	66	乡镇
440514107204	长春村委会	116.286000	23.218210	0	30	72	村庄
440507004023	华新社区居委会	116.750371	23.385274	0	30	72	乡镇
440515103203	竹林村委会	116.799600	23.513470	0	30	72	村庄
440515106001	港头居委会	116.872615	23.609248	0	20	67	乡镇
440523102211	走马埔村委会	117.110723	23.458797	0	25	70	乡镇
440512003003	红旗居委会	116.670899	23.326359	1	80	100	政府机构
440514112211	葫芦村委会	116.506563	23.151018	1	80	100	政府机构
440507101211	东南村委会	116.790450	23.393190	0	30	72	村庄
440515105206	头冲村委会	116.865311	23.571037	0	18	66	乡镇
440523101201	澳前村委会	117.105690	23.407621	0	25	47	乡镇
440514101201	和丰村委会	116.594380	23.213509	0	30	72	村庄
440514104003	大布下居委会	116.359390	23.252570	0	30	72	村庄
440513108210	李仙村委会	116.424181	23.307660	0	20	41	乡镇
440515102202	蔡寮村委会	116.824097	23.480494	0	20	41	乡镇
440511008007	金墩居委会	116.710253	23.385361	1	80	100	政府机构
440513003010	大南居委会	116.619451	23.240979	1	80	100	政府机构
440514106205	上小坑村委会	116.386798	23.193750	0	18	40	乡镇
440515101212	上北村委会	116.757761	23.565806	0	20	67	乡镇
440511015009	胜隆居委会	116.600250	23.421829	0	25	70	乡镇
440511005009	爱华居委会	116.689628	23.355686	0	30	72	乡镇
440514105215	洋老村委会	116.326310	23.274282	0	20	41	乡镇
440512004007	广澳居委会	116.786950	23.230850	0	30	72	UNKNOWN
440513110227	灶内村委会	116.398403	23.456212	0	18	40	乡镇
440515003008	下窖居委会	116.744180	23.464611	0	30	72	UNKNOWN
440513003006	口美居委会	116.602000	23.265000	0	16	38	区县
440515102214	槐南村委会	116.784610	23.495329	0	30	72	村庄
440513103221	尖山村委会	116.488720	23.335470	0	30	72	村庄
440512007001	燎原居委会	116.727000	23.285600	0	16	38	区县
440514106213	鹤丰村委会	116.386798	23.193750	0	18	40	乡镇
440523100001	城南居委会	116.984627	23.436626	0	18	66	乡镇
440507004019	紫云居委会	116.750371	23.385274	0	30	72	乡镇
440515101204	后沟村委会	116.757761	23.565806	0	20	67	乡镇
440514110001	双老居委会	116.376160	23.077190	0	30	72	UNKNOWN
440513110231	港内村委会	116.434881	23.268288	1	80	100	政府机构
440514105203	福潭村委会	116.326870	23.250870	1	80	100	政府机构
440523102207	六都村委会	117.110723	23.458797	0	25	70	乡镇
440507101207	下三合村委会	116.792674	23.384775	0	20	67	乡镇
440514112207	西湖村委会	116.492190	23.146850	0	30	72	村庄
440512003015	头村居委会	116.678723	23.298170	1	80	100	政府机构
440515105210	和洲村委会	116.865311	23.571037	0	18	40	乡镇
440513104225	巷口村委会	116.480350	23.493430	0	30	72	村庄
440513106218	头埔村委会	116.422350	23.378162	0	18	40	乡镇
440513108206	潮港村委会	116.387890	23.316300	1	80	100	政府机构
440515105211	南畔洲村委会	116.865311	23.571037	0	18	35	乡镇
440513106219	大坑村委会	116.432010	23.337510	0	30	72	村庄
440513104224	宅美村委会	116.459541	23.457610	0	18	66	乡镇
440513108207	岐美村委会	116.399790	23.309550	1	80	100	政府机构
440523102206	山岗村委会	117.137150	23.444290	0	30	72	村庄
440515106201	坛头村委会	116.872615	23.609248	0	20	67	乡镇
440507101206	中三合村委会	116.777160	23.394689	1	80	100	政府机构
440514112206	永安村委会	116.489257	23.155100	1	80	100	政府机构
440512003014	茂南居委会	116.695004	23.313779	0	18	49	乡镇
440507004018	丽东居委会	116.750371	23.385274	0	30	58	乡镇
440515101205	前沟村委会	116.757761	23.565806	0	20	67	乡镇
440513110230	溪路村委会	116.398403	23.456212	0	18	40	乡镇
440514105202	三合村委会	116.326310	23.274282	0	20	67	乡镇
440511008010	金兴社区居委会	116.699990	23.383820	0	25	70	乡镇
440513003007	五仙居委会	116.601065	23.245655	1	80	100	政府机构
440515102215	神洲村委会	116.824097	23.480494	0	20	41	乡镇
440513103220	里溪村委会	116.499440	23.321790	0	30	72	村庄
440514106212	东北村委会	116.394630	23.206090	0	30	72	村庄
440515101213	后溪村委会	116.739180	23.575221	0	30	72	村庄
440511015008	新隆居委会	116.600250	23.421829	0	25	70	乡镇
440511005008	康乐居委会	116.689628	23.355686	0	30	72	乡镇
440514105214	浮草村委会	116.326310	23.274282	0	20	41	乡镇
440513110226	沟头村委会	116.394680	23.247320	1	80	100	政府机构
440512004006	河渡居委会	116.754405	23.242839	1	80	100	政府机构
440515003009	华文居委会	116.753943	23.465001	1	80	100	政府机构
440515102203	上村村委会	116.824097	23.480494	0	20	67	乡镇
440511016018	红树湾居委会	116.655867	23.386247	0	30	72	村庄
440511008006	桃园居委会	116.699990	23.383820	0	25	70	乡镇
440513003011	凤北居委会	116.620230	23.236661	0	30	72	UNKNOWN
440514106204	下小坑村委会	116.386798	23.193750	0	18	66	乡镇
440515105207	塘西村委会	116.821920	23.569440	0	30	72	村庄
440514104002	大布上居委会	116.353285	23.242962	1	80	100	政府机构
440513108211	新桥村委会	116.422340	23.310330	1	80	100	政府机构
440513104232	三村村委会	116.459541	23.457610	0	18	66	乡镇
440512003002	红光居委会	116.695004	23.313779	0	18	66	乡镇
440514112210	大布洋村委会	116.503279	23.157049	1	80	100	政府机构
440507101210	十一合村委会	116.781602	23.377093	1	100	100	政府机构
440515001018	柴井居委会	116.840225	23.445417	1	80	100	政府机构
440514112007	华瑶居委会	116.498467	23.175140	1	80	100	政府机构
440514107205	榕堂村委会	116.302016	23.211370	0	20	41	乡镇
440507008001	洋滨居委会	116.717000	23.372000	0	16	38	区县
440511009007	葵花居委会	116.712946	23.398565	0	30	72	乡镇
440507004022	华晖居委会	116.750371	23.385274	0	30	58	乡镇
440515103202	涂城村委会	116.793388	23.521098	1	80	100	政府机构
440515002008	官湖居委会	116.757504	23.504226	1	90	100	政府机构
440512005007	里前居委会	116.677060	23.242320	0	30	72	UNKNOWN
440511004009	浔洄居委会	116.582900	23.326720	1	80	100	政府机构
440513004202	寨外村委会	116.546557	23.258458	0	20	67	乡镇
440515100212	湖心村委会	116.726072	23.519601	0	25	70	乡镇
440507100211	下蔡村委会	116.736072	23.448663	0	18	66	乡镇
440512002003	海星居委会	116.714975	23.269567	1	80	100	政府机构
440514106013	古溪居委会	116.382091	23.213055	1	80	100	政府机构
440514103211	后坪村委会	116.451913	23.102777	0	80	72	村庄
440515107216	碧砂村委会	116.808896	23.591546	0	25	47	乡镇
440514110201	东老村委会	116.392322	23.087577	0	18	66	乡镇
440514105003	柯围居委会	116.324040	23.261370	0	30	72	UNKNOWN
440523100201	北面村委会	116.984627	23.436626	0	18	40	乡镇
440515104206	仙市村委会	116.847994	23.532563	0	18	40	乡镇
440514103207	大寮村委会	116.445740	23.148522	0	18	66	乡镇
440514106005	古厝居委会	116.359870	23.204059	1	80	100	政府机构
440513104208	洋贝村委会	116.459541	23.457610	0	18	66	乡镇
440507100207	内陇村委会	116.761749	23.496043	1	80	100	政府机构
440512001005	赤隆居委会	116.731587	23.281619	1	80	100	政府机构
440514110217	松林村委会	116.392322	23.087577	0	18	66	乡镇
440513107218	湄洲村委会	116.341755	23.307767	1	80	100	政府机构
440515104210	上岱美村委会	116.800547	23.536490	0	50	73	UNKNOWN
440523100217	宫前盐村委会	117.028724	23.424769	1	80	100	政府机构
440512006001	河东居委会	116.659379	23.275978	1	80	100	政府机构
440511009011	金桐居委会	116.712946	23.398565	0	30	72	乡镇
440513002006	五二居委会	116.610443	23.277570	0	25	67	乡镇
440514101001	神山居委会	116.569726	23.185228	0	20	67	乡镇
440514104203	溪美朱村委会	116.352410	23.270310	0	30	51	村庄
440515100204	蔡厝村委会	116.726072	23.519601	0	25	70	乡镇
440523101001	云英居委会	117.105690	23.407621	0	25	55	乡镇
440507003010	中泰居委会	116.748727	23.352003	0	25	55	乡镇
440513100007	莲峰居委会	116.614969	23.185043	1	80	100	政府机构
440511011006	荣隆居委会	116.672751	23.357790	0	40	58	乡镇
440513104228	路外村委会	116.459541	23.457610	0	18	40	乡镇
440513106215	横山村委会	116.404060	23.361750	1	80	100	政府机构
440515102219	银溪村委会	116.824097	23.480494	0	20	67	乡镇
440511016002	夏趾居委会	116.647961	23.394400	1	80	100	政府机构
440514001206	陇美村委会	116.432641	23.246799	0	20	67	乡镇
440511006002	志成居委会	116.680275	23.358857	0	40	72	乡镇
440513101211	西田村委会	116.527815	23.354301	0	30	72	村庄
440515101209	福洋村委会	116.757761	23.565806	0	20	67	乡镇
440511015012	莲风居委会	116.592749	23.417735	1	80	100	政府机构
440507004014	南和居委会	116.750371	23.385274	0	30	58	乡镇
440511005012	葱陇居委会	116.693261	23.354710	1	75	95	地产小区
440513107003	东洋居委会	116.374850	23.344440	0	30	72	UNKNOWN
440513102201	练岗村委会	116.484742	23.254364	0	18	40	乡镇
440514001210	拱上村委会	116.432641	23.246799	0	20	67	乡镇
440511016014	金陇居委会	116.660211	23.405448	0	50	82	UNKNOWN
440513101207	东陇村委会	116.550380	23.322750	0	25	70	乡镇
440514106208	新寮门村委会	116.386798	23.193750	0	18	35	乡镇
440511005004	炽昌居委会	116.689628	23.355686	0	30	72	乡镇
440511015004	赖厝居委会	116.626535	23.394689	1	80	100	政府机构
440507004002	泽湖居委会	116.750371	23.385274	0	30	58	乡镇
440515003005	上埭居委会	116.754533	23.457300	0	40	77	UNKNOWN
440507003006	珠璋居委会	116.748727	23.352003	0	25	55	乡镇
440513100011	北门居委会	116.627880	23.200660	1	80	100	政府机构
440511001010	平东居委会	116.723258	23.360120	0	25	70	乡镇
440513106203	木丹坑村委会	116.420370	23.408050	0	30	72	村庄
440513103001	西一居委会	116.508445	23.379113	1	80	100	政府机构
440515002004	峰下居委会	116.759530	23.490010	0	30	72	村庄
440515102223	窖东村委会	116.760631	23.535701	1	80	100	政府机构
440507005003	西畔居委会	116.709510	23.412719	1	70	92	UNKNOWN
440511014005	永兴居委会	116.665505	23.352057	0	40	72	乡镇
440511004005	榕松居委会	116.711978	23.354864	0	30	72	地产小区
440514107209	波溪村委会	116.302016	23.211370	0	20	41	乡镇
440513110206	桥陈村委会	116.398403	23.456212	0	18	66	乡镇
440515001014	头份居委会	116.819653	23.429471	0	50	82	UNKNOWN
440514109217	审者村委会	116.327100	23.150878	0	18	40	乡镇
440513107202	泗美村委会	116.374574	23.346754	0	18	40	乡镇
440514108001	胪岗居委会	116.463953	23.220449	0	30	72	村庄
440513104212	桥头村委会	116.448280	23.458291	0	30	72	村庄
440511013001	下岐居委会	116.684565	23.387382	1	80	100	政府机构
440514001007	泗联居委会	116.432810	23.234430	0	30	72	村庄
440511003001	龙北居委会	116.709703	23.373148	0	40	72	乡镇
440513102016	光明居委会	116.484742	23.254364	0	18	66	乡镇
440513107214	新乡村委会	116.374574	23.346754	0	18	66	乡镇
440512001009	葛洲居委会	116.738155	23.306494	1	80	100	政府机构
440511010007	怀安居委会	116.674019	23.350822	1	80	100	政府机构
440507001001	金谷居委会	116.721195	23.365650	0	30	72	乡镇
440513104204	集德村委会	116.493733	23.414047	1	80	100	政府机构
440514106009	河浦居委会	116.358667	23.215944	1	80	100	政府机构
440514001011	义英居委会	116.426960	23.266740	0	30	72	UNKNOWN
440513106002	茂广居委会	116.406885	23.355299	1	80	100	政府机构
440515002012	益兴居委会	116.754525	23.492786	0	25	55	乡镇
440507005015	旧地居委会	116.728560	23.430060	0	30	72	UNKNOWN
440515100208	陇尾村委会	116.726072	23.519601	0	25	70	乡镇
440514109201	仙田村委会	116.327100	23.150878	0	18	66	乡镇
440515001002	城南居委会	116.826500	23.437771	0	18	66	道路
440513110210	鼓美村委会	116.398403	23.456212	0	18	40	乡镇
440511007003	明珠居委会	116.678813	23.373097	0	30	72	乡镇
