440784106208	泮坑村委会	112.870441	22.597029	1	80	100	政府机构
440705104219	塔岭村委会	112.999992	22.386866	0	16	65	乡镇
440783001020	东河社区居委会	112.690267	22.358300	1	80	100	政府机构
440784001210	楼冲村委会	112.983025	22.770089	1	80	100	政府机构
440784105218	南洞村委会	112.912395	22.647398	1	80	100	政府机构
440783116254	高龙村委会	112.601989	22.215636	1	80	100	政府机构
440703101003	新昌社区居委会	113.041593	22.663504	0	25	70	乡镇
440705107209	文楼村委会	113.117970	22.352569	0	30	72	村庄
440705109217	南镇村委会	113.157544	22.460977	0	25	70	乡镇
440704004216	七西村委会	113.147667	22.593623	1	80	97	政府机构
440783109230	塘联村委会	112.613925	22.327783	0	18	66	乡镇
440785001203	米仓村民委员会	112.316840	22.180940	1	90	95	政府机构
440703103205	井根村委会	113.088965	22.583909	0	25	47	乡镇
440785108205	大朗村民委员会	112.257798	22.078884	0	18	66	乡镇
440703006109	里村社区居委会	113.079540	22.590197	1	80	97	政府机构
440705001007	浐湾社区居委会	112.996976	22.499705	0	18	40	乡镇
440783103001	沙塘墟社区居委会	112.598363	22.438748	0	25	55	乡镇
440705101220	沿江村委会	112.884200	22.515700	0	30	72	村庄
440705108001	三江社区居委会	113.116254	22.448937	0	18	66	乡镇
440781001010	仓下社区居委会	112.802057	22.247563	1	80	97	政府机构
440703103213	上巷村委会	113.088965	22.583909	0	25	70	乡镇
440785001215	新楼村民委员会	112.316840	22.180940	1	90	95	政府机构
440783107238	大厂村委会	112.452400	22.495860	0	30	72	村庄
440783109226	树溪村委会	112.613925	22.327783	0	18	66	乡镇
440705001011	明翠社区居委会	112.996976	22.499705	0	18	40	乡镇
440781111221	五丰村委会	112.595454	21.831165	0	18	66	乡镇
440783104228	六合村委会	112.502187	22.442631	1	80	100	政府机构
440705108502	虎坑场	113.032000	22.458800	0	14	46	区县
440781001006	园田社区居委会	112.806015	22.253220	1	80	100	政府机构
440784001206	小范村委会	112.959906	22.756661	1	80	100	政府机构
440783116242	瓦片坑村委会	112.574228	22.115433	0	16	33	乡镇
440781109216	寻皇村委会	112.756080	22.050850	0	25	47	乡镇
440781107208	都阳村委会	112.943160	22.060449	0	25	47	乡镇
440783117003	东方红社区居委会	112.768859	22.448533	1	80	100	政府机构
440705109201	牛古田村委会	113.168299	22.521555	1	80	100	政府机构
440785101209	歇马村民委员会	112.364570	22.214331	0	30	72	村庄
440783002231	八一村委会	112.651250	22.362840	1	80	100	政府机构
440783117214	桥溪村委会	112.744230	22.400499	1	80	100	政府机构
440783115229	月明村委会	112.786949	22.132562	1	80	100	政府机构
440781109001	端芬圩居委会	112.756043	22.053521	1	80	100	政府机构
440783105229	梧村村委会	112.481759	22.525263	1	80	97	政府机构
440703101202	莲塘村委会	113.075400	22.621839	1	80	100	政府机构
440784001011	谷埠社区居民委员会	113.004167	22.787626	0	25	47	乡镇
440785109212	顺槎村民委员会	112.328970	22.175549	1	80	100	政府机构
440783108227	强亚村委会	112.571243	22.384577	0	18	40	乡镇
440703102212	唐溪村委会	113.112670	22.686689	1	80	100	政府机构
440705104223	富美村委会	112.999992	22.386866	0	16	65	乡镇
440785100208	白银村民委员会	112.326660	22.064749	1	80	100	政府机构
440704005201	英南村委会	113.091161	22.528635	1	80	97	政府机构
440781001211	香雁湖村委会	112.802057	22.247563	1	80	95	政府机构
440781106209	田稠村委会	112.813803	22.082509	0	25	47	乡镇
440783116002	沙洲墟社区居委会	112.574228	22.115433	0	16	47	乡镇
440783107243	丽溪村委会	112.486073	22.456778	1	80	100	政府机构
440705001206	奇榜村委会	113.069167	22.554712	1	80	100	政府机构
440785103218	李边村民委员会	112.510020	22.467209	0	30	72	UNKNOWN
440703002127	胜利社区居委会	113.077218	22.571357	1	80	97	政府机构
440703103004	瑶村社区居委会	113.042550	22.601260	0	30	72	村庄
440785001002	新塘社区居委会	112.316840	22.180940	1	90	97	政府机构
440705108216	官田村委会	113.116254	22.448937	0	18	66	乡镇
440781001207	石花村委会	112.802057	22.247563	1	80	97	政府机构
440704005217	新兴村委会	113.091161	22.528635	1	80	97	政府机构
440705104235	六里村委会	112.999992	22.386866	0	16	65	乡镇
440705001210	东甲村委会	113.032830	22.512301	1	80	97	政府机构
440781108201	冲金村委会	112.989540	21.990869	0	25	70	乡镇
440705105218	水背村委会	113.056670	22.297169	0	25	55	乡镇
440703002131	丰乐社区居委会	113.077218	22.571357	1	80	97	政府机构
440705110221	大鳌村委会	113.209867	22.476184	1	80	100	政府机构
440704004001	墟镇社区居委会	113.147667	22.593623	1	80	97	政府机构
440783002227	杜溪村委会	112.654420	22.389409	0	18	66	乡镇
440703101214	大林村委会	113.079485	22.682209	1	80	100	政府机构
440783117202	泮村村委会	112.796453	22.449809	1	80	100	政府机构
440785109204	石桥头村民委员会	112.403360	22.216269	1	80	100	政府机构
440784001007	南山社区居民委员会	112.967065	22.759383	1	80	100	购物
440703102204	篁湾村委会	113.127690	22.664837	0	25	47	乡镇
440784101220	五福村委会	112.911780	22.767301	0	25	70	乡镇
440783108231	卫星村委会	112.551815	22.398762	1	80	100	政府机构
440784105214	五星村委会	112.818048	22.636673	0	18	66	乡镇
440781107212	西墩村委会	112.907039	22.050511	1	80	100	政府机构
440783110226	齐塘村委会	112.533369	22.314468	0	18	66	乡镇
440703002111	华东社区居委会	113.077218	22.571357	1	80	97	政府机构
440704001018	新中社区居委会	113.097309	22.569574	1	80	100	政府机构
440705107205	岭北村委会	113.114310	22.350369	0	25	70	乡镇
440705450001	圭峰社区居委会	113.126438	22.572559	0	25	55	旅游景点
440705001230	潭冲村委会	113.002289	22.394217	1	80	100	政府机构
440781114202	大步头村委会	112.404150	21.873289	0	25	47	乡镇
440784106204	来苏村委会	112.904111	22.587202	0	18	66	乡镇
440781104202	北联村委会	112.692270	22.203219	0	30	72	村庄
440785102203	鹤坪村民委员会	112.307920	22.315241	1	80	100	政府机构
440785107001	那吉墟镇居委会	112.445927	22.385733	1	80	100	政府机构
440705104215	东凌村委会	112.978270	22.391680	0	30	72	村庄
440703002146	良东一社区居委会	113.077218	22.571357	1	80	94	政府机构
440781113206	獭山村委会	112.715305	22.040001	1	80	100	政府机构
440784104002	新圩社区居民委员会	112.922548	22.723013	0	50	73	地产小区
440703006105	怡福社区居委会	113.079540	22.590197	1	80	97	政府机构
440781103206	江头村委会	112.616130	22.261800	0	30	72	村庄
440785105207	新君村民委员会	112.453888	22.279602	0	18	66	乡镇
440784112210	合成村委会	112.512087	22.696954	1	80	100	政府机构
440703103209	龙安村委会	113.003200	22.600773	1	80	100	政府机构
440783117222	红进村委会	112.700450	22.385479	1	80	100	政府机构
440781100216	水楼村委会	112.438773	22.372785	1	80	100	政府机构
440785108209	牛山村民委员会	112.262020	22.090010	0	30	72	村庄
440705110201	新一村委会	113.186448	22.518792	0	25	70	乡镇
440705105003	崖西社区居委会	113.057696	22.302201	1	80	100	政府机构
440781103210	朗溪村委会	112.613310	22.209280	1	80	95	UNKNOWN
440703006113	篁庄社区居委会	113.079540	22.590197	1	80	97	政府机构
440781113210	那北村委会	112.505480	21.977680	0	25	70	乡镇
440783104224	城东村委会	112.556070	22.495850	0	30	72	村庄
440703002150	良西一社区居委会	113.077218	22.571357	1	80	94	政府机构
440705103207	石咀村委会	112.899170	22.463520	0	30	72	村庄
440785105211	琅哥村民委员会	112.453888	22.279602	0	18	66	乡镇
440703005103	富冈社区居委会	113.121762	22.623485	1	80	97	政府机构
440784102206	陈山村委会	112.997440	22.731429	0	30	72	村庄
440781115002	略尾社区居委会	112.585638	21.648130	1	80	95	地产小区
440783107234	乐善村委会	112.481121	22.467121	0	18	66	乡镇
440703101222	北达村委会	113.041593	22.663504	0	25	43	乡镇
440785106201	上南村民委员会	112.224440	22.263740	1	80	100	政府机构
440705110217	东卫村委会	113.186448	22.518792	0	25	47	乡镇
440703002107	东观社区居委会	113.077218	22.571357	1	80	97	政府机构
440783110230	儒东村委会	112.533369	22.314468	0	18	40	乡镇
440781107204	古逻村委会	112.962020	22.092651	0	30	58	UNKNOWN
440784105202	南中村委会	112.891400	22.646460	0	30	72	村庄
440705107213	管咀村委会	113.114310	22.350369	0	25	70	乡镇
440785101205	三山村民委员会	112.376750	22.312360	1	80	100	政府机构
440784106212	民族村委会	112.904111	22.587202	0	18	66	乡镇
440783103220	丽新村委会	112.598363	22.438748	0	25	70	乡镇
440705001226	西盛村委会	113.062245	22.443936	1	80	100	政府机构
440705104203	龙脊村委会	112.999992	22.386866	0	16	65	乡镇
440705101001	大泽社区居委会	112.936999	22.516152	1	80	95	地产小区
440704005221	向荣村委会	113.091161	22.528635	1	80	94	政府机构
440785107200	大莲村民委员会	112.165630	22.123949	0	25	55	乡镇
440781111201	升平村委会	112.720381	22.239226	1	80	100	政府机构
440784103207	连南村委会	112.907015	22.813484	0	18	40	乡镇
440781101201	芦霞村委会	112.795242	22.336297	0	25	47	乡镇
440785104210	莲塘村民委员会	112.385700	22.373000	0	30	72	村庄
440705102206	雅山村委会	112.847950	22.468741	0	30	72	村庄
440783105225	和兴村委会	112.396447	22.078735	1	80	100	政府机构
440781112211	茭一村委会	112.481696	21.859784	0	18	40	乡镇
440781102211	下坪村委会	112.898755	22.246689	0	16	65	乡镇
440783115225	博健村委会	112.704838	22.512469	0	18	40	乡镇
440783117218	向阳村委会	112.718030	22.397830	0	30	72	村庄
440705109221	黄布村委会	113.222064	22.416282	1	80	100	政府机构
440704001022	建联社区居委会	113.111000	22.560399	0	18	40	区县
440785103214	扁冲村民委员会	112.459000	22.346070	1	80	100	政府机构
440783002006	冲澄社区居委会	112.679043	22.377227	1	80	100	政府机构
440781115215	联南村委会	112.573320	21.627500	0	30	72	村庄
440783112221	向北村委会	112.476340	22.128881	0	30	72	村庄
440781105215	西坑村委会	112.797480	22.147180	0	30	72	村庄
440785100204	横南村民委员会	112.327770	22.036600	0	25	55	乡镇
440705106212	八顷村委会	113.182650	22.322950	1	70	88	UNKNOWN
440781106205	中礼村委会	112.813803	22.082509	0	25	47	乡镇
440705105214	南合村委会	113.046293	22.328043	0	30	72	村庄
440785103202	东岸村民委员会	112.456258	22.406506	0	18	49	乡镇
440781100001	大江圩居委会	112.803834	22.392972	0	18	49	乡镇
440781105203	八家村委会	112.762539	22.299203	1	80	100	政府机构
440781115203	沙堤村委会	112.776993	21.723693	0	25	70	乡镇
440781110001	广海城社区居委会	112.738019	21.935299	0	16	47	乡镇
440705104239	衙前村委会	112.999992	22.386866	0	16	65	乡镇
440705106204	沙东村委会	113.157360	22.303530	0	30	72	村庄
440785100212	堂莲村民委员会	112.327770	22.036600	0	25	70	乡镇
440783111227	群星村委会	112.510024	22.242765	0	18	66	乡镇
440781106213	六福村委会	112.865230	22.009194	1	80	100	政府机构
440784104215	中胜村委会	112.909680	22.713109	0	20	67	乡镇
440785109208	四联村民委员会	112.405783	22.223431	0	20	67	乡镇
440781101217	长坑村委会	112.852650	22.338271	0	30	72	村庄
440784103211	上升村委会	112.907015	22.813484	0	18	66	乡镇
440783106223	联山村委会	112.320640	22.475780	0	30	72	村庄
440781111217	海通村委会	112.595454	21.831165	0	18	40	乡镇
440703102208	三丫村委会	113.127690	22.664837	0	25	70	乡镇
440705102210	昆仑村委会	112.821820	22.470750	1	70	88	UNKNOWN
440785104206	仕洞村民委员会	112.345417	22.395736	0	18	66	乡镇
440783115233	天湖村委会	112.730524	22.512098	1	80	100	政府机构
440781102207	南村村委会	112.884079	22.211475	1	80	100	政府机构
440781112207	大担村委会	112.453735	21.877760	1	80	100	政府机构
440783105233	胜桥村委会	112.488983	22.511304	0	25	70	乡镇
440703101218	三和村委会	113.041593	22.663504	0	25	70	乡镇
440705102211	田边村委会	112.981239	22.440031	1	80	100	政府机构
440785104207	马龙塘村民委员会	112.363160	22.375161	0	30	72	村庄
440783115232	桥头村委会	112.743140	22.496880	0	30	72	村庄
440781102206	坂潭村委会	112.898755	22.246689	0	16	38	乡镇
440784105002	昆源社区居民委员会	112.822041	22.634650	1	80	100	政府机构
440781112206	白沙村委会	112.509571	22.245784	1	80	100	政府机构
440783105232	桥联村委会	112.488983	22.511304	0	25	47	乡镇
440703101219	五洞村委会	113.041593	22.663504	0	25	70	乡镇
440705104003	小冈社区居委会	112.982354	22.468589	1	80	95	地产小区
440705101201	同和村委会	112.980900	22.548290	0	60	80	UNKNOWN
440785109209	东新村民委员会	112.391220	22.175550	0	30	72	地产小区
440781101216	井岗村委会	112.839713	22.330523	1	80	100	政府机构
440784103210	双桥村委会	112.949880	22.808040	1	80	100	政府机构
440783106222	星山村委会	112.355540	22.512800	0	25	47	乡镇
440781111216	沙栏村委会	112.643120	21.866919	1	80	100	政府机构
440703102209	六坊村委会	113.131290	22.666800	1	80	100	政府机构
440705106205	居安村委会	113.159420	22.301990	0	30	72	村庄
440705104238	仓前村委会	112.973460	22.454941	0	30	72	村庄
440785100213	湾海村民委员会	112.327770	22.036600	0	25	55	乡镇
440783111226	南联村委会	112.504100	22.215590	0	30	72	村庄
440781106212	唐美村委会	112.813803	22.082509	0	25	70	乡镇
440785103203	南坑村民委员会	112.432910	22.454600	0	30	72	村庄
440785106001	大田墟镇居委会	112.445927	22.385733	1	80	100	政府机构
440781105202	西海村委会	112.781010	22.111397	0	25	70	乡镇
440781115202	甫草村委会	112.830261	22.370111	1	80	100	政府机构
440785100205	横盘村民委员会	112.327770	22.036600	0	25	70	乡镇
440705106213	大环村委会	113.154699	22.294936	0	18	66	乡镇
440781106204	大湾村委会	112.813160	22.078869	0	30	72	村庄
440783111230	春一村委会	112.555750	22.261610	0	30	58	UNKNOWN
440705110001	大鳌社区居委会	113.214520	22.476610	0	50	82	UNKNOWN
440704001023	银城社区居委会	113.096446	22.563212	1	80	100	政府机构
440705109220	莲腰村委会	113.157544	22.460977	0	25	47	乡镇
440785103215	南塘村民委员会	112.457510	22.330600	1	80	100	政府机构
440783002007	三江社区居委会	112.668769	22.357899	1	80	100	政府机构
440781115214	茅湾村委会	112.776993	21.723693	0	25	70	乡镇
440784107212	昆阳村委会	112.766625	22.545606	0	18	40	乡镇
440783112220	石湾村委会	112.462347	22.152647	0	18	66	乡镇
440781105214	稔坪村委会	112.408615	22.081351	1	80	100	政府机构
440785104211	昌梅村民委员会	112.345417	22.395736	0	18	66	乡镇
440783105224	棠安村委会	112.488983	22.511304	0	25	47	乡镇
440781112210	九岗村委会	112.469390	21.917820	0	30	58	村庄
440781102210	上坪村委会	112.868745	22.229738	1	80	100	政府机构
440783117219	开庄村委会	112.713687	22.390644	1	80	100	政府机构
440783115224	横江村委会	112.333403	22.095447	1	80	100	政府机构
440785400498	恩平园区虚拟居委会	112.322790	22.177200	1	80	95	商务大厦
440785107201	那北村民委员会	112.165630	22.123949	0	25	55	乡镇
440784103206	连城村委会	112.907015	22.813484	0	18	40	乡镇
440784106213	里元村委会	112.904111	22.587202	0	18	66	乡镇
440783103221	泰山村委会	112.633790	22.484339	0	30	72	村庄
440705001227	茶坑村委会	113.069288	22.456199	1	80	100	政府机构
440705104202	木江村委会	112.999992	22.386866	0	16	65	乡镇
440704005220	向前村委会	113.091161	22.528635	1	80	95	政府机构
440783110231	儒西村委会	112.557230	22.307290	1	80	100	政府机构
440781107205	莘村村委会	112.943160	22.060449	0	25	70	乡镇
440703002106	花园社区居委会	113.077218	22.571357	1	80	97	政府机构
440705107212	玉洲村委会	113.114310	22.350369	0	25	70	乡镇
440785101204	区村村民委员会	112.382620	22.307620	0	30	72	村庄
440781100201	张良边村委会	112.760850	22.431720	0	30	58	UNKNOWN
440703005102	芝山社区居委会	113.121762	22.623485	1	80	97	政府机构
440783107235	大布村委会	112.481121	22.467121	0	18	66	乡镇
440781110201	城北村委会	112.797020	22.007350	0	30	72	村庄
440703101223	石头村委会	113.064240	22.663779	0	30	72	村庄
440785106200	石山村民委员会	112.251870	22.253310	0	30	72	村庄
440705110216	东风村委会	113.215690	22.486990	0	30	72	村庄
440703006112	群星社区居委会	113.079540	22.590197	1	80	95	政府机构
440781103211	五围村委会	112.681823	22.344129	1	80	100	政府机构
440784101217	四堡村委会	112.831773	22.710897	1	80	100	政府机构
440781113211	沙潮村委会	112.791377	21.973842	1	80	100	政府机构
440783104225	旺岗村委会	112.557700	22.472270	0	25	70	乡镇
440703002151	良西二社区居委会	113.077218	22.571357	1	80	94	政府机构
440705103206	罗坑村委会	112.922490	22.454900	0	30	72	村庄
440785105210	石潭村民委员会	112.439050	22.258300	0	30	72	村庄
440784112211	先庆村委会	112.544892	22.642627	0	18	40	乡镇
440703103208	龙眠村委会	112.997199	22.604087	1	80	100	政府机构
440784102211	上南村委会	112.960472	22.729681	0	30	72	村庄
440783117223	金山村委会	112.735090	22.391900	0	30	72	村庄
440781100217	沙浦村委会	112.803834	22.392972	0	18	66	乡镇
440785108208	佛良村民委员会	112.233630	22.034790	0	30	72	村庄
440703002147	良东二社区居委会	113.077218	22.571357	1	80	94	政府机构
440781113207	江东村委会	112.425630	21.954861	0	30	72	村庄
440784101201	霄南村委会	112.911780	22.767301	0	25	55	乡镇
440784104003	竹朗社区居民委员会	112.909680	22.713109	0	20	41	乡镇
440781103207	长江村委会	112.639200	22.244159	0	30	72	村庄
440703006104	龙溪社区居委会	113.079540	22.590197	1	80	97	政府机构
440785105206	堡城村民委员会	112.453888	22.279602	0	18	49	乡镇
440783001216	思始村委会	112.692204	22.350131	1	80	100	政府机构
440705001231	冲那村委会	112.996976	22.499705	0	18	35	乡镇
440781114203	平山朗村委会	112.404150	21.873289	0	25	43	乡镇
440781111001	海宴圩居委会	112.561275	21.826636	1	80	100	政府机构
440781101001	水步圩居委会	112.799829	22.339153	1	80	100	政府机构
440781104203	新一村委会	112.751130	22.182630	0	25	70	乡镇
440781001226	三社村委会	112.802057	22.247563	1	80	97	政府机构
440785102202	龙安塘村民委员会	112.306240	22.324399	0	18	49	乡镇
440705104214	上凌村委会	112.999992	22.386866	0	16	65	乡镇
440784105215	万和村委会	112.775269	22.625592	1	80	100	政府机构
440703002110	华园社区居委会	113.077218	22.571357	1	80	97	政府机构
440781107213	龙和村委会	112.819525	22.296866	1	80	100	政府机构
440783110227	北降村委会	112.558479	22.279371	1	80	100	政府机构
440704001019	蓬苑社区居委会	113.097626	22.578086	0	60	87	地产小区
440784001006	和平社区居民委员会	113.004167	22.787626	0	25	47	乡镇
440785109205	牛皮塘村民委员会	112.409150	22.252730	0	30	72	村庄
440703102205	霞村村委会	113.153432	22.660254	1	80	100	政府机构
440784101221	三洞村委会	112.911780	22.767301	0	25	70	乡镇
440783108230	四九村委会	112.790245	22.489020	1	80	100	政府机构
440705110220	三十六顷村委会	113.186448	22.518792	0	25	43	乡镇
440705109001	睦洲社区居委会	113.168374	22.452671	0	40	77	UNKNOWN
440783002226	新民村委会	112.654120	22.384660	0	30	72	村庄
440703101215	仁厚村委会	113.041593	22.663504	0	25	70	乡镇
440783112001	金鸡墟社区居委会	112.486951	22.158577	1	80	100	政府机构
440783117203	黎村村委会	112.784280	22.453239	1	80	100	政府机构
440705105219	坑口村委会	113.056670	22.297169	0	25	55	乡镇
440703002130	农林社区居委会	113.077218	22.571357	1	80	97	政府机构
440705108217	沙岗村委会	113.116023	22.454997	0	30	72	村庄
440781001206	南坑村委会	112.802057	22.247563	1	80	95	政府机构
440704005216	新丰村委会	113.091161	22.528635	1	80	97	政府机构
440705104234	梅冈村委会	112.984470	22.464740	0	30	58	UNKNOWN
440705001211	西甲村委会	113.062197	22.514558	1	80	100	政府机构
440784104218	中心村委会	112.913060	22.709040	0	30	72	村庄
440785103219	咀厚村民委员会	112.484340	22.396930	1	80	100	政府机构
440703002126	东仓社区居委会	113.077218	22.571357	1	80	97	政府机构
440785001003	西门社区居委会	112.316840	22.180940	1	90	97	政府机构
440705104222	龙头村委会	113.006961	22.392653	1	80	100	政府机构
440785100209	虾山村民委员会	112.325900	22.087360	1	80	100	政府机构
440781001210	长岭村委会	112.802057	22.247563	1	80	97	政府机构
440705108201	联和村委会	113.108580	22.431270	0	30	72	村庄
440781106208	浮石村委会	112.855059	22.048997	1	80	100	政府机构
440783116003	东山墟社区居委会	112.574228	22.115433	0	16	47	乡镇
440783107242	陂头咀村委会	112.481121	22.467121	0	18	35	乡镇
440705001207	沙岗村委会	113.032830	22.512301	1	80	95	政府机构
440785109213	横槎村民委员会	112.334880	22.178679	0	30	72	村庄
440784001010	东升社区居民委员会	113.004167	22.787626	0	25	47	乡镇
440783108226	宅群村委会	112.571243	22.384577	0	18	40	乡镇
440703102213	南村村委会	113.109947	22.689385	1	80	100	政府机构
440783002230	幕村村委会	112.689080	22.383730	1	80	100	政府机构
440783115228	钱岗村委会	112.704838	22.512469	0	18	66	乡镇
440783117215	风采村委会	112.729010	22.416170	1	80	100	政府机构
440783105228	大雄村委会	112.488983	22.511304	0	25	47	乡镇
440703101203	迳口村委会	113.041593	22.663504	0	25	70	乡镇
440783116243	冲口村委会	112.564860	22.185450	0	30	72	村庄
440783107002	公安墟社区居委会	112.481121	22.467121	0	18	49	乡镇
440781107209	竞丰村委会	112.943160	22.060449	0	25	70	乡镇
440783117002	新市社区居委会	112.770088	22.445669	1	80	100	政府机构
440704004201	麻一村委会	113.147667	22.593623	1	80	97	政府机构
440785101208	三联村民委员会	112.380908	22.282731	0	18	66	乡镇
440784108201	堂马村委会	112.668821	22.668504	0	16	65	乡镇
440784001207	文边村委会	112.965841	22.760322	1	80	100	政府机构
440781108001	赤溪圩居委会	112.989540	21.990869	0	25	55	乡镇
440705001010	七堡社区居委会	112.996976	22.499705	0	18	49	乡镇
440781111220	肖美村委会	112.595454	21.831165	0	18	40	乡镇
440783104229	楼田村委会	112.557700	22.472270	0	25	70	乡镇
440705108503	渔业场	113.116254	22.448937	0	18	66	乡镇
440781101220	密冲村委会	112.795242	22.336297	0	25	47	乡镇
440781001007	上朗社区居委会	112.797755	22.240093	1	80	100	政府机构
440703103212	杜臂村委会	113.021220	22.601867	1	80	100	政府机构
440785001214	茶坑村民委员会	112.316840	22.180940	1	90	97	政府机构
440783107239	黄屋村委会	112.610237	22.301601	1	80	100	政府机构
440783109227	永坚村委会	112.613925	22.327783	0	18	40	乡镇
440703006108	怡康社区居委会	113.079540	22.590197	1	80	97	政府机构
440705001006	贤洲社区居委会	113.041001	22.513278	1	80	100	政府机构
440705101221	沙冲村委会	112.920460	22.530083	0	18	66	乡镇
440704005001	墟镇社区居委会	113.091161	22.528635	1	80	97	政府机构
440781001011	凤凰社区居委会	112.802057	22.247563	1	80	97	政府机构
440783109231	沙溪村委会	112.599000	22.314220	0	30	72	村庄
440785001202	联合村民委员会	112.316840	22.180940	1	90	97	政府机构
440703103204	双楼村委会	113.088965	22.583909	0	25	55	乡镇
440785108204	锦新村民委员会	112.257798	22.078884	0	18	49	乡镇
440784105219	先锋村委会	112.821220	22.621170	0	30	72	村庄
440781109201	海阳村委会	112.756080	22.050850	0	25	47	乡镇
440703101002	滨江社区居民委员会	113.041593	22.663504	0	25	47	乡镇
440783116255	高山村委会	112.531060	22.078450	0	30	72	村庄
440705107208	霞路村委会	113.120141	22.357811	0	50	73	道路
440704001015	桥南社区居委会	113.111000	22.560399	0	18	40	区县
440704004217	中东村委会	113.147667	22.593623	1	80	97	政府机构
440705104218	大堂村委会	112.999992	22.386866	0	16	65	乡镇
440783001021	新安社区居委会	112.694197	22.345913	0	20	67	乡镇
440784001211	汇源村委会	112.998544	22.786590	1	80	100	政府机构
440784105212	禾谷村委会	112.802460	22.597030	0	30	58	UNKNOWN
440781107214	南村村委会	112.946439	22.039295	1	80	100	政府机构
440783110220	上洞村委会	112.499670	22.318210	0	30	72	村庄
440703002117	丰盛社区居委会	113.077218	22.571357	1	80	97	政府机构
440705102001	中心社区居委会	112.842882	22.497272	0	18	66	乡镇
440705107203	洋边村委会	113.145980	22.401601	0	30	72	村庄
440784106202	平汉村委会	112.968820	22.595961	1	80	100	政府机构
440781104204	西华村委会	112.687470	22.182339	0	30	72	村庄
440781114204	沙头冲村委会	112.404150	21.873289	0	25	47	乡镇
440783103230	台洞村委会	112.598363	22.438748	0	25	70	乡镇
440785102205	龙山村民委员会	112.293290	22.294421	0	30	72	村庄
440705104213	南岸村委会	112.999992	22.386866	0	16	65	乡镇
440781001221	罗洞村委会	112.802057	22.247563	1	80	97	政府机构
440784101206	三凤村委会	112.889776	22.774593	1	80	100	政府机构
440703006103	东风社区居委会	113.079540	22.590197	1	80	97	政府机构
440703002140	长塘社区居委会	113.077218	22.571357	1	80	97	政府机构
440785105201	黎塘村民委员会	112.473390	22.314070	0	30	72	村庄
440783001211	簕冲村委会	112.716560	22.356651	1	80	100	政府机构
440705103217	六堡村委会	112.877276	22.416607	0	18	66	乡镇
440783117224	新美村委会	112.581801	22.142639	1	80	100	政府机构
440781100210	河木村委会	112.803834	22.392972	0	18	66	乡镇
440785001209	石青村民委员会	112.316840	22.180940	1	90	95	政府机构
440781113216	联和村委会	112.415120	22.004860	0	30	72	村庄
440783104222	联兴村委会	112.582320	22.528959	0	30	72	村庄
440781103216	冲云村委会	112.640442	22.243423	0	16	38	乡镇
440703006115	篁边社区居委会	113.079540	22.590197	1	80	97	政府机构
440784101210	福迳村委会	112.849250	22.794671	1	80	100	政府机构
440705103201	岭源村委会	112.877276	22.416607	0	18	66	乡镇
440785105217	太平村民委员会	112.404980	22.310200	0	30	72	村庄
440783107232	上郭村委会	112.481121	22.467121	0	18	66	乡镇
440781110206	中兴村委会	112.745435	21.935451	1	80	100	政府机构
440703101224	石山村委会	113.058416	22.770414	0	25	70	乡镇
440703103219	木朗村委会	113.052861	22.590197	1	80	100	政府机构
440703005105	坦边社区居委会	113.121762	22.623485	1	80	97	政府机构
440781100206	大巷村委会	112.786089	22.388966	1	80	100	政府机构
440784107002	兴业社区居民委员会	112.782884	22.516245	1	80	92	地产小区
440785106207	黄沙村民委员会	112.209000	22.283309	1	80	100	政府机构
440783116248	步栏村委会	112.574228	22.115433	0	16	38	乡镇
440703002101	羊桥社区居委会	113.077218	22.571357	1	80	95	政府机构
440781107202	坦塘村委会	112.943160	22.060449	0	25	70	乡镇
440784105204	坑尾村委会	112.926841	22.582877	1	80	100	政府机构
440705107215	奇乐村委会	113.114310	22.350369	0	25	47	乡镇
440785104001	牛江墟镇居委会	112.445927	22.385733	1	80	100	政府机构
440785101203	水塘村民委员会	112.389120	22.307240	0	30	72	村庄
440783103226	健丰村委会	112.598363	22.438748	0	25	47	乡镇
440705001220	九龙村委会	113.032830	22.512301	1	80	97	政府机构
440784106214	新连村委会	112.904111	22.587202	0	18	66	乡镇
440785107206	沙河村民委员会	112.113296	22.169171	0	16	47	乡镇
440705101210	北洋村委会	112.920460	22.530083	0	18	66	乡镇
440784106003	铁岗社区居民委员会	112.904111	22.587202	0	18	40	乡镇
440784103201	古劳村委会	112.907015	22.813484	0	18	66	乡镇
440781101207	甘边村委会	112.795242	22.336297	0	25	70	乡镇
440781111207	那陵村委会	112.595454	21.831165	0	18	66	乡镇
440783106233	沃富村委会	112.355540	22.512800	0	25	47	乡镇
440781102217	车朗村委会	112.898755	22.246689	0	16	38	乡镇
440783115223	簕竹村委会	112.704838	22.512469	0	18	66	乡镇
440703101208	良溪村委会	113.041593	22.663504	0	25	70	乡镇
440783105223	黄村村委会	112.449619	22.545683	1	80	100	政府机构
440785103212	水楼村民委员会	112.439830	22.373070	0	30	72	UNKNOWN
440705105204	甜水村委会	113.060827	22.269202	0	30	72	村庄
440704001024	正南社区居委会	113.111000	22.560399	0	18	49	区县
440784107215	新莲村委会	112.784916	22.514329	1	80	100	政府机构
440783112227	锦湖村委会	112.462347	22.152647	0	18	40	乡镇
440781105213	白岗村委会	112.817239	22.143803	1	80	100	政府机构
440785001008	东安墟镇居委会	112.316840	22.180940	1	90	95	政府机构
440781115213	川东村委会	112.641580	21.639969	0	30	72	村庄
440785100202	横平村民委员会	112.321290	22.033950	0	30	72	村庄
440705104229	鱼冲村委会	112.999992	22.386866	0	16	65	乡镇
440705106214	独联村委会	113.165999	22.362489	1	80	100	政府机构
440783107249	联合村委会	112.528010	22.428770	0	30	72	村庄
440784104205	钱塘村委会	112.931150	22.738910	0	30	72	村庄
440781106203	秀墩村委会	112.813803	22.082509	0	25	47	乡镇
440781103001	白沙圩居委会	112.594183	22.249277	1	80	100	政府机构
440781113001	深井圩居委会	112.505480	21.977680	0	25	55	乡镇
440785103204	浴水村民委员会	112.456258	22.406506	0	18	66	乡镇
440781115205	飞东村委会	112.807130	21.704719	0	30	72	村庄
440781105205	新围村委会	112.802673	22.111989	1	80	100	政府机构
440784107203	昆华村委会	112.787405	22.516426	1	80	100	政府机构
440785100214	新潮村民委员会	112.365400	22.011881	0	30	72	村庄
440783111221	东和村委会	112.539300	22.271471	0	30	72	村庄
440781106215	五福村委会	112.758847	22.202810	1	80	100	政府机构
440784104213	甘棠村委会	112.934650	22.678939	0	30	72	村庄
440705101206	文龙村委会	112.939519	22.516952	1	80	100	政府机构
440705104004	双水社区居委会	112.999992	22.386866	0	16	47	乡镇
440705001021	三兴社区居委会	113.032830	22.512301	1	80	95	政府机构
440783106225	夹水村委会	112.787883	21.978100	1	80	100	政府机构
440781111211	望头村委会	112.595454	21.831165	0	18	66	乡镇
440781101211	步溪村委会	112.718377	22.337528	1	80	100	政府机构
440705102216	白庙村委会	112.861920	22.503990	0	30	72	村庄
440785104200	岭南村民委员会	112.345417	22.395736	0	18	66	乡镇
440781112201	凤村村委会	112.516543	21.858398	1	80	100	政府机构
440783105235	西杰村委会	112.488983	22.511304	0	25	43	乡镇
440783115235	水一村委会	112.704838	22.512469	0	18	40	乡镇
440783117208	新风村委会	112.745606	22.465629	1	80	100	政府机构
440781102201	大塘村委会	112.823439	22.321317	1	80	100	政府机构
440781114208	寨门村委会	112.404150	21.873289	0	25	70	乡镇
440784108210	白水带村委会	112.668821	22.668504	0	16	65	乡镇
440781104208	新安村委会	112.598463	22.145793	1	80	100	政府机构
440783001026	新兴社区居委会	112.706776	22.356634	1	80	100	政府机构
440705106222	那伏村委会	113.154699	22.294936	0	18	66	乡镇
440781109206	西廓村委会	112.756080	22.050850	0	25	47	乡镇
440783116252	长塘村委会	112.562170	22.055200	0	30	72	村庄
440705105232	明苹村委会	113.056670	22.297169	0	25	47	乡镇
440785001205	中南村民委员会	112.316840	22.180940	1	90	97	政府机构
440703103203	亭园村委会	113.088965	22.583909	0	25	47	乡镇
440783109236	新联村委会	112.628910	22.318560	1	80	100	政府机构
440705104248	双水式桥村委会	112.999992	22.386866	0	16	33	乡镇
440785108203	大槐村民委员会	112.257798	22.078884	0	18	49	乡镇
440705001001	北门社区居委会	112.996976	22.499705	0	18	49	乡镇
440783109220	五龙村委会	112.609341	22.349187	1	80	100	政府机构
440783110001	百合墟社区居委会	112.533369	22.314468	0	18	49	乡镇
440785001213	顶冲村民委员会	112.316840	22.180940	1	90	95	政府机构
440703006119	群众社区居委会	113.079540	22.590197	1	80	97	政府机构
440784108206	泗云村委会	112.668821	22.668504	0	16	38	乡镇
440783001030	新港社区居委会	112.694197	22.345913	0	20	67	乡镇
440784105208	鹤城村委会	112.818048	22.636673	0	18	40	乡镇
440783117005	渔业社区居委会	112.773250	22.443670	0	25	70	乡镇
440783116244	和安村委会	112.570490	22.162369	0	30	72	村庄
440781109210	墩寨村委会	112.756080	22.050850	0	25	47	乡镇
440705105224	田边村委会	112.981239	22.440031	1	80	100	政府机构
440705109207	睦洲村委会	113.168374	22.452671	0	40	65	UNKNOWN
440704004206	东南村委会	113.147337	22.587741	1	100	100	政府机构
440703101204	罗江村委会	113.043840	22.656750	0	30	72	村庄
440783117212	宝锋村委会	112.773250	22.443670	0	25	47	乡镇
440784001017	凤凰社区居民委员会	112.956020	22.746740	1	80	100	政府机构
440785109214	塘洲村民委员会	112.353860	22.199510	0	30	72	村庄
440705103221	亨头村委会	112.877276	22.416607	0	18	40	乡镇
440783108221	以敬村委会	112.571243	22.384577	0	18	35	乡镇
440781001217	水南村委会	112.802057	22.247563	1	80	95	政府机构
440704005207	东红村委会	113.091161	22.528635	1	80	97	政府机构
440705106218	梅阁村委会	113.161980	22.250460	0	30	72	村庄
440783107245	联冈村委会	112.481121	22.467121	0	18	40	乡镇
440705105208	京背村委会	113.056670	22.297169	0	25	47	乡镇
440703103002	新河社区居委会	113.088965	22.583909	0	25	70	乡镇
440785001004	青云社区居委会	112.316840	22.180940	1	90	97	政府机构
440703002121	圩顶社区居委会	113.077218	22.571357	1	80	97	政府机构
440785100218	蓝田村民委员会	112.327770	22.036600	0	25	55	乡镇
440704005211	威西村委会	113.091161	22.528635	1	80	94	政府机构
440705108210	洋美村委会	113.032000	22.458800	0	14	29	区县
440781001201	沙坑村委会	112.802057	22.247563	1	80	95	政府机构
440705001216	城郊村委会	112.996976	22.499705	0	18	49	乡镇
440781108207	磅礴村委会	112.989540	21.990869	0	25	47	乡镇
440785103208	乌石村民委员会	112.447480	22.393170	0	30	72	村庄
440781105209	新屋村委会	112.814950	22.126210	0	30	72	村庄
440703002137	凤潮社区居委会	113.077218	22.571357	1	80	95	政府机构
440781115209	塔边村委会	112.776993	21.723693	0	25	70	乡镇
440783105002	石桥墟社区居委会	112.488983	22.511304	0	25	55	乡镇
440783002221	西溪村委会	112.622315	22.383604	1	80	100	政府机构
440704004007	银泉社区居委会	113.147667	22.593623	1	80	97	政府机构
440783117204	永乐村委会	112.792720	22.455610	0	30	72	村庄
440703101212	石滘村委会	113.080490	22.654584	1	80	100	政府机构
440785109202	石岗村民委员会	112.412830	22.207280	0	30	72	村庄
440703102202	吕步村委会	113.127690	22.664837	0	25	47	乡镇
440783106229	大塘村委会	112.372956	22.511061	1	80	100	政府机构
440785109203	鹿颈村民委员会	112.396520	22.254059	1	80	100	政府机构
440703102203	良村村委会	113.130085	22.649133	1	80	100	政府机构
440783106228	五村村委会	112.364942	22.514221	1	80	100	政府机构
440783002220	平冈村委会	112.487675	22.459114	1	80	100	政府机构
440704004006	沙津横社区居委会	113.155085	22.598917	1	80	100	政府机构
440783115238	水四村委会	112.704838	22.512469	0	18	40	乡镇
440783117205	唐联村委会	112.773250	22.443670	0	25	47	乡镇
440703101213	周郡村委会	113.041593	22.663504	0	25	47	乡镇
440785103209	那梨村民委员会	112.456258	22.406506	0	18	49	乡镇
440783115003	水井墟社区居委会	112.704838	22.512469	0	18	49	乡镇
440781105208	朝中村委会	112.781010	22.111397	0	25	47	乡镇
440781115208	水平村委会	112.776993	21.723693	0	25	70	乡镇
440704005210	敬和村委会	113.088706	22.529359	1	80	100	政府机构
440705108211	良德冲村委会	113.032000	22.458800	0	14	37	区县
440781106218	那洲村委会	112.691467	22.042110	1	80	100	政府机构
440705001217	三联村委会	113.032830	22.512301	1	80	97	政府机构
440781108206	护岭村委会	113.004220	22.027650	0	30	58	村庄
440705105209	京梅村委会	113.056670	22.297169	0	25	47	乡镇
440703103003	金朗社区居委会	113.008862	22.599700	1	80	95	地产小区
440785001005	河南社区居委会	112.316840	22.180940	1	90	97	政府机构
440703002120	常安社区居委会	113.077218	22.571357	1	80	97	政府机构
440784107218	四九村委会	112.790245	22.489020	1	80	100	政府机构
440781001216	泡步村委会	112.802057	22.247563	1	80	97	政府机构
440704005206	东仁村委会	113.091161	22.528635	1	80	97	政府机构
440705104224	邦龙村委会	112.999992	22.386866	0	16	65	乡镇
440705106219	沙角村委会	113.154699	22.294936	0	18	66	乡镇
440781108210	曹冲村委会	113.012730	21.966076	1	80	100	政府机构
440783107244	长间村委会	112.503200	22.450500	0	30	58	UNKNOWN
440784104208	旺龙村委会	112.911941	22.716759	1	80	100	政府机构
440784001016	祥盛社区居民委员会	112.971430	22.773960	1	80	100	政府机构
440705103220	桂林村委会	112.837883	22.482684	1	80	100	政府机构
440783108220	南屏村委会	112.563280	22.328620	0	30	72	村庄
440783111001	蚬冈墟社区居委会	112.510024	22.242765	0	18	66	乡镇
440703101205	乐溪村委会	113.041593	22.663504	0	25	70	乡镇
440783117213	联竹村委会	112.773250	22.443670	0	25	47	乡镇
440784105209	城西村委会	112.819960	22.654269	0	30	72	村庄
440783117004	振华墟社区居委会	112.773250	22.443670	0	25	55	乡镇
440783116245	湴溪村委会	112.574228	22.115433	0	16	38	乡镇
440781109211	上泽村委会	112.739577	22.081825	1	80	100	政府机构
440705105225	古斗村委会	113.056670	22.297169	0	25	70	乡镇
440705107218	南朗村委会	113.114310	22.350369	0	25	70	乡镇
440705109206	东向村委会	113.166730	22.469330	1	80	100	政府机构
440784108207	双龙村委会	112.652885	22.638451	1	80	100	政府机构
440705104208	梁家村委会	112.999992	22.386866	0	16	65	乡镇
440784001201	桥氹村委会	112.933503	22.768873	1	80	100	政府机构
440703006118	丽苑社区居委会	113.079540	22.590197	1	80	97	政府机构
440781001001	富城社区居委会	112.802057	22.247563	1	80	95	政府机构
440783109221	灵源村委会	112.613925	22.327783	0	18	66	乡镇
440703103214	松园村委会	113.050153	22.689520	1	80	100	政府机构
440785001212	锦岗村民委员会	112.316840	22.180940	1	90	95	政府机构
440785001204	南联村民委员会	112.316840	22.180940	1	90	95	政府机构
440703103202	龙溪村委会	112.977172	22.620435	0	30	72	村庄
440781102220	松朗村委会	112.898755	22.246689	0	16	65	乡镇
440783109237	五堡村委会	112.643763	22.323023	1	80	100	政府机构
440785108202	河湾村民委员会	112.232780	22.115390	0	30	72	村庄
440781109207	那泰村委会	112.745294	22.045565	1	80	100	政府机构
440783116253	松南村委会	112.574228	22.115433	0	16	65	乡镇
440784107222	云新村委会	112.753380	22.562379	0	30	72	地产小区
440705109210	龙泉村委会	113.169730	22.416929	0	30	72	村庄
440705105233	梁黄屋村委会	113.070390	22.190579	1	80	100	政府机构
440781114209	石蕉村委会	112.404150	21.873289	0	25	70	乡镇
440781104209	联安村委会	112.745461	22.278005	1	80	100	政府机构
440783001027	荻海社区居委会	112.694197	22.345913	0	20	67	乡镇
440705102217	司前村委会	112.842882	22.497272	0	18	66	乡镇
440785104201	龙湾村民委员会	112.391250	22.351229	0	30	72	村庄
440783105234	那泔村委会	112.517570	22.502849	1	80	95	UNKNOWN
440783117209	龙东村委会	112.763410	22.443760	0	30	72	村庄
440783115234	金居村委会	112.704838	22.512469	0	18	40	乡镇
440705101207	大泽村委会	112.920460	22.530083	0	18	40	乡镇
440705001020	民和社区居委会	112.996976	22.499705	0	18	40	乡镇
440783106224	新星村委会	112.300730	22.485740	0	30	72	村庄
440781111210	春场村委会	112.595454	21.831165	0	18	66	乡镇
440781101210	横塘村委会	112.785050	22.359190	0	30	72	村庄
440705103001	罗坑社区居委会	112.923190	22.448120	0	30	72	村庄
440785100215	大亨村民委员会	112.327770	22.036600	0	25	55	乡镇
440783108001	塘口墟社区居委会	112.653520	22.332830	0	30	72	UNKNOWN
440783111220	蚬北村委会	112.510024	22.242765	0	18	49	乡镇
440781106214	安南村委会	112.813803	22.082509	0	25	70	乡镇
440784104212	蟠光村委会	112.909680	22.713109	0	20	41	乡镇
440785103205	横陂村民委员会	112.456258	22.406506	0	18	49	乡镇
440781115204	大洲村委会	112.776993	21.723693	0	25	70	乡镇
440781105204	冲洋村委会	112.810781	22.126318	1	80	100	政府机构
440783112230	石迳村委会	112.462347	22.152647	0	18	66	乡镇
440785105001	君堂圩社区居民委员会	112.445890	22.305640	1	80	100	政府机构
440785100203	西联村民委员会	112.307301	22.040944	0	30	72	村庄
440705104228	基背村委会	112.999992	22.386866	0	16	38	乡镇
440783107248	虎山村委会	112.510520	22.433770	0	30	72	村庄
440784104204	三富村委会	112.909680	22.713109	0	20	67	乡镇
440781106202	福场村委会	112.813803	22.082509	0	25	70	乡镇
440785103213	成平村民委员会	112.460470	22.355200	0	30	72	UNKNOWN
440783002001	楼冈社区居委会	112.654420	22.389409	0	18	49	乡镇
440704001025	永明社区居委会	113.111000	22.560399	0	18	49	区县
440783112226	大同村委会	112.481010	22.195931	0	30	72	村庄
440781105212	伞塘村委会	112.781010	22.111397	0	25	70	乡镇
440785001009	新城社区居委会	112.316840	22.180940	1	90	97	政府机构
440781115212	川西村委会	112.776993	21.723693	0	25	47	乡镇
440705102201	新建村委会	112.871682	22.512628	1	80	100	政府机构
440781102216	玄潭村委会	112.898755	22.246689	0	16	38	乡镇
440783115222	大岗村委会	112.704838	22.512469	0	18	66	乡镇
440703101209	沙富村委会	113.041593	22.663504	0	25	70	乡镇
440783105222	联塘村委会	112.488983	22.511304	0	25	55	乡镇
440784106002	共兴社区居民委员会	112.883390	22.578169	1	80	100	政府机构
440781101206	下洞村委会	112.757543	22.353402	1	80	100	政府机构
440781111206	石美村委会	112.595454	21.831165	0	18	66	乡镇
440783106232	黎雄村委会	112.355540	22.512800	0	25	47	乡镇
440783103227	东方村委会	112.598363	22.438748	0	25	70	乡镇
440705001221	二宁村委会	113.032830	22.512301	1	80	93	政府机构
440705104204	岭头村委会	112.999992	22.386866	0	16	65	乡镇
440781112001	鱼地圩居委会	112.488455	21.857444	1	80	100	政府机构
440783116249	林屋村委会	112.574228	22.115433	0	16	65	乡镇
440781107203	园美村委会	112.943160	22.060449	0	25	70	乡镇
440781102001	四九圩居委会	112.551466	22.405969	1	80	100	政府机构
440784105205	小官田村委会	112.858815	22.612457	1	80	100	政府机构
440705107214	慈溪村委会	113.114310	22.350369	0	25	70	乡镇
440705105229	田南村委会	113.056670	22.297169	0	25	70	乡镇
440785101202	龙塘村民委员会	112.398430	22.291260	0	30	72	村庄
440783107233	官堂村委会	112.481121	22.467121	0	18	66	乡镇
440781110207	渔业鲲鹏村委会	112.738019	21.935299	0	16	33	乡镇
440784112201	泗合村委会	112.785199	22.484021	1	80	100	政府机构
440703103218	长乔村委会	113.088965	22.583909	0	25	47	乡镇
440781100207	五星村委会	112.803834	22.392972	0	18	66	乡镇
440703005104	卢边社区居委会	113.119522	22.630542	1	80	100	政府机构
440784107003	利云社区居民委员会	112.766625	22.545606	0	18	40	乡镇
440784102201	雅瑶村委会	113.008586	22.706598	0	40	65	UNKNOWN
440785106206	东南村民委员会	112.231020	22.264240	0	25	55	乡镇
440783104223	新村村委会	112.440441	22.486909	1	80	100	政府机构
440703006114	联合社区居委会	113.079540	22.590197	1	80	97	政府机构
440781103217	邹村村委会	112.640442	22.243423	0	16	65	乡镇
440784101211	粉洞村委会	112.911780	22.767301	0	25	47	乡镇
440785105216	东北雁村民委员会	112.453888	22.279602	0	18	49	乡镇
440781100211	新大塘村委会	112.826280	22.386430	0	30	72	村庄
440785001208	石泉村民委员会	112.316840	22.180940	1	90	95	政府机构
440705105004	崖南社区居委会	113.084567	22.199902	1	75	95	地产小区
440705104245	沙路村委会	113.049997	22.380309	1	80	100	政府机构
440705110206	十围村委会	113.186448	22.518792	0	25	47	乡镇
440784101207	中七村委会	112.911780	22.767301	0	25	70	乡镇
440781103201	潮境村委会	112.640442	22.243423	0	16	38	乡镇
440703006102	天龙社区居委会	113.077362	22.593574	1	80	95	地产小区
440781113201	康华村委会	112.514003	21.939124	1	80	100	政府机构
440785105200	潢步头村民委员会	112.493770	22.301170	0	30	72	UNKNOWN
440785100002	洪窖墟镇居委会	112.445927	22.385733	1	80	100	政府机构
440784402598	江门市四堡林场虚拟生活区	112.833350	22.711861	1	80	95	UNKNOWN
440783001210	石海村委会	112.694197	22.345913	0	20	67	乡镇
440784106203	大凹村委会	112.904111	22.587202	0	18	66	乡镇
440781104205	那金村委会	112.751130	22.182630	0	25	70	乡镇
440781114205	小洞村委会	112.404150	21.873289	0	25	70	乡镇
440783103231	锦星村委会	112.598363	22.438748	0	25	47	乡镇
440785102204	松柏根村民委员会	112.335300	22.315969	1	80	100	政府机构
440705104212	田心村委会	113.050210	22.370230	0	30	72	村庄
440781001220	岭背村委会	112.802057	22.247563	1	80	95	政府机构
440784105213	坪山村委会	112.779710	22.613440	1	80	100	政府机构
440703002116	兴盛社区居委会	113.077218	22.571357	1	80	97	政府机构
440781107215	东坑村委会	112.968740	22.040400	0	30	72	村庄
440783110221	中洞村委会	112.479071	22.390561	1	80	100	政府机构
440781107001	都斛圩社区居委会	112.943160	22.060449	0	25	70	乡镇
440781102203	白石村委会	112.856590	22.189490	0	30	72	村庄
440783115237	水三村委会	112.704838	22.512469	0	18	66	乡镇
440781112203	汶村村委会	112.481696	21.859784	0	18	66	乡镇
440785104202	横眉村民委员会	112.382420	22.357870	1	80	100	政府机构
440704004009	彩虹社区居委会	113.147667	22.593623	1	80	97	政府机构
440781101213	乔庆村委会	112.795242	22.336297	0	25	47	乡镇
440781111213	联和村委会	112.609119	21.821270	1	80	100	政府机构
440783106227	大沙村委会	112.355540	22.512800	0	25	70	乡镇
440705101204	五和村委会	112.832733	22.398109	1	80	100	政府机构
440781106217	墩头村委会	112.813803	22.082509	0	25	70	乡镇
440783111223	蚬南村委会	112.534560	22.261750	1	80	100	政府机构
440781108209	渡头村委会	112.990110	21.990239	0	30	72	村庄
440705001218	河北村委会	113.134944	22.477201	1	80	100	政府机构
440705103002	牛湾社区居委会	112.849071	22.436576	1	80	100	政府机构
440785100216	园山村民委员会	112.327770	22.036600	0	25	70	乡镇
440781105207	官窦村委会	112.781010	22.111397	0	25	55	乡镇
440703002139	江边社区居委会	113.077218	22.571357	1	80	95	政府机构
440784107201	禾南村委会	112.766625	22.545606	0	18	49	乡镇
440784102003	大岗社区居民委员会	112.644380	22.490039	0	30	58	村庄
440781115207	高笋村委会	112.807479	21.675254	1	80	100	政府机构
440784112003	兴华社区居民委员会	112.544892	22.642627	0	18	40	乡镇
440785103206	上凯村民委员会	112.456258	22.406506	0	18	66	乡镇
440781106201	西乔村委会	112.817931	22.091817	1	80	100	政府机构
440781103003	三八圩居委会	112.687965	22.297789	1	80	100	政府机构
440781001219	平岗村委会	112.802057	22.247563	1	80	95	政府机构
440785105002	江洲圩社区居民委员会	112.453888	22.279602	0	18	40	乡镇
440785100200	横东村民委员会	112.329060	22.032119	0	30	72	村庄
440781115211	芙湾村委会	112.776993	21.723693	0	25	47	乡镇
440784107217	昆联村委会	112.766625	22.545606	0	18	40	乡镇
440781105211	达材村委会	112.821380	22.138580	0	30	58	村庄
440783112225	高镇村委会	112.482210	22.159440	0	30	72	村庄
440704001026	北湾社区居委会	113.111000	22.560399	0	18	40	区县
440785103210	高园村民委员会	112.421450	22.382491	1	80	100	政府机构
440783002002	幕沙社区居委会	112.690939	22.372193	1	80	100	政府机构
440705105206	黄冲村委会	113.056670	22.297169	0	25	70	乡镇
440781112215	渔业村委会	112.481696	21.859784	0	18	66	乡镇
440783105221	齐洞村委会	112.488983	22.511304	0	25	47	乡镇
440783115221	金村村委会	112.704838	22.512469	0	18	49	乡镇
440781102215	东方村委会	112.898755	22.246689	0	16	65	乡镇
440783106231	白沙村委会	112.509571	22.245784	1	80	100	政府机构
440781111205	仑定村委会	112.595454	21.831165	0	18	40	乡镇
440784103203	丽水村委会	112.907015	22.813484	0	18	40	乡镇
440781101205	荔枝塘村委会	112.795242	22.336297	0	25	70	乡镇
440785107204	潭角村民委员会	112.190870	22.123320	0	30	72	UNKNOWN
440704005225	丰盛村委会	113.091161	22.528635	1	80	97	政府机构
440781114210	那琴村委会	112.367050	21.734412	1	80	100	政府机构
440705001222	南庚村委会	113.012189	22.484539	1	80	100	政府机构
440783103224	塘浪村委会	112.715207	22.406485	1	80	100	政府机构
440784108208	荷村村委会	112.672653	22.616221	1	80	100	政府机构
440705107217	三崖村委会	113.118139	22.357248	0	25	46	乡镇
440785101201	进职村民委员会	112.380908	22.282731	0	18	66	乡镇
440705109209	东成村委会	113.176410	22.420949	0	30	72	村庄
440703002103	阜康社区居委会	113.077218	22.571357	1	80	97	政府机构
440781102002	五十圩居委会	112.866603	22.255550	1	80	100	政府机构
440784105206	东南村委会	112.825690	22.628110	0	30	72	村庄
440785106205	白石村民委员会	112.224600	22.284759	0	30	72	村庄
440705110213	大鳌尾村委会	113.214520	22.476610	0	50	68	UNKNOWN
440781100204	山前村委会	112.782230	22.406931	0	30	72	村庄
440784102202	南靖村委会	112.964000	22.765400	0	14	32	区县
440781110204	奇石村委会	112.738019	21.935299	0	16	65	乡镇
440783107230	横安村委会	112.509160	22.464709	1	80	100	政府机构
440784112202	双桥村委会	112.571611	22.607467	1	80	100	政府机构
440705103203	和平村委会	112.829033	22.353695	1	80	100	政府机构
440705106001	沙堆社区居委会	113.154699	22.294936	0	18	66	乡镇
440785105215	中安村民委员会	112.417050	22.332790	0	30	72	村庄
440703006117	碧桂园社区居委会	113.053513	22.629093	1	80	100	政府机构
440781103214	冲泮村委会	112.640442	22.243423	0	16	38	乡镇
440784101212	湴蓼村委会	112.911780	22.767301	0	25	47	乡镇
440705001019	碧桂园社区居委会	112.996976	22.499705	0	18	49	乡镇
440783104220	大罗村村委会	112.557700	22.472270	0	25	70	乡镇
440781113214	那南村委会	112.436558	22.051204	1	80	100	政府机构
440703002154	良化北社区居委会	113.106592	22.605305	1	80	100	政府机构
440705104246	岛桥村委会	112.999992	22.386866	0	16	38	乡镇
440705110205	新地村委会	112.943687	22.479383	1	80	100	政府机构
440781100212	里坳村委会	112.803834	22.392972	0	18	66	乡镇
440783109238	塘美村委会	112.604877	22.375500	1	80	100	政府机构
440785105203	沙冈村民委员会	112.453888	22.279602	0	18	49	乡镇
440785100001	横陂墟镇居委会	112.445927	22.385733	1	80	100	政府机构
440783001213	仁亲村委会	112.694197	22.345913	0	20	41	乡镇
440703002142	会龙社区居委会	113.077218	22.571357	1	80	97	政府机构
440781113202	井东村委会	112.713617	22.401449	1	80	100	政府机构
440784101204	尧溪村委会	112.911780	22.767301	0	25	47	乡镇
440781103202	阳岭村委会	112.640442	22.243423	0	16	65	乡镇
440703006101	五福社区居委会	113.079540	22.590197	1	80	97	政府机构
440781001223	元山村委会	112.802057	22.247563	1	80	95	政府机构
440785102207	那湾村民委员会	112.306240	22.324399	0	18	49	乡镇
440783001028	中山社区居委会	112.709936	22.358539	1	90	100	政府机构
440783103232	芙冈村委会	112.598363	22.438748	0	25	47	乡镇
440781114206	早禾石村委会	112.404150	21.873289	0	25	43	乡镇
440784103002	东宁社区居民委员会	112.952088	22.825686	1	80	92	地产小区
440781104206	联山村委会	112.732200	22.160090	0	30	72	村庄
440781109208	莲湖村委会	112.716490	22.007211	0	30	72	村庄
440784105210	东坑村委会	112.828070	22.602600	0	30	72	村庄
440783109003	渔业社区居委会	112.613925	22.327783	0	18	66	乡镇
440703002115	永盛社区居委会	113.077218	22.571357	1	80	97	政府机构
440783110222	茅溪村委会	112.533369	22.314468	0	18	66	乡镇
440781107216	丰江村委会	112.943160	22.060449	0	25	70	乡镇
440783108235	水边村委会	112.621853	22.373375	1	80	100	政府机构
440703006121	天福社区居委会	113.079540	22.590197	1	80	97	政府机构
440785109200	上绵湖村民委员会	112.405783	22.223431	0	20	67	乡镇
440705101208	潮透村委会	112.911180	22.560980	0	30	58	UNKNOWN
440703101210	弓田村委会	113.041593	22.663504	0	25	47	乡镇
440783117206	红花村委会	112.757635	22.454982	1	80	100	政府机构
440704004005	清兰社区居委会	113.150322	22.599732	1	80	100	政府机构
440783002223	平原村委会	112.625810	22.373990	0	30	72	村庄
440705102218	天等村委会	112.833465	22.485989	1	80	100	政府机构
440785001010	飞鹅塘居委会	112.328865	22.194662	1	80	100	政府机构
440703002135	东华社区居委会	113.077218	22.571357	1	80	97	政府机构
440781108205	铜鼓村委会	112.921950	21.869230	1	80	100	政府机构
440705001214	城南村委会	113.041300	22.509650	1	80	100	政府机构
440704005213	武东村委会	113.091161	22.528635	1	80	97	政府机构
440781001203	东坑村委会	112.802057	22.247563	1	80	95	政府机构
440705108212	临步村委会	113.032000	22.458800	0	14	32	区县
440705104231	东北村委会	113.029430	22.420151	0	30	72	村庄
440783112229	红光村委会	112.445167	22.270805	1	80	100	政府机构
440703002123	石湾社区居委会	113.077218	22.571357	1	80	97	政府机构
440785001006	小岛社区居委会	112.316840	22.180940	1	90	97	政府机构
440783107247	牛山村委会	112.564709	22.469061	1	80	100	政府机构
440705104227	楼墩村委会	112.999992	22.386866	0	16	65	乡镇
440705108204	深吕村委会	113.109745	22.480298	1	80	100	政府机构
440781001215	筋坑村委会	112.802057	22.247563	1	80	94	政府机构
440704005205	五四村委会	113.084445	22.534304	1	80	100	政府机构
440783108223	北义村委会	112.569370	22.347460	1	80	100	政府机构
440781101209	大岭村委会	112.783559	22.351263	1	80	100	政府机构
440781111209	联南村委会	112.595454	21.831165	0	18	49	乡镇
440784001015	新业社区居民委员会	113.004167	22.787626	0	25	47	乡镇
440783117210	海燕村委会	112.773250	22.443670	0	25	70	乡镇
440781102219	大东村委会	112.898755	22.246689	0	16	65	乡镇
440703101206	三堡村委会	112.993753	22.687846	1	80	100	政府机构
440705109205	东环沙村委会	113.153361	22.482896	1	80	100	政府机构
440704004204	东升村委会	113.147667	22.593623	1	80	97	政府机构
440783116246	南塘美村委会	112.574228	22.115433	0	16	33	乡镇
440781109212	西泽村委会	112.756080	22.050850	0	25	70	乡镇
440785109001	东成墟镇居委会	112.445927	22.385733	1	80	100	政府机构
440784001202	玉桥村委会	112.709061	22.639043	1	80	100	政府机构
440703102001	荷塘社区居委会	113.127690	22.664837	0	25	70	乡镇
440784108204	下沙村委会	112.668821	22.668504	0	16	65	乡镇
440783103228	联光村委会	112.598363	22.438748	0	25	70	乡镇
440781001002	东云社区居委会	112.795491	22.246568	1	80	100	政府机构
440705001015	同德社区居委会	112.996976	22.499705	0	18	49	乡镇
440781103218	新三八村委会	112.670590	22.305621	1	80	100	政府机构
440785106209	炉塘村民委员会	112.134800	22.266880	0	30	72	村庄
440785001211	平塘村民委员会	112.316840	22.180940	1	90	95	政府机构
440703103217	南芦村委会	113.040486	22.599005	1	80	100	政府机构
440783109222	芦阳村委会	112.613925	22.327783	0	18	40	乡镇
440781100208	麦巷村委会	112.813091	22.422765	1	80	100	政府机构
440705103219	芦冲村委会	112.837347	22.429711	1	80	100	政府机构
440704005004	中福社区居委会	113.091161	22.528635	1	80	97	政府机构
440705001003	南宁社区居委会	113.036283	22.522270	1	80	100	政府机构
440785108201	塘冲村民委员会	112.275600	22.108709	0	30	72	村庄
440783109234	护龙村委会	112.613925	22.327783	0	18	66	乡镇
440703103201	中和村委会	113.088965	22.583909	0	25	55	乡镇
440785001207	石联村民委员会	112.316840	22.180940	1	90	95	政府机构
440705105230	横水村委会	112.814937	22.331959	1	80	100	政府机构
440704004212	直冲村委会	113.153960	22.591800	1	80	100	政府机构
440703002119	白沙社区居委会	113.077218	22.571357	1	80	97	政府机构
440784107221	云中村委会	112.766625	22.545606	0	18	66	乡镇
440781109204	山底村委会	112.757760	22.058220	0	30	72	村庄
440783116250	三合村委会	112.688689	22.469165	1	80	100	政府机构
440783001024	港口社区居委会	112.706390	22.368442	1	80	100	政府机构
440705106220	梅北村委会	113.154699	22.294936	0	18	66	乡镇
440784001214	杰洲村委会	113.004167	22.787626	0	25	47	乡镇
440783104001	苍城墟社区居委会	112.557700	22.472270	0	25	70	乡镇
440783001025	祥龙社区居委会	112.679576	22.357454	1	80	100	政府机构
440705106221	梅兴村委会	113.154699	22.294936	0	18	40	乡镇
440705470001	今古洲社区	113.026880	22.481560	0	30	100	UNKNOWN
440784001215	坡山村委会	112.995698	22.792827	1	80	100	政府机构
440705105231	龙旺村委会	113.058170	22.303719	0	30	72	村庄
440704004213	东宁村委会	113.147667	22.593623	1	80	97	政府机构
440703002118	杏苑社区居委会	113.077218	22.571357	1	80	95	政府机构
440784107220	云东村委会	112.766625	22.545606	0	18	40	乡镇
440781109205	塘头村委会	112.743687	22.043627	1	80	100	政府机构
440783116251	东山村委会	112.578379	22.098515	1	80	100	政府机构
440785108200	沙栏村民委员会	112.266970	22.134160	1	80	100	政府机构
440783109235	小海村委会	112.613925	22.327783	0	18	66	乡镇
440785001206	石栏村民委员会	112.316840	22.180940	1	90	95	政府机构
440705103218	升平村委会	112.838117	22.359326	1	80	100	政府机构
440705001002	菱东社区居委会	113.039807	22.524714	1	80	100	政府机构
440785106208	北合村民委员会	112.231020	22.264240	0	25	55	乡镇
440785001210	平富岗村委会	112.316840	22.180940	1	90	93	政府机构
440703103216	北芦村委会	113.037210	22.600964	1	80	100	政府机构
440781100209	石桥村委会	112.790296	22.394796	1	80	100	政府机构
440783109223	石溪村委会	112.581303	22.322356	1	80	100	政府机构
440781001003	环南社区居委会	112.802057	22.247563	1	80	97	政府机构
440705001014	明兴社区居委会	113.055362	22.525904	1	70	92	地产小区
440784001203	莺朗村委会	113.004167	22.787626	0	25	47	乡镇
440784108205	漱云村委会	112.668821	22.668504	0	16	38	乡镇
440783103229	红岭村委会	112.277139	22.307839	1	80	100	政府机构
440704004205	南山村委会	113.147667	22.593623	1	80	97	政府机构
440783116247	大津村委会	112.574228	22.115433	0	16	38	乡镇
440781109213	庙边村委会	112.582291	22.365571	1	80	100	政府机构
440783117211	开锋村委会	112.773250	22.443670	0	25	47	乡镇
440781102218	东冠村委会	112.794000	22.251600	0	12	26	区县
440703101207	中心村委会	113.063780	22.667909	0	30	72	村庄
440781101208	灌田村委会	112.795242	22.336297	0	25	70	乡镇
440783108222	潭溪村委会	112.571243	22.384577	0	18	66	乡镇
440781111208	澳村村委会	112.588441	21.874759	1	80	100	政府机构
440784001014	兴业社区居民委员会	113.004167	22.787626	0	25	47	乡镇
440783107246	蒲冈村委会	112.487410	22.429871	0	30	58	UNKNOWN
440705001203	永安村委会	113.032830	22.512301	1	80	97	政府机构
440705104226	嘉寮村委会	112.999992	22.386866	0	16	38	乡镇
440705108205	九子沙村委会	113.139240	22.474900	1	80	100	政府机构
440781001214	礼边村委会	112.802057	22.247563	1	80	97	政府机构
440704005204	雄光村委会	113.088994	22.527283	1	80	100	政府机构
440703002122	范罗岗社区居委会	113.077218	22.571357	1	80	97	政府机构
440783112228	联庆村委会	112.448997	22.181004	1	80	100	政府机构
440785001007	凤山社区居委会	112.316840	22.180940	1	90	97	政府机构
440703103001	中心社区居委会	113.088965	22.583909	0	25	70	乡镇
440785108001	大槐墟镇居委会	112.445927	22.385733	1	80	100	政府机构
440781108204	长沙村委会	112.879357	21.934472	1	80	100	政府机构
440705001215	梅江村委会	113.032830	22.512301	1	80	97	政府机构
440704005212	威东村委会	113.094243	22.532980	1	80	100	政府机构
440781001202	北坑村委会	112.802057	22.247563	1	80	97	政府机构
440705108213	新马单村委会	113.116254	22.448937	0	18	35	乡镇
440705104230	桥美村委会	113.021930	22.420861	0	30	58	UNKNOWN
440783105001	龙胜墟社区居委会	112.488983	22.511304	0	25	55	乡镇
440783115001	月山墟社区居委会	112.704838	22.512469	0	18	49	乡镇
440703002134	启华社区居委会	113.077218	22.571357	1	80	95	政府机构
440783117207	后溪村委会	112.770943	22.461071	1	80	100	政府机构
440704004004	四大社区居委会	113.147667	22.593623	1	80	94	政府机构
440783002222	东升村委会	112.724109	22.403693	1	80	100	政府机构
440705102219	石名村委会	112.842882	22.497272	0	18	40	乡镇
440703102201	禾岗村委会	113.127690	22.664837	0	25	70	乡镇
440703006120	丰雅社区居委会	113.079540	22.590197	1	80	95	政府机构
440783108234	龙和村委会	112.349203	22.525075	1	80	100	政府机构
440785109201	下绵湖村民委员会	112.372220	22.218411	1	80	100	政府机构
440705101209	牛勒村委会	112.918477	22.514276	0	30	58	村庄
440781109209	塘底村委会	112.764069	22.253595	1	80	100	政府机构
440784105211	新联村委会	112.818048	22.636673	0	18	66	乡镇
440783110223	茅冈村委会	112.514209	22.291839	1	80	100	政府机构
440781107217	白石村委会	112.987430	22.042950	0	30	72	村庄
440703002114	幸福社区居委会	113.077218	22.571357	1	80	97	政府机构
440781001222	淡村村委会	112.802057	22.247563	1	80	97	政府机构
440785102206	福坪村民委员会	112.306240	22.324399	0	18	49	乡镇
440705104210	蓢头村委会	112.949140	22.406200	0	30	58	UNKNOWN
440783001029	迳头社区居委会	112.700860	22.350481	1	80	100	政府机构
440783103233	清湖塘村委会	112.624643	22.049045	1	80	100	政府机构
440781114207	下洞村委会	112.397003	21.846855	1	80	100	政府机构
440784106201	南坑村委会	112.884100	22.583159	0	30	72	村庄
440784401498	广东省江门监狱虚拟社区	112.964000	22.765400	0	14	46	区县
440781104207	温泉村委会	112.757340	22.185950	0	30	72	村庄
440785105202	塘库村民委员会	112.459200	22.310919	0	30	72	村庄
440705103214	六联村委会	112.847072	22.435474	1	80	100	政府机构
440783001212	南山村委会	112.685069	22.341627	0	30	72	村庄
440703002143	侧贤社区居委会	113.077218	22.571357	1	80	95	政府机构
440781113203	河东村委会	112.514660	21.975667	1	80	100	政府机构
440784101205	松岗村委会	112.885950	22.758990	0	30	72	村庄
440781106001	斗山圩居委会	112.834254	22.060090	1	80	100	政府机构
440781103203	西村村委会	112.586591	22.269161	1	80	100	政府机构
440705104247	朱村村委会	112.989151	22.434729	1	80	100	政府机构
440705110204	深滘村委会	113.186448	22.518792	0	25	47	乡镇
440783109239	中庙村委会	112.595911	22.347810	1	80	100	政府机构
440781100213	歧岭村委会	112.580705	22.369953	1	80	100	政府机构
440705103202	潭冈村委会	112.877276	22.416607	0	18	66	乡镇
440785105214	永华村民委员会	112.425270	22.314001	0	30	72	村庄
440781103215	塘洞村委会	112.697070	22.295889	1	80	100	政府机构
440703006116	好景社区居委会	113.079540	22.590197	1	80	97	政府机构
440784101213	那白村委会	112.911780	22.767301	0	25	70	乡镇
440705001018	七堡工贸城社区居委会	112.925212	22.501016	1	75	92	UNKNOWN
440783104221	联和村委会	112.557700	22.472270	0	25	55	乡镇
440781113215	大洞村委会	112.840773	22.330204	1	80	100	政府机构
440785106204	华南村民委员会	112.231130	22.256300	1	80	100	政府机构
440703005106	豸冈社区居委会	113.121762	22.623485	1	80	97	政府机构
440781100205	沙冲村委会	112.803834	22.392972	0	18	66	乡镇
440784102203	昆东村委会	112.964000	22.765400	0	14	32	区县
440781110205	团村村委会	112.738019	21.935299	0	16	47	乡镇
440783107231	高元村委会	112.481121	22.467121	0	18	66	乡镇
440705107216	官冲村委会	113.114310	22.350369	0	25	70	乡镇
440785101200	长安村民委员会	112.362360	22.260921	0	30	72	村庄
440705109208	梅大冲村委会	113.179537	22.448117	1	80	100	政府机构
440703002102	迦南社区居委会	113.077218	22.571357	1	80	95	政府机构
440781107201	金星村委会	112.943160	22.060449	0	25	55	乡镇
440781102003	坂锡社区居委会	112.898755	22.246689	0	16	65	乡镇
440704005224	镇龙村委会	113.091161	22.528635	1	80	97	政府机构
440781114211	沙咀村委会	112.333049	21.725135	1	80	100	政府机构
440705001223	孖冲村委会	113.032343	22.475435	1	80	100	政府机构
440783103225	西村村委会	112.303700	22.434261	1	80	100	政府机构
440784108209	选田村委会	112.682770	22.635890	0	30	58	村庄
440783106230	蕉园村委会	112.502705	22.447599	1	80	100	政府机构
440781111204	河东村委会	112.566550	21.824569	0	30	72	村庄
440784103202	麦水村委会	112.907015	22.813484	0	18	40	乡镇
440781101204	联兴村委会	112.760360	22.376969	0	30	72	村庄
440785107205	黄角村民委员会	112.113190	22.174580	0	30	72	村庄
440705101213	张村村委会	112.892075	22.536591	1	80	100	政府机构
440781112214	横山村委会	112.441469	21.876263	0	30	72	村庄
440783105220	白村村委会	112.488983	22.511304	0	25	70	乡镇
440781102214	五四村委会	112.898755	22.246689	0	16	65	乡镇
440705102203	三益村委会	112.889270	22.480900	1	80	100	政府机构
440705107001	古井社区居委会	113.114310	22.350369	0	25	70	乡镇
440781115210	独湾村委会	112.640810	21.671960	0	30	58	村庄
440784107216	昆中村委会	112.766625	22.545606	0	18	40	乡镇
440781105210	竹湖村委会	112.814950	22.119270	1	80	100	政府机构
440783112224	金鸡村委会	112.487230	22.165021	1	80	100	政府机构
440704001027	富横社区居委会	113.111000	22.560399	0	18	49	区县
440785103211	南平村民委员会	112.430030	22.359330	0	30	72	村庄
440783002003	东兴社区居委会	112.654420	22.389409	0	18	66	乡镇
440781113002	那扶圩居委会	112.406453	22.085991	1	80	100	政府机构
440784104206	蟠龙村委会	112.864721	22.720835	1	80	100	政府机构
440704005208	英北村委会	113.091161	22.528635	1	80	97	政府机构
440781001218	朱洞村委会	112.802057	22.247563	1	80	97	政府机构
440785100201	歧联村民委员会	112.327770	22.036600	0	25	70	乡镇
440703002138	港口社区居委会	113.077218	22.571357	1	80	97	政府机构
440781105206	竹洛村委会	112.816254	22.109652	1	80	100	政府机构
440784102002	新雅社区居民委员会	112.964220	22.765260	1	80	95	生活服务
440781115206	马山村委会	112.796930	21.691890	0	30	72	村庄
440785103207	下凯村民委员会	112.427060	22.394261	1	80	100	政府机构
440781106216	其乐村委会	112.831310	22.041300	0	30	58	村庄
440783111222	坎田村委会	112.483569	22.429647	1	80	100	政府机构
440784104210	龙溪村委会	112.906900	22.713720	0	30	72	村庄
440781108208	北门村委会	112.987471	21.995528	0	30	72	村庄
440705001219	群胜村委会	112.996976	22.499705	0	18	49	乡镇
440785100217	围边村民委员会	112.366830	21.970251	1	80	100	政府机构
440781101212	长塘村委会	112.803457	22.310515	1	80	100	政府机构
440781111212	永和村委会	112.826107	22.340817	1	80	100	政府机构
440783106226	群联村委会	112.353370	22.509040	0	30	72	村庄
440705101205	小泽村委会	112.950850	22.520080	0	30	58	UNKNOWN
440781102202	复盛村委会	112.845300	22.180570	0	30	58	UNKNOWN
440783115236	水二村委会	112.704838	22.512469	0	18	66	乡镇
440781112202	上头村委会	112.481696	21.859784	0	18	66	乡镇
440703103220	贯溪村委会	113.066175	22.588165	0	30	72	村庄
440705102215	石乔村委会	112.842882	22.497272	0	18	40	乡镇
440785104203	黄坭坦村民委员会	112.390480	22.362599	0	30	72	UNKNOWN
440785101001	圣堂墟镇居委会	112.445927	22.385733	1	80	100	政府机构
440704004008	永康社区居委会	113.147667	22.593623	1	80	97	政府机构
440783108233	魁草村委会	112.571243	22.384577	0	18	40	乡镇
440781101219	罗边村委会	112.795242	22.336297	0	25	70	乡镇
440703102206	康溪村委会	113.127690	22.664837	0	25	47	乡镇
440781111219	东联村委会	112.648643	21.868928	0	30	72	村庄
440785109206	横岗头村民委员会	112.403810	22.244289	0	30	72	村庄
440781102209	营村村委会	112.740939	22.293239	1	80	100	政府机构
440783117200	永安村委会	112.797430	22.446570	0	30	72	村庄
440703101216	横江村委会	113.041593	22.663504	0	25	70	乡镇
440781112209	小担村委会	112.470691	21.874567	1	80	95	UNKNOWN
440785104208	梨园村民委员会	112.362850	22.362551	0	30	72	村庄
440783002225	爱民村委会	112.649660	22.389720	0	30	72	村庄
440704004003	石鹤利社区居委会	113.141351	22.595035	1	80	100	政府机构
440703002133	美景社区居委会	113.077218	22.571357	1	80	97	政府机构
440783111229	春山村委会	112.544900	22.243220	0	30	72	村庄
440781108203	长安村委会	112.891140	21.958140	0	30	72	村庄
440705001212	灵镇村委会	113.053418	22.518560	1	80	100	政府机构
440705104237	五堡村委会	112.999992	22.386866	0	16	65	乡镇
440781001205	河北村委会	112.802057	22.247563	1	80	97	政府机构
440704005215	新创村委会	113.091161	22.528635	1	80	94	政府机构
440703002125	蓬莱社区居委会	113.077218	22.571357	1	80	97	政府机构
440783002008	南岛社区居委会	112.654420	22.389409	0	18	49	乡镇
440705001204	仁义村委会	112.996976	22.499705	0	18	49	乡镇
440783107241	北湖村委会	112.481121	22.467121	0	18	66	乡镇
440704005203	雄乡村委会	113.091161	22.528635	1	80	95	政府机构
440705108202	新江村委会	113.110230	22.429730	1	80	97	UNKNOWN
440781001213	横湖村委会	112.802057	22.247563	1	80	97	政府机构
440705104221	塘河村委会	112.991930	22.389429	0	30	72	村庄
440703102210	塔岗村委会	113.115390	22.669807	1	80	100	政府机构
440783108225	裡村村委会	112.571243	22.384577	0	18	40	乡镇
440784103209	大埠村委会	112.907015	22.813484	0	18	66	乡镇
440785109210	金坑村民委员会	112.359280	22.172860	0	30	72	村庄
440784001013	新华社区居民委员会	112.965561	22.767035	1	80	100	政府机构
440783117216	寺前村委会	112.723850	22.411550	0	30	72	村庄
440704004202	麻二村委会	113.147667	22.593623	1	80	97	政府机构
440705109203	南安村委会	113.162228	22.492914	1	75	100	政府机构
440703002109	西园社区居委会	113.077218	22.571357	1	80	97	政府机构
440783117001	人民社区居委会	112.763900	22.450599	1	80	100	政府机构
440783116240	沙洲村委会	112.739885	22.283407	1	80	100	政府机构
440783107001	马冈墟社区居委会	112.481121	22.467121	0	18	49	乡镇
440781109214	隆文村委会	112.756080	22.050850	0	25	47	乡镇
440784001204	仓边村委会	112.947217	22.767288	1	80	100	政府机构
440784108202	靖村村委会	112.620693	22.614755	1	80	100	政府机构
440705001228	大洞村委会	113.032830	22.512301	1	80	97	政府机构
440705103209	下沙村委会	112.882320	22.457169	1	80	100	政府机构
440781001004	南塘社区居委会	112.802057	22.247563	1	80	97	政府机构
440705001013	城西社区居委会	113.032830	22.512301	1	80	97	政府机构
440781111223	新河村委会	112.559430	21.822500	0	30	72	村庄
440785108211	石及村民委员会	112.257798	22.078884	0	18	49	乡镇
440705110219	大八顷村委会	113.186448	22.518792	0	25	43	乡镇
440784102208	古蚕村委会	113.008330	22.752480	0	30	72	村庄
440785001217	禄平村民委员会	112.316840	22.180940	1	90	97	政府机构
440703103211	杜阮村委会	113.088965	22.583909	0	25	47	乡镇
440704005002	文苑社区居委会	113.091161	22.528635	1	80	97	政府机构
440785105209	新塘村民委员会	112.469800	22.281250	0	30	72	村庄
440781113208	小江村委会	112.505480	21.977680	0	25	70	乡镇
440705001005	河南社区居委会	112.996976	22.499705	0	18	49	乡镇
440703002148	良南一社区居委会	113.077218	22.571357	1	80	95	政府机构
440781103208	朗北村委会	112.640442	22.243423	0	16	47	乡镇
440785108207	良洞村民委员会	112.221610	22.115800	0	30	72	村庄
440703103207	松岭村委会	113.000073	22.607868	1	80	100	政府机构
440785001201	西安村民委员会	112.316840	22.180940	1	90	95	政府机构
440783109232	新建村委会	112.606730	22.317461	0	30	72	村庄
440781100218	来安村委会	112.803834	22.392972	0	18	66	乡镇
440704001016	中沙社区居委会	113.111000	22.560399	0	18	49	区县
440704004214	前进村委会	113.147667	22.593623	1	80	97	政府机构
440785103220	南闸村民委员会	112.493110	22.390510	1	80	100	政府机构
440781109202	西头村委会	112.756080	22.050850	0	25	70	乡镇
440703101001	棠下社区居委会	113.041593	22.663504	0	25	70	乡镇
440783110228	厚山村委会	112.533369	22.314468	0	18	66	乡镇
440784001212	赤坎村委会	113.003086	22.782355	1	80	100	政府机构
440783001022	长沙东社区居委会	112.694197	22.345913	0	20	50	乡镇
440783105231	现龙村委会	112.497372	22.504982	1	80	100	政府机构
440781112205	沙奇村委会	112.481696	21.859784	0	18	40	乡镇
440781102205	塘虾村委会	112.722651	22.162191	1	80	100	政府机构
440783115231	石头村委会	112.743310	22.493370	0	30	72	村庄
440783002229	东乐村委会	112.671570	22.380122	1	80	100	政府机构
440705102212	石步村委会	112.842882	22.497272	0	18	66	乡镇
440785104204	鹏昌村民委员会	112.408350	22.381960	1	80	100	政府机构
440781111215	丹堂村委会	112.595454	21.831165	0	18	40	乡镇
440783106221	西湾村委会	112.355540	22.512800	0	25	70	乡镇
440781101215	新塘村委会	112.836470	22.307570	0	30	72	村庄
440784001009	新升社区居民委员会	112.967400	22.768480	1	80	100	政府机构
440705101202	莲塘村委会	112.981886	22.513481	1	80	100	政府机构
440781106211	横江村委会	112.333403	22.095447	1	80	100	政府机构
440783111225	长乐村委会	112.515850	22.248649	0	30	72	村庄
440784104217	富岗村委会	112.909680	22.713109	0	20	67	乡镇
440704005219	新民村委会	113.091161	22.528635	1	80	97	政府机构
440781001209	大亨村委会	112.802057	22.247563	1	80	97	政府机构
440705108218	新谢村村委会	113.032000	22.458800	0	14	29	区县
440705106206	沙西村委会	113.149630	22.302801	1	80	100	政府机构
440785100210	白庙村民委员会	112.325890	22.064730	0	30	72	村庄
440781115201	山咀村委会	112.794000	22.251600	0	12	26	区县
440781100003	公益圩第二居委会	112.803834	22.392972	0	18	49	乡镇
440781105201	前锋村委会	112.777830	22.088980	0	30	72	村庄
440705105216	洞南村委会	113.051960	22.338460	0	30	58	UNKNOWN
440785103200	圣园村民委员会	112.398670	22.482129	0	30	72	UNKNOWN
440785106002	朗底墟居委会	112.231020	22.264240	0	25	55	乡镇
440781106207	西栅村委会	112.813803	22.082509	0	25	70	乡镇
440705001208	都会村委会	113.059513	22.540395	1	80	100	政府机构
440785100206	横西村民委员会	112.292370	22.027300	0	30	72	村庄
440784107211	东溪村委会	112.768860	22.475540	0	30	72	村庄
440703002129	东成社区居委会	113.077218	22.571357	1	80	95	政府机构
440783112223	五联村委会	112.462347	22.152647	0	18	66	乡镇
440781115217	茫洲村委会	112.776993	21.723693	0	25	70	乡镇
440785103216	关村村民委员会	112.465920	22.380120	1	80	100	政府机构
440783002004	侨园社区居委会	112.682296	22.364160	1	80	100	政府机构
440704001020	竹苑社区居委会	113.111000	22.560399	0	18	49	区县
440783115227	北二村委会	112.704838	22.512469	0	18	66	乡镇
440781102213	下朗村委会	112.898755	22.246689	0	16	65	乡镇
440781112213	西联村委会	112.441160	21.853930	0	30	72	村庄
440783105227	官渡村委会	112.488983	22.511304	0	25	70	乡镇
440784103205	下六村委会	112.922062	22.799627	1	80	100	政府机构
440781101203	冈宁村委会	112.795242	22.336297	0	25	47	乡镇
440783108229	升平村委会	112.720381	22.239226	1	80	100	政府机构
440781104001	三合圩居委会	112.717111	22.186133	1	80	100	政府机构
440781114001	陡门圩社区居委会	112.403787	21.873137	1	80	100	政府机构
440781111203	廓峰村委会	112.556059	21.827288	1	80	100	政府机构
440785107202	七星塘村民委员会	112.164460	22.119379	0	30	72	村庄
440704005223	向东村委会	113.091161	22.528635	1	80	95	政府机构
440784001208	越塘村委会	112.967439	22.766651	1	80	100	政府机构
440705104201	双水村委会	113.001260	22.431130	0	30	72	村庄
440705001224	天禄村委会	113.038231	22.465227	1	80	100	政府机构
440783103222	丽群村委会	112.630060	22.482889	1	80	100	政府机构
440705107211	洲朗村委会	113.114310	22.350369	0	25	47	乡镇
440785101207	根竹头村民委员会	112.388600	22.276680	1	80	100	政府机构
440781107206	下莘村村委会	112.957920	22.076850	0	30	58	村庄
440783110232	儒北村委会	112.556035	22.319151	1	80	100	政府机构
440703002105	岭梅社区居委会	113.077218	22.571357	1	80	95	政府机构
440705110215	东升村委会	113.212260	22.486030	0	30	72	村庄
440785103001	沙湖墟镇居委会	112.445927	22.385733	1	80	100	政府机构
440785106203	朗西村民委员会	112.200400	22.341280	0	30	72	村庄
440781110202	双龙村委会	112.789550	21.988170	0	30	72	村庄
440783107236	红丰村委会	112.481121	22.467121	0	18	66	乡镇
440703101220	天乡村委会	113.041593	22.663504	0	25	47	乡镇
440781100202	铁窖村委会	112.803834	22.392972	0	18	40	乡镇
440783109228	中股村委会	112.613925	22.327783	0	18	66	乡镇
440703005101	塘边社区居委会	113.121762	22.623485	1	80	97	政府机构
440784102204	隔朗村委会	112.964000	22.765400	0	14	32	区县
440781001008	合新社区居委会	112.802057	22.247563	1	80	97	政府机构
440705103205	天湖村委会	112.923501	22.407980	0	30	72	村庄
440785105213	杨屋村民委员会	112.419020	22.264001	0	30	72	村庄
440783104226	附城村委会	112.556800	22.475210	0	30	72	村庄
440781113212	那中村委会	112.505480	21.977680	0	25	70	乡镇
440703002152	海傍社区居委会	113.077218	22.571357	1	80	97	政府机构
440703006111	耙冲社区居委会	113.079540	22.590197	1	80	97	政府机构
440781103212	岗美村委会	112.577211	22.347837	1	80	100	政府机构
440705104240	南水村委会	112.974563	22.449571	0	30	72	村庄
440705110203	南沙村委会	113.186448	22.518792	0	25	70	乡镇
440784102212	建良村委会	112.964000	22.765400	0	14	32	区县
440781100214	新大江村委会	112.455387	21.947712	1	80	100	政府机构
440783117220	开新村委会	112.773250	22.443670	0	25	47	乡镇
440785105205	西园村民委员会	112.445260	22.324110	0	30	72	村庄
440783001215	燕山村委会	112.694197	22.345913	0	20	67	乡镇
440784101202	青文村委会	112.916010	22.762840	0	30	72	村庄
440781103204	龚边村委会	112.604080	22.273620	0	30	58	UNKNOWN
440703006107	石冲社区居委会	113.079540	22.590197	1	80	95	政府机构
440703002144	盛华社区居委会	113.077218	22.571357	1	80	97	政府机构
440705001009	南兴社区居委会	113.035778	22.512089	1	80	100	政府机构
440781113204	河西村委会	112.506656	21.981078	1	80	100	政府机构
440783104230	城西村委会	112.538170	22.474930	0	30	72	村庄
440785102201	雁鹅村民委员会	112.306240	22.324399	0	18	49	乡镇
440705104217	水库村委会	112.999992	22.386866	0	16	65	乡镇
440781001225	桂水村委会	112.802057	22.247563	1	80	94	政府机构
440783103234	蓢畔村委会	112.599036	22.451370	0	60	80	UNKNOWN
440781111002	青山居委会	112.595454	21.831165	0	18	66	乡镇
440705107207	竹乔龙村委会	113.118610	22.373849	0	30	72	村庄
440705109219	莲子塘村委会	113.157544	22.460977	0	25	70	乡镇
440703002113	龙腾社区居委会	113.077218	22.571357	1	80	97	政府机构
440783110224	松蓢村委会	112.536174	22.290566	1	80	100	政府机构
440781107210	大纲村委会	112.943160	22.060449	0	25	47	乡镇
440785101210	湴朗村民委员会	112.380908	22.282731	0	18	49	乡镇
440705107206	长沙村委会	113.114310	22.350369	0	25	70	乡镇
440705109218	石板沙村委会	113.157544	22.460977	0	25	43	乡镇
440783110225	桥上村委会	112.544090	22.297541	0	30	72	村庄
440781107211	沙岗村委会	112.922249	22.053084	0	30	72	村庄
440703002112	马腾社区居委会	113.077218	22.571357	1	80	95	政府机构
440783109004	墟镇社区居委会	112.613925	22.327783	0	18	66	乡镇
440785102200	良东村民委员会	112.306240	22.324399	0	18	49	乡镇
440705104216	豪山村委会	112.999992	22.386866	0	16	65	乡镇
440781001224	白水村委会	112.802057	22.247563	1	80	97	政府机构
440781104201	东联村委会	112.723080	22.199861	0	30	72	村庄
440781114201	沙湾塘村委会	112.384809	21.927189	1	80	100	政府机构
440785105204	平安村民委员会	112.440150	22.323470	0	30	72	村庄
440783001214	三围村委会	112.694197	22.345913	0	20	67	乡镇
440784101203	协华村委会	112.911780	22.767301	0	25	47	乡镇
440703006106	育德社区居委会	113.079540	22.590197	1	80	97	政府机构
440781103205	下屯村委会	112.640442	22.243423	0	16	65	乡镇
440703002145	江华社区居委会	113.077218	22.571357	1	80	97	政府机构
440705001008	南园社区居委会	112.996976	22.499705	0	18	49	乡镇
440781113205	井西村委会	112.494150	21.984407	1	80	100	政府机构
440783104231	潭碧村委会	112.557700	22.472270	0	25	47	乡镇
440705104241	北水村委会	112.999992	22.386866	0	16	65	乡镇
440705110202	百顷村委会	113.186448	22.518792	0	25	47	乡镇
440781100215	陈边村委会	112.656601	22.369379	1	80	100	政府机构
440783117221	冈中村委会	112.709409	22.392573	1	80	100	政府机构
440781001009	桥湖社区居委会	112.802057	22.247563	1	80	97	政府机构
440705103204	陈冲村委会	112.877276	22.416607	0	18	66	乡镇
440785105212	清湖村民委员会	112.424980	22.273891	0	30	72	村庄
440783104227	下湾村委会	112.747677	22.562533	1	80	100	政府机构
440781113213	龙岗村委会	112.457330	22.084359	0	30	72	村庄
440703002153	甘化社区居委会	113.077218	22.571357	1	80	95	政府机构
440781103213	里边村委会	112.640442	22.243423	0	16	65	乡镇
440703006110	双龙社区居委会	113.079540	22.590197	1	80	97	政府机构
440705110214	沙头村委会	113.213970	22.496790	0	30	72	村庄
440785106202	朗北村民委员会	112.231020	22.264240	0	25	70	乡镇
440781115001	三洲社区居委会	112.776993	21.723693	0	25	70	乡镇
440781110203	靖安村委会	112.738019	21.935299	0	16	65	乡镇
440783107237	龙冈村委会	112.543349	22.410610	1	80	100	政府机构
440703101221	河山村委会	113.067500	22.762290	0	30	72	村庄
440783109229	南楼村委会	112.574401	22.144658	1	80	100	政府机构
440781100203	东头村委会	112.777111	22.420337	1	80	100	政府机构
440781105001	冲蒌圩居委会	112.813165	22.125109	1	80	100	政府机构
440784102205	黄洞村委会	112.964000	22.765400	0	14	46	区县
440705107210	古泗村委会	113.114310	22.350369	0	25	47	乡镇
440785101206	塘龙村民委员会	112.380908	22.282731	0	18	49	乡镇
440703002104	明文社区居委会	113.077218	22.571357	1	80	95	政府机构
440781107207	银塘村委会	112.834463	22.150243	1	80	100	政府机构
440784105201	南星村委会	112.818048	22.636673	0	18	66	乡镇
440704005222	向民村委会	113.091161	22.528635	1	80	94	政府机构
440784001209	中东西村委会	112.969850	22.779730	0	30	72	村庄
440705001225	天马村委会	113.032830	22.512301	1	80	95	政府机构
440783103223	下丽村委会	112.598363	22.438748	0	25	47	乡镇
440784106211	良庚村委会	112.869976	22.588549	1	80	100	政府机构
440784103204	茶山村委会	112.886390	22.828159	0	30	72	村庄
440783108228	三社村委会	112.572809	22.382198	1	80	100	政府机构
440781101202	独冈村委会	112.758060	22.366529	0	30	58	UNKNOWN
440781111202	三兴村委会	112.547642	21.830547	1	80	100	政府机构
440785102001	良西墟镇社区居委会	112.342720	22.314969	0	50	82	UNKNOWN
440785107203	那西村民委员会	112.165630	22.123949	0	25	55	乡镇
440783115226	北一村委会	112.704838	22.512469	0	18	40	乡镇
440781102212	上朗村委会	112.898755	22.246689	0	16	65	乡镇
440781112212	冲口村委会	112.444260	21.865680	0	30	72	村庄
440783105226	棠红村委会	112.488983	22.511304	0	25	47	乡镇
440705102205	小坪村委会	112.842882	22.497272	0	18	66	乡镇
440781105216	三和村委会	112.781010	22.111397	0	25	70	乡镇
440783112222	游东村委会	112.462347	22.152647	0	18	40	乡镇
440703002128	象山社区居委会	113.077218	22.571357	1	80	97	政府机构
440781115216	家槟村委会	112.776993	21.723693	0	25	47	乡镇
440785103217	伍边村民委员会	112.456258	22.406506	0	18	49	乡镇
440783002005	梁金山社区居委会	112.685770	22.430630	0	30	72	村庄
440705109222	新沙村委会	113.157544	22.460977	0	25	70	乡镇
440704001021	仁美社区居委会	113.111000	22.560399	0	18	40	区县
440784101002	金华社区居民委员会	112.911780	22.767301	0	25	47	乡镇
440781106206	莲洲村委会	112.797865	22.107205	1	80	100	政府机构
440783001500	翠山果场	112.663791	22.424988	0	25	70	UNKNOWN
440705001209	大滘村委会	113.032830	22.512301	1	80	97	政府机构
440785100207	甘围村民委员会	112.327770	22.036600	0	25	70	乡镇
440781110002	环城社区居委会	112.801489	21.962532	1	80	100	政府机构
440781100002	公益圩第一居委会	112.803834	22.392972	0	18	49	乡镇
440784102004	石湖社区居民委员会	112.985770	22.748120	1	80	100	政府机构
440705105217	洞北村委会	113.051410	22.347700	0	30	58	UNKNOWN
440785103201	和平村民委员会	112.413310	22.446000	1	80	100	政府机构
440781106210	曹厚村委会	112.865480	22.029500	1	80	100	政府机构
440783111224	横石村委会	112.512820	22.279930	0	30	72	村庄
440784104216	龙都村委会	112.909680	22.713109	0	20	41	乡镇
440704005218	新华村委会	113.091161	22.528635	1	80	97	政府机构
440781001208	安步村委会	112.802057	22.247563	1	80	97	政府机构
440785100211	南华村民委员会	112.324480	22.012820	1	80	100	政府机构
440781111214	和阁村委会	112.595454	21.831165	0	18	66	乡镇
440783106220	岗坪村委会	112.355540	22.512800	0	25	70	乡镇
440781101214	天狮坡村委会	112.831040	22.314330	0	30	58	村庄
440784103212	新星村委会	112.961634	22.787732	1	80	100	政府机构
440784001008	桂林社区居民委员会	112.958950	22.770990	1	80	100	政府机构
440705101203	李苑村委会	112.920460	22.530083	0	18	40	乡镇
440783105230	桥新村委会	112.492170	22.512006	1	80	100	政府机构
440781112204	高朗村委会	112.285081	22.185885	1	80	100	政府机构
440781102204	高岭村委会	112.861410	22.202580	0	30	72	村庄
440783115230	高阳村委会	112.728770	22.468521	0	30	72	村庄
440783002228	西安村委会	112.663320	22.383551	1	80	100	政府机构
440785104205	莲华村民委员会	112.386930	22.376140	1	80	100	政府机构
440784001213	黄宝坑村委会	113.023842	22.791194	1	80	100	政府机构
440783001023	长沙西社区居委会	112.694197	22.345913	0	20	41	乡镇
440704001017	江翠社区居委会	113.097880	22.573620	1	70	92	地产小区
440704004215	七东村委会	113.147667	22.593623	1	80	97	政府机构
440781109203	锦江村委会	112.762490	22.063018	1	80	100	政府机构
440783110229	马降龙村委会	112.533369	22.314468	0	18	49	乡镇
440785108206	银水村民委员会	112.233148	22.048450	1	80	97	UNKNOWN
440703103206	子绵村委会	113.088965	22.583909	0	25	47	乡镇
440785001200	沙联村民委员会	112.316840	22.180940	1	90	95	政府机构
440783109233	两堡村委会	112.603759	22.301190	1	80	100	政府机构
440704005003	文昌沙社区居委会	113.091161	22.528635	1	80	95	政府机构
440785105208	大湾村民委员会	112.453230	22.291019	1	80	100	政府机构
440781113209	蓝田村委会	112.505480	21.977680	0	25	70	乡镇
440705001004	中心社区居委会	113.032830	22.512301	1	80	97	政府机构
440703002149	良南二社区居委会	113.077218	22.571357	1	80	94	政府机构
440781103209	朗南村委会	112.615986	22.159140	1	80	100	政府机构
440785108210	石坳村民委员会	112.257798	22.078884	0	18	49	乡镇
440705110218	安生村委会	113.186448	22.518792	0	25	70	乡镇
440784102209	古桥村委会	112.964000	22.765400	0	14	46	区县
440783109225	红溪村委会	112.583720	22.322460	0	30	72	村庄
440785001216	塘劳村民委员会	112.316840	22.180940	1	90	95	政府机构
440703103210	龙榜村委会	113.004980	22.605009	1	80	100	政府机构
440705103208	南联村委会	112.892710	22.456340	0	30	72	村庄
440781001005	新桥社区居委会	112.802057	22.247563	1	80	97	政府机构
440784101219	沙云村委会	112.911780	22.767301	0	25	70	乡镇
440705108501	沙仔场	113.032000	22.458800	0	14	37	区县
440705451598	银湖湾管委会虚拟生活区	113.046570	22.165640	1	80	95	政府机构
440705001012	城东社区居委会	113.048070	22.532058	1	80	100	政府机构
440781111222	南丰村委会	112.538330	21.786541	0	30	72	村庄
440784001205	镇南村委会	112.955488	22.760592	1	80	100	政府机构
440784108203	上沙村委会	112.668821	22.668504	0	16	65	乡镇
440705001229	七堡村委会	112.996976	22.499705	0	18	49	乡镇
440705105221	交贝石村委会	113.056670	22.297169	0	25	47	乡镇
440704004203	麻三村委会	113.147667	22.593623	1	80	97	政府机构
440703002108	复兴社区居委会	113.077715	22.567866	1	80	100	政府机构
440783116241	羊路村委会	112.574228	22.115433	0	16	65	乡镇
440781109215	三洞村委会	112.756080	22.050850	0	25	70	乡镇
440703101201	桐井村委会	113.041593	22.663504	0	25	70	乡镇
440783117217	新屋村委会	112.721530	22.408110	0	30	72	村庄
440705102209	兴篁村委会	112.842882	22.497272	0	18	40	乡镇
440783002232	三联村委会	112.654420	22.389409	0	18	66	乡镇
440703102211	为民村委会	113.127025	22.683347	1	80	100	政府机构
440783108224	仲和村委会	112.571243	22.384577	0	18	40	乡镇
440784103208	连北村委会	112.907015	22.813484	0	18	49	乡镇
440784001012	义学社区居民委员会	113.004167	22.787626	0	25	47	乡镇
440785109211	祝荷村民委员会	112.405783	22.223431	0	20	67	乡镇
440705101219	田金村委会	112.906436	22.524835	1	80	95	购物
440783106001	大沙墟社区居委会	112.355910	22.515050	0	50	82	UNKNOWN
440705001205	江咀村委会	112.996976	22.499705	0	18	49	乡镇
440783116001	赤水墟社区居委会	112.574228	22.115433	0	16	47	乡镇
440783107240	荣塘村委会	112.466700	22.480200	0	30	72	村庄
440704005202	跨龙村委会	113.091161	22.528635	1	80	94	政府机构
440705108203	联合村委会	113.099000	22.403120	0	30	72	村庄
440781001212	廛溪村委会	112.802057	22.247563	1	80	95	政府机构
440705104220	沙蓢村委会	112.999992	22.386866	0	16	38	乡镇
440785001001	东门社区居委会	112.316840	22.180940	1	90	97	政府机构
440703002124	太平社区居委会	113.077218	22.571357	1	80	97	政府机构
440783002009	海东社区居委会	112.654420	22.389409	0	18	66	乡镇
440783111228	风洞村委会	112.510024	22.242765	0	18	66	乡镇
440781108202	田头村委会	112.897360	21.970240	0	30	72	村庄
440705001213	泗丫村委会	112.996976	22.499705	0	18	40	乡镇
440705104236	洞阁村委会	112.999992	22.386866	0	16	38	乡镇
440781001204	板岗村委会	112.802057	22.247563	1	80	97	政府机构
440704005214	乌纱村委会	113.096877	22.532024	1	80	100	政府机构
440703002132	雅怡社区居委会	113.077218	22.571357	1	80	95	政府机构
440781102208	松头村委会	112.898755	22.246689	0	16	38	乡镇
440783117201	泮南村委会	112.789833	22.440804	1	80	100	政府机构
440703101217	虎岭村委会	113.041593	22.663504	0	25	70	乡镇
440781112208	五乡村委会	112.481696	21.859784	0	18	40	乡镇
440783400498	翠山湖新区虚拟社区	112.655337	22.429479	1	80	95	地产小区
440785104209	高联村民委员会	112.376060	22.368210	0	30	72	村庄
440783002224	民强村委会	112.636270	22.378439	0	30	72	村庄
440705110222	新联村委会	113.186448	22.518792	0	25	70	乡镇
440704004002	金溪社区居委会	113.147667	22.593623	1	80	97	政府机构
440781101218	茅莲村委会	112.795242	22.336297	0	25	47	乡镇
440783108232	冈陵村委会	112.549410	22.407051	0	30	58	UNKNOWN
440703102207	高村村委会	112.955029	22.654249	1	80	100	政府机构
440784108002	梧冈社区居民委员会	112.668821	22.668504	0	16	38	乡镇
440781111218	洞安村委会	112.595454	21.831165	0	18	40	乡镇
440785109207	石路村民委员会	112.381342	22.241185	0	30	72	道路
