441900109210	丁屋村村民委员会	113.927473	22.996124	0	30	72	村庄
441900005014	大莲塘社区居民委员会	113.726767	23.053265	1	80	97	UNKNOWN
441900127207	聚龙江村村民委员会	113.657380	23.064550	0	30	72	村庄
441900122005	寮厦社区居民委员会	113.676709	22.937382	0	40	65	UNKNOWN
441900006004	西隅社区居民委员会	113.744717	23.043935	1	80	100	政府机构
441900121015	龙眼社区居民委员会	113.702376	22.833198	1	80	95	政府机构
441900111227	井巷村村民委员会	113.837442	22.988309	1	80	100	政府机构
441900116018	平山社区居民委员会	114.087838	22.762740	0	30	58	地产小区
441900123213	义沙村村民委员会	113.641119	22.857061	0	30	72	村庄
441900123205	阇西村村民委员会	113.601702	22.901626	0	18	66	乡镇
441900109206	新门楼村村民委员会	113.949020	22.996350	0	30	72	村庄
441900122013	桥头社区居民委员会	114.101492	23.020619	1	70	88	地产小区
441900127211	寮厦村村民委员会	113.648260	23.059900	0	30	72	村庄
441900005002	万江社区居民委员会	113.737450	23.054610	1	80	100	政府机构
441900104208	水贝村村民委员会	113.958570	23.096729	0	30	72	村庄
441900124201	闸口村村民委员会	113.673830	23.004060	0	30	72	村庄
441900003007	余屋社区居民委员会	113.830457	23.078605	1	80	100	政府机构
441900116022	石马社区居民委员会	114.108051	22.743373	1	80	92	地产小区
441900110230	木棆村村民委员会	113.996819	22.980751	0	30	72	村庄
441900119011	上沙社区居民委员会	113.758594	22.792568	1	80	100	政府机构
441900125200	洪屋涡村村民委员会	113.605997	22.973016	0	20	41	乡镇
441900003400	黄旗生活区	113.783151	23.027810	1	75	92	政府机构
441900115209	铁场村村民委员会	114.215380	22.855334	1	80	100	政府机构
441900105209	上截村村民委员会	114.037670	23.058451	0	30	72	村庄
441900004003	鸿福社区居民委员会	113.743283	23.018701	1	100	95	政府机构
441900126210	华阳村村民委员会	113.576540	23.073350	0	30	72	村庄
441900108207	赵林村村民委员会	114.128696	22.963947	0	30	72	村庄
441900118207	旧飞鹅村村民委员会	113.812490	22.945161	0	30	72	村庄
441900126206	新基村村民委员会	113.588230	23.061069	0	30	72	村庄
441900004015	蛤地社区居民委员会	113.743283	23.018701	1	100	94	政府机构
441900118211	大环村村民委员会	113.796159	22.914891	0	30	72	村庄
441900003011	上桥社区居民委员会	113.783151	23.027810	1	75	90	政府机构
441900119007	新安社区居民委员会	113.779040	22.824320	1	80	100	政府机构
441900110226	沙湖口村村民委员会	114.025752	23.018990	0	30	72	村庄
441900104212	埔心村村民委员会	113.933220	23.083780	0	30	72	村庄
441900111010	缪边社区居民委员会	113.864679	22.974583	1	75	92	地产小区
441900121019	白沙社区居民委员会	113.675356	22.812542	0	18	40	乡镇
441900006008	兴塘社区居民委员会	113.749123	23.039037	1	75	90	政府机构
441900107202	屋厦村村民委员会	114.116040	23.025820	0	30	72	村庄
441900117202	油甘埔村村民委员会	114.172340	22.715593	0	30	72	村庄
441900122009	三屯社区居民委员会	113.701580	22.917698	0	18	40	乡镇
441900005018	坝头社区居民委员会	113.732678	23.027947	1	80	100	政府机构
441900129215	上江城村村民委员会	113.741660	23.068300	0	30	72	村庄
441900110206	金美村村民委员会	113.980005	22.961560	0	30	72	村庄
441900116014	大坪社区居民委员会	114.038370	22.782500	1	80	100	政府机构
441900128003	斗朗社区居民委员会	113.645257	23.093310	0	50	73	UNKNOWN
441900110210	桥沥村村民委员会	114.013790	22.930462	0	30	72	村庄
441900106002	恒泉社区居民委员会	113.726767	23.053265	1	80	97	UNKNOWN
441900103200	上元村村民委员会	113.885845	23.056125	0	30	72	村庄
441900123209	西大坦村村民委员会	113.591510	22.858429	0	30	72	村庄
441900111006	横坑社区居民委员会	113.806268	23.029070	1	80	92	地产小区
441900104204	沙角村村民委员会	113.992849	23.072157	0	30	72	村庄
441900107214	禾坑村村民委员会	114.051090	22.998070	0	30	72	村庄
441900129203	塘厦村村民委员会	113.758910	23.119310	1	80	100	政府机构
441900107003	桥头社区居民委员会	113.726767	23.053265	1	80	97	UNKNOWN
441900102201	林屋村村民委员会	113.856600	23.107241	0	30	72	地产小区
441900101211	涌口村村民委员会	113.814690	23.108880	0	30	72	村庄
441900111211	霞边村村民委员会	113.840370	23.007960	0	30	72	村庄
441900121023	南栅社区居民委员会	113.689850	22.786370	1	80	100	政府机构
441900128202	湛翠村村民委员会	113.698390	23.110160	0	30	72	村庄
441900106215	张坑村村民委员会	113.948555	23.030192	0	30	72	村庄
441900005022	新和社区居民委员会	113.699667	22.999596	1	80	100	政府机构
441900105205	清湖村村民委员会	114.062780	23.034890	0	30	72	村庄
441900115205	上元村村民委员会	114.168020	22.851201	0	30	72	村庄
441900004019	新城社区居民委员会	113.730037	23.039984	1	80	100	政府机构
441900128214	槎滘村村民委员会	113.631290	23.090720	1	80	100	政府机构
441900121035	新湾社区居民委员会	113.671112	22.784879	0	30	58	村庄
441900106203	横沥村村民委员会	113.967140	23.023496	1	90	100	政府机构
441900122025	湖景社区居民委员会	113.701580	22.917698	0	18	40	乡镇
441900115213	渔樑围村村民委员会	114.180863	22.835940	0	18	40	乡镇
441900105213	企石村村民委员会	114.020296	23.074536	0	30	72	村庄
441900129002	新创社区居民委员会	113.726767	23.053265	1	80	97	UNKNOWN
441900111207	向西村村民委员会	113.849960	23.029160	0	30	72	村庄
441900114005	北岸社区居民委员会	114.001965	22.886206	1	100	95	UNKNOWN
441900101207	沙腰村村民委员会	113.779730	23.117663	0	30	72	村庄
441900111206	塘唇村村民委员会	113.860066	23.016063	0	30	72	村庄
441900114004	田美社区居民委员会	114.026580	22.911662	1	80	92	地产小区
441900101206	四甲村村民委员会	113.786630	23.099910	0	30	72	村庄
441900122024	新围社区居民委员会	113.701580	22.917698	0	18	40	乡镇
441900115212	大利村村民委员会	114.201270	22.825220	0	30	72	村庄
441900105212	铁炉坑村村民委员会	114.023146	23.059531	0	30	72	村庄
441900128215	下芦村村民委员会	113.633820	23.071360	0	30	72	村庄
441900004018	雅园社区居民委员会	113.743283	23.018701	1	100	94	政府机构
441900106202	半仙山村村民委员会	113.962428	23.021835	1	80	100	政府机构
441900005023	上甲社区居民委员会	113.726767	23.053265	1	80	97	UNKNOWN
441900105204	上洞村村民委员会	114.053970	23.071800	0	30	72	村庄
441900115204	松岗村村民委员会	114.160540	22.854849	0	30	72	村庄
441900121022	小捷滘社区居民委员会	113.696907	22.807854	1	75	92	地产小区
441900128203	袁家涌村村民委员会	113.690396	23.113898	0	30	72	村庄
441900106214	月塘村村民委员会	113.947220	23.049310	0	30	72	村庄
441900101210	单屋村村民委员会	113.806749	23.118422	0	30	72	村庄
441900107002	莲城社区居民委员会	113.726767	23.053265	1	80	97	UNKNOWN
441900102200	忠维村村民委员会	113.851838	23.106242	0	30	72	村庄
441900117002	凤岗社区居民委员会	114.164481	22.719252	0	30	58	村庄
441900107215	田头角村村民委员会	114.048296	23.005267	0	30	72	村庄
441900129202	宝莲村村民委员会	113.757440	23.107750	0	30	72	村庄
441900111007	牛杨社区居民委员会	113.882791	22.951469	1	70	88	地产小区
441900104205	黄家壆村村民委员会	113.957389	23.082540	0	18	66	乡镇
441900113201	高英村村民委员会	113.928601	22.965138	0	30	72	村庄
441900116003	塘厦社区居民委员会	114.100115	22.821429	0	50	73	UNKNOWN
441900103201	茶山村村民委员会	113.877976	23.073309	0	30	72	村庄
441900123208	福禄沙村村民委员会	113.590950	22.883090	0	30	72	村庄
441900110211	卢屋村村民委员会	114.024007	22.946843	0	30	72	村庄
441900116015	田心社区居民委员会	114.056520	22.799850	1	80	100	政府机构
441900113217	松木山村村民委员会	113.908626	22.884495	0	30	72	村庄
441900128002	中心社区居民委员会	113.726767	23.053265	1	80	97	UNKNOWN
441900110207	还珠沥村村民委员会	113.989790	22.960700	0	30	72	村庄
441900107203	岗头村村民委员会	114.131138	23.030476	0	30	72	村庄
441900117203	凤德岭村村民委员会	114.166203	22.728565	0	30	72	村庄
441900122008	环冈社区居民委员会	113.716640	22.926626	0	40	65	UNKNOWN
441900129214	凌屋村村民委员会	113.739920	23.077890	0	30	72	村庄
441900005019	胜利社区居民委员会	113.718016	23.019202	1	75	92	地产小区
441900104213	塘尾村村民委员会	113.921077	23.078317	0	30	72	村庄
441900111011	良平社区居民委员会	113.820580	23.008220	1	80	100	政府机构
441900121018	新联社区居民委员会	113.675356	22.812542	0	18	40	乡镇
441900006009	创业社区居民委员会	113.747495	23.035021	1	90	92	地产小区
441900119006	锦厦社区居民委员会	113.804060	22.787930	1	80	100	政府机构
441900110227	白石岗村村民委员会	114.017408	23.004423	1	100	100	政府机构
441900003010	柏洲边社区居民委员会	113.804670	23.079345	1	80	100	政府机构
441900114008	宝山社区居民委员会	113.726767	23.053265	1	80	97	UNKNOWN
441900126207	川槎村村民委员会	113.604772	23.078538	0	30	72	村庄
441900004014	石鼓社区居民委员会	113.743283	23.018701	1	100	94	政府机构
441900118210	下高田村村民委员会	113.815410	22.910580	0	30	72	村庄
441900108210	稔子园村村民委员会	114.111820	22.964100	0	30	72	村庄
441900126211	南洲村村民委员会	113.559511	23.077039	0	30	72	村庄
441900108206	谢岗村村民委员会	114.141470	22.972090	0	30	72	村庄
441900118206	大沙村村民委员会	113.839894	22.925884	0	30	72	村庄
441900003401	同沙生活区	113.783151	23.027810	1	75	92	政府机构
441900125201	新庄村村民委员会	113.604990	22.981740	0	30	72	村庄
441900115208	铁松村村民委员会	114.194767	22.831955	1	80	100	政府机构
441900105208	东平村村民委员会	114.052157	23.041753	0	30	72	村庄
441900119010	沙头社区居民委员会	113.767900	22.779839	1	75	92	地产小区
441900003006	周屋社区居民委员会	113.783151	23.027810	1	75	90	政府机构
441900113221	宝陂村村民委员会	113.885900	22.900190	0	30	72	村庄
441900116023	清湖头社区居民委员会	114.096784	22.773698	1	80	92	地产小区
441900104209	田寮村村民委员会	113.961440	23.103480	0	30	72	村庄
441900124200	南城村村民委员会	113.666820	22.991450	0	30	72	村庄
441900109207	井美村村民委员会	113.943108	22.995316	0	30	72	村庄
441900122012	赤岭社区居民委员会	113.701580	22.917698	0	18	40	乡镇
441900127210	洲涡村村民委员会	113.631960	23.039330	0	30	72	村庄
441900005003	石美社区居民委员会	113.723410	23.060979	1	80	100	政府机构
441900123204	杨公洲村村民委员会	113.620050	22.924180	0	30	72	村庄
441900111226	长坑村村民委员会	113.837110	22.991410	0	30	72	村庄
441900116019	桥陇社区居民委员会	114.117088	22.763338	1	80	92	地产小区
441900123212	稔洲村村民委员会	113.641460	22.839570	0	30	72	村庄
441900006005	罗沙社区居民委员会	113.769509	23.039299	1	80	100	政府机构
441900121014	北栅社区居民委员会	113.718190	22.834082	1	80	100	政府机构
441900109211	彭屋村村民委员会	113.928123	23.004763	0	30	72	村庄
441900005015	水蛇涌社区居民委员会	113.710620	23.041220	0	60	80	地产小区
441900127206	上合村村民委员会	113.664980	23.066540	1	80	100	政府机构
441900122004	珊美社区居民委员会	113.672354	22.935555	1	80	95	生活服务
441900104214	李家坊村村民委员会	113.926250	23.088511	0	30	72	村庄
441900117204	塘沥村村民委员会	114.161544	22.719919	0	30	72	村庄
441900112006	石新社区居民委员会	114.089722	22.901346	0	50	73	地产小区
441900102006	兴龙社区居民委员会	113.847780	23.103200	1	80	100	政府机构
441900107204	李屋村村民委员会	114.095290	23.024751	0	30	72	地产小区
441900129213	高埗村村民委员会	113.722280	23.078629	0	30	72	村庄
441900115002	清溪社区居民委员会	114.180863	22.835940	0	18	40	乡镇
441900110200	下墟村村民委员会	113.990092	22.976332	0	30	72	村庄
441900105002	宝石社区居民委员会	114.041959	23.064888	0	18	40	乡镇
441900113210	洋乌村村民委员会	113.934536	22.919294	0	30	72	村庄
441900116012	四村社区居民委员会	114.077783	22.802132	1	75	92	地产小区
441900103210	博头村村民委员会	113.881499	23.093242	0	30	72	村庄
441900128005	东泊社区居民委员会	113.680232	23.103719	0	25	43	旅游景点
441900110216	陈屋贝村村民委员会	114.063358	22.953286	0	30	72	村庄
441900103206	增埗村村民委员会	113.855544	23.056019	0	30	72	村庄
441900003021	立新社区居民委员会	113.776431	22.999535	1	90	100	政府机构
441900118221	颜屋村村民委员会	113.834011	22.854382	0	30	72	村庄
441900104202	庙边王村村民委员会	113.957389	23.082540	0	18	40	乡镇
441900121009	居歧社区居民委员会	113.675356	22.812542	0	18	40	乡镇
441900107212	石水口村村民委员会	114.075946	23.001059	0	30	72	村庄
441900112010	金河社区居民委员会	114.109169	22.906510	0	18	40	乡镇
441900122019	白濠社区居民委员会	113.658820	22.868279	0	30	58	UNKNOWN
441900005008	谷涌社区居民委员会	113.694990	23.064810	1	80	100	政府机构
441900129205	护安围村村民委员会	113.739720	23.112161	0	30	72	村庄
441900107005	田新社区居民委员会	113.726767	23.053265	1	80	97	UNKNOWN
441900004009	篁村社区居民委员会	113.743283	23.018701	1	100	95	政府机构
441900128204	吴家涌村村民委员会	113.679750	23.104550	0	30	72	村庄
441900121025	宴岗社区居民委员会	113.695420	22.775170	1	80	100	政府机构
441900113011	佛新社区居民委员会	113.890115	22.929118	1	80	92	地产小区
441900106213	山厦村村民委员会	113.958054	23.021649	0	30	72	村庄
441900005024	严屋社区居民委员会	113.726767	23.053265	1	80	97	UNKNOWN
441900115203	浮岗村村民委员会	114.145377	22.849623	0	30	72	村庄
441900105203	博厦村村民委员会	114.057907	23.089579	0	30	72	村庄
441900106205	田坑村村民委员会	113.990100	23.015671	0	30	72	村庄
441900113007	长塘社区居民委员会	113.932840	22.933991	1	80	100	政府机构
441900122023	大迳社区居民委员会	113.701580	22.917698	0	18	40	乡镇
441900105215	莫屋村村民委员会	114.007500	23.070960	0	30	72	村庄
441900115215	厦坭村村民委员会	114.154589	22.816572	0	30	72	村庄
441900101201	水南村村民委员会	113.832700	23.101229	0	30	72	村庄
441900114003	三新社区居民委员会	113.726767	23.053265	1	80	97	UNKNOWN
441900111201	西溪村村民委员会	113.897040	22.996589	0	30	72	村庄
441900117208	三联村村民委员会	114.136464	22.748852	1	80	100	政府机构
441900122003	厚街社区居民委员会	113.659038	22.934337	0	40	65	道路
441900127201	望东村村民委员会	113.666165	23.058262	0	30	72	村庄
441900005012	曲海社区居民委员会	113.723880	23.031840	0	60	80	地产小区
441900124211	大岭丫村村民委员会	113.679580	23.013860	1	80	100	政府机构
441900121013	大宁社区居民委员会	113.675356	22.812542	0	18	40	乡镇
441900006002	市桥社区居民委员会	113.749123	23.039037	1	75	92	政府机构
441900111221	刘屋巷村村民委员会	113.861523	22.969194	0	30	72	村庄
441900123215	先锋村村民委员会	113.614810	22.923030	0	30	72	村庄
441900116008	横塘社区居民委员会	114.142810	22.817547	1	70	88	地产小区
441900123203	泥洲村村民委员会	113.584190	22.919090	0	30	72	村庄
441900109200	东坑村村民委员会	113.948120	22.989110	0	30	72	村庄
441900129209	低涌村村民委员会	113.729210	23.092550	0	30	72	村庄
441900005004	莫屋社区居民委员会	113.716294	23.064171	1	80	100	政府机构
441900127217	官洲村村民委员会	113.616070	23.026731	0	30	72	村庄
441900122015	溪头社区居民委员会	113.701580	22.917698	0	18	40	乡镇
441900121005	则徐社区居民委员会	113.683023	22.822866	1	70	88	地产小区
441900124207	九曲村村民委员会	113.645910	23.008000	0	30	72	村庄
441900003001	岗贝社区居民委员会	113.783151	23.027810	1	75	90	政府机构
441900116024	塘新社区	114.070846	22.804128	1	80	100	地产小区
441900125206	夏汇村村民委员会	113.623940	22.994311	0	30	72	村庄
441900005028	新城社区居民委员会	113.730037	23.039984	1	80	100	政府机构
441900121029	南面社区居民委员会	113.643910	22.801260	0	30	58	餐饮
441900128208	中堂村村民委员会	113.657090	23.085410	0	30	72	村庄
441900004005	元美社区居民委员会	113.738531	23.014572	1	75	92	生活服务
441900118201	大塘朗村村民委员会	113.869260	22.947760	0	30	72	村庄
441900108201	南面村村民委员会	114.200712	22.955450	0	30	72	村庄
441900115219	青皇村村民委员会	114.169090	22.796491	0	30	72	村庄
441900004013	白马社区居民委员会	113.708370	22.984232	1	90	100	政府机构
441900123002	横流社区居民委员会	113.619038	22.911747	1	80	95	生活服务
441900126200	麻一村村民委员会	113.569370	23.047531	0	30	72	村庄
441900106209	六甲村村民委员会	114.021110	23.024879	0	30	72	村庄
441900003017	石井社区居民委员会	113.796588	23.024289	1	80	100	政府机构
441900110220	漱新村村民委员会	114.049610	22.983200	1	70	92	地产小区
441900110221	黄泥塘村村民委员会	114.041105	22.992024	0	30	72	村庄
441900003016	主山社区居民委员会	113.790740	23.031534	1	80	92	地产小区
441900004012	袁屋边社区居民委员会	113.743283	23.018701	1	100	94	政府机构
441900123003	滨港社区	113.601702	22.901626	0	18	66	乡镇
441900106208	田饶步村村民委员会	113.981567	23.023861	0	18	40	乡镇
441900118216	大岭村村民委员会	113.821004	22.880538	0	30	72	村庄
441900115218	三中村村民委员会	114.144270	22.772849	1	80	97	UNKNOWN
441900105218	南坑村村民委员会	113.987525	23.054299	1	80	100	政府机构
441900121028	九门寨社区居民委员会	113.675356	22.812542	0	18	40	乡镇
441900128209	一村村民委员会	113.652451	23.090212	0	18	66	乡镇
441900118200	马蹄岗村村民委员会	113.866300	22.939120	0	30	72	村庄
441900108200	黎村村民委员会	114.190250	22.958459	0	30	72	村庄
441900125207	氹涌村村民委员会	113.622876	23.004049	0	30	72	村庄
441900005029	坝新社区居民委员会	113.726767	23.053265	1	80	97	UNKNOWN
441900121004	东方社区居民委员会	113.675356	22.812542	0	18	40	乡镇
441900124206	南丫村村民委员会	113.650240	22.975310	0	30	72	村庄
441900109201	黄麻岭村村民委员会	113.935487	22.978050	0	30	72	村庄
441900005005	拔蛟窝社区居民委员会	113.712430	23.061939	1	80	100	政府机构
441900129208	横滘头村村民委员会	113.731890	23.107040	0	30	72	村庄
441900127216	福安村村民委员会	113.618700	23.036241	0	30	72	村庄
441900122014	南五社区居民委员会	113.701580	22.917698	0	18	40	乡镇
441900116009	莆心湖社区居民委员会	114.082378	22.796205	0	60	80	地产小区
441900123202	大流村村民委员会	113.609320	22.888400	0	30	72	村庄
441900111220	上底村村民委员会	113.865004	22.965245	0	30	72	村庄
441900123214	西太隆村村民委员会	113.629360	22.884801	0	30	72	村庄
441900124210	昌平村村民委员会	113.691100	23.020280	1	80	100	政府机构
441900121012	黄村社区居民委员会	113.720020	22.845819	0	30	58	村庄
441900006003	北隅社区居民委员会	113.749123	23.039037	1	75	90	政府机构
441900117209	五联村村民委员会	114.128280	22.726320	1	80	100	政府机构
441900122002	竹溪社区居民委员会	113.701580	22.917698	0	18	40	乡镇
441900127200	李屋村村民委员会	113.670610	23.060190	0	30	72	村庄
441900005013	牌楼基社区居民委员会	113.725430	23.043600	1	80	100	政府机构
441900101200	唐洪村村民委员会	113.841230	23.102240	0	30	72	村庄
441900104002	太和社区居民委员会	113.944902	23.079628	1	80	92	地产小区
441900114002	新市社区居民委员会	113.726767	23.053265	1	80	97	UNKNOWN
441900122022	涌口社区居民委员会	113.640345	22.925301	0	40	65	UNKNOWN
441900127220	锦涡村村民委员会	113.609380	23.022360	0	30	72	村庄
441900105214	杨屋村村民委员会	114.012300	23.072110	0	30	72	村庄
441900115214	三星村村民委员会	114.166430	22.806564	0	30	72	村庄
441900128213	蕉利村村民委员会	113.678209	23.082331	0	30	72	村庄
441900106204	田头村村民委员会	113.987336	23.000066	0	30	72	村庄
441900113006	求富路社区居民委员会	113.928132	22.947475	0	60	80	地产小区
441900005025	大汾社区居民委员会	113.687830	23.040874	1	80	100	政府机构
441900115202	荔横村村民委员会	114.144630	22.841748	1	80	100	政府机构
441900105202	湖美村村民委员会	114.078600	23.078789	0	30	72	村庄
441900128205	凤冲村村民委员会	113.700600	23.097260	0	30	72	村庄
441900004008	三元里社区居民委员会	113.743283	23.018701	1	100	94	政府机构
441900121024	东风社区居民委员会	113.687950	22.797191	1	80	92	地产小区
441900113010	黄草朗社区居民委员会	113.914260	22.913740	1	80	100	政府机构
441900106212	新四村村民委员会	113.970600	23.038820	0	30	72	村庄
441900102206	黄家山村村民委员会	113.869870	23.117041	0	30	72	村庄
441900107004	迳联社区居民委员会	113.726767	23.053265	1	80	97	UNKNOWN
441900112011	樟新社区居民委员会	114.109169	22.906510	0	18	40	乡镇
441900122018	下汴社区居民委员会	113.664752	22.876438	0	40	65	UNKNOWN
441900129204	草墩村村民委员会	113.755271	23.118240	0	30	72	村庄
441900005009	小享社区居民委员会	113.687770	23.063221	0	40	65	UNKNOWN
441900118220	杨屋村村民委员会	113.857719	22.861940	0	30	72	村庄
441900104203	福隆村村民委员会	113.963250	23.077159	0	30	72	村庄
441900121008	怀德社区居民委员会	113.741867	22.831551	0	60	80	地产小区
441900103207	南社村村民委员会	113.897400	23.066150	0	30	72	村庄
441900116005	林村社区居民委员会	114.085996	22.836813	0	60	80	地产小区
441900003020	牛山社区居民委员会	113.774866	22.959728	1	80	100	政府机构
441900110217	司马村村民委员会	114.065990	22.979050	0	30	72	村庄
441900113211	洋坑塘村村民委员会	113.926883	22.917913	0	30	72	村庄
441900116013	蛟乙塘社区居民委员会	114.081309	22.783573	0	30	58	村庄
441900112400	樟木头生活区	114.133810	22.928841	0	50	82	UNKNOWN
441900103211	冲美村村民委员会	113.880276	23.091411	0	30	72	村庄
441900128004	红锋社区居民委员会	113.654950	23.080820	0	30	58	UNKNOWN
441900110201	岗梓村村民委员会	113.974565	22.979658	0	30	72	村庄
441900117205	黄洞村村民委员会	114.161570	22.753407	0	30	72	村庄
441900112007	柏地社区居民委员会	114.087227	22.916033	0	50	73	地产小区
441900107205	邓屋村村民委员会	114.094520	23.022961	0	30	72	村庄
441900129212	芦村村民委员会	113.735648	23.094170	0	20	50	乡镇
441900104215	田边村村民委员会	113.918400	23.088541	1	80	100	政府机构
441900111203	石步村村民委员会	113.884584	23.022554	0	30	72	村庄
441900101203	刘屋村村民委员会	113.789350	23.083720	1	80	100	政府机构
441900003019	光明社区居民委员会	113.794455	22.986609	1	80	100	政府机构
441900115217	谢坑村村民委员会	114.141047	22.800400	0	30	72	村庄
441900105217	新南村村民委员会	114.000320	23.058470	0	30	72	村庄
441900122021	双岗社区居民委员会	113.701580	22.917698	0	18	40	乡镇
441900113005	巷尾社区居民委员会	113.941651	22.906692	0	18	40	乡镇
441900118219	大塘村村民委员会	113.827467	22.873297	1	80	100	政府机构
441900106207	长巷村村民委员会	114.011040	23.040439	0	30	72	村庄
441900128210	东向村村民委员会	113.643130	23.080440	0	30	72	村庄
441900121031	武山沙社区居民委员会	113.640250	22.821200	0	60	80	UNKNOWN
441900402498	东莞港虚拟社区	113.752000	23.021001	0	14	46	城市
441900105201	深巷村村民委员会	114.086471	23.074249	0	30	72	村庄
441900115201	长山头村村民委员会	114.124945	22.850687	0	30	72	村庄
441900110003	新民社区	114.018122	22.973168	0	18	66	乡镇
441900125208	黎洲角村村民委员会	113.611890	22.997000	0	30	72	村庄
441900005026	新村社区居民委员会	113.690773	23.035102	1	80	100	政府机构
441900106211	水边村村民委员会	113.993040	23.045020	0	30	72	村庄
441900113013	长富社区居民委员会	113.941651	22.906692	0	18	40	乡镇
441900121027	沙角社区居民委员会	113.681526	22.757931	1	75	92	地产小区
441900128206	鹤田村村民委员会	113.682161	23.094515	0	30	72	村庄
441900111215	石龙坑村村民委员会	113.883990	22.984030	0	30	72	村庄
441900102205	王屋洲村村民委员会	113.881320	23.106650	0	30	72	村庄
441900107007	大洲社区居民委员会	113.726767	23.053265	1	80	97	UNKNOWN
441900129207	三联村村民委员会	114.136464	22.748852	1	80	100	政府机构
441900127219	朱平沙村村民委员会	113.611740	23.033160	0	30	72	村庄
441900117210	天堂围村村民委员会	114.118200	22.739140	1	80	100	政府机构
441900116401	东深局社区	114.077882	22.805777	0	18	49	乡镇
441900124209	小河村村民委员会	113.678030	23.027350	0	30	72	村庄
441900111002	寮步社区居民委员会	113.881700	22.987040	1	80	100	政府机构
441900101002	城中社区居民委员会	113.807400	23.099442	0	20	41	乡镇
441900104200	石排村村民委员会	113.950723	23.079346	0	30	72	村庄
441900003023	星城社区	113.783151	23.027810	1	75	95	政府机构
441900116006	莲湖社区居民委员会	114.105408	22.825795	1	70	88	地产小区
441900103204	卢边村村民委员会	113.868264	23.054899	0	30	72	村庄
441900110214	九江水村村民委员会	114.059530	22.948720	0	30	72	村庄
441900103212	粟边村村民委员会	113.908052	23.033820	0	30	72	村庄
441900113212	松柏朗村村民委员会	113.907043	22.933737	0	30	72	村庄
441900116010	诸佛岭社区居民委员会	114.088749	22.795362	1	80	92	地产小区
441900110202	桥梓村村民委员会	113.971830	22.974460	0	30	72	村庄
441900129211	欧邓村村民委员会	113.713820	23.087949	0	30	72	村庄
441900102004	中山东社区居民委员会	113.857930	23.113201	1	80	95	餐饮
441900107206	朗厦村村民委员会	114.091096	23.033961	0	30	72	村庄
441900117206	竹塘村村民委员会	114.150100	22.753687	0	30	72	村庄
441900112004	百果洞社区居民委员会	114.053767	22.907634	1	75	100	政府机构
441900104216	中坑村村民委员会	113.910290	23.087860	0	30	72	村庄
441900119003	涌头社区居民委员会	113.830940	22.800979	0	50	73	地产小区
441900109003	骏达社区居民委员会	113.946660	22.997570	1	80	95	UNKNOWN
441900110222	元江元村村民委员会	114.029868	22.983373	0	30	72	村庄
441900003015	堑头社区居民委员会	113.762079	23.049711	1	80	100	政府机构
441900118215	矮岭冚村村民委员会	113.832558	22.897098	1	80	100	政府机构
441900113009	圣堂社区居民委员会	113.940362	22.940690	0	50	73	地产小区
441900126202	麻三村村民委员会	113.573480	23.048661	0	30	72	村庄
441900004011	周溪社区居民委员会	113.743283	23.018701	1	100	95	政府机构
441900108203	大龙村村民委员会	114.183684	22.957153	0	30	72	村庄
441900118203	元岭村村民委员会	113.857321	22.902130	0	30	72	村庄
441900004007	亨美社区居民委员会	113.741495	23.013114	1	80	100	政府机构
441900125204	乌沙村村民委员会	113.620660	22.967610	0	30	72	村庄
441900127002	望牛墩社区居民委员会	113.633800	23.041275	0	20	41	乡镇
441900113224	沙步村村民委员会	113.976755	22.926781	0	30	72	村庄
441900111219	浮竹山村村民委员会	113.851740	22.978310	0	30	72	村庄
441900003003	东泰社区居民委员会	113.783151	23.027810	1	75	90	政府机构
441900121007	树田社区居民委员会	113.747566	22.815071	0	30	58	村庄
441900124205	蔡白村村民委员会	113.677266	22.992119	0	30	72	村庄
441900127215	横沥村村民委员会	113.624540	23.035351	1	80	100	政府机构
441900122017	宝塘社区居民委员会	113.663336	22.883060	0	30	58	村庄
441900005006	黄粘洲社区居民委员会	113.711308	23.076380	0	50	73	UNKNOWN
441900109202	长安塘村村民委员会	113.949369	22.979839	0	30	72	村庄
441900121400	大岭山生活区	113.774820	22.885429	0	30	72	村庄
441900110218	霞坑村村民委员会	113.972220	22.960250	0	30	72	村庄
441900123201	和安村村民委员会	113.571270	22.961261	0	30	72	村庄
441900126003	麻涌社区居民委员会	113.581800	23.051420	0	25	47	乡镇
441900103208	塘角村村民委员会	113.886000	23.080135	0	30	72	村庄
441900113208	蔡边村村民委员会	113.942679	22.933212	0	30	72	村庄
441900108002	泰园社区居民委员会	114.142300	22.957220	1	80	100	政府机构
441900111223	陈家埔村村民委员会	113.855840	22.992881	0	30	72	村庄
441900118002	大岭山社区居民委员会	113.774820	22.885429	0	30	58	村庄
441900401001	松山湖社区	113.897402	22.922294	0	25	70	旅游景点
441900121011	陈村社区居民委员会	113.723948	22.847192	1	75	92	地产小区
441900005010	滘联社区居民委员会	113.697402	23.082508	1	80	95	政府机构
441900127203	赤滘村村民委员会	113.654000	23.049439	0	30	72	村庄
441900112008	官仓社区居民委员会	114.094220	22.910736	1	80	92	地产小区
441900005011	金泰社区居民委员会	113.733810	23.038080	1	80	100	政府机构
441900127202	扶涌村村民委员会	113.666280	23.048230	0	30	72	村庄
441900112009	裕丰社区居民委员会	114.108295	22.928701	1	90	100	政府机构
441900006001	东正社区居民委员会	113.763230	23.043320	1	80	100	政府机构
441900124212	大鱼沙村村民委员会	113.650650	23.017439	0	30	72	村庄
441900121010	村头社区居民委员会	113.728936	22.814125	1	80	92	地产小区
441900111222	药勒村村民委员会	113.855280	22.988430	0	30	72	村庄
441900118003	农场社区居民委员会	113.843735	22.905307	0	60	80	地产小区
441900123200	中围村村民委员会	113.576820	22.974780	0	30	72	村庄
441900103209	京山村村民委员会	113.852720	23.091900	0	30	72	村庄
441900113209	水口村村民委员会	113.960693	22.929126	0	30	72	村庄
441900121401	沙角电厂社区	113.668180	22.757620	0	30	72	UNKNOWN
441900110219	漱旧村村民委员会	114.056600	22.979450	0	30	72	村庄
441900127214	杜屋村村民委员会	113.633350	23.050880	0	30	72	村庄
441900122016	沙塘社区居民委员会	113.738303	23.013563	0	30	58	村庄
441900005007	蚬涌社区居民委员会	113.703207	23.065059	0	40	65	UNKNOWN
441900109203	寮边头村村民委员会	113.951650	22.987439	0	30	72	村庄
441900121006	虎门寨社区居民委员会	113.671118	22.821791	0	30	58	地产小区
441900124204	厚德村村民委员会	113.662450	23.002879	0	30	72	村庄
441900113225	新马莲村村民委员会	113.954780	22.901330	0	30	72	村庄
441900003002	花园新村社区居民委员会	113.783151	23.027810	1	75	90	政府机构
441900119014	上角社区居民委员会	113.707390	22.796690	1	80	92	地产小区
441900125205	尧均村村民委员会	113.622840	22.981601	0	30	72	村庄
441900108202	窑山村村民委员会	114.215920	22.963860	0	30	72	村庄
441900118202	新塘村村民委员会	113.855828	22.932205	0	30	72	村庄
441900004006	胜和社区居民委员会	113.743283	23.018701	1	100	95	政府机构
441900118214	大片美村村民委员会	113.810350	22.897556	0	30	72	村庄
441900113008	大井头社区居民委员会	113.942134	22.948205	1	80	100	政府机构
441900126203	麻四村村民委员会	113.576880	23.047190	0	30	72	村庄
441900004010	新基社区居民委员会	113.743283	23.018701	1	100	94	政府机构
441900003014	梨川社区居民委员会	113.783151	23.027810	1	75	90	政府机构
441900119002	长盛社区居民委员会	113.763561	22.788975	0	18	40	乡镇
441900109002	草塘社区居民委员会	113.726767	23.053265	1	80	97	UNKNOWN
441900110223	横江厦村村民委员会	114.025338	22.981155	0	30	72	村庄
441900104217	燕窝村村民委员会	113.895540	23.099875	0	40	77	UNKNOWN
441900129210	朱磡村村民委员会	113.735648	23.094170	0	20	67	乡镇
441900102005	中山西社区居民委员会	113.852000	23.111520	1	80	92	地产小区
441900107207	邵岗头村村民委员会	114.110624	23.034240	0	30	72	村庄
441900117207	竹尾田村村民委员会	114.131501	22.757760	0	30	72	村庄
441900112005	樟洋社区居民委员会	114.088960	22.876384	1	90	100	政府机构
441900110203	塘角村村民委员会	113.979792	22.969605	0	30	72	村庄
441900128006	江南社区居民委员会	113.893220	23.063310	1	80	92	地产小区
441900103213	刘黄村村民委员会	113.897013	23.039754	1	80	100	政府机构
441900116011	振兴围社区居民委员会	114.098352	22.795178	0	50	73	地产小区
441900110215	朗洲村村民委员会	114.078863	22.949181	0	30	72	村庄
441900003022	火炼树社区居民委会	113.783151	23.027810	1	75	90	政府机构
441900116007	石潭埔社区居民委员会	114.114620	22.809506	1	80	92	地产小区
441900103205	寒溪水村村民委员会	113.879689	23.043240	1	80	100	政府机构
441900124208	大罗沙村村民委员会	113.656213	22.976575	0	18	49	乡镇
441900111003	塘边社区居民委员会	113.877014	22.990818	1	80	92	地产小区
441900403498	东莞生态园虚拟社区	113.926747	23.063410	0	60	87	旅游景点
441900104201	下沙村村民委员会	113.960304	23.061191	1	80	100	政府机构
441900129206	保安围村村民委员会	113.716642	23.108668	0	30	72	村庄
441900127218	石排村村民委员会	113.619890	23.030651	0	30	72	村庄
441900116400	大屏障生活区	114.077882	22.805777	0	18	49	乡镇
441900102204	西湖村村民委员会	113.859291	23.097892	0	30	72	村庄
441900107006	岭头社区居民委员会	113.726767	23.053265	1	80	97	UNKNOWN
441900111214	上屯村村民委员会	113.828630	23.001700	0	30	72	村庄
441900106210	村尾村村民委员会	113.990230	23.027931	0	30	72	村庄
441900113012	屏山社区居民委员会	113.941651	22.906692	0	18	40	乡镇
441900121026	路东社区居民委员会	113.704950	22.761480	1	80	100	政府机构
441900105200	铁岗村村民委员会	114.079500	23.052589	0	30	72	村庄
441900115200	罗马村村民委员会	114.122360	22.867980	0	30	72	村庄
441900110002	常平社区居民委员会	113.995921	22.973968	1	75	92	UNKNOWN
441900005027	流涌尾社区居民委员会	113.677260	23.039100	1	80	100	政府机构
441900113004	巷头社区居民委员会	113.936581	22.949761	1	75	92	地产小区
441900118218	水朗村村民委员会	113.817350	22.874403	0	30	72	村庄
441900106206	村头村村民委员会	114.002358	23.027731	0	30	72	村庄
441900121030	北面社区居民委员会	113.640910	22.813320	0	30	58	餐饮
441900115216	土桥村村民委员会	114.157708	22.808760	0	30	72	村庄
441900105216	霞朗村村民委员会	114.009962	23.058850	0	30	72	村庄
441900122020	新塘社区居民委员会	113.701580	22.917698	0	18	40	乡镇
441900111202	凫山村村民委员会	113.905304	22.980982	1	80	100	政府机构
441900101202	石碣村村民委员会	113.800780	23.100061	0	30	72	村庄
441900003018	同沙社区居民委员会	113.810797	22.992126	1	100	100	政府机构
441900110224	田尾村村民委员会	114.033650	23.015680	0	30	72	村庄
441900119005	咸西社区居民委员会	113.810174	22.806221	1	80	92	地产小区
441900101209	桔洲村村民委员会	113.801731	23.109909	0	30	72	村庄
441900003013	樟村社区居民委员会	113.767342	23.061291	1	80	100	政府机构
441900124002	兴隆社区居民委员会	113.656213	22.976575	0	18	40	乡镇
441900118213	百花洞村村民委员会	113.808500	22.911261	0	30	72	村庄
441900004017	水濂社区居民委员会	113.743283	23.018701	1	100	94	政府机构
441900126204	大步村村民委员会	113.579400	23.048630	0	30	72	村庄
441900118205	鸡翅岭村村民委员会	113.848780	22.937920	0	30	72	村庄
441900108205	谢山村村民委员会	114.161157	22.959790	0	30	72	村庄
441900126212	大盛村村民委员会	113.544619	23.047577	0	30	72	村庄
441900125202	梅沙村村民委员会	113.613690	23.011711	0	30	72	村庄
441900119013	厦边社区居民委员会	113.737752	22.803533	1	80	92	地产小区
441900113222	石厦村村民委员会	113.990715	22.905241	0	30	72	村庄
441900116020	凤凰岗社区居民委员会	114.117712	22.776612	1	70	88	地产小区
441900003005	桑园社区居民委员会	113.783151	23.027810	1	75	90	政府机构
441900124203	永庆村村民委员会	113.660660	22.996819	0	30	72	村庄
441900111008	泉塘社区居民委员会	113.878730	22.979517	0	60	80	地产小区
441900122011	陈屋社区居民委员会	113.679520	22.941811	0	30	58	村庄
441900127213	芙蓉沙村村民委员会	113.643252	23.059697	0	30	72	村庄
441900109204	塔岗村村民委员会	113.958270	22.993785	0	30	72	村庄
441900123207	大泥村村民委员会	113.626040	22.861251	0	30	72	村庄
441900110208	朗贝村村民委员会	113.997425	22.964225	0	30	72	村庄
441900123211	齐沙村村民委员会	113.619600	22.825430	0	30	72	村庄
441900113218	犀牛陂村村民委员会	113.880590	22.867360	0	30	72	村庄
441900111225	小坑村村民委员会	113.846510	22.985110	0	30	72	村庄
441900121017	博涌社区居民委员会	113.679930	22.830711	1	80	100	政府机构
441900006006	博厦社区居民委员会	113.743810	23.040491	1	80	100	政府机构
441900127205	下漕村村民委员会	113.619960	23.035541	0	30	72	村庄
441900122007	汀山社区居民委员会	113.701580	22.917698	0	18	40	乡镇
441900005016	共联社区居民委员会	113.705630	23.036180	1	80	100	政府机构
441900109212	黄屋村村民委员会	113.947172	23.003518	0	30	72	村庄
441900101205	鹤田厦村村民委员会	113.763301	23.079060	0	30	72	村庄
441900111205	富竹山村村民委员会	113.870130	23.012421	0	30	72	村庄
441900114007	梅塘社区居民委员会	113.977190	22.825640	0	30	58	村庄
441900119009	新民社区居民委员会	113.763561	22.788975	0	18	40	乡镇
441900110228	松柏塘村村民委员会	114.005390	22.999750	0	30	72	村庄
441900105211	东山村村民委员会	114.032960	23.053970	0	30	72	村庄
441900115211	大埔村村民委员会	114.194340	22.819159	0	30	72	村庄
441900106201	隔坑村村民委员会	113.953000	23.023080	0	30	72	村庄
441900103003	茶溪社区	113.887049	23.062680	0	18	66	乡镇
441900113003	竹山社区居民委员会	113.941651	22.906692	0	18	40	乡镇
441900126208	鸥涌村村民委员会	113.612460	23.089480	0	30	72	村庄
441900128216	马沥村村民委员会	113.626950	23.065620	0	30	72	村庄
441900115207	清厦村村民委员会	114.160810	22.835451	0	30	72	村庄
441900105207	旧围村村民委员会	114.045467	23.058423	0	30	72	村庄
441900005020	官桥滘社区居民委员会	113.709880	23.017809	1	80	100	政府机构
441900108209	五星村村民委员会	114.145680	22.954560	0	30	72	村庄
441900118209	梅林村村民委员会	113.809900	22.922161	0	30	72	村庄
441900128200	潢涌村村民委员会	113.736949	23.120114	0	30	72	村庄
441900121021	金洲社区居民委员会	113.675356	22.812542	0	18	40	乡镇
441900111213	竹园村村民委员会	113.833671	23.029401	0	30	72	村庄
441900101213	黄泗围村村民委员会	113.821110	23.121320	0	30	72	村庄
441900003009	峡口社区居民委员会	113.815860	23.086810	1	80	100	政府机构
441900102203	蒲溪村村民委员会	113.842390	23.114380	0	30	72	村庄
441900129201	卢溪村村民委员会	113.770220	23.103989	0	30	72	村庄
441900109208	初坑村村民委员会	113.922270	22.977911	0	30	72	村庄
441900004021	宏图社区居民委员会	113.743283	23.018701	1	100	94	政府机构
441900104206	赤坎村村民委员会	113.986163	23.091700	0	30	72	村庄
441900111004	岭厦社区居民委员会	113.840802	23.019325	1	70	88	地产小区
441900103202	下朗村村民委员会	113.869610	23.067750	0	30	72	村庄
441900110212	土塘村村民委员会	114.043826	22.952057	0	30	72	村庄
441900116016	龙背岭社区居民委员会	114.037477	22.804342	1	90	100	政府机构
441900113214	黎贝岭村村民委员会	113.910677	22.950623	0	30	72	村庄
441900103214	孙屋村村民委员会	113.901064	23.036448	0	30	72	村庄
441900110204	苏坑村村民委员会	113.959080	22.957789	0	30	72	村庄
441900129217	新联村村民委员会	113.719970	23.085439	0	30	72	村庄
441900127209	洲湾村村民委员会	113.635800	23.045280	0	30	72	村庄
441900112002	圩镇社区居民委员会	114.071503	22.903437	1	80	92	地产小区
441900117200	雁田村村民委员会	114.168987	22.688693	0	30	72	村庄
441900107200	东江村村民委员会	114.125390	23.031399	0	30	72	村庄
441900104210	横山村村民委员会	113.938934	23.099305	0	30	72	村庄
441900115400	清溪生活区	114.132023	22.855728	0	40	77	UNKNOWN
441900104211	谷吓村村民委员会	113.938953	23.078265	1	80	100	政府机构
441900129216	下江城村村民委员会	113.735920	23.068220	0	30	72	村庄
441900127208	望联村村民委员会	113.657439	23.050290	0	30	72	村庄
441900112003	樟罗社区居民委员会	114.065905	22.908909	1	75	92	地产小区
441900117201	官井头村村民委员会	114.190703	22.724003	0	30	72	村庄
441900107201	山和村村民委员会	114.112612	23.020386	0	30	72	村庄
441900110205	袁山贝村村民委员会	113.980780	22.952890	0	30	72	村庄
441900116017	石鼓社区居民委员会	114.106670	22.766102	0	60	80	地产小区
441900113215	佛子凹村村民委员会	113.898330	22.934410	1	80	100	政府机构
441900103215	超朗村村民委员会	113.911218	23.045405	0	30	72	村庄
441900110213	麦元村村民委员会	114.045144	22.966447	0	30	72	村庄
441900103203	横江村村民委员会	113.861483	23.070652	1	80	100	政府机构
441900004020	宏远社区居民委员会	113.743283	23.018701	1	100	94	政府机构
441900104207	向西村村民委员会	113.975810	23.096900	0	30	72	村庄
441900111005	新旧围社区居民委员会	113.840857	23.017801	1	80	95	UNKNOWN
441900129200	冼沙村村民委员会	113.757560	23.094870	0	30	72	村庄
441900109209	凤大村村民委员会	113.944297	22.996168	0	30	72	村庄
441900102202	新维村村民委员会	113.841010	23.111110	0	30	72	村庄
441900101212	西南村村民委员会	113.824280	23.114170	0	30	72	地产小区
441900003008	鳌峙塘社区居民委员会	113.783151	23.027810	1	75	90	政府机构
441900108208	曹乐村村民委员会	114.093933	22.966855	0	30	72	村庄
441900118208	连平村村民委员会	113.805085	22.929793	1	80	100	政府机构
441900128201	三涌村村民委员会	113.712950	23.109629	0	30	72	村庄
441900121020	镇口社区居民委员会	113.659480	22.830896	1	90	100	政府机构
441900115206	重河村村民委员会	114.170532	22.842390	0	30	72	村庄
441900105206	江边村村民委员会	114.040910	23.071601	0	30	72	村庄
441900005021	简沙洲社区居民委员会	113.707710	23.009774	0	40	65	UNKNOWN
441900106200	石涌村村民委员会	113.947390	23.023120	0	30	72	村庄
441900103002	茶山圩社区居民委员会	113.887049	23.062680	0	18	40	乡镇
441900113002	大朗社区居民委员会	113.939650	22.945360	1	80	100	政府机构
441900121036	民泰社区	113.690280	22.812456	1	75	95	UNKNOWN
441900126209	黎滘村村民委员会	113.601170	23.081399	0	30	72	村庄
441900128217	四乡村村民委员会	113.613640	23.051690	0	30	72	村庄
441900105210	下截村村民委员会	114.034650	23.059581	0	30	72	村庄
441900115210	九乡村村民委员会	114.219360	22.823230	0	30	72	村庄
441900119008	乌沙社区居民委员会	113.783795	22.792220	1	70	88	地产小区
441900110229	上坑村村民委员会	114.008723	22.993674	0	30	72	村庄
441900101204	横滘村村民委员会	113.774670	23.084600	0	30	72	村庄
441900111204	良边村村民委员会	113.888740	23.000059	0	30	72	村庄
441900114006	长龙社区居民委员会	114.003625	22.915161	0	40	59	UNKNOWN
441900127204	五涌村村民委员会	113.642900	23.032450	1	80	100	政府机构
441900122006	河田社区居民委员会	113.679610	22.928711	0	30	58	村庄
441900005017	新谷涌社区居民委员会	113.697173	23.030729	0	40	65	UNKNOWN
441900109213	角社村村民委员会	113.927620	23.013560	0	30	72	村庄
441900121016	赤岗社区居民委员会	113.675356	22.812542	0	18	40	乡镇
441900123210	穗丰年村村民委员会	113.618990	22.854850	1	80	100	政府机构
441900113219	水平村村民委员会	113.918400	22.873290	0	30	72	村庄
441900125002	洪梅社区居民委员会	113.615322	22.992091	0	40	65	UNKNOWN
441900110209	板石村村民委员会	114.014859	22.966561	0	30	72	村庄
441900126004	麻二社区居民委员会	113.581800	23.051420	0	25	43	乡镇
441900123206	民田村村民委员会	113.619799	22.891850	0	30	72	村庄
441900005001	万江墟社区居民委员会	113.726964	23.053651	1	80	100	政府机构
441900122010	宝屯社区居民委员会	113.701580	22.917698	0	18	40	乡镇
441900127212	官桥涌村村民委员会	113.645660	23.063760	0	30	72	村庄
441900109205	坑美村村民委员会	113.968896	22.990850	0	30	72	村庄
441900124202	北永村村民委员会	113.669673	23.004412	0	40	59	UNKNOWN
441900111009	坑口社区居民委员会	113.877069	22.990093	0	18	40	乡镇
441900113223	杨涌村村民委员会	113.968228	22.926464	0	30	72	村庄
441900116021	沙湖社区居民委员会	114.068930	22.768380	1	80	100	政府机构
441900003004	温塘社区居民委员会	113.814202	23.042932	1	80	100	政府机构
441900119012	厦岗社区居民委员会	113.741670	22.782521	1	80	92	地产小区
441900125203	金鳌沙村村民委员会	113.614080	22.951810	0	30	72	村庄
441900118204	金桔村村民委员会	113.841430	22.922299	0	30	72	村庄
441900108204	大厚村村民委员会	114.170832	22.957179	0	30	72	村庄
441900126213	漳澎村村民委员会	113.565948	23.007416	0	30	72	村庄
441900118212	太公岭村村民委员会	113.816745	22.916038	0	30	72	村庄
441900004016	西平社区居民委员会	113.743283	23.018701	1	100	94	政府机构
441900126205	东太村村民委员会	113.589030	23.051779	0	30	72	村庄
441900111208	下岭贝村村民委员会	113.835000	23.016710	1	80	100	政府机构
441900101208	梁家村村民委员会	113.790654	23.121362	0	30	72	村庄
441900003012	下桥社区居民委员会	113.788822	23.068029	1	80	100	政府机构
441900110225	白花沥村村民委员会	114.033240	23.020320	0	30	72	村庄
441900119004	霄边社区居民委员会	113.815675	22.808008	0	50	73	地产小区
