450332103208	秧家村委会	110.839837	25.035037	0	16	38	乡镇
450323100003	城南社区	110.322483	25.399417	1	80	100	地产小区
450312106209	永平村委会	110.260806	24.900533	0	18	66	乡镇
450329101204	社岭村委会	110.631940	25.942650	0	25	70	乡镇
450324208206	白岭村委会	111.295580	25.821650	0	25	70	乡镇
450327103200	新街村委会	111.108530	25.410621	0	30	72	村庄
450328100001	城南社区居委会	109.985485	25.760884	0	16	65	乡镇
450330201207	平西村委会	110.816470	24.476200	0	30	72	村庄
450323106211	易家村委会	110.255830	25.527181	0	25	70	乡镇
450305002002	五通社区	110.321220	25.284640	1	80	97	政府机构
450305400201	竹江村委会	110.318000	25.252701	0	18	30	区县
450330105211	高龙村委会	110.997980	24.456520	0	25	70	乡镇
450323202207	大塘边村委会	110.619731	25.340132	1	80	100	政府机构
450327100210	三联村委会	111.156160	25.496800	0	25	70	乡镇
450311200201	塘头村委会	110.333440	25.072060	0	30	72	村庄
450328202205	龙塘村委会	110.253080	25.915040	0	25	55	村庄
450324108204	料塘村委会	111.012160	25.734759	0	25	70	乡镇
450330203001	大发社区居民委员会	110.653710	24.536689	0	25	47	乡镇
450323101215	茯荔村委会	110.436307	25.126743	1	80	100	政府机构
450330100228	六合村委会	110.680931	24.570837	1	80	100	政府机构
450323200001	潮田社区	110.508720	25.196511	0	25	70	村庄
450303200202	群力村村委会	110.350585	25.320919	0	20	67	村庄
450304001001	龙船坪社区	110.283708	25.264305	1	90	100	政府机构
450326100203	泡口村委会	110.002030	24.998659	0	25	47	乡镇
450323102205	法源村委会	110.244751	25.355053	0	18	40	乡镇
450330101205	谢家村委会	110.776870	24.595659	0	30	72	村庄
450327104204	光明村委会	111.109030	25.635871	0	30	72	村庄
450328206211	同乐村委会	109.906424	25.943873	0	16	47	村庄
450328102207	古坪村委会	109.825113	25.589885	1	80	100	政府机构
450311100203	文家村委会	110.335833	25.105434	0	18	66	乡镇
450303200214	南洲村村委会	110.328440	25.333431	0	30	58	村庄
450330102203	沙子村委会	110.718947	24.801392	0	16	65	乡镇
450323101203	廖家村委会	110.576037	25.207040	1	80	100	政府机构
450381109203	福德村委会	110.431339	24.643390	0	25	47	乡镇
450323104001	潭下社区	110.247198	25.437478	0	18	66	乡镇
450326103205	大埠村委会	110.017075	25.109596	1	80	100	政府机构
450324108212	青山村委会	110.986790	25.810310	0	30	72	村庄
450328101201	上塘村委会	109.866533	25.833928	1	80	100	政府机构
450326204203	喇塔村委会	109.771950	24.944633	0	16	38	村庄
450330101213	周塘村委会	110.811697	24.690047	1	80	100	政府机构
450305003202	樟木村委会	110.305920	25.274581	1	80	97	政府机构
450329202200	瓜里村委会	110.643790	26.195170	0	25	70	村庄
450327200204	石家寨村委会	110.837767	25.244033	1	80	100	政府机构
450328102211	大地村委会	109.889930	25.648410	0	30	72	村庄
450304002007	安家洲社区	110.290768	25.268268	1	90	97	政府机构
450328206207	独境村委会	109.906424	25.943873	0	16	38	村庄
450327104212	大龙村委会	111.087290	25.583929	0	30	72	村庄
450311201001	草坪街居委会	110.450230	25.057270	0	50	82	道路
450381103209	榕洞村委会	110.410075	24.377763	0	18	66	乡镇
450324208210	斜水村委会	111.295580	25.821650	0	25	47	乡镇
450312108201	护山村委会	109.905949	25.290231	0	16	38	乡镇
450323201201	永同村委会	110.661673	25.157250	0	16	38	乡镇
450330202201	桥亭村委会	110.779047	24.532489	1	80	100	政府机构
450329205204	葱坪村委会	110.341410	25.954840	0	25	47	乡镇
450328201203	龙甸村委会	110.099389	25.863792	0	16	65	村庄
450327103216	上甫村委会	110.721359	25.634427	1	80	100	政府机构
450323202211	思安头村委会	110.636740	25.270380	0	30	72	村庄
450330105207	珠山村委会	110.939210	24.428900	0	30	72	村庄
450324101208	右江村委会	111.220250	26.089690	0	25	70	乡镇
450329102202	咸水口村委会	110.781799	26.197650	0	16	65	乡镇
450330100005	同乐社区居民委员会	110.658280	24.616934	0	16	38	乡镇
450324111208	文塘村委会	110.988533	26.103340	1	80	100	政府机构
450326104201	荣田村委会	109.660780	24.904131	0	30	72	村庄
450327100206	长坪村委会	111.194510	25.501819	0	30	72	村庄
450327105213	同德村委会	111.232050	25.633281	0	30	72	村庄
450304003006	平山西社区	110.291198	25.233861	1	100	100	生活服务
450328103210	马海村委会	110.123023	25.747552	0	16	65	乡镇
450327201205	盘江村委会	110.888244	25.289999	0	18	66	乡镇
450329203201	石寨村委会	110.484410	25.991870	0	30	72	村庄
450330100212	中华村委会	110.603913	24.582321	1	80	100	政府机构
450323207204	岩山村委会	110.161520	25.490490	0	25	55	村庄
450326205202	双江村委会	109.915690	25.108790	0	30	72	村庄
450328100200	城关村委会	109.985485	25.760884	0	16	65	乡镇
450326102204	新隆村委会	109.771330	25.155900	0	25	70	乡镇
450323100202	粑粑厂村委会	110.310157	25.357878	1	80	100	政府机构
450381108202	永坪村委会	110.389130	24.615520	0	25	70	乡镇
450330103202	屯塘村委会	110.953991	24.562605	0	18	40	乡镇
450327101207	兴秀村委会	111.028940	25.319028	0	16	38	乡镇
450326100002	向阳社区居委会	110.002030	24.998659	0	25	70	乡镇
450326105200	堡里村委会	110.072390	24.846170	0	30	72	村庄
450324110209	三里村委会	110.885088	25.775671	0	16	65	乡镇
450323107206	四联村委会	110.469707	25.392050	0	16	65	乡镇
450324100209	邓家埠村委会	111.082781	25.953580	0	18	66	乡镇
450330104206	水山村委会	110.851992	24.594647	0	18	66	乡镇
450327102217	会湘村委会	111.212424	25.695830	0	18	40	乡镇
450325203208	水埠村委会	110.476850	25.769020	0	25	70	乡镇
450328104214	太坪村委会	109.972206	26.075356	0	16	65	乡镇
450330203200	黄龙村委会	110.653710	24.536689	0	25	70	乡镇
450329204205	塘洞村委会	110.428983	25.968775	0	18	66	乡镇
450329100213	晓锦村委会	110.669074	26.060924	0	16	47	乡镇
450323200200	潮田村委会	110.508720	25.196511	0	25	47	村庄
450381102208	兴义村委会	110.448920	24.477681	0	25	47	乡镇
450326202206	德安村委会	110.026170	24.744040	0	30	72	村庄
450328203204	龙家村委会	110.135753	25.977082	0	18	66	村庄
450327101211	猫儿石村委会	111.028940	25.319028	0	16	65	乡镇
450311201200	草坪村委会	110.455702	25.076603	0	25	70	乡镇
450330104210	老鸦村委会	110.851992	24.594647	0	18	66	乡镇
450312104218	西塘村委会	110.003240	25.336779	0	30	72	村庄
450330200206	加东村委会	110.899252	24.502416	0	18	40	村庄
450328104202	平等村委会	109.972206	26.075356	0	16	65	乡镇
450327102201	大湾村委会	111.219600	25.701760	0	30	72	村庄
450321101209	蔡村村委会	110.427341	24.835507	0	18	66	乡镇
450329100205	浦田村委会	110.623780	26.011011	0	30	72	村庄
450323104200	老街村委会	110.247198	25.437478	0	18	66	乡镇
450332102209	崇岭村委会	110.948340	24.678520	0	30	58	村庄
450311101202	窑头村委会	110.318685	25.216141	1	80	100	政府机构
450328103206	金江村委会	110.123023	25.747552	0	16	65	乡镇
450304003010	溪园社区	110.292730	25.232909	1	90	97	政府机构
450327105205	合成村委会	111.254711	25.587267	0	18	66	乡镇
450330100204	金山村委会	110.728237	24.641427	1	80	100	政府机构
450323103204	龙门村委会	110.398547	25.477136	1	80	100	政府机构
450326101202	崇山村委会	110.112513	24.994280	0	16	65	乡镇
450324108228	枫木村委会	111.012160	25.734759	0	25	70	乡镇
450327202203	盐塘村委会	110.943172	25.416398	0	18	66	乡镇
450328204200	甘甲村委会	110.093730	26.003750	0	25	47	村庄
450305004007	轮胎厂社区	110.318000	25.252701	0	18	35	区县
450324109205	龙田村委会	110.742060	25.775291	0	30	72	村庄
450381105001	建陵社区居委会	110.244003	24.382185	0	18	66	乡镇
450332204202	狮塘村委会	111.005870	25.208597	0	16	65	村庄
450381100203	黄寨村委会	110.399352	24.503481	0	18	66	乡镇
450324111212	聚贤村委会	110.917950	25.666006	0	18	40	乡镇
450304200205	北芬村委会	110.291532	25.147733	1	80	100	政府机构
450325105215	塔边村委会	110.477650	25.560909	0	25	70	乡镇
450303001006	观音阁社区	110.301619	25.284096	1	80	97	政府机构
450325201203	门家村委会	110.733867	25.454970	0	25	70	村庄
450321100204	高洲村委会	110.488879	24.793343	0	18	66	乡镇
450329101208	大庄田村委会	110.631940	25.942650	0	25	43	乡镇
450324102202	深福村委会	111.254490	26.199250	1	80	95	UNKNOWN
450312106205	玉联村委会	110.260806	24.900533	0	18	40	乡镇
450332103204	吉山村委会	110.877390	25.023710	0	30	72	村庄
450324112202	下刘村委会	111.125892	25.727652	0	16	65	乡镇
450324105206	光田村委会	110.997840	26.036850	0	25	47	乡镇
450330101209	矮山村委会	110.843740	24.738839	0	30	72	村庄
450324100004	光明社区居委会	111.049844	25.946565	1	80	100	政府机构
450312101201	三塘村委会	110.265390	24.983041	0	18	66	乡镇
450381200201	庆云村委会	110.339915	24.350396	0	18	66	乡镇
450332101002	栗木矿区社区居委会	110.881370	25.153260	1	70	92	UNKNOWN
450332104200	新合村委会	110.733354	24.993613	0	16	65	乡镇
450325101201	渔江村委会	110.743010	25.667181	0	30	72	村庄
450327104208	龙塘村委会	111.132900	25.580530	0	30	72	村庄
450381107207	相仕村委会	110.395000	24.487800	0	14	37	区县
450321104210	仁和村委会	110.335830	24.952900	0	30	72	村庄
450330100224	长滩村委会	110.658280	24.616934	0	16	65	乡镇
450302002005	中隐社区	110.278482	25.282283	0	30	58	乡镇
450312102211	寺山村委会	110.210396	25.091025	0	16	65	乡镇
450321200206	延村村委会	110.300440	24.809228	0	16	65	村庄
450324108208	茅坪村委会	110.714531	25.592224	1	80	100	政府机构
450332104216	椅子村委会	110.744920	25.109740	0	30	72	村庄
450324105210	山陂村委会	110.921315	25.713259	1	80	100	政府机构
450312205201	翻水村委会	109.925980	25.506660	0	25	47	乡镇
450302001003	东华社区	110.301722	25.282266	1	75	100	地产小区
450381104201	永镇村委会	110.327360	24.451935	0	18	40	乡镇
450332200200	和平村委会	110.889357	24.876619	0	30	72	村庄
450305200200	西南村委会	110.361802	25.255713	0	20	67	村庄
450327200208	小河江村委会	110.855280	25.345270	0	30	58	UNKNOWN
450321200210	大水田村委会	110.308892	24.833957	1	80	100	政府机构
450312102207	燕山村委会	110.210396	25.091025	0	16	65	乡镇
450324106200	才湾村委会	110.955780	25.935749	0	25	47	乡镇
450321104206	洞村村委会	110.378876	24.944004	0	18	66	乡镇
450325102207	和平村委会	110.787970	25.703120	0	30	72	村庄
450324111204	水架村委会	110.917950	25.666006	0	18	40	乡镇
450332100202	孟家村委会	110.810450	24.858851	0	30	72	村庄
450381201001	茶香社区居委会	110.210739	24.471632	0	18	49	乡镇
450312105203	土桥村委会	110.134890	25.120640	0	30	72	村庄
450312100001	金水社区居委会	110.198128	25.242441	0	25	70	乡镇
450330100009	上游社区居民委员会	110.658280	24.616934	0	16	38	乡镇
450324101204	大路底村委会	111.220250	26.089690	0	25	70	乡镇
450321103202	西山村委会	110.569032	24.877763	1	80	100	政府机构
450325105203	车田村委会	110.511591	25.608479	1	80	100	政府机构
450303001010	燕湖社区	110.301619	25.284096	1	80	100	政府机构
450325100001	城西社区居委会	110.660676	25.609662	1	80	100	政府机构
450332103212	白羊村委会	110.839837	25.035037	0	16	65	乡镇
450324112214	美田村委会	111.125892	25.727652	0	16	38	乡镇
450302003205	东莲村委会	110.275340	25.290560	1	80	97	政府机构
450381103205	屯顿村委会	110.410075	24.377763	0	18	40	乡镇
450325202205	长田村委会	110.671460	25.502190	0	30	72	村庄
450325103206	堡里村委会	110.589420	25.430320	0	30	72	村庄
450321105207	龙潭村委会	110.454900	24.727750	0	30	72	村庄
450321100005	东岭社区居委会	110.504866	24.773453	1	80	100	政府机构
450381106210	高岸村委会	110.285560	24.577010	0	30	72	村庄
450324107201	下柳村委会	110.860520	25.870751	0	25	70	乡镇
450312103206	大洲村委会	110.031487	25.241521	0	16	65	乡镇
450381202206	桥乐村委会	110.179975	24.620172	0	16	38	乡镇
450326102208	山南村委会	109.771330	25.155900	0	25	70	乡镇
450381105200	三诰村委会	110.272316	24.442889	1	80	100	政府机构
450381100002	城南社区居委会	110.399352	24.503481	0	18	66	乡镇
450332201201	三联村委会	111.081506	24.823488	0	16	65	村庄
450323207208	公平村委会	110.161520	25.490490	0	25	70	村庄
450324104211	月塘村委会	111.007170	26.268479	0	30	72	村庄
450312204200	宛田村委会	110.068850	25.535320	0	25	47	乡镇
450321202201	浪洲村委会	110.439956	24.989005	0	18	40	村庄
450324114211	罗家湾村委会	111.138821	26.033826	0	18	66	乡镇
450328104218	东社村委会	109.994210	25.986899	0	30	72	村庄
450325203204	洞上村委会	110.476850	25.769020	0	25	70	乡镇
450321101213	扶龙村委会	110.409695	24.834408	1	80	100	政府机构
450381102204	双和村委会	110.497550	24.450991	0	30	72	村庄
450324103215	白毛村委会	111.176120	26.217910	0	25	70	乡镇
450324207203	霞头村委会	111.191703	25.883891	0	25	47	村庄
450332102213	凤岩村委会	110.909850	24.749790	0	30	72	村庄
450325104202	灵坛村委会	110.588181	25.652731	0	18	40	乡镇
450321102203	双桥村委会	110.585310	24.769810	0	30	72	村庄
450324100205	福坪村委会	111.082781	25.953580	0	18	40	乡镇
450312104202	桐山村委会	110.084123	24.957930	1	80	100	政府机构
450332101203	大营村委会	110.879250	25.125870	0	30	72	村庄
450324110205	大毕头村委会	110.885088	25.775671	0	16	33	乡镇
450332104001	西岭居委会	110.733354	24.993613	0	16	65	乡镇
450324113203	枧头村委会	111.076720	25.854109	0	30	72	村庄
450332102205	湖山村委会	110.898720	24.670749	0	30	72	村庄
450312107204	穴田村委会	110.087054	25.448636	1	80	100	政府机构
450324106001	天湖社区居委会	110.955780	25.935749	0	25	70	乡镇
450329100209	马家村委会	110.624490	26.090711	0	30	72	村庄
450324103203	百仁村委会	111.176120	26.217910	0	25	47	乡镇
450381102212	清江村委会	110.448920	24.477681	0	25	55	乡镇
450321101205	立龙村委会	110.427341	24.835507	0	18	40	乡镇
450327103220	江口村委会	111.116680	25.414250	0	30	72	村庄
450325200202	白面村委会	110.803370	25.452531	0	25	70	村庄
450332101215	上灌村委会	110.902980	25.126070	0	25	70	乡镇
450324110213	三塘村委会	110.885088	25.775671	0	16	65	乡镇
450312104214	保宁村委会	110.044098	25.395227	0	16	65	乡镇
450324204205	吐紫塘村委会	110.846220	25.575110	0	30	58	村庄
450321102215	屏山村委会	110.539022	24.840240	0	16	65	乡镇
450332205203	龙岭村委会	110.942375	25.093845	0	18	66	村庄
450381101202	河北村委会	110.508530	24.558971	0	30	72	村庄
450325103210	龙田村委会	110.589910	25.402390	0	30	72	村庄
450321201207	大山村委会	110.584110	24.656840	0	30	72	村庄
450324109209	南宅村委会	110.775160	25.836880	0	30	72	村庄
450312103210	车梁村委会	110.031487	25.241521	0	16	38	乡镇
450302003004	琴潭社区	110.275340	25.290560	1	80	97	政府机构
450381106206	庆华村委会	110.312056	24.526442	0	18	66	乡镇
450327105209	德里村委会	111.254711	25.587267	0	18	66	乡镇
450325100200	护城村委会	110.670588	25.623470	1	80	100	政府机构
450381201200	过村村委会	110.247309	24.464571	1	80	100	政府机构
450332100003	茶西社区居委会	110.828797	24.841607	1	80	95	地产小区
450324114207	幕霞村委会	111.138821	26.033826	0	18	40	乡镇
450324108224	祥大村委会	111.012160	25.734759	0	25	47	乡镇
450312100200	大律村委会	110.198128	25.242441	0	25	70	乡镇
450323103208	溶流村委会	110.432066	25.528576	1	80	100	政府机构
450330100208	同乐村委会	110.658280	24.616934	0	16	65	乡镇
450324104207	东江村委会	111.275125	25.810949	1	80	100	政府机构
450327105208	三皇村委会	111.254711	25.587267	0	18	66	乡镇
450325100201	柘园村委会	110.679432	25.599537	1	80	100	政府机构
450332100002	茶南社区居委会	110.805793	24.834317	0	18	49	乡镇
450381201201	坪社村委会	110.210739	24.471632	0	18	40	乡镇
450324114206	双桥村委会	111.180708	26.067604	1	80	100	政府机构
450324108225	白露村委会	111.012160	25.734759	0	25	70	乡镇
450323103209	溶江村委会	110.391181	25.497092	0	18	40	乡镇
450312100201	二塘村委会	110.197477	25.220385	1	80	100	政府机构
450330100209	南佛村委会	110.658280	24.616934	0	16	65	乡镇
450324104206	峡口村委会	111.027340	26.202350	0	25	70	乡镇
450321103002	渔业居委会	110.569063	24.877694	0	25	70	乡镇
450325103211	西河村委会	110.587502	25.437460	0	16	65	乡镇
450324109208	人和村委会	110.742280	25.791852	0	18	66	乡镇
450321201206	上游村委会	110.560030	24.663020	0	30	72	村庄
450312103211	两江村委会	110.031487	25.241521	0	16	65	乡镇
450324107216	大惠村委会	110.860520	25.870751	0	25	47	乡镇
450302003005	庭江路社区	110.275340	25.290560	1	80	97	政府机构
450381106207	西隆村委会	110.312056	24.526442	0	18	66	乡镇
450321105210	乐响村委会	110.447205	24.714652	0	18	40	乡镇
450325200203	庄子村委会	110.803370	25.452531	0	25	70	村庄
450332101214	常家村委会	110.902980	25.126070	0	25	70	乡镇
450324110212	塘底村委会	110.885088	25.775671	0	16	65	乡镇
450324204204	绕湾村委会	110.885611	25.566086	0	18	40	乡镇
450312104215	伍家村委会	110.044098	25.395227	0	16	65	乡镇
450324100212	田伟村委会	111.082781	25.953580	0	18	40	乡镇
450332205202	源头村委会	110.946670	25.128459	0	30	72	村庄
450381104001	青山社区居委会	110.327360	24.451935	0	18	66	乡镇
450321102214	锁石村委会	110.539022	24.840240	0	16	65	乡镇
450381101203	滩头村委会	110.520771	24.546228	0	18	66	乡镇
450324113202	高峰村委会	111.086700	25.849980	0	30	72	村庄
450332102204	朗山村委会	110.908973	24.702797	1	80	100	政府机构
450312107205	合峰村委会	110.063908	25.472952	0	18	66	乡镇
450329100208	官洞村委会	110.669074	26.060924	0	16	65	乡镇
450324103202	定美村委会	111.176120	26.217910	0	25	70	乡镇
450321101204	旧县村委会	110.430337	24.782388	1	80	100	政府机构
450325104203	塘堡村委会	110.547393	25.621495	1	80	100	政府机构
450321102202	新寨村委会	110.575390	24.759110	0	30	72	村庄
450324100204	竹溪田村委会	111.001340	25.958060	0	30	58	村庄
450312104203	罗江村委会	110.067160	25.349400	0	30	72	村庄
450312101001	六塘居委会	110.265390	24.983041	0	18	66	乡镇
450381200001	新安社区居委会	110.339915	24.350396	0	18	66	乡镇
450332101202	马路桥村委会	110.880527	25.157990	1	80	100	政府机构
450324110204	七里村委会	110.845561	25.745638	1	80	100	政府机构
450328104219	昌背村委会	109.972206	26.075356	0	16	65	乡镇
450325203205	小河村委会	110.476850	25.769020	0	25	70	乡镇
450321101212	插花桥村委会	110.427341	24.835507	0	18	40	乡镇
450381102205	高寨村委会	110.448920	24.477681	0	25	70	乡镇
450324103214	长坪村委会	111.148050	26.207050	0	30	72	村庄
450324207202	梅莲村委会	111.191703	25.883891	0	25	47	村庄
450332102212	独石村委会	110.971110	24.712353	0	16	65	乡镇
450381105201	横水村委会	110.244003	24.382185	0	18	66	乡镇
450332201200	大地村委会	111.085360	24.906740	0	30	72	村庄
450381100003	城东社区居委会	110.404972	24.493719	1	80	100	政府机构
450312204201	瓮洲村委会	110.072450	25.512900	0	30	58	UNKNOWN
450324104210	香花村委会	111.027340	26.202350	0	25	70	乡镇
450323207209	和平村委会	110.175360	25.537529	0	30	72	村庄
450324114210	大源屋村委会	111.161800	26.010390	0	30	58	UNKNOWN
450321202200	杨堤村委会	110.439956	24.989005	0	18	66	村庄
450325103207	济中村委会	110.587502	25.437460	0	16	38	乡镇
450321105206	蒙村村委会	110.477437	24.687686	1	80	100	政府机构
450321100004	鲤鱼井社区居委会	110.488879	24.793343	0	18	49	乡镇
450324107200	二美村委会	110.860520	25.870751	0	25	70	乡镇
450312103207	城联村委会	110.020269	25.196725	1	80	100	政府机构
450381202207	下龙村委会	110.179975	24.620172	0	16	65	乡镇
450326102209	石龙村委会	109.831330	25.064220	0	30	72	村庄
450324112215	大田村委会	111.187330	25.755270	0	30	72	村庄
450312106212	靖远村委会	110.260806	24.900533	0	18	40	乡镇
450302003204	唐家村委会	110.264979	25.274280	1	80	97	政府机构
450381103204	上龙村委会	110.410075	24.377763	0	18	66	乡镇
450325202204	田心村委会	110.645030	25.477570	0	30	72	村庄
450303002001	清风社区	110.305890	25.320510	1	80	97	政府机构
450324111205	广塘村委会	110.909989	25.663793	1	80	100	政府机构
450332100203	满塘村委会	110.807200	24.855991	0	30	72	村庄
450312105202	大湾村委会	110.147470	25.105500	0	30	72	村庄
450330100008	南佛社区居民委员会	110.658280	24.616934	0	16	38	乡镇
450324101205	麻川村委会	111.220250	26.089690	0	25	47	乡镇
450321103203	古皮寨村委会	110.554819	24.901352	1	80	100	政府机构
450303001011	清秀社区	110.301619	25.284096	1	80	97	政府机构
450325105202	莲塘村委会	110.487380	25.586919	0	30	72	村庄
450321200211	久大村委会	110.300440	24.809228	0	16	38	村庄
450312102206	四益村委会	110.210396	25.091025	0	16	65	乡镇
450324106201	小塘村委会	110.963680	25.853339	0	30	72	村庄
450321104207	报安村委会	110.378876	24.944004	0	18	66	乡镇
450325102206	宝峰村委会	110.775549	25.670063	0	30	72	村庄
450312205200	黄沙村委会	109.925980	25.506660	0	25	70	乡镇
450302001002	解东社区	110.292768	25.278568	1	90	97	政府机构
450324105211	塘前村委会	110.990130	26.069590	0	30	72	村庄
450381104200	永华村委会	110.365880	24.481940	1	80	100	政府机构
450332200201	大岭村委会	110.925584	24.851166	0	16	65	村庄
450305200201	湖塘村委会	110.353720	25.229809	0	30	72	村庄
450381107206	凤联村委会	110.330040	24.580230	0	30	72	村庄
450330100225	裕丰村委会	110.658280	24.616934	0	16	65	乡镇
450302002004	丽君社区	110.285320	25.282670	0	50	100	地产小区
450312102210	七里村委会	110.210396	25.091025	0	16	65	乡镇
450324108209	仁金村委会	111.012160	25.734759	0	25	47	乡镇
450321200207	枫木寨村委会	110.300440	24.809228	0	16	65	村庄
450325102210	苏家村委会	110.670531	25.308266	1	80	100	政府机构
450324105207	金田村委会	111.020690	26.043909	0	30	72	村庄
450330101208	大水村委会	110.863020	24.676651	0	30	72	村庄
450324100005	北门社区居委会	111.082781	25.953580	0	18	66	乡镇
450312101200	羊田村委会	110.152667	25.432346	1	80	100	政府机构
450381200200	三河村委会	110.339915	24.350396	0	18	66	乡镇
450332104201	下宋村委会	110.733354	24.993613	0	16	65	乡镇
450325101200	花桥村委会	110.682919	25.612320	0	30	72	村庄
450327104209	潮立村委会	111.087277	25.606889	0	16	38	乡镇
450324107001	市场社区居委会	110.860520	25.870751	0	25	70	乡镇
450329101209	车田湾村委会	110.631940	25.942650	0	25	70	乡镇
450324102203	兆村村委会	111.220491	26.201955	0	18	66	乡镇
450312106204	南新村委会	110.278050	24.947930	0	30	72	地产小区
450332103205	豸游村委会	110.839837	25.035037	0	16	38	乡镇
450324112203	新福村委会	111.125892	25.727652	0	16	47	乡镇
450332204203	水滨村委会	111.066366	25.215496	1	80	100	政府机构
450381100202	金雷村委会	110.399352	24.503481	0	18	40	乡镇
450312105214	岩口村委会	110.192650	25.149680	0	30	72	村庄
450321202001	杨堤居委会	110.453027	24.994272	1	80	100	政府机构
450304200204	四合村委会	110.291462	25.159638	1	80	100	政府机构
450324111213	白岩村委会	110.884140	25.660390	0	30	72	村庄
450303001007	芦笛社区	110.301619	25.284096	1	80	97	政府机构
450325105214	佑安村委会	110.477650	25.560909	0	25	47	乡镇
450325201202	塘口村委会	110.737220	25.455510	0	30	72	村庄
450327102220	联合村委会	111.182270	25.687870	0	30	72	村庄
450327202202	鹰嘴山村委会	110.943172	25.416398	0	18	40	乡镇
450328204201	洋湾村委会	110.093730	26.003750	0	25	70	村庄
450330202001	桥亭社区居民委员会	110.779047	24.532489	1	80	95	政府机构
450305004006	横塘社区	110.318000	25.252701	0	18	40	区县
450324109204	鲁塘村委会	110.742280	25.791852	0	18	66	乡镇
450311101203	柘木村委会	110.327409	25.208147	1	80	100	政府机构
450328103207	龙脊村委会	110.123023	25.747552	0	16	65	乡镇
450304003011	猴山社区	110.292730	25.232909	1	90	97	政府机构
450327105204	官庄村委会	111.187560	25.637400	0	30	72	村庄
450330100205	月城村委会	110.658280	24.616934	0	16	65	乡镇
450323103205	龙坪村委会	110.391181	25.497092	0	18	66	乡镇
450324108229	水澄村委会	111.012160	25.734759	0	25	70	乡镇
450326101203	尚水村委会	110.075490	25.018280	0	30	58	UNKNOWN
450328104203	龙坪村委会	109.972206	26.075356	0	16	65	乡镇
450328101001	瓢里街居委会	109.843463	25.844954	1	80	100	政府机构
450327102200	文市村委会	111.212424	25.695830	0	18	40	乡镇
450321101208	大竹山村委会	110.427341	24.835507	0	18	66	乡镇
450329100204	石溪村委会	110.610100	26.015930	0	30	72	村庄
450323104201	潭下村委会	110.284260	25.452670	0	30	72	村庄
450332102208	岩口村委会	110.928753	24.653058	1	80	100	政府机构
450328203205	芙蓉村委会	110.135753	25.977082	0	18	66	村庄
450311201201	潜经村委会	110.430165	25.101392	1	80	100	政府机构
450327101210	大倚村委会	111.028940	25.319028	0	16	38	乡镇
450330104211	香花村委会	110.851992	24.594647	0	18	66	乡镇
450312104219	浔江村委会	110.044098	25.395227	0	16	65	乡镇
450330200207	雷峰村委会	110.891420	24.518340	0	30	72	村庄
450327102216	昭仪村委会	111.212424	25.695830	0	18	40	乡镇
450328104215	平熬村委会	109.928388	26.051636	1	70	85	汽车服务
450330203201	大发村委会	110.653710	24.536689	0	25	70	乡镇
450329204204	白石村委会	110.411060	26.010429	0	30	72	村庄
450329100212	天门村委会	110.714020	26.116709	1	80	100	政府机构
450323200201	留村村委会	110.507293	25.186519	1	80	100	政府机构
450381102209	八鲁村委会	110.448920	24.477681	0	25	43	乡镇
450326202207	上寨村委会	110.000690	24.712260	0	30	72	村庄
450327101206	陡水村委会	111.094240	25.316680	0	30	72	村庄
450326100003	凤城社区居委会	110.002030	24.998659	0	25	70	乡镇
450326105201	罗田村委会	110.057190	24.913259	0	30	72	村庄
450324110208	新民村委会	110.883960	25.788420	0	30	72	村庄
450323107207	正义村委会	110.469707	25.392050	0	16	65	乡镇
450324100208	绕山村委会	111.084288	25.914277	0	30	58	村庄
450330104207	张家村委会	110.859245	24.575442	1	80	100	政府机构
450328100201	双河村委会	110.007720	25.796420	0	30	72	村庄
450326102205	白果村委会	109.771330	25.155900	0	25	70	乡镇
450323100203	莫家村委会	110.479407	25.470866	1	80	100	政府机构
450381108203	保安村委会	110.389130	24.615520	0	25	70	乡镇
450330103203	李家村委会	110.927119	24.622584	1	80	100	政府机构
450327105212	江塘村委会	111.254711	25.587267	0	18	66	乡镇
450304003007	大风山社区	110.292730	25.232909	1	90	100	政府机构
450328103211	中六村委会	110.123023	25.747552	0	16	65	乡镇
450327201204	立强村委会	110.881750	25.259360	0	30	72	村庄
450329203200	车田村委会	110.468320	26.011260	0	30	72	村庄
450323207205	山上村委会	110.121900	25.454189	0	30	72	村庄
450330100213	太平村委会	110.658280	24.616934	0	16	65	乡镇
450326205203	兴隆村委会	109.913060	25.146391	0	30	72	村庄
450330105206	下坝村委会	110.997980	24.456520	0	25	70	乡镇
450323202210	滨洞村委会	110.641703	25.291465	0	16	38	村庄
450329102203	咸水洞村委会	110.781799	26.197650	0	16	33	乡镇
450330100004	长滩社区居民委员会	110.658280	24.616934	0	16	38	乡镇
450324111209	江明村委会	111.073000	25.928599	0	12	26	区县
450326104200	三皇村委会	109.665761	24.953825	0	16	65	乡镇
450327100207	大仁村委会	111.156160	25.496800	0	25	70	乡镇
450381103208	下樟村委会	110.410075	24.377763	0	18	66	乡镇
450312108200	茶洞村委会	109.905949	25.290231	0	16	65	乡镇
450324208211	雷公岩村委会	111.295580	25.821650	0	25	70	乡镇
450323201200	大境村委会	110.661673	25.157250	0	16	38	乡镇
450305001005	桂大社区	110.317573	25.262667	1	80	100	地产小区
450330202200	六冲村委会	110.762796	24.495235	0	18	66	村庄
450328201202	三舍村委会	110.099389	25.863792	0	16	65	村庄
450327103217	叶官村委会	111.099946	25.399325	0	18	40	乡镇
450326204202	太和村委会	109.771950	24.944633	0	16	65	村庄
450330101212	新华村委会	110.834180	24.695790	0	30	72	村庄
450329202201	大田村委会	110.662000	26.184370	0	30	72	村庄
450305003203	和平村委会	110.305920	25.274581	1	80	95	政府机构
450327200205	保良村委会	110.856490	25.242400	0	25	70	乡镇
450311100214	三立村委会	110.335833	25.105434	0	18	40	乡镇
450328102210	花桥村委会	109.884340	25.707479	0	30	72	村庄
450304002006	安新社区	110.290768	25.268268	1	90	97	政府机构
450328206206	光明村委会	109.903270	25.948800	0	30	72	村庄
450327104213	解放村委会	111.033460	25.597331	0	30	72	村庄
450330102202	维新村委会	110.718947	24.801392	0	16	65	乡镇
450323101202	嵅村村委会	110.384888	25.202278	1	80	100	政府机构
450381109202	广安村委会	110.433759	24.600332	1	80	100	政府机构
450326103204	石门村委会	110.013140	25.076190	0	30	72	村庄
450324108213	塘背村委会	111.012160	25.734759	0	25	70	乡镇
450328101200	大云村委会	109.886030	25.820919	0	30	72	村庄
450326100202	湾里村委会	109.976780	24.994570	0	30	72	村庄
450323102204	定江村委会	110.279424	25.336649	1	80	100	政府机构
450330101204	乐塘村委会	110.764883	24.626239	1	80	100	政府机构
450327104205	和睦村委会	111.121070	25.620130	0	30	72	村庄
450328206210	宝赠村委会	109.906424	25.943873	0	16	38	村庄
450328102206	鸡爪村委会	109.859380	25.612900	0	30	72	村庄
450311100202	周家村委会	110.294652	25.127207	1	80	100	政府机构
450324108205	扒子岭村委会	111.022790	25.699930	0	30	58	UNKNOWN
450323101214	秦岸村委会	110.441168	25.175218	1	80	100	政府机构
450302002008	篦子园社区	110.277762	25.273454	1	70	100	地产小区
450303200203	上阳家村村委会	110.343820	25.321890	0	30	58	村庄
450305002003	漓江社区	110.321220	25.284640	1	80	97	政府机构
450330201206	莲塘村委会	110.821470	24.482080	0	30	72	村庄
450330100012	民益社区居民委员会	110.658280	24.616934	0	16	38	乡镇
450323202206	尧乐村委会	110.641703	25.291465	0	16	38	村庄
450330105210	金井村委会	110.997980	24.456520	0	25	70	乡镇
450323107401	桂林电子科技大学社区	110.419084	25.316008	0	50	82	UNKNOWN
450311200200	李汕坪村委会	110.370357	25.042655	0	18	40	村庄
450327100211	仁江村委会	111.156160	25.496800	0	25	47	乡镇
450328202204	城岭村委会	110.253080	25.915040	0	25	70	村庄
450332103209	泗安村委会	110.839837	25.035037	0	16	38	乡镇
450323100002	城中社区	110.318016	25.352066	0	25	70	乡镇
450312106208	军洞村委会	110.289043	24.878373	1	80	100	政府机构
450305001013	师大育才社区	110.327639	25.262709	1	75	100	地产小区
450329101205	官田村村民委员会	110.626920	25.933180	0	30	72	村庄
450324208207	六字界村委会	111.295580	25.821650	0	25	43	乡镇
450327103201	永富村委会	111.099946	25.399325	0	18	40	乡镇
450305002008	羊角山社区	110.321220	25.284640	1	80	97	政府机构
450312105213	面村村委会	110.146314	25.145061	0	18	66	乡镇
450332100212	渡雷村委会	110.805793	24.834317	0	18	40	乡镇
450304200203	万福村委会	110.275922	25.215745	1	80	100	政府机构
450381100205	安疆村委会	110.399352	24.503481	0	18	40	乡镇
450321103212	渔村村委会	110.569063	24.877694	0	25	70	乡镇
450325201205	白竹村委会	110.733867	25.454970	0	25	70	村庄
450325105213	新文村委会	110.477650	25.560909	0	25	70	乡镇
450323100009	八荣社区	110.318016	25.352066	0	25	70	乡镇
450312103001	两江居委会	110.031487	25.241521	0	16	65	乡镇
450312106203	五敬村委会	110.260806	24.900533	0	18	35	乡镇
450324112204	上宅村委会	111.112160	25.710160	0	30	72	村庄
450332103202	太平村委会	110.839837	25.035037	0	16	65	乡镇
450381202001	蒲芦社区居委会	110.179975	24.620172	0	16	47	乡镇
450321100202	骥马村委会	110.458400	24.766729	1	80	100	政府机构
450324102204	白果村委会	111.220491	26.201955	0	18	66	乡镇
450325103001	高尚田居委会	110.587502	25.437460	0	16	47	乡镇
450303002010	水塔社区	110.305890	25.320510	1	80	97	政府机构
450312101207	小江村委会	109.778318	24.908176	1	80	100	政府机构
450326100209	渔洞村委会	110.002030	24.998659	0	25	47	乡镇
450332104206	西岭村委会	110.733354	24.993613	0	16	65	乡镇
450332200210	路口村委会	110.925584	24.851166	0	16	65	村庄
450324100002	建设社区居委会	111.082781	25.953580	0	18	66	乡镇
450324105200	龙水村委会	110.997840	26.036850	0	25	70	乡镇
450311100209	竹园村委会	110.298972	25.089628	1	80	100	政府机构
450325101207	源河村委会	110.682260	25.611721	0	25	47	乡镇
450321200200	金宝村委会	110.300440	24.809228	0	16	65	村庄
450303200208	大村村委会	110.333780	25.299260	1	80	100	政府机构
450381107201	大安村委会	110.395000	24.487800	0	14	46	区县
450330100222	密山渡村委会	110.658280	24.616934	0	16	33	乡镇
450302002003	骝马山社区	110.284198	25.284700	1	75	100	地产小区
450324106210	驿马村委会	110.895260	26.036169	0	30	72	村庄
450324105216	全佳村委会	110.997840	26.036850	0	25	47	乡镇
450302001005	中心广场社区	110.292768	25.278568	1	90	97	政府机构
450332200206	北溪村委会	110.891300	24.815459	0	30	72	村庄
450381104207	永兴村委会	110.340670	24.452450	0	30	72	村庄
450332104210	罗卜村委会	110.733354	24.993613	0	16	65	乡镇
450312101211	保联村委会	110.212000	25.238601	0	14	32	区县
450325101211	阳安村委会	110.682260	25.611721	0	25	47	乡镇
450324106206	岩泉村委会	110.955780	25.935749	0	25	70	乡镇
450330102209	协中村委会	110.718947	24.801392	0	16	38	乡镇
450321104200	福旺村委会	110.378876	24.944004	0	18	40	乡镇
450324108218	朝南村委会	111.067879	25.740886	1	80	100	政府机构
450312102201	马面村委会	110.210396	25.091025	0	16	65	乡镇
450323101209	下张村委会	110.460690	25.234800	0	25	70	乡镇
450381109209	新寨村委会	110.461610	24.627170	0	30	72	村庄
450325102201	石门村委会	110.706580	25.707989	0	30	72	村庄
450324101202	黄岗村委会	111.225530	26.089621	0	30	72	村庄
450329102208	三茶村委会	110.781799	26.197650	0	16	38	乡镇
450321103204	书家堡村委会	110.569063	24.877694	0	25	43	乡镇
450332100204	化育村委会	110.805793	24.834317	0	18	66	乡镇
450324111202	平岗村委会	110.923898	25.671204	0	30	72	村庄
450312100007	七里坪社区居委会	110.198128	25.242441	0	25	55	乡镇
450312105205	四塘村委会	110.146314	25.145061	0	18	66	乡镇
450325100007	灵渠社区居委会	110.683967	25.598852	0	25	70	UNKNOWN
450325105205	五甲村委会	110.876307	25.802325	1	80	100	政府机构
450302003203	甲山村委会	110.275340	25.290560	1	80	97	政府机构
450381103203	金鸡村委会	110.417190	24.420799	0	30	72	村庄
450381106001	大塘社区居委会	110.312056	24.526442	0	18	66	乡镇
450324112212	厚桂村委会	111.125892	25.727652	0	16	38	乡镇
450303002006	金河社区	110.305890	25.320510	1	80	97	政府机构
450325202203	三义村委会	110.684923	25.514122	0	18	66	村庄
450325103200	尚义村委会	110.587502	25.437460	0	16	65	乡镇
450312103200	二圳村委会	110.031487	25.241521	0	16	33	乡镇
450323100208	灵宝村委会	110.359910	25.409640	0	30	72	村庄
450381108208	永福村委会	110.389130	24.615520	0	25	70	乡镇
450381202200	万福村委会	110.222490	24.646350	0	30	72	村庄
450321100003	北门厄社区居委会	110.491612	24.784984	1	80	100	政府机构
450321105201	安定村委会	110.447205	24.714652	0	18	66	乡镇
450330103208	平山村委会	110.950970	24.567350	0	30	72	村庄
450324107207	秀石村委会	110.860520	25.870751	0	25	70	乡镇
450325100210	道冠村委会	110.646641	25.611829	0	16	38	乡镇
450312100210	麒麟村委会	110.198128	25.242441	0	25	70	乡镇
450381100004	城西社区居委会	110.399352	24.503481	0	18	66	乡镇
450332201207	三江村委会	111.081506	24.823488	0	16	65	村庄
450326205208	龙隐村委会	109.832280	25.244590	0	25	47	村庄
450381105206	四育村委会	110.244003	24.382185	0	18	35	乡镇
450312204206	楠木村委会	110.068850	25.535320	0	25	70	乡镇
450330100218	民安村委会	110.658280	24.616934	0	16	65	乡镇
450325203202	同仁村委会	110.457890	25.795150	0	30	72	村庄
450327100220	翻身村委会	111.156160	25.496800	0	25	70	乡镇
450323106221	西岭村委会	110.095615	25.053525	1	80	100	政府机构
450324207205	文甲庄村委会	111.191703	25.883891	0	25	70	村庄
450332102215	东科村委会	110.971110	24.712353	0	16	65	乡镇
450321200001	金宝街居委会	110.336419	24.789490	0	60	87	道路
450381102202	桂东村委会	110.448920	24.477681	0	25	70	乡镇
450324103213	邓家村委会	110.920937	25.860835	1	80	100	政府机构
450325200212	财金村委会	110.803370	25.452531	0	25	47	村庄
450325104204	仙桥村委会	110.600090	25.620789	0	30	72	村庄
450312104204	柳山村委会	110.044098	25.395227	0	16	65	乡镇
450324110203	水西村委会	110.823940	25.751040	0	30	72	村庄
450332101205	上宅村委会	110.914287	25.150044	1	80	100	政府机构
450321102205	将军村委会	110.588683	24.809657	0	30	72	村庄
450324100203	大新村委会	111.026790	25.957200	0	30	72	地产小区
450328104208	寨枕村委会	109.972206	26.075356	0	16	38	乡镇
450324103205	江头村委会	111.137360	26.260079	0	30	72	村庄
450321101203	白面山村委会	110.427341	24.835507	0	18	66	乡镇
450321104001	葡萄居委会	110.378876	24.944004	0	18	49	乡镇
450332102203	笔山村委会	110.893980	24.721669	1	80	100	政府机构
450324113205	土桥村委会	111.039640	25.814841	0	30	72	村庄
450312107202	三联村委会	110.309901	25.294490	1	80	100	政府机构
450325200204	保合村委会	110.803370	25.452531	0	25	70	村庄
450381101204	民强村委会	110.490590	24.521780	0	30	72	村庄
450321102213	夏村村委会	110.566498	24.800224	1	80	100	政府机构
450324110215	麻市村委会	110.885088	25.775671	0	16	38	乡镇
450332101213	良溪村委会	110.902980	25.126070	0	25	70	乡镇
450312104212	西山村委会	110.120960	25.353949	0	30	72	村庄
450324204203	界顶村委会	110.844875	25.530531	1	80	95	UNKNOWN
450327202209	大坪村委会	110.956410	25.479229	0	30	72	村庄
450302003002	红头岭社区	110.275340	25.290560	1	80	100	政府机构
450324107211	三友村委会	110.860520	25.870751	0	25	70	乡镇
450381106200	花岗村委会	110.268370	24.532511	0	30	72	村庄
450321201201	上观村委会	110.566946	24.685257	0	18	66	村庄
450312103216	渡头村委会	110.032509	25.274215	1	80	100	政府机构
450325100206	南源村委会	110.648590	25.664539	0	30	72	村庄
450324104201	广福村委会	111.027340	26.202350	0	25	70	乡镇
450312204210	陶善村委会	110.068850	25.535320	0	25	47	乡镇
450324114201	滕家湾村委会	111.138821	26.033826	0	18	66	乡镇
450324108222	沙田村委会	111.069030	25.776330	0	30	72	村庄
450326101208	下村村委会	110.110173	25.022053	1	80	100	政府机构
450332100005	文武社区居委会	110.805793	24.834317	0	18	66	乡镇
450312100206	花堽村委会	110.198128	25.242441	0	25	47	乡镇
450329101202	福景村委会	110.631940	25.942650	0	25	47	乡镇
450324102208	歌陂村委会	111.220491	26.201955	0	18	40	乡镇
450324208200	清水村委会	111.295480	25.821560	0	30	72	村庄
450324112208	五桂岭村委会	111.125892	25.727652	0	16	38	乡镇
450323100005	新桂社区	110.318016	25.352066	0	25	70	乡镇
450327103206	龙炼村委会	111.099946	25.399325	0	18	40	乡镇
450323202201	国清村委会	110.641703	25.291465	0	16	38	村庄
450329102212	随滩村委会	110.781799	26.197650	0	16	38	乡镇
450381100209	岭松村委会	110.399352	24.503481	0	18	40	乡镇
450330201201	青龙村委会	110.845240	24.508379	0	30	72	村庄
450323106217	祠堂村委会	110.255830	25.527181	0	25	70	乡镇
450305002004	汇通社区	110.321220	25.284640	1	80	97	政府机构
450327100216	雷坪村委会	111.156160	25.496800	0	25	70	乡镇
450311200207	大埠村委会	110.370357	25.042655	0	18	66	村庄
450304003201	平山村委会	110.292004	25.227929	1	80	100	政府机构
450328202203	李江村委会	110.253080	25.915040	0	25	47	村庄
450303200204	蒙正村村委会	110.334283	25.314278	1	80	100	政府机构
450324108202	广竹村委会	111.012160	25.734759	0	25	47	乡镇
450323101213	袁家村委会	110.460690	25.234800	0	25	70	乡镇
450381109213	地狮村委会	110.498450	24.644200	0	30	58	UNKNOWN
450304001007	东安社区	110.283708	25.264305	1	90	97	政府机构
450330101203	沙冲村委会	110.787950	24.662824	0	16	65	乡镇
450330104001	张家社区居民委员会	110.851992	24.594647	0	18	40	乡镇
450326100205	塘堡村委会	110.002030	24.998659	0	25	70	乡镇
450329202210	白竹村委会	110.643790	26.195170	0	25	70	村庄
450323102203	赤江村委会	110.244751	25.355053	0	18	66	乡镇
450328102201	大滩村委会	109.864890	25.726370	0	25	70	乡镇
450311100205	果园村委会	110.296721	25.103205	1	80	100	政府机构
450327104202	平田村委会	111.141040	25.641709	0	30	72	村庄
450381109205	大地村委会	110.482450	24.596720	0	30	72	村庄
450323101205	李家村委会	110.774221	25.648583	1	80	100	政府机构
450326103203	良村村委会	110.028891	25.098867	0	18	66	乡镇
450324108214	贤宅村委会	111.012160	25.734759	0	25	47	乡镇
450303200212	星华村村委会	110.350585	25.320919	0	20	67	村庄
450329100002	沈滩居民委员会	110.669074	26.060924	0	16	38	乡镇
450330102205	义和村委会	110.723560	24.794670	0	30	72	村庄
450304001011	翠竹路社区	110.283708	25.264305	1	90	100	政府机构
450328101207	梅洞村委会	109.818867	25.821395	0	16	65	乡镇
450312103220	宿棠村委会	110.031487	25.241521	0	16	38	乡镇
450305003204	光辉村委会	110.305920	25.274581	1	80	97	政府机构
450329202206	大坪头村委会	110.676843	26.202914	1	80	100	政府机构
450326204205	永富村委会	109.771950	24.944633	0	16	38	村庄
450330101215	九龙村委会	110.787950	24.662824	0	16	65	乡镇
450328206201	乐江村委会	109.906424	25.943873	0	16	38	村庄
450304002001	五美社区	110.290768	25.268268	1	90	97	政府机构
450327104214	合力村委会	111.087277	25.606889	0	16	65	乡镇
450311100213	茶江村委会	110.335833	25.105434	0	18	66	乡镇
450327200202	椅山村委会	110.856490	25.242400	0	25	70	乡镇
450329205202	大湾村委会	110.335374	25.969885	0	30	72	村庄
450330202207	上堡村委会	110.745360	24.485891	0	30	72	村庄
450305001002	龙隐社区	110.311760	25.268268	0	25	55	乡镇
450312108207	温良村委会	109.905949	25.290231	0	16	38	乡镇
450323201207	群英村委会	110.754650	25.132620	0	30	72	村庄
450328201205	潘内村委会	110.099389	25.863792	0	16	38	村庄
450327103210	龙中村委会	111.099946	25.399325	0	18	66	乡镇
450323106201	三合村委会	110.255830	25.527181	0	25	70	乡镇
450305002012	猫儿山社区	110.321220	25.284640	1	80	100	政府机构
450312105209	刘村村委会	110.031667	25.293966	1	80	100	政府机构
450332100208	同乐村委会	110.805793	24.834317	0	18	66	乡镇
450326104207	桐木村委会	109.665761	24.953825	0	16	65	乡镇
450321103208	西塘村委会	110.569063	24.877694	0	25	55	乡镇
450329102204	胡家田村委会	110.781799	26.197650	0	16	65	乡镇
450330100003	下关社区居委会	110.658280	24.616934	0	16	65	乡镇
450330105201	源头村委会	110.995310	24.456060	0	30	72	村庄
450327100200	城关村委会	111.156160	25.496800	0	25	70	乡镇
450325105209	龙源村委会	110.482870	25.632570	0	30	72	村庄
450328103001	和平居民委员会	110.123023	25.747552	0	16	38	乡镇
450327201203	大井塘村委会	110.888244	25.289999	0	18	66	乡镇
450330100214	潮水村委会	110.595180	24.597009	0	30	72	村庄
450323207202	新江村委会	110.186070	25.477120	0	30	72	村庄
450326205204	西河村委会	109.862153	25.176812	1	80	100	政府机构
450381100008	沙洞社区居委会	110.390160	24.491260	1	80	100	政府机构
450326101212	金福村委会	110.112513	24.994280	0	16	38	乡镇
450329203207	脚古冲村委会	110.468938	26.054638	0	16	33	乡镇
450328100206	岭田村委会	109.985485	25.760884	0	16	65	乡镇
450330103204	华山村委会	110.903780	24.611730	0	30	72	村庄
450326102202	朝阳村委会	109.768570	25.180080	0	30	72	村庄
450381108204	双安村委会	110.389130	24.615520	0	25	70	乡镇
450323100204	大面村委会	110.324140	25.348791	0	30	72	村庄
450327101201	中秀村委会	111.028940	25.319028	0	16	65	乡镇
450330104200	湖洋村委会	110.851992	24.594647	0	18	66	乡镇
450321102209	顺梅村委会	110.539022	24.840240	0	16	38	乡镇
450326105206	清坪村委会	110.139630	24.786845	0	16	65	乡镇
450332101209	高岭村委会	110.883276	25.100820	1	80	100	政府机构
450323107200	灵田村委会	110.326000	25.409800	0	14	32	区县
450312104208	西南村委会	110.040300	25.408260	1	80	100	政府机构
450323102002	兴坪社区	110.244751	25.355053	0	18	66	乡镇
450328104212	小江村委会	109.972206	26.075356	0	16	65	乡镇
450327102211	集全村委会	111.277300	25.671980	1	80	95	UNKNOWN
450323200206	旺塘村委会	110.491350	25.107940	0	30	72	村庄
450326202200	广福村委会	109.983130	24.916940	0	30	72	村庄
450332102219	黄泥岗村委会	111.041892	24.726262	0	30	72	村庄
450329204203	烟竹村委会	110.428983	25.968775	0	18	66	乡镇
450330203206	福瑶村委会	110.653710	24.536689	0	25	47	乡镇
450323104210	薛家村委会	110.243390	25.410300	0	30	72	村庄
450325200208	艳林村委会	110.803370	25.452531	0	25	47	村庄
450328203202	百湾村委会	110.135753	25.977082	0	18	40	村庄
450330200200	古端村委会	110.899252	24.502416	0	18	40	村庄
450324110219	立岗村委会	111.020905	26.043056	1	80	100	政府机构
450326105210	胜利村委会	110.076630	24.802390	0	30	72	村庄
450381101208	龙田村委会	110.554760	24.486440	0	30	72	村庄
450327102207	玉溪村委会	111.212424	25.695830	0	18	66	乡镇
450328104204	半河村委会	109.972206	26.075356	0	16	65	乡镇
450323104206	庄屋村委会	110.247198	25.437478	0	18	66	乡镇
450324113209	棠荫村委会	111.039632	25.852895	0	18	40	乡镇
450329100203	石溪头村委会	110.577240	26.013280	0	30	72	村庄
450324103209	易福村委会	111.176120	26.217910	0	25	47	乡镇
450327105203	伍家湾村委会	111.254711	25.587267	0	18	66	乡镇
450327100001	城北社区居委会	111.156160	25.496800	0	25	70	乡镇
450311101204	龙门村委会	110.370782	25.214912	1	80	100	政府机构
450328103200	和平村委会	110.068490	25.729310	0	30	72	村庄
450329203211	黄龙村委会	110.468938	26.054638	0	16	65	乡镇
450323103202	普贤村委会	110.391181	25.497092	0	18	66	乡镇
450326101204	星草村委会	110.112513	24.994280	0	16	38	乡镇
450330100202	马渭村委会	110.658280	24.616934	0	16	38	乡镇
450328204206	大湾村委会	110.002550	25.928429	0	30	72	村庄
450327202205	南江村委会	110.939740	25.362530	0	30	72	村庄
450328100210	双洞村委会	109.985485	25.760884	0	16	65	乡镇
450305004001	空明社区	110.318000	25.252701	0	18	40	区县
450324109203	古留村委会	110.742280	25.791852	0	18	40	乡镇
450328204207	崇林村委会	110.029210	25.934830	0	30	58	村庄
450327202204	小源村委会	110.943172	25.416398	0	18	66	乡镇
450328100211	日新村委会	109.985485	25.760884	0	16	65	乡镇
450324109202	洛江村委会	110.742280	25.791852	0	18	66	乡镇
450327105202	璃碧村委会	111.254711	25.587267	0	18	40	乡镇
450311101205	禄坊村委会	110.349296	25.165220	0	18	40	乡镇
450328103201	大柳村委会	110.076937	25.680343	1	80	100	政府机构
450323106001	青狮潭社区	110.255830	25.527181	0	25	70	乡镇
450329203210	白洞村委会	110.468938	26.054638	0	16	65	乡镇
450323103203	五福村委会	110.317263	25.313462	1	80	100	政府机构
450326101205	林村村委会	110.090255	24.960806	1	80	100	政府机构
450330100203	龙练村委会	110.658280	24.616934	0	16	65	乡镇
450330105001	源头社区居民委员会	110.997980	24.456520	0	25	47	乡镇
450327102206	月岭村委会	111.212424	25.695830	0	18	66	乡镇
450328104205	新元村委会	109.951270	26.105380	0	30	72	村庄
450323104207	砖塘村委会	110.260340	25.466630	0	30	72	村庄
450324113208	昌郑村委会	111.039632	25.852895	0	18	40	乡镇
450329100202	城关村委会	110.645852	26.035213	1	80	100	政府机构
450324103208	阳福村委会	111.176120	26.217910	0	25	47	乡镇
450325200209	保林村委会	110.856250	25.431491	0	30	72	村庄
450328203203	张家村委会	110.136402	25.963320	1	80	100	政府机构
450330200201	阳安村委会	110.899360	24.500850	0	30	72	村庄
450324110218	翠英村委会	110.885088	25.775671	0	16	38	乡镇
450326105211	九槽村委会	110.139630	24.786845	0	16	38	乡镇
450381101209	环河村委会	110.520771	24.546228	0	18	66	乡镇
450328104213	城田村委会	109.972206	26.075356	0	16	65	乡镇
450327102210	勒塘村委会	111.212424	25.695830	0	18	66	乡镇
450323200207	南圩村委会	110.520100	25.073670	0	30	72	村庄
450329100214	同禾村委会	110.677780	26.027740	0	30	72	村庄
450326202201	龙溪村委会	109.977450	24.936420	0	30	72	村庄
450332102218	坪冲村委会	111.003130	24.724180	0	30	72	村庄
450329204202	和坪村委会	110.428983	25.968775	0	18	66	乡镇
450323104211	大庙村委会	110.241710	25.405240	0	30	72	村庄
450324207208	水晶坪村委会	111.191703	25.883891	0	25	70	村庄
450330203207	广运村委会	110.653710	24.536689	0	25	47	乡镇
450328102001	三门街居委会	109.864890	25.726370	0	25	55	乡镇
450327101200	黄关村委会	111.028940	25.319028	0	16	38	乡镇
450330104201	朝仙村委会	110.851992	24.594647	0	18	35	乡镇
450321102208	绛村村委会	110.647557	24.816704	1	80	100	政府机构
450326105207	茶料村委会	110.139630	24.786845	0	16	38	乡镇
450332101208	大枧村委会	110.889409	25.113050	1	80	100	政府机构
450312104209	江门村委会	110.212000	25.238601	0	14	29	区县
450323107201	会林村委会	110.469707	25.392050	0	16	65	乡镇
450328100207	上孟村委会	109.985485	25.760884	0	16	65	乡镇
450330103205	大里村委会	110.912090	24.582060	0	30	72	村庄
450326102203	双合村委会	109.723570	25.211961	0	30	72	村庄
450381108205	官相村委会	110.389130	24.615520	0	25	47	乡镇
450323100205	双洲村委会	110.318016	25.352066	0	25	70	乡镇
450327201202	自振村委会	110.888244	25.289999	0	18	40	乡镇
450304003001	同心社区	110.292730	25.232909	1	90	97	政府机构
450323202001	海洋社区	110.641703	25.291465	0	16	65	村庄
450323207203	田心村委会	110.157770	25.452060	0	30	72	村庄
450330100215	上游村委会	110.560030	24.663020	0	30	72	村庄
450381100009	篓园社区居委会	110.399352	24.503481	0	18	40	乡镇
450326205205	驿马村委会	109.822380	25.298089	0	30	72	村庄
450329203206	田头水村委会	110.468938	26.054638	0	16	47	乡镇
450312105208	横山村委会	110.140219	25.175517	1	80	100	政府机构
450323106200	青狮潭村委会	110.255830	25.527181	0	25	47	乡镇
450332100209	乐湾村委会	110.805793	24.834317	0	18	40	乡镇
450326104206	华山村委会	109.626630	24.931990	0	30	72	村庄
450321103209	江村村委会	110.529769	24.965706	1	80	100	政府机构
450329102205	沙坪村委会	110.768670	26.207560	0	30	72	村庄
450330100002	中关社区居委会	110.658280	24.616934	0	16	47	乡镇
450330105200	启善村委会	110.997980	24.456520	0	25	47	乡镇
450311200210	腊山村委会	110.325139	25.019923	1	80	100	政府机构
450327100201	莫家村委会	111.147284	25.446176	1	80	100	政府机构
450325105208	司门村委会	110.478600	25.631249	0	30	72	村庄
450329205203	猴背村委会	110.309510	25.916600	0	30	58	UNKNOWN
450305001003	七星社区	110.311760	25.268268	0	25	55	乡镇
450330202206	仁德村委会	110.762796	24.495235	0	18	40	村庄
450312108206	仁义村委会	109.905949	25.290231	0	16	65	乡镇
450323201206	黄泥江村委会	110.661673	25.157250	0	16	65	乡镇
450328201204	泗水村委会	110.099389	25.863792	0	16	65	村庄
450327103211	石丰村委会	111.099946	25.399325	0	18	49	乡镇
450312103221	高塘村委会	110.029020	25.238430	0	30	72	村庄
450329202207	香草村委会	110.643790	26.195170	0	25	47	村庄
450305003205	屏风村委会	110.305920	25.274581	1	80	97	政府机构
450326204204	独州村委会	109.771950	24.944633	0	16	65	村庄
450323206202	南坳村委会	110.164931	25.630029	0	18	66	乡镇
450330101214	燕塘村委会	110.787950	24.662824	0	16	65	乡镇
450328206200	金坪村委会	109.906424	25.943873	0	16	65	村庄
450327104215	洪水箐村委会	111.087277	25.606889	0	16	33	乡镇
450327200203	太和村委会	110.856490	25.242400	0	25	70	乡镇
450311100212	五塘村委会	110.335833	25.105434	0	18	66	乡镇
450381109204	克新村委会	110.431339	24.643390	0	25	55	乡镇
450323101204	朱家村委会	110.301049	25.357108	1	80	100	政府机构
450326103202	太平村委会	110.028891	25.098867	0	18	66	乡镇
450324108215	青田村委会	111.010906	25.771811	1	80	100	政府机构
450303200213	乌石村村委会	110.308010	25.323430	0	30	58	村庄
450330102204	安隆村委会	110.718947	24.801392	0	16	65	乡镇
450304001010	金竹社区	110.280521	25.257851	1	75	100	地产小区
450328101206	思陇村委会	109.818867	25.821395	0	16	38	乡镇
450330101202	茶林村委会	110.765810	24.653190	0	30	72	村庄
450326100204	四合村委会	110.002030	24.998659	0	25	70	乡镇
450323102202	粟家村委会	110.244751	25.355053	0	18	66	乡镇
450328102200	交其村委会	109.846390	25.757630	0	30	58	UNKNOWN
450311100204	三合村委会	110.335833	25.105434	0	18	66	乡镇
450327104203	新卫村委会	111.115760	25.646990	0	30	72	村庄
450303200205	大河村村委会	110.350585	25.320919	0	20	67	村庄
450324108203	乐南村委会	111.012160	25.734759	0	25	47	乡镇
450323101212	涧沙村委会	110.460690	25.234800	0	25	47	乡镇
450381109212	长安村委会	110.431339	24.643390	0	25	55	乡镇
450304001006	甘棠社区	110.283708	25.264305	1	90	97	政府机构
450323202200	江尾村委会	110.641703	25.291465	0	16	65	村庄
450330105216	莲塘村委会	110.984730	24.341081	0	30	72	村庄
450323207002	公平社区	110.161520	25.490490	0	25	70	村庄
450381100208	田岭村委会	110.399352	24.503481	0	18	66	乡镇
450326104210	古城村委会	109.670960	25.036771	0	30	72	村庄
450332102222	兰洞村委会	110.971110	24.712353	0	16	38	乡镇
450305002005	六合社区	110.321220	25.284640	1	80	97	政府机构
450323106216	苏勃村委会	110.255830	25.527181	0	25	47	乡镇
450330201200	大刚村委会	110.845230	24.508349	0	25	47	村庄
450311200206	黎家村委会	110.370357	25.042655	0	18	66	村庄
450327100217	仁合村委会	111.156160	25.496800	0	25	70	乡镇
450328202202	建新村委会	110.242570	25.829779	0	30	72	地产小区
450304003200	同心村委会	110.291646	25.238415	1	80	100	政府机构
450329101203	枫木村委会	110.631940	25.942650	0	25	70	乡镇
450324102209	石洞村委会	111.220491	26.201955	0	18	66	乡镇
450312108210	三合村委会	109.905949	25.290231	0	16	65	乡镇
450324208201	竹坞村委会	111.295580	25.821650	0	25	70	乡镇
450324112209	源东村委会	111.125892	25.727652	0	16	38	乡镇
450323100004	五厂社区居委会	110.332457	25.403798	1	80	100	政府机构
450327103207	龙云村委会	111.099946	25.399325	0	18	66	乡镇
450325100207	东界村委会	110.646641	25.611829	0	16	65	乡镇
450312204211	永安村委会	110.066880	25.648729	0	30	72	村庄
450324104200	大西江村委会	111.027340	26.202350	0	25	70	乡镇
450324114200	永岁村委会	111.138821	26.033826	0	18	40	乡镇
450326101209	上笑村委会	110.161177	25.009946	1	80	100	政府机构
450324108223	白竹村委会	111.040412	25.876067	1	80	100	政府机构
450332100004	茶北社区居委会	110.805793	24.834317	0	18	40	乡镇
450312100207	凤凰村委会	110.143228	25.312409	1	80	100	政府机构
450327202208	下涧村委会	110.943172	25.416398	0	18	66	乡镇
450324107210	塘口村委会	110.845410	25.873050	0	30	72	村庄
450302003003	福利路社区	110.275340	25.290560	1	80	97	政府机构
450381106201	苏结村委会	110.312056	24.526442	0	18	40	乡镇
450321201200	普益村委会	110.594343	24.676297	1	80	100	政府机构
450312103217	贺村村委会	110.026485	25.277079	1	80	100	政府机构
450325200205	桥头村委会	110.783429	25.422930	0	30	72	村庄
450381101205	盘瑶村委会	110.520771	24.546228	0	18	40	乡镇
450321102212	忠和村委会	110.539022	24.840240	0	16	65	乡镇
450324110214	棕树村委会	110.885088	25.775671	0	16	38	乡镇
450332101212	六岭村委会	110.902980	25.126070	0	25	70	乡镇
450324204202	蕉江村委会	110.885611	25.566086	0	18	40	乡镇
450312104213	板屋村委会	110.137953	25.402923	1	80	100	政府机构
450328104209	平定村委会	109.972206	26.075356	0	16	65	乡镇
450325102001	界首社区居委会	110.756760	25.726680	0	25	55	乡镇
450324103204	紫岗村委会	111.176120	26.217910	0	25	70	乡镇
450321101202	遇龙村委会	110.427341	24.835507	0	18	40	乡镇
450332102202	枧头村委会	110.868420	24.763721	0	30	72	村庄
450324113204	珠塘村委会	111.039632	25.852895	0	18	66	乡镇
450312107203	中庸村委会	110.063908	25.472952	0	18	66	乡镇
450325104205	清水村委会	110.585040	25.672860	0	30	72	村庄
450312104205	三友村委会	110.044098	25.395227	0	16	65	乡镇
450324110202	湾里村委会	110.807650	25.728371	0	30	72	村庄
450332101204	石头村委会	110.925750	25.165540	0	30	72	村庄
450321102204	枫林村委会	110.594280	24.786939	0	30	72	村庄
450324100202	龙岩村委会	111.074000	25.971459	0	30	72	村庄
450325203203	锐炜村委会	110.476850	25.769020	0	25	47	乡镇
450327100221	大源村委会	111.066430	25.535370	0	30	72	村庄
450324207204	茅兰村委会	111.191703	25.883891	0	25	47	村庄
450323106220	黄梅村委会	110.255830	25.527181	0	25	70	乡镇
450332102214	势江村委会	110.971110	24.712353	0	16	38	乡镇
450381102203	大瑶村委会	110.519720	24.491050	0	30	72	村庄
450381107001	花箦社区居委会	110.395000	24.487800	0	14	64	区县
450321101214	五里店村委会	110.394308	24.860489	1	80	100	政府机构
450324103212	谏禄村委会	111.176120	26.217910	0	25	47	乡镇
450325100211	董田村委会	110.646641	25.611829	0	16	65	乡镇
450312100211	灵山村委会	110.198128	25.242441	0	25	55	乡镇
450324114216	左江村委会	111.138821	26.033826	0	18	66	乡镇
450321202206	土岭村委会	110.312519	24.862072	1	80	100	政府机构
450332201206	对面岭村委会	111.105120	24.773441	0	30	72	村庄
450326205209	丹江村委会	109.832280	25.244590	0	25	47	村庄
450381100005	中山社区居委会	110.399352	24.503481	0	18	66	乡镇
450381105207	木山村委会	110.244003	24.382185	0	18	66	乡镇
450312204207	庙坪村委会	110.056020	25.634339	0	30	72	村庄
450330100219	民益村委会	110.606080	24.711110	0	30	72	村庄
450325103201	茗田村委会	110.587502	25.437460	0	16	38	乡镇
450323100209	双潭村委会	110.318016	25.352066	0	25	70	乡镇
450312103201	山口村委会	110.135681	25.298834	1	80	100	政府机构
450381108209	同福村委会	110.349940	24.696590	0	30	72	村庄
450381202201	万全村委会	110.179975	24.620172	0	16	65	乡镇
450321100002	屏风山社区居委会	110.491593	24.777525	1	80	100	政府机构
450321105200	高田村委会	110.463500	24.708190	0	30	72	村庄
450330103209	沙江村委会	110.971810	24.546840	0	30	72	村庄
450324107206	绍兰村委会	110.872408	25.875131	1	80	100	政府机构
450302003202	桥头村委会	110.275340	25.290560	1	80	97	政府机构
450381103202	张村村委会	110.402290	24.387406	1	80	100	政府机构
450324112213	田乾村委会	111.125892	25.727652	0	16	65	乡镇
450321201001	普益街居委会	110.600300	24.673610	0	50	82	道路
450303002007	凤集社区	110.305890	25.320510	1	80	97	政府机构
450328201208	里才村委会	110.099389	25.863792	0	16	33	村庄
450325202202	崔家村委会	110.684923	25.514122	0	18	66	村庄
450324101203	竹下村委会	111.220250	26.089690	0	25	70	乡镇
450329102209	茶坪村委会	110.396947	25.955735	1	80	100	政府机构
450321103205	白山底村委会	110.621471	24.730627	1	80	100	政府机构
450332100205	白马村委会	110.805900	24.843391	0	30	72	村庄
450324111203	四所村委会	110.917950	25.666006	0	18	66	乡镇
450312100006	岩塘社区居委会	110.198128	25.242441	0	25	70	乡镇
450312105204	李家村委会	110.146314	25.145061	0	18	66	乡镇
450325100006	双灵社区居委会	110.646641	25.611829	0	16	65	乡镇
450325105204	千家村委会	110.477650	25.560909	0	25	47	乡镇
450324106207	秦家塘村委会	110.955780	25.935749	0	25	70	乡镇
450330102208	安全村委会	110.718947	24.801392	0	16	65	乡镇
450321104201	葡萄村委会	110.378876	24.944004	0	18	66	乡镇
450324108219	贤山村委会	111.012160	25.734759	0	25	70	乡镇
450323101208	雄村村委会	110.460690	25.234800	0	25	70	乡镇
450312102200	新立村委会	110.262650	25.155891	0	30	72	村庄
450381109208	永明村委会	110.431339	24.643390	0	25	70	乡镇
450325102200	界首村委会	110.756760	25.726680	0	25	70	乡镇
450302001004	解西社区	110.292768	25.278568	1	90	97	政府机构
450324105217	朝阳村委会	111.022470	26.084790	0	30	72	村庄
450326204208	枫木村委会	109.724920	24.862411	0	30	72	村庄
450332200207	巨塘村委会	110.865990	24.778211	0	30	72	村庄
450381104206	满洞村委会	110.327360	24.451935	0	18	40	乡镇
450332104211	龙岗村委会	110.751890	24.951381	0	30	72	村庄
450312101210	大村村委会	110.280283	24.948751	1	80	100	政府机构
450325101210	邓家村委会	110.603491	25.384509	1	80	100	政府机构
450321200201	红莲村委会	110.318710	24.774681	0	30	72	村庄
450303200209	白竹干村村委会	110.350585	25.320919	0	20	41	村庄
450381107200	大江村委会	110.255350	24.618620	0	30	72	村庄
450330100223	桃林村委会	110.658280	24.616934	0	16	65	乡镇
450324106211	紫岭村委会	110.855950	26.030681	0	30	72	村庄
450302002002	桃花江社区	110.282000	25.322110	0	25	100	UNKNOWN
450312101206	清泰村委会	110.265390	24.983041	0	18	40	乡镇
450326100208	南雄村委会	110.002030	24.998659	0	25	70	乡镇
450332104207	三合村委会	110.733354	24.993613	0	16	65	乡镇
450332200211	三新桥村委会	110.925584	24.851166	0	16	38	村庄
450324100003	和平社区居委会	111.082781	25.953580	0	18	66	乡镇
450324105201	安陂村委会	110.976330	25.969060	0	30	58	UNKNOWN
450311100208	兴隆村委会	110.368360	25.092740	0	30	72	村庄
450325101206	双河村委会	110.735130	25.663331	0	30	72	村庄
450323100008	七彩社区	110.297583	25.275018	1	80	100	购物
450312106202	东山村委会	110.319240	24.941710	0	30	72	村庄
450324112205	白水村委会	111.141960	25.727750	0	30	72	村庄
450332103203	嘉会村委会	110.839837	25.035037	0	16	38	乡镇
450321100203	樟桂村委会	110.490130	24.786810	1	80	100	政府机构
450321105001	高田居委会	110.447205	24.714652	0	18	66	乡镇
450324102205	黄土井村委会	111.242900	26.251560	0	30	72	村庄
450312105212	自信村委会	110.146314	25.145061	0	18	40	乡镇
450305002009	辰山社区	110.321220	25.284640	1	80	97	政府机构
450304200202	红光村委会	110.287459	25.204110	0	30	72	村庄
450332100213	古城村委会	110.829730	24.779019	0	30	72	村庄
450381100204	桥富村委会	110.399352	24.503481	0	18	40	乡镇
450321103213	水洛村委会	110.569063	24.877694	0	25	47	乡镇
450325201204	高圩村委会	110.733867	25.454970	0	25	70	村庄
450303001001	宝积社区	110.301619	25.284096	1	80	97	政府机构
450325105212	永安村委会	110.300960	25.787179	0	30	72	村庄
450324108220	西头村委会	111.012160	25.734759	0	25	70	乡镇
450324114203	湘山村委会	111.138821	26.033826	0	18	40	乡镇
450381201204	文德村委会	110.210739	24.471632	0	18	66	乡镇
450312100204	水口村委会	110.141190	25.280821	0	30	72	村庄
450324101001	黄沙河居委会	111.220250	26.089690	0	25	55	乡镇
450312204212	洞头村委会	110.068850	25.535320	0	25	70	乡镇
450324104203	沙子坪村委会	110.838469	26.096304	1	80	100	政府机构
450381100010	沙街社区居委会	110.401763	24.482014	1	80	100	政府机构
450325100204	塘市村委会	110.700070	25.665870	0	30	72	村庄
450321201203	留公村委会	110.566946	24.685257	0	18	40	村庄
450312103214	大厦村委会	110.031487	25.241521	0	16	65	乡镇
450324107213	大渭洞村委会	110.860520	25.870751	0	25	43	乡镇
450381106202	绥福村委会	110.312056	24.526442	0	18	40	乡镇
450325103214	灵龙村委会	110.587502	25.437460	0	16	38	乡镇
450324110217	翠东村委会	110.885088	25.775671	0	16	38	乡镇
450332101211	建安村委会	110.874740	25.073910	0	30	72	村庄
450324204201	大源村委会	110.924020	25.515160	0	30	72	村庄
450312104210	蓬莱村委会	110.044098	25.395227	0	16	65	乡镇
450381101206	思贡村委会	110.520771	24.546228	0	18	40	乡镇
450321102211	洞心村委会	110.539022	24.840240	0	16	65	乡镇
450325200206	长洲村委会	110.803370	25.452531	0	25	70	村庄
450332102201	竹山村委会	110.860560	24.729870	0	30	72	村庄
450324113207	芳塘村委会	111.039632	25.852895	0	18	66	乡镇
450323104208	大义村委会	110.247198	25.437478	0	18	66	乡镇
450312107200	江泉村委会	110.212000	25.238601	0	14	29	区县
450324103207	洋田村委会	111.176120	26.217910	0	25	70	乡镇
450321101201	观桥村委会	110.427341	24.835507	0	18	66	乡镇
450327102209	桂岩村委会	111.212424	25.695830	0	18	66	乡镇
450321102207	青鸟村委会	110.644160	24.767670	0	30	58	UNKNOWN
450324100201	七一村委会	111.082781	25.953580	0	18	66	乡镇
450312104206	仁和村委会	110.065670	25.406659	0	30	72	村庄
450324110201	畔毗村委会	110.791957	25.728008	1	80	100	政府机构
450332101207	大合村委会	110.902980	25.126070	0	25	70	乡镇
450326105208	河东村委会	110.178610	24.806659	0	30	72	村庄
450325200210	协兴村委会	110.803370	25.452531	0	25	47	村庄
450381102200	凤岗村委会	110.452050	24.498871	0	30	72	村庄
450324103211	锦福村委会	111.176120	26.217910	0	25	47	乡镇
450323200208	太平村委会	110.508720	25.196511	0	25	70	村庄
450330203208	大田村委会	110.717250	24.392829	0	30	72	村庄
450324207207	北山村委会	111.219560	25.900071	0	30	72	村庄
450323106223	四江村委会	110.255830	25.527181	0	25	47	乡镇
450332102217	龙围村委会	110.971110	24.712353	0	16	65	乡镇
450324113211	塘福村委会	110.994670	25.895760	0	30	72	村庄
450325203200	千祥村委会	110.476400	25.769570	0	30	72	村庄
450327100222	徐源村委会	111.156160	25.496800	0	25	70	乡镇
450332201205	十八岭村委会	111.081506	24.823488	0	16	65	村庄
450381100006	沿江社区居委会	110.399352	24.503481	0	18	66	乡镇
450381105204	平村村委会	110.235377	24.379844	1	80	100	政府机构
450312204204	河北村委会	110.002510	25.521120	0	30	72	村庄
450329203209	木厂村委会	110.468938	26.054638	0	16	65	乡镇
450312100212	塔山村委会	110.210750	25.288550	0	30	72	村庄
450324114215	南阳村委会	111.120390	26.000630	0	30	72	村庄
450321202205	唐家村委会	110.413270	25.008690	0	30	72	村庄
450325100212	粉洞村委会	110.646641	25.611829	0	16	38	乡镇
450321100001	莲峰社区居委会	110.493001	24.777203	1	80	100	政府机构
450321105203	朗梓村委会	110.447205	24.714652	0	18	40	乡镇
450324107205	柳甲村委会	110.860520	25.870751	0	25	47	乡镇
450312103202	保全村委会	110.031487	25.241521	0	16	38	乡镇
450332103001	嘉会街居委会	110.868570	24.991029	0	40	77	道路
450381202202	黎村村委会	110.208937	24.571705	1	80	100	政府机构
450325103202	直义村委会	110.468231	25.765979	1	80	93	UNKNOWN
450328100208	金车村委会	109.985485	25.760884	0	16	38	乡镇
450325202201	长冲村委会	110.603357	25.543028	1	80	100	政府机构
450303002004	圣隆社区	110.305890	25.320510	1	80	97	政府机构
450324112210	黄泥冲村委会	111.125892	25.727652	0	16	65	乡镇
450302003201	新立村委会	110.275340	25.290560	1	80	97	政府机构
450324102210	湾山村委会	111.224397	26.138485	1	80	100	政府机构
450381103201	三保村委会	110.410075	24.377763	0	18	66	乡镇
450312108209	保合村委会	109.905949	25.290231	0	16	65	乡镇
450325100005	灵湖社区居委会	110.670337	25.598059	1	80	95	地产小区
450325105207	富江村委会	110.477650	25.560909	0	25	47	乡镇
450326104209	清水村委会	109.688775	25.015032	1	80	100	政府机构
450332100206	西河村委会	110.805793	24.834317	0	18	66	乡镇
450324111200	安和村委会	110.917950	25.666006	0	18	66	乡镇
450312100005	环湖社区居委会	110.198128	25.242441	0	25	70	乡镇
450312105207	腊村村委会	110.134531	25.161611	1	80	100	政府机构
450324101200	石城村委会	111.221890	26.059210	0	30	72	村庄
450321103206	思的村委会	110.569063	24.877694	0	25	47	乡镇
450325102203	城东村委会	110.725080	25.693189	0	30	72	村庄
450328101209	孟化村委会	109.818867	25.821395	0	16	38	乡镇
450312102203	新民村委会	110.210396	25.091025	0	16	47	乡镇
450324106204	邓吉村委会	110.955780	25.935749	0	25	47	乡镇
450321104202	西岭村委会	110.378876	24.944004	0	18	66	乡镇
450305200204	新建村委会	110.341680	25.282570	0	30	72	村庄
450325101213	江口村委会	110.327193	25.683196	1	80	100	政府机构
450332104212	德良村委会	110.733354	24.993613	0	16	38	乡镇
450329202208	文溪村委会	110.643790	26.195170	0	25	70	村庄
450312101213	诚桂村委会	110.265390	24.983041	0	18	40	乡镇
450302001007	榕湖社区	110.292768	25.278568	1	90	100	政府机构
450324105214	大仙村委会	110.997840	26.036850	0	25	70	乡镇
450332200204	大江村委会	110.942960	24.832310	0	30	72	村庄
450381104205	青云村委会	110.316120	24.440500	0	30	72	村庄
450304001009	竹林社区	110.283708	25.264305	1	90	97	政府机构
450381102001	兴坪社区居委会	110.448920	24.477681	0	25	55	乡镇
450381107203	南源村委会	110.244990	24.594960	0	30	72	村庄
450324106212	永佳洞村委会	110.853290	26.054560	0	30	72	村庄
450302002001	飞凤社区	110.278482	25.282283	0	30	58	乡镇
450330100220	江右村委会	110.658280	24.616934	0	16	38	乡镇
450312102215	陂头村委会	110.210396	25.091025	0	16	65	乡镇
450321200202	阳朔垌村委会	110.300440	24.809228	0	16	38	村庄
450325101205	龙禾村委会	110.682260	25.611721	0	25	47	乡镇
450332200212	陶马坪村委会	110.830150	24.769769	0	30	58	村庄
450324105202	百福村委会	110.968680	25.984530	0	30	72	村庄
450312101205	船岭村委会	110.265390	24.983041	0	18	66	乡镇
450332104204	虎尾村委会	110.733354	24.993613	0	16	65	乡镇
450327103208	烈溪村委会	111.099946	25.399325	0	18	40	乡镇
450321100200	矮山村委会	110.518965	24.738889	0	30	72	村庄
450324102206	仁街村委会	111.232620	26.226241	0	25	55	道路
450312106201	钱村村委会	110.260806	24.900533	0	18	66	乡镇
450324112206	鲁水村委会	111.133130	25.696019	1	80	97	政府机构
450332103200	白燕村委会	110.839837	25.035037	0	16	38	乡镇
450303001002	叠彩社区	110.301619	25.284096	1	80	100	政府机构
450325105211	中洞村委会	110.620675	25.791782	1	80	100	政府机构
450327100218	鱼塘村委会	111.156160	25.496800	0	25	70	乡镇
450311200209	陶家村委会	110.283141	25.183968	1	80	100	政府机构
450381100207	南雄村委会	110.399352	24.503481	0	18	66	乡镇
450321103210	画山村委会	110.508706	24.924279	1	80	100	政府机构
450312105211	太平村委会	110.146314	25.145061	0	18	66	乡镇
450323106219	石洞村委会	110.255830	25.527181	0	25	70	乡镇
450304200201	阳家村委会	110.287544	25.200617	1	80	100	政府机构
450332100210	天堂村委会	110.805793	24.834317	0	18	66	乡镇
450330103210	妙贝村委会	110.992120	24.525350	0	30	58	UNKNOWN
450323100210	王家村委会	110.747559	25.739516	1	80	100	政府机构
450305004003	毅峰社区	110.318000	25.252701	0	18	40	区县
450312103218	罗城村委会	110.031487	25.241521	0	16	65	乡镇
450324109201	蕉川村委会	110.742280	25.791852	0	18	40	乡镇
450327202207	北江村委会	110.978897	25.445193	1	80	100	政府机构
450328100212	山东村委会	110.022680	25.823250	0	30	72	村庄
450328204204	里木村委会	110.093730	26.003750	0	25	47	村庄
450330100200	龙窝村委会	110.610212	24.590175	1	80	100	政府机构
450312100208	上全村委会	110.198128	25.242441	0	25	70	乡镇
450323103200	三街村委会	110.388593	25.466241	1	80	100	政府机构
450326101206	江月村委会	110.112513	24.994280	0	16	38	乡镇
450311101206	李家村委会	110.349296	25.165220	0	18	66	乡镇
450328103202	白水村委会	110.054110	25.695499	0	30	72	村庄
450325100208	冠山村委会	110.641795	25.620638	1	80	100	政府机构
450327105201	修睦村委会	111.254711	25.587267	0	18	40	乡镇
450327100003	城南社区居委会	111.154002	25.484157	1	80	100	政府机构
450329100201	大合村委会	110.669074	26.060924	0	16	65	乡镇
450323104204	蔡岗村委会	110.247198	25.437478	0	18	66	乡镇
450328104206	固洞村委会	109.972206	26.075356	0	16	38	乡镇
450327102205	吉头村委会	111.212424	25.695830	0	18	66	乡镇
450330200202	双合村委会	110.877470	24.495060	0	30	72	村庄
450328203200	马堤村委会	110.135753	25.977082	0	18	40	村庄
450324108001	石塘居委会	111.012160	25.734759	0	25	70	乡镇
450329204201	社水村委会	110.428983	25.968775	0	18	66	乡镇
450323104212	大泉村委会	110.247198	25.437478	0	18	66	乡镇
450330203204	塘冲村委会	110.605540	24.544290	0	30	72	村庄
450323200204	吒头村委会	110.508445	25.150302	1	80	100	政府机构
450326202202	大石村委会	109.948440	24.870490	0	30	72	村庄
450327102213	同仁村委会	111.212424	25.695830	0	18	66	乡镇
450328104210	硬州村委会	109.972206	26.075356	0	16	38	乡镇
450326105204	拉木村委会	110.139630	24.786845	0	16	38	乡镇
450323107202	永正村委会	110.469707	25.392050	0	16	65	乡镇
450330104202	钓鱼村委会	110.851992	24.594647	0	18	66	乡镇
450327101203	李官村委会	111.028940	25.319028	0	16	65	乡镇
450326102200	东岸村委会	109.771330	25.155900	0	25	70	乡镇
450381108206	永吉村委会	110.389130	24.615520	0	25	70	乡镇
450323100206	木马村委会	110.339620	25.392280	0	30	72	村庄
450324107209	福必村委会	110.860520	25.870751	0	25	47	乡镇
450330103206	同安村委会	110.953991	24.562605	0	18	66	乡镇
450328100204	平野村委会	109.985485	25.760884	0	16	38	乡镇
450326101210	大西村委会	110.166560	24.963370	0	30	72	村庄
450329203205	粗石村委会	110.468938	26.054638	0	16	65	乡镇
450330100216	上盆村委会	110.658280	24.616934	0	16	38	乡镇
450312204208	东江村委会	110.028020	25.636741	0	30	72	村庄
450381105208	塔石村委会	110.285730	24.421470	0	30	72	村庄
450326205206	保安村委会	109.804510	25.336300	0	30	72	村庄
450332201209	洗脚岭村委会	111.023290	24.763700	0	30	72	村庄
450311100401	广西师范大学雁山校区社区	110.294063	25.097673	0	60	87	教育
450304003002	银海社区	110.292730	25.232909	1	90	100	政府机构
450328103214	江柳村委会	110.011000	25.798100	0	14	29	区县
450327201201	桃花村委会	110.976030	25.274611	0	30	72	村庄
450327100202	胡家村委会	111.159120	25.481771	0	30	72	村庄
450330100001	上关社区居委会	110.658280	24.616934	0	16	65	乡镇
450329102206	梅溪村委会	110.718600	26.223629	0	30	72	村庄
450330105203	金华村委会	110.991391	24.463727	1	80	100	政府机构
450305002010	桂林电子科技大学社区	110.336400	25.284950	0	50	100	UNKNOWN
450323103001	三街社区	110.391181	25.497092	0	18	66	乡镇
450326104205	马安村委会	109.665761	24.953825	0	16	65	乡镇
450303002008	春江社区	110.305890	25.320510	1	80	97	政府机构
450328201207	里茶村委会	110.099389	25.863792	0	16	33	村庄
450327103212	虎坊村委会	111.099946	25.399325	0	18	40	乡镇
450312108205	江洲村委会	110.266797	25.490133	1	80	100	政府机构
450324208214	大坪村委会	111.295580	25.821650	0	25	55	乡镇
450323201205	乐育村委会	110.661673	25.157250	0	16	65	乡镇
450329205200	高山村委会	110.379110	26.027741	0	30	72	村庄
450330202205	平石村委会	110.780520	24.526360	0	30	72	村庄
450327200200	洞井村委会	110.856490	25.242400	0	25	70	乡镇
450311100211	云塘村委会	110.284120	25.064470	0	30	72	村庄
450328206203	凉坪村委会	109.906424	25.943873	0	16	65	村庄
450304002003	文明社区	110.290768	25.268268	1	90	97	政府机构
450381104209	大明村委会	110.327360	24.451935	0	18	66	乡镇
450332200208	新街村委会	110.856080	24.790211	0	30	72	村庄
450326204207	永新村委会	109.786950	24.993720	0	30	72	地产小区
450323206201	两合村委会	110.164931	25.630029	0	18	66	乡镇
450324105218	全福村委会	110.997840	26.036850	0	25	70	乡镇
450330101217	牛角村委会	110.787950	24.662824	0	16	65	乡镇
450312103222	粟村村委会	110.047320	25.262740	0	30	58	村庄
450329202204	金江村委会	110.643790	26.195170	0	25	70	村庄
450305003206	穿山村委会	110.305920	25.274581	1	80	97	政府机构
450328101205	界泉村委会	109.819120	25.793299	0	30	72	村庄
450304001013	尚智社区	110.283708	25.264305	1	90	97	政府机构
450303200210	清风村村委会	110.350585	25.320919	0	20	67	村庄
450330102207	保安村委会	110.718947	24.801392	0	16	65	乡镇
450324106208	白石村委会	110.925800	25.987061	0	30	72	村庄
450381109207	文华村委会	110.431339	24.643390	0	25	70	乡镇
450323101207	上桥村委会	110.448700	25.221361	0	30	72	村庄
450324108216	儒辉村委会	111.012160	25.734759	0	25	47	乡镇
450326103201	大罗村委会	110.082510	25.128651	0	30	72	村庄
450327104200	新圩村委会	111.126340	25.603400	0	30	72	村庄
450328102203	安康村委会	109.864890	25.726370	0	25	70	乡镇
450325101209	犁头村委会	110.682260	25.611721	0	25	70	乡镇
450311100207	良丰村委会	110.335833	25.105434	0	18	66	乡镇
450332104208	新安村委会	110.812500	24.961421	0	30	72	村庄
450326100207	樟峡村委会	110.017984	25.013419	0	30	58	村庄
450312101209	清塘村委会	110.243900	24.994929	0	30	72	村庄
450323102201	宝路村委会	110.244751	25.355053	0	18	40	乡镇
450330101201	二塘村委会	110.787950	24.662824	0	16	65	乡镇
450304001005	民族社区	110.283708	25.264305	1	90	97	政府机构
450324108200	铁炉村委会	110.853709	26.042409	1	80	100	政府机构
450323101211	西马村委会	110.476340	25.275710	0	30	72	村庄
450381109211	同善村委会	110.430758	24.644026	1	80	100	政府机构
450303200206	潘家村村委会	110.350585	25.320919	0	20	67	村庄
450311200205	八恺村委会	110.370357	25.042655	0	18	35	村庄
450327100214	仁狮村委会	111.156160	25.496800	0	25	47	乡镇
450328202201	泥塘村委会	110.253080	25.915040	0	25	70	村庄
450332102221	桑源村委会	110.971110	24.712353	0	16	38	乡镇
450305002006	社山桥社区	110.321220	25.284640	1	80	100	政府机构
450323106215	塘社村委会	110.255830	25.527181	0	25	47	乡镇
450330201203	马田村委会	110.834270	24.523859	0	30	72	村庄
450323202203	九连村委会	110.641703	25.291465	0	16	65	村庄
450330105215	古营村委会	110.997980	24.456520	0	25	47	乡镇
450329102210	坪水底村委会	110.685505	26.195746	1	80	100	政府机构
450327103204	车头村委会	111.093370	25.387790	0	30	72	村庄
450328100005	北岸社区居委会	109.985485	25.760884	0	16	65	乡镇
450326102001	寿城社区居委会	109.771330	25.155900	0	25	70	乡镇
450305001016	金星社区	110.311760	25.268268	0	25	55	乡镇
450323100007	九龙社区	110.318016	25.352066	0	25	70	乡镇
450329101200	上洞村委会	110.622900	25.804941	0	30	72	村庄
450324208202	上塘村委会	111.336200	25.849080	0	30	72	村庄
450327103205	戈洞村委会	111.099946	25.399325	0	18	40	乡镇
450328100004	城西社区居委会	110.005280	25.795095	1	80	100	政府机构
450323100006	三一0社区	110.318016	25.352066	0	25	55	乡镇
450329101201	八坊村委会	110.615809	25.842653	1	80	100	政府机构
450324208203	小禾坪村委会	111.295580	25.821650	0	25	70	乡镇
450327100215	仁义村委会	111.156160	25.496800	0	25	70	乡镇
450311200204	黄宿村委会	110.370357	25.042655	0	18	40	村庄
450328202200	江底村委会	110.253080	25.915040	0	25	70	村庄
450332102220	蒲源村委会	110.971110	24.712353	0	16	38	乡镇
450330201202	豆地村委会	110.845230	24.508349	0	25	70	村庄
450323106214	江头村委会	110.275730	25.529840	0	30	72	村庄
450305002007	朝阳社区	110.321220	25.284640	1	80	97	政府机构
450330105214	兰洞村委会	110.997980	24.456520	0	25	47	乡镇
450323202202	海洋村委会	110.641703	25.291465	0	16	38	村庄
450329102211	戈洞坪村委会	110.781799	26.197650	0	16	47	乡镇
450304001004	银锭社区	110.283708	25.264305	1	90	97	政府机构
450324108201	乐中村委会	111.018760	25.737779	1	80	97	政府机构
450323101210	南积村委会	110.460690	25.234800	0	25	43	乡镇
450381109210	凤凰村委会	110.489860	24.606660	0	30	72	村庄
450303200207	尧山村村委会	110.343450	25.298700	0	30	58	村庄
450327104201	桂阳村委会	111.087277	25.606889	0	16	65	乡镇
450328102202	洪寨村委会	109.864890	25.726370	0	25	47	乡镇
450325101208	麦源村委会	110.682260	25.611721	0	25	70	乡镇
450311100206	罗安村委会	110.335833	25.105434	0	18	66	乡镇
450332104209	杨溪村委会	110.793460	24.971000	0	30	72	村庄
450326100206	曾村村委会	110.002030	24.998659	0	25	70	乡镇
450323102200	莲花村委会	110.258207	25.306549	1	80	100	政府机构
450312101208	罗塘村委会	110.265390	24.983041	0	18	66	乡镇
450330101200	里渡村委会	110.784450	24.666110	1	80	93	UNKNOWN
450330104002	榕津社区居民委员会	110.851992	24.594647	0	18	40	乡镇
450328101204	六漫村委会	109.818867	25.821395	0	16	33	乡镇
450304001012	八一社区	110.283708	25.264305	1	90	97	政府机构
450303200211	五福村村委会	110.317300	25.313360	0	30	58	村庄
450330102206	治平村委会	110.718947	24.801392	0	16	38	乡镇
450329100001	街道居民委员会	110.669074	26.060924	0	16	47	乡镇
450324106209	七星村委会	110.955780	25.935749	0	25	70	乡镇
450381109206	洞田村委会	110.431339	24.643390	0	25	70	乡镇
450323101206	高桥村委会	110.436630	25.204891	0	30	72	村庄
450324108217	蒋家岭村委会	111.012160	25.734759	0	25	70	乡镇
450326103200	树桥村委会	110.049100	25.103110	1	80	100	政府机构
450311100210	莫家村委会	110.335833	25.105434	0	18	66	乡镇
450327200201	桂平岩村委会	110.868563	25.247778	0	30	72	村庄
450328206202	江口村委会	109.917780	25.903810	0	30	72	村庄
450304002002	西城社区	110.290768	25.268268	1	90	97	政府机构
450381104208	三联村委会	110.327360	24.451935	0	18	66	乡镇
450332200209	桥头村委会	110.854214	24.829926	0	30	72	村庄
450326204206	凤凰村委会	109.758240	25.039040	0	30	72	村庄
450330101216	马家村委会	110.775530	24.688449	0	30	72	村庄
450323206200	兰田村委会	110.202950	25.605421	0	30	72	村庄
450312103223	油麻村委会	110.031487	25.241521	0	16	65	乡镇
450305003207	汇丰村委会	110.305920	25.274581	1	80	97	政府机构
450329202205	田洞里村委会	110.643790	26.195170	0	25	70	村庄
450326100210	大苏村委会	110.002030	24.998659	0	25	70	乡镇
450303002009	芳华社区	110.305890	25.320510	1	80	97	政府机构
450328201206	马骆村委会	110.099389	25.863792	0	16	38	村庄
450327103213	坪涧村委会	111.099946	25.399325	0	18	40	乡镇
450324208215	三江村委会	111.295580	25.821650	0	25	70	乡镇
450312108204	富合村委会	109.905949	25.290231	0	16	38	乡镇
450323201204	松江村委会	110.661673	25.157250	0	16	47	乡镇
450323100010	城西社区	110.318016	25.352066	0	25	70	乡镇
450329205201	立才坪村委会	110.341410	25.954840	0	25	47	乡镇
450330202204	人和村委会	110.762796	24.495235	0	18	66	村庄
450305001001	码坪社区	110.313957	25.265148	1	70	100	地产小区
450327100203	鹤龙村委会	111.156160	25.496800	0	25	70	乡镇
450329102207	大坨村委会	110.781799	26.197650	0	16	65	乡镇
450330105202	坭塘村委会	110.997980	24.456520	0	25	70	乡镇
450305002011	理工大学社区	110.321220	25.284640	1	80	100	政府机构
450326104204	大路村委会	109.673460	24.921671	0	30	72	村庄
450326101211	永升村委会	110.112513	24.994280	0	16	38	乡镇
450329203204	龙塘村委会	110.492030	26.035690	0	30	72	村庄
450330100217	高埠村委会	110.658280	24.616934	0	16	65	乡镇
450312204209	平水村委会	110.068850	25.535320	0	25	70	乡镇
450326205207	上维村委会	109.832280	25.244590	0	25	47	村庄
450332201208	安冲村委会	111.081506	24.823488	0	16	65	村庄
450304003003	龙泉社区	110.292730	25.232909	1	90	97	政府机构
450327201200	文明村委会	110.908660	25.257670	0	30	72	村庄
450326102201	朝兑村委会	109.771330	25.155900	0	25	43	乡镇
450381108207	龙坪村委会	110.389130	24.615520	0	25	70	乡镇
450323100207	民治村委会	110.318016	25.352066	0	25	55	乡镇
450324107208	高田村委会	110.873160	25.922200	0	30	72	村庄
450330103207	桃村村委会	110.939025	24.562110	1	80	100	政府机构
450328100205	崇楼村委会	109.985485	25.760884	0	16	38	乡镇
450326105205	三多村委会	110.139630	24.786845	0	16	65	乡镇
450323107203	龙口村委会	110.504460	25.326191	0	30	72	村庄
450323102001	定江社区	110.266310	25.343310	0	30	100	UNKNOWN
450330101001	二塘社区居民委员会	110.787950	24.662824	0	16	38	乡镇
450330104203	燕水村委会	110.851992	24.594647	0	18	66	乡镇
450327101202	唐官村委会	111.028940	25.319028	0	16	38	乡镇
450329204200	凤水村委会	110.427600	25.954360	1	80	100	政府机构
450330203205	四冲村委会	110.653710	24.536689	0	25	70	乡镇
450323104213	合堡村委会	110.189133	25.429987	1	80	100	政府机构
450323200205	深井村委会	110.508350	25.128021	0	30	72	餐饮
450326202203	龙桥村委会	110.002911	24.872978	1	80	100	政府机构
450327102212	北流村委会	111.212424	25.695830	0	18	66	乡镇
450328104211	罗汉村委会	109.972206	26.075356	0	16	65	乡镇
450330200203	石面山村委会	110.897420	24.483159	0	30	72	村庄
450328203201	牛头村委会	110.135753	25.977082	0	18	66	村庄
450327101214	龙吟村委会	111.028940	25.319028	0	16	65	乡镇
450323104205	枣木村委会	110.247198	25.437478	0	18	66	乡镇
450326103001	苏桥社区居委会	110.028891	25.098867	0	18	66	乡镇
450328104207	蒙洞村委会	109.972206	26.075356	0	16	38	乡镇
450327102204	吉田村委会	111.212424	25.695830	0	18	66	乡镇
450330100201	南洲村委会	110.658280	24.616934	0	16	65	乡镇
450323103201	狮象村委会	110.391181	25.497092	0	18	66	乡镇
450312100209	天华村委会	110.198128	25.242441	0	25	55	乡镇
450326101207	米田村委会	110.112513	24.994280	0	16	65	乡镇
450311101207	何家村委会	110.349296	25.165220	0	18	66	乡镇
450328103203	岳武村委会	110.123023	25.747552	0	16	38	乡镇
450325100209	三桂村委会	110.646641	25.611829	0	16	65	乡镇
450327105200	水车村委会	111.254711	25.587267	0	18	66	乡镇
450327100002	城中社区居委会	111.156160	25.496800	0	25	70	乡镇
450330103211	迴龙村委会	110.953991	24.562605	0	18	40	乡镇
450312103219	上宅村委会	110.000140	25.271550	0	30	72	村庄
450305004002	大园盘社区	110.318000	25.252701	0	18	35	区县
450323100211	甘棠村委会	110.330340	25.411430	0	30	72	村庄
450324109200	白竹塘村委会	110.796270	25.806511	0	30	72	村庄
450327202206	茶源村委会	110.923410	25.377151	0	30	72	村庄
450328100213	南门村委会	110.008921	25.791888	0	30	72	村庄
450328204205	新寨村委会	110.014030	25.954700	0	30	72	村庄
450325105210	茶源村委会	110.509900	25.649601	0	30	72	村庄
450303001003	鹦鹉社区	110.301619	25.284096	1	80	97	政府机构
450311200208	付中村委会	110.370357	25.042655	0	18	40	村庄
450327100219	马头村委会	110.993840	25.525261	0	30	72	村庄
450381100206	古城村委会	110.425800	24.482000	0	30	72	村庄
450321103211	大坪村委会	110.409697	24.918118	1	80	100	政府机构
450323106218	莲塘村委会	110.267640	25.538851	0	30	72	村庄
450312105210	江西村委会	110.118230	25.207939	0	30	72	村庄
450332100211	庄埠村委会	110.805793	24.834317	0	18	66	乡镇
450304200200	湴塘村委会	110.287740	25.178036	0	30	58	村庄
450327103209	邓家村委会	111.069515	25.539138	1	80	100	政府机构
450321100201	木山村委会	110.488879	24.793343	0	18	66	乡镇
450324102207	宜湘河村委会	111.220491	26.201955	0	18	35	乡镇
450312106200	朗联村委会	110.260806	24.900533	0	18	40	乡镇
450324112207	桂家村委会	111.125892	25.727652	0	16	65	乡镇
450332103201	共和村委会	110.908810	24.987350	0	30	72	村庄
450325101204	义和村委会	110.682260	25.611721	0	25	55	乡镇
450332200213	黄埠村委会	110.925584	24.851166	0	16	65	村庄
450324100001	民主社区居委会	111.082781	25.953580	0	18	66	乡镇
450324105203	桥渡村委会	110.997840	26.036850	0	25	70	乡镇
450312101204	岩岭村委会	110.235690	24.992229	0	30	72	村庄
450332104205	费村村委会	110.733354	24.993613	0	16	65	乡镇
450304001008	新竹社区	110.283708	25.264305	1	90	97	政府机构
450381107202	福灵村委会	110.395000	24.487800	0	14	32	区县
450324106213	五福村委会	110.955780	25.935749	0	25	70	乡镇
450330100221	江左村委会	110.658280	24.616934	0	16	38	乡镇
450312102214	同助村委会	110.210396	25.091025	0	16	38	乡镇
450321200203	长乐村委会	110.350940	24.745689	0	30	72	村庄
450305200205	合心村委会	110.330893	25.260627	1	80	100	政府机构
450325101212	普头村委会	110.682260	25.611721	0	25	70	乡镇
450332104213	岛坪村委会	110.708620	25.001399	0	30	72	村庄
450329202209	义林村委会	110.636399	26.213405	1	80	95	UNKNOWN
450312101212	诚正村委会	110.265390	24.983041	0	18	40	乡镇
450324105215	坦口村委会	110.997840	26.036850	0	25	70	乡镇
450302001006	百梓社区	110.292768	25.278568	1	90	97	政府机构
450312205204	围岭村委会	109.925980	25.506660	0	25	70	乡镇
450332200205	北洞源村委会	110.914920	24.827450	0	30	58	UNKNOWN
450381104204	荔江村委会	110.327360	24.451935	0	18	40	乡镇
450325102202	大洞村委会	110.746856	25.720808	1	80	100	政府机构
450328101208	坪岭村委会	109.818867	25.821395	0	16	65	乡镇
450332102001	莲花居委会	110.971110	24.712353	0	16	65	乡镇
450312102202	文全村委会	110.210396	25.091025	0	16	38	乡镇
450324106205	田心村委会	110.910530	25.936900	0	30	72	村庄
450321101001	白沙街居委会	110.427341	24.835507	0	18	49	乡镇
450321104203	周寨村委会	110.378876	24.944004	0	18	66	乡镇
450325100004	葆贞社区居委会	110.646641	25.611829	0	16	65	乡镇
450325105206	半圩村委会	110.477650	25.560909	0	25	47	乡镇
450326104208	文明村委会	109.678960	24.984610	0	30	72	村庄
450332100207	江贝村委会	110.805793	24.834317	0	18	66	乡镇
450324111201	六合村委会	110.917950	25.666006	0	18	66	乡镇
450312100004	金山社区居委会	110.198128	25.242441	0	25	70	乡镇
450312105206	大约村委会	110.101603	25.182154	1	80	100	政府机构
450324101201	秀峰村委会	111.220250	26.089690	0	25	70	乡镇
450321103207	大源村委会	110.548785	24.991563	1	80	100	政府机构
450381100210	寨脚村委会	110.399352	24.503481	0	18	66	乡镇
450325202200	上塘村委会	110.690170	25.547601	0	30	72	村庄
450303002005	铁路社区	110.305890	25.320510	1	80	97	政府机构
450324112211	百板洞村委会	111.125892	25.727652	0	16	47	乡镇
450302003200	矮山塘村委会	110.275340	25.290560	1	80	97	政府机构
450381103200	寨村村委会	110.410075	24.377763	0	18	66	乡镇
450312108208	安乐村委会	109.905949	25.290231	0	16	65	乡镇
450321105202	下山村委会	110.447205	24.714652	0	18	49	乡镇
450324107204	霖源村委会	110.909589	25.889435	1	80	100	政府机构
450312103203	信果村委会	110.003678	25.168389	1	80	100	政府机构
450381202203	甲板村委会	110.179975	24.620172	0	16	65	乡镇
450325103203	金山村委会	110.633060	25.419071	0	30	72	村庄
450328100209	金结村委会	110.023647	25.761688	1	70	88	UNKNOWN
450381100007	建新社区居委会	110.399352	24.503481	0	18	66	乡镇
450332201204	栗田村委会	111.081506	24.823488	0	16	65	村庄
450381105205	福旺村委会	110.244003	24.382185	0	18	40	乡镇
450324104214	五星村委会	111.027340	26.202350	0	25	70	乡镇
450312204205	小河村委会	110.068850	25.535320	0	25	70	乡镇
450329203208	海棠村委会	110.465330	26.072280	0	30	72	村庄
450312100213	乐和村委会	110.183350	25.290429	0	30	72	村庄
450321202204	忠南村委会	110.439956	24.989005	0	18	49	村庄
450324114214	长春塘村委会	111.073000	25.928599	0	12	34	区县
450325100213	源江村委会	110.646641	25.611829	0	16	65	乡镇
450381102201	广福村委会	110.393103	24.590505	1	80	100	政府机构
450323200209	寨底村委会	110.508720	25.196511	0	25	70	村庄
450324103210	胶坛村委会	111.176120	26.217910	0	25	47	乡镇
450323106222	东源村委会	110.255830	25.527181	0	25	70	乡镇
450330203209	巴江村委会	110.653710	24.536689	0	25	70	乡镇
450324207206	磨头村委会	110.993149	26.002886	1	80	100	政府机构
450332102216	杨梅村委会	110.941420	24.763580	0	30	72	村庄
450324113210	金屏村委会	111.039632	25.852895	0	18	40	乡镇
450325203201	升坪村委会	110.485602	25.712383	1	80	100	政府机构
450327100223	苏东村委会	111.156160	25.496800	0	25	70	乡镇
450321102206	老梧村委会	110.539022	24.840240	0	16	38	乡镇
450324100200	前进村委会	111.081870	25.942519	0	30	72	村庄
450312104207	大塘村委会	110.028520	25.379661	0	30	72	村庄
450324110200	和平村委会	110.879204	25.760659	1	80	100	政府机构
450332101206	栗木村委会	110.902980	25.126070	0	25	70	乡镇
450326105209	和顺村委会	110.139630	24.786845	0	16	47	乡镇
450325200211	久中村委会	110.803370	25.452531	0	25	47	村庄
450332102200	莲花村委会	110.875340	24.728180	0	30	72	村庄
450324113206	金山村委会	111.029460	25.841460	0	30	72	村庄
450312107201	华境村委会	110.063908	25.472952	0	18	40	乡镇
450323104209	东头村委会	110.264440	25.412721	0	30	72	村庄
450324103206	圳头村委会	111.176120	26.217910	0	25	70	乡镇
450321101200	白沙村委会	110.426170	24.811203	1	80	100	政府机构
450327102208	清塘村委会	111.226960	25.670631	0	30	72	村庄
450324110216	翠西村委会	110.885088	25.775671	0	16	38	乡镇
450332101210	五福村委会	110.902980	25.126070	0	25	70	乡镇
450312104211	杨梅村委会	110.111510	25.324739	0	30	72	村庄
450324204200	万板桥村委会	110.885611	25.566086	0	18	49	乡镇
450381101207	安静村委会	110.553850	24.522351	0	30	72	村庄
450321102210	龙尾村委会	110.638810	24.874330	0	30	72	村庄
450325200207	显里村委会	110.803370	25.452531	0	25	55	村庄
450321201202	木桥村委会	110.563590	24.727231	0	30	72	村庄
450312103215	培塘村委会	110.031487	25.241521	0	16	65	乡镇
450302003001	长海社区	110.275340	25.290560	1	80	97	政府机构
450324107212	松川村委会	110.814691	25.864871	1	80	100	政府机构
450381103001	杜莫社区居委会	110.398400	24.398370	0	50	82	UNKNOWN
450381106203	大莫村委会	110.342700	24.520700	0	30	72	村庄
450325103215	凤凰村委会	110.690330	25.359401	0	30	72	村庄
450324108221	沛田村委会	111.012160	25.734759	0	25	70	乡镇
450324114202	沙子湾村委会	111.138821	26.033826	0	18	66	乡镇
450312100205	独峰村委会	110.198128	25.242441	0	25	47	乡镇
450324104202	鲁屏村委会	111.027340	26.202350	0	25	47	乡镇
450312204213	合作村委会	110.046940	25.578690	0	30	72	村庄
450325100205	红卫村委会	110.681980	25.678611	0	30	72	村庄
450305004005	毛塘路社区	110.322910	25.246521	0	40	100	道路
450324109207	铁源村委会	110.742280	25.791852	0	18	40	乡镇
450326102210	双桥村委会	109.821790	25.127300	0	30	72	村庄
450381106208	兰洞村委会	110.321360	24.561810	0	30	58	UNKNOWN
450328204202	布弄村委会	110.093730	26.003750	0	25	47	村庄
450327202201	罗家村委会	110.943172	25.416398	0	18	66	乡镇
450323103206	广化村委会	110.404239	25.492623	1	80	100	政府机构
450326101200	高崇村委会	110.112513	24.994280	0	16	38	乡镇
450324114209	港底村委会	111.138821	26.033826	0	18	66	乡镇
450324104209	满稼村委会	111.027080	26.227680	0	30	58	UNKNOWN
450329102001	梅溪街居委会	110.720523	26.220559	0	50	82	道路
450330100206	水源村委会	110.696010	24.645160	0	30	72	村庄
450323207210	四合村委会	110.291462	25.159638	1	80	100	政府机构
450304003012	净瓶社区	110.292730	25.232909	1	90	97	政府机构
450327105207	下泡村委会	111.254711	25.587267	0	18	40	乡镇
450311101200	苏家村委会	110.349296	25.165220	0	18	66	乡镇
450311001498	虚拟	110.296011	25.103301	0	50	73	UNKNOWN
450305400501	场部	110.406388	25.161864	0	25	70	乡镇
450328103204	摆岭村委会	110.123023	25.747552	0	16	38	乡镇
450323104202	码头村委会	110.247198	25.437478	0	18	66	乡镇
450329100207	修睦村委会	110.669074	26.060924	0	16	38	乡镇
450327102203	瑶上村委会	111.212424	25.695830	0	18	66	乡镇
450328104200	庖田村委会	109.972206	26.075356	0	16	38	乡镇
450330200204	陶村村委会	110.899252	24.502416	0	18	66	村庄
450328203206	里市村委会	110.135753	25.977082	0	18	35	村庄
450311201202	大田村委会	110.472450	25.066710	0	30	72	村庄
450327101213	顺溪村委会	111.028940	25.319028	0	16	38	乡镇
450329100211	永兴村委会	110.654320	26.114439	0	30	72	村庄
450323200202	毛村村委会	110.475167	25.456493	1	80	100	政府机构
450326202204	马陂村委会	110.004196	24.857275	1	80	100	政府机构
450330203202	苍板村委会	110.653710	24.536689	0	25	47	乡镇
450328104216	甲河村委会	109.972206	26.075356	0	16	65	乡镇
450327102215	陈家坪村委会	111.212424	25.695830	0	18	66	乡镇
450330104204	湴田村委会	110.851992	24.594647	0	18	40	乡镇
450326105202	黄源村委会	110.139630	24.786845	0	16	65	乡镇
450323107204	东田村委会	110.427790	25.297640	0	30	72	村庄
450327101205	大竹山村委会	111.040803	25.679477	1	80	100	政府机构
450330103200	旺塘村委会	110.953850	24.528269	0	30	72	村庄
450321105209	桥头村委会	110.512050	24.701301	0	30	72	村庄
450324109211	车田村委会	110.815300	25.815160	0	30	72	村庄
450326102206	江岩村委会	109.723331	25.078350	1	80	100	政府机构
450312103208	高寨村委会	110.031487	25.241521	0	16	65	乡镇
450323100200	同化村委会	110.318016	25.352066	0	25	70	乡镇
450381108200	太和村委会	110.382099	24.586292	0	30	72	村庄
450325103208	东源村委会	110.587502	25.437460	0	16	65	乡镇
450328100202	勒黄村委会	109.985485	25.760884	0	16	47	乡镇
450323207206	联合村委会	110.139320	25.435071	0	30	72	村庄
450330100210	宝沙村委会	110.658280	24.616934	0	16	38	乡镇
450326205200	龙山村委会	109.831880	25.244880	0	30	72	村庄
450329203203	黄宝村委会	110.470562	26.012642	1	80	100	政府机构
450323103210	潞江村委会	110.337460	25.558510	0	30	58	UNKNOWN
450328103212	大寨村委会	110.156420	25.806060	0	30	72	村庄
450327105211	东流村委会	111.254711	25.587267	0	18	66	乡镇
450304003004	力创社区	110.292730	25.232909	1	90	97	政府机构
450327100204	上王村委会	111.211330	25.517240	0	30	72	村庄
450311101001	柘木街居委会	110.323630	25.209994	0	25	70	乡镇
450326101001	罗锦镇社区居委会	110.112513	24.994280	0	16	65	乡镇
450326104203	六龙村委会	109.665761	24.953825	0	16	65	乡镇
450330105205	山口村委会	110.965780	24.446280	0	30	72	村庄
450330100007	月城社区居民委员会	110.658280	24.616934	0	16	38	乡镇
450329102200	铜座村委会	110.781799	26.197650	0	16	38	乡镇
450328201201	细门村委会	110.146970	25.871471	0	30	58	UNKNOWN
450327103214	娘北村委会	111.099946	25.399325	0	18	49	乡镇
450305001006	三里店社区	110.317880	25.262960	0	30	100	UNKNOWN
450312104220	白马村委会	109.963320	25.363111	0	30	72	村庄
450330202203	苍源村委会	110.762796	24.495235	0	18	66	村庄
450312108203	定安村委会	109.905949	25.290231	0	16	65	乡镇
450324208212	白竹村委会	111.295580	25.821650	0	25	70	乡镇
450323201203	金竹村委会	110.643210	25.223300	0	30	72	村庄
450304002005	文新社区	110.290768	25.268268	1	90	97	政府机构
450328206205	石甲村委会	109.906424	25.943873	0	16	65	村庄
450327104210	龙桥村委会	111.135730	25.565819	0	30	72	村庄
450327200206	野猪殿村委会	110.765740	25.238220	0	30	58	村庄
450329202202	白水村委会	110.620820	26.183080	0	30	72	村庄
450305003200	七星村委会	110.310236	25.277265	1	80	100	政府机构
450312103224	谢家村委会	110.082040	25.290540	0	30	72	村庄
450326204201	军屯村委会	109.771950	24.944633	0	16	65	村庄
450330101211	大展村委会	110.787950	24.662824	0	16	65	乡镇
450325102209	兴田村委会	110.770907	25.754618	1	80	100	政府机构
450328104001	平等街道居民委员会	109.928388	26.051636	0	70	88	汽车服务
450328101203	交洲村委会	109.803506	25.839207	1	80	100	政府机构
450312102209	陶淑村委会	110.210396	25.091025	0	16	38	乡镇
450323101201	敢兴村委会	110.460690	25.234800	0	25	47	乡镇
450381109201	德安村委会	110.446630	24.590651	0	30	72	村庄
450324108210	兴坪村委会	111.012160	25.734759	0	25	70	乡镇
450326103207	黑石岭村委会	110.028891	25.098867	0	18	66	乡镇
450321104208	陵陂村委会	110.378876	24.944004	0	18	40	乡镇
450330102201	围梓村委会	110.718947	24.801392	0	16	38	乡镇
450328102205	双江村委会	109.775620	25.587410	0	30	72	村庄
450311100201	枫林村委会	110.325590	25.125361	0	30	72	村庄
450327104206	国豪村委会	111.087277	25.606889	0	16	38	乡镇
450330101207	和平村委会	110.830100	24.656189	0	30	72	村庄
450324105208	芳杰村委会	110.997840	26.036850	0	25	47	乡镇
450326100201	银洞村委会	110.002030	24.998659	0	25	70	乡镇
450304001003	雉山社区	110.283708	25.264305	1	90	100	政府机构
450303200200	四联村村委会	110.332050	25.349861	0	30	58	村庄
450321200208	新村村委会	110.309796	24.844667	1	80	100	政府机构
450324108206	川溪村委会	111.012160	25.734759	0	25	70	乡镇
450303001008	九华社区	110.301619	25.284096	1	80	97	政府机构
450311200203	草底村委会	110.370357	25.042655	0	18	40	村庄
450327100212	仁柜村委会	111.156160	25.496800	0	25	47	乡镇
450328202207	围子村委会	110.253080	25.915040	0	25	70	村庄
450330100011	民安社区居民委员会	110.658280	24.616934	0	16	38	乡镇
450323202205	水头村委会	110.592850	25.330679	0	30	72	村庄
450330105213	义洞村委会	110.997980	24.456520	0	25	47	乡镇
450323106213	九屋村委会	110.255830	25.527181	0	25	70	乡镇
450330201205	郡塘村委会	110.845230	24.508349	0	25	47	村庄
450328100003	桂龙社区居委会	110.007289	25.792082	1	80	100	政府机构
450327103202	马山村委会	111.123820	25.373670	0	30	72	村庄
450330103001	同安社区居民委员会	110.953991	24.562605	0	18	40	乡镇
450329101206	大源村委会	110.661890	25.919179	0	30	72	村庄
450324208204	黄腊洞村	111.417900	25.846320	0	30	100	村庄
450323100001	城北社区	110.318016	25.352066	0	25	70	乡镇
450305001010	穿山社区	110.307210	25.252150	0	30	100	村庄
450381108001	两江社区居委会	110.389130	24.615520	0	25	55	乡镇
450312204214	流峰村委会	110.068850	25.535320	0	25	47	乡镇
450324104205	良田村委会	111.027340	26.202350	0	25	70	乡镇
450321103001	兴坪街居委会	110.569063	24.877694	0	25	55	乡镇
450332100001	茶东社区居委会	110.805793	24.834317	0	18	49	乡镇
450381201202	屯留村委会	110.210739	24.471632	0	18	40	乡镇
450324108226	双坪村委会	111.012160	25.734759	0	25	70	乡镇
450324114205	梅潭村委会	111.162227	26.013843	1	80	100	政府机构
450312100202	兰塘村委会	110.155910	25.233010	0	30	72	村庄
450328103208	平安村委会	110.125570	25.755910	0	30	72	村庄
450325100202	福在村委会	110.646641	25.611829	0	16	38	乡镇
450324107215	庙山村委会	110.773970	25.886809	0	30	72	村庄
450302003006	阳江社区	110.275340	25.290560	1	80	97	政府机构
450381106204	盘村村委会	110.355779	24.528754	1	80	100	政府机构
450321201205	古乐村委会	110.566946	24.685257	0	18	66	村庄
450312103212	高妙村委会	110.031487	25.241521	0	16	38	乡镇
450325103212	乐群村委会	110.587502	25.437460	0	16	65	乡镇
450324100211	青龙村委会	111.110610	25.941080	0	30	72	村庄
450332205201	狮子村委会	110.924896	25.048271	1	80	100	政府机构
450381101200	东阳村委会	110.533770	24.552759	0	30	72	村庄
450324110211	石沙村委会	110.885088	25.775671	0	16	65	乡镇
450330200208	久宜村委会	110.899252	24.502416	0	18	40	村庄
450324204207	大拱桥村委会	110.885611	25.566086	0	18	66	乡镇
450312104216	上祥村委会	110.044098	25.395227	0	16	38	乡镇
450325200200	榜上村委会	110.803370	25.452531	0	25	70	村庄
450324103201	新塘村委会	111.193120	26.226069	0	30	72	村庄
450381102210	长滩村委会	110.448920	24.477681	0	25	70	乡镇
450321101207	蕉芭林村委会	110.316183	24.788911	1	80	100	政府机构
450324113201	江东村委会	111.099840	25.832480	0	30	72	村庄
450332102207	东寨村委会	110.928333	24.676735	1	80	100	政府机构
450312107206	高田村委会	110.071380	25.422260	0	30	72	村庄
450323107208	上长岗村委会	110.517340	25.394040	0	30	72	村庄
450312104200	五通村委会	110.044098	25.395227	0	16	65	乡镇
450332101201	上枧村委会	110.902980	25.126070	0	25	70	乡镇
450324110207	山头村委会	110.906980	25.772829	0	30	72	村庄
450321102201	渡头村委会	110.556820	24.773541	0	30	72	村庄
450330104208	古龙村委会	110.853501	24.589917	1	80	100	政府机构
450324100207	水南村委会	111.072150	25.915629	0	30	72	村庄
450327101209	正江村委会	111.063220	25.290480	1	80	95	UNKNOWN
450325104200	杉树村委会	110.588181	25.652731	0	18	66	乡镇
450324207201	桐福村委会	111.132920	25.900709	0	30	72	村庄
450332102211	坪岭村委会	110.971110	24.712353	0	16	65	乡镇
450321101211	古板村委会	110.427341	24.835507	0	18	66	乡镇
450381102206	安民村委会	110.449130	24.447570	0	30	72	村庄
450324103217	栗水村委会	111.176120	26.217910	0	25	47	乡镇
450325203206	杨雀村委会	110.476850	25.769020	0	25	47	乡镇
450327100224	仁渡村委会	111.156160	25.496800	0	25	47	乡镇
450327102219	达溪村委会	111.212424	25.695830	0	18	66	乡镇
450312100214	庙头村委会	110.198128	25.242441	0	25	55	乡镇
450324114213	鲁塘底村委会	111.138821	26.033826	0	18	35	乡镇
450324108230	马安岭村委会	111.012160	25.734759	0	25	70	乡镇
450321202203	地水洞村委会	110.478200	24.995459	0	30	58	UNKNOWN
450381105202	大榕村委会	110.244003	24.382185	0	18	66	乡镇
450332201203	三寨村委会	111.081506	24.823488	0	16	65	村庄
450312204202	中江村委会	110.068850	25.535320	0	25	70	乡镇
450324104213	炎井村委会	111.027340	26.202350	0	25	47	乡镇
450304003008	瓦窑社区	110.292730	25.232909	1	90	100	政府机构
450325100214	石坑村委会	110.666480	25.557610	1	80	100	政府机构
450312103204	古定村委会	110.031487	25.241521	0	16	65	乡镇
450381202204	古立村委会	110.179975	24.620172	0	16	38	乡镇
450321105205	龙村村委会	110.422791	24.734261	1	80	100	政府机构
450324107203	沿河村委会	110.871550	25.844900	0	30	72	村庄
450324102001	庙头居委会	111.220491	26.201955	0	18	66	乡镇
450325103204	江东村委会	110.598140	25.422640	0	30	72	村庄
450303002002	锦绣社区	110.305890	25.320510	1	80	97	政府机构
450327103218	三江村委会	111.099946	25.399325	0	18	66	乡镇
450325202207	高泽村委会	110.704940	25.525720	0	30	72	村庄
450381103207	六部村委会	110.410075	24.377763	0	18	40	乡镇
450332103210	松林村委会	110.839837	25.035037	0	16	65	乡镇
450312106211	永忠村委会	110.260806	24.900533	0	18	66	乡镇
450325105201	廖家村委会	110.607975	25.869125	1	80	100	政府机构
450325100003	朝阳社区居委会	110.646641	25.611829	0	16	65	乡镇
450327100208	福星村委会	111.166160	25.454291	0	30	72	村庄
450324101206	竹塘村委会	111.221340	26.088611	0	30	72	村庄
450330105209	木林村委会	110.906700	24.426650	0	30	72	村庄
450321103200	兴坪村委会	110.531707	24.916722	1	80	100	政府机构
450324111206	青龙山村委会	110.917950	25.666006	0	18	66	乡镇
450332100200	洲塘村委会	110.805793	24.834317	0	18	66	乡镇
450312105201	界牌村委会	110.138126	25.098175	1	80	100	政府机构
450312100003	虎山社区居委会	110.198128	25.242441	0	25	70	乡镇
450325102205	百里村委会	110.751560	25.729951	0	30	72	村庄
450324106202	金堂村委会	110.952920	25.863769	0	30	72	村庄
450321104204	杨梅岭村委会	110.407421	24.913561	1	80	100	政府机构
450312102205	睦洞村委会	110.210396	25.091025	0	16	38	乡镇
450305200202	丫吉村委会	110.361802	25.255713	0	20	41	村庄
450328206209	大雄村委会	109.906424	25.943873	0	16	38	村庄
450302001001	乐群社区	110.292768	25.278568	1	90	97	政府机构
450312205203	滩头村委会	109.925980	25.506660	0	25	70	乡镇
450324105212	亭子江村委会	110.997840	26.036850	0	25	43	乡镇
450381104203	松林村委会	110.327360	24.451935	0	18	66	乡镇
450332200202	下山源村委会	110.925584	24.851166	0	16	33	村庄
450381101001	栗木社区居委会	110.520771	24.546228	0	18	49	乡镇
450332104214	营盘村委会	110.703540	25.021860	0	30	72	村庄
450312102213	会仙村委会	110.211213	25.060770	1	80	100	政府机构
450321200204	大桥村委会	110.300440	24.809228	0	16	65	村庄
450381107205	江华村委会	110.349890	24.578560	0	30	72	村庄
450324106214	新村村委会	110.802957	25.994139	1	80	100	政府机构
450302002007	九岗岭社区	110.281664	25.275432	1	75	100	地产小区
450330100226	湖塘村委会	110.605843	24.616559	1	80	100	政府机构
450328102209	大罗村委会	109.864890	25.726370	0	25	55	乡镇
450325101203	灵源村委会	110.682260	25.611721	0	25	70	乡镇
450312104001	五通居委会	110.306725	25.280709	1	80	100	政府机构
450312101203	广洞村委会	110.265390	24.983041	0	18	40	乡镇
450381200203	德庆村委会	110.339915	24.350396	0	18	66	乡镇
450332104202	八岩村委会	110.733354	24.993613	0	16	38	乡镇
450332200214	土陂村委会	110.925584	24.851166	0	16	65	村庄
450324105204	同安村委会	110.997840	26.036850	0	25	70	乡镇
450324100006	集才社区居委会	111.082781	25.953580	0	18	49	乡镇
450312106207	塘头村委会	110.289940	24.898470	0	30	72	村庄
450332103206	苏陂村委会	110.839837	25.035037	0	16	38	乡镇
450324112200	两河村委会	111.125892	25.727652	0	16	65	乡镇
450324208208	黄龙村委会	111.295580	25.821650	0	25	70	乡镇
450324102200	李家村委会	110.975859	26.054955	1	80	100	政府机构
450325201201	三友村委会	110.733867	25.454970	0	25	70	村庄
450328104220	隆江村委会	109.972206	26.075356	0	16	38	乡镇
450303001004	虞山社区	110.301619	25.284096	1	80	97	政府机构
450324111210	大塘村委会	110.913490	25.701991	0	30	72	村庄
450332204200	观音村委会	110.968560	25.180760	0	30	72	村庄
450323202209	小平乐村委会	110.641703	25.291465	0	16	33	村庄
450325201200	鳌头村委会	110.733867	25.454970	0	25	70	村庄
450325105216	坪寨村委会	110.477650	25.560909	0	25	70	乡镇
450303001005	回龙社区	110.301619	25.284096	1	80	97	政府机构
450324111211	太平村委会	110.917950	25.666006	0	18	66	乡镇
450332204201	洋石村委会	111.005870	25.208597	0	16	65	村庄
450381100200	五里村委会	110.399352	24.503481	0	18	66	乡镇
450323202208	新民村委会	110.617520	25.322190	0	30	72	村庄
450312106206	富汴村委会	110.260806	24.900533	0	18	40	乡镇
450332103207	西南村委会	110.839837	25.035037	0	16	65	乡镇
450324112201	上刘村委会	111.125892	25.727652	0	16	65	乡镇
450324208209	古木村委会	111.291430	25.735310	0	30	58	村庄
450324102201	建新村委会	111.241530	26.175470	0	30	72	地产小区
450328102208	同列村委会	109.864890	25.726370	0	25	47	乡镇
450325101202	洲上村委会	110.682260	25.611721	0	25	70	乡镇
450312101202	道莲村委会	110.265390	24.983041	0	18	40	乡镇
450381200202	东坪村委会	110.339915	24.350396	0	18	66	乡镇
450332101001	栗木街居委会	110.902980	25.126070	0	25	55	乡镇
450332104203	挖沟村委会	110.733354	24.993613	0	16	65	乡镇
450321102001	福利街居委会	110.539022	24.840240	0	16	47	乡镇
450324105205	辛田村委会	110.997840	26.036850	0	25	70	乡镇
450312102212	大联村委会	110.202270	25.058270	0	30	72	村庄
450321200205	大利村委会	110.300440	24.809228	0	16	65	村庄
450381107204	大同村委会	110.338550	24.601410	0	30	72	村庄
450302002006	丽狮社区居	110.278482	25.282283	0	30	72	乡镇
450324106215	南洞村委会	110.837370	26.091779	0	30	72	村庄
450330100227	龙田村委会	110.707100	24.563280	0	30	72	村庄
450305200203	岩前村委会	110.357380	25.277450	0	30	72	村庄
450328206208	地灵村委会	109.841040	25.950271	0	30	72	村庄
450324105213	大联村委会	110.981750	26.093541	0	30	72	村庄
450312205202	宇海村委会	109.925980	25.506660	0	25	47	乡镇
450381104202	拱秀村委会	110.327360	24.451935	0	18	40	乡镇
450332200203	陶庄村委会	110.888910	24.859710	0	30	72	村庄
450332104215	东面村委会	110.731900	25.071890	0	30	72	村庄
450312101214	六塘村委会	110.265390	24.983041	0	18	66	乡镇
450325102204	合家村委会	110.756760	25.726680	0	25	70	乡镇
450324106203	南一村委会	110.955780	25.935749	0	25	70	乡镇
450321104205	下岩村委会	110.374210	24.944074	1	80	100	政府机构
450312102204	山尾村委会	110.224439	25.074914	1	80	100	政府机构
450325105200	一甲村委会	110.477650	25.560909	0	25	70	乡镇
450325100002	城中社区居委会	110.646641	25.611829	0	16	65	乡镇
450327100209	文化村委会	111.165200	25.427371	0	30	72	村庄
450324101207	新甫里村委会	111.220250	26.089690	0	25	55	乡镇
450330105208	螺山村委会	110.997980	24.456520	0	25	70	乡镇
450321103201	桥头铺村委会	110.575541	24.865402	1	80	100	政府机构
450324111207	大广塘村委会	110.917950	25.666006	0	18	35	乡镇
450332100201	门楼村委会	110.768620	24.857920	0	30	72	村庄
450312105200	新村村委会	110.291451	25.040608	1	80	100	政府机构
450312100002	榕山社区居委会	110.198128	25.242441	0	25	55	乡镇
450303002003	城北社区	110.305890	25.320510	1	80	97	政府机构
450327103219	青箱村委会	111.099946	25.399325	0	18	40	乡镇
450325202206	粉山村委会	110.696560	25.496110	0	30	58	村庄
450302003206	官桥村委会	110.264979	25.274280	1	80	97	政府机构
450381103206	龙珠村委会	110.410075	24.377763	0	18	66	乡镇
450332103211	大山村委会	110.895370	24.929019	0	30	72	村庄
450312106210	升平村委会	110.260806	24.900533	0	18	66	乡镇
450312103205	宝山村委会	110.026020	25.158401	0	30	72	村庄
450381202205	福文村委会	110.179975	24.620172	0	16	38	乡镇
450321105204	古登村委会	110.415295	24.679178	1	80	100	政府机构
450321100006	凤鸣社区居委会	110.488879	24.793343	0	18	66	乡镇
450324107202	洛口村委会	110.860520	25.870751	0	25	70	乡镇
450325103205	高田村委会	110.591970	25.414310	0	30	72	村庄
450312100215	沙塘村委会	110.191348	25.267151	1	80	100	政府机构
450321202202	浪石村委会	110.439956	24.989005	0	18	66	村庄
450324114212	绕龙水村委会	111.138821	26.033826	0	18	49	乡镇
450381105203	念村村委会	110.223299	24.384433	1	80	100	政府机构
450381100001	城北社区居委会	110.399352	24.503481	0	18	66	乡镇
450332201202	黄坪村委会	111.081506	24.823488	0	16	65	村庄
450324104212	锦塘村委会	111.027340	26.202350	0	25	70	乡镇
450312204203	柳厄村委会	110.068850	25.535320	0	25	47	乡镇
450304003009	将军桥社区	110.292730	25.232909	1	90	97	政府机构
450324207200	白宝村委会	111.167837	25.868936	1	80	100	政府机构
450332102210	老君村委会	110.971110	24.712353	0	16	65	乡镇
450321101210	都林村委会	110.427341	24.835507	0	18	66	乡镇
450381102207	汉田村委会	110.480110	24.434140	0	30	72	村庄
450324103216	仁溪村委会	111.176120	26.217910	0	25	47	乡镇
450325203207	高寨村委会	110.476850	25.769020	0	25	70	乡镇
450327102218	马莲村委会	111.164810	25.726131	0	30	72	村庄
450327100225	排埠江村委会	111.156160	25.496800	0	25	43	乡镇
450312104201	泗江村委会	110.076442	25.393001	1	80	100	政府机构
450323107209	下长岗村委会	110.492270	25.419670	0	30	72	村庄
450332101200	苔塘村委会	110.889700	25.203089	1	80	97	政府机构
450324110206	望高村委会	110.885088	25.775671	0	16	65	乡镇
450321102200	福利村委会	110.557660	24.781240	0	30	72	村庄
450330104209	榕津村委会	110.851992	24.594647	0	18	40	乡镇
450324100206	柘桥村委会	111.082781	25.953580	0	18	66	乡镇
450327101208	联德村委会	111.028940	25.319028	0	16	38	乡镇
450325104201	同志村委会	110.585500	25.604470	0	30	72	村庄
450324103200	文桥村委会	111.176120	26.217910	0	25	70	乡镇
450381102211	黄竹村委会	110.448920	24.477681	0	25	70	乡镇
450321101206	石塘村委会	110.471330	24.835120	0	30	72	村庄
450324113200	安德村委会	110.633500	25.587460	0	30	47	村庄
450332102206	门等村委会	110.921681	24.692919	1	80	100	政府机构
450324100210	大贵村委会	111.082781	25.953580	0	18	66	乡镇
450332205200	龙虎村委会	110.955120	25.075789	1	80	100	政府机构
450381101201	义敏村委会	110.520771	24.546228	0	18	40	乡镇
450332101216	泉会村委会	110.902980	25.126070	0	25	47	乡镇
450324110210	大坪村委会	110.897090	25.828880	0	30	72	村庄
450330200209	善福村委会	110.899252	24.502416	0	18	66	村庄
450312104217	北塘村委会	110.016260	25.334330	0	30	72	村庄
450324204206	太白地村委会	110.885611	25.566086	0	18	40	乡镇
450325200201	福岭村委会	110.803370	25.452531	0	25	70	村庄
450324107214	桐油村委会	110.860520	25.870751	0	25	70	乡镇
450381106205	古屯村委会	110.312056	24.526442	0	18	66	乡镇
450321201204	勇村村委会	110.547579	24.707681	1	80	100	政府机构
450305004008	英才社区	110.318000	25.252701	0	18	40	区县
450312103213	洲村村委会	110.031487	25.241521	0	16	65	乡镇
450325103213	东河村委会	110.629600	25.385951	0	30	72	村庄
450324104204	文家村委会	110.870519	25.669296	1	80	100	政府机构
450381201203	清良村委会	110.210739	24.471632	0	18	40	乡镇
450324108227	东板田村委会	111.072930	25.686829	0	30	72	村庄
450324114204	石岗村委会	111.167160	26.056202	1	80	100	政府机构
450312100203	秧塘村委会	110.198128	25.242441	0	25	70	乡镇
450328103209	黄江村委会	110.159420	25.736900	0	30	72	村庄
450325105001	溶江社区居委会	110.477650	25.560909	0	25	55	乡镇
450325100203	自治村委会	110.676330	25.648000	0	30	72	村庄
450328100002	城北社区居委会	110.016442	25.801228	1	80	100	政府机构
450327103203	三树村委会	111.099946	25.399325	0	18	40	乡镇
450329101207	中峰村委会	110.634448	25.941662	1	80	100	政府机构
450324208205	石枧坪村委会	111.295580	25.821650	0	25	43	乡镇
450305001011	施家园社区	110.304534	25.261021	0	60	100	地产小区
450303001009	驿前社区	110.301619	25.284096	1	80	95	政府机构
450327100213	车田村委会	111.150800	25.512280	0	30	72	村庄
450311200202	付上村委会	110.370357	25.042655	0	18	49	村庄
450328202206	地林村委会	110.253080	25.915040	0	25	47	村庄
450330100010	高埠社区居民委员会	110.658280	24.616934	0	16	38	乡镇
450330105212	九洞村委会	110.997980	24.456520	0	25	70	乡镇
450323202204	大庙塘村委会	110.580470	25.312650	1	80	97	政府机构
450330201204	平地村委会	110.828110	24.501569	0	30	72	村庄
450305400202	马家坊村委会	110.373197	25.176626	1	80	100	政府机构
450323106212	油塘村委会	110.255830	25.527181	0	25	70	乡镇
450305002001	花园社区	110.321220	25.284640	1	80	97	政府机构
450304001002	天鹅社区	110.283708	25.264305	1	90	97	政府机构
450303200201	新民村村委会	110.337480	25.337740	0	30	58	村庄
450324108207	下乐村委会	111.012160	25.734759	0	25	70	乡镇
450321200209	马鞍村委会	110.300440	24.809228	0	16	65	村庄
450323101216	毛洲村委会	110.460690	25.234800	0	25	70	乡镇
450328102204	双朗村委会	109.864890	25.726370	0	25	47	乡镇
450311100200	东立村委会	110.335833	25.105434	0	18	66	乡镇
450327104207	共耕村委会	111.087277	25.606889	0	16	38	乡镇
450328206212	西腰村委会	109.906424	25.943873	0	16	65	村庄
450330101206	高桥村委会	110.802966	24.655752	1	80	100	政府机构
450324105209	长井村委会	110.949837	26.022189	1	80	100	政府机构
450326100200	坪岭村委会	110.002030	24.998659	0	25	70	乡镇
450323102206	金灵村委会	110.244751	25.355053	0	18	40	乡镇
450304001014	翠西社区	110.283708	25.264305	1	90	97	政府机构
450325102208	五一村委会	110.756760	25.726680	0	25	70	乡镇
450328101202	瓢里村委会	109.818867	25.821395	0	16	47	乡镇
450323101200	大圩村委会	110.426360	25.185030	0	30	72	村庄
450312102208	矮山村委会	110.166100	25.064620	0	30	72	村庄
450381109200	合安村委会	110.433808	24.576450	1	80	100	政府机构
450324108211	寿福村委会	111.012160	25.734759	0	25	47	乡镇
450326103206	盘洞村委会	110.028891	25.098867	0	18	40	乡镇
450321104209	马岚村委会	110.378876	24.944004	0	18	66	乡镇
450330102200	保和村委会	110.718947	24.801392	0	16	65	乡镇
450304002004	虹桥社区	110.290768	25.268268	1	90	97	政府机构
450328206204	石京村委会	109.906424	25.943873	0	16	38	村庄
450327104211	小龙村委会	111.105390	25.550701	0	30	72	村庄
450327200207	大竹源村委会	110.856490	25.242400	0	25	47	乡镇
450328102212	花坪村委会	109.864890	25.726370	0	25	70	乡镇
450305003201	三联村委会	110.305920	25.274581	1	80	97	政府机构
450329202203	水头村委会	110.587300	26.157700	0	30	72	村庄
450312103225	河沙村委会	110.031487	25.241521	0	16	65	乡镇
450326204200	永安村委会	109.782380	24.910871	0	30	72	村庄
450330101210	甄山村委会	110.787950	24.662824	0	16	38	乡镇
450328201200	周家村委会	110.099389	25.863792	0	16	65	村庄
450327103215	飞熊村委会	111.099946	25.399325	0	18	40	乡镇
450312104221	步厄村委会	110.044098	25.395227	0	16	38	乡镇
450330202202	显堆村委会	110.756820	24.549840	1	80	97	政府机构
450324208213	锦荣村委会	111.206230	25.858680	0	30	72	村庄
450312108202	花岭村委会	109.905949	25.290231	0	16	65	乡镇
450323201202	新寨村委会	110.587260	25.131039	0	30	72	村庄
450327100205	秀凤村委会	111.156160	25.496800	0	25	70	乡镇
450326104202	江头村委会	109.650760	24.859320	0	30	72	村庄
450323202212	安泰村委会	110.641703	25.291465	0	16	65	村庄
450330105204	玄武村委会	110.960115	24.492118	1	80	100	政府机构
450330100006	南洲社区居民委员会	110.658280	24.616934	0	16	38	乡镇
450329102201	大滩头村委会	110.714780	26.169039	0	30	58	UNKNOWN
450330100211	江口村委会	110.600110	24.608929	0	30	72	村庄
450323207207	五美村委会	110.161520	25.490490	0	25	47	村庄
450326205201	仁合村委会	109.936010	25.091929	0	30	72	村庄
450329203202	坪寨村委会	110.468938	26.054638	0	16	65	乡镇
450328103213	小寨村委会	110.170700	25.815869	0	30	72	村庄
450327105210	大营村委会	111.283050	25.614701	0	30	72	村庄
450304003005	平山东社区	110.292730	25.232909	1	90	95	政府机构
450330103201	仁塘村委会	110.953991	24.562605	0	18	66	乡镇
450321105208	凤楼村委会	110.487307	24.730534	1	80	100	政府机构
450324109210	黄沙村委会	110.807080	25.828968	1	80	100	政府机构
450326102207	三河村委会	109.771330	25.155900	0	25	70	乡镇
450323100201	禾家村委会	110.318016	25.352066	0	25	70	乡镇
450312103209	琅琥村委会	110.031487	25.241521	0	16	38	乡镇
450381108201	江埠村委会	110.399110	24.583020	0	30	72	村庄
450325103209	仁和村委会	110.542730	25.421509	0	30	72	村庄
450328100203	都坪村委会	109.937967	25.790564	1	80	100	政府机构
450330104205	老埠村委会	110.860363	24.568376	1	80	100	政府机构
450326100001	龙泉社区居委会	110.002030	24.998659	0	25	70	乡镇
450326105203	波塘村委会	110.139630	24.786845	0	16	65	乡镇
450323107205	力水村委会	110.326000	25.409800	0	14	32	区县
450311100001	雁山街居委会	110.306457	25.076865	1	80	100	政府机构
450327101204	东阳村委会	111.074650	25.348329	0	30	72	村庄
450329100210	文洞村委会	110.669074	26.060924	0	16	65	乡镇
450323200203	富足村委会	110.518130	25.178150	0	30	58	村庄
450326202205	矮岭村委会	109.964625	24.800647	1	80	100	政府机构
450330203203	印山村委会	110.653710	24.536689	0	25	70	乡镇
450328104217	琉璃村委会	109.972206	26.075356	0	16	65	乡镇
450327102214	王道村委会	111.225150	25.724811	0	30	72	村庄
450330200205	平口村委会	110.899252	24.502416	0	18	40	村庄
450328203207	东升村委会	110.185010	26.038360	0	30	72	村庄
450327101212	商家村委会	111.028940	25.319028	0	16	65	乡镇
450323101001	大圩社区	110.460690	25.234800	0	25	70	乡镇
450381109001	马岭社区居委会	110.441985	24.610918	1	80	100	政府机构
450323104203	合群村委会	110.247198	25.437478	0	18	66	乡镇
450329100206	金山村委会	110.595150	26.055389	0	30	72	村庄
450330102001	沙子社区居民委员会	110.718947	24.801392	0	16	38	乡镇
450327102202	西就村委会	111.212424	25.695830	0	18	66	乡镇
450328104201	广南村委会	109.972206	26.075356	0	16	38	乡镇
450323103207	千秋村委会	110.430380	25.498540	0	30	72	村庄
450326101201	岭桥村委会	110.112513	24.994280	0	16	65	乡镇
450324114208	大岗村委会	111.138821	26.033826	0	18	66	乡镇
450324104208	西美村委会	111.027340	26.202350	0	25	70	乡镇
450330100207	大塘村委会	110.718363	24.498724	1	80	100	政府机构
450304003013	凯风社区	110.292730	25.232909	1	90	97	政府机构
450327105206	上泡村委会	111.254711	25.587267	0	18	40	乡镇
450311101201	卫家渡村委会	110.336710	25.223660	1	80	100	政府机构
450328103205	白石村委会	110.111180	25.695589	0	30	72	村庄
450305004004	穿山东社区	110.307210	25.252150	0	30	72	村庄
450324109206	西岭村委会	111.228944	25.816287	1	80	100	政府机构
450381106209	富德村委会	110.312056	24.526442	0	18	66	乡镇
450328204203	中洞村委会	110.093730	26.003750	0	25	70	村庄
450327202200	李家村委会	110.967217	25.348805	1	80	100	政府机构
