450481109215	昙市村村委会	111.252200	22.932090	0	30	58	村庄
450403104214	富教村委会	111.255557	23.624119	0	16	65	乡镇
450422100010	津北社区居委会	110.918751	23.389809	0	50	82	UNKNOWN
450422115212	昨雅村委会	110.654239	23.795050	0	16	38	乡镇
450422201204	新旺村委会	110.468330	23.875880	0	30	72	村庄
450421109212	思丰村委会	111.167391	23.852167	0	16	38	乡镇
450423102205	四联村委会	110.435211	24.277427	0	16	65	乡镇
450422106202	民乐村委会	110.852050	23.236420	0	30	72	村庄
450422116202	黎田村委会	110.554110	23.889560	0	25	70	乡镇
450423100003	永安社区居民委员会	110.525189	24.203691	1	80	100	政府机构
450481111222	永义村村委会	111.090894	22.925916	0	18	66	乡镇
450406102206	河口村委会	111.294980	23.108860	0	30	72	村庄
450421110208	龙洞村委会	111.412069	23.639198	0	16	65	乡镇
450423105201	陈塘村委会	110.690908	23.940904	0	16	65	乡镇
450421100208	务平村委会	111.544973	23.870053	0	16	38	乡镇
450422111206	新安村委会	110.685410	23.451051	0	30	72	村庄
450405002002	红岭社区居民委员会	111.230934	23.504681	0	20	36	道路
450406101216	天堂村委会	111.271513	23.040341	1	80	100	政府机构
450422112216	官罗村委会	110.672994	23.552386	0	18	40	乡镇
450423201201	东护村委会	110.542743	24.316520	0	18	35	乡镇
450481103209	六梭村村委会	110.820630	22.829220	0	30	58	村庄
450405001004	恒祥社区居民委员会	111.279496	23.484953	1	80	94	政府机构
450406102210	上合村委会	111.320100	23.079179	0	30	72	村庄
450481113209	灵山村村委会	111.063469	23.141761	1	80	100	政府机构
450422111210	兴义村委会	110.743770	23.467041	0	25	47	乡镇
450481110219	双坪村村委会	111.227993	23.024278	0	18	66	乡镇
450481105220	三村村委会	110.926947	22.654771	1	80	100	政府机构
450403104202	思安村委会	111.255557	23.624119	0	16	38	乡镇
450423101203	福垌村委会	110.618844	24.186678	0	16	65	乡镇
450481109203	云龙村村委会	111.343430	22.945480	0	30	58	村庄
450422115204	上峡村委会	110.654239	23.795050	0	16	65	乡镇
450422100006	城东社区委员会	110.919717	23.391020	0	25	55	乡镇
450422105204	森塘村委会	110.994163	23.213334	0	18	40	乡镇
450421109204	古东村委会	111.167391	23.852167	0	16	65	乡镇
450403005008	蓝天社区居民委员会	111.294630	23.472470	1	80	100	政府机构
450422116214	花洲村委会	110.503427	23.957215	1	80	100	政府机构
450422106214	新中村委会	110.888700	23.260969	0	30	72	村庄
450422103201	古祀村委会	111.090537	23.369759	0	16	38	乡镇
450422113201	新雅村委会	110.692710	23.666411	0	30	72	村庄
450481111218	赤黎村村委会	111.147087	22.945165	1	80	100	政府机构
450406100201	恩义村委会	111.287125	23.392674	0	16	65	乡镇
450422100211	新华村委会	110.882870	23.292260	0	30	72	村庄
450422110211	保燕村委会	110.701218	23.381548	0	16	38	乡镇
450406103211	古卯村委会	111.199802	23.239307	0	16	38	乡镇
450481112208	高棠村村委会	111.068800	23.012510	0	30	58	村庄
450481102208	伏六村村委会	110.876978	22.952507	0	30	58	村庄
450405002203	平浪村委会	111.251157	23.514382	1	80	100	政府机构
450421108205	儒垌村委会	111.113942	23.725380	0	16	38	乡镇
450423103212	桃洞村委会	110.502982	24.099023	0	18	40	乡镇
450422104205	莫垠村委会	111.104058	23.246862	0	18	40	乡镇
450422114205	金凤村委会	110.820320	23.624620	0	30	72	村庄
450422200213	沙街村委会	110.777479	23.827505	0	16	38	村庄
450423100202	城西村委会	110.517640	24.197200	0	30	72	村庄
450481114221	沙村村委会	110.971753	23.092502	1	80	100	政府机构
450481108202	思回村村委会	111.159309	22.908351	1	80	100	政府机构
450422112001	和平社区委员会	110.672994	23.552386	0	18	66	乡镇
450422107203	中心村委会	110.730390	23.276820	0	30	72	村庄
450421108213	木播村委会	111.113942	23.725380	0	16	38	乡镇
450423103204	龙定村委会	110.527480	24.103739	0	30	58	UNKNOWN
450406101001	大坡社区居民委员会	111.335580	23.077480	0	30	58	村庄
450422200205	社平村委会	110.777479	23.827505	0	16	65	村庄
450422104213	界田村委会	111.104058	23.246862	0	18	66	乡镇
450481108214	同福村村委会	111.161798	22.854880	1	80	100	政府机构
450422113217	古秀村委会	110.702321	23.927932	1	80	100	政府机构
450405102209	富万村委会	111.143663	23.543623	1	80	100	政府机构
450422110207	新陈村委会	110.701218	23.381548	0	16	65	乡镇
450422100207	福善村委会	110.919717	23.391020	0	25	70	乡镇
450421101209	大片村委会	111.534580	23.938400	0	25	70	乡镇
450403101201	河口村委会	111.324345	23.529563	1	80	100	政府机构
450406103207	都梅村委会	111.170880	23.199561	0	30	58	UNKNOWN
450481114217	蒙冲村村委会	110.955799	23.042655	1	80	100	政府机构
450423102209	六桂村委会	110.435211	24.277427	0	16	65	乡镇
450405101002	竹湾社区居委会	111.262970	23.457020	0	30	72	村庄
450422108210	洛塘村委会	110.718456	23.165826	0	25	70	乡镇
450481107207	双元村村委会	111.114630	22.764500	0	30	58	村庄
450403104218	答涓村委会	111.255557	23.624119	0	16	38	乡镇
450403006002	下冲社区居民委员会	111.293025	23.479280	1	80	100	政府机构
450481105001	水汶社区居委会	110.987692	22.681665	1	80	100	政府机构
450481100203	古塘村村委会	111.003172	22.938040	1	80	100	政府机构
450481110203	美和村村委会	111.228032	22.992488	1	80	100	政府机构
450481115001	波塘社区居委会	110.802403	23.039972	0	18	49	乡镇
450422100227	贤德村委会	110.919717	23.391020	0	25	47	乡镇
450481103213	义新村村委会	110.830530	22.849059	0	25	70	乡镇
450421100204	奇冲村委会	111.544973	23.870053	0	16	65	乡镇
450421110204	大盈村委会	111.412069	23.639198	0	16	65	乡镇
450481113213	昙伦村村委会	111.171097	23.119311	0	30	58	村庄
450481110215	黎垌村村委会	111.169681	23.005505	1	80	100	政府机构
450481113205	中庆村村委会	111.110265	23.121907	1	80	100	政府机构
450421100212	泗歧村委会	111.544973	23.870053	0	16	38	乡镇
450481103205	平石村村委会	110.793510	22.788710	0	30	58	村庄
450421109208	王水村委会	111.167391	23.852167	0	16	65	乡镇
450481114201	木坪村村委会	110.939441	23.101054	1	80	100	政府机构
450422106218	光华村委会	110.821980	23.226890	0	25	70	乡镇
450422108206	新芹村委会	110.718456	23.165826	0	25	47	乡镇
450403005004	奥奇丽社区居民委员会	111.302488	23.471932	1	80	94	政府机构
450421114206	西中村委会	111.576258	23.682253	0	18	66	乡镇
450481107211	社护村村委会	111.134340	22.838880	0	30	58	村庄
450422105208	平顶村委会	110.994163	23.213334	0	18	66	乡镇
450422115208	大带村委会	110.669470	23.756480	0	30	58	UNKNOWN
450405102213	蓬冲村委会	111.140090	23.593683	0	16	65	乡镇
450421101213	塘湾村委会	111.506610	23.988290	0	30	72	村庄
450481102204	中林村村委会	110.855313	22.905852	1	80	100	政府机构
450481112204	新塘村村委会	111.046334	23.003362	1	80	100	政府机构
450405101203	寺冲村委会	111.223658	23.451561	0	18	66	乡镇
450421102203	沙地村委会	111.583760	23.780200	0	30	72	村庄
450421112203	大中村委会	111.380910	23.812550	0	25	70	乡镇
450481111214	石坡村村委会	111.100575	22.915608	1	80	100	政府机构
450422114209	长沙村委会	110.832909	23.685609	0	16	65	乡镇
450422104209	杨村村委会	111.100144	23.243948	1	80	100	政府机构
450421105207	六妙村委会	110.960214	23.587400	1	80	100	政府机构
450481106210	旺坡村村委会	110.972675	22.769470	1	80	100	政府机构
450422109207	和好村委会	110.617236	23.182907	0	16	38	乡镇
450481100002	樟木社区居委会	111.003257	22.899953	0	18	49	乡镇
450403104222	旺坡村委会	111.255557	23.624119	0	16	65	乡镇
450421108209	纯冲村委会	111.113942	23.725380	0	16	38	乡镇
450403007003	枣冲社区居民委员会	111.307110	23.484440	1	80	100	UNKNOWN
450422200209	寻村村委会	110.750671	23.800292	1	80	100	政府机构
450481106206	石脚村村委会	110.975869	22.771353	0	18	66	乡镇
450421105211	石龙村委会	110.883120	23.529330	0	30	72	村庄
450422109211	新村村委会	110.633333	23.758168	1	80	100	政府机构
450481115216	大公村村委会	110.779409	22.992556	1	80	100	政府机构
450423103208	大龙村委会	110.498069	24.104268	1	80	100	政府机构
450481105216	尚智村村委会	110.939847	22.681561	1	80	100	政府机构
450405102205	平石村委会	111.174180	23.573970	0	30	72	村庄
450481112212	大地村村委会	111.015824	23.065510	1	80	100	政府机构
450481102212	五星村村委会	110.788857	22.868747	1	80	100	政府机构
450421101205	铁塘村委会	111.534580	23.938400	0	25	70	乡镇
450481111202	荔枝村村委会	111.125976	22.897465	1	80	100	政府机构
450421112215	九城村委会	111.380910	23.812550	0	25	47	乡镇
450481111203	龙王村村委会	111.090894	22.925916	0	18	66	乡镇
450421112214	普旺村委会	111.380910	23.812550	0	25	47	乡镇
450481114001	三堡社区居委会	110.922610	23.104380	0	25	70	乡镇
450405102204	古善村委会	111.140090	23.593683	0	16	65	乡镇
450481112213	龙母村村委会	111.043979	23.045769	1	80	100	政府机构
450481102213	永固村村委会	110.770295	22.863175	1	80	100	政府机构
450421101204	沙歧村委会	111.534580	23.938400	0	25	47	乡镇
450422109210	大益村委会	110.617236	23.182907	0	16	38	乡镇
450423103209	六夏村委会	110.502982	24.099023	0	18	40	乡镇
450481105217	旺公村村委会	110.988550	22.680240	0	25	47	乡镇
450422200208	民安村委会	110.800910	23.770921	0	30	72	村庄
450403007002	大学社区居民委员会	111.306969	23.484625	1	80	94	UNKNOWN
450481106207	湴河村村委会	110.921110	22.767260	0	30	58	村庄
450421105210	丰田村委会	110.900100	23.503459	0	30	72	村庄
450403004004	钱鉴社区居民委员会	111.326580	23.497220	1	80	100	政府机构
450422109206	石村村委会	110.617236	23.182907	0	16	65	乡镇
450481105201	石村村委会	110.988550	22.680240	0	25	70	乡镇
450481100003	龙井社区居委会	111.003257	22.899953	0	18	66	乡镇
450421108208	大岸村委会	111.113942	23.725380	0	16	65	乡镇
450481115201	新廉村村委会	110.861371	23.017462	1	80	100	政府机构
450422114208	泗洲村委会	110.832909	23.685609	0	16	65	乡镇
450422104208	新光村委会	111.081540	23.259990	0	30	72	村庄
450421105206	高垌村委会	110.998512	23.568970	0	25	70	乡镇
450481106211	大峡村村委会	111.016765	22.769558	1	80	100	政府机构
450405101202	正阳村委会	111.223658	23.451561	0	18	66	乡镇
450421102202	华映村委会	111.511300	23.768480	0	25	47	乡镇
450421112202	合口村委会	111.380910	23.812550	0	25	70	乡镇
450481111215	双贵村村委会	111.109040	22.908511	0	30	58	村庄
450405102212	古城村委会	111.117190	23.551240	0	30	72	村庄
450421101212	兴旺村委会	111.495820	23.936979	0	30	72	村庄
450481102205	车垌村村委会	110.864380	22.922911	0	30	58	村庄
450481112205	新田村村委会	111.065980	22.991590	0	30	58	村庄
450421114207	万安村委会	111.576258	23.682253	0	18	66	乡镇
450481107210	沙琴村村委会	111.128774	22.806692	1	80	100	政府机构
450422105209	力冲村委会	110.994163	23.213334	0	18	40	乡镇
450422115209	杨垌村委会	110.654239	23.795050	0	16	65	乡镇
450421109209	大昌村委会	111.225720	23.847761	0	30	72	村庄
450422106219	新民村委会	110.846980	23.200670	0	30	72	村庄
450422108207	共胜村委会	110.718456	23.165826	0	25	47	乡镇
450481113204	凤新村村委会	111.105750	23.119390	1	80	100	政府机构
450405001009	神冠社区居民委员会	111.279496	23.484953	1	80	94	政府机构
450421100213	东掛村委会	111.544973	23.870053	0	16	33	乡镇
450481103204	苏河村村委会	110.830530	22.849059	0	25	70	乡镇
450422113220	健安村委会	110.700120	23.651470	0	25	47	乡镇
450481110214	沙田村村委会	111.181420	22.990410	0	30	58	村庄
450481100214	大锦村村委会	110.991140	22.861111	0	30	58	村庄
450481103212	都雅村村委会	110.843849	22.844310	1	80	100	政府机构
450421100205	帘溪村委会	111.544973	23.870053	0	16	38	乡镇
450421110205	红山村委会	111.438890	23.590540	0	30	72	村庄
450481113212	纯塘村村委会	111.177110	23.081930	0	30	58	村庄
450481100202	乌峡村村委会	111.024150	22.936141	1	80	100	政府机构
450481110202	南大村村委会	111.200987	22.992383	1	80	100	政府机构
450403001007	龙泉社区居民委员会	111.320940	23.470120	1	80	94	政府机构
450422100226	谷山村委会	110.883390	23.377810	0	30	72	村庄
450481107206	南沙村村委会	111.105419	22.792130	1	80	100	政府机构
450403104219	保安村委会	111.255557	23.624119	0	16	65	乡镇
450403006003	龙骨社区居民委员会	111.295690	23.480990	1	80	100	政府机构
450481114216	蒙布村村委会	110.967960	23.004660	0	30	58	村庄
450423102208	壮村村委会	110.436100	24.285551	0	30	58	村庄
450422108211	龙凤村委会	110.726700	23.117470	0	30	72	村庄
450422110206	罗垌村委会	110.701218	23.381548	0	16	65	乡镇
450405102208	大桥村委会	111.164280	23.535852	1	80	100	政府机构
450422100206	纯平村委会	110.919717	23.391020	0	25	47	乡镇
450421101208	双尚村委会	111.635560	23.923301	1	75	92	UNKNOWN
450423104201	平原村委会	110.657440	24.128439	0	30	72	村庄
450406103206	思贤村委会	111.159880	23.184973	1	80	100	政府机构
450422113216	东皇村委会	110.633141	23.705312	0	30	72	村庄
450422103216	石塘村委会	111.125300	23.357460	0	30	72	村庄
450422200204	留利村委会	110.748050	23.741641	0	30	58	UNKNOWN
450422104212	新勤村委会	111.104058	23.246862	0	18	40	乡镇
450422107202	高田村委会	110.723870	23.271080	0	30	72	村庄
450421108212	外旺村委会	111.113942	23.725380	0	16	65	乡镇
450423103205	屯治村委会	110.502982	24.099023	0	18	40	乡镇
450422104204	大办村委会	111.104058	23.246862	0	18	66	乡镇
450422114204	合隆村委会	110.856259	23.634315	1	80	100	政府机构
450422200212	下双村委会	110.777479	23.827505	0	16	65	村庄
450423100203	新联村委会	110.528320	24.219247	0	20	67	乡镇
450481114220	振大村村委会	110.969075	23.081800	1	80	100	政府机构
450423105001	陈塘社区居民委员会	110.690908	23.940904	0	16	38	乡镇
450481108203	泗龙村村委会	111.175790	22.929960	0	30	58	村庄
450405002202	龙新村委会	111.249487	23.474982	1	80	100	政府机构
450421108204	思蓬村委会	111.113942	23.725380	0	16	38	乡镇
450422100210	古达村委会	111.069589	23.362014	1	80	100	政府机构
450422110210	民益村委会	110.673610	23.407650	0	30	72	村庄
450406103210	富回村委会	111.199802	23.239307	0	16	38	乡镇
450481112209	古河村村委会	111.064583	23.026213	1	80	100	政府机构
450481102209	岭腰村村委会	110.905640	22.902939	0	25	70	乡镇
450423200201	都坡村委会	110.635742	23.977068	0	18	66	村庄
450481111219	古皮村村委会	111.129070	22.956440	0	30	58	村庄
450481103224	井河村村委会	110.843369	22.742637	1	80	100	政府机构
450421109205	森关村委会	111.167391	23.852167	0	16	38	乡镇
450422116215	理答村委会	110.554110	23.889560	0	25	47	乡镇
450422106215	镇安村委会	110.821980	23.226890	0	25	70	乡镇
450481105221	竹兰村村委会	110.910161	22.637105	1	80	100	政府机构
450403104203	北胜村委会	111.249077	23.680775	1	80	100	政府机构
450423101202	古排村委会	110.618844	24.186678	0	16	65	乡镇
450481109202	义水村村委会	111.317759	22.927948	1	80	100	政府机构
450422115205	坡头村委会	110.657790	23.827269	0	30	72	村庄
450422100007	东山社区居委会	110.919717	23.391020	0	25	70	乡镇
450422105205	大梳村委会	110.994163	23.213334	0	18	40	乡镇
450481110218	长坡村村委会	111.227993	23.024278	0	18	66	乡镇
450406101201	大燕村委会	111.303283	23.245983	0	16	65	乡镇
450422112201	新良村委会	110.672994	23.552386	0	18	66	乡镇
450481103208	西兰村村委会	110.825763	22.824615	1	80	100	政府机构
450406102211	平山村委会	111.289140	23.068701	0	30	72	村庄
450405001005	京梧社区居民委员会	111.280036	23.484574	1	80	100	政府机构
450481113208	罗同村村委会	111.067960	23.127591	1	80	100	政府机构
450422111211	大德村委会	110.777550	23.489009	0	30	72	村庄
450406101217	新龙村委会	111.291058	23.205939	1	80	100	政府机构
450423202206	六洛村委会	110.416199	24.033457	1	80	100	政府机构
450422112217	思源村委会	110.720289	23.555344	0	30	72	村庄
450423100002	民主社区居民委员会	110.528320	24.219247	0	20	41	乡镇
450421110209	老义村委会	111.412069	23.639198	0	16	65	乡镇
450406102207	甘村村委会	111.317947	23.110329	1	80	100	政府机构
450421100209	永安村委会	111.552380	23.882619	0	30	72	村庄
450422111207	泗洲村委会	110.743770	23.467041	0	25	70	乡镇
450423102204	谢村村委会	110.412713	24.265867	1	80	100	政府机构
450406100001	城东社区居民委员会	111.287125	23.392674	0	16	38	乡镇
450422103001	富藤社区委员会	111.090537	23.369759	0	16	65	乡镇
450422106203	秀安村委会	110.821980	23.226890	0	25	47	乡镇
450422116203	朝林村委会	110.554110	23.889560	0	25	70	乡镇
450422113001	泰州南社区委员会	110.700120	23.651470	0	25	47	乡镇
450481109214	罗敏村村委会	111.246020	22.919650	0	30	58	村庄
450403104215	新夏村委会	111.255557	23.624119	0	16	65	乡镇
450422115213	护安村委会	110.654239	23.795050	0	16	38	乡镇
450422201205	料南村委会	110.407280	23.885940	0	25	55	村庄
450481114211	祝庆村村委会	110.883057	23.057980	1	80	100	政府机构
450422106208	旺国村委会	110.849607	23.300482	1	80	100	政府机构
450422116208	古盘村委会	110.554110	23.889560	0	25	47	乡镇
450481107201	里汉村村委会	111.082280	22.749000	0	30	58	村庄
450403006004	步埠社区居民委员会	111.296930	23.483490	1	80	100	政府机构
450481110205	陀村村委会	111.267018	23.028288	1	80	100	政府机构
450481100205	天星村村委会	111.019037	22.945821	1	80	100	政府机构
450422100221	汶塘村委会	110.581085	24.159627	1	80	100	政府机构
450481113215	三塘村村委会	111.211500	23.101570	0	30	58	村庄
450421110202	旺甫村委会	111.359297	23.558636	0	40	65	UNKNOWN
450421100202	湾岛村委会	111.544973	23.870053	0	16	65	乡镇
450481103215	中和村村委会	110.829300	22.882000	0	30	58	村庄
450481100213	寮田村村委会	110.956030	22.848709	0	30	58	村庄
450481110213	河三村村委会	111.201539	23.053414	1	80	100	政府机构
450481103203	峡宝村村委会	110.825355	22.771309	0	30	58	村庄
450481106001	西宁社区居委会	110.975869	22.771353	0	18	66	乡镇
450481113203	同心村村委会	111.098800	23.120491	0	30	58	村庄
450481114207	美术村村委会	110.915087	23.103598	1	80	100	政府机构
450403005002	新兴社区居民委员会	111.302488	23.471932	1	80	94	政府机构
450423101209	桐油坪村委会	110.618844	24.186678	0	16	65	乡镇
450481109209	马芹村村委会	111.248132	22.835517	1	80	100	政府机构
450403104208	周睦村委会	111.255557	23.624119	0	16	38	乡镇
450405102215	路垌村委会	111.140090	23.593683	0	16	65	乡镇
450481112202	海杰村村委会	111.011010	22.987039	0	30	58	村庄
450481102202	福塘村村委会	110.911680	22.888270	0	30	58	村庄
450421101215	大平村委会	111.450310	24.036490	0	30	72	村庄
450481111212	保太村村委会	111.081131	22.911157	1	80	100	政府机构
450421112205	梧桐村委会	111.380910	23.812550	0	25	70	乡镇
450421102205	马进村委会	111.511300	23.768480	0	25	70	乡镇
450423100208	回龙村委会	110.535100	24.175459	0	30	72	村庄
450481108208	会村村委会	111.220018	22.917074	1	80	100	政府机构
450421105201	廊村村委会	111.001080	23.541090	0	30	58	村庄
450403101499	工业园区社区	111.388509	23.516831	0	18	49	乡镇
450403004003	华机社区居民委员会	111.321000	23.473000	0	16	33	区县
450422109201	岭景村委会	110.617236	23.182907	0	16	65	乡镇
450481115206	六肥村村委会	110.812760	22.968100	0	30	58	村庄
450481100004	甘冲社区居委会	110.992134	22.922386	1	80	100	政府机构
450481105206	云会村村委会	110.988550	22.680240	0	25	70	乡镇
450406100499	工业园区社区	111.287125	23.392674	0	16	47	乡镇
450422116224	富斗村委会	110.554110	23.889560	0	25	70	乡镇
450403007005	东山社区居民委员会	111.310510	23.491140	1	80	100	政府机构
450421105217	福传村委会	110.998512	23.568970	0	25	47	乡镇
450481103002	吉太社区居委会	110.877031	22.718934	1	80	95	地产小区
450422107209	夏荣村委会	110.721776	23.281111	0	18	40	乡镇
450481105210	曾子村村委会	111.051050	22.696471	0	30	58	村庄
450421108219	寺垌村委会	111.113942	23.725380	0	16	38	乡镇
450481115210	东岸村村委会	110.802403	23.039972	0	18	66	乡镇
450405102203	富庆村委会	111.140090	23.593683	0	16	38	乡镇
450421101203	新村村委会	111.247255	23.438735	1	80	100	政府机构
450481102214	上双村村委会	110.750590	22.872951	0	30	58	村庄
450421114001	木双社区居民委员会	111.576258	23.682253	0	18	40	乡镇
450481112214	古淡村村委会	111.065220	23.051900	0	30	58	村庄
450422111220	古兰村委会	110.743770	23.467041	0	25	70	乡镇
450422108001	象棋社区委员会	110.718456	23.165826	0	25	55	乡镇
450406102220	夏村村委会	111.314380	23.096468	1	80	100	政府机构
450421112213	蚕村村委会	111.380910	23.812550	0	25	70	乡镇
450481111204	金坡村村委会	111.112160	22.898962	1	80	100	政府机构
450423101213	水秀村委会	110.618844	24.186678	0	16	65	乡镇
450481109213	望闾村村委会	111.250094	22.901644	1	80	100	政府机构
450403104212	里秀村委会	111.255557	23.624119	0	16	33	乡镇
450422201202	孟塘村委会	110.407280	23.885940	0	25	70	村庄
450403006008	西环社区居民委员会	111.294860	23.483690	1	80	100	政府机构
450423102203	坝头村委会	110.435211	24.277427	0	16	65	乡镇
450422116204	平安村委会	110.565300	23.854170	0	30	72	村庄
450422106204	龙头村委会	110.821980	23.226890	0	25	70	乡镇
450481103219	泊口村村委会	110.896520	22.791169	0	30	58	村庄
450423105207	寺村村委会	110.690908	23.940904	0	16	65	乡镇
450423100005	湄江北社区居民委员会	110.528320	24.219247	0	20	36	乡镇
450481100209	思孟村村委会	111.033020	22.892610	0	30	58	村庄
450423202201	夏宜村委会	110.385576	24.066621	0	18	40	乡镇
450421108002	长发社区居民委员会	111.105254	23.693804	1	80	95	政府机构
450481110209	乾厢村村委会	111.220343	23.020453	1	80	100	政府机构
450406101210	古元村委会	111.303283	23.245983	0	16	65	乡镇
450422112210	陈塘村委会	110.672994	23.552386	0	18	66	乡镇
450405001002	金叶社区居民委员会	111.291620	23.473190	1	80	100	政府机构
450406102216	平乐村委会	111.309549	23.084479	0	16	65	乡镇
450422111216	彩塘村委会	110.743770	23.467041	0	25	70	乡镇
450406101206	白鹤村委会	111.303283	23.245983	0	16	65	乡镇
450422112206	志成村委会	110.672994	23.552386	0	18	40	乡镇
450403104204	平安村委会	111.249670	23.667760	0	30	72	村庄
450481109205	黄陵村村委会	111.325980	22.879410	0	30	58	村庄
450423101205	安富村委会	110.618844	24.186678	0	16	65	乡镇
450422105202	真胜村委会	110.994163	23.213334	0	18	40	乡镇
450422115202	华安村委会	110.654239	23.795050	0	16	65	乡镇
450421109202	龙江村委会	111.137441	23.813725	1	80	100	政府机构
450421105221	金田村委会	111.070444	23.549157	1	80	100	政府机构
450422106212	兴隆村委会	110.881290	23.255760	0	30	72	村庄
450422116212	和安村委会	110.442690	23.985060	0	30	72	村庄
450422113207	良垌村委会	110.753905	23.643617	1	80	100	政府机构
450422103207	缎洲村委会	111.055020	23.348200	0	30	51	UNKNOWN
450481103223	六四村村委会	110.819260	22.732290	0	30	58	村庄
450421102209	凤仪村委会	111.511300	23.768480	0	25	70	乡镇
450406100207	中村村委会	111.287125	23.392674	0	16	47	乡镇
450421112209	不倚村委会	111.380910	23.812550	0	25	47	乡镇
450422110217	新兴村委会	110.796537	23.385213	1	80	100	政府机构
450422100217	民生村委会	110.842610	23.390550	0	30	72	村庄
450421101219	石川村委会	111.534580	23.938400	0	25	70	乡镇
450423200206	金垌村委会	110.635742	23.977068	0	18	66	村庄
450423104210	大化村委会	110.618923	24.080982	0	16	65	乡镇
450406103217	富禄村委会	111.163980	23.325601	0	30	58	UNKNOWN
450481100008	义洲社区居委会	110.997298	22.913523	1	80	100	政府机构
450421108203	古榄村委会	111.113942	23.725380	0	16	65	乡镇
450422111001	河西社区委员会	110.743770	23.467041	0	25	55	乡镇
450422114203	忠隆村委会	110.832909	23.685609	0	16	38	乡镇
450422104203	界垌村委会	111.104058	23.246862	0	18	40	乡镇
450481108204	杨乐村村委会	111.193570	22.948419	0	30	58	村庄
450406102001	广平社区居民委员会	111.309549	23.084479	0	16	38	乡镇
450423100204	高堆村委会	110.528320	24.219247	0	20	67	乡镇
450422107205	建新村委会	110.719980	23.246470	0	30	72	地产小区
450421108215	高稳村委会	111.113942	23.725380	0	16	38	乡镇
450423103202	文圩村委会	110.502982	24.099023	0	18	66	乡镇
450422200203	巷逢村委会	110.777479	23.827505	0	16	38	村庄
450403007009	富康社区居民委员会	111.306969	23.484625	1	80	94	UNKNOWN
450481108212	奕清村村委会	111.235826	22.829979	1	80	100	政府机构
450422103211	赤水村委会	111.090537	23.369759	0	16	65	乡镇
450422113211	大坡村委会	110.715010	23.678589	0	30	72	村庄
450481111208	谢村村村委会	111.061192	22.885357	0	30	58	村庄
450406100211	社学村委会	111.287125	23.392674	0	16	65	乡镇
450422100201	胜西村委会	110.925690	23.372490	0	30	72	村庄
450422110201	天平村委会	110.701218	23.381548	0	16	65	乡镇
450406103201	回龙村委会	111.146278	23.154712	1	80	100	政府机构
450423104206	道冲村委会	110.618923	24.080982	0	16	65	乡镇
450481112218	塘坪村村委会	111.078237	23.031104	0	16	65	乡镇
450481102218	旺庆村村委会	110.759487	22.919643	1	80	100	政府机构
450423104207	新开村委会	110.596810	24.025729	0	30	72	村庄
450481112219	绿云村村委会	111.051281	22.965882	1	80	100	政府机构
450422103210	沙田村委会	111.041090	23.317611	0	30	72	村庄
450422113210	善庆村委会	110.700120	23.651470	0	25	47	乡镇
450481111209	万里村村委会	111.090894	22.925916	0	18	66	乡镇
450406100210	思念村委会	111.287125	23.392674	0	16	38	乡镇
450403007008	莲花社区居民委员会	111.327880	23.509910	1	80	100	政府机构
450422200202	定安村委会	110.777479	23.827505	0	16	65	村庄
450481108213	大献村村委会	111.197811	22.829482	1	80	100	政府机构
450422107204	龙山村委会	110.721290	23.258130	0	30	72	村庄
450421108214	长发村委会	111.104418	23.688854	1	80	100	政府机构
450423103203	秀才村委会	110.502982	24.099023	0	18	40	乡镇
450422114202	田心村委会	110.893250	23.660220	0	30	72	村庄
450422200214	桃花村委会	110.752763	23.915181	1	80	100	政府机构
450422104202	泗门村委会	111.104058	23.246862	0	18	40	乡镇
450481108205	新村村委会	111.217463	22.956353	1	80	100	政府机构
450423100205	甘棠村委会	110.546090	24.205569	0	30	72	村庄
450481100009	思英社区居委会	111.003257	22.899953	0	18	49	乡镇
450421108202	旺安村委会	111.049400	23.723290	1	80	100	政府机构
450422110216	思中村委会	110.701218	23.381548	0	16	38	乡镇
450422100216	丽新村委会	110.862511	23.353489	1	80	100	政府机构
450421101218	参田村委会	111.534580	23.938400	0	25	47	乡镇
450406103216	大同村委会	111.185550	23.328120	0	30	72	村庄
450422113206	七政村委会	110.738569	23.653173	1	80	100	政府机构
450422103206	汗池村委会	111.090537	23.369759	0	16	38	乡镇
450481103222	君丰村村委会	110.857860	22.729290	0	30	58	村庄
450421102208	泗美村委会	111.511300	23.768480	0	25	47	乡镇
450421112208	理冲村委会	111.380910	23.812550	0	25	47	乡镇
450406100206	古凤村委会	111.254742	23.381014	1	80	100	政府机构
450421109203	庆安村委会	111.167391	23.852167	0	16	65	乡镇
450421105220	康宁村委会	110.998512	23.568970	0	25	70	乡镇
450422106213	交口村委会	110.873860	23.269840	0	30	72	村庄
450422116213	上荣村委会	110.766967	23.051347	1	80	100	政府机构
450403104205	双垌村委会	111.327510	23.691990	0	30	72	村庄
450406103001	新地社区居民委员会	111.199802	23.239307	0	16	38	乡镇
450481109204	大王村村委会	111.350150	22.929920	0	30	58	村庄
450423101204	龙蟠村委会	110.550630	24.158070	0	30	72	村庄
450422105203	同心村委会	110.997880	23.204360	0	30	72	村庄
450422100001	大东社区委员会	110.919717	23.391020	0	25	55	乡镇
450422110001	天平街社区委员会	110.701218	23.381548	0	16	47	乡镇
450422115203	甘塘村委会	110.654239	23.795050	0	16	65	乡镇
450403103201	新民村委会	111.318400	23.492930	0	30	72	村庄
450406101207	大坡村委会	111.303750	23.273780	0	30	72	村庄
450422112207	新平村委会	110.654220	23.539810	0	30	72	村庄
450406102217	华新村委会	111.309549	23.084479	0	16	65	乡镇
450405001003	大塘社区居民委员会	111.279496	23.484953	1	80	94	政府机构
450422111217	双德村委会	110.743770	23.467041	0	25	47	乡镇
450481100208	木榔村村委会	111.003257	22.899953	0	18	40	乡镇
450481110208	孔任村村委会	111.317897	22.994377	1	80	100	政府机构
450406101211	育民村委会	111.303283	23.245983	0	16	65	乡镇
450422112211	龙塘村委会	110.631720	23.509751	0	30	72	村庄
450481103218	高垌村村委会	110.875637	22.798977	1	80	100	政府机构
450423105206	青州村委会	110.690908	23.940904	0	16	65	乡镇
450406102201	平地村委会	111.273250	23.179531	0	30	72	村庄
450423100004	湄江南社区居民委员会	110.528320	24.219247	0	20	36	乡镇
450422111201	江权村委会	110.627880	23.701331	1	80	93	UNKNOWN
450423102202	双垌村委会	110.424183	24.252081	1	80	100	政府机构
450422116205	国安村委会	110.554110	23.889560	0	25	70	乡镇
450422106205	大坟村委会	110.821980	23.226890	0	25	70	乡镇
450423101212	文尔村委会	110.618844	24.186678	0	16	38	乡镇
450481109212	新联村村委会	111.291123	22.888765	0	18	66	乡镇
450403104213	夏郢村委会	111.255557	23.624119	0	16	65	乡镇
450422201203	永太村委会	110.407280	23.885940	0	25	70	村庄
450422111221	古厚村委会	110.627880	23.701331	1	80	94	UNKNOWN
450421102212	蒌底村委会	111.391610	23.893550	0	30	58	UNKNOWN
450421112212	山坪村委会	111.549000	23.840300	0	14	32	区县
450481111205	昙龙村委会	111.090894	22.925916	0	18	40	乡镇
450405102202	古道村委会	111.140090	23.593683	0	16	65	乡镇
450421101202	龙科村委会	111.534580	23.938400	0	25	47	乡镇
450481102215	大和村村委会	110.793449	22.892813	1	80	100	政府机构
450481112215	平坡村村委会	111.070971	23.060820	1	80	100	政府机构
450422107208	思亥村委会	110.721776	23.281111	0	18	40	乡镇
450481105211	王强村村委会	111.030400	22.660780	0	30	58	村庄
450421108218	合水村委会	111.113942	23.725380	0	16	65	乡镇
450481115211	西岸村村委会	110.802403	23.039972	0	18	66	乡镇
450403007004	富民社区居民委员会	111.311901	23.485236	1	80	100	政府机构
450421105216	丽山村委会	110.998512	23.568970	0	25	70	乡镇
450481106201	六各村村委会	110.929530	22.731301	0	30	58	村庄
450481115207	龙田村村委会	110.816929	23.019857	1	80	100	政府机构
450481100005	新兴社区居委会	111.003257	22.899953	0	18	66	乡镇
450481105207	大卫村村委会	110.995980	22.728910	0	30	58	村庄
450481108209	古万村村委会	111.215741	22.904178	1	80	100	政府机构
450405101204	长地村委会	111.223658	23.451561	0	18	66	乡镇
450481111213	秋风村村委会	111.090894	22.925916	0	18	66	乡镇
450421112204	高枧村委会	111.380910	23.812550	0	25	70	乡镇
450421102204	料口村委会	111.554790	23.764019	1	80	95	UNKNOWN
450403003006	民主社区居民委员会	111.315100	23.473640	1	80	100	政府机构
450405102214	旭村村委会	111.140090	23.593683	0	16	65	乡镇
450481112203	地麻村村委会	111.027203	23.015201	1	80	100	政府机构
450481102203	义垌村村委会	110.887530	22.880010	0	30	58	村庄
450481107001	梨木社区居委会	111.156897	22.797394	0	18	49	乡镇
450421101214	深塘村委会	111.534580	23.938400	0	25	70	乡镇
450481107216	大坡村村委会	111.156897	22.797394	0	18	66	乡镇
450423101208	大塘村委会	110.582479	24.169599	1	80	100	政府机构
450421114201	天平村委会	111.576258	23.682253	0	18	66	乡镇
450481109208	横山村村委会	111.273180	22.822351	0	30	58	村庄
450403104209	高才村委会	111.255557	23.624119	0	16	38	乡镇
450481114206	荔良村村委会	110.902780	23.125729	0	30	58	村庄
450422108201	象棋村委会	110.718456	23.165826	0	25	47	乡镇
450403005003	新华社区居民委员会	111.298970	23.471740	1	80	92	地产小区
450481103202	旺练村村委会	110.839047	22.765725	1	80	100	政府机构
450481113202	成美村村委会	111.132507	23.109155	0	18	66	乡镇
450403002007	南中社区居民委员会	111.317410	23.471200	1	80	100	政府机构
450481100212	黄沙村村委会	111.003257	22.899953	0	18	66	乡镇
450481110212	治安村村委会	111.227993	23.024278	0	18	66	乡镇
450481113214	白板村村委会	111.182360	23.108990	0	30	58	村庄
450421110203	胜坡村委会	111.400057	23.580409	0	30	58	村庄
450421100203	塘蓬村委会	111.545921	23.824722	1	80	100	政府机构
450421105001	岭脚社区居民委员会	110.992295	23.570815	1	80	95	政府机构
450481103214	杨冲村村委会	110.849550	22.872650	0	30	58	村庄
450406103220	新科村委会	111.199802	23.239307	0	16	65	乡镇
450481110204	新华村村委会	111.260280	23.026039	0	30	58	村庄
450481100204	龙登村村委会	110.970455	22.965006	0	30	58	村庄
450422100220	永龙村委会	110.914547	23.456498	0	30	72	村庄
450403001001	中山社区居民委员会	111.319757	23.471756	1	80	100	政府机构
450422110220	富双村委会	110.701218	23.381548	0	16	38	乡镇
450422109001	岭景社区委员会	110.617236	23.182907	0	16	47	乡镇
450481102002	昙容社区居委会	110.802629	22.880132	1	80	95	地产小区
450403006005	上三云社区居民委员会	111.302470	23.482550	1	80	100	政府机构
450481114210	富冲村村委会	110.884120	23.088900	0	30	58	村庄
450422106209	同荣村委会	110.821980	23.226890	0	25	47	乡镇
450422116209	祥江村委会	110.511550	23.818521	1	75	92	UNKNOWN
450421112211	公平村委会	111.380910	23.812550	0	25	70	乡镇
450481111206	大寨村村委会	111.106430	22.893361	0	30	58	村庄
450421102211	龙冲村委会	111.511300	23.768480	0	25	70	乡镇
450481112216	古兰村村委会	111.070154	23.064219	1	80	100	政府机构
450423104208	六埠村委会	110.586070	24.022110	0	30	58	UNKNOWN
450421101201	沙头村委会	111.548260	23.936629	0	30	72	村庄
450481102216	昙雅村村委会	110.797120	22.917600	0	30	58	村庄
450405102201	龙江驿村委会	111.158560	23.615490	0	30	58	UNKNOWN
450481115212	古冻村村委会	110.804720	23.069591	0	30	58	村庄
450481105212	翰田村村委会	110.960003	22.698052	1	80	100	政府机构
450481100010	上奇社区居委会	110.976140	22.914519	1	80	100	政府机构
450421105215	人和村委会	110.998512	23.568970	0	25	70	乡镇
450481106202	车滩村村委会	110.975869	22.771353	0	18	66	乡镇
450403007007	富和社区居民委员会	111.311730	23.490570	1	80	100	政府机构
450481100006	富民社区居委会	110.999489	22.915811	1	80	100	政府机构
450481105204	南禄村村委会	110.994855	22.707941	1	80	100	政府机构
450481115204	容坡村村委会	110.840370	22.976239	0	30	58	村庄
450422109203	坡塘村委会	110.677170	23.188881	0	30	72	村庄
450481106214	均昌村村委会	111.033490	22.788230	0	30	58	村庄
450421100001	石桥社区居民委员会	111.544973	23.870053	0	16	38	乡镇
450421105203	岭脚村委会	111.001740	23.567409	1	80	100	政府机构
450421110001	兴旺社区居委会	111.412069	23.639198	0	16	65	乡镇
450403007011	富安社区居民委员会	111.306969	23.484625	1	80	94	UNKNOWN
450421102207	清水村委会	111.489110	23.764579	0	30	72	村庄
450481111210	金鸡村村委会	111.064409	22.903457	1	80	100	政府机构
450406100209	寨中村委会	111.287125	23.392674	0	16	65	乡镇
450421112207	四柳村委会	111.380910	23.812550	0	25	47	乡镇
450405101207	龙平村委会	111.234718	23.455030	1	80	100	政府机构
450422113209	陈洞村委会	110.700120	23.651470	0	25	70	乡镇
450422103209	古佩村委会	111.090537	23.369759	0	16	38	乡镇
450421101217	新建村委会	111.523330	24.005011	0	30	72	村庄
450406103219	大村村委会	111.213055	23.342224	1	80	100	政府机构
450422110219	新大村委会	110.779810	23.342299	0	30	72	村庄
450405102217	渔业村委会	111.140090	23.593683	0	16	65	乡镇
450422100219	河口村委会	110.848659	23.363048	1	80	100	政府机构
450403006010	月桂社区居民委员会	111.302016	23.478171	1	80	94	政府机构
450421114202	木双村委会	111.576258	23.682253	0	18	40	乡镇
450421108221	富宁村委会	111.113942	23.725380	0	16	38	乡镇
450481107215	水井村村委会	111.240050	22.795710	0	30	58	村庄
450422108202	双荣村委会	110.718456	23.165826	0	25	47	乡镇
450481114205	车河村村委会	110.909680	23.116030	0	30	58	村庄
450422111218	那塘村委会	110.743770	23.467041	0	25	70	乡镇
450406102218	扶达村委会	111.309549	23.084479	0	16	38	乡镇
450481113201	古院村村委会	111.084306	23.098342	1	80	100	政府机构
450481103201	坡舍村村委会	110.860310	22.766981	0	30	58	村庄
450422112208	平竹村委会	110.817331	23.693039	1	80	100	政府机构
450481110211	永安村村委会	111.206445	23.026649	1	80	100	政府机构
450406101208	松柏村委会	111.302702	23.262490	1	80	100	政府机构
450481100211	山心村村委会	111.012780	22.819310	0	30	58	村庄
450481103217	六丰村村委会	110.866030	22.832630	0	30	58	村庄
450421105002	人和社区居民委员会	110.998512	23.568970	0	25	47	乡镇
450423105209	朝垌村委会	110.690908	23.940904	0	16	38	乡镇
450403001002	大东社区居民委员会	111.322060	23.471050	1	80	100	政府机构
450422100223	车塘村委会	110.919717	23.391020	0	25	70	乡镇
450481100207	六凡村村委会	110.942773	22.944875	1	80	100	政府机构
450481110207	大新村村委会	111.306298	22.985907	1	80	100	政府机构
450403006006	下三云社区居民委员会	111.302200	23.484370	1	80	100	政府机构
450481102001	马路社区居委会	110.905640	22.902939	0	25	70	乡镇
450481107203	塘坎村村委会	111.073571	22.791649	1	80	100	政府机构
450481112001	糯垌社区居委会	111.049708	23.041750	1	80	100	政府机构
450422108214	富祝村委会	110.718456	23.165826	0	25	47	乡镇
450481114213	新安村村委会	110.912129	23.048527	1	80	100	政府机构
450403101205	华堂村委会	111.388509	23.516831	0	18	66	乡镇
450423104204	黄村村委会	110.618923	24.080982	0	16	65	乡镇
450406103203	雁村村委会	111.199802	23.239307	0	16	65	乡镇
450422110203	罗万村委会	110.701218	23.381548	0	16	65	乡镇
450422115001	东荣社区委员会	110.654239	23.795050	0	16	47	乡镇
450422105001	同心社区委员会	110.994163	23.213334	0	18	49	乡镇
450422100203	东胜村委会	110.949942	23.377453	1	80	100	政府机构
450421109001	狮寨社区居民委员会	111.167391	23.852167	0	16	38	乡镇
450422113213	浮田村委会	110.700120	23.651470	0	25	70	乡镇
450422103213	上赤村委会	111.090537	23.369759	0	16	65	乡镇
450421105219	武烈村委会	110.847230	23.449870	0	30	58	UNKNOWN
450481108210	古味村村委会	111.193085	22.868052	1	80	100	政府机构
450422200201	平福村委会	110.777479	23.827505	0	16	38	村庄
450421108217	平田村委会	111.113128	23.725984	1	80	100	政府机构
450422107207	庆旺村委会	110.721776	23.281111	0	18	40	乡镇
450481108206	古静村村委会	111.232160	22.956970	0	30	58	村庄
450423100206	文平村委会	110.531417	24.199041	1	80	100	政府机构
450422104201	埌南村委会	111.099382	23.261937	1	80	100	政府机构
450422114201	古龙村委会	110.894190	23.655070	0	30	72	村庄
450421108201	京南村委会	111.113942	23.725380	0	16	38	乡镇
450481115208	双门村村委会	110.853450	23.043820	0	30	58	村庄
450481105208	耀华村村委会	111.029813	22.689005	1	80	100	政府机构
450422107211	均平村委会	110.721776	23.281111	0	18	40	乡镇
450406103215	洞心村委会	111.199802	23.239307	0	16	65	乡镇
450423200204	大车村委会	110.640440	23.985930	0	30	72	村庄
450422100215	积和村委会	110.919717	23.391020	0	25	47	乡镇
450422110215	石炉村委会	110.701218	23.381548	0	16	65	乡镇
450422201001	宁康社区居民委员会	110.407280	23.885940	0	25	47	村庄
450406100205	大恩村委会	111.287125	23.392674	0	16	65	乡镇
450481103221	君垌村村委会	110.898930	22.738610	0	30	58	村庄
450422103205	塘村村委会	110.872949	23.663015	1	80	100	政府机构
450422113205	安福村委会	110.700120	23.651470	0	25	70	乡镇
450422116210	永和村委会	110.554110	23.889560	0	25	70	乡镇
450422106210	思善村委会	110.864677	23.307427	1	80	100	政府机构
450481114209	安山村村委会	110.909965	23.066945	1	80	100	政府机构
450422100002	城西社区委员会	110.919717	23.391020	0	25	55	乡镇
450403104206	民智村委会	111.289969	23.661293	1	80	100	政府机构
450481109207	双担村村委会	111.282374	22.846302	1	80	100	政府机构
450423101207	瓦冲村委会	110.618844	24.186678	0	16	65	乡镇
450422112204	屯江村委会	110.625099	23.584534	1	80	100	政府机构
450403103202	高旺村委会	111.284457	23.459737	1	80	100	政府机构
450406101204	胜洲村委会	111.303283	23.245983	0	16	65	乡镇
450481112220	三兴村村委会	111.014480	23.020429	0	30	58	村庄
450422111214	洲祖村委会	110.627880	23.701331	1	80	93	UNKNOWN
450423201205	南垌村委会	110.542743	24.316520	0	18	66	乡镇
450406102214	金钗村委会	111.309549	23.084479	0	16	65	乡镇
450422112212	双垌村委会	110.643160	23.486060	0	30	72	村庄
450406101212	交村村委会	111.309699	23.316587	1	80	100	政府机构
450423202203	高雷村委会	110.385576	24.066621	0	18	66	乡镇
450422111202	新城村委会	110.739640	23.464841	0	30	72	村庄
450423105205	沙灵村委会	110.690908	23.940904	0	16	38	乡镇
450406102202	城坦村委会	111.309549	23.084479	0	16	65	乡镇
450422106206	平山村委会	110.796440	23.280750	0	30	72	村庄
450422113004	正东街社区委员会	110.694830	23.657020	0	50	82	道路
450422116206	东安村委会	110.550850	23.902810	0	30	72	村庄
450406100004	城西社区居民委员会	111.287125	23.392674	0	16	38	乡镇
450423102201	新圩村委会	110.434040	24.264511	0	30	72	村庄
450422201200	宁康村委会	110.407280	23.885940	0	25	70	村庄
450423101211	乐拥村委会	110.577080	24.143950	0	30	58	村庄
450481109211	志明村村委会	111.256180	22.881479	0	30	58	村庄
450403104210	泗马村委会	111.255557	23.624119	0	16	38	乡镇
450422201201	大塘村委会	110.406990	23.922840	0	30	72	村庄
450423101210	古娄村委会	110.618844	24.186678	0	16	65	乡镇
450481109210	石芹村村委会	111.257840	22.850480	0	30	58	村庄
450403104211	竹坡村委会	111.300750	23.570948	1	80	100	政府机构
450422106207	陶塘村委会	110.821980	23.226890	0	25	70	乡镇
450422113005	德胜街社区委员会	110.694240	23.655830	0	50	82	道路
450422116207	兴安村委会	110.539510	23.919020	0	30	72	村庄
450406100005	佛子冲铅锌矿社区居民委员会	111.287125	23.392674	0	16	33	乡镇
450422104001	地坡社区委员会	111.101129	23.263228	0	30	72	村庄
450422111203	健良村委会	110.627880	23.701331	1	80	94	UNKNOWN
450422114001	旺龙社区委员会	110.832909	23.685609	0	16	47	乡镇
450406102203	榃金村委会	111.309549	23.084479	0	16	38	乡镇
450423105204	福利村委会	110.633960	23.928700	0	30	72	村庄
450422112213	新塘村委会	110.651030	23.510069	0	30	72	村庄
450421108001	京南社区居民委员会	111.113942	23.725380	0	16	38	乡镇
450406101213	寨村村委会	111.261841	23.308114	1	80	100	政府机构
450421101220	永乐村委会	111.532220	23.926421	0	30	72	村庄
450423202202	六海村委会	110.385576	24.066621	0	18	66	乡镇
450422200001	平福社区委员会	110.777479	23.827505	0	16	47	村庄
450422111215	勒竹村委会	110.743770	23.467041	0	25	70	乡镇
450423201204	六坪村委会	110.542743	24.316520	0	18	66	乡镇
450405001001	龙山社区居民委员会	111.289690	23.480330	1	80	100	政府机构
450406102215	端村村委会	111.395043	23.059192	1	80	100	政府机构
450422112205	座垌村委会	110.672994	23.552386	0	18	40	乡镇
450403103203	旺步村委会	111.336980	23.460240	1	80	97	政府机构
450406101205	马王村委会	111.324862	23.252272	1	80	100	政府机构
450422115201	下垌村委会	110.654239	23.795050	0	16	65	乡镇
450422105201	凤阁村委会	110.994163	23.213334	0	18	66	乡镇
450422100003	朝阳社区委员会	110.919717	23.391020	0	25	55	乡镇
450403104207	毓秀村委会	111.255557	23.624119	0	16	38	乡镇
450481109206	横垌村村委会	111.299398	22.868661	1	80	100	政府机构
450423101206	广育村委会	110.618844	24.186678	0	16	38	乡镇
450422116211	来历村委会	110.554110	23.889560	0	25	47	乡镇
450422106211	古华村委会	110.821980	23.226890	0	25	47	乡镇
450421105222	车较村委会	110.998512	23.568970	0	25	70	乡镇
450421109201	狮寨村委会	111.137440	23.813713	1	80	100	政府机构
450481114208	简塘村村委会	110.913020	23.079700	0	30	58	村庄
450406100204	四合村委会	111.207804	23.402189	1	80	100	政府机构
450481103220	雅奏村村委会	110.908010	22.804790	0	30	58	村庄
450422103204	南安村委会	111.090537	23.369759	0	16	65	乡镇
450422113204	木崖村委会	110.700120	23.651470	0	25	47	乡镇
450406103214	殿村村委会	111.173390	23.281200	0	30	58	村庄
450423200205	白竹村委会	110.635742	23.977068	0	18	66	村庄
450422100214	三坡村委会	110.919717	23.391020	0	25	70	乡镇
450422110214	满村村委会	110.754003	23.415219	1	80	100	政府机构
450481115209	扬亦村村委会	110.802403	23.039972	0	18	35	乡镇
450481105209	云秀村村委会	111.054480	22.673860	0	30	58	村庄
450422107210	新庆村委会	110.757050	23.262970	0	30	72	村庄
450481108207	双松村村委会	111.198251	22.894806	0	18	66	乡镇
450481114224	古寨村村委会	110.992130	23.127541	0	30	58	村庄
450423100207	洲南村委会	110.528320	24.219247	0	20	67	乡镇
450422111002	河东社区委员会	110.743770	23.467041	0	25	55	乡镇
450423103201	大明村委会	110.502982	24.099023	0	18	66	乡镇
450421108216	武岭村委会	111.111955	23.712394	1	80	100	政府机构
450422107206	同敏村委会	110.721776	23.281111	0	18	40	乡镇
450421105218	平琴村委会	110.998512	23.568970	0	25	47	乡镇
450481108211	胜垌村村委会	111.220540	22.859301	0	30	58	村庄
450406100212	新利村委会	111.289130	23.415081	0	30	72	村庄
450422113212	石夏村委会	110.710630	23.692899	0	30	58	UNKNOWN
450422103212	孔良村委会	111.134666	23.390294	1	80	100	政府机构
450403101204	思扶村委会	111.425714	23.472817	1	80	100	政府机构
450406103202	大维村委会	111.199802	23.239307	0	16	65	乡镇
450423104205	林秀村委会	110.618923	24.080982	0	16	38	乡镇
450422110202	龙胜村委会	110.739850	23.380211	0	30	72	村庄
450422100202	白坭村委会	110.919717	23.391020	0	25	70	乡镇
450422108215	道家村委会	110.691660	23.128160	0	30	72	村庄
450481114212	扶南村村委会	110.913323	23.070888	1	80	100	政府机构
450403006007	蝶彩社区居民委员会	111.302016	23.478171	1	80	94	政府机构
450481107202	三益村村委会	111.068600	22.784190	0	30	58	村庄
450422100222	永清村委会	110.919717	23.391020	0	25	70	乡镇
450481100206	六田村村委会	110.942590	22.980470	0	30	58	村庄
450481110206	思和村村委会	111.280826	22.988857	1	80	100	政府机构
450421100201	石桥村委会	111.542720	23.844330	0	30	72	村庄
450481103216	西竹村村委会	110.811835	22.868189	1	80	100	政府机构
450481113216	古益村村委会	111.226490	23.095381	0	30	58	村庄
450423105208	大莫村委会	110.703800	23.941160	0	30	72	村庄
450421110201	大新村委会	111.343500	23.549250	0	30	72	地产小区
450422112209	和平村委会	110.654660	23.533410	0	30	72	村庄
450481110210	石桥村村委会	111.228960	23.050160	0	30	58	村庄
450406101209	夜村村委会	111.265749	23.248751	1	80	100	政府机构
450481100210	垌尾村村委会	111.003257	22.899953	0	18	66	乡镇
450422111219	共和村委会	110.743770	23.467041	0	25	55	乡镇
450406102219	西罗村委会	111.309549	23.084479	0	16	65	乡镇
450422108203	罗文村委会	110.718456	23.165826	0	25	70	乡镇
450403005001	珠山社区居民委员会	111.302488	23.471932	1	80	94	政府机构
450481114204	河六村村委会	110.874050	23.165800	0	30	58	村庄
450405102001	倒水社区居委会	111.140090	23.593683	0	16	47	乡镇
450403006011	宝石社区居民委员会	111.302016	23.478171	1	80	94	政府机构
450421114203	双贤村委会	111.576258	23.682253	0	18	40	乡镇
450421108220	里深村委会	111.113942	23.725380	0	16	33	乡镇
450421101001	沙头社区居民委员会	111.534580	23.938400	0	25	47	乡镇
450481107214	云开村村委会	111.197398	22.797265	1	80	100	政府机构
450481102201	善村村委会	110.905640	22.902939	0	25	70	乡镇
450421101216	思艾村委会	111.534580	23.938400	0	25	47	乡镇
450406103218	题铺村委会	111.210800	23.329660	0	30	58	UNKNOWN
450481112201	塘坡村村委会	111.078237	23.031104	0	16	65	乡镇
450403003004	东正社区居民委员会	111.318280	23.473680	1	80	100	政府机构
450405102216	马水村委会	111.140090	23.593683	0	16	38	乡镇
450422110218	回龙村委会	110.813735	23.374734	0	30	72	村庄
450422100218	白沙村委会	110.919717	23.391020	0	25	70	乡镇
450421102206	梨埠村委会	111.511300	23.768480	0	25	47	乡镇
450481111211	大冲村村委会	111.053770	22.922440	0	30	58	村庄
450421112206	大宁村委会	111.380910	23.812550	0	25	70	乡镇
450406100208	念村村委会	111.295149	23.371102	1	80	100	政府机构
450422113208	永良村委会	110.700120	23.651470	0	25	70	乡镇
450405101206	龙华村委会	111.202570	23.433779	0	30	72	村庄
450422103208	龙安村委会	111.090537	23.369759	0	16	65	乡镇
450421105202	古能村委会	110.998512	23.568970	0	25	47	乡镇
450403007010	富祥社区居民委员会	111.306969	23.484625	1	80	94	UNKNOWN
450481100007	孝坊社区居委会	111.001220	22.918280	1	80	100	政府机构
450481105205	太云村村委会	111.008971	22.707037	0	30	58	村庄
450481115205	和村村委会	110.802403	23.039972	0	18	66	乡镇
450422109202	麦地村委会	110.617236	23.182907	0	16	65	乡镇
450481113001	太平社区居委会	111.132507	23.109155	0	18	66	乡镇
450481103001	南渡社区居委会	110.831100	22.847800	1	80	100	政府机构
450421105214	龙潭村委会	111.112390	23.454360	0	30	72	村庄
450481106203	合和村村委会	110.935461	22.736747	1	80	100	政府机构
450403007006	富新社区居民委员会	111.314890	23.490160	1	80	100	政府机构
450481115213	六岑村村委会	110.784100	23.088520	0	30	58	村庄
450481105213	大南村村委会	110.950267	22.692820	1	80	100	政府机构
450481100011	明都社区居委会	110.982700	22.916851	1	80	95	地产小区
450422109214	罗算村委会	110.659840	23.247279	0	30	58	UNKNOWN
450481112217	黄堂村村委会	111.078237	23.031104	0	16	65	乡镇
450423104209	朋汉村委会	110.603730	24.011259	0	30	58	UNKNOWN
450481102217	大垌村村委会	110.765495	22.910237	1	80	100	政府机构
450421112210	塘平村委会	111.380910	23.812550	0	25	70	乡镇
450481111207	勒水村村委会	111.093190	22.861370	0	30	58	村庄
450421102210	旺湾村委会	111.511300	23.768480	0	25	70	乡镇
450403104001	夏郢社区居民委员会	111.255557	23.624119	0	16	38	乡镇
450403101203	扶典村委会	111.375920	23.478039	0	30	72	村庄
450423104202	百合村委会	110.631370	24.132670	0	30	72	村庄
450406103205	新铺村委会	111.165046	23.192179	1	80	100	政府机构
450422100205	礼秀村委会	110.919717	23.391020	0	25	47	乡镇
450422110205	冷水村委会	110.636449	23.346292	1	80	100	政府机构
450422103215	六坊村委会	111.182260	23.393793	1	80	100	政府机构
450422113215	金田村委会	110.654010	23.677470	0	30	72	村庄
450481106208	白蝶村村委会	110.975869	22.771353	0	18	40	乡镇
450422104211	黎寨村委会	111.074978	23.191165	1	80	100	政府机构
450422200207	仁厚村委会	110.777479	23.827505	0	16	65	村庄
450423103206	木护村委会	110.502982	24.099023	0	18	66	乡镇
450421108211	旺滩村委会	111.113942	23.725380	0	16	38	乡镇
450481105218	尚仁村村委会	110.988550	22.680240	0	25	70	乡镇
450422107201	富荣村委会	110.721776	23.281111	0	18	66	乡镇
450421105209	思泰村委会	110.998512	23.568970	0	25	47	乡镇
450481114223	河边村村委会	110.996600	23.114380	0	30	58	村庄
450422114207	大村村委会	110.855041	23.689532	1	80	100	政府机构
450422200211	中太村委会	110.777479	23.827505	0	16	38	村庄
450422104207	马地村委会	111.104058	23.246862	0	18	66	乡镇
450405002201	新兴村委会	111.230934	23.504681	0	20	50	道路
450423103210	连塘村委会	110.502982	24.099023	0	18	49	乡镇
450421108207	太平村委会	111.608384	23.916830	1	80	100	政府机构
450422109209	南荣村委会	110.617236	23.182907	0	16	65	乡镇
450423200202	樟村村委会	110.635742	23.977068	0	18	66	村庄
450406103213	古令村委会	111.188126	23.282862	1	80	100	政府机构
450422110213	塘冲村委会	110.740170	23.441140	0	30	72	村庄
450422100213	平政村委会	110.915000	23.375100	0	12	26	区县
450406100203	都坎村委会	111.242073	23.410111	1	80	100	政府机构
450422116001	大黎社区委员会	110.554110	23.889560	0	25	55	乡镇
450422113203	柴咀村委会	110.704105	23.615929	1	80	100	政府机构
450422103203	大罗村委会	111.023780	23.348890	0	30	72	村庄
450422106001	富民社区委员会	110.821980	23.226890	0	25	55	乡镇
450422106216	胜安村委会	110.821980	23.226890	0	25	47	乡镇
450422116216	白祝村委会	110.537990	23.978519	0	30	58	UNKNOWN
450422108208	柏塘村委会	110.718456	23.165826	0	25	70	乡镇
450421109206	木皮村委会	111.167391	23.852167	0	16	65	乡镇
450422100004	东风社区委员会	110.919717	23.391020	0	25	55	乡镇
450422105206	陈底村委会	110.994163	23.213334	0	18	66	乡镇
450422115206	均常村委会	110.654239	23.795050	0	16	38	乡镇
450423101201	壬山村委会	110.618844	24.186678	0	16	38	乡镇
450481109201	中围村村委会	111.296918	22.907805	1	80	100	政府机构
450481105222	严垌村村委会	110.936513	22.622919	1	80	100	政府机构
450422112202	木依村委会	110.672994	23.552386	0	18	40	乡镇
450403103204	塘源村委会	111.372624	23.464690	1	80	100	政府机构
450406101202	新安村委会	111.319770	23.190799	0	30	72	村庄
450422111212	义良村委会	110.627880	23.701331	1	80	94	UNKNOWN
450406102212	武陇村委会	111.309549	23.084479	0	16	38	乡镇
450405001006	华洋社区居民委员会	111.279880	23.480880	1	70	88	地产小区
450423201203	三妹村委会	110.542743	24.316520	0	18	66	乡镇
450422112214	榄莫村委会	110.672994	23.552386	0	18	40	乡镇
450403001008	云龙社区居民委员会	111.329950	23.471810	1	80	100	政府机构
450423202205	芦山村委会	110.385576	24.066621	0	18	66	乡镇
450406101214	坡头村委会	111.273830	23.310891	0	30	72	村庄
450422111204	旺家村委会	110.627880	23.701331	1	80	94	UNKNOWN
450481111220	永和村村委会	111.090894	22.925916	0	18	66	乡镇
450423100001	解放社区居民委员会	110.528320	24.219247	0	20	41	乡镇
450405001010	幸福社区居民委员会	111.279496	23.484953	1	80	94	政府机构
450423105203	罗应村委会	110.690908	23.940904	0	16	38	乡镇
450481108001	大业社区居委会	111.198251	22.894806	0	18	49	乡镇
450406102204	淑里村委会	111.309549	23.084479	0	16	65	乡镇
450422113002	泰州北社区委员会	110.700120	23.651470	0	25	47	乡镇
450422103002	南安社区委员会	111.090537	23.369759	0	16	65	乡镇
450423102207	貌仪村委会	110.429806	24.322377	1	80	100	政府机构
450421109210	永生村委会	111.167391	23.852167	0	16	65	乡镇
450406100002	龙城社区居民委员会	111.246365	23.419351	1	80	100	政府机构
450481114219	三合村村委会	110.922610	23.104380	0	25	70	乡镇
450422115210	思排村委会	110.654239	23.795050	0	16	38	乡镇
450422201206	都邦村委会	110.419380	23.933710	0	30	58	UNKNOWN
450481107209	白护村村委会	111.142798	22.791460	1	80	100	政府机构
450481109217	石龙村村委会	111.291123	22.888765	0	18	66	乡镇
450403104216	凤凰村委会	111.300940	23.587430	0	30	72	村庄
450422113219	永平村委会	110.700120	23.651470	0	25	70	乡镇
450481102210	荔王村村委会	110.824485	22.897937	1	80	100	政府机构
450421101207	中平村委会	111.534580	23.938400	0	25	70	乡镇
450406103209	新地村委会	111.199802	23.239307	0	16	65	乡镇
450481112210	平炉村村委会	111.052330	23.026740	0	30	58	村庄
450405102207	仁义村委会	111.140090	23.593683	0	16	65	乡镇
450422110209	罗盖村委会	110.631120	23.384071	0	30	58	UNKNOWN
450422100209	中和村委会	110.929700	23.299161	0	30	72	村庄
450481105214	西河村村委会	110.988550	22.680240	0	25	70	乡镇
450481115214	蛟塘村村委会	110.780660	23.056170	0	30	58	村庄
450422109213	中村村委会	110.750481	23.780032	1	80	100	政府机构
450481106204	南和村村委会	110.967020	22.736260	0	30	58	村庄
450421105213	表水村委会	110.998512	23.568970	0	25	47	乡镇
450403007001	傍山社区居民委员会	111.307060	23.477800	1	80	100	政府机构
450422106220	沙冲村委会	110.834363	23.694320	1	80	100	政府机构
450403104220	儒岩村委会	111.255557	23.624119	0	16	38	乡镇
450481115202	荔村村委会	110.802403	23.039972	0	18	66	乡镇
450481105202	旺田村村委会	110.988550	22.680240	0	25	70	乡镇
450403004007	桂北社区居民委员会	111.314100	23.480670	1	80	100	UNKNOWN
450422109205	王村村委会	110.617236	23.182907	0	16	47	乡镇
450421105205	流山村委会	110.998512	23.568970	0	25	70	乡镇
450481106212	那蓬村村委会	111.033125	22.776831	1	80	100	政府机构
450421112201	六堡村委会	111.380910	23.812550	0	25	70	乡镇
450481111216	美伦村村委会	111.090894	22.925916	0	18	66	乡镇
450421102201	田众村委会	111.511300	23.768480	0	25	47	乡镇
450405101201	泗洲村委会	111.223658	23.451561	0	18	66	乡镇
450481112206	叶伦村村委会	111.072610	23.009080	0	30	58	村庄
450421101211	横江村委会	111.534580	23.938400	0	25	70	乡镇
450481102206	水平村村委会	110.884137	22.936669	1	80	100	政府机构
450403003003	北山社区居民委员会	111.321000	23.473000	0	16	30	区县
450405102211	大同村委会	111.140090	23.593683	0	16	47	乡镇
450422100008	潭津社区居委会	110.919717	23.391020	0	25	70	乡镇
450481107213	河木村村委会	111.207120	22.784241	1	80	100	政府机构
450421114204	黎璧村委会	111.576258	23.682253	0	18	40	乡镇
450422108204	甘村村委会	110.468521	23.877469	1	80	100	政府机构
450403005006	潘塘社区居民委员会	111.302400	23.472050	1	80	100	政府机构
450481111001	新圩社区居委会	111.091005	22.901522	1	80	100	政府机构
450481114203	立垌村村委会	110.934817	23.165137	1	80	100	政府机构
450421100210	培中村委会	111.544973	23.870053	0	16	38	乡镇
450481103207	高创村村委会	110.831470	22.805399	0	30	58	村庄
450481113207	富罗村村委会	111.072360	23.110579	0	30	58	村庄
450421110210	山心村委会	111.412069	23.639198	0	16	65	乡镇
450481110217	天堂村村委会	111.299037	23.192065	1	80	100	政府机构
450422111208	安和村委会	110.743770	23.467041	0	25	70	乡镇
450406102208	思化村委会	111.309549	23.084479	0	16	65	乡镇
450421110206	鹤洞村委会	111.357360	23.598830	0	30	72	村庄
450481113211	治垌村村委会	111.139236	23.089948	0	30	58	村庄
450481103211	古太村村委会	110.812820	22.844280	0	30	58	村庄
450421100206	胜利村委会	111.585690	23.843611	0	30	72	村庄
450422100225	保良村委会	110.915000	23.375100	0	12	34	区县
450481110201	大良村村委会	111.227993	23.024278	0	18	66	乡镇
450406101218	合垌村委会	111.303283	23.245983	0	16	65	乡镇
450481100201	探花村村委会	111.027154	22.901773	1	80	100	政府机构
450481107205	大旺村村委会	111.156897	22.797394	0	18	66	乡镇
450422108212	留村村委会	110.718456	23.165826	0	25	70	乡镇
450481114215	蒙奇村村委会	110.940291	23.005486	1	80	100	政府机构
450405101001	锦绣社区居民委员会	111.223658	23.451561	0	18	40	乡镇
450422108213	河柳村委会	110.718456	23.165826	0	25	55	乡镇
450481114214	平山村村委会	111.291618	23.068384	1	80	100	政府机构
450421112001	六堡社区居民委员会	111.380910	23.812550	0	25	47	乡镇
450421102001	梨埠社区居民委员会	111.511300	23.768480	0	25	47	乡镇
450403006001	上冲社区居民委员会	111.291910	23.479490	1	80	100	UNKNOWN
450481107204	高围村村委会	111.086572	22.795165	1	80	100	政府机构
450422100224	安宁村委会	110.919717	23.391020	0	25	70	乡镇
450422111209	覃安村委会	110.743770	23.467041	0	25	47	乡镇
450421110207	祝洞村委会	111.412069	23.639198	0	16	65	乡镇
450406102209	广平村委会	111.309549	23.084479	0	16	47	乡镇
450481113210	尖峰村村委会	111.059782	23.152562	1	80	100	政府机构
450481103210	社垌村村委会	110.797880	22.814491	0	30	58	村庄
450421100207	寒水村委会	111.544973	23.870053	0	16	65	乡镇
450481110216	白丈村村委会	111.180210	22.971550	0	30	58	村庄
450403002003	阜民社区居民委员会	111.318003	23.472768	1	80	94	政府机构
450421100211	学田村委会	111.544973	23.870053	0	16	65	乡镇
450481103206	盘古村村委会	110.823003	22.797463	1	80	100	政府机构
450481113206	富宁村村委会	111.076663	23.122835	1	80	100	政府机构
450421110211	八会村委会	111.412069	23.639198	0	16	33	乡镇
450422108205	中信村委会	110.718456	23.165826	0	25	70	乡镇
450403005007	塘源社区居民委员会	111.350270	23.464171	1	80	100	政府机构
450481114202	月田村村委会	110.922610	23.104380	0	25	70	乡镇
450422100009	安泰社区居委会	110.915000	23.375100	0	12	34	区县
450481107212	平田村村委会	111.185281	22.759033	1	80	100	政府机构
450421114205	友谊村委会	111.559790	23.691969	0	30	72	村庄
450481112207	昙海村村委会	111.064450	23.011390	0	30	58	村庄
450421101210	上垌村委会	111.534580	23.938400	0	25	70	乡镇
450481102207	和平村村委会	110.907980	22.941060	0	30	58	村庄
450405102210	倒水村委会	111.140090	23.593683	0	16	65	乡镇
450481111217	义和村村委会	111.090894	22.925916	0	18	66	乡镇
450421105204	武界村委会	111.018237	23.555746	1	80	100	政府机构
450481106213	福隆村村委会	111.046342	22.780597	1	80	100	政府机构
450403104221	德安村委会	111.280020	23.526911	0	30	72	村庄
450481110001	诚谏社区居委会	111.227993	23.024278	0	18	66	乡镇
450481115203	南垌村村委会	110.845667	22.995711	1	80	100	政府机构
450481105203	良乃村村委会	110.995240	22.655880	0	30	58	村庄
450481100001	城厢社区居委会	111.003257	22.899953	0	18	66	乡镇
450403004006	白云社区居民委员会	111.319598	23.479744	1	80	100	政府机构
450422109204	都蒙村委会	110.617236	23.182907	0	16	38	乡镇
450481106205	河口村村委会	110.960845	22.741809	1	80	100	政府机构
450421105212	麒麟村委会	110.998512	23.568970	0	25	70	乡镇
450481105215	兆阳村村委会	110.938431	22.711353	1	80	100	政府机构
450481115215	合水村村委会	110.787519	23.003779	1	80	100	政府机构
450422109212	古罗村委会	110.631830	23.213280	0	30	72	村庄
450481102211	六新村村委会	110.905640	22.902939	0	25	70	乡镇
450421101206	大寨村委会	111.585270	23.934891	0	30	72	村庄
450406103208	龙窝村委会	111.199802	23.239307	0	16	65	乡镇
450481112211	龙樟村村委会	111.037086	23.024918	1	80	100	政府机构
450422110208	新马村委会	110.600910	23.452199	0	30	72	村庄
450405102206	三贵村委会	111.140090	23.593683	0	16	38	乡镇
450422100208	四旺村委会	110.919717	23.391020	0	25	70	乡镇
450481111201	思塘村村委会	111.155527	22.894305	1	80	100	政府机构
450421112216	首溪村委会	111.433650	23.802769	0	30	58	UNKNOWN
450422113218	罗社村委会	110.700120	23.651470	0	25	70	乡镇
450422115211	三江村委会	110.654239	23.795050	0	16	65	乡镇
450422201207	平桂村委会	110.407280	23.885940	0	25	47	村庄
450481107208	泗祥村村委会	111.146150	22.754400	0	30	58	村庄
450481109216	黄茅村村委会	111.265437	22.949463	1	80	100	政府机构
450403104217	镇安村委会	111.255557	23.624119	0	16	65	乡镇
450422116201	大黎村委会	110.554110	23.889560	0	25	70	乡镇
450422113003	上元街社区委员会	110.700120	23.651470	0	25	55	乡镇
450422106201	金鸡村委会	110.824090	23.230510	0	30	72	村庄
450423102206	古定村委会	110.435211	24.277427	0	16	65	乡镇
450421109211	安乐村委会	111.167391	23.852167	0	16	65	乡镇
450481114218	孔龙村村委会	110.922610	23.104380	0	25	70	乡镇
450406100003	城南社区居民委员会	111.287125	23.392674	0	16	38	乡镇
450422111205	党洲村委会	110.743770	23.467041	0	25	47	乡镇
450481111221	垌头村村委会	111.090894	22.925916	0	18	66	乡镇
450406102205	调村村委会	111.295831	23.143739	1	80	100	政府机构
450423105202	下漂村委会	110.690908	23.940904	0	16	38	乡镇
450405001011	灏景玥城社区居委会	111.279496	23.484953	1	80	97	政府机构
450422112215	都坡村委会	110.672994	23.552386	0	18	66	乡镇
450423202204	能友村委会	110.385576	24.066621	0	18	40	乡镇
450405002001	两广社区居委会	111.230934	23.504681	0	20	67	道路
450406101215	河步村委会	111.303283	23.245983	0	16	65	乡镇
450422111213	莲垌村委会	110.627880	23.701331	1	80	94	UNKNOWN
450405001007	丰业社区居民委员会	111.274480	23.473080	1	80	100	政府机构
450406102213	大尧村委会	111.351412	23.055177	1	80	100	政府机构
450423201202	长坪村委会	110.519510	24.338550	0	30	72	村庄
450422107001	大路圩社区委员会	110.747625	23.264327	1	80	97	UNKNOWN
450422112203	石桥村委会	110.633510	23.599851	0	30	72	村庄
450406101203	大城村委会	111.303283	23.245983	0	16	65	乡镇
450422100005	城南社区委员会	110.919717	23.391020	0	25	55	乡镇
450422105207	沙村村委会	111.015784	23.245942	1	80	100	政府机构
450422115207	东荣村委会	110.654239	23.795050	0	16	65	乡镇
450403104201	思委村委会	111.262470	23.674060	0	30	58	村庄
450422106217	同安村委会	110.821980	23.226890	0	25	70	乡镇
450422116217	太兴村委会	110.554110	23.889560	0	25	47	乡镇
450422108209	同乐村委会	110.718456	23.165826	0	25	70	乡镇
450421109207	岛朝村委会	111.179490	23.905010	0	30	58	UNKNOWN
450406100202	林水村委会	111.287125	23.392674	0	16	38	乡镇
450422113202	仁安村委会	110.700120	23.651470	0	25	70	乡镇
450422103202	金板村委会	111.094445	23.370377	1	80	100	政府机构
450423200203	汉豪村委会	110.623783	23.967583	1	80	100	政府机构
450406103212	四落村委会	111.199802	23.239307	0	16	65	乡镇
450422110212	三益村委会	110.701218	23.381548	0	16	65	乡镇
450422100212	大垌村委会	110.892320	23.292300	0	30	72	村庄
450423103211	河村村委会	110.502982	24.099023	0	18	66	乡镇
450421108206	城垌村委会	111.113942	23.725380	0	16	38	乡镇
450422109208	罗江村委会	110.644570	23.143710	0	30	72	村庄
450421105208	大隆村委会	110.998512	23.568970	0	25	70	乡镇
450423100201	北楼村委会	110.506767	24.210092	1	80	100	政府机构
450481108201	板么村村委会	111.198940	22.904640	0	30	58	村庄
450481114222	古堆村村委会	110.922610	23.104380	0	25	70	乡镇
450422114206	德安村委会	110.829080	23.638640	0	30	72	村庄
450422200210	莫泗村委会	110.777479	23.827505	0	16	38	村庄
450422104206	双底村委会	111.111249	23.302177	1	80	100	政府机构
450423103207	道义村委会	110.502982	24.099023	0	18	40	乡镇
450421108210	古参村委会	111.062391	23.687319	1	80	100	政府机构
450481105219	尚勇村村委会	110.988550	22.680240	0	25	47	乡镇
450481106209	义修村村委会	110.929707	22.794360	1	80	100	政府机构
450422104210	冼村村委会	111.080458	23.214243	1	80	100	政府机构
450422200206	思园村委会	110.777479	23.827505	0	16	38	村庄
450422114210	陈平村委会	110.832909	23.685609	0	16	65	乡镇
450422103214	大元村委会	111.144980	23.424010	0	30	72	村庄
450422113214	下黎村委会	110.700120	23.651470	0	25	70	乡镇
450403101202	双桥村委会	111.344947	23.541240	1	80	100	政府机构
450406103204	训村村委会	111.170830	23.167981	0	30	58	村庄
450481109001	筋竹社区居委会	111.291123	22.888765	0	18	49	乡镇
450423104203	明觉村委会	110.602420	24.090660	0	30	58	UNKNOWN
450422100204	潭东村委会	110.977030	23.353551	0	30	72	村庄
450422110204	罗平村委会	110.672087	23.360808	1	80	100	政府机构
