450702107215	石安村委会	108.756686	22.041781	0	16	65	乡镇
450721111227	沙田村委会	108.974580	22.154689	0	30	72	村庄
450703103212	奇陵村委会	108.603106	22.226510	0	18	40	乡镇
450721101227	上塘村委会	109.352190	22.289870	0	30	72	村庄
450722101204	小蒙屯村委会	109.433920	21.930330	0	30	58	村庄
450702104205	板桥村委会	108.705640	21.853120	0	30	72	村庄
450722111204	伯家村委会	109.649396	22.581462	0	16	38	乡镇
450703100202	平山村委会	108.667080	22.147130	0	30	72	村庄
450703110202	爱国村委会	108.285882	22.157035	0	16	65	乡镇
450702404498	中马钦州产业园区虚拟社区	108.658000	21.940300	0	14	29	区县
450722113002	横岭社区居民委员会	109.786209	22.493934	0	16	38	乡镇
450721109210	尤甘村委会	109.130670	22.296899	0	16	38	乡镇
450703107206	屯王村委会	108.874375	22.448693	1	80	100	政府机构
450703109218	三门滩村委会	108.516820	22.114561	0	30	58	UNKNOWN
450722105210	罗城村委会	109.332910	22.019179	0	25	70	乡镇
450702100211	坭桥村委会	108.688485	21.929599	0	16	65	乡镇
450722115210	江口村委会	109.719580	22.445291	0	30	72	村庄
450702110211	后立村委会	108.929804	22.021404	0	16	33	乡镇
450703104216	红华村委会	108.719306	22.346387	0	16	38	乡镇
450722108208	马头村委会	109.409860	22.273120	0	30	72	村庄
450721107218	三岔村委会	109.215793	22.412756	1	80	100	政府机构
450721109206	西岸村委会	109.141247	22.371277	1	80	100	政府机构
450721117218	良坪村委会	109.109800	22.107530	0	25	70	乡镇
450702110207	清湖村委会	108.981180	21.985520	0	30	72	村庄
450722115206	福明村委会	109.678200	22.417710	0	30	72	村庄
450702100207	海棠村委会	108.664885	21.888945	1	80	100	政府机构
450722105206	符竹村委会	109.332910	22.019179	0	25	70	乡镇
450721104208	白花村委会	109.508570	22.581959	0	25	70	乡镇
450721114208	榃璞村委会	108.962593	22.479099	0	18	40	乡镇
450702112001	新联社区居委会	108.767812	21.719129	0	16	65	乡镇
450722112202	平佳村委会	109.535739	22.594517	1	80	100	政府机构
450702107203	沙田村委会	108.707590	22.094100	0	30	72	村庄
450702102001	黄屋屯社区居委会	108.524180	21.980161	0	30	72	村庄
450722102202	文昌村委会	109.566167	21.930362	0	20	67	乡镇
450721101231	古文村委会	109.338783	22.350024	0	18	66	乡镇
450703103204	那料村委会	108.603106	22.226510	0	18	66	乡镇
450722111212	朋山村委会	109.649396	22.581462	0	16	65	乡镇
450721112221	围屋村委会	108.952146	22.395461	0	16	65	乡镇
450721115209	望坪村委会	109.210686	22.203001	0	18	40	乡镇
450703105201	四维村委会	108.554766	22.176141	0	18	66	乡镇
450721105209	大芦村委会	109.417457	22.427236	0	18	66	乡镇
450722104207	大村村委会	109.360601	22.103680	1	80	100	政府机构
450702101206	白鸡村委会	108.534630	21.903300	0	30	58	餐饮
450722114207	平安村委会	109.803250	22.345640	0	30	72	村庄
450702111206	塘底村委会	109.031178	21.936069	0	16	65	乡镇
450721108207	谢赖村委会	109.187257	22.337261	1	80	100	政府机构
450703106211	谈读村委会	108.608538	22.312659	0	18	40	乡镇
450721106219	塘肚村委会	109.246725	22.478410	1	80	100	政府机构
450702102216	料连村委会	108.501382	21.985361	0	16	47	乡镇
450721113220	那隆村委会	108.805112	22.444799	0	16	65	乡镇
450703101215	永隆村委会	108.800711	22.165134	0	16	65	乡镇
450722110213	石均村委会	109.544063	22.427940	0	16	38	乡镇
450703102205	青全村委会	108.800468	22.273327	0	18	40	乡镇
450722103203	六江村委会	109.512978	22.003150	1	80	100	政府机构
450722106001	新兴社区居委会	109.302892	22.118607	0	18	66	乡镇
450703104001	板城社区居委会	108.701140	22.295281	0	50	82	UNKNOWN
450703101203	八仙村委会	108.748132	22.157544	1	80	100	政府机构
450722110205	古立村委会	109.544063	22.427940	0	16	38	乡镇
450702105204	北村村委会	108.583490	21.716121	0	50	82	UNKNOWN
450703102213	那路村委会	108.800468	22.273327	0	18	66	乡镇
450722113215	白花村委会	109.786209	22.493934	0	16	65	乡镇
450702111210	扁陂村委会	109.031178	21.936069	0	16	38	乡镇
450722114211	五峰村委会	109.803509	22.363020	0	18	66	乡镇
450702101210	团和村委会	108.494142	21.884366	0	25	47	乡镇
450722104211	福山村委会	109.435200	22.061820	0	30	72	村庄
450721002207	三海村委会	109.272932	22.409544	1	80	100	政府机构
450703108219	屯品村委会	108.310370	21.994069	0	30	58	UNKNOWN
450703106207	屯六村委会	108.608538	22.312659	0	18	40	乡镇
450721108211	湴山村委会	109.205290	22.340140	0	25	47	乡镇
450722111208	子厄村委会	109.630170	22.558170	0	30	58	UNKNOWN
450721110206	上楼村委会	109.049370	22.316870	0	30	72	村庄
450702109207	崩塘村委会	109.162075	21.972087	1	80	100	政府机构
450722110225	长昆村委会	109.544063	22.427940	0	16	38	乡镇
450721103216	贾村村委会	109.392899	22.524333	1	80	100	政府机构
450721113216	立石村委会	108.805112	22.444799	0	16	65	乡镇
450721104212	廖村村委会	109.509446	22.609640	1	80	100	政府机构
450721114212	龙门村委会	108.990680	22.451530	0	30	72	村庄
450703109214	大寺村委会	108.449900	22.127950	0	30	72	村庄
450721107202	古榕村委会	109.077130	22.445328	0	18	66	乡镇
450721117202	埤肚村委会	109.160517	22.104912	1	80	100	政府机构
450722109229	新丰村委会	109.501930	22.101290	0	30	72	村庄
450721114204	双六村委会	108.995788	22.498138	1	80	100	政府机构
450721104204	兆庄村委会	109.508570	22.581959	0	25	47	乡镇
450722002212	梅江村委会	109.557000	22.271500	0	14	32	区县
450722108204	塘岸村委会	109.414000	22.321870	0	30	72	村庄
450721117214	新民村委会	109.023170	22.071500	0	30	72	村庄
450722001202	和平村委会	109.533700	22.333780	0	30	72	村庄
450721107214	那合村委会	109.077130	22.445328	0	18	66	乡镇
450703109202	新晓村委会	108.450155	22.149837	0	16	38	乡镇
450703002002	山塘社区	108.658224	21.980023	1	80	100	地产小区
450721110210	下埠村委会	109.041018	22.302208	0	18	66	乡镇
450702401004	果子山社区居委会	108.604215	21.714371	1	80	100	政府机构
450703103208	东联村委会	108.628090	22.224880	0	30	72	村庄
450702005202	西沟村委会	108.590610	21.934821	0	30	72	村庄
450703108203	大利村委会	108.308473	21.957711	1	80	100	政府机构
450721106215	大宾村委会	109.187020	22.494661	0	30	58	UNKNOWN
450721116215	搭简村委会	109.133465	21.960681	1	80	100	政府机构
450722109205	中南村委会	109.467350	22.181460	0	25	70	乡镇
450721105205	五一村委会	109.417457	22.427236	0	18	66	乡镇
450721109226	中安村委会	109.130670	22.296899	0	16	65	乡镇
450721115205	三角村委会	109.210686	22.203001	0	18	66	乡镇
450721102201	潭龙村委会	109.348042	22.571946	0	18	66	乡镇
450703102209	榃甫村委会	108.800468	22.273327	0	18	40	乡镇
450721112201	双凤村委会	109.002546	22.440006	1	80	100	政府机构
450721101211	独树村委会	109.497168	22.591881	1	80	100	政府机构
450722002005	木麻根社区居委会	109.807630	22.535759	0	30	72	UNKNOWN
450703101219	三冬村委会	108.800711	22.165134	0	16	38	乡镇
450721111211	富久村委会	108.950960	22.277451	0	25	47	乡镇
450703003003	白水塘社区	108.619080	21.970760	1	80	97	政府机构
450721112217	石柱村委会	108.931430	22.425960	0	30	72	村庄
450721102217	礼回村委会	109.348042	22.571946	0	18	40	乡镇
450722001003	西塘社区居委会	109.540369	22.232235	0	16	47	乡镇
450702108206	白木村委会	108.781520	21.830530	0	25	70	乡镇
450721111207	那檀村委会	108.846260	22.339490	0	30	58	UNKNOWN
450721101207	尧家村委会	109.338783	22.350024	0	18	66	乡镇
450722110209	六潦村委会	109.544063	22.427940	0	16	33	乡镇
450721113001	太平社区居委会	108.805112	22.444799	0	16	65	乡镇
450721116203	黎头村委会	109.263050	22.018810	0	25	47	乡镇
450721106203	岭平村委会	109.201273	22.485519	0	18	66	乡镇
450721103001	平山社区居委会	109.426094	22.525367	0	18	66	乡镇
450703108215	义和村委会	108.350560	21.950480	0	30	72	村庄
450722109213	长平村委会	109.467350	22.181460	0	25	70	乡镇
450721115213	高李村委会	109.267690	22.200430	0	30	72	村庄
450721109230	斌屋村委会	109.130670	22.296899	0	16	38	乡镇
450721105213	象山村委会	109.434920	22.431430	0	30	72	村庄
450702003006	新隆社区居委会	108.615170	21.953996	1	80	100	政府机构
450721115212	大沙村委会	109.210686	22.203001	0	18	66	乡镇
450721105212	将加村委会	109.417457	22.427236	0	18	40	乡镇
450721116202	公服村委会	109.263050	22.018810	0	25	47	乡镇
450721106202	鲁塘村委会	109.201273	22.485519	0	18	66	乡镇
450703108214	屯笔村委会	108.363840	21.941930	0	30	58	UNKNOWN
450722109212	学塘村委会	109.480357	22.607358	1	80	100	政府机构
450721111206	华麓村委会	108.950960	22.277451	0	25	70	乡镇
450721101206	漂塘村委会	109.304180	22.373421	0	30	72	村庄
450722110208	南山村委会	109.524760	22.432430	0	30	72	村庄
450721112216	石桥村委会	108.942280	22.433631	0	30	72	村庄
450722001002	田山社区居委会	109.547370	22.268751	0	30	72	村庄
450721102216	六颜村委会	109.348042	22.571946	0	18	35	乡镇
450722113218	六台村委会	109.786209	22.493934	0	16	65	乡镇
450702108207	上寮村委会	108.826870	21.745410	0	30	72	村庄
450722002004	塘头社区居委会	109.557000	22.271500	0	14	32	区县
450721101210	沙路村委会	109.159811	22.442986	1	80	100	政府机构
450703101218	朱林村委会	108.800711	22.165134	0	16	65	乡镇
450721111210	古城村委会	108.861620	22.284289	0	30	72	村庄
450703003002	沙坡社区	108.619080	21.970760	1	80	97	政府机构
450703102208	新村村委会	108.568537	22.238455	1	80	100	政府机构
450721105204	新塘村委会	109.470667	22.346891	1	80	100	政府机构
450721109227	大平村委会	109.102938	22.413948	1	80	100	政府机构
450721115204	大黎村委会	109.210686	22.203001	0	18	66	乡镇
450702005203	黄坡豕村委会	108.658000	21.940300	0	14	29	区县
450702402202	大环村委会	108.757125	21.630656	0	20	67	乡镇
450703108202	屯蒙村委会	108.285480	22.072841	0	30	58	UNKNOWN
450721106214	大山塘村委会	109.201273	22.485519	0	18	66	乡镇
450721116214	升和村委会	109.165220	21.955020	0	30	58	UNKNOWN
450722109204	高明村委会	109.505120	22.208940	0	30	72	村庄
450702109210	三蔸竹村委会	108.899720	21.869350	0	25	43	乡镇
450721113201	太平村委会	108.805112	22.444799	0	16	65	乡镇
450703103209	吉水村委会	108.609945	22.204896	1	80	100	政府机构
450721103201	平山村委会	109.437290	22.514720	0	30	72	村庄
450721110211	陈屋山村委会	109.043274	22.279605	1	80	100	政府机构
450702401005	鸡墩头社区居委会	108.671563	21.715464	1	80	100	政府机构
450722108205	新村村委会	109.441216	22.309423	1	80	100	政府机构
450721117215	箔竹村委会	109.109800	22.107530	0	25	47	乡镇
450722001203	六新村委会	109.540369	22.232235	0	16	47	乡镇
450721107215	茅针村委会	109.077130	22.445328	0	18	66	乡镇
450703109203	四联村委会	108.450155	22.149837	0	16	65	乡镇
450722109228	居木村委会	109.467350	22.181460	0	25	47	乡镇
450721114205	七里村委会	108.962593	22.479099	0	18	66	乡镇
450721104205	俄境村委会	109.508570	22.581959	0	25	47	乡镇
450703109215	那葛村委会	108.450155	22.149837	0	16	65	乡镇
450721107203	三联村委会	109.077130	22.445328	0	18	66	乡镇
450721102001	丰塘社区居委会	109.348042	22.571946	0	18	49	乡镇
450721112001	古城社区居委会	108.952146	22.395461	0	16	65	乡镇
450721117203	邓阳村委会	109.158371	22.122314	1	80	100	政府机构
450722002205	塘胜村委会	109.557000	22.271500	0	14	27	区县
450721104213	垌心村委会	109.108394	22.220095	1	80	100	政府机构
450721114213	苗实村委会	108.962593	22.479099	0	18	40	乡镇
450702109206	马鞍岭村委会	108.860070	21.891330	0	30	72	村庄
450722110224	枫木村委会	109.544063	22.427940	0	16	65	乡镇
450702005002	排榜社区居委会	108.658000	21.940300	0	14	37	区县
450721103217	平坡村委会	109.406936	22.350534	1	80	100	政府机构
450721113217	茂萱村委会	108.839320	22.513020	0	30	58	UNKNOWN
450722111209	丰门村委会	109.600510	22.578941	0	30	72	村庄
450702104208	深坪村委会	108.647670	21.842421	0	25	70	乡镇
450721110207	石碑村委会	109.572421	22.269132	1	80	100	政府机构
450703108218	米拱村委会	108.284460	21.944290	0	30	58	UNKNOWN
450703106206	新铺村委会	108.604760	22.271460	0	30	72	村庄
450721108210	茶亭村委会	109.258780	22.336510	0	30	72	村庄
450702102201	屯西村委会	108.501382	21.985361	0	16	38	乡镇
450722114210	旺贵村委会	109.803509	22.363020	0	18	40	乡镇
450702101211	新营村委会	108.482490	21.925150	0	30	72	村庄
450722104210	普林村委会	109.431601	22.039377	0	16	65	乡镇
450721002206	十里村委会	109.265499	22.390177	1	80	100	政府机构
450703102212	青苏村委会	108.800468	22.273327	0	18	40	乡镇
450722113214	木格村委会	109.786209	22.493934	0	16	65	乡镇
450703101202	古秀村委会	108.743231	22.137083	1	80	100	政府机构
450722110204	关塘村委会	109.247020	22.434160	1	80	100	政府机构
450703102204	青塘村委会	108.824900	22.264371	0	30	72	村庄
450722103202	石凉村委会	109.540532	22.026092	0	18	40	乡镇
450722113202	官村村委会	109.786209	22.493934	0	16	47	乡镇
450721113221	稔老村委会	108.805112	22.444799	0	16	38	乡镇
450703101214	大田坪村委会	108.786315	22.376303	1	80	100	政府机构
450722002008	樟家社区居民委员会	109.536350	22.176231	0	30	58	村庄
450722110212	中山村委会	109.559760	22.377970	0	30	72	村庄
450721108206	龙屈塘村委会	109.205290	22.340140	0	25	70	乡镇
450703106210	屯巷村委会	108.608538	22.312659	0	18	40	乡镇
450721106218	大洋村委会	109.230690	22.495681	1	80	100	政府机构
450722109208	姜花村委会	109.467350	22.181460	0	25	47	乡镇
450702112217	大坪村委会	108.725060	21.729700	0	30	72	村庄
450721115208	汉塘村委会	109.183970	22.194981	0	30	72	村庄
450703100002	江表社区居委会	108.654370	22.075430	0	30	72	UNKNOWN
450721105208	辣了村委会	109.417457	22.427236	0	18	40	乡镇
450722104206	邓平村委会	109.431601	22.039377	0	16	38	乡镇
450702101207	板坪村委会	108.494142	21.884366	0	25	70	乡镇
450722114206	良村村委会	109.803509	22.363020	0	18	66	乡镇
450702111207	定蒙村委会	109.031178	21.936069	0	16	65	乡镇
450722111213	竹较村委会	109.649396	22.581462	0	16	38	乡镇
450721112220	北龙村委会	108.884927	22.397294	1	80	100	政府机构
450722112203	蒙竹村委会	109.552291	22.593621	1	80	100	政府机构
450702107202	黎屋村委会	108.756686	22.041781	0	16	65	乡镇
450722102203	长山村委会	109.590300	21.916880	0	30	72	村庄
450722107001	新城社区居委会	109.359994	22.223764	0	18	66	乡镇
450721101230	茶田村委会	109.338783	22.350024	0	18	66	乡镇
450703103205	那道村委会	108.648220	22.213311	0	30	58	UNKNOWN
450702110206	彭新村委会	108.929804	22.021404	0	16	65	乡镇
450722115207	平石村委会	109.628350	22.415410	0	30	72	村庄
450702100206	桥坪村委会	108.688485	21.929599	0	16	65	乡镇
450722105207	六角村委会	109.332910	22.019179	0	25	70	乡镇
450703108222	王岗村委会	108.316021	22.019515	0	16	65	乡镇
450721104209	木山村委会	109.508570	22.581959	0	25	70	乡镇
450703104201	众仁村委会	108.719306	22.346387	0	16	38	乡镇
450721114209	那琅村委会	108.962593	22.479099	0	18	40	乡镇
450722108209	定更村委会	109.744400	22.436840	0	30	51	UNKNOWN
450721107219	凤山村委会	109.084510	22.384710	0	30	72	村庄
450721109207	峡岭村委会	109.107730	22.354570	0	30	72	村庄
450721117219	灵塘村委会	109.109800	22.107530	0	25	70	乡镇
450722105211	罗南村委会	109.332910	22.019179	0	25	70	乡镇
450702100210	分界村委会	108.714980	21.944610	0	30	72	村庄
450722115211	龙地村委会	109.729350	22.470671	0	30	72	村庄
450702110210	那里村委会	108.929804	22.021404	0	16	65	乡镇
450703104217	那觅村委会	108.719306	22.346387	0	16	38	乡镇
450722002209	合群村委会	109.557000	22.271500	0	14	32	区县
450722106201	新圩村委会	109.288807	22.091357	0	30	72	村庄
450721109211	龙屈村委会	109.130670	22.296899	0	16	65	乡镇
450703107207	榃忠村委会	108.606535	22.397262	0	18	40	乡镇
450722101205	横流村委会	109.457789	21.931264	0	18	66	乡镇
450702104204	青龙村委会	108.696210	21.877720	0	30	72	村庄
450722111205	歌棉村委会	109.613004	22.537616	1	80	100	政府机构
450703105001	那蒙社区居委会	108.554900	22.165470	0	50	82	UNKNOWN
450703100203	良田村委会	108.644102	22.002749	0	30	72	乡镇
450703110203	屯良村委会	108.285882	22.157035	0	16	65	乡镇
450721001001	六峰社区居委会	109.301036	22.424613	1	80	100	政府机构
450702107214	新圩村委会	108.810360	22.105830	0	30	72	村庄
450721111226	卢屋村委会	108.929987	22.395655	1	80	100	政府机构
450703103213	榃楼村委会	108.507590	22.251340	0	30	58	UNKNOWN
450721101226	佛垌村委会	109.338783	22.350024	0	18	66	乡镇
450703100208	平辽村委会	108.644102	22.002749	0	30	51	乡镇
450703110208	洞利村委会	108.285882	22.157035	0	16	38	乡镇
450702109201	那丽村委会	108.899720	21.869350	0	25	47	乡镇
450703001002	皇马社区	108.639510	22.000011	1	80	97	政府机构
450722110223	万垌村委会	109.544063	22.427940	0	16	65	乡镇
450722109002	龙门社区居民委员会	109.467350	22.181460	0	25	47	乡镇
450721113210	永安村委会	108.864395	22.446907	1	80	100	政府机构
450721103210	思林村委会	109.426094	22.525367	0	18	40	乡镇
450721114214	古天村委会	108.967020	22.435550	0	30	58	UNKNOWN
450702002001	东南社区居委会	108.640572	21.949554	1	80	97	政府机构
450721104214	平历村委会	109.508570	22.581959	0	25	47	乡镇
450722002202	六桥村委会	109.557000	22.271500	0	14	32	区县
450721002221	旺圩村委会	109.291000	22.416400	0	14	27	区县
450721117204	伯凤村委会	109.109800	22.107530	0	25	47	乡镇
450703109212	南间村委会	108.425728	22.226336	1	80	100	政府机构
450721107204	六加村委会	109.077130	22.445328	0	18	66	乡镇
450721104202	塘美村委会	109.508570	22.581959	0	25	70	乡镇
450721114202	旧圩村委会	108.968260	22.518459	0	30	72	村庄
450721108221	保子村委会	109.375335	22.319189	1	80	100	政府机构
450722108202	太安村委会	109.430454	22.327964	0	18	66	乡镇
450722104221	洋水村委会	109.454469	21.997874	1	80	100	政府机构
450721107212	峡口村委会	109.077130	22.445328	0	18	66	乡镇
450722001204	光明村委会	109.655700	22.346470	0	30	72	村庄
450703109204	宿禾村委会	108.450155	22.149837	0	16	65	乡镇
450721117212	宦楼村委会	109.070980	22.138560	1	80	100	政府机构
450722111218	平塘村委会	109.649396	22.581462	0	16	65	乡镇
450702401002	亚路江社区居委会	108.609298	21.747103	1	80	100	政府机构
450721110216	金西村委会	109.026926	22.245684	1	80	100	政府机构
450722112208	黄马村委会	109.557570	22.622330	0	30	72	村庄
450702107209	那庆村委会	108.756686	22.041781	0	16	65	乡镇
450721103206	高塘村委会	109.447920	22.508740	0	30	72	村庄
450721113206	那沙村委会	108.805112	22.444799	0	16	65	乡镇
450721116213	升平村委会	109.263050	22.018810	0	25	70	乡镇
450703108205	英雄村委会	108.356350	22.049200	0	30	72	村庄
450702005204	谷仓村委会	108.658000	21.940300	0	14	46	区县
450721106213	三里村委会	109.204234	22.513487	1	80	100	政府机构
450722109203	平黄村委会	109.467350	22.181460	0	25	47	乡镇
450721109220	上江村委会	109.190613	22.378252	1	80	100	政府机构
450721115203	龙舞村委会	109.210686	22.203001	0	18	66	乡镇
450721110001	兴隆社区居委会	109.041018	22.302208	0	18	66	乡镇
450721105203	大坡村委会	109.369030	22.437021	0	30	72	村庄
450721112207	旧州村委会	108.944947	22.393514	1	80	100	政府机构
450721102207	陂塘村委会	109.348042	22.571946	0	18	66	乡镇
450722103209	大坡山村委会	109.552570	22.028391	0	30	72	村庄
450721401598	场部虚拟生活区	109.289925	22.244292	0	18	40	乡镇
450722113209	塘肚村委会	109.246725	22.478410	1	80	100	政府机构
450721111217	新营村委会	108.924450	22.216269	0	30	72	村庄
450721101217	渌一村委会	109.338783	22.350024	0	18	40	乡镇
450722002003	北河社区居委会	109.557000	22.271500	0	14	29	区县
450722110219	镇脚村委会	109.544063	22.427940	0	16	38	乡镇
450721102211	石陂村委会	109.348042	22.571946	0	18	66	乡镇
450722001005	平马社区居民委员会	109.540369	22.232235	0	16	33	乡镇
450702004004	高岭社区居委会	108.612115	21.959797	1	90	97	政府机构
450721112211	古修村委会	108.952146	22.395461	0	16	65	乡镇
450721101201	元屋岭村委会	109.338783	22.350024	0	18	66	乡镇
450721111201	陆屋村委会	108.950960	22.277451	0	25	70	乡镇
450703101209	牛江村委会	108.800711	22.165134	0	16	65	乡镇
450721106205	勒菜村委会	109.201273	22.485519	0	18	40	乡镇
450703108213	双那村委会	108.316021	22.019515	0	16	38	乡镇
450721116205	驲面村委会	109.206509	22.093804	1	80	100	政府机构
450722109215	莲塘村委会	109.457010	22.146569	0	30	72	村庄
450721105215	芳兰村委会	109.483610	22.391430	0	30	72	村庄
450721115215	珠里村委会	109.210686	22.203001	0	18	66	乡镇
450722112212	高山村委会	109.596210	22.640420	0	30	72	村庄
450702107213	高明村委会	108.790090	22.086779	0	30	72	村庄
450721101221	秧地塘村委会	109.195435	22.016113	1	80	100	政府机构
450721111221	新村村委会	109.186237	22.011689	1	80	100	政府机构
450703103214	龙眼村委会	108.556060	22.248529	0	30	72	村庄
450722111202	乌石村委会	109.597846	22.515233	1	80	100	政府机构
450722101202	旧州村委会	109.457789	21.931264	0	18	66	乡镇
450702104203	大番坡村委会	108.647670	21.842421	0	25	70	乡镇
450703110204	百美村委会	108.285882	22.157035	0	16	38	乡镇
450703100204	米家村委会	108.601876	22.138378	1	80	100	政府机构
450722106206	那回村委会	109.302892	22.118607	0	18	66	乡镇
450721107208	六局村委会	109.077130	22.445328	0	18	66	乡镇
450721117208	万利村委会	109.109800	22.107530	0	25	70	乡镇
450721109216	塘表村委会	109.115920	22.321378	1	80	100	政府机构
450722115216	历山村委会	109.694480	22.504019	0	30	72	村庄
450703104210	竹山村委会	108.698090	22.284591	0	30	72	村庄
450722106210	良田村委会	109.302892	22.118607	0	18	66	乡镇
450703109208	百庆村委会	108.450155	22.149837	0	16	65	乡镇
450722001208	新南村委会	109.555918	22.328418	1	80	100	政府机构
450702100201	大石古村委会	108.627370	21.924170	0	30	72	村庄
450702110201	那彭村委会	108.929804	22.021404	0	16	65	乡镇
450722109223	平垌村委会	109.467350	22.181460	0	25	70	乡镇
450703104206	板中村委会	108.719306	22.346387	0	16	65	乡镇
450702107205	高桥村委会	108.679250	22.047560	0	30	72	村庄
450722102204	油滩村委会	109.539500	21.909081	0	30	58	UNKNOWN
450722112204	金康村委会	109.585190	22.572020	0	30	58	UNKNOWN
450703103202	多隆村委会	108.661682	22.243253	1	80	100	政府机构
450722111214	亚旺村委会	109.649396	22.581462	0	16	38	乡镇
450721112227	那良村委会	108.952146	22.395461	0	16	65	乡镇
450703105207	屯周村委会	108.554766	22.176141	0	18	40	乡镇
450722111003	土东社区居民委员会	109.649396	22.581462	0	16	38	乡镇
450721002217	大塘村委会	109.536585	22.399158	1	80	100	政府机构
450703108209	大直村委会	108.316021	22.019515	0	16	38	乡镇
450721108201	檀圩村委会	109.205290	22.340140	0	25	47	乡镇
450702112210	炮台村委会	108.845059	21.661829	1	80	100	政府机构
450722107211	那新村委会	109.432285	22.360129	1	80	100	政府机构
450702102210	金竹村委会	108.503600	21.945819	0	30	72	村庄
450721113226	那谐村委会	108.805112	22.444799	0	16	38	乡镇
450703101213	平里村委会	108.800711	22.165134	0	16	65	乡镇
450722110215	大湾村委会	109.555070	22.409300	0	30	72	村庄
450703102203	华岭村委会	108.800468	22.273327	0	18	66	乡镇
450703107001	新棠社区居委会	108.597375	22.403885	1	80	95	地产小区
450722113205	垌心村委会	109.786209	22.493934	0	16	65	乡镇
450722103205	新塘铺村委会	109.523737	22.030721	1	80	100	政府机构
450703101205	平沙村委会	108.800711	22.165134	0	16	65	乡镇
450702105202	南村村委会	108.530277	21.739731	0	25	55	乡镇
450722105001	东馆社区居委会	109.333692	22.018238	1	80	100	政府机构
450722110203	大田村委会	109.566570	22.460650	0	30	72	村庄
450722115001	官垌社区居民委员会	109.682120	22.430240	0	60	80	UNKNOWN
450721109001	那隆社区居委会	109.130670	22.296899	0	16	47	乡镇
450722113213	新华村委会	109.702950	22.528999	0	30	72	村庄
450703105211	屯里村委会	108.529770	22.153520	0	30	72	村庄
450721115219	新亮村委会	109.179620	22.272161	0	30	58	UNKNOWN
450722104217	大平村委会	109.450758	22.030942	1	80	100	政府机构
450703106201	古勉村委会	108.608538	22.312659	0	18	66	乡镇
450721108217	竹围村委会	109.437550	22.542035	1	80	100	政府机构
450721116209	香山村委会	109.245540	21.985201	0	30	72	村庄
450721106209	硖木村委会	109.201273	22.485519	0	18	40	乡镇
450702102206	屯北村委会	108.501382	21.985361	0	16	38	乡镇
450722107207	平坡村委会	109.406936	22.350534	1	80	100	政府机构
450721001211	谭礼村委会	109.261979	22.434658	0	18	35	乡镇
450702112206	白路村委会	108.767812	21.719129	0	16	65	乡镇
450722109219	滑竹村委会	109.467350	22.181460	0	25	70	乡镇
450721108216	社岭村委会	109.205290	22.340140	0	25	70	乡镇
450721116208	甲叉村委会	109.263050	22.018810	0	25	70	乡镇
450721106208	古僚村委会	109.201273	22.485519	0	18	40	乡镇
450702102207	大冲村委会	108.551580	22.006519	0	30	72	村庄
450722107206	旱田村委会	109.359994	22.223764	0	18	66	乡镇
450721001210	白木村委会	109.479449	22.640939	1	80	100	政府机构
450702112207	船厂村委会	108.809310	21.642550	0	30	72	村庄
450722109218	茅家村委会	109.467350	22.181460	0	25	70	乡镇
450703105210	那蒙村委会	108.554592	22.163148	1	80	100	政府机构
450721115218	竹坡村委会	109.210686	22.203001	0	18	66	乡镇
450722104216	木根村委会	109.431601	22.039377	0	16	65	乡镇
450722113212	门楼村委会	109.700960	22.536009	0	30	72	村庄
450703101204	榃兰村委会	108.800711	22.165134	0	16	38	乡镇
450702100001	沙埠社区居委会	108.669780	21.931320	0	30	72	UNKNOWN
450702105203	西村村委会	108.530277	21.739731	0	25	55	乡镇
450702110001	那彭社区居委会	108.929804	22.021404	0	16	47	乡镇
450722110202	大垌村委会	109.478010	22.338351	0	30	72	村庄
450703102202	高峰村委会	108.816980	22.310191	0	30	72	村庄
450722113204	横岗村委会	109.780260	22.542801	0	30	72	村庄
450722103204	禁山村委会	109.540532	22.026092	0	18	66	乡镇
450721113227	那廉村委会	108.805112	22.444799	0	16	65	乡镇
450703101212	广平村委会	108.817340	22.192200	0	30	72	村庄
450722110214	玉叶村委会	109.544063	22.427940	0	16	65	乡镇
450703108208	充文村委会	108.316021	22.019515	0	16	38	乡镇
450702112211	岭门村委会	108.811920	21.682060	0	30	72	村庄
450722107210	兰田村委会	109.402970	22.255960	0	30	72	村庄
450702102211	圩埠村委会	108.501382	21.985361	0	16	65	乡镇
450703105206	板选村委会	108.554766	22.176141	0	18	40	乡镇
450722111002	寨圩社区居民委员会	109.632350	22.567379	0	40	65	UNKNOWN
450702111201	合江村委会	109.031178	21.936069	0	16	65	乡镇
450722101002	泉新社区居民委员会	109.457789	21.931264	0	18	40	乡镇
450721002216	新大村委会	109.220700	22.386739	0	30	72	村庄
450702101201	傍钦村委会	108.587625	21.964235	1	80	100	政府机构
450722111215	康乐村委会	109.649396	22.581462	0	16	65	乡镇
450721112226	长安村委会	108.826660	22.374031	0	30	72	村庄
450702107204	丁屋村委会	108.756686	22.041781	0	16	65	乡镇
450722102205	八东村委会	109.566167	21.930362	0	20	67	乡镇
450722112205	白石村委会	109.521702	22.551307	1	80	100	政府机构
450703103203	中花村委会	108.603106	22.226510	0	18	40	乡镇
450703106001	长滩社区居委会	108.608538	22.312659	0	18	66	乡镇
450722105201	大成村委会	109.327900	22.025400	0	30	72	村庄
450722109222	读冲村委会	109.467350	22.181460	0	25	47	乡镇
450703104207	牛寮村委会	108.719306	22.346387	0	16	65	乡镇
450722106211	良江村委会	109.302892	22.118607	0	18	66	乡镇
450721109201	高兰村委会	109.130670	22.296899	0	16	65	乡镇
450703109209	屯首村委会	108.390280	22.141170	0	30	58	UNKNOWN
450722001209	沙场村委会	109.540369	22.232235	0	16	47	乡镇
450722115217	东叶景村委会	109.668235	22.435204	0	16	33	乡镇
450703104211	三联村委会	108.719306	22.346387	0	16	65	乡镇
450722106207	大塘村委会	109.307990	22.111130	0	30	72	村庄
450721107209	佳平村委会	109.077733	22.443681	1	80	100	政府机构
450721117209	淡屋村委会	109.109800	22.107530	0	25	47	乡镇
450721109217	茶子村委会	109.130670	22.296899	0	16	65	乡镇
450703107201	南局村委会	108.565940	22.391480	0	30	58	村庄
450722111203	仁旺村委会	109.649396	22.581462	0	16	38	乡镇
450722114001	平睦社区居民委员会	109.803509	22.363020	0	18	40	乡镇
450722104001	新南社区居委会	109.431601	22.039377	0	16	65	乡镇
450722101203	平阳村委会	109.466089	21.926373	1	80	100	政府机构
450702104202	葵子村委会	108.647670	21.842421	0	25	47	乡镇
450703110205	大路村委会	108.349040	22.161021	0	30	72	村庄
450703100205	大塘村委会	108.607100	22.115140	0	30	72	村庄
450702107212	大岭村委会	109.048034	21.853110	1	80	100	政府机构
450721101220	蒙塘村委会	109.287344	22.296887	1	80	100	政府机构
450721108001	檀圩社区居委会	109.205290	22.340140	0	25	70	乡镇
450721111220	水茫村委会	108.950960	22.277451	0	25	47	乡镇
450703103215	西陵村委会	108.603106	22.226510	0	18	66	乡镇
450721105214	泗洲村委会	109.417457	22.427236	0	18	66	乡镇
450702003001	东风社区居委会	108.615290	21.953929	1	80	97	政府机构
450721115214	叉口村委会	109.210686	22.203001	0	18	66	乡镇
450721106204	杨梅村委会	109.154660	22.483319	0	30	72	村庄
450703108212	派亩村委会	108.316021	22.019515	0	16	38	乡镇
450721116204	南城村委会	109.227750	22.074950	0	30	72	村庄
450722109214	平江村委会	109.508850	22.177230	0	30	72	村庄
450703101208	榃标村委会	108.800711	22.165134	0	16	38	乡镇
450702400501	总场	108.892690	21.929690	0	25	70	UNKNOWN
450722001004	文山社区居委会	109.540369	22.232235	0	16	47	乡镇
450721102210	大湴村委会	109.348042	22.571946	0	18	40	乡镇
450702004005	鸿泰社区居委会	108.612115	21.959797	1	90	95	政府机构
450721112210	六华村委会	108.952146	22.395461	0	16	38	乡镇
450702108201	关塘村委会	108.448413	21.934465	1	80	100	政府机构
450721111216	陆东村委会	108.950960	22.277451	0	25	55	乡镇
450722002002	江滨社区居委会	109.557000	22.271500	0	14	32	区县
450721101216	那东村委会	109.272539	22.350108	1	80	100	政府机构
450703003004	北营社区	108.619080	21.970760	1	80	97	政府机构
450722110218	坡心村委会	109.259024	22.009057	1	80	100	政府机构
450721112206	塘僚村委会	108.952146	22.395461	0	16	38	乡镇
450721102206	大丰村委会	109.345460	22.604380	0	30	72	村庄
450722103208	南江村委会	109.548480	21.983180	0	30	72	村庄
450722113208	新坡村委会	109.794550	22.492900	0	30	72	村庄
450721109221	江东村委会	109.094700	22.278809	0	30	72	村庄
450721115202	长岗村委会	109.234480	22.159630	0	30	72	村庄
450721105202	桂山村委会	109.387510	22.429000	0	30	72	村庄
450721116212	升安村委会	109.204785	21.875659	1	80	100	政府机构
450702402204	乌雷村委会	108.757125	21.630656	0	20	41	乡镇
450703108204	富雄村委会	108.316021	22.019515	0	16	38	乡镇
450702005205	九鸦村委会	108.581770	21.896171	0	30	58	UNKNOWN
450721106212	平南村委会	109.214597	22.511947	0	30	72	村庄
450702109001	那丽社区居委会	108.899720	21.869350	0	25	55	乡镇
450722109202	林垌村委会	109.467350	22.181460	0	25	70	乡镇
450722112209	马朗村委会	109.565206	22.619455	0	18	40	乡镇
450721400598	场部虚拟生活区	108.882487	22.294247	0	20	41	乡镇
450702107208	平新村委会	108.711130	22.001230	0	30	72	地产小区
450721103207	灵家村委会	109.426094	22.525367	0	18	40	乡镇
450721113207	那驮村委会	108.805112	22.444799	0	16	65	乡镇
450722111219	分村村委会	109.646508	22.643127	1	80	100	政府机构
450702401003	水井坑社区居委会	108.608171	21.742996	1	80	100	政府机构
450721110217	蚌降村委会	109.041018	22.302208	0	18	40	乡镇
450722108203	桥头村委会	109.464550	22.345020	0	30	72	村庄
450722104220	学堂村委会	109.431601	22.039377	0	16	65	乡镇
450721107213	大远村委会	109.077130	22.445328	0	18	66	乡镇
450722001205	黎木村委会	109.540369	22.232235	0	16	47	乡镇
450703109205	天安村委会	108.450155	22.149837	0	16	65	乡镇
450721117213	燕坪村委会	109.109800	22.107530	0	25	70	乡镇
450721101001	新圩社区居委会	109.338783	22.350024	0	18	66	乡镇
450721104203	苏村村委会	109.508570	22.581959	0	25	70	乡镇
450721114203	井冲村委会	108.962593	22.479099	0	18	66	乡镇
450721108220	华屏村委会	109.205290	22.340140	0	25	47	乡镇
450721111001	陆屋社区居委会	108.812140	22.204740	0	30	72	村庄
450721002220	梓木村委会	109.291000	22.416400	0	14	32	区县
450721117205	大路村委会	109.133190	22.133000	0	30	72	村庄
450703109213	那桑村委会	108.442127	22.172154	1	80	100	政府机构
450722001213	云坊村委会	109.511470	22.295120	0	30	58	UNKNOWN
450721107205	邓塘村委会	109.077130	22.445328	0	18	66	乡镇
450721104215	深水村委会	109.508570	22.581959	0	25	70	乡镇
450722002203	桥山村委会	109.557000	22.271500	0	14	32	区县
450703001003	大井社区	108.639510	22.000011	1	80	97	政府机构
450722110222	华新村委会	109.544063	22.427940	0	16	65	乡镇
450722109003	马兰社区居民委员会	109.467350	22.181460	0	25	47	乡镇
450721113211	清水村委会	108.874090	22.434750	0	30	72	村庄
450721103211	同古村委会	109.228349	22.423111	1	80	100	政府机构
450721110201	大田江村委会	109.041018	22.302208	0	18	40	乡镇
450703110209	那桃村委会	108.285882	22.157035	0	16	65	乡镇
450722104219	米埠村委会	109.431601	22.039377	0	16	65	乡镇
450721115217	明山村委会	109.183740	22.240230	0	30	72	村庄
450721105217	府灵村委会	109.417457	22.427236	0	18	40	乡镇
450702003002	江滨社区居委会	108.615290	21.953929	1	80	97	政府机构
450722107209	良庄村委会	109.359994	22.223764	0	18	66	乡镇
450702102208	屯光村委会	108.501382	21.985361	0	16	65	乡镇
450722109217	王坡村委会	109.467350	22.181460	0	25	70	乡镇
450702112208	岭脚村委会	108.767812	21.719129	0	16	65	乡镇
450721002599	龙武农场	109.291000	22.416400	0	14	29	区县
450721116207	东冲村委会	109.194987	22.031353	1	80	100	政府机构
450721108219	甘梅村委会	109.205290	22.340140	0	25	70	乡镇
450721106207	白花村委会	109.201273	22.485519	0	18	66	乡镇
450703108211	那泮村委会	108.316021	22.019515	0	16	38	乡镇
450702400502	新屋管区生活区	108.892690	21.929690	0	25	55	UNKNOWN
450721114001	沙坪社区居委会	108.962593	22.479099	0	18	66	乡镇
450721111203	石子村委会	108.950960	22.277451	0	25	47	乡镇
450721101203	萍塘村委会	109.338783	22.350024	0	18	66	乡镇
450721104001	石塘社区居委会	109.508570	22.581959	0	25	70	乡镇
450722108001	三鸽社区居民委员会	109.430454	22.327964	0	18	40	乡镇
450702108202	六加村委会	108.781520	21.830530	0	25	70	乡镇
450721112213	大岭村委会	108.984541	22.432259	1	80	100	政府机构
450722001007	沙江社区居民委员会	109.540369	22.232235	0	16	33	乡镇
450721102213	高华村委会	109.340090	22.558719	0	30	72	村庄
450722002001	解放社区居委会	109.557000	22.271500	0	14	32	区县
450721101215	夏村村委会	109.255279	22.354221	1	80	100	政府机构
450721113228	那线村委会	108.805112	22.444799	0	16	65	乡镇
450721111215	企石村委会	108.954257	22.506007	1	80	100	政府机构
450721102205	睦村村委会	109.333689	22.591625	1	80	100	政府机构
450721112205	六额村委会	108.952146	22.395461	0	16	65	乡镇
450721002219	枚埠村委会	109.184700	22.412721	0	30	58	UNKNOWN
450721105201	佛子村委会	109.132181	22.448580	1	80	100	政府机构
450703105209	竹山村委会	108.578320	22.176461	0	30	72	村庄
450721115201	龙塘村委会	109.245330	22.166940	0	30	72	村庄
450721109222	灵二村委会	109.130670	22.296899	0	16	38	乡镇
450722104599	东方农场	109.460630	22.001600	0	60	100	UNKNOWN
450721001209	棠梨村委会	109.282881	22.430884	1	80	100	政府机构
450703108207	胜利村委会	108.330440	22.043900	0	30	72	村庄
450702005206	黎头咀村委会	108.658000	21.940300	0	14	32	区县
450721106211	驾马村委会	109.222440	22.508689	0	30	58	村庄
450721116211	横山村委会	109.250080	21.919690	0	30	72	村庄
450721113204	佳芝村委会	108.900080	22.370220	0	30	58	UNKNOWN
450721103204	山秀村委会	109.426094	22.525367	0	18	66	乡镇
450721112229	横塘村委会	108.893240	22.375780	0	30	72	村庄
450721110214	龙楼村委会	108.971825	22.261748	1	80	100	政府机构
450721117210	盆山村委会	109.109800	22.107530	0	25	70	乡镇
450721107210	司练村委会	109.077130	22.445328	0	18	40	乡镇
450722001206	凤平村委会	109.540369	22.232235	0	16	33	乡镇
450703109206	屯妙村委会	108.450155	22.149837	0	16	38	乡镇
450722104223	罗家村委会	109.414124	22.054320	1	80	100	政府机构
450721108223	大水垌村委会	109.205290	22.340140	0	25	70	乡镇
450703104208	屯车村委会	108.711150	22.322400	0	30	58	村庄
450703109210	敦民村委会	108.450155	22.149837	0	16	38	乡镇
450721107206	长麓村委会	108.986301	21.979743	1	80	100	政府机构
450721109218	高埠村委会	109.130670	22.296899	0	16	65	乡镇
450721117206	新禾村委会	109.109800	22.107530	0	25	70	乡镇
450721002223	独岭村委会	109.291000	22.416400	0	14	32	区县
450722106208	高联村委会	109.328540	22.097040	0	30	72	村庄
450721104216	东安村委会	109.526200	22.522310	0	30	72	村庄
450721103212	古朴村委会	109.426094	22.525367	0	18	66	乡镇
450721113212	大塘村委会	108.933320	22.346260	0	30	72	村庄
450702109203	殿艮村委会	108.899720	21.869350	0	25	47	乡镇
450722110221	武溪村委会	109.544063	22.427940	0	16	65	乡镇
450721110202	龙山村委会	109.043300	22.354919	0	30	72	村庄
450702102204	屯利村委会	108.378180	22.070589	0	30	58	UNKNOWN
450722107205	佛新村委会	109.359994	22.223764	0	18	40	乡镇
450703103001	小董社区居委会	108.630410	22.219600	0	40	77	UNKNOWN
450703106203	榃袅村委会	108.608538	22.312659	0	18	40	乡镇
450721108215	黄楼村委会	109.235140	22.304620	0	30	72	村庄
450722104215	长岭村委会	109.515074	21.991264	1	80	100	政府机构
450703105213	硃砂村委会	108.554766	22.176141	0	18	40	乡镇
450722113211	关棒村委会	109.786209	22.493934	0	16	38	乡镇
450722103211	坡村村委会	109.540532	22.026092	0	18	66	乡镇
450722110201	福旺村委会	109.561390	22.405420	0	50	73	UNKNOWN
450702100002	田寮社区居委会	108.688485	21.929599	0	16	65	乡镇
450703101207	古隆村委会	108.767360	22.168036	1	80	100	政府机构
450722103207	三亚村委会	109.540532	22.026092	0	18	66	乡镇
450722113207	大能村委会	109.782170	22.513321	0	30	58	UNKNOWN
450721112209	樟木村委会	108.952146	22.395461	0	16	65	乡镇
450703102201	红村村委会	108.831265	22.314511	1	80	100	政府机构
450721102209	榃朴村委会	109.348042	22.571946	0	18	40	乡镇
450722110217	北兰村委会	109.544063	22.427940	0	16	65	乡镇
450721111219	王猛村委会	108.950960	22.277451	0	25	47	乡镇
450721113224	那马村委会	109.298225	22.182276	1	80	100	政府机构
450703101211	贤架村委会	108.711880	22.141680	1	80	97	政府机构
450721101219	大里村委会	109.346390	22.408389	0	30	72	村庄
450722107213	高林村委会	109.313550	22.192460	0	30	72	村庄
450702102212	田寮村委会	108.439035	21.921875	1	80	100	政府机构
450702112212	埠头村委会	108.767812	21.719129	0	16	65	乡镇
450721108203	石球湖村委会	109.205290	22.340140	0	25	47	乡镇
450722104203	山埇村委会	109.431601	22.039377	0	16	38	乡镇
450722101001	新圩社区居委会	109.457789	21.931264	0	18	66	乡镇
450721002215	英爪村委会	109.224610	22.426039	0	30	58	UNKNOWN
450702101202	高沙村委会	108.494142	21.884366	0	25	70	乡镇
450722111001	朝阳社区居委会	109.649396	22.581462	0	16	65	乡镇
450722114203	六峰村委会	109.803509	22.363020	0	18	66	乡镇
450702111202	禄宦塘村委会	108.990600	21.940130	0	30	58	村庄
450703105205	那桂村委会	108.539960	22.184350	1	80	100	政府机构
450703110210	那略村委会	108.220057	22.122554	1	80	100	政府机构
450721112225	教马村委会	108.952146	22.395461	0	16	65	乡镇
450722111216	大江口村委会	109.649396	22.581462	0	16	65	乡镇
450721103208	夏塘村委会	109.426094	22.525367	0	18	66	乡镇
450721113208	思明村委会	108.805112	22.444799	0	16	38	乡镇
450722112206	社头村委会	109.565206	22.619455	0	18	66	乡镇
450702107207	新明村委会	108.756686	22.041781	0	16	65	乡镇
450722102206	坡子坪村委会	109.566167	21.930362	0	20	67	乡镇
450703104204	新城村委会	108.664620	22.333880	0	30	72	村庄
450702110203	那蒟村委会	108.929804	22.021404	0	16	38	乡镇
450722115202	芳田村委会	109.665630	22.354490	0	30	72	村庄
450722109221	大坡村委会	109.518030	22.125969	0	30	72	村庄
450702100203	大岭村委会	109.048034	21.853110	1	80	100	政府机构
450722105202	金街村委会	109.332910	22.019179	0	25	70	乡镇
450721109202	方塘村委会	109.131058	22.341696	0	30	72	村庄
450722106212	中林村委会	109.302892	22.118607	0	18	66	乡镇
450703104212	屯茂村委会	108.719306	22.346387	0	16	38	乡镇
450722105214	金联村委会	109.346380	22.092320	0	30	72	村庄
450702100215	明天移民新村村委会	108.688485	21.929599	0	16	47	乡镇
450722115214	甜竹村委会	109.667340	22.490841	0	30	58	UNKNOWN
450721109214	枫木村委会	109.130670	22.296899	0	16	65	乡镇
450703107202	屯林村委会	108.606535	22.397262	0	18	66	乡镇
450722106204	陈依村委会	109.302892	22.118607	0	18	40	乡镇
450703100206	歌标村委会	108.644102	22.002749	0	30	51	乡镇
450703110206	那美村委会	108.336155	22.148493	1	80	100	政府机构
450722104002	阳春社区居民委员会	109.431601	22.039377	0	16	38	乡镇
450702403498	广西钦州保税港区虚拟社区	108.651820	21.689870	0	50	82	UNKNOWN
450702104201	沙坡村委会	108.643608	21.860249	1	80	100	政府机构
450721111223	沙塘村委会	108.948760	22.218450	0	30	72	村庄
450703103216	那陵村委会	108.603106	22.226510	0	18	66	乡镇
450721101223	容家村委会	109.338783	22.350024	0	18	66	乡镇
450721001004	附城社区居委会	109.261979	22.434658	0	18	49	乡镇
450702107211	青草村委会	108.755750	22.070800	0	30	58	UNKNOWN
450722112210	西角村委会	109.565206	22.619455	0	18	66	乡镇
450721111222	福星村委会	108.976310	22.241830	0	30	72	村庄
450721101222	塘排村委会	109.338783	22.350024	0	18	66	乡镇
450702107210	白鹤村委会	108.756686	22.041781	0	16	65	乡镇
450722112211	山鸡村委会	109.565206	22.619455	0	18	66	乡镇
450703100207	大片村委会	108.644102	22.002749	0	30	72	乡镇
450703110207	那朴村委会	108.285882	22.157035	0	16	65	乡镇
450721109215	马槽村委会	109.130670	22.296899	0	16	65	乡镇
450703102001	青塘社区居委会	108.800468	22.273327	0	18	66	乡镇
450703107203	平况村委会	108.606535	22.397262	0	18	40	乡镇
450722106205	双龙村委会	109.276463	22.117650	1	80	100	政府机构
450703104213	六虾村委会	108.719306	22.346387	0	16	33	乡镇
450722105215	甘子根村委会	109.332910	22.019179	0	25	70	乡镇
450702100214	油埠村委会	108.688485	21.929599	0	16	65	乡镇
450722115215	群生村委会	109.668235	22.435204	0	16	65	乡镇
450721109203	长福村委会	109.130670	22.296899	0	16	65	乡镇
450703104205	朝阳村委会	108.724781	22.327927	0	30	72	村庄
450702110202	担坳村委会	109.118889	21.967749	1	80	100	政府机构
450722110001	东风社区居委会	109.544063	22.427940	0	16	65	乡镇
450722115203	月光村委会	109.703650	22.369200	0	30	72	村庄
450722109220	塘田村委会	109.402780	22.139580	0	30	72	村庄
450702100202	下南山村委会	108.688485	21.929599	0	16	65	乡镇
450722105203	六鸣村委会	109.332910	22.019179	0	25	70	乡镇
450721103209	新庄村委会	109.450410	22.526279	0	30	72	村庄
450703103201	那兰村委会	108.603106	22.226510	0	18	66	乡镇
450721113209	谭有村委会	108.805112	22.444799	0	16	38	乡镇
450722112207	莫村村委会	109.565206	22.619455	0	18	66	乡镇
450702107206	水铺村委会	108.756686	22.041781	0	16	38	乡镇
450722102207	旺盛江村委会	109.566167	21.930362	0	20	36	乡镇
450703100211	横岭村委会	108.668540	22.085670	0	30	72	村庄
450721112224	兵马村委会	108.952146	22.395461	0	16	38	乡镇
450722111217	三江村委会	109.649396	22.581462	0	16	65	乡镇
450721002003	双鹤社区居委会	109.289162	22.413183	1	80	100	政府机构
450722104202	新桥村委会	109.422040	22.012250	0	30	72	村庄
450721002214	黄膳村委会	109.291000	22.416400	0	14	29	区县
450702101203	西围村委会	108.553853	21.948819	1	80	100	政府机构
450702104001	茅坡社区居委会	108.647670	21.842421	0	25	55	乡镇
450722114202	新丰村委会	109.808060	22.405369	0	30	72	村庄
450702111203	米子村委会	109.031178	21.936069	0	16	38	乡镇
450703105204	湴山村委会	108.522577	22.189840	0	30	58	村庄
450721001204	白水村委会	109.319940	22.438490	0	30	72	村庄
450722107212	中屯村委会	109.569957	22.322442	1	80	100	政府机构
450702102213	塘营村委会	108.501382	21.985361	0	16	65	乡镇
450702112213	西坑村委会	108.758110	21.702630	0	30	72	村庄
450721108202	四联村委会	109.205290	22.340140	0	25	70	乡镇
450703106214	那谷村委会	108.608538	22.312659	0	18	66	乡镇
450722110216	凤山村委会	109.560940	22.422900	0	30	72	村庄
450721113225	公家村委会	108.805112	22.444799	0	16	38	乡镇
450721111218	连塘村委会	108.950960	22.277451	0	25	55	乡镇
450703101210	白鹤垌村委会	108.889525	22.325092	1	80	100	政府机构
450721101218	渌二村委会	109.338783	22.350024	0	18	40	乡镇
450722103206	马坪村委会	109.540532	22.026092	0	18	66	乡镇
450722113206	六秀村委会	109.593426	22.315721	1	80	100	政府机构
450721112208	民主村委会	108.945980	22.383241	0	30	72	村庄
450721102208	修竹村委会	109.348042	22.571946	0	18	66	乡镇
450702105201	东村村委会	108.530277	21.739731	0	25	55	乡镇
450703101206	新胜村委会	108.877981	22.233056	1	80	100	政府机构
450722113210	旺塘村委会	109.751813	22.500670	1	80	97	政府机构
450722104214	马屋村委会	109.431601	22.039377	0	16	65	乡镇
450703105212	岳马村委会	108.554766	22.176141	0	18	40	乡镇
450702112205	联民村委会	108.776520	21.630440	0	30	72	村庄
450702102205	加其村委会	108.501382	21.985361	0	16	38	乡镇
450722107204	那良村委会	109.359994	22.223764	0	18	66	乡镇
450703106202	新勤村委会	108.608538	22.312659	0	18	40	乡镇
450721108214	桥梓村委会	109.205290	22.340140	0	25	70	乡镇
450721105001	佛子社区居委会	109.417457	22.427236	0	18	49	乡镇
450721115001	武利社区居委会	109.235290	22.160160	0	40	77	UNKNOWN
450721110203	关塘村委会	109.247020	22.434160	1	80	100	政府机构
450721103213	插花村委会	109.426094	22.525367	0	18	66	乡镇
450721113213	千里村委会	108.805112	22.444799	0	16	65	乡镇
450702109202	充包村委会	108.899720	21.869350	0	25	47	乡镇
450703001001	城北社区	108.639510	22.000011	1	80	97	政府机构
450722110220	大双村委会	109.550380	22.467070	0	30	72	村庄
450722109001	龙城社区居委会	109.467350	22.181460	0	25	70	乡镇
450702002002	五里桥社区居委会	108.640572	21.949554	1	80	97	政府机构
450721104217	吉安村委会	109.508570	22.581959	0	25	70	乡镇
450703109211	五宁村委会	108.450155	22.149837	0	16	38	乡镇
450721107207	莲塘村委会	109.058110	22.469440	0	30	72	村庄
450721109219	清水降村委会	109.130670	22.296899	0	16	38	乡镇
450721117207	彭屋村委会	109.109800	22.107530	0	25	70	乡镇
450721002222	流屋埠村委会	109.291000	22.416400	0	14	29	区县
450722106209	红岭村委会	109.302892	22.118607	0	18	66	乡镇
450721108222	三合水村委会	109.246036	22.121198	1	80	100	政府机构
450721114201	沙坪村委会	108.960220	22.518560	0	30	72	村庄
450703104209	板城村委会	108.719306	22.346387	0	16	65	乡镇
450721104201	石塘村委会	109.511030	22.583739	0	30	72	村庄
450721109599	东风华侨林场	109.130670	22.296899	0	16	38	乡镇
450721117211	六槛村委会	109.097265	22.122159	1	80	100	政府机构
450721107211	西冲村委会	109.077130	22.445328	0	18	66	乡镇
450722001207	苏村村委会	109.583712	22.325683	1	80	100	政府机构
450703109207	广琅村委会	108.450155	22.149837	0	16	38	乡镇
450702001004	城中南社区居委会	108.632241	21.964109	1	80	100	政府机构
450722104222	十字村委会	109.431601	22.039377	0	16	65	乡镇
450721110215	金东村委会	109.052600	22.251780	0	30	72	村庄
450721112228	新湾村委会	108.882700	22.350281	0	30	72	村庄
450702401001	滨海社区居委会	108.601771	21.734786	1	80	100	政府机构
450721113205	九冬村委会	108.805112	22.444799	0	16	65	乡镇
450721103205	山村村委会	109.426094	22.525367	0	18	66	乡镇
450703108206	那光村委会	108.316021	22.019515	0	16	65	乡镇
450721106210	金银村委会	109.201273	22.485519	0	18	40	乡镇
450721116210	谷埠村委会	109.263050	22.018810	0	25	70	乡镇
450721002218	苏屋村委会	109.234991	22.338104	1	80	100	政府机构
450703105208	陂角村委会	108.554766	22.176141	0	18	66	乡镇
450721109223	灵一村委会	109.130670	22.296899	0	16	38	乡镇
450721102204	平岭村委会	109.291000	22.416400	0	14	29	区县
450721112204	长基村委会	108.952146	22.395461	0	16	65	乡镇
450721101214	急水村委会	109.338783	22.350024	0	18	66	乡镇
450721111214	教坪村委会	108.950960	22.277451	0	25	47	乡镇
450721113229	屯仁村委会	108.805112	22.444799	0	16	38	乡镇
450722111221	柘木村委会	109.649396	22.581462	0	16	65	乡镇
450702108203	高塘村委会	108.763210	21.859021	0	30	72	村庄
450721112212	张高村委会	108.952146	22.395461	0	16	65	乡镇
450721102212	友僚村委会	109.348042	22.571946	0	18	40	乡镇
450722001006	建群社区居民委员会	109.540369	22.232235	0	16	38	乡镇
450702400503	均田管区生活区	108.892690	21.929690	0	25	47	UNKNOWN
450721111202	罗屋坪村委会	108.950960	22.277451	0	25	47	乡镇
450721101202	邓家村委会	109.338783	22.350024	0	18	66	乡镇
450722107208	博学村委会	109.359994	22.223764	0	18	66	乡镇
450702102209	屯南村委会	108.501382	21.985361	0	16	38	乡镇
450722109216	林塘村委会	109.467350	22.181460	0	25	70	乡镇
450702112209	西寮村委会	108.830150	21.653200	0	30	72	村庄
450721116206	马达村委会	109.263050	22.018810	0	25	47	乡镇
450721108218	大垌田村委会	109.205290	22.340140	0	25	70	乡镇
450721106206	桃禾村委会	109.201273	22.485519	0	18	40	乡镇
450703108210	彭久村委会	108.316021	22.019515	0	16	38	乡镇
450722104218	合山村委会	109.431601	22.039377	0	16	65	乡镇
450721115216	桥山村委会	109.216123	22.226638	1	80	100	政府机构
450721105216	龙渊村委会	109.417457	22.427236	0	18	66	乡镇
450702003003	中山社区居委会	108.615290	21.953929	1	80	97	政府机构
450702102202	屯安村委会	108.501382	21.985361	0	16	38	乡镇
450722102001	南流社区居委会	109.557000	22.271500	0	14	37	区县
450722107203	社根村委会	109.359994	22.223764	0	18	66	乡镇
450722112001	乐城社区居委会	109.565206	22.619455	0	18	66	乡镇
450703106205	胜利村委会	108.600410	22.288980	0	30	72	村庄
450721108213	牛路村委会	109.205290	22.340140	0	25	70	乡镇
450702101212	新南村委会	108.472410	21.897550	0	30	72	村庄
450722104213	江平村委会	109.683791	22.494631	1	80	100	政府机构
450721117220	山塘村委会	109.081934	22.068613	1	80	100	政府机构
450721107220	石堆村委会	109.077130	22.445328	0	18	66	乡镇
450722113217	民生村委会	109.742140	22.433270	0	30	72	村庄
450703102211	决竹村委会	108.800468	22.273327	0	18	40	乡镇
450721112219	上耕村委会	108.952146	22.395461	0	16	38	乡镇
450722110207	龙眼村委会	109.510470	22.409620	0	30	72	村庄
450703101201	平吉村委会	108.800711	22.165134	0	16	65	乡镇
450721111209	马安村委会	108.950960	22.277451	0	25	70	乡镇
450721101209	官屯村委会	109.338783	22.350024	0	18	66	乡镇
450722103201	平山村委会	109.530480	21.957030	0	30	72	村庄
450703102207	青华村委会	108.800468	22.273327	0	18	66	乡镇
450722110211	下垌村委会	109.509823	22.127072	1	80	100	政府机构
450721113222	西华村委会	108.732270	22.423549	0	30	72	村庄
450703101217	彭良村委会	108.800711	22.165134	0	16	38	乡镇
450702112214	大灶村委会	108.767812	21.719129	0	16	65	乡镇
450721001203	前进村委会	109.327790	22.411409	0	30	72	村庄
450702102214	屯显村委会	108.501382	21.985361	0	16	38	乡镇
450721108205	东岸村委会	109.205290	22.340140	0	25	70	乡镇
450703106213	上汶村委会	108.608538	22.312659	0	18	66	乡镇
450722114205	茂平村委会	109.360197	22.318874	1	80	100	政府机构
450702111204	那京村委会	109.031178	21.936069	0	16	38	乡镇
450721002213	那银村委会	109.291000	22.416400	0	14	32	区县
450722104205	江背村委会	109.431601	22.039377	0	16	65	乡镇
450702101204	新平村委会	108.550180	21.929870	0	30	72	村庄
450703110001	贵台社区居委会	108.285882	22.157035	0	16	65	乡镇
450721109228	大山村委会	109.108950	22.203120	0	30	72	村庄
450703105203	六马村委会	108.554766	22.176141	0	18	66	乡镇
450703100001	大垌社区居委会	108.644102	22.002749	0	30	58	乡镇
450721112223	沉木村委会	108.952146	22.395461	0	16	38	乡镇
450722111210	平村村委会	109.649396	22.581462	0	16	65	乡镇
450703103206	那学村委会	108.307109	21.997430	1	80	100	政府机构
450702107201	久隆村委会	108.756686	22.041781	0	16	38	乡镇
450722107002	北山社区居民委员会	109.359994	22.223764	0	18	40	乡镇
450703104202	厚孟村委会	108.752386	22.301883	1	80	97	政府机构
450703108221	屯宽村委会	108.265871	22.021279	1	80	100	政府机构
450702100205	油路村委会	108.688485	21.929599	0	16	38	乡镇
450722105204	六平村委会	109.332910	22.019179	0	25	47	乡镇
450702110205	六湖村委会	108.929804	22.021404	0	16	65	乡镇
450722115204	垌口村委会	109.668235	22.435204	0	16	65	乡镇
450722109227	日新村委会	109.467350	22.181460	0	25	70	乡镇
450721109204	新田村委会	109.166840	22.361890	0	30	72	村庄
450703104214	宁家村委会	108.654450	22.277320	0	30	72	村庄
450722115212	文丰村委会	109.668235	22.435204	0	16	65	乡镇
450702110213	屋背村委会	108.929804	22.021404	0	16	65	乡镇
450722105212	较车村委会	109.332910	22.019179	0	25	47	乡镇
450702100213	平艮村委会	108.688485	21.929599	0	16	38	乡镇
450721109212	水冲村委会	109.130670	22.296899	0	16	65	乡镇
450703107204	那黎村委会	108.606535	22.397262	0	18	66	乡镇
450722106202	五黄村委会	109.299830	22.155261	0	30	58	UNKNOWN
450721110208	大马村委会	109.012420	22.318340	0	30	72	村庄
450722111206	秋香村委会	109.649396	22.581462	0	16	38	乡镇
450722101206	坭江村委会	109.500249	21.935396	1	80	100	政府机构
450702104207	六村村委会	108.647670	21.842421	0	25	70	乡镇
450721101225	新院村委会	109.338783	22.350024	0	18	66	乡镇
450721111225	广隆村委会	109.012964	22.158667	1	80	100	政府机构
450721113218	池塘村委会	108.809240	22.502150	0	30	72	村庄
450703103210	逍遥村委会	108.603106	22.226510	0	18	66	乡镇
450702109209	土地田村委会	108.929366	21.804329	1	80	100	政府机构
450721001002	中山社区居委会	109.304250	22.423631	1	80	100	政府机构
450702107217	荷木村委会	108.756686	22.041781	0	16	65	乡镇
450721105211	新村村委会	109.355472	22.479026	1	80	100	政府机构
450702003004	三宣堂社区居委会	108.615290	21.953929	1	80	95	政府机构
450721115211	鱼良村委会	109.241826	22.178540	1	80	100	政府机构
450722109211	六林村委会	109.467350	22.181460	0	25	70	乡镇
450721106201	新魁村委会	109.201273	22.485519	0	18	66	乡镇
450703108217	天岩村委会	108.316021	22.019515	0	16	38	乡镇
450721116201	文利村委会	109.263050	22.018810	0	25	47	乡镇
450703106209	马朝村委会	108.608538	22.312659	0	18	66	乡镇
450702400504	凤凰管区生活区	108.892690	21.929690	0	25	47	UNKNOWN
450721101205	稔坡村委会	109.338783	22.350024	0	18	66	乡镇
450721111205	杨屋村委会	108.950960	22.277451	0	25	70	乡镇
450702108204	东场村委会	108.779470	21.830760	0	30	72	UNKNOWN
450722001001	环城社区居委会	109.540369	22.232235	0	16	47	乡镇
450721102215	桥笪村委会	109.348042	22.571946	0	18	40	乡镇
450703109001	大寺社区居委会	108.450155	22.149837	0	16	65	乡镇
450721112215	青松村委会	108.917710	22.405410	0	30	72	村庄
450703003001	永福社区	108.619080	21.970760	1	80	97	政府机构
450721111213	坝基村委会	108.950960	22.277451	0	25	47	乡镇
450722002007	青春社区居民委员会	109.557000	22.271500	0	14	27	区县
450721101213	秦屋山村委会	109.338783	22.350024	0	18	35	乡镇
450721112203	双金村委会	108.980774	22.428194	1	80	100	政府机构
450721117001	伯劳社区居委会	109.109800	22.107530	0	25	70	乡镇
450721107001	烟墩社区居委会	109.077130	22.445328	0	18	49	乡镇
450721102203	丰塘村委会	109.348042	22.571946	0	18	66	乡镇
450702101208	横山村委会	108.519110	21.888271	0	30	72	村庄
450722104209	大坡村委会	109.518030	22.125969	0	30	72	村庄
450702111208	茶蓝垌村委会	109.055300	21.904730	0	30	58	UNKNOWN
450722114209	官屋村委会	109.803509	22.363020	0	18	66	乡镇
450721115207	教塘村委会	109.210686	22.203001	0	18	66	乡镇
450721109224	那垌村委会	109.130670	22.296899	0	16	65	乡镇
450721105207	清湖村委会	109.350540	22.436500	0	30	72	村庄
450722109207	新田村委会	109.398274	22.162117	1	80	100	政府机构
450721108209	村心村委会	109.205290	22.340140	0	25	70	乡镇
450702402201	三娘湾村委会	108.750500	21.611148	0	30	58	旅游景点
450703108201	那天村委会	108.316021	22.019515	0	16	65	乡镇
450721106217	石基村委会	109.201273	22.485519	0	18	66	乡镇
450721103202	大路排村委会	109.426094	22.525367	0	18	66	乡镇
450721113202	枫木村委会	108.805112	22.444799	0	16	65	乡镇
450702401006	金鼓社区居委会	108.591110	21.728460	0	50	73	UNKNOWN
450721110212	石梯村委会	109.041018	22.302208	0	18	66	乡镇
450721107216	六凤村委会	109.077130	22.445328	0	18	66	乡镇
450702001003	新兴社区居委会	108.634860	21.961480	1	80	97	政府机构
450721117216	木棉村委会	109.109800	22.107530	0	25	70	乡镇
450721109208	思法村委会	109.130670	22.296899	0	16	38	乡镇
450722108206	赵坪村委会	109.430454	22.327964	0	18	66	乡镇
450721104206	大化村委会	109.508570	22.581959	0	25	70	乡镇
450722002210	公家村委会	109.523640	22.159810	0	30	58	UNKNOWN
450721114206	思榜村委会	108.962593	22.479099	0	18	40	乡镇
450722115208	旺充村委会	109.668235	22.435204	0	16	38	乡镇
450702110209	凤凰岗村委会	108.929804	22.021404	0	16	65	乡镇
450722105208	六村村委会	109.371383	22.147449	1	80	100	政府机构
450703107208	南忠村委会	108.606535	22.397262	0	18	35	乡镇
450703109216	那河村委会	108.773265	22.026475	1	80	100	政府机构
450703104218	那芳村委会	108.681640	22.417850	0	30	58	UNKNOWN
450721114210	桂塘村委会	109.014726	22.479155	1	80	100	政府机构
450702002005	大沙垌社区居委会	108.640572	21.949554	1	80	95	政府机构
450722002206	中心村委会	109.509240	22.229239	0	30	72	村庄
450721104210	红星村委会	109.486860	22.643850	0	30	72	村庄
450721113214	华楠村委会	108.805112	22.444799	0	16	38	乡镇
450721111229	广笪村委会	108.950960	22.277451	0	25	47	乡镇
450702005001	尖山社区居委会	108.658000	21.940300	0	14	46	区县
450721103214	龙垌村委会	109.426094	22.525367	0	18	66	乡镇
450721101229	平王村委会	109.359490	22.318730	0	30	72	村庄
450702109205	嫦娥垌村委会	108.882610	21.861561	0	30	58	UNKNOWN
450721110204	罩云村委会	109.041018	22.302208	0	18	40	乡镇
450721110205	鲁塘村委会	109.041018	22.302208	0	18	66	乡镇
450721111228	松木山村委会	109.114426	22.050517	1	80	100	政府机构
450721113215	那案村委会	108.805112	22.444799	0	16	38	乡镇
450703108001	大直社区居委会	108.316021	22.019515	0	16	65	乡镇
450721101228	晏村村委会	109.338783	22.350024	0	18	66	乡镇
450721103215	里村村委会	109.401708	22.551087	1	80	100	政府机构
450702109204	芦荻竹村委会	108.899720	21.869350	0	25	70	乡镇
450703104219	高龙村委会	108.719306	22.346387	0	16	65	乡镇
450721114211	旺屋村委会	108.962593	22.479099	0	18	66	乡镇
450722002207	林村村委会	109.557000	22.271500	0	14	32	区县
450721104211	上流村委会	109.508570	22.581959	0	25	70	乡镇
450721117201	伯劳村委会	109.109800	22.107530	0	25	47	乡镇
450703109217	三益村委会	108.450155	22.149837	0	16	65	乡镇
450721107201	烟墩村委会	109.084420	22.478460	0	30	72	村庄
450721002224	石龙村委会	109.221210	22.392539	0	30	72	村庄
450721104207	镇安村委会	109.508570	22.581959	0	25	70	乡镇
450722002211	长田村委会	109.458909	22.386318	1	80	100	政府机构
450721114207	金科村委会	108.962593	22.479099	0	18	66	乡镇
450722115209	垌表村委会	109.448187	22.335725	1	80	100	政府机构
450702110208	那勉村委会	108.929804	22.021404	0	16	38	乡镇
450722105209	到耽村委会	109.332910	22.019179	0	25	47	乡镇
450722001201	街口村委会	109.540369	22.232235	0	16	47	乡镇
450721107217	妙庄村委会	109.077130	22.445328	0	18	66	乡镇
450703109201	屯强村委会	108.450155	22.149837	0	16	38	乡镇
450721117217	平心村委会	109.109800	22.107530	0	25	70	乡镇
450721109209	充头村委会	109.130670	22.296899	0	16	38	乡镇
450722108207	长安村委会	109.425120	22.287931	0	30	72	村庄
450702401007	鹿耳环社区居委会	108.591110	21.728460	0	50	65	UNKNOWN
450721110213	横岗村委会	109.005810	22.267260	0	30	72	村庄
450703002001	小江社区	108.650790	21.971505	1	75	100	地产小区
450721106001	平南社区居委会	109.201273	22.485519	0	18	66	乡镇
450721103203	汉垌村委会	109.426094	22.525367	0	18	40	乡镇
450721113203	镇南村委会	108.766910	22.365031	0	30	72	村庄
450721116001	文利社区居委会	109.263050	22.018810	0	25	55	乡镇
450702112219	沙角村委会	108.767812	21.719129	0	16	65	乡镇
450722109206	江埠村委会	109.458830	22.107030	0	30	72	村庄
450721108208	塘坡村委会	109.193362	22.330285	1	80	100	政府机构
450721106216	北峡村委会	109.201273	22.485519	0	18	66	乡镇
450702101209	长坡村委会	108.494100	21.885640	0	30	72	村庄
450722104208	六罗村委会	109.431601	22.039377	0	16	65	乡镇
450702111209	牛寮水村委会	109.031178	21.936069	0	16	38	乡镇
450722114208	新塘村委会	109.793350	22.340470	0	30	72	村庄
450721115206	安金村委会	109.210686	22.203001	0	18	40	乡镇
450721109225	六安村委会	109.130670	22.296899	0	16	65	乡镇
450721105206	元眼村委会	109.417457	22.427236	0	18	40	乡镇
450721112202	狮岭村委会	108.952146	22.395461	0	16	65	乡镇
450721102202	沙塘村委会	109.303410	22.542731	0	30	72	村庄
450721111212	申安村委会	108.950960	22.277451	0	25	47	乡镇
450721101212	白坭岭村委会	109.263544	22.363181	1	80	100	政府机构
450722002006	平六社区居民委员会	109.557000	22.271500	0	14	27	区县
450702108205	英窝村委会	108.781520	21.830530	0	25	47	乡镇
450721102214	川心村委会	109.348042	22.571946	0	18	66	乡镇
450702004001	城西社区居委会	108.612115	21.959797	1	90	97	政府机构
450721112214	西屯村委会	108.952146	22.395461	0	16	65	乡镇
450721101204	梯始村委会	109.338783	22.350024	0	18	40	乡镇
450721111204	南湖村委会	108.915660	22.331489	0	30	72	村庄
450722109210	甘宁村委会	109.467350	22.181460	0	25	47	乡镇
450703108216	那桃村委会	108.316021	22.019515	0	16	65	乡镇
450703106208	荣庆村委会	108.608538	22.312659	0	18	40	乡镇
450721002208	三勤村委会	109.291000	22.416400	0	14	32	区县
450721105210	睦象村委会	109.417457	22.427236	0	18	40	乡镇
450702003005	文昌社区居委会	108.615290	21.953929	1	80	97	政府机构
450721115210	后背村委会	109.210686	22.203001	0	18	66	乡镇
450721101224	六峰村委会	109.338783	22.350024	0	18	66	乡镇
450721113219	那璞村委会	108.783510	22.514940	0	30	58	UNKNOWN
450721111224	广江村委会	108.950960	22.277451	0	25	70	乡镇
450703103211	板董村委会	108.603106	22.226510	0	18	40	乡镇
450702109208	那雾塘村委会	108.899720	21.869350	0	25	43	乡镇
450702107216	细岭头村委会	108.846390	22.059780	0	30	72	村庄
450703110201	那逻村委会	108.285882	22.157035	0	16	65	乡镇
450721110209	三隆村委会	109.041018	22.302208	0	18	40	乡镇
450703100201	大垌村委会	108.636754	22.106171	1	80	100	政府机构
450722111207	兰门村委会	109.649396	22.581462	0	16	65	乡镇
450722101207	湴山村委会	109.457789	21.931264	0	18	40	乡镇
450702104206	大窝口村委会	108.647670	21.842421	0	25	70	乡镇
450721109213	路司村委会	109.130670	22.296899	0	16	38	乡镇
450703107205	屯楼村委会	108.606535	22.397262	0	18	40	乡镇
450722113001	六硍社区居民委员会	109.786209	22.493934	0	16	33	乡镇
450722103001	安石社区居民委员会	109.540532	22.026092	0	18	40	乡镇
450722106203	南明村委会	109.302892	22.118607	0	18	66	乡镇
450703104215	飞跃村委会	108.719306	22.346387	0	16	65	乡镇
450722109230	高坡村委会	109.373431	22.289497	1	80	100	政府机构
450722115213	大岸村委会	109.668235	22.435204	0	16	65	乡镇
450702110212	英学村委会	108.973460	22.034759	0	30	58	UNKNOWN
450722105213	联成村委会	109.332910	22.019179	0	25	47	乡镇
450702100212	望埠村委会	108.688485	21.929599	0	16	38	乡镇
450721109205	陈垌村委会	109.130670	22.296899	0	16	65	乡镇
450703104203	中心村委会	108.746610	22.287769	0	30	72	村庄
450703101001	平吉社区居委会	108.800711	22.165134	0	16	47	乡镇
450703108220	那么村委会	108.316021	22.019515	0	16	65	乡镇
450702100204	沙寮村委会	108.688485	21.929599	0	16	65	乡镇
450722105205	板铺村委会	109.351153	22.048089	1	80	100	政府机构
450702110204	白沙村委会	108.929804	22.021404	0	16	65	乡镇
450722115205	文明村委会	109.701920	22.410349	0	30	72	村庄
450703103207	榃头村委会	108.641010	22.196480	0	30	58	UNKNOWN
450722102201	石埇村委会	109.566167	21.930362	0	20	41	乡镇
450702112002	丹寮社区居委会	108.767812	21.719129	0	16	65	乡镇
450722112201	乐民村委会	109.565206	22.619455	0	18	40	乡镇
450721103599	平山林场	109.451820	22.520859	1	80	100	UNKNOWN
450721112222	上井村委会	108.850830	22.369270	0	30	72	村庄
450702104210	辣椒槌村委会	108.572820	21.790600	0	30	58	UNKNOWN
450721002005	三多社区居委会	109.291000	22.416400	0	14	29	区县
450722111211	甘村村委会	109.690696	22.581087	1	80	100	政府机构
450722114204	富足村委会	109.803509	22.363020	0	18	40	乡镇
450702111205	那思村委会	109.031178	21.936069	0	16	65	乡镇
450721002212	新垌村委会	109.465443	22.233287	1	80	100	政府机构
450722104204	元坝村委会	109.431601	22.039377	0	16	65	乡镇
450702101205	诗家村委会	108.525670	21.916290	0	30	58	UNKNOWN
450721109229	坭桥村委会	109.130670	22.296899	0	16	65	乡镇
450703105202	平福村委会	108.554766	22.176141	0	18	40	乡镇
450702112215	平山村委会	108.716451	21.682909	1	80	100	政府机构
450722107214	清湖村委会	109.305860	22.195661	0	30	72	村庄
450721001202	梓崇村委会	109.311527	22.421997	1	80	100	政府机构
450702102215	西显村委会	108.501382	21.985361	0	16	65	乡镇
450721108204	沙井村委会	109.204560	22.314170	0	30	72	村庄
450703106212	连丰村委会	108.632070	22.322870	0	30	72	村庄
450722110210	六合村委会	109.544063	22.427940	0	16	65	乡镇
450721113223	六谭村委会	108.805112	22.444799	0	16	65	乡镇
450703101216	湴塘村委会	108.800711	22.165134	0	16	38	乡镇
450703102206	榃山村委会	108.800468	22.273327	0	18	40	乡镇
450722110206	长塘村委会	109.501320	22.401390	0	30	72	村庄
450703104002	那香社区居委会	108.709022	22.395707	1	80	95	地产小区
450721111208	新坪村委会	108.867640	22.301120	0	30	72	村庄
450721101208	洲塘村委会	109.291310	22.384770	1	80	100	政府机构
450722113216	石合村委会	109.786209	22.493934	0	16	65	乡镇
450703102210	大岐村委会	108.800468	22.273327	0	18	66	乡镇
450721112218	下浪村委会	108.952146	22.395461	0	16	65	乡镇
450721102218	董永村委会	109.348042	22.571946	0	18	66	乡镇
450722104212	鸡冠村委会	109.459830	22.072099	0	30	72	村庄
450721117221	红坎村委会	109.329738	22.099871	1	80	100	政府机构
450702107001	久隆社区居委会	108.756686	22.041781	0	16	47	乡镇
450702102203	屯胜村委会	108.511590	22.018420	0	30	58	UNKNOWN
450722107202	楠垌村委会	109.420990	22.249170	0	30	58	村庄
450702112203	犀牛脚村委会	108.767812	21.719129	0	16	38	乡镇
450703106204	那袅村委会	108.608538	22.312659	0	18	40	乡镇
450721108212	见田村委会	109.205290	22.340140	0	25	70	乡镇
