450922108201	沙井村委会	110.241450	22.161174	1	80	100	政府机构
450981114206	秀塘村委会	110.591024	22.427891	0	18	66	乡镇
450921107211	新光村委会	110.504410	22.968351	0	30	72	村庄
450981104206	南庆村委会	110.341226	22.820934	0	18	66	乡镇
450902001004	西就社区居委会	110.167717	22.631319	1	80	95	政府机构
450924105217	民强村委会	109.871310	22.895720	0	30	72	村庄
450903109207	塘基村村委会	110.012871	22.530253	1	80	100	政府机构
450902004206	排榜村委会	110.148253	22.646829	1	80	95	政府机构
450923121201	英桥村委会	110.035029	21.924793	0	18	66	乡镇
450923131201	浪平村委会	109.900545	22.327659	0	18	40	乡镇
450921114201	西山村委会	110.448930	22.794661	0	30	72	村庄
450981109208	积丽村委会	110.376490	22.557434	0	18	40	乡镇
450981119208	大坡村委会	110.516890	22.217260	0	30	72	村庄
450981107216	六厚村委会	110.177241	22.774579	0	18	40	乡镇
450923111208	新民村委会	109.951930	22.164420	0	30	72	村庄
450921104201	六王村委会	110.732749	22.798755	1	80	100	政府机构
450924106207	石崎村委会	109.965216	22.920103	0	18	40	乡镇
450923126205	草塘村委会	109.736440	21.849850	0	30	72	村庄
450981110212	隆湾村委会	110.503675	22.514263	0	16	38	乡镇
450921113205	十里村委会	110.645218	22.880032	0	18	66	乡镇
450923118212	斗垌村委会	109.991865	22.047876	0	18	40	乡镇
450924111203	平浪村委会	110.014520	22.821110	0	30	72	村庄
450921103205	六良村委会	110.598525	22.635717	0	18	66	乡镇
450981100212	勾漏村委会	110.387421	22.696541	0	18	40	乡镇
450902005010	金桂丽湾社区居民委员会	110.171693	22.652777	1	80	94	政府机构
450924101203	上阳村委会	110.023740	22.680581	0	30	72	村庄
450924104001	升平社区居委会	109.856402	22.820264	0	18	66	乡镇
450981113202	观南村委会	110.537581	22.459031	0	18	49	乡镇
450981103202	李村村委会	110.393173	22.804493	1	80	100	政府机构
450921100215	杨叶村委会	110.509267	22.871456	0	16	65	乡镇
450902003202	莲塘村委会	110.132300	22.634310	1	80	97	政府机构
450924102213	西村村委会	109.846085	22.671612	1	80	100	政府机构
450922109001	良田街社区居委会	110.227220	22.042660	0	25	55	乡镇
450902005006	和睦社区居委会	110.171693	22.652777	1	80	97	政府机构
450924101215	山腰村委会	109.968684	22.666515	0	18	66	乡镇
450981100204	九代村委会	110.387421	22.696541	0	18	40	乡镇
450921103213	六肥村委会	110.598525	22.635717	0	18	66	乡镇
450923108204	长江村委会	109.635870	22.182560	0	30	72	村庄
450923118204	桥湖村委会	109.980235	22.024930	1	80	100	政府机构
450981110204	深龙村委会	110.503675	22.514263	0	16	65	乡镇
450923130001	径口街社区居委会	110.116800	22.287379	0	18	49	乡镇
450923125203	汉和村委会	109.832446	21.827668	0	18	40	乡镇
450923120001	文地街社区居委会	110.150762	21.950684	0	18	49	乡镇
450924102205	葵联村委会	109.803546	22.688144	0	18	40	乡镇
450921105001	黎村街居委会	110.732300	22.584560	0	30	72	村庄
450924112205	旺龙村委会	110.019680	22.849431	0	18	66	乡镇
450923100008	锦绣社区居委会	109.998396	22.291946	0	18	66	乡镇
450921110203	顶良村委会	110.467116	23.045658	0	18	40	乡镇
450902113208	道良村委会	110.042104	22.650073	0	20	41	乡镇
450922108217	月垌村委会	110.328968	22.195800	0	16	65	乡镇
450922106209	中心村委会	110.303200	22.346200	0	30	72	村庄
450902004210	西岸村委会	110.148253	22.646829	1	80	95	政府机构
450924100003	富阳社区居委会	109.875710	22.741849	0	25	70	乡镇
450903109211	太平村村委会	110.012270	22.522670	0	25	70	乡镇
450902001012	胜利垌社区居委会	110.167717	22.631319	1	80	95	政府机构
450924105201	沙塘村委会	109.867810	22.920710	0	30	72	村庄
450981104210	莲塘村委会	110.348470	22.791580	0	30	72	村庄
450921107207	靖北村委会	110.564487	23.029066	0	16	47	乡镇
450924106211	龙旗村委会	109.965216	22.920103	0	18	40	乡镇
450902002002	玉铁社区居委会	110.156060	22.618860	1	80	97	政府机构
450921104217	六青村委会	110.706720	22.698320	0	30	58	UNKNOWN
450981112215	新平村委会	110.491530	22.423480	0	30	72	村庄
450921111202	大良村委会	110.379380	22.984271	0	30	72	村庄
450924103204	莫村村委会	110.073075	22.631951	1	80	100	政府机构
450923124202	南塘村委会	109.919420	21.802440	0	30	72	村庄
450921112212	独石村委会	110.566980	22.767481	0	18	66	乡镇
450923119205	德心村委会	110.115650	22.037205	0	18	66	乡镇
450981111205	南盛村委会	110.506448	22.593626	0	18	66	乡镇
450981101205	扶中村委会	110.465984	22.677576	0	18	40	乡镇
450921102212	妙阳村委会	110.627875	22.713419	0	16	38	乡镇
450923109205	良茂村委会	110.031781	22.178649	0	18	40	乡镇
450924100214	新村村委会	109.772347	22.712671	1	80	100	政府机构
450923127212	那薄村委会	109.754369	21.732213	0	18	40	地产小区
450981116201	黄金村委会	110.678060	22.335231	0	30	72	村庄
450903107223	船埠村村委会	110.063649	22.561295	1	80	100	政府机构
450921105216	和睦村委会	110.686960	22.525680	0	30	72	村庄
450921100014	登高社区居民委员会	110.509267	22.871456	0	16	38	乡镇
450981106201	新圩村委会	110.261390	22.767177	0	25	55	乡镇
450924107210	兴福村委会	110.053084	22.912149	0	18	66	乡镇
450902003003	新团社区居委会	110.132300	22.634310	1	80	95	政府机构
450923120216	番壁村委会	110.150762	21.950684	0	18	40	乡镇
450981115211	石榴村委会	110.545224	22.342383	1	80	100	政府机构
450981105211	木棉村委会	110.292534	22.801857	0	18	66	乡镇
450921106206	当发村委会	110.834020	22.633930	1	80	95	UNKNOWN
450924101002	大苏社区居委会	109.968684	22.666515	0	18	49	乡镇
450903108210	古城村村委会	109.979141	22.603195	1	80	100	政府机构
450922107208	平山村委会	110.240320	22.216669	0	30	72	村庄
450924107206	洋塘村委会	110.010987	22.924400	1	80	100	政府机构
450924109218	欧岭村委会	109.911527	22.978998	0	18	66	乡镇
450923100209	新仲村委会	109.998396	22.291946	0	18	40	乡镇
450981108209	贡塘村委会	110.301853	22.598459	0	18	40	乡镇
450903108206	万福村村委会	110.032217	22.573771	1	80	100	政府机构
450921106210	大军村委会	110.791340	22.599880	0	25	70	乡镇
450981105207	横埌村委会	110.292534	22.801857	0	18	40	乡镇
450981115207	六合村委会	110.536733	22.356076	0	18	66	乡镇
450902002203	广恩村委会	110.156060	22.618860	1	80	97	政府机构
450924103212	龙谭村委会	109.730155	22.625365	0	18	66	乡镇
450981102203	松石村委会	110.439259	22.743509	0	18	40	乡镇
450981117001	大伦圩社区居委会	110.717810	22.303660	0	50	82	UNKNOWN
450921111214	大扭村委会	110.343495	22.961091	0	18	40	乡镇
450981112203	里凤村委会	110.354000	22.708199	0	14	29	区县
450924100202	环江村委会	109.875329	22.744311	1	80	100	政府机构
450921102204	六美村委会	110.627875	22.713419	0	16	65	乡镇
450924110202	四塘村委会	110.109282	22.837296	0	18	66	乡镇
450921112204	大荣村委会	110.566980	22.767481	0	18	66	乡镇
450923127204	蕉林村委会	109.754369	21.732213	0	18	66	地产小区
450922110001	清湖街社区居委会	110.346020	22.033230	0	25	55	乡镇
450902100202	苏烟村委会	110.125534	22.768090	0	20	41	乡镇
450922105203	新兴村委会	110.268170	22.502381	0	30	72	村庄
450923111204	互卫村委会	109.925694	22.177413	0	18	40	乡镇
450981119204	那排村委会	110.573977	22.246738	1	80	100	政府机构
450924108215	新塘村委会	109.992480	22.716959	0	30	72	村庄
450981109204	大郡村委会	110.388260	22.528061	0	30	58	UNKNOWN
450981121001	清湾社区居委会	110.599298	22.229957	0	18	49	乡镇
450923129001	永安街社区居委会	109.729568	22.318890	0	18	66	乡镇
450922106213	六高村委会	110.373230	22.337861	0	16	65	乡镇
450902001008	新民社区居委会	110.167717	22.631319	1	80	97	政府机构
450921105220	荣丰村委会	110.730880	22.581690	0	25	70	乡镇
450903107215	宝岭村村委会	110.052793	22.550694	1	80	100	政府机构
450921109203	下河村委会	110.461899	22.997827	1	80	100	政府机构
450903110211	富寨村村委会	110.139152	22.540207	0	25	47	乡镇
450923115210	双山村委会	109.678920	22.047530	0	30	72	村庄
450921100219	峤北村委会	110.509267	22.871456	0	16	47	乡镇
450923100012	长岗岭社区居委会	109.998396	22.291946	0	18	66	乡镇
450923105210	乾弄村委会	109.775471	22.157785	0	18	40	乡镇
450981120217	雀山村委会	110.441696	22.239995	0	18	66	乡镇
450981002004	新兴社区居委会	110.344695	22.702677	1	80	97	政府机构
450923126209	松茂村委会	109.759940	21.889679	0	25	70	乡镇
450922102207	旺荐村委会	110.252776	22.427835	0	18	40	乡镇
450921103209	罗权村委会	110.598525	22.635717	0	18	40	乡镇
450921113209	江囗村委会	110.558000	22.857800	0	14	29	区县
450981001002	新芝社区居委会	110.350295	22.701602	1	80	95	地产小区
450922101201	万丈村委会	110.275006	22.324201	0	18	40	乡镇
450922111201	古城村委会	110.349560	21.943690	0	30	72	村庄
450923105206	盘古村委会	109.775471	22.157785	0	18	66	乡镇
450923115206	大仁村委会	109.696461	22.068670	0	16	65	乡镇
450903110207	永宁村村委会	110.131649	22.538509	1	80	100	政府机构
450981120201	石窝村委会	110.441696	22.239995	0	18	66	乡镇
450923128201	青山村委会	109.796260	21.669140	0	30	72	村庄
450981110208	香圩村委会	110.503675	22.514263	0	16	38	乡镇
450923118208	鸡塘村委会	109.991865	22.047876	0	18	66	乡镇
450923106216	新丰村委会	109.834435	22.229359	0	18	49	乡镇
450923108208	大中村委会	109.596458	22.119406	0	18	66	乡镇
450981100208	潮塘村委会	110.319993	22.758965	1	80	100	政府机构
450924101219	埠头村委会	109.968684	22.666515	0	18	66	乡镇
450902105016	山电社区居民委员会	110.256684	22.662646	0	18	40	乡镇
450924108203	柑坡村委会	110.018640	22.751628	0	18	40	乡镇
450981119212	龙湾村委会	110.524980	22.293150	0	30	72	村庄
450923111212	和平村委会	109.866980	22.196190	0	30	72	村庄
450924104220	新文村委会	109.856402	22.820264	0	18	66	乡镇
450922106205	大连村委会	110.373230	22.337861	0	16	65	乡镇
450902113204	荔枝村委会	110.042104	22.650073	0	20	67	乡镇
450923102202	爱国村委会	109.889041	22.403843	0	18	66	乡镇
450903107203	十丈村村委会	110.011949	22.610249	1	80	100	政府机构
450923112202	太阳村委会	109.917097	22.091152	0	18	66	乡镇
450903112001	石和社区居民委员会	110.120255	22.435155	0	18	40	乡镇
450924100218	马塘村委会	109.875700	22.695049	0	30	72	村庄
450923109209	三滩村委会	110.031781	22.178649	0	18	66	乡镇
450981111209	北容村委会	110.506448	22.593626	0	18	66	乡镇
450923119209	宁潭村委会	110.115650	22.037205	0	18	40	乡镇
450922113210	陆洪村委会	110.157560	22.176510	0	30	58	UNKNOWN
450902106211	沼心村委会	110.069540	22.687220	0	18	40	乡镇
450922103210	大良村委会	110.183110	22.463030	0	30	72	村庄
450924103208	荣华村委会	109.730155	22.625365	0	18	66	乡镇
450903111206	砥柱村村委会	110.014407	22.378265	1	80	100	政府机构
450923114207	双垌村委会	109.764310	21.944800	0	30	72	村庄
450981112219	六美村委会	110.431588	22.414907	0	16	65	乡镇
450923116001	菱角街社区居委会	109.640710	22.000845	0	18	49	乡镇
450923106001	水鸣街社区居委会	109.834435	22.229359	0	18	49	乡镇
450922107204	陆透村委会	110.201730	22.282990	0	30	58	UNKNOWN
450924109202	高峰村委会	109.876330	22.982879	0	30	72	村庄
450923100213	荔湾村委会	109.998396	22.291946	0	18	40	乡镇
450921108202	大里村委会	110.669160	23.062890	0	30	72	村庄
450981108205	六和村委会	110.301853	22.598459	0	18	66	乡镇
450923100205	桂花村委会	109.998396	22.291946	0	18	66	乡镇
450924109214	永德村委会	109.911527	22.978998	0	18	40	乡镇
450923110205	白流村委会	110.091339	22.157162	0	18	66	乡镇
450981118205	上林村委会	110.671280	22.412340	0	30	72	村庄
450922104202	大山村委会	110.268300	22.570780	0	30	72	村庄
450922114202	坡头村委会	110.203740	22.127551	0	30	72	村庄
450922108221	陆龙村委会	110.334101	22.236891	1	80	100	政府机构
450921112208	华六村委会	110.566980	22.767481	0	18	40	乡镇
450923107201	东风村委会	109.652450	22.278960	0	30	72	村庄
450903107002	福西社区居民委员会	110.058075	22.591282	0	18	40	乡镇
450923117201	社门村委会	109.935329	21.970782	0	18	66	乡镇
450921102208	六别村委会	110.627875	22.713419	0	16	38	乡镇
450923127208	长岭村委会	109.754369	21.732213	0	18	66	地产小区
450922103206	良厚村委会	110.246102	22.483289	0	18	40	乡镇
450902106207	旺卢村委会	110.069540	22.687220	0	18	40	乡镇
450922113206	旱塘村委会	110.172220	22.227840	0	30	72	村庄
450921111218	石剑村委会	110.343495	22.961091	0	18	66	乡镇
450923114211	李村村委会	109.789210	22.296318	1	80	100	政府机构
450903111210	六龙村村委会	110.080217	22.434267	1	80	100	政府机构
450921111219	大垌村委会	110.270890	22.889431	0	30	72	村庄
450923114210	西湖村委会	109.771450	21.989350	0	30	72	村庄
450903111211	万新村村委会	110.052870	22.379469	0	25	70	乡镇
450921112209	石城村委会	110.554150	22.724220	0	30	72	村庄
450903107003	福绵社区居民委员会	110.058075	22.591282	0	18	49	乡镇
450921102209	四老村委会	110.627875	22.713419	0	16	38	乡镇
450981003004	大风门社区居委会	110.350978	22.709164	1	80	95	地产小区
450922103207	界垌村委会	110.246102	22.483289	0	18	40	乡镇
450923127209	茅坡村委会	109.892715	21.654133	1	80	100	政府机构
450902106206	都甘村委会	110.069540	22.687220	0	18	40	乡镇
450922113207	同心村委会	110.179910	22.197649	0	30	72	村庄
450981108204	利民村委会	110.295300	22.593210	0	30	72	村庄
450923100204	九龙村委会	109.998396	22.291946	0	18	66	乡镇
450924109215	张村村委会	110.065869	22.648374	1	80	100	政府机构
450923110204	社角村委会	109.864827	21.653785	1	80	100	政府机构
450981118204	安河村委会	110.693290	22.417050	0	30	72	村庄
450903109226	六答村村委会	109.862340	22.463631	1	80	100	政府机构
450922104203	田龙村委会	110.225993	22.567564	0	20	67	乡镇
450922114203	上旺村委会	110.213186	22.109236	0	18	66	乡镇
450922108220	陆选村委会	110.328968	22.195800	0	16	38	乡镇
450921108203	龙镇村委会	110.649587	23.026120	0	25	47	乡镇
450981120001	石窝圩社区居民委员会	110.454880	22.251500	1	80	95	UNKNOWN
450923128001	大坝街社区居委会	109.818980	21.662680	0	60	87	道路
450924109203	卢村村委会	110.117705	22.674967	1	80	100	政府机构
450923100212	水佳村委会	109.998396	22.291946	0	18	40	乡镇
450922107205	塘候村委会	110.220653	22.249643	0	18	40	乡镇
450903111207	中流村村委会	109.971475	22.385625	1	80	100	政府机构
450924103209	平定村委会	109.730155	22.625365	0	18	66	乡镇
450923114206	塘龙村委会	109.849639	22.021883	0	16	65	乡镇
450981112218	合水村委会	110.434119	22.268845	1	80	100	政府机构
450922110201	清湖村委会	110.343700	22.031870	0	30	72	村庄
450924100219	泉村村委会	109.875710	22.741849	0	25	70	乡镇
450923109208	那秀村委会	110.031781	22.178649	0	18	66	乡镇
450981111208	分水村委会	110.525200	22.607090	0	30	72	村庄
450923119208	莫林村委会	110.115650	22.037205	0	18	40	乡镇
450981121201	清湾村委会	110.599298	22.229957	0	18	66	乡镇
450923129201	李村村委会	109.789210	22.296318	1	80	100	政府机构
450922113211	良塘村委会	110.145787	22.204496	0	18	66	乡镇
450902106210	石地村委会	110.069540	22.687220	0	18	40	乡镇
450922103211	新山村委会	110.207850	22.500570	0	30	72	村庄
450922106204	高庆村委会	110.373230	22.337861	0	16	65	乡镇
450902113205	大卢村委会	110.018640	22.639491	0	30	72	村庄
450923107001	那林街社区居委会	109.660688	22.239376	0	18	49	乡镇
450923102203	均田村委会	109.657241	22.143265	1	80	100	政府机构
450903107202	中坡村村委会	109.994241	22.608892	1	80	100	政府机构
450923112203	民丰村委会	109.899930	22.136800	0	30	72	村庄
450923117001	新田街社区居委会	109.935329	21.970782	0	18	49	乡镇
450902105017	车垌社区居民委员会	110.256684	22.662646	0	18	40	乡镇
450924108202	马鹏村委会	110.018640	22.751628	0	18	40	乡镇
450981119213	石寨村委会	110.550920	22.299770	1	80	100	政府机构
450923111213	田旺村委会	109.925694	22.177413	0	18	66	乡镇
450924104221	葵峰村委会	109.856402	22.820264	0	18	40	乡镇
450981110209	龙溪村委会	110.502940	22.527701	0	30	72	村庄
450923118209	周塘村委会	110.008560	22.043450	0	30	72	村庄
450923108209	绿佳村委会	109.596458	22.119406	0	18	40	乡镇
450981100209	中灵村委会	110.387421	22.696541	0	18	66	乡镇
450924101218	高良村委会	109.910196	22.649242	0	30	72	村庄
450981001003	桂塘社区居委会	110.352851	22.707438	1	80	97	政府机构
450923105207	旧门村委会	109.775471	22.157785	0	18	66	乡镇
450923100005	东升社区居委会	109.998396	22.291946	0	18	66	乡镇
450924112208	新忠村委会	110.019680	22.849431	0	18	66	乡镇
450923115207	礼安村委会	109.696461	22.068670	0	16	65	乡镇
450903110206	养心村村委会	110.121533	22.535387	1	80	100	政府机构
450924102208	合星村委会	109.737600	22.716060	0	30	72	村庄
450981120216	东华村委会	110.441696	22.239995	0	18	66	乡镇
450981002005	贵仁堂社区居委会	110.344695	22.702677	1	80	95	政府机构
450922102206	平塘村委会	110.133725	22.449865	1	80	100	政府机构
450923126208	射广村委会	109.851346	21.907125	1	80	100	政府机构
450921103208	旺维村委会	110.598525	22.635717	0	18	40	乡镇
450923116201	菱角村委会	109.640710	22.000845	0	18	40	乡镇
450923106201	西垌村委会	110.079141	21.888428	1	80	100	政府机构
450921113208	大萃村委会	110.688200	22.854251	0	30	72	村庄
450903110210	金鸡村村委会	110.097030	22.527590	0	30	58	村庄
450923115211	双江村委会	109.674930	22.034160	0	30	72	村庄
450921100218	千秋村委会	110.617270	22.843480	0	30	72	村庄
450923100013	马头岭社区居委会	109.964130	22.220451	0	30	72	村庄
450922106212	横山村委会	110.308369	22.392921	1	80	100	政府机构
450902001009	大新社区居委会	110.167717	22.631319	1	80	97	政府机构
450921105221	思贤村委会	110.731790	22.501500	0	30	72	村庄
450903107214	镇石村村委会	110.133697	22.316419	1	80	100	政府机构
450921109202	儒地村委会	110.445031	22.953186	0	18	40	乡镇
450902100203	大双村委会	110.131600	22.793660	0	30	72	村庄
450902105001	茂林社区居委会	110.256684	22.662646	0	18	49	乡镇
450922105202	六凤村委会	110.292241	22.528512	0	18	66	乡镇
450923111205	大禾村委会	109.925694	22.177413	0	18	66	乡镇
450981119205	森隆村委会	110.525400	22.249692	0	18	40	乡镇
450924108214	杨前村委会	110.018640	22.751628	0	18	66	乡镇
450981109205	大塘边村委会	110.520547	22.495927	1	80	100	政府机构
450924100203	庞村村委会	109.883641	22.743143	1	80	100	政府机构
450924105001	沙塘社区居委会	109.886413	22.925005	0	18	66	乡镇
450921102205	四美村委会	110.627875	22.713419	0	16	38	乡镇
450924110203	宽畅村委会	110.109282	22.837296	0	18	40	乡镇
450921112205	大华村委会	110.566980	22.767481	0	18	66	乡镇
450923127205	坡头村委会	109.754369	21.732213	0	18	66	地产小区
450902002202	平志村委会	110.156060	22.618860	1	80	97	政府机构
450924103213	万安村委会	109.730155	22.625365	0	18	66	乡镇
450981102202	高车村委会	110.447771	22.205250	1	80	100	政府机构
450921111215	睦衷村委会	110.343495	22.961091	0	18	40	乡镇
450981112202	经龙村委会	110.431588	22.414907	0	16	38	乡镇
450903108207	大岭村村委会	110.025181	22.575721	1	80	100	政府机构
450924104217	良星村委会	109.856402	22.820264	0	18	40	乡镇
450902005206	朱砂村委会	110.171693	22.652777	1	80	97	政府机构
450921106211	六福村委会	110.791340	22.599880	0	25	70	乡镇
450981105206	新村村委会	110.295701	22.773598	1	80	100	政府机构
450981115206	六塘村委会	110.536733	22.356076	0	18	66	乡镇
450922109201	三联村委会	110.227220	22.042660	0	25	70	乡镇
450924107207	垌心村委会	110.064927	22.694379	1	80	100	政府机构
450921100003	新南社区居委会	110.552068	22.853178	1	80	100	政府机构
450921105201	黎村村委会	110.730880	22.581690	0	25	70	乡镇
450924109219	麻畲村委会	109.911527	22.978998	0	18	66	乡镇
450923100208	城西村委会	109.983920	22.279190	0	30	72	村庄
450921115201	浪水村委会	110.696923	22.980916	0	18	40	乡镇
450981108208	蟠龙村委会	110.347930	22.621610	0	30	72	村庄
450923130201	茶根村委会	110.116800	22.287379	0	18	66	乡镇
450923120201	王洛村委会	110.150762	21.950684	0	18	66	乡镇
450981115210	双头村委会	110.561090	22.327471	0	30	72	村庄
450981105210	良村村委会	110.356709	22.796861	1	80	100	政府机构
450921106207	界牌村委会	110.791340	22.599880	0	25	70	乡镇
450924104201	山心村委会	109.875034	22.824299	1	80	100	政府机构
450903108211	宁冲村村委会	109.973051	22.623639	1	80	100	政府机构
450922107209	大塘村委会	110.243240	22.189670	0	30	72	村庄
450903107222	青岭村村委会	110.058131	22.564732	1	80	100	政府机构
450921105217	满垌村委会	110.680190	22.500390	1	80	95	UNKNOWN
450921100015	桂南社区居民委员会	110.546877	22.852903	0	50	73	UNKNOWN
450902003002	江岸社区居委会	110.136006	22.640698	1	80	100	政府机构
450924107211	旺石村委会	110.053084	22.912149	0	18	40	乡镇
450923120217	姜充村委会	110.150762	21.950684	0	18	40	乡镇
450923119204	扬青村委会	110.115650	22.037205	0	18	40	乡镇
450981111204	高峰村委会	110.483180	22.555400	0	30	72	村庄
450981101204	六华村委会	110.330830	22.720551	0	30	58	UNKNOWN
450921102213	凤美村委会	110.627875	22.713419	0	16	38	乡镇
450923109204	守育村委会	109.976000	22.273000	0	14	32	区县
450924100215	塔竹坪村委会	109.875710	22.741849	0	25	47	乡镇
450923127213	田面村委会	109.820262	21.725924	1	80	100	政府机构
450922108001	乌石街社区居委会	110.328968	22.195800	0	16	47	乡镇
450981112214	旺坡村委会	110.431588	22.414907	0	16	65	乡镇
450921111203	务底村委会	110.343495	22.961091	0	18	40	乡镇
450924103205	陈塘村委会	109.981149	22.995005	1	80	100	政府机构
450923124203	沙陂村委会	109.895010	21.768661	0	18	66	乡镇
450923121001	英桥街社区居委会	110.035029	21.924793	0	18	49	乡镇
450923131001	浪平街社区居委会	109.932110	22.318989	0	50	82	道路
450981120220	黄田村委会	110.441696	22.239995	0	18	66	乡镇
450902002003	江滨社区居委会	110.156060	22.618860	1	80	97	政府机构
450924106210	陈关村委会	109.965216	22.920103	0	18	40	乡镇
450921104216	双善村委会	110.709080	22.724039	0	30	72	村庄
450981107201	大里村委会	110.150984	22.728000	0	30	72	村庄
450981117201	大伦村委会	110.696018	22.295632	0	18	66	乡镇
450902113209	仁厚村委会	110.042104	22.650073	0	20	67	乡镇
450922108216	坡子村委会	110.301475	22.177494	1	80	100	政府机构
450922106208	秦镜村委会	110.373230	22.337861	0	16	38	乡镇
450924100002	七团社区居委会	109.875710	22.741849	0	25	55	乡镇
450902004211	钟周村委会	110.148253	22.646829	1	80	95	政府机构
450903109210	古陂村村委会	109.967337	22.497401	1	80	100	政府机构
450981104211	万平村委会	110.341226	22.820934	0	18	40	乡镇
450921107206	县底村委会	110.564487	23.029066	0	16	65	乡镇
450923125202	大同村委会	109.832130	21.769700	0	30	72	村庄
450924102204	葵安村委会	109.803546	22.688144	0	18	40	乡镇
450921100202	红光村村委会	110.509267	22.871456	0	16	65	乡镇
450924112204	金山村委会	109.962700	22.825531	0	30	72	村庄
450923100009	西城社区居委会	109.998396	22.291946	0	18	66	乡镇
450921110202	竹良村委会	110.467116	23.045658	0	18	40	乡镇
450924101214	山下村委会	109.962260	22.646380	0	30	72	村庄
450902005007	榕楼社区居委会	110.171693	22.652777	1	80	97	政府机构
450981100205	甘村村委会	110.657513	22.886590	1	80	100	政府机构
450921103212	六图村委会	110.598525	22.635717	0	18	40	乡镇
450923108205	合和村委会	109.596458	22.119406	0	18	66	乡镇
450921113212	大鹏村委会	110.645218	22.880032	0	18	40	乡镇
450923118205	双底村委会	109.863192	22.238393	1	80	100	政府机构
450981110205	中和村委会	110.517094	22.494015	0	30	72	村庄
450981116001	白马圩社区居委会	110.679464	22.337182	0	18	49	乡镇
450981113203	水垌村委会	110.537581	22.459031	0	18	66	乡镇
450981103203	塘头村委会	110.427973	22.795775	1	80	100	政府机构
450981106001	新圩圩社区居委会	110.237931	22.739452	0	40	77	UNKNOWN
450921100214	大明村委会	110.562449	22.891307	1	80	100	政府机构
450902003203	永上村委会	110.132300	22.634310	1	80	97	政府机构
450924102212	跳崆村委会	109.803546	22.688144	0	18	40	乡镇
450923126204	龙垌村委会	109.759940	21.889679	0	25	70	乡镇
450981110213	秧道村委会	110.503675	22.514263	0	16	38	乡镇
450921113204	黎读村委会	110.645218	22.880032	0	18	40	乡镇
450923118213	峨嵋村委会	109.991865	22.047876	0	18	40	乡镇
450924111202	通流村委会	110.049498	22.796259	0	18	40	乡镇
450921103204	六泉村委会	110.598525	22.635717	0	18	40	乡镇
450981100213	印塘村委会	110.387421	22.696541	0	18	66	乡镇
450924101202	田寮村委会	109.943970	22.670899	0	30	72	村庄
450981109209	旺冲村委会	110.608297	22.357617	1	80	100	政府机构
450981119209	云罗村委会	110.525400	22.249692	0	18	66	乡镇
450923111209	清湖村委会	109.935030	22.177159	0	30	72	村庄
450924106206	炉岭村委会	109.965216	22.920103	0	18	66	乡镇
450981114207	雷冲村委会	110.336675	22.836473	1	80	100	政府机构
450921107210	龙山村委会	110.518000	22.964850	0	30	72	村庄
450981104207	新旺村委会	110.376360	22.768391	0	30	72	村庄
450903109206	庆龙村村委会	110.016871	22.542308	1	80	100	政府机构
450924105216	与善村委会	109.886413	22.925005	0	18	40	乡镇
450902001005	东明社区居委会	110.167461	22.630183	1	80	100	政府机构
450902004207	周埠村委会	110.148253	22.646829	1	80	95	政府机构
450902105006	泉西社区居委会	110.256684	22.662646	0	18	66	乡镇
450902100204	三和村委会	110.125534	22.768090	0	20	67	乡镇
450922105205	三安村委会	110.292241	22.528512	0	18	66	乡镇
450924108213	牟村村委会	110.009187	22.712025	1	80	100	政府机构
450981109202	竹榄塘村委会	110.376490	22.557434	0	18	35	乡镇
450903111001	沙田社区居民委员会	110.052870	22.379469	0	25	47	乡镇
450903108220	石律村村委会	109.918990	22.606630	0	30	58	村庄
450981119202	协保村委会	110.525400	22.249692	0	18	40	乡镇
450923111202	潭岸村委会	110.184873	22.191687	1	80	100	政府机构
450921109205	慈堂村委会	110.421097	22.977839	1	80	97	政府机构
450922101211	官田村委会	110.275006	22.324201	0	18	66	乡镇
450923100014	新柯街社区居委会	109.998396	22.291946	0	18	40	乡镇
450981113208	大罗垌村委会	110.537581	22.459031	0	18	66	乡镇
450903110217	长石村村委会	110.130030	22.490430	0	30	58	村庄
450923115216	沙河村委会	109.715250	22.061340	0	30	72	村庄
450922102201	米场村委会	110.252776	22.427835	0	18	66	乡镇
450981002002	永丰社区居委会	110.344695	22.702677	1	80	97	政府机构
450981120211	那鞋村委会	110.441696	22.239995	0	18	40	乡镇
450922112201	新街村委会	110.185030	22.358970	0	30	72	村庄
450923106206	黎旺村委会	109.834435	22.229359	0	18	40	乡镇
450924101209	鸣峨村委会	109.968684	22.666515	0	18	40	乡镇
450923116206	柱石村委会	109.640710	22.000845	0	18	40	乡镇
450981100218	龙安村委会	110.387421	22.696541	0	18	66	乡镇
450922111207	陆落村委会	110.318578	21.951189	0	18	40	乡镇
450922101207	东山村委会	110.280560	22.312760	0	30	72	村庄
450981001004	龙桥社区居委会	110.355210	22.710549	1	80	100	政府机构
450921100209	周囗村委会	110.509267	22.871456	0	16	38	乡镇
450981120207	上垌村委会	110.288057	22.804457	1	80	100	政府机构
450923116210	羊少村委会	109.640710	22.000845	0	18	40	乡镇
450923106210	平江村委会	109.815390	22.276889	0	30	72	村庄
450902105010	陂石社区居委会	110.256684	22.662646	0	18	49	乡镇
450923111214	民新村委会	109.927120	22.156480	0	30	72	地产小区
450981119214	沙冲村委会	110.525400	22.249692	0	18	66	乡镇
450924108205	秧塘村委会	110.018640	22.751628	0	18	66	乡镇
450902113202	下罗村委会	110.042104	22.650073	0	20	67	乡镇
450922103001	马坡街社区居委会	110.221740	22.494270	0	50	82	道路
450922106203	仙山村委会	110.373230	22.337861	0	16	65	乡镇
450923112204	石垌村委会	109.917097	22.091152	0	18	66	乡镇
450923102204	镇北村委会	109.865910	22.368190	0	30	72	村庄
450921109213	大水村委会	110.472070	22.907630	0	30	72	村庄
450903107205	良表村村委会	110.026430	22.590440	0	30	58	村庄
450923107211	六岗村委会	109.660688	22.239376	0	18	66	乡镇
450903112210	长发村委会	110.120255	22.435155	0	18	66	乡镇
450921102218	石岭村委会	110.349957	22.780779	1	80	100	政府机构
450923117211	新塘村委会	109.931180	21.967669	0	30	72	村庄
450923129206	平和村委会	109.753950	22.283050	0	30	72	村庄
450981121206	六仑村委会	110.630240	22.244920	1	80	95	UNKNOWN
450921111208	和衷村委会	110.339081	23.021808	1	80	97	政府机构
450923114201	平地村委会	109.820490	21.999790	0	30	72	村庄
450923124208	飞洋村委会	109.895010	21.768661	0	18	40	乡镇
450922110206	永平村委会	110.346020	22.033230	0	25	70	乡镇
450921108212	自良街村委会	110.649587	23.026120	0	25	47	乡镇
450922107202	雅松村委会	110.220653	22.249643	0	18	40	乡镇
450924109204	芦塘村委会	109.911527	22.978998	0	18	66	乡镇
450923100215	大良村委会	109.993040	22.240769	0	30	72	村庄
450921108204	河步村委会	110.649587	23.026120	0	25	70	乡镇
450923115001	沙河街社区居委会	109.696461	22.068670	0	16	47	乡镇
450981118203	永塘村委会	110.691663	22.407327	0	25	70	乡镇
450921100008	城北社区居委会	110.550553	22.861842	1	80	100	政府机构
450923110203	凌清村委会	110.091339	22.157162	0	18	66	乡镇
450903109221	罗田村村委会	109.929173	22.478757	1	80	100	政府机构
450923100203	护双村委会	109.998396	22.291946	0	18	40	乡镇
450981108203	凉亭村委会	110.301853	22.598459	0	18	66	乡镇
450923105001	顿谷街社区居委会	109.775471	22.157785	0	18	49	乡镇
450924109212	上河村委会	109.900200	22.974860	0	30	72	村庄
450922114204	新旺村委会	110.202470	22.113331	0	30	72	村庄
450922101006	温汤社区居委会	110.268260	22.313051	1	80	97	餐饮
450922104204	长纳村委会	110.225993	22.567564	0	20	41	乡镇
450923117207	鹿调村委会	109.935329	21.970782	0	18	40	乡镇
450924100208	东周村委会	109.890280	22.750120	0	30	72	村庄
450903112206	旺久村委会	110.120255	22.435155	0	18	40	乡镇
450923107207	多福村委会	109.668850	22.186431	0	30	72	村庄
450903107004	洋桥社区居民委员会	110.058075	22.591282	0	18	40	乡镇
450924110208	大坡村委会	110.116420	22.830949	0	30	72	村庄
450981121210	双龙村委会	110.567800	22.210041	0	30	72	村庄
450981003003	清湖社区居委会	110.350262	22.709454	1	80	95	地产小区
450902106201	鹏垌村委会	110.093462	22.648803	1	80	100	政府机构
450923114217	文江村委会	109.849639	22.021883	0	16	65	乡镇
450902002209	云良村委会	110.156060	22.618860	1	80	95	政府机构
450924103218	镇东村委会	109.807380	22.584490	0	30	72	村庄
450981112209	六学村委会	110.431588	22.414907	0	16	38	乡镇
450922110210	官冲村委会	110.261647	22.166060	1	80	100	政府机构
450922108207	谢鲁村委会	110.328968	22.195800	0	16	38	乡镇
450921107217	东安村委会	110.585840	23.043220	0	30	72	村庄
450902001002	北辰社区居委会	110.167717	22.631319	1	80	97	政府机构
450924105211	福隆村委会	109.886413	22.925005	0	18	66	乡镇
450921109209	沙田村委会	110.493665	22.930289	1	80	100	政府机构
450923100223	珠江村委会	109.941910	22.250440	0	30	72	村庄
450923121207	杨村村委会	110.035029	21.924793	0	18	66	乡镇
450921104207	龙头村委会	110.718652	22.777381	0	18	66	乡镇
450981107210	月塘村委会	110.152340	22.757501	0	30	72	村庄
450924106201	蒲塘村委会	109.968620	22.907340	0	30	72	村庄
450923123001	大垌街社区居委会	109.913139	21.899808	0	18	49	乡镇
450923126203	横坑村委会	109.763080	21.868449	0	30	72	村庄
450981100214	六地坡村委会	110.361430	22.707339	1	80	100	政府机构
450921103203	大陆村委会	110.598525	22.635717	0	18	66	乡镇
450924101205	雅桥村委会	109.968684	22.666515	0	18	40	乡镇
450921113203	琼新村委会	110.578240	22.912080	0	30	72	地产小区
450923118214	龙城村委会	109.990905	22.070255	1	80	97	政府机构
450981110214	陈智村委会	110.503675	22.514263	0	16	38	乡镇
450924111205	党州村委会	110.049498	22.796259	0	18	40	乡镇
450921100213	五一村委会	110.509267	22.871456	0	16	65	乡镇
450981103204	山围村委会	110.419689	22.854601	0	18	40	乡镇
450924102215	泉江村委会	109.803546	22.688144	0	18	66	乡镇
450902003204	新定村委会	110.132300	22.634310	1	80	97	政府机构
450981113204	石碗嘴村委会	110.537581	22.459031	0	18	40	乡镇
450981110202	安平村委会	110.503675	22.514263	0	16	65	乡镇
450923118202	周屋村委会	109.751279	22.094640	1	80	100	政府机构
450924101213	平山村委会	109.942600	22.663879	0	30	72	村庄
450903108001	成均社区居民委员会	110.023802	22.554581	0	25	47	乡镇
450923114221	合江村委会	109.741131	21.745968	1	80	100	政府机构
450923108202	木旺村委会	109.596458	22.119406	0	18	66	乡镇
450981100202	白须村委会	110.387421	22.696541	0	18	40	乡镇
450923125205	周旺村委会	109.832446	21.827668	0	18	66	乡镇
450924112203	六九村委会	110.019680	22.849431	0	18	66	乡镇
450921110205	大石村委会	110.418590	23.026569	0	30	72	村庄
450924102203	旧城村委会	109.860155	22.732248	1	80	100	政府机构
450921100205	同古村委会	110.509267	22.871456	0	16	65	乡镇
450923122201	名六村委会	109.911808	21.863081	0	18	40	乡镇
450922108211	双垌村委会	110.277390	22.227320	0	30	72	村庄
450923102208	平山村委会	109.904520	22.380381	0	30	72	村庄
450903109217	瑞垌村村委会	110.021241	22.422574	1	80	100	政府机构
450924105207	富旺村委会	109.916238	22.907585	1	80	95	UNKNOWN
450924100005	城西社区居委会	109.875710	22.741849	0	25	70	乡镇
450923112208	康宁村委会	109.917097	22.091152	0	18	66	乡镇
450921107201	冠堂村委会	110.564487	23.029066	0	16	38	乡镇
450981104216	石垌村委会	110.341226	22.820934	0	18	66	乡镇
450923121211	春佳村委会	110.035029	21.924793	0	18	40	乡镇
450924108209	长居村委会	110.018640	22.751628	0	18	66	乡镇
450981117206	六岑村委会	110.696018	22.295632	0	18	66	乡镇
450902002004	南江社区居委会	110.156262	22.616645	1	80	100	政府机构
450981107206	林垌村委会	110.177075	22.783976	1	80	100	政府机构
450921104211	塘垌村委会	110.742390	22.607840	1	80	93	餐饮
450924103202	大西村委会	109.739790	22.600120	0	30	72	村庄
450921111204	甘冲村委会	110.343495	22.961091	0	18	66	乡镇
450981112213	上合村委会	110.454140	22.385810	0	30	72	村庄
450923124204	良村村委会	109.923683	21.735650	1	80	100	政府机构
450921102214	红石村委会	110.627875	22.713419	0	16	65	乡镇
450923109203	学田村委会	110.031781	22.178649	0	18	66	乡镇
450981104001	民乐圩社区居委会	110.341226	22.820934	0	18	49	乡镇
450981101203	振新村委会	110.465984	22.677576	0	18	40	乡镇
450902004001	平地社区居委会	110.148253	22.646829	1	80	97	政府机构
450924100212	凤东村委会	109.922070	22.709080	0	30	72	村庄
450981111203	大坡内村委会	110.506448	22.593626	0	18	40	乡镇
450981114001	沙垌圩社区居民委员会	110.591024	22.427891	0	18	35	乡镇
450923119203	长春村委会	110.108020	22.025400	0	30	72	村庄
450924110212	旺翻村委会	110.109282	22.837296	0	18	40	乡镇
450921100012	厢南社区居民委员会	110.509267	22.871456	0	16	38	乡镇
450981106207	陶山村委会	110.261390	22.767177	0	25	70	乡镇
450921105210	太和村委会	110.637980	22.579600	0	30	72	村庄
450923100219	绿珠村委会	109.998396	22.291946	0	18	40	乡镇
450981116207	黄龙村委会	110.679464	22.337182	0	18	66	乡镇
450924109208	太平村委会	109.911527	22.978998	0	18	66	乡镇
450903107225	竹菜村村委会	110.058075	22.591282	0	18	35	乡镇
450923130210	秀岭村委会	110.116800	22.287379	0	18	66	乡镇
450923120210	那大村委会	110.150762	21.950684	0	18	40	乡镇
450903108216	二冲村村委会	109.953851	22.549239	1	80	100	政府机构
450924104206	社塘村委会	109.920025	22.712087	1	80	100	政府机构
450981115217	六齐村委会	110.536733	22.356076	0	18	40	乡镇
450922109210	石垌村委会	110.102349	22.582913	1	80	100	政府机构
450921115206	白饭村委会	110.696923	22.980916	0	18	40	乡镇
450921105206	六旺村委会	110.392347	22.698899	1	80	100	政府机构
450981106211	河村村委会	110.226595	22.756183	1	80	100	政府机构
450921100004	城西社区居委会	110.509267	22.871456	0	16	65	乡镇
450923120206	青河村委会	110.150762	21.950684	0	18	66	乡镇
450923130206	三育村委会	110.116800	22.287379	0	18	40	乡镇
450921108208	司六村委会	110.649587	23.026120	0	25	47	乡镇
450981115201	平政村委会	110.536733	22.356076	0	18	66	乡镇
450924104210	石柜村委会	109.877920	22.866489	0	30	72	村庄
450981105201	西埌村委会	110.292534	22.801857	0	18	35	乡镇
450922109206	龙口村委会	110.237740	22.047660	0	30	72	村庄
450981112205	升平村委会	110.431588	22.414907	0	16	65	乡镇
450921111212	水囗村委会	110.343495	22.961091	0	18	40	乡镇
450924103214	马庄村委会	109.720280	22.642160	0	30	72	村庄
450902002205	七一村委会	110.156060	22.618860	1	80	97	政府机构
450981102205	丰村村委会	110.454247	22.737843	1	80	100	政府机构
450924110204	崇善村委会	110.109282	22.837296	0	18	40	乡镇
450921112202	合柳村委会	110.566980	22.767481	0	18	40	乡镇
450921102202	和勃村委会	110.627875	22.713419	0	16	38	乡镇
450923127202	东岸村委会	109.752183	21.740448	1	80	100	政府机构
450924110205	谭村村委会	109.907672	22.738380	1	80	100	政府机构
450921112203	霄垌村委会	110.566980	22.767481	0	18	40	乡镇
450924100205	葵山村委会	109.875710	22.741849	0	25	70	乡镇
450921102203	河囗村委会	110.627875	22.713419	0	16	38	乡镇
450923122001	那卜街社区居委会	109.911808	21.863081	0	18	49	乡镇
450923127203	寨觉村委会	109.754369	21.732213	0	18	40	地产小区
450981112204	兆贡村委会	110.396900	22.406010	0	30	58	UNKNOWN
450921111213	营垌村委会	110.343495	22.961091	0	18	40	乡镇
450902002204	坡塘村委会	110.156060	22.618860	1	80	95	政府机构
450981102204	兴上村委会	110.439259	22.743509	0	18	49	乡镇
450921108209	中平村委会	110.649587	23.026120	0	25	70	乡镇
450924104211	樟木村委会	109.856402	22.820264	0	18	66	乡镇
450922109207	良田村委会	110.227220	22.042660	0	25	70	乡镇
450921115207	长寿村委会	110.672150	22.950010	0	30	72	村庄
450924107201	北市村委会	110.084919	22.938301	1	80	100	政府机构
450921105207	新塘村委会	110.707320	22.612789	0	30	72	村庄
450981106210	宋村村委会	110.217543	22.738949	1	80	100	政府机构
450921100005	西上社区居委会	110.509267	22.871456	0	16	47	乡镇
450923120207	山文村委会	110.150762	21.950684	0	18	40	乡镇
450923130207	飞厦村委会	110.116800	22.287379	0	18	40	乡镇
450921106201	杨村村委会	110.392707	22.700909	1	80	100	政府机构
450924104207	联和村委会	109.875310	22.809319	0	30	72	村庄
450903108217	小冲村村委会	109.950923	22.533919	1	80	100	政府机构
450981115216	六巷村委会	110.217427	22.465977	1	80	100	政府机构
450922109211	竹山村委会	110.217820	21.965110	0	30	72	村庄
450923123201	凤坪村委会	109.913139	21.899808	0	18	40	乡镇
450921100013	东光社区居民委员会	110.509267	22.871456	0	16	38	乡镇
450981106206	下坡村委会	110.252819	22.730513	0	80	72	村庄
450921105211	同心村委会	110.677880	22.581761	0	30	72	村庄
450923100218	津木村委会	109.998396	22.291946	0	18	40	乡镇
450981116206	白马村委会	110.673160	22.326980	0	30	72	村庄
450903107224	横岭村村委会	110.084979	22.563626	1	80	100	政府机构
450924109209	集义村委会	109.934250	22.946920	0	30	72	村庄
450923120211	中苏村委会	110.150762	21.950684	0	18	66	乡镇
450921102215	三德村委会	110.627875	22.713419	0	16	65	乡镇
450923109202	鸦桥村委会	110.031781	22.178649	0	18	40	乡镇
450981101202	大同村委会	110.487760	22.705660	0	30	72	村庄
450924100213	南乡村委会	109.875710	22.741849	0	25	70	乡镇
450903109001	樟木社区居民委员会	110.012270	22.522670	0	25	47	乡镇
450981111202	新安村委会	110.463010	22.592330	0	30	72	村庄
450923119202	新榕村委会	110.115650	22.037205	0	18	66	乡镇
450924110213	良民村委会	110.109282	22.837296	0	18	66	乡镇
450924106001	蒲塘社区居委会	109.965216	22.920103	0	18	49	乡镇
450924103203	镇南村委会	109.752660	22.567829	0	30	72	村庄
450921111205	石头村委会	110.347521	22.987951	0	30	72	村庄
450981112212	石玉村委会	110.431588	22.414907	0	16	38	乡镇
450923124205	浪车村委会	109.895010	21.768661	0	18	40	乡镇
450923121210	永新村委会	110.053210	21.977830	1	75	95	地产小区
450924108208	腾冲村委会	110.018640	22.751628	0	18	40	乡镇
450981117207	平冲村委会	110.696018	22.295632	0	18	66	乡镇
450902002005	竹美社区居委会	110.148544	22.613068	1	80	100	政府机构
450924106216	化寿村委会	109.965216	22.920103	0	18	40	乡镇
450981107207	冠塘村委会	110.177241	22.774579	0	18	40	乡镇
450921104210	金库村委会	110.718652	22.777381	0	18	40	乡镇
450922108210	那壤村委会	110.328968	22.195800	0	16	38	乡镇
450923102209	绿萝村委会	109.889041	22.403843	0	18	40	乡镇
450924105206	水车村委会	110.234393	22.627876	1	80	100	政府机构
450903109216	松山村村委会	110.045759	22.445919	1	80	100	政府机构
450924100004	东山社区居委会	109.875710	22.741849	0	25	70	乡镇
450923112209	大寿村委会	109.917097	22.091152	0	18	66	乡镇
450981104217	桃冲村委会	110.341226	22.820934	0	18	66	乡镇
450923125204	邦杰村委会	109.832446	21.827668	0	18	40	乡镇
450924112202	大礼村委会	110.019680	22.849431	0	18	66	乡镇
450921110204	岑冲村委会	110.467116	23.045658	0	18	40	乡镇
450924102202	旧县村委会	109.864700	22.725120	0	30	72	村庄
450981110203	乡平村委会	110.503675	22.514263	0	16	38	乡镇
450923118203	白马村委会	109.992036	22.036881	1	80	100	政府机构
450981115001	平政圩社区居委会	110.536733	22.356076	0	18	49	乡镇
450924101212	古城村委会	109.958034	22.679901	0	30	72	村庄
450902005001	五里桥社区居委会	110.171693	22.652777	1	80	95	政府机构
450923114220	分新村委会	109.849639	22.021883	0	16	47	乡镇
450921103214	天堂村委会	110.598525	22.635717	0	18	66	乡镇
450923108203	芳屋村委会	109.682290	22.148260	0	30	58	UNKNOWN
450981100203	丛义村委会	110.350233	22.689467	1	80	100	政府机构
450921100212	三和村委会	110.509267	22.871456	0	16	65	乡镇
450981103205	都宫村委会	110.419689	22.854601	0	18	40	乡镇
450924102214	铁南村委会	109.803546	22.688144	0	18	40	乡镇
450902003205	玉豸村委会	110.132300	22.634310	1	80	97	政府机构
450981113205	罗屯村委会	110.537581	22.459031	0	18	66	乡镇
450923126202	山心村委会	109.747169	22.247797	1	80	100	政府机构
450981100215	河泉村委会	110.387421	22.696541	0	18	40	乡镇
450921103202	华琅村委会	110.598525	22.635717	0	18	40	乡镇
450924101204	正阳村委会	109.968684	22.666515	0	18	66	乡镇
450921113202	甘旺村委会	110.583520	22.888860	0	30	72	村庄
450923118215	武卫村委会	109.991865	22.047876	0	18	40	乡镇
450981110215	西塘村委会	110.468340	22.475949	0	30	72	村庄
450924111204	竹沙村委会	110.049498	22.796259	0	18	66	乡镇
450923131206	六山村委会	109.900545	22.327659	0	18	66	乡镇
450923121206	杨充村委会	110.027125	21.921139	1	80	100	政府机构
450921104206	陈村村委会	110.718652	22.777381	0	18	49	乡镇
450981107211	大塘村委会	110.149120	22.725090	0	30	72	村庄
450924103002	莲塘社区居委会	109.730155	22.625365	0	18	66	乡镇
450922108206	子良村委会	110.328968	22.195800	0	16	38	乡镇
450981104201	民乐村委会	110.362250	22.788780	0	30	72	村庄
450921107216	上都村委会	110.564487	23.029066	0	16	65	乡镇
450902004201	陈旺村委会	110.148253	22.646829	1	80	95	政府机构
450924105210	张榕村委会	109.886413	22.925005	0	18	40	乡镇
450902001003	南观社区居委会	110.167717	22.631319	1	80	95	政府机构
450923100222	茂江村委会	109.998396	22.291946	0	18	40	乡镇
450921109208	平车村委会	110.445031	22.953186	0	18	66	乡镇
450981114201	沙垌村委会	110.265517	22.246027	1	80	100	政府机构
450923114216	良荔村委会	109.849639	22.021883	0	16	38	乡镇
450902002208	常乐村委会	110.156060	22.618860	1	80	95	政府机构
450981112208	南山村委会	110.370460	22.364890	0	30	72	村庄
450922110211	新官村委会	110.351610	22.001499	0	30	72	村庄
450981119501	桂丰农场农业队生活区	110.536929	22.254923	1	80	95	UNKNOWN
450923117206	亭子村委会	109.935329	21.970782	0	18	66	乡镇
450903112207	麦垌村委会	110.120255	22.435155	0	18	66	乡镇
450924100209	谭良村委会	109.875710	22.741849	0	25	47	乡镇
450923107206	双六村委会	109.660688	22.239376	0	18	66	乡镇
450903107005	下枥社区居民委员会	110.058075	22.591282	0	18	40	乡镇
450924110209	三德村委会	110.109282	22.837296	0	18	66	乡镇
450981121211	候山村委会	110.599298	22.229957	0	18	40	乡镇
450922113201	稔坡村委会	110.268703	21.917760	1	80	100	政府机构
450922103201	马坡村委会	110.246102	22.483289	0	18	66	乡镇
450981003002	百花社区居委会	110.346075	22.709257	1	80	100	政府机构
450981118202	隆安村委会	110.691663	22.407327	0	25	47	乡镇
450921100009	福船岭社区居委会	110.552165	22.861129	1	80	100	政府机构
450923110202	而水村委会	110.091339	22.157162	0	18	40	乡镇
450903110001	新桥社区居民委员会	110.139152	22.540207	0	25	47	乡镇
450903109220	龙前村村委会	109.901255	22.451463	1	80	100	政府机构
450923100202	城郊村委会	109.980190	22.276370	0	30	72	村庄
450981108202	金城村委会	110.301853	22.598459	0	18	66	乡镇
450924109213	新河村委会	109.905770	22.981401	0	30	72	村庄
450922114205	覃村村委会	110.216765	22.085175	1	80	100	政府机构
450922101007	九洲社区居委会	110.275006	22.324201	0	18	49	乡镇
450922104205	鹤山村委会	110.225993	22.567564	0	20	67	乡镇
450921108205	古旺村委会	110.649587	23.026120	0	25	70	乡镇
450924109205	新李村委会	109.911527	22.978998	0	18	66	乡镇
450923100214	雷埠村委会	109.998396	22.291946	0	18	40	乡镇
450921107220	河儿村委会	110.533870	23.100549	0	30	72	村庄
450922107203	瓜头村委会	110.187510	22.240230	0	30	58	UNKNOWN
450921111209	泗福村委会	110.343495	22.961091	0	18	40	乡镇
450922110207	平安村委会	110.293130	22.019869	0	30	72	村庄
450923107210	金阵村委会	109.660688	22.239376	0	18	40	乡镇
450921102219	普济村委会	110.627875	22.713419	0	16	65	乡镇
450923117210	天垌村委会	109.935329	21.970782	0	18	66	乡镇
450923129207	城治村委会	109.729568	22.318890	0	18	40	乡镇
450981121207	凤塘村委会	110.619550	22.213120	0	30	72	村庄
450902113203	新旺村委会	110.035360	22.649120	0	30	72	村庄
450922106202	北安村委会	110.373260	22.340770	0	30	72	村庄
450902106001	大路社区居民委员会	110.069540	22.687220	0	18	40	乡镇
450923112205	绿田村委会	109.917097	22.091152	0	18	40	乡镇
450923102205	凤宁村委会	109.889041	22.403843	0	18	40	乡镇
450921109212	石扶村委会	110.508480	22.911591	0	30	72	村庄
450903107204	上地村村委会	110.019630	22.595920	0	30	58	村庄
450902105011	新寨社区居委会	110.256684	22.662646	0	18	66	乡镇
450981119215	镇南村委会	110.557160	22.271130	0	30	72	村庄
450924108204	太村村委会	110.002375	22.777883	1	80	100	政府机构
450923128206	那雷村委会	109.840437	21.695211	0	18	66	乡镇
450981120206	龙田村委会	110.468680	22.232759	0	30	72	村庄
450923116211	苏众村委会	109.640710	22.000845	0	18	40	乡镇
450923106211	龙利村委会	109.834435	22.229359	0	18	66	乡镇
450922111206	北豆村委会	110.318578	21.951189	0	18	66	乡镇
450922101206	温泉村委会	110.267520	22.317211	0	30	72	村庄
450921100208	礼信村委会	110.509267	22.871456	0	16	38	乡镇
450923115201	新香村委会	109.696461	22.068670	0	16	65	乡镇
450923105201	顿谷村委会	109.775471	22.157785	0	18	66	乡镇
450981002003	永顺社区居委会	110.344695	22.702677	1	80	97	政府机构
450981120210	沙田村委会	110.437340	22.235221	0	30	72	村庄
450924111208	睦村村委会	110.088569	22.761937	1	80	100	政府机构
450923106207	合光村委会	109.834435	22.229359	0	18	40	乡镇
450924101208	江岭村委会	109.968684	22.666515	0	18	66	乡镇
450923116207	大龙村委会	109.650950	22.007070	0	30	72	村庄
450981100219	环城村委会	110.350995	22.701135	1	80	100	政府机构
450922101210	长河村委会	110.246500	22.283770	0	30	72	村庄
450922111210	清耳村委会	110.318578	21.951189	0	18	40	乡镇
450981113209	大村村委会	110.126921	22.423935	1	80	100	政府机构
450903110216	化山村村委会	110.111620	22.488689	0	30	58	村庄
450903107212	香山村村委会	110.061271	22.604319	1	80	100	政府机构
450921109204	文仰村委会	110.445031	22.953186	0	18	40	乡镇
450902105007	陂耀社区居委会	110.256684	22.662646	0	18	66	乡镇
450902100205	阳山村委会	110.125030	22.739860	0	30	72	村庄
450922105204	石村村委会	110.277355	22.504121	1	80	100	政府机构
450924108212	三角山村委会	110.018640	22.751628	0	18	66	乡镇
450981109203	陈地村委会	110.376490	22.557434	0	18	66	乡镇
450903108221	社岗村村委会	109.846771	22.598218	1	80	100	政府机构
450981119203	旺坡村委会	110.525400	22.249692	0	18	66	乡镇
450923114001	东平街社区居委会	109.849639	22.021883	0	16	47	乡镇
450923111203	四维村委会	109.925694	22.177413	0	18	66	乡镇
450922110212	塘榄村委会	110.346020	22.033230	0	25	70	乡镇
450923114215	富门村委会	109.849639	22.021883	0	16	38	乡镇
450903111214	云龙村村委会	110.113393	22.371190	1	80	100	政府机构
450922103202	珠砂村委会	110.246102	22.483289	0	18	66	乡镇
450981003001	富林塘社区居委会	110.336105	22.703745	1	75	95	地产小区
450981121212	清平村委会	110.638360	22.201000	0	30	72	村庄
450922113202	高冲村委会	110.147840	22.196931	0	30	72	村庄
450923107205	那林村委会	109.660688	22.239376	0	18	66	乡镇
450903107006	新江社区居民委员会	110.058075	22.591282	0	18	40	乡镇
450923117205	百赖村委会	109.935329	21.970782	0	18	40	乡镇
450903112204	平坡村委会	110.082000	22.557901	0	16	30	区县
450922101004	新洲社区居委会	110.275006	22.324201	0	18	66	乡镇
450922104206	四乐村委会	110.225993	22.567564	0	20	41	乡镇
450923120208	汉平村委会	110.150762	21.950684	0	18	40	乡镇
450922114206	佳塘村委会	110.213186	22.109236	0	18	66	乡镇
450923130208	旺垌村委会	110.147367	22.036008	1	80	100	政府机构
450921115208	扶冲村委会	110.696923	22.980916	0	18	66	乡镇
450923100201	城东村委会	109.980970	22.257240	0	30	72	村庄
450981108201	塘岸村委会	110.268710	22.593250	0	30	72	村庄
450924109210	龙文村委会	109.911527	22.978998	0	18	66	乡镇
450981118201	扶新村委会	110.691663	22.407327	0	25	55	乡镇
450923110201	黄凌村委会	110.091339	22.157162	0	18	40	乡镇
450921105208	六吟村委会	110.730880	22.581690	0	25	43	乡镇
450903109223	竹山村村委会	109.901910	22.472893	1	80	100	政府机构
450922109208	文官村委会	110.227220	22.042660	0	25	70	乡镇
450921108206	同江村委会	110.645817	23.091623	1	80	100	政府机构
450981106209	白鸠江村委会	110.261390	22.767177	0	25	47	乡镇
450924109206	靖文村委会	109.911527	22.978998	0	18	40	乡镇
450981116209	根垌村委会	110.679464	22.337182	0	18	66	乡镇
450923100217	木垌村委会	109.998396	22.291946	0	18	66	乡镇
450903108218	平威村村委会	109.916401	22.570643	1	80	100	政府机构
450924104208	要古村委会	109.856402	22.820264	0	18	66	乡镇
450921108210	古济村委会	110.649587	23.026120	0	25	47	乡镇
450922110204	陆坡村委会	110.346020	22.033230	0	25	70	乡镇
450903111202	关塘村村委会	110.060590	22.397819	0	30	58	村庄
450981119001	六靖圩社区居委会	110.525400	22.249692	0	18	49	乡镇
450923114203	连塘村委会	109.990799	22.179665	1	80	100	政府机构
450981100220	居民村委会	110.387421	22.696541	0	18	40	乡镇
450923111001	亚山街社区居委会	109.925694	22.177413	0	18	49	乡镇
450923129204	新茂村委会	109.677710	22.324030	0	30	72	村庄
450981121204	旺垌村委会	110.599298	22.229957	0	18	66	乡镇
450921109211	合同村委会	110.445031	22.953186	0	18	66	乡镇
450923102206	良荣村委会	109.889041	22.403843	0	18	40	乡镇
450903107207	韦福村村委会	110.040903	22.590867	1	80	100	政府机构
450923112206	三清村委会	109.917097	22.091152	0	18	66	乡镇
450903109219	石龙村村委会	109.932903	22.450834	1	80	100	政府机构
450924105209	五团村委会	109.886413	22.925005	0	18	66	乡镇
450922106201	沙坡村委会	110.381250	22.330010	0	30	72	村庄
450981117208	旺贺村委会	110.696018	22.295632	0	18	40	乡镇
450924108207	螺网村委会	110.018640	22.751628	0	18	40	乡镇
450981107208	高垌村委会	110.487985	22.546473	1	80	100	政府机构
450902105012	鹿峰社区居委会	110.256684	22.662646	0	18	49	乡镇
450922104400	北部工业园区社区	110.225993	22.567564	0	20	41	乡镇
450923106212	大岭村委会	109.910536	21.790792	1	80	100	政府机构
450923128205	久福村委会	109.840437	21.695211	0	18	40	乡镇
450981120205	蒙冲村委会	110.441696	22.239995	0	18	66	乡镇
450923105202	旧金村委会	109.775471	22.157785	0	18	40	乡镇
450923115202	竹旺村委会	109.696461	22.068670	0	16	38	乡镇
450903110203	被霞村村委会	110.094507	22.502609	1	80	100	政府机构
450922101205	泗里村委会	110.258510	22.332540	0	60	80	UNKNOWN
450922111205	陆因村委会	110.318578	21.951189	0	18	40	乡镇
450923116204	盐圩村委会	109.640710	22.000845	0	18	40	乡镇
450923106204	联合村委会	109.865910	22.266010	0	30	72	村庄
450981120213	上珍村委会	110.441696	22.239995	0	18	40	乡镇
450922112203	官山村委会	110.209147	22.360490	0	30	72	村庄
450922102203	南中村委会	110.268480	22.397361	0	30	72	村庄
450903110215	霞山村村委会	110.112720	22.500539	0	30	58	村庄
450921102220	杨梅街村委会	110.627875	22.713419	0	16	38	乡镇
450923115214	白石村委会	109.693980	22.023629	0	30	72	村庄
450922101213	安宁村委会	110.275006	22.324201	0	18	66	乡镇
450923112210	玉李村委会	109.917097	22.091152	0	18	40	乡镇
450921107219	古燕村委会	110.551910	23.098210	0	30	72	村庄
450903107211	覃村村委会	110.044847	22.614691	1	80	100	政府机构
450921109207	三合村委会	110.445031	22.953186	0	18	66	乡镇
450922108209	老圩村委会	110.328968	22.195800	0	16	65	乡镇
450903108222	甘冲村村委会	109.912135	22.541394	1	80	100	政府机构
450923114002	合江街社区居委会	109.849639	22.021883	0	16	47	乡镇
450921104209	六槐村委会	110.718652	22.777381	0	18	40	乡镇
450924108211	六西村委会	110.018640	22.751628	0	18	66	乡镇
450902105004	泉东社区居委会	110.256684	22.662646	0	18	49	乡镇
450922105207	长旺村委会	110.302730	22.560500	0	30	72	村庄
450923121209	那凭村委会	110.062390	21.962250	1	75	92	UNKNOWN
450924100206	六联村委会	109.875710	22.741849	0	25	70	乡镇
450903112208	云茂村委会	110.120255	22.435155	0	18	40	乡镇
450923117209	马田村委会	109.885620	21.935550	0	30	72	村庄
450924110206	金华村委会	110.109282	22.837296	0	18	66	乡镇
450923107209	珊瑚村委会	109.660688	22.239376	0	18	66	乡镇
450924103216	湖村村委会	109.761181	22.625762	1	80	100	政府机构
450902002207	岭塘村委会	110.156060	22.618860	1	80	97	政府机构
450923114219	长新村委会	109.833900	22.081470	0	30	72	地产小区
450981102207	才旺村委会	110.439259	22.743509	0	18	40	乡镇
450981112207	达和村委会	110.431588	22.414907	0	16	38	乡镇
450921111210	石塘村委会	110.359430	23.033200	0	30	72	村庄
450922109204	甘片村委会	110.227220	22.042660	0	25	47	乡镇
450902005203	太阳村委会	110.171693	22.652777	1	80	97	政府机构
450903108202	和合村村委会	109.983037	22.566917	1	80	100	政府机构
450924104212	寨门村委会	109.856402	22.820264	0	18	66	乡镇
450981105203	西岸村委会	110.258440	22.804990	0	30	72	村庄
450923108001	江宁街社区居委会	109.596458	22.119406	0	18	49	乡镇
450921106214	峡河村委会	110.791340	22.599880	0	25	47	乡镇
450981110001	隆盛圩社区居委会	110.503675	22.514263	0	16	47	乡镇
450923118001	凤山街社区居委会	109.991865	22.047876	0	18	49	乡镇
450981115203	岭垌村委会	110.536733	22.356076	0	18	40	乡镇
450923130204	周垌村委会	110.116800	22.287379	0	18	66	乡镇
450923120204	茂石村委会	110.150762	21.950684	0	18	66	乡镇
450922101008	文昌社区居委会	110.275006	22.324201	0	18	66	乡镇
450924107202	钦善村委会	110.084592	22.917519	1	80	100	政府机构
450921105204	珊萃村委会	110.730880	22.581690	0	25	47	乡镇
450981106213	六旺村委会	110.488191	22.367103	1	80	100	政府机构
450921115204	扶昨村委会	110.696923	22.980916	0	18	40	乡镇
450923123202	石龙村委会	109.918240	21.883130	0	30	72	村庄
450922109212	车田村委会	110.212350	21.945340	0	30	72	村庄
450981115215	六沙村委会	110.536733	22.356076	0	18	66	乡镇
450921106202	高垌村委会	110.559787	22.963156	1	80	100	政府机构
450924104204	龙兴村委会	109.897660	22.826700	0	30	72	村庄
450903108214	岭肚村村委会	109.978689	22.552065	1	80	100	政府机构
450923120212	中良村委会	110.150762	21.950684	0	18	66	乡镇
450981116205	茶新村委会	110.679464	22.337182	0	18	66	乡镇
450981106205	南胜村委会	110.261390	22.767177	0	25	70	乡镇
450921105212	六振村委会	110.765863	22.790537	1	80	100	政府机构
450981121208	陈冲村委会	110.599298	22.229957	0	18	66	乡镇
450923129208	高峰村委会	109.734340	22.347690	0	30	72	村庄
450981111201	大坡外村委会	110.506448	22.593626	0	18	40	乡镇
450923119201	西岭村委会	110.115650	22.037205	0	18	66	乡镇
450924110210	旺里村委会	110.109282	22.837296	0	18	66	乡镇
450923109201	白中村委会	110.031781	22.178649	0	18	66	乡镇
450921102216	和睦村委会	110.603660	22.708469	0	30	72	村庄
450981101201	新荣村委会	110.453471	22.691436	1	80	100	政府机构
450923124206	荣飘村委会	109.895010	21.768661	0	18	40	乡镇
450922110208	水亭村委会	110.315090	22.017940	0	30	72	村庄
450921111206	旺岗村委会	110.343495	22.961091	0	18	66	乡镇
450981112211	三和村委会	110.431588	22.414907	0	16	65	乡镇
450902002006	镇忠社区居委会	110.151000	22.628201	0	16	47	区县
450924106215	南塘村委会	109.945720	22.873300	0	30	72	村庄
450981107204	六堆村委会	110.177241	22.774579	0	18	66	乡镇
450921104213	莲塘村委会	110.720990	22.765920	0	30	72	村庄
450981117204	玉塘村委会	110.680330	22.280680	0	30	72	村庄
450923121213	新联村委会	110.035029	21.924793	0	18	66	乡镇
450924105205	永兴村委会	109.908810	22.891511	0	30	72	村庄
450903109215	太安村村委会	110.034943	22.453005	1	80	100	政府机构
450921107203	旺黎村委会	110.564487	23.029066	0	16	38	乡镇
450981104214	贺平村委会	110.341226	22.820934	0	18	40	乡镇
450921102001	绿荫社区居委会	110.627875	22.713419	0	16	47	乡镇
450922108213	蒙村村委会	110.168793	22.171606	1	80	100	政府机构
450923122203	双竹村委会	109.891390	21.868010	0	30	72	村庄
450923127001	龙潭街社区居委会	109.754369	21.732213	0	18	66	地产小区
450924102201	葵中村委会	109.803546	22.688144	0	18	40	乡镇
450924112201	洛阳村委会	110.019680	22.849431	0	18	66	乡镇
450921110207	三岸村委会	110.467116	23.045658	0	18	40	乡镇
450922111209	盘龙村委会	110.341010	21.910470	1	80	100	政府机构
450923125207	曾村村委会	109.832446	21.827668	0	18	66	乡镇
450922101209	中屯村委会	110.275006	22.324201	0	18	66	乡镇
450924101211	新岭村委会	110.087299	22.591260	1	80	100	政府机构
450902005002	名山社区居委会	110.171693	22.652777	1	80	97	政府机构
450923114223	英梅村委会	109.849639	22.021883	0	16	38	乡镇
450981120209	山平村委会	110.420000	22.221380	0	30	72	村庄
450981113206	高塘村委会	110.564790	22.454141	0	30	72	村庄
450921100211	大榄村委会	110.517927	22.899495	1	80	100	政府机构
450981103206	甘竹村委会	110.419689	22.854601	0	18	66	乡镇
450924102217	安东村委会	109.803546	22.688144	0	18	66	乡镇
450902003206	五联村委会	110.132300	22.634310	1	80	97	政府机构
450923118216	云心村委会	109.991865	22.047876	0	18	40	乡镇
450921113201	泗登村委会	110.560660	22.876730	0	30	58	UNKNOWN
450923106208	大光村委会	109.793740	22.267930	0	30	72	村庄
450981110216	长信村委会	110.503675	22.514263	0	16	65	乡镇
450924111207	乐泰村委会	110.049498	22.796259	0	18	40	乡镇
450981100216	六行村委会	110.387421	22.696541	0	18	40	乡镇
450923116208	横塘村委会	109.645080	21.996569	0	30	72	村庄
450921103201	仁勇村委会	110.598525	22.635717	0	18	40	乡镇
450924101207	江下村委会	109.875000	22.736499	0	14	29	区县
450923126201	松山村委会	109.753076	21.884019	1	80	100	政府机构
450921114205	深柳村委会	110.479047	22.800299	0	20	41	乡镇
450921104205	古里村委会	110.771750	22.805689	0	30	72	村庄
450981107212	罗坡村委会	110.177241	22.774579	0	18	66	乡镇
450924106203	白花村委会	109.965216	22.920103	0	18	66	乡镇
450924103001	城隍社区居委会	109.730155	22.625365	0	18	49	乡镇
450923121205	付义村委会	110.035029	21.924793	0	18	40	乡镇
450923131205	六江村委会	109.900545	22.327659	0	18	66	乡镇
450923100221	中江村委会	109.802166	22.092143	1	80	100	政府机构
450981114202	金汀村委会	110.591024	22.427891	0	18	40	乡镇
450981104202	罗政村委会	110.341226	22.820934	0	18	40	乡镇
450921107215	荣塘村委会	110.573930	23.048640	0	30	72	村庄
450902004202	寒山村委会	110.148253	22.646829	1	80	95	政府机构
450903109203	胜利村村委会	110.048037	22.494179	1	80	100	政府机构
450924105213	马村村委会	109.809444	22.969461	1	80	100	政府机构
450922108205	紫恩村委会	110.328968	22.195800	0	16	38	乡镇
450981111001	大坡外圩社区居委会	110.506448	22.593626	0	18	66	乡镇
450923100220	柯木村委会	109.998396	22.291946	0	18	66	乡镇
450981114203	六琢村委会	110.591024	22.427891	0	18	35	乡镇
450923119001	宁潭街社区居委会	110.131600	22.021920	0	60	87	道路
450923109001	三滩街社区居委会	110.031781	22.178649	0	18	49	乡镇
450981104203	茶垌村委会	110.341226	22.820934	0	18	66	乡镇
450921107214	平河村委会	110.402071	23.056091	1	80	100	政府机构
450902004203	罗竹村委会	110.148253	22.646829	1	80	95	政府机构
450902001001	东成社区居委会	110.167717	22.631319	1	80	95	政府机构
450924105212	福联村委会	109.886413	22.925005	0	18	66	乡镇
450903109202	中村村委会	110.015113	22.517928	1	80	100	政府机构
450922108204	吹塘村委会	110.213970	22.151010	0	30	58	村庄
450921114204	仙江村委会	110.479047	22.800299	0	20	41	乡镇
450921104204	思良村委会	110.742390	22.607840	1	80	94	餐饮
450981107213	古红村委会	110.177241	22.774579	0	18	40	乡镇
450924106202	安国村委会	109.965216	22.920103	0	18	40	乡镇
450923121204	联山村委会	110.070170	21.915370	0	30	72	村庄
450923131204	茂龙村委会	109.976000	22.273000	0	14	29	区县
450923106209	江正村委会	109.834435	22.229359	0	18	40	乡镇
450924111206	苍院村委会	110.049498	22.796259	0	18	40	乡镇
450981100217	六荣村委会	110.387421	22.696541	0	18	40	乡镇
450923116209	李扬村委会	109.640710	22.000845	0	18	40	乡镇
450981113207	永安村委会	110.545660	22.467620	0	30	72	村庄
450921100210	宁冲村委会	110.558000	22.857800	0	14	29	区县
450981103207	丰垌村委会	110.574315	22.510041	1	80	100	政府机构
450924102216	六闲村委会	109.803546	22.688144	0	18	35	乡镇
450902005003	旺瑶社区居委会	110.171693	22.652777	1	80	95	政府机构
450923108201	江宁村委会	109.596458	22.119406	0	18	66	乡镇
450923114222	绿荣村委会	109.849639	22.021883	0	16	38	乡镇
450981100201	松花村委会	110.344840	22.704400	1	80	100	政府机构
450924111210	忠良村委会	110.049498	22.796259	0	18	66	乡镇
450981110201	隆盛村委会	110.503675	22.514263	0	16	38	乡镇
450923118201	凤山村委会	110.007800	22.054090	0	30	72	村庄
450981120208	煌炉村委会	110.441696	22.239995	0	18	40	乡镇
450921100206	平坡村委会	110.558000	22.857800	0	14	29	区县
450921110206	半月村委会	110.467116	23.045658	0	18	66	乡镇
450981102400	陶瓷工业园区社区	110.439259	22.743509	0	18	66	乡镇
450922111208	楼脚村委会	110.318578	21.951189	0	18	66	乡镇
450922101208	白坭村委会	110.264341	22.122979	1	80	100	政府机构
450923125206	那青村委会	109.832446	21.827668	0	18	66	乡镇
450903109214	旺老村村委会	110.031417	22.465223	1	80	100	政府机构
450924105204	安善村委会	109.886413	22.925005	0	18	66	乡镇
450921107202	古练村委会	110.593471	23.003630	1	80	100	政府机构
450981104215	大容村委会	110.341226	22.820934	0	18	66	乡镇
450922108212	坡脚村委会	110.275719	22.396091	1	80	100	政府机构
450923122202	那卜村委会	109.911808	21.863081	0	18	66	乡镇
450924106214	石槐村委会	109.965216	22.920103	0	18	40	乡镇
450981107205	小马村委会	110.191180	22.769039	0	30	72	村庄
450921104212	谭和村委会	110.718652	22.777381	0	18	40	乡镇
450981117205	冲表村委会	110.696018	22.295632	0	18	66	乡镇
450923121212	绿柏村委会	110.035029	21.924793	0	18	40	乡镇
450923124207	八壁村委会	109.895010	21.768661	0	18	35	乡镇
450922110209	那若村委会	110.346020	22.033230	0	25	47	乡镇
450921111207	螺北村委会	110.343495	22.961091	0	18	49	乡镇
450981112210	端寨村委会	110.431588	22.414907	0	16	38	乡镇
450902002210	合汉村委会	110.156060	22.618860	1	80	95	政府机构
450924103201	城隍村委会	109.741260	22.604810	0	30	72	村庄
450981121209	平旦村委会	110.599298	22.229957	0	18	40	乡镇
450923129209	永安村委会	109.765960	22.310550	0	30	72	村庄
450924110211	深塘村委会	110.109282	22.837296	0	18	66	乡镇
450921102217	四端村委会	110.595070	22.719159	0	30	58	UNKNOWN
450924100211	凤山村委会	109.918070	22.709260	0	30	72	村庄
450923120213	才苏村委会	110.150762	21.950684	0	18	40	乡镇
450981116204	垌尾村委会	110.522483	22.226627	1	80	100	政府机构
450981106204	旺山村委会	110.243160	22.763970	0	30	72	村庄
450921100011	河南社区居民委员会	110.509267	22.871456	0	16	38	乡镇
450921105213	温泉村委会	110.726510	22.562960	0	30	72	村庄
450923123203	大垌村委会	109.940000	21.890380	0	30	72	村庄
450923126001	松旺街社区居委会	109.754150	21.886279	0	50	82	UNKNOWN
450922109213	旺垌村委会	110.147367	22.036008	1	80	100	政府机构
450981115214	灰沙村委会	110.536733	22.356076	0	18	66	乡镇
450921106203	踏田村委会	110.812520	22.623700	0	30	58	村庄
450981105214	石埌塘村委会	110.292534	22.801857	0	18	35	乡镇
450903108215	井龙村村委会	109.972558	22.538099	1	80	100	政府机构
450924104205	鸣水村委会	109.898601	22.809263	1	80	100	政府机构
450923130205	径口村委会	110.082100	22.303810	0	30	72	村庄
450923120205	河滩村委会	110.150762	21.950684	0	18	66	乡镇
450924107203	万龙村委会	110.080033	22.891204	1	80	100	政府机构
450924102001	四新社区居委会	109.803546	22.688144	0	18	66	乡镇
450921105205	平洛村委会	110.730880	22.581690	0	25	70	乡镇
450921100007	北门社区居委会	110.509267	22.871456	0	16	65	乡镇
450981106212	覃冲村委会	110.435699	22.839706	1	80	100	政府机构
450921115205	泗河村委会	110.701250	22.983970	0	30	72	村庄
450922109205	莲塘村委会	110.242080	22.059330	0	30	72	村庄
450924104213	公和村委会	109.856402	22.820264	0	18	66	乡镇
450903108203	六塘村村委会	110.006963	22.547495	1	80	100	政府机构
450981105202	大车村委会	110.253220	22.826820	0	30	72	村庄
450981115202	岭南村委会	110.536733	22.356076	0	18	66	乡镇
450924103217	幸福村委会	109.785180	22.621311	0	30	72	村庄
450902002206	分界村委会	110.156060	22.618860	1	80	95	政府机构
450923114218	新郑村委会	109.849639	22.021883	0	16	65	乡镇
450981102206	六感村委会	110.439259	22.743509	0	18	35	乡镇
450981112206	六楼村委会	110.431588	22.414907	0	16	65	乡镇
450921111211	登州村委会	110.388440	23.040011	0	30	58	UNKNOWN
450981104501	大容山林场生活区	110.365740	22.888880	0	30	58	村庄
450923127201	大安村委会	109.754369	21.732213	0	18	66	地产小区
450903112209	塘茂村委会	110.120255	22.435155	0	18	40	乡镇
450921102201	熊胆村委会	110.627875	22.713419	0	16	38	乡镇
450923117208	那花村委会	109.935329	21.970782	0	18	66	乡镇
450924110207	油村村委会	110.109282	22.837296	0	18	66	乡镇
450923107208	石塘村委会	109.642440	22.209039	0	30	72	村庄
450921112201	石寨村委会	110.581620	22.792130	0	30	72	村庄
450903108223	大水村村委会	109.903058	22.509342	1	80	100	政府机构
450981119201	六靖村委会	110.525400	22.249692	0	18	35	乡镇
450921104208	古泉村委会	110.742390	22.607840	1	80	94	餐饮
450923111201	四和村委会	109.925694	22.177413	0	18	66	乡镇
450924108210	六霍村委会	110.018640	22.751628	0	18	35	乡镇
450981109201	清水口村委会	110.376490	22.557434	0	18	66	乡镇
450902105005	大芦社区居委会	110.256684	22.662646	0	18	49	乡镇
450923121208	文黎村委会	110.035029	21.924793	0	18	66	乡镇
450922105206	桥头村委会	110.323420	22.508770	0	30	72	村庄
450921107218	古例村委会	110.543530	23.073150	0	30	72	村庄
450921109206	寻阳村委会	110.445031	22.953186	0	18	40	乡镇
450922108208	塘域村委会	110.328968	22.195800	0	16	65	乡镇
450903110214	新沙村村委会	110.092669	22.551507	1	80	100	政府机构
450923115215	霞岭村委会	109.696461	22.068670	0	16	38	乡镇
450922101212	洞心村委会	110.275006	22.324201	0	18	66	乡镇
450923116205	石柳村委会	109.640710	22.000845	0	18	66	乡镇
450923106205	水鸣村委会	109.834435	22.229359	0	18	66	乡镇
450981120212	大鹏村委会	110.441696	22.239995	0	18	40	乡镇
450922112202	长沙村委会	110.199177	22.372383	0	18	66	乡镇
450922102202	五柳村委会	110.252776	22.427835	0	18	66	乡镇
450981002001	新松社区居委会	110.342245	22.701537	1	80	100	政府机构
450981108001	塘岸圩社区居委会	110.301853	22.598459	0	18	49	乡镇
450923105203	石坪村委会	109.775471	22.157785	0	18	66	乡镇
450923115203	大观村委会	109.696461	22.068670	0	16	65	乡镇
450981118001	扶新圩社区居委会	110.691663	22.407327	0	25	55	乡镇
450923110001	黄凌街社区居委会	110.093709	22.138681	0	60	87	道路
450903110202	大楼村村委会	110.121195	22.516877	1	80	100	政府机构
450922101204	中兴村委会	110.275006	22.324201	0	18	66	乡镇
450922111204	八角村委会	110.318578	21.951189	0	18	66	乡镇
450923106213	上庄村委会	109.833540	22.178580	0	30	72	村庄
450923128204	诸岭村委会	109.840437	21.695211	0	18	40	乡镇
450981120204	石录村委会	110.441696	22.239995	0	18	40	乡镇
450981117209	平田垌村委会	110.698780	22.319000	0	30	72	村庄
450924108206	旺冲村委会	110.083769	22.905921	1	80	100	政府机构
450981107209	六马村委会	110.177241	22.774579	0	18	66	乡镇
450902105013	鹿塘社区居民委员会	110.256684	22.662646	0	18	40	乡镇
450921109210	大中村委会	110.445031	22.953186	0	18	66	乡镇
450923102207	大田村委会	109.853050	22.439320	0	30	72	村庄
450903107206	水岭村村委会	110.058075	22.591282	0	18	66	乡镇
450923112207	大康村委会	109.917097	22.091152	0	18	66	乡镇
450924105208	平塘村委会	109.886413	22.925005	0	18	66	乡镇
450903109218	忠荔村村委会	109.998780	22.447792	1	80	100	政府机构
450902113201	上罗村委会	110.042104	22.650073	0	20	67	乡镇
450923129205	贞平村委会	109.729568	22.318890	0	18	40	乡镇
450981121205	六到村委会	110.599298	22.229957	0	18	40	乡镇
450923117212	林桂村委会	109.935329	21.970782	0	18	40	乡镇
450923107212	大岗村委会	109.660688	22.239376	0	18	66	乡镇
450922110205	旺山村委会	110.316890	22.056490	0	30	72	村庄
450903111203	丽良村村委会	110.049480	22.374200	0	30	58	村庄
450923114202	火甲村委会	109.849639	22.021883	0	16	65	乡镇
450922107201	大桥村委会	110.231920	22.247579	0	30	72	村庄
450924104209	高田村委会	109.919930	22.862660	1	80	100	政府机构
450903108219	东高村村委会	109.891865	22.587549	1	80	100	政府机构
450921108211	云松村委会	110.649587	23.026120	0	25	70	乡镇
450981115218	六旺村委会	110.488191	22.367103	1	80	100	政府机构
450981106208	平安山村委会	110.261390	22.767177	0	25	70	乡镇
450924109207	靖定村委会	109.911527	22.978998	0	18	40	乡镇
450981116208	金头村委会	110.647390	22.351890	0	30	58	村庄
450923100216	富石村委会	109.998396	22.291946	0	18	66	乡镇
450922109209	鹿垌村委会	110.227220	22.042660	0	25	70	乡镇
450921108207	思旺村委会	110.641633	23.072717	1	80	100	政府机构
450922101005	九龙社区居委会	110.275006	22.324201	0	18	66	乡镇
450923120209	平旺村委会	110.150762	21.950684	0	18	66	乡镇
450922104207	六燕村委会	110.225993	22.567564	0	20	67	乡镇
450923130209	新田村委会	109.645460	22.144809	1	80	100	政府机构
450924109211	民安村委会	109.911527	22.978998	0	18	66	乡镇
450921105209	同和村委会	110.730880	22.581690	0	25	47	乡镇
450903109222	富塘村村委会	109.917609	22.467401	1	80	100	政府机构
450922103203	东西村委会	110.238900	22.519410	0	30	72	村庄
450902106202	龚罗村委会	110.069540	22.687220	0	18	40	乡镇
450981121213	禾界村委会	110.599298	22.229957	0	18	40	乡镇
450922113203	石塘村委会	110.129770	22.214070	0	30	72	村庄
450923107204	平安村委会	109.672860	22.235360	0	30	72	村庄
450923117204	百岸村委会	109.969761	21.996346	1	80	100	政府机构
450903112205	大义村委会	110.120255	22.435155	0	18	66	乡镇
450923114214	富新村委会	109.849639	22.021883	0	16	65	乡镇
450903111215	库顶村村委会	110.101420	22.410060	0	30	58	村庄
450902106209	木根村委会	110.069540	22.687220	0	18	66	乡镇
450923127206	南坡村委会	109.754369	21.732213	0	18	66	地产小区
450922103208	大兴村委会	110.214850	22.479380	0	30	72	村庄
450922113208	清平村委会	110.190280	22.199310	0	30	72	村庄
450981111211	三板村委会	110.506448	22.593626	0	18	66	乡镇
450921112206	大兆村委会	110.566980	22.767481	0	18	66	乡镇
450921102206	成美村委会	110.627875	22.713419	0	16	65	乡镇
450921111216	上垌村委会	110.548979	23.098551	1	80	100	政府机构
450981112201	六麻村委会	110.431588	22.414907	0	16	65	乡镇
450902002201	新联村委会	110.156060	22.618860	1	80	97	政府机构
450924103210	平巷村委会	109.730155	22.625365	0	18	40	乡镇
450981102201	民安村委会	110.439259	22.743509	0	18	66	乡镇
450922109202	新村村委会	110.165155	22.467239	1	80	100	政府机构
450981115205	上梯村委会	110.536733	22.356076	0	18	40	乡镇
450903108204	石围村村委会	110.025673	22.554978	1	80	100	政府机构
450924104214	对塘村委会	109.856402	22.820264	0	18	66	乡镇
450902005205	腾扬村委会	110.171693	22.652777	1	80	94	政府机构
450921106212	东华村委会	110.561739	22.956344	1	80	100	政府机构
450981105205	平地山村委会	110.292534	22.801857	0	18	66	乡镇
450923120202	大沙村委会	110.150762	21.950684	0	18	66	乡镇
450923130202	文水村委会	110.116800	22.287379	0	18	66	乡镇
450921115202	浪北村委会	110.696923	22.980916	0	18	40	乡镇
450924107204	宏福村委会	110.053084	22.912149	0	18	66	乡镇
450921105202	振新村委会	110.730880	22.581690	0	25	47	乡镇
450923123204	金固村委会	109.913139	21.899808	0	18	66	乡镇
450981105213	田心村委会	110.283967	22.723118	0	30	72	村庄
450921106204	坡亮村委会	110.791340	22.599880	0	25	47	乡镇
450924104202	新莲村委会	109.876987	22.820702	1	80	100	政府机构
450903108212	丹竹村村委会	109.972542	22.584480	1	80	100	政府机构
450981115213	仓田村委会	110.389981	22.803657	1	80	100	政府机构
450923120214	堂兰村委会	110.150762	21.950684	0	18	40	乡镇
450921105214	四维村委会	110.730880	22.581690	0	25	70	乡镇
450981103001	铁炉圩社区居委会	110.419689	22.854601	0	18	49	乡镇
450981106203	沙塘村委会	110.252810	22.752040	0	30	72	村庄
450921100016	厢西社区居民委员会	110.509267	22.871456	0	16	33	乡镇
450902003001	庆丰社区居委会	110.132300	22.634310	1	80	97	政府机构
450924107212	水田村委会	110.166420	22.896330	0	30	72	村庄
450981116203	东塘村委会	110.697390	22.341100	0	30	72	村庄
450981113001	新丰圩社区居委会	110.532390	22.463810	1	80	97	UNKNOWN
450903107221	三龙村村委会	110.076100	22.583991	0	30	58	村庄
450923127210	白树村委会	109.754369	21.732213	0	18	66	地产小区
450981101207	毓山村委会	110.465984	22.677576	0	18	40	乡镇
450923109207	大旺村委会	110.031781	22.178649	0	18	66	乡镇
450921102210	杨梅村委会	110.649270	22.704710	0	30	72	村庄
450924100216	横枫村委会	109.875710	22.741849	0	25	47	乡镇
450923119207	白均村委会	110.115650	22.037205	0	18	40	乡镇
450921112210	上烟村委会	110.566980	22.767481	0	18	66	乡镇
450981111207	古哿村委会	110.506448	22.593626	0	18	40	乡镇
450923114209	大车村委会	109.753320	21.971979	0	30	72	村庄
450924103206	塘肚村委会	110.019235	22.547012	1	80	100	政府机构
450903111208	上中村村委会	109.955357	22.391909	1	80	100	政府机构
450981112217	六寨村委会	110.684429	22.791848	1	80	100	政府机构
450981117202	文城村委会	110.696018	22.295632	0	18	66	乡镇
450924106213	石山村委会	109.954720	22.888920	0	30	72	村庄
450921104215	佳香村委会	110.742390	22.607840	1	80	94	餐饮
450981107202	罗样村委会	110.177241	22.774579	0	18	40	乡镇
450902105018	湘汉社区居民委员会	110.256684	22.662646	0	18	66	乡镇
450924100001	石南街社区居委会	109.875710	22.741849	0	25	55	乡镇
450902004212	凤村村委会	110.148253	22.646829	1	80	97	政府机构
450924105203	合民村委会	109.886413	22.925005	0	18	40	乡镇
450902001010	东岳社区居委会	110.165914	22.639997	1	80	100	政府机构
450903109213	调马村村委会	110.016239	22.493833	1	80	100	政府机构
450981104212	萝村村委会	110.341226	22.820934	0	18	66	乡镇
450921107205	古长村委会	110.564487	23.029066	0	16	65	乡镇
450922108215	旺岭村委会	110.328968	22.195800	0	16	65	乡镇
450924112207	新安村委会	110.026420	22.879061	0	30	72	村庄
450921110201	黎木村委会	110.467116	23.045658	0	18	66	乡镇
450923105208	登山村委会	109.775471	22.157785	0	18	40	乡镇
450924102207	新荣村委会	109.776150	22.710390	0	30	72	村庄
450903110209	五金村村委会	110.102340	22.527060	0	30	72	村庄
450923115208	长远村委会	109.696461	22.068670	0	16	65	乡镇
450981106501	新圩园艺场生活区	110.237931	22.739452	0	40	65	UNKNOWN
450923125201	白平村委会	109.832446	21.827668	0	18	40	乡镇
450923118206	竹围村委会	109.999408	22.014164	1	80	100	政府机构
450921113211	塘冲村委会	110.692190	22.903250	0	30	72	村庄
450981110206	南禄村委会	110.503675	22.514263	0	16	65	乡镇
450924101217	阳村村委会	109.916030	22.653497	1	80	100	政府机构
450902005004	绿杨社区居委会	110.168849	22.658146	1	80	95	地产小区
450981100206	大燕塘村委会	110.387421	22.696541	0	18	66	乡镇
450923108206	道根村委会	109.596458	22.119406	0	18	40	乡镇
450921103211	六华村委会	110.598525	22.635717	0	18	40	乡镇
450923126211	旺宝村委会	109.759940	21.889679	0	25	47	乡镇
450921100217	励志村委会	110.509267	22.871456	0	16	38	乡镇
450924102211	立石村委会	109.807543	22.667278	1	80	100	政府机构
450923108210	四联村委会	109.596458	22.119406	0	18	66	乡镇
450921103207	守善村委会	110.598525	22.635717	0	18	66	乡镇
450981100210	鸭埌村委会	110.336139	22.736679	0	30	58	村庄
450924101201	龙泉村委会	109.959790	22.677040	0	30	72	村庄
450981110210	三和里村委会	110.503675	22.514263	0	16	65	乡镇
450923118210	立石村委会	109.991865	22.047876	0	18	66	乡镇
450921113207	大坡村委会	110.710370	22.850809	0	30	72	村庄
450924111201	卖酒村委会	110.049498	22.796259	0	18	40	乡镇
450981120219	平田村委会	110.498210	22.181811	0	30	72	村庄
450923126207	潭连村委会	109.759940	21.889679	0	25	55	乡镇
450922102209	新民村委会	110.246040	22.427650	0	30	72	村庄
450981107214	雍熙村委会	110.177241	22.774579	0	18	40	乡镇
450921104203	温风村委会	110.718652	22.777381	0	18	40	乡镇
450924106205	大文村委会	109.965216	22.920103	0	18	66	乡镇
450921114203	思传村委会	110.496531	22.798262	1	80	100	政府机构
450923131203	和睦村委会	109.953878	22.307762	1	80	100	政府机构
450923124001	沙陂街社区居委会	109.895010	21.768661	0	18	49	乡镇
450923121203	谢樟村委会	110.035029	21.924793	0	18	40	乡镇
450921107213	金村村委会	110.559307	23.018741	1	80	100	政府机构
450981104204	元常村委会	110.341226	22.820934	0	18	40	乡镇
450903109205	上泉村村委会	110.041741	22.535425	1	80	100	政府机构
450924105215	新圩村委会	109.844450	22.969411	0	30	72	村庄
450902001006	州珮社区居委会	110.167717	22.631319	1	80	97	政府机构
450902004204	彭村村委会	110.148253	22.646829	1	80	95	政府机构
450981114204	三江村委会	110.591024	22.427891	0	18	66	乡镇
450922108203	龙化村委会	110.328968	22.195800	0	16	65	乡镇
450923114213	富山村委会	109.849639	22.021883	0	16	65	乡镇
450924101221	双凤村委会	109.884120	22.634240	0	30	72	村庄
450903111212	良平村村委会	110.075309	22.413405	1	80	100	政府机构
450922113204	旺坡村委会	110.145787	22.204496	0	18	66	乡镇
450981121214	龙南村委会	110.599298	22.229957	0	18	66	乡镇
450922103204	清秀村委会	110.246102	22.483289	0	18	66	乡镇
450902106205	大鹏村委会	110.069540	22.687220	0	18	40	乡镇
450923112001	旺茂街社区居委会	109.917097	22.091152	0	18	49	乡镇
450923117203	村头村委会	109.935329	21.970782	0	18	66	乡镇
450903112202	沙坑村委会	110.063300	22.471090	0	30	72	村庄
450923107203	佑邦村委会	109.660688	22.239376	0	18	40	乡镇
450923102001	双凤街社区居委会	109.889041	22.403843	0	18	49	乡镇
450922108223	陆河村委会	110.378490	22.177901	0	30	72	村庄
450903109225	大旺村村委会	109.884383	22.465414	1	80	100	政府机构
450924107208	长华村委会	110.053084	22.912149	0	18	66	乡镇
450981108207	独竹村委会	110.339480	22.650970	0	30	72	村庄
450923100207	西江村委会	109.979020	22.288880	0	30	72	村庄
450924109216	大同村委会	109.949280	23.008080	0	30	72	村庄
450922107210	美坡村委会	110.220653	22.249643	0	18	66	乡镇
450981105209	平山村委会	110.279720	22.762950	0	30	72	村庄
450924104218	五星村委会	109.856402	22.820264	0	18	66	乡镇
450903108208	劝场村村委会	110.006013	22.584728	1	80	100	政府机构
450981115209	双垌村委会	110.609011	22.412853	1	80	100	政府机构
450923100211	官田村委会	109.980965	22.262388	1	80	100	政府机构
450981108211	六高村委会	110.301853	22.598459	0	18	66	乡镇
450921105218	平石村委会	110.674610	22.503410	0	30	72	村庄
450922107206	大垌村委会	110.239690	22.261999	0	30	72	村庄
450921106208	鱼产村委会	110.773590	22.605640	0	80	58	村庄
450922110202	塘寨村委会	110.346020	22.033230	0	25	70	乡镇
450903111204	南流村村委会	110.052870	22.379469	0	25	70	乡镇
450923114205	石角村委会	109.824340	21.961940	0	30	72	村庄
450902106213	良村村委会	110.130137	22.686109	1	80	100	政府机构
450922103212	靖东村委会	110.246102	22.483289	0	18	40	乡镇
450981121202	中龙村委会	110.599298	22.229957	0	18	66	乡镇
450923129202	新祥村委会	109.729568	22.318890	0	18	40	乡镇
450921107209	康塘村委会	110.564487	23.029066	0	16	65	乡镇
450903107201	上坡村村委会	109.995953	22.621356	1	80	100	政府机构
450922108219	安东村委会	110.328968	22.195800	0	16	65	乡镇
450902113206	茂岑村委会	110.042104	22.650073	0	20	50	乡镇
450922106207	龙湾村委会	110.279773	22.425523	1	80	100	政府机构
450981119210	茶山村委会	110.533910	22.179859	0	30	72	村庄
450923111210	蒙村村委会	110.168793	22.171606	1	80	100	政府机构
450924104222	大良村委会	109.960756	22.884035	1	80	100	政府机构
450981109210	大荣村委会	110.376490	22.557434	0	18	66	乡镇
450924108201	龙安村委会	110.018640	22.751628	0	18	66	乡镇
450902105014	鹿潘社区居民委员会	110.256684	22.662646	0	18	40	乡镇
450902005008	长望社区居委会	110.171693	22.652777	1	80	97	政府机构
450923106214	上包村委会	109.834435	22.229359	0	18	66	乡镇
450981120203	河浪村委会	110.437257	22.265317	1	80	100	政府机构
450923128203	大益村委会	109.840437	21.695211	0	18	40	乡镇
450923115204	山桥村委会	109.755550	22.096029	0	30	72	村庄
450903110205	长屏村村委会	110.141877	22.509114	1	80	100	政府机构
450923105204	利罗村委会	109.775471	22.157785	0	18	40	乡镇
450923100006	江滨社区居委会	109.998396	22.291946	0	18	66	乡镇
450922111203	良村村委会	110.310041	21.960615	1	80	100	政府机构
450922101203	碰塘村委会	110.275006	22.324201	0	18	66	乡镇
450923106202	西塘村委会	109.849080	22.234971	0	30	72	村庄
450923116202	绿湖村委会	109.640710	22.000845	0	18	40	乡镇
450981002006	精通社区居委会	110.344695	22.702677	1	80	95	政府机构
450922102205	旺同村委会	110.252776	22.427835	0	18	66	乡镇
450922112205	永安村委会	110.192880	22.400060	0	30	72	村庄
450981120215	华东村委会	110.441696	22.239995	0	18	66	乡镇
450923100010	绿珠社区居委会	109.998396	22.291946	0	18	66	乡镇
450924100220	东龙村委会	109.875710	22.741849	0	25	70	乡镇
450903110213	辛仓村村委会	110.064051	22.536812	1	80	100	政府机构
450923115212	大鹏村委会	109.696461	22.068670	0	16	38	乡镇
450903107217	中枥村村委会	110.083550	22.607971	0	30	58	村庄
450921109201	松山村委会	110.459181	22.981004	1	80	100	政府机构
450981114208	汉凤村委会	110.591024	22.427891	0	18	40	乡镇
450902004208	高山村委会	110.148253	22.646829	1	80	95	政府机构
450903109209	莘鸣村村委会	109.998941	22.512150	0	30	58	村庄
450981104208	石塘村委会	110.401563	22.803311	1	80	100	政府机构
450921105222	六杨村委会	110.730880	22.581690	0	25	70	乡镇
450922106211	白马村委会	110.325920	22.389750	0	30	72	村庄
450981109206	香塘村委会	110.376490	22.557434	0	18	66	乡镇
450924106209	山奇村委会	109.965216	22.920103	0	18	40	乡镇
450923111206	温罗村委会	109.925694	22.177413	0	18	66	乡镇
450981119206	水冲村委会	110.525400	22.249692	0	18	66	乡镇
450902105002	金谷社区居委会	110.256684	22.662646	0	18	66	乡镇
450922105201	平乐村委会	110.292241	22.528512	0	18	66	乡镇
450981109207	大罗村委会	110.380900	22.571400	0	30	72	村庄
450924106208	龙平村委会	110.000110	22.971429	0	30	72	村庄
450923111207	民付村委会	109.925694	22.177413	0	18	40	乡镇
450981119207	西山村委会	110.506590	22.221760	0	30	72	村庄
450902100201	大塘村委会	110.149120	22.725090	0	30	72	村庄
450902105003	泉塘社区居委会	110.256684	22.662646	0	18	66	乡镇
450903107216	上枥村村委会	110.083390	22.612281	0	30	58	村庄
450981114209	丹花村委会	110.591024	22.427891	0	18	40	乡镇
450902004209	潘岭村委会	110.148253	22.646829	1	80	97	政府机构
450903109208	罗冲村村委会	109.975182	22.522873	1	80	100	政府机构
450981104209	会众村委会	110.341226	22.820934	0	18	40	乡镇
450921105223	六胜村委会	110.730880	22.581690	0	25	70	乡镇
450922106210	和平村委会	110.308990	22.349160	0	30	72	村庄
450923100011	石和塘社区居委会	109.998396	22.291946	0	18	49	乡镇
450903110212	田横村村委会	110.066605	22.503369	1	80	100	政府机构
450923115213	大石村委会	109.699330	22.036189	0	30	72	村庄
450922101214	风淳村委会	110.275006	22.324201	0	18	40	乡镇
450923106203	新和村委会	109.872830	22.238409	0	30	72	村庄
450923116203	山蕉村委会	109.640710	22.000845	0	18	40	乡镇
450981002007	碧桂社区居委会	110.344695	22.702677	1	80	97	政府机构
450922102204	桥鲁村委会	110.252776	22.427835	0	18	66	乡镇
450922112204	永旺村委会	110.199177	22.372383	0	18	40	乡镇
450981120214	下珍村委会	110.441696	22.239995	0	18	66	乡镇
450923115205	玉桥村委会	109.696461	22.068670	0	16	65	乡镇
450903110204	旺村村委会	110.123355	22.494384	1	80	100	政府机构
450923105205	马门村委会	109.788180	22.086420	0	30	72	村庄
450923100007	城关社区居委会	109.998396	22.291946	0	18	66	乡镇
450922111202	长径村委会	110.318578	21.951189	0	18	66	乡镇
450981001001	陵宁社区居委会	110.355062	22.708486	1	80	95	地产小区
450922101202	四良村委会	110.275006	22.324201	0	18	35	乡镇
450902005009	大囊社区居委会	110.171693	22.652777	1	80	95	政府机构
450923106215	双桂村委会	109.834435	22.229359	0	18	66	乡镇
450981120202	六金村委会	110.441696	22.239995	0	18	40	乡镇
450923128202	官岭村委会	109.840437	21.695211	0	18	66	乡镇
450981119211	长江村委会	110.536770	22.275109	0	30	72	村庄
450923111211	白花村委会	109.995049	22.014048	1	80	100	政府机构
450921104218	大公村委会	110.752710	22.741580	0	30	72	村庄
450924104223	石门村委会	109.792750	22.806640	0	30	72	村庄
450902105015	沙井社区居民委员会	110.018690	22.816420	0	30	58	UNKNOWN
450921107208	泗关村委会	110.554423	22.951654	1	80	100	政府机构
450923112201	旺茂村委会	109.917097	22.091152	0	18	66	乡镇
450923102201	双凤村委会	109.880580	22.409400	0	30	72	村庄
450922108218	水花村委会	110.328968	22.195800	0	16	65	乡镇
450902113207	铁匠村委会	110.042104	22.650073	0	20	67	乡镇
450922106206	六潘村委会	110.373230	22.337861	0	16	38	乡镇
450902106212	周村村委会	110.126789	22.694721	1	80	100	政府机构
450922103213	靖西村委会	110.246102	22.483289	0	18	40	乡镇
450981121203	白米村委会	110.599298	22.229957	0	18	66	乡镇
450923129203	太安村委会	109.729568	22.318890	0	18	66	乡镇
450921100220	木井村委会	110.644649	22.824945	1	80	100	政府机构
450922110203	三水村委会	110.346020	22.033230	0	25	70	乡镇
450903111205	大江村村委会	110.052870	22.379469	0	25	70	乡镇
450923114204	珠华村委会	109.899030	22.003590	0	30	72	村庄
450922107207	三善村委会	110.220653	22.249643	0	18	66	乡镇
450923106002	大利街社区居委会	109.834435	22.229359	0	18	49	乡镇
450921106209	马良村委会	110.791340	22.599880	0	25	70	乡镇
450924109201	罗平村委会	109.911527	22.978998	0	18	66	乡镇
450923100210	马塘村委会	109.952830	22.266440	0	30	72	村庄
450981108210	塘肚村委会	110.559219	22.499399	1	80	100	政府机构
450921105219	旺安村委会	110.730880	22.581690	0	25	70	乡镇
450922107211	北桑村委会	110.220653	22.249643	0	18	40	乡镇
450981105208	坡心村委会	110.242281	22.165805	1	80	100	政府机构
450902005208	二泉村委会	110.171693	22.652777	1	80	97	政府机构
450903108209	通曹村村委会	109.996977	22.590208	1	80	100	政府机构
450924104219	博爱村委会	109.856402	22.820264	0	18	66	乡镇
450921108201	自良村委会	110.649587	23.026120	0	25	47	乡镇
450981115208	北河村委会	110.536733	22.356076	0	18	66	乡镇
450922108222	黎洪村委会	110.328968	22.195800	0	16	38	乡镇
450922114201	滩面村委会	110.213186	22.109236	0	18	40	乡镇
450922104201	珊罗村委会	110.225993	22.567564	0	20	41	乡镇
450922101003	长安社区居委会	110.268314	22.326388	1	80	100	政府机构
450981118206	茂化村委会	110.691663	22.407327	0	25	47	乡镇
450924107209	福德村委会	110.053084	22.912149	0	18	40	乡镇
450903109224	三塘村村委会	109.895510	22.475700	0	30	58	村庄
450981108206	长塘村委会	110.325365	22.643221	1	80	100	政府机构
450923100206	春石村委会	109.998396	22.291946	0	18	40	乡镇
450924109217	大兴村委会	109.950060	22.997870	0	30	72	村庄
450922113205	四和村委会	110.145787	22.204496	0	18	66	乡镇
450981121215	香田村委会	110.643150	22.159300	0	30	58	村庄
450922103205	六平村委会	110.246102	22.483289	0	18	40	乡镇
450902106204	中庞村委会	110.069540	22.687220	0	18	40	乡镇
450923117202	美沙村委会	109.935329	21.970782	0	18	40	乡镇
450903112203	爱国村委会	110.120255	22.435155	0	18	66	乡镇
450923107202	乐民村委会	109.660688	22.239376	0	18	40	乡镇
450903107001	福东社区居民委员会	110.058075	22.591282	0	18	40	乡镇
450923114212	大湖村委会	109.772610	21.991560	0	30	72	村庄
450903111213	和平村村委会	110.079689	22.373480	1	80	100	政府机构
450924101220	南村村委会	109.920837	22.643895	1	80	100	政府机构
450921107212	竹山村委会	110.538210	22.979019	0	30	72	村庄
450981104205	水岸村委会	110.341226	22.820934	0	18	66	乡镇
450902001007	垌口社区居委会	110.167717	22.631319	1	80	95	政府机构
450924105214	水口莫村委会	109.894860	22.931270	0	30	51	UNKNOWN
450903109204	新发村村委会	110.025155	22.531338	1	80	100	政府机构
450902004205	睦马村委会	110.148253	22.646829	1	80	97	政府机构
450981114205	上安村委会	110.591024	22.427891	0	18	66	乡镇
450922108202	沙江村委会	110.235380	22.147729	0	30	72	村庄
450981107215	林村村委会	110.177241	22.774579	0	18	66	乡镇
450921104202	谭螺村委会	110.718652	22.777381	0	18	40	乡镇
450924106204	凤文村委会	109.965216	22.920103	0	18	40	乡镇
450921114202	祖立村委会	110.479047	22.800299	0	20	41	乡镇
450923131202	新旺村委会	109.936450	22.296599	0	30	72	村庄
450923121202	金山村委会	110.069690	21.873930	0	30	72	村庄
450923108211	太平村委会	109.596458	22.119406	0	18	66	乡镇
450921103206	灵山村委会	110.586090	22.649080	0	30	72	村庄
450981100211	新城村委会	110.364560	22.745220	0	30	72	村庄
450981110211	三和外村委会	110.503675	22.514263	0	16	33	乡镇
450923118211	庞丁村委会	109.991865	22.047876	0	18	40	乡镇
450921113206	杨外村委会	110.645218	22.880032	0	18	66	乡镇
450981120218	坡头村委会	110.374513	22.178800	1	80	100	政府机构
450922102208	乐宁村委会	110.252776	22.427835	0	18	40	乡镇
450923126206	周北村委会	109.733160	21.829560	0	30	58	UNKNOWN
450981103201	铁炉村委会	110.423173	22.816557	1	80	100	政府机构
450921100216	华南村委会	110.577002	22.859226	1	80	100	政府机构
450902003201	林村村委会	110.132300	22.634310	1	80	97	政府机构
450924102210	龙口村委会	109.764990	22.673910	0	30	72	村庄
450981113201	新丰村委会	110.541050	22.453860	0	30	72	村庄
450923118207	石榕村委会	109.991865	22.047876	0	18	40	乡镇
450921113210	流冲村委会	110.645218	22.880032	0	18	66	乡镇
450981110207	平坡村委会	110.496371	22.508066	1	80	100	政府机构
450902005005	石棠社区居委会	110.171693	22.652777	1	80	95	政府机构
450924101216	三联村委会	109.968684	22.666515	0	18	66	乡镇
450981100207	凉水井村委会	110.387421	22.696541	0	18	66	乡镇
450923108207	和邦村委会	109.596458	22.119406	0	18	40	乡镇
450921103210	当中村委会	110.598525	22.635717	0	18	66	乡镇
450923126210	横水村委会	109.759940	21.889679	0	25	70	乡镇
450923127401	广西北部湾经济区玉林龙潭产业园社区	109.728754	21.674415	1	80	100	UNKNOWN
450924112206	龙垌村委会	110.019680	22.849431	0	18	66	乡镇
450923105209	大塘村委会	109.742400	22.182510	0	30	72	村庄
450903110208	阳岗村村委会	110.122271	22.555569	1	80	100	政府机构
450924102206	葵西村委会	109.803546	22.688144	0	18	40	乡镇
450923115209	竹田村委会	109.696461	22.068670	0	16	65	乡镇
450923120002	三江街社区居委会	110.150762	21.950684	0	18	49	乡镇
450923130002	三育街社区居委会	110.126020	22.323420	0	60	87	道路
450902004213	谷山村委会	110.148253	22.646829	1	80	97	政府机构
450903109212	新龙村村委会	109.994268	22.483306	1	80	100	政府机构
450902001011	清湾江社区居委会	110.167717	22.631319	1	80	95	政府机构
450924105202	合成村委会	109.886413	22.925005	0	18	66	乡镇
450981104213	斗口村委会	110.341226	22.820934	0	18	66	乡镇
450921107204	复联村委会	110.564487	23.029066	0	16	38	乡镇
450923122204	石茅村委会	109.911808	21.863081	0	18	40	乡镇
450922108214	王沙村委会	110.328968	22.195800	0	16	65	乡镇
450981117203	南岸村委会	110.696018	22.295632	0	18	66	乡镇
450981112001	六麻居委会	110.431588	22.414907	0	16	47	乡镇
450924106212	西寨村委会	109.965216	22.920103	0	18	66	乡镇
450902002001	玉柴社区居委会	110.156060	22.618860	1	80	97	政府机构
450981102001	十字铺居委会	110.439259	22.743509	0	18	49	乡镇
450921104214	尤华村委会	110.742390	22.607840	1	80	94	餐饮
450981107203	沙埒村委会	110.177241	22.774579	0	18	66	乡镇
450923121214	新圩村委会	110.020610	21.887400	0	30	72	村庄
450981117501	大伦农场生活区	110.708990	22.302220	1	80	97	UNKNOWN
450923124201	那新村委会	109.895010	21.768661	0	18	66	乡镇
450923114208	枫木村委会	109.849639	22.021883	0	16	65	乡镇
450903111209	苏立村村委会	110.066250	22.428750	0	30	58	村庄
450924103207	枫木村委会	109.730155	22.625365	0	18	66	乡镇
450981112216	大旺村委会	110.431588	22.414907	0	16	65	乡镇
450921111201	旺广村委会	110.396800	22.970470	0	30	58	UNKNOWN
450923127211	高山村委会	109.754369	21.732213	0	18	66	地产小区
450981101206	五常村委会	110.427110	22.652669	1	80	100	政府机构
450923109206	建中村委会	109.993480	22.191170	0	30	72	村庄
450921102211	和丰村委会	110.654790	22.698310	0	30	72	村庄
450924100217	韦鸣村委会	109.875710	22.741849	0	25	47	乡镇
450923119206	扬旗村委会	110.115650	22.037205	0	18	40	乡镇
450921112211	下烟村委会	110.603610	22.774260	1	80	100	政府机构
450981111206	琴冲村委会	110.506448	22.593626	0	18	40	乡镇
450923120215	南凭村委会	110.150762	21.950684	0	18	35	乡镇
450921105215	和联村委会	110.730880	22.581690	0	25	70	乡镇
450981106202	梧村村委会	110.261469	22.767788	1	80	100	政府机构
450924107213	福田村委会	110.193830	22.892940	0	30	72	村庄
450981116202	睦雍村委会	110.679464	22.337182	0	18	40	乡镇
450903107220	沙浪村村委会	110.092695	22.576256	1	80	100	政府机构
450923123205	栗桂村委会	109.913139	21.899808	0	18	40	乡镇
450981105212	共和村委会	110.292534	22.801857	0	18	49	乡镇
450921106205	横山村委会	110.791340	22.599880	0	25	55	乡镇
450924101001	陈村社区居委会	109.968684	22.666515	0	18	66	乡镇
450903108213	安田村村委会	109.973887	22.568053	1	80	100	政府机构
450924104203	龙江村委会	109.940060	22.801049	0	30	72	村庄
450981115212	龙池村委会	110.541700	22.373860	0	30	72	村庄
450924111001	周覃社区居委会	110.049498	22.796259	0	18	66	乡镇
450923125001	双旺街社区居委会	109.825928	21.795521	0	50	82	道路
450923120203	文地村委会	110.150762	21.950684	0	18	66	乡镇
450923130203	大胜村委会	110.092790	22.268640	0	30	72	村庄
450921115203	泗利村委会	110.696923	22.980916	0	18	40	乡镇
450924107205	院垌村委会	110.053084	22.912149	0	18	40	乡镇
450921105203	太平村委会	110.730880	22.581690	0	25	70	乡镇
450922109203	冯杏村委会	110.227220	22.042660	0	25	47	乡镇
450981115204	石梯村委会	110.413221	22.290316	1	80	100	政府机构
450924104215	蓬塘村委会	109.830480	22.857007	1	80	100	政府机构
450903108205	百石村村委会	110.030865	22.560133	1	80	100	政府机构
450921106213	平贯村委会	110.791340	22.599880	0	25	47	乡镇
450981105204	西冲村委会	110.292534	22.801857	0	18	66	乡镇
450921111217	上石村委会	110.343495	22.961091	0	18	66	乡镇
450924103211	白沙村委会	109.985413	22.580083	1	80	100	政府机构
450902106208	鹤林村委会	110.069320	22.672800	0	30	72	村庄
450922103209	雄英村委会	110.246102	22.483289	0	18	40	乡镇
450923127207	兴华村委会	109.754369	21.732213	0	18	66	地产小区
450922113209	谭村村委会	110.145787	22.204496	0	18	66	乡镇
450924110201	小平山村委会	110.109282	22.837296	0	18	66	乡镇
450981111210	沙坡村委会	110.511340	22.628161	0	30	72	村庄
450921112207	古兆村委会	110.566980	22.767481	0	18	40	乡镇
450924100201	黎村村委会	109.875710	22.741849	0	25	70	乡镇
450923109210	充仓村委会	110.031781	22.178649	0	18	40	乡镇
450921102207	义合村委会	110.627875	22.713419	0	16	65	乡镇
