451123100202	获庆村委会	111.240974	24.845110	0	18	40	乡镇
451103105203	高林村委会	111.330910	23.904450	0	30	72	村庄
451122104205	泉岭村委会	111.283745	24.445685	0	18	66	乡镇
451102101204	香花村委会	111.652822	24.336648	1	80	100	政府机构
451121108205	庇江村委会	110.994787	24.221951	0	16	38	乡镇
451102102214	坪景村委会	111.841510	24.211260	1	80	92	地产小区
451122100211	丹龙村委会	111.273376	24.560035	0	16	65	乡镇
451123107206	泗源村委会	111.217772	24.958367	0	18	66	乡镇
451103102207	塘面村委会	111.579070	24.377051	1	80	100	政府机构
451121208207	中平村委会	110.987350	23.802980	0	25	70	村庄
451122113201	红花村委会	111.176960	24.583310	0	30	72	村庄
451103101201	黄田村委会	111.549747	24.441047	1	80	100	政府机构
451102105206	旺黎村委会	111.974000	24.375280	0	25	47	乡镇
451122100207	潮滩村委会	111.273376	24.560035	0	16	38	乡镇
451121208211	鹿坡村委会	110.945027	23.705056	1	80	100	政府机构
451123203206	龙岩村委会	111.265340	24.753370	0	30	72	村庄
451121102219	古碌村委会	111.210757	24.247515	0	25	70	乡镇
451103102211	垌坪村委会	111.543409	24.280332	0	18	66	乡镇
451123107210	凤岭村委会	111.217772	24.958367	0	18	66	乡镇
451102116216	福联村委会	111.614273	24.017828	0	16	65	乡镇
451102106216	平安村委会	111.804070	24.695170	0	30	72	村庄
451103201203	威竹村委会	111.316844	24.016546	0	18	40	乡镇
451123100214	黄龙村委会	111.240974	24.845110	0	18	66	乡镇
451122200205	宝鹿村委会	111.128490	24.542540	0	25	47	乡镇
451102101212	三凤村委会	111.711021	24.306111	0	16	65	乡镇
451103106205	百富村委会	111.430748	24.593220	0	16	65	乡镇
451123103204	高路村委会	111.332216	24.785990	0	25	70	乡镇
451102102202	步头村委会	111.691610	24.218720	0	25	70	乡镇
451122107203	卫田村委会	111.364368	24.316473	0	20	67	乡镇
451102117217	兴全村委会	111.737069	23.870549	0	18	40	乡镇
451123106211	马槽村委会	111.303074	24.975578	0	18	66	乡镇
451103103210	忠回村委会	111.448472	24.298059	0	16	38	乡镇
451102104207	平阳村委会	111.927290	24.604750	0	30	72	村庄
451122111206	黄桥村委会	111.044730	24.405941	0	30	72	村庄
451102114207	会灵村委会	111.728882	24.070722	1	80	100	政府机构
451123100003	阳寿社区居委会	111.240974	24.845110	0	18	66	乡镇
451123105201	麦岭村委会	111.353463	25.046195	0	18	66	乡镇
451121100208	富裕村委会	110.802869	24.087406	1	80	100	政府机构
451122106202	林樟村委会	111.383811	24.377988	0	18	40	乡镇
451102106001	桂岭街社区居委会	111.838182	24.691483	0	16	47	乡镇
451102103203	新燕村委会	111.587133	24.412991	1	80	100	政府机构
451121109212	平田村委会	111.213220	24.126780	0	30	72	村庄
451123102205	莲塘村委会	111.371240	24.760620	0	30	72	村庄
451103107204	龙山村委会	111.372300	24.451849	0	30	72	村庄
451122201204	沙坪村委会	111.142590	24.712109	0	30	72	村庄
451103104214	解元村委会	111.338410	24.207101	0	30	72	村庄
451123200001	新华社区居委会	111.435457	24.796528	0	18	66	村庄
451102103215	白花村委会	111.662427	24.416779	0	16	65	乡镇
451103107212	洞石村委会	111.392474	24.480187	0	18	40	乡镇
451121109204	高岩村委会	111.275881	24.161182	1	80	100	政府机构
451122100006	城南社区居委会	111.273376	24.560035	0	16	65	乡镇
451122105204	黎塘村委会	111.330510	24.400590	0	30	72	村庄
451103104202	东绿村委会	111.346102	24.198094	0	16	33	乡镇
451123101203	鸡岭村委会	111.393467	24.666174	0	18	66	乡镇
451123104001	香草坪社区居委会	111.378860	24.874662	1	80	100	政府机构
451102117201	铺门村委会	111.769610	23.888691	1	80	100	政府机构
451102107201	开山村委会	111.732384	24.765219	1	80	100	政府机构
451123108219	长塘村委会	111.241770	25.101600	0	30	72	村庄
451103103206	松木村委会	111.448472	24.298059	0	16	65	乡镇
451123106207	深坡村委会	111.303074	24.975578	0	18	66	乡镇
451102114211	祉洞村委会	111.745945	24.027331	0	16	38	乡镇
451122111210	南妙村委会	111.071859	24.384873	0	16	33	乡镇
451102104211	赵平村委会	111.896410	24.544100	0	25	70	乡镇
451123201201	石枧村委会	111.405800	24.964034	1	80	100	政府机构
451103104222	清水村委会	111.385780	24.140780	0	30	72	村庄
451121108209	佛丁村委会	110.994787	24.221951	0	16	38	乡镇
451122109207	大桥村委会	111.211860	24.462520	0	30	72	村庄
451121105207	新兴村委会	110.893810	23.909260	0	30	72	村庄
451102101208	进贤村委会	111.711021	24.306111	0	16	38	乡镇
451122104209	力争村委会	111.283745	24.445685	0	18	66	乡镇
451121107001	五将街居委会	110.857395	24.001933	1	80	100	政府机构
451121102203	白山村委会	111.211230	24.251790	0	30	72	村庄
451102117221	车龙村委会	111.737069	23.870549	0	18	66	乡镇
451121206203	营盘村委会	111.311750	24.262259	0	30	72	村庄
451121102215	罗望村委会	111.210757	24.247515	0	25	70	乡镇
451102001202	三加村委会	111.543550	24.412960	1	80	97	政府机构
451121101205	纸社村委会	110.799565	24.278601	0	16	38	乡镇
451123103208	杨村村委会	111.332216	24.785990	0	25	70	乡镇
451103106209	同乐村委会	111.367139	24.334518	1	80	100	政府机构
451122109211	黄凤村委会	111.202819	24.475416	0	18	40	乡镇
451123100218	洋溪村委会	111.216550	24.851800	0	30	72	村庄
451121105211	东旺村委会	110.954090	23.947669	0	30	72	村庄
451121100204	大壮村委会	110.807645	24.175937	1	80	100	政府机构
451102109205	新华村委会	111.655690	24.626470	0	30	72	村庄
451123108203	黄宝村委会	111.170370	25.019071	0	25	70	乡镇
451121104210	平恩村委会	110.811000	24.169401	0	14	27	区县
451103104218	社山村委会	111.346102	24.198094	0	16	65	乡镇
451103107208	金竹村委会	111.441330	24.460990	0	30	72	村庄
451123102209	米溪村委会	111.352060	24.758720	0	25	47	乡镇
451121104206	善政村委会	111.056454	24.075885	0	16	38	乡镇
451102101224	长利村委会	111.711021	24.306111	0	16	65	乡镇
451102103219	龙雅村委会	111.662427	24.416779	0	16	65	乡镇
451122108206	平竹村委会	111.240105	24.354620	0	18	66	乡镇
451121109208	水龙村委会	111.240410	24.133152	0	18	66	乡镇
451121107216	武阳村委会	110.826830	23.966450	0	30	72	村庄
451102001003	西约社区居委会	111.543550	24.412960	1	80	95	政府机构
451102106220	双凤村委会	111.826140	24.686071	0	30	72	村庄
451121100212	裕益村委会	110.807270	24.170841	0	25	47	乡镇
451123108215	高宅村委会	111.170370	25.019071	0	25	70	乡镇
451121103202	砂子村委会	111.143620	24.004440	0	25	70	乡镇
451123108214	石林村委会	111.170370	25.019071	0	25	70	乡镇
451121103203	瑶山村委会	111.212610	24.037810	0	30	72	村庄
451102106221	梅桂村委会	111.838182	24.691483	0	16	65	乡镇
451121100213	玉河村委会	110.821190	24.073230	0	30	72	村庄
451102003204	厦良村委会	111.545068	24.407325	1	80	100	政府机构
451102103218	文坡村委会	111.662427	24.416779	0	16	65	乡镇
451122108207	奉政村委会	111.240105	24.354620	0	18	40	乡镇
451121109209	樟村村委会	111.245038	24.110137	1	80	100	政府机构
451121107217	大坪村委会	110.840715	23.988458	1	80	100	政府机构
451102001002	新宁社区居委会	111.543550	24.412960	1	80	97	政府机构
451121104207	良佑村委会	111.116090	24.085200	0	30	58	UNKNOWN
451121107201	良风村委会	110.854360	24.003950	0	25	47	乡镇
451103107209	老柱村委会	111.392474	24.480187	0	18	40	乡镇
451123102208	洋狮村委会	111.352060	24.758720	0	25	47	乡镇
451121104211	观音村委会	111.053510	24.125521	0	30	72	村庄
451103104219	东鹅村委会	111.346102	24.198094	0	16	33	乡镇
451102109204	培才村委会	111.637591	24.628452	0	18	66	乡镇
451123108202	东水村委会	111.179500	25.028980	0	30	72	村庄
451121100205	上岸村委会	111.200013	24.049352	1	80	100	政府机构
451121201206	茅坪村委会	110.626990	24.340241	0	30	72	村庄
451121105210	清洲村委会	111.040810	23.877661	0	25	47	乡镇
451102003005	厦良社区居委会	111.544240	24.404110	1	80	97	政府机构
451123103209	大岭村委会	111.332216	24.785990	0	25	70	乡镇
451103106208	立头村委会	111.430748	24.593220	0	16	65	乡镇
451122109210	里太村委会	111.174414	24.519777	1	80	100	政府机构
451121101204	七冲村委会	110.799565	24.278601	0	16	65	乡镇
451121206202	中央垌村委会	111.295835	24.246048	0	18	66	村庄
451121102214	凤立村委会	111.155023	24.287524	1	80	100	政府机构
451102117220	全乐村委会	111.737069	23.870549	0	18	66	乡镇
451121102202	春甫村委会	111.210757	24.247515	0	25	47	乡镇
451121105206	古袍村委会	111.040810	23.877661	0	25	47	乡镇
451121100004	城北社区居委会	110.807270	24.170841	0	25	70	乡镇
451102101209	双瑞村委会	111.711021	24.306111	0	16	38	乡镇
451122104208	龙岛村委会	111.283745	24.445685	0	18	40	乡镇
451103104223	茶坪村委会	111.346102	24.198094	0	16	65	乡镇
451121108208	黄胆村委会	110.994787	24.221951	0	16	65	乡镇
451122109206	江台村委会	111.202819	24.475416	0	18	40	乡镇
451102114210	两合村委会	111.732188	23.987193	1	80	100	政府机构
451122111211	五权村委会	111.071859	24.384873	0	16	65	乡镇
451102104210	同宁村委会	111.896410	24.544100	0	25	47	乡镇
451122112201	燕塘村委会	111.076338	24.522149	0	16	65	乡镇
451123108218	黄沙村委会	111.170370	25.019071	0	25	70	乡镇
451103103207	狮中村委会	111.436678	24.301700	1	80	100	政府机构
451123106206	岐山村委会	111.280450	24.961411	0	30	72	村庄
451122100007	城北社区居委会	111.297628	24.527333	1	80	100	政府机构
451122105205	新凤村委会	111.320425	24.402192	0	18	66	乡镇
451103104203	杨会村委会	111.327357	24.255881	1	80	100	政府机构
451103101001	黄田社区居委会	111.547510	24.442411	1	80	100	政府机构
451123101202	木江村委会	111.393467	24.666174	0	18	66	乡镇
451102103214	冲坪村委会	111.662427	24.416779	0	16	65	乡镇
451121109205	岩口村委会	111.284800	24.158641	0	30	72	村庄
451122201205	竹梅村委会	111.215420	24.665630	0	30	72	村庄
451103104215	大姚村委会	111.346102	24.198094	0	16	65	乡镇
451102002008	太白社区居委会	111.570449	24.409718	1	80	100	政府机构
451122106203	江亚村委会	111.383811	24.377988	0	18	40	乡镇
451102103202	桂水村委会	111.662427	24.416779	0	16	38	乡镇
451121109213	古莲村委会	111.240410	24.133152	0	18	40	乡镇
451123102204	罗山村委会	111.368020	24.728830	0	30	72	村庄
451103107205	中红村委会	111.392474	24.480187	0	18	40	乡镇
451102104206	三合村委会	111.896410	24.544100	0	25	70	乡镇
451122111207	六寨村委会	111.071859	24.384873	0	16	65	乡镇
451102114206	马塘村委会	111.733814	24.053147	1	80	100	政府机构
451123100002	仁升社区居委会	111.240974	24.845110	0	18	66	乡镇
451121100209	裕礼村委会	110.772331	24.081647	1	80	100	政府机构
451102117216	鹤州村委会	111.737069	23.870549	0	18	40	乡镇
451123106210	合洞村委会	111.303074	24.975578	0	18	66	乡镇
451103103211	桂山村委会	111.482890	24.287040	0	30	72	村庄
451103106204	新元村委会	111.403610	24.572120	0	30	72	村庄
451121108212	庙枒村委会	110.947685	24.232577	1	80	100	政府机构
451123103205	莫家村委会	111.332216	24.785990	0	25	70	乡镇
451102117001	铺门社区居委会	111.737069	23.870549	0	18	49	乡镇
451102102203	滦水村委会	111.769240	24.169881	0	60	80	UNKNOWN
451122107202	新民村委会	111.373970	24.344809	0	30	72	村庄
451123201001	石家社区居委会	111.393937	24.952488	1	80	100	政府机构
451103201202	宗文村委会	111.302627	24.033429	1	80	100	政府机构
451123100215	江塘村委会	111.240974	24.845110	0	18	66	乡镇
451122200204	板冠村委会	111.128490	24.542540	0	25	47	乡镇
451102101213	东球村委会	111.711021	24.306111	0	16	38	乡镇
451121208210	招林村委会	110.921360	23.770421	0	30	58	UNKNOWN
451123203207	洞井村委会	111.247680	24.714135	0	18	66	村庄
451121102218	中洞村委会	111.210757	24.247515	0	25	70	乡镇
451103102210	华山村委会	111.567540	24.325480	0	30	72	村庄
451123107211	栗木岗村委会	111.217772	24.958367	0	18	66	乡镇
451102116217	万善村委会	111.614273	24.017828	0	16	65	乡镇
451102106217	善华村委会	111.838182	24.691483	0	16	38	乡镇
451123104201	福利村委会	111.376030	24.874720	0	30	72	村庄
451102105207	沙洞村委会	112.007780	24.396041	0	30	72	村庄
451122100206	钟山街村委会	111.273376	24.560035	0	16	38	乡镇
451123107207	巍峰村委会	111.217772	24.958367	0	18	40	乡镇
451103102206	丹村村委会	111.558445	24.367934	1	80	100	政府机构
451121208206	盘石村委会	110.956290	23.795289	0	30	72	村庄
451102106201	桂岭村委会	111.807012	24.666992	1	80	100	政府机构
451102116201	三联村委会	111.666008	24.001819	1	80	100	政府机构
451123200201	东湾村委会	111.420280	24.836910	0	30	72	村庄
451122100210	杨岩村委会	111.273376	24.560035	0	16	38	乡镇
451121108204	东坪村委会	111.101280	24.268550	0	30	72	村庄
451103106212	望高村委会	111.430748	24.593220	0	16	65	乡镇
451102102215	永和村委会	111.691610	24.218720	0	25	70	乡镇
451123100203	铁耕村委会	111.240974	24.845110	0	18	40	乡镇
451123105001	麦岭社区居委会	111.353463	25.046195	0	18	49	乡镇
451103105202	水车村委会	111.310950	23.923408	0	18	66	乡镇
451122104204	东寨村委会	111.283745	24.445685	0	18	66	乡镇
451102101205	五协村委会	111.711021	24.306111	0	16	33	乡镇
451103104224	新村寨村委会	111.346102	24.198094	0	16	47	乡镇
451103001201	西湾村委会	111.492763	24.464496	1	80	97	政府机构
451122109201	公安村委会	111.202819	24.475416	0	18	66	乡镇
451123100208	茶家村委会	111.240974	24.845110	0	18	66	乡镇
451121100003	城西社区居委会	110.807270	24.170841	0	25	70	乡镇
451121105201	熊埠村委会	111.040810	23.877661	0	25	47	乡镇
451121102205	新寨村委会	111.194060	24.250049	0	30	72	村庄
451103103220	龙平村委会	111.455425	24.363259	0	30	72	村庄
451121102213	文洞村委会	111.262870	24.248335	1	80	100	政府机构
451121206205	太平村委会	111.195982	24.376864	1	80	100	政府机构
451121101203	大广村委会	110.799565	24.278601	0	16	38	乡镇
451102102208	大桂村委会	111.691610	24.218720	0	25	70	乡镇
451121201201	新中村委会	110.669140	24.252280	0	30	72	村庄
451102101218	龙扬村委会	111.711021	24.306111	0	16	38	乡镇
451121100202	马圣村委会	110.741049	24.147193	1	80	95	UNKNOWN
451122100221	龟石村委会	111.296140	24.634630	0	30	72	村庄
451102109203	青凤村委会	111.637591	24.628452	0	18	40	乡镇
451123108205	和平村委会	111.158130	25.013741	0	30	72	村庄
451121103212	思乐村委会	111.143620	24.004440	0	25	70	乡镇
451102103209	炭冲村委会	111.662427	24.416779	0	16	65	乡镇
451121107206	坪冲村委会	110.884800	24.057240	0	30	72	村庄
451103104208	田富村委会	111.346102	24.198094	0	16	38	乡镇
451102101222	河西村委会	111.661947	24.330499	1	80	100	政府机构
451121107210	恭城村委会	110.854360	24.003950	0	25	47	乡镇
451121100214	福登村委会	110.807270	24.170841	0	25	47	乡镇
451123108213	龙归村委会	111.170370	25.019071	0	25	70	乡镇
451121103204	百宜村委会	111.143620	24.004440	0	25	47	乡镇
451123100204	沙汪村委会	111.240974	24.845110	0	18	40	乡镇
451103105205	芳江村委会	111.310950	23.923408	0	18	40	乡镇
451122104203	东凤村委会	111.283745	24.445685	0	18	66	乡镇
451102101202	南木村委会	111.711021	24.306111	0	16	65	乡镇
451121108203	西坪村委会	110.994787	24.221951	0	16	65	乡镇
451102102212	榕木村委会	111.834283	24.145141	1	80	100	政府机构
451123200206	坪源村委会	111.402843	24.812078	1	80	100	政府机构
451123104210	水头屯村委会	111.330640	24.902230	0	30	58	村庄
451103101211	新村村委会	111.339753	24.193931	1	80	100	政府机构
451122100217	民富村委会	111.297246	24.522549	1	80	95	UNKNOWN
451121102209	岩头村委会	111.232920	24.290730	0	30	72	村庄
451121208201	木格村委会	110.987350	23.802980	0	25	70	村庄
451103102201	鹅塘圩村委会	111.543409	24.280332	0	18	35	乡镇
451122113207	俄柳村委会	111.180247	24.590661	0	18	40	乡镇
451102116206	玉石村委会	111.614273	24.017828	0	16	65	乡镇
451102106206	爱民村委会	111.850270	24.620020	0	30	72	村庄
451103101207	东水村委会	111.508450	24.507290	0	30	72	村庄
451123104206	浮田村委会	111.396107	24.887593	0	18	66	乡镇
451123200210	龙集村委会	111.435457	24.796528	0	18	66	村庄
451122100201	城厢街村委会	111.311390	24.527739	0	50	73	道路
451103102217	槽碓村委会	111.543409	24.280332	0	18	66	乡镇
451121206209	美村村委会	111.288250	24.211211	1	80	100	政府机构
451102106210	公平村委会	111.838182	24.691483	0	16	65	乡镇
451102116210	万兴村委会	111.780571	23.866362	1	80	100	政府机构
451123100212	西屏村委会	111.254770	24.839989	0	30	72	村庄
451103201205	古那村委会	111.316844	24.016546	0	18	40	乡镇
451102101214	双星村委会	111.711021	24.306111	0	16	65	乡镇
451122200203	保安村委会	111.091780	24.537710	0	30	72	村庄
451103106203	鱼塘村委会	111.413610	24.582340	1	80	100	政府机构
451123103202	茶源村委会	111.364346	24.834171	0	30	72	村庄
451102102204	梅中村委会	111.691610	24.218720	0	25	70	乡镇
451102117211	回岗村委会	111.737069	23.870549	0	18	40	乡镇
451123108209	蚌贝村委会	111.170370	25.019071	0	25	47	乡镇
451103103216	马峰村委会	111.448472	24.298059	0	16	65	乡镇
451102114201	信联村委会	111.745945	24.027331	0	16	38	乡镇
451102101003	长利社区居委会	111.711021	24.306111	0	16	65	乡镇
451102104201	大宁村委会	111.894391	24.549096	1	80	100	政府机构
451123105207	高桥村委会	111.359200	25.035930	0	30	72	村庄
451123100005	城东社区居委会	111.299015	24.807815	1	80	100	政府机构
451122106204	舞龙村委会	111.383811	24.377988	0	18	40	乡镇
451102103205	东鹿村委会	111.662427	24.416779	0	16	38	乡镇
451123107001	城北社区居委会	111.217772	24.958367	0	18	66	乡镇
451121109214	佳田村委会	111.194442	24.147956	1	80	100	政府机构
451123102203	金峰村委会	111.313791	24.709025	0	30	72	村庄
451103107202	羊头村委会	111.392474	24.480187	0	18	66	乡镇
451122201202	三联村委会	111.149222	24.699865	0	18	66	乡镇
451103104212	红宜村委会	111.330720	24.204050	0	30	72	村庄
451102103213	厚田村委会	111.662427	24.416779	0	16	65	乡镇
451121109202	三江村委会	111.240410	24.133152	0	18	66	乡镇
451123203001	柳家社区居委会	111.247680	24.714135	0	18	66	村庄
451102001009	合面狮电厂生活社区居委会	111.543550	24.412960	1	80	92	政府机构
451122105202	大虞村委会	111.342570	24.411351	0	30	58	UNKNOWN
451103104204	清泉村委会	111.346102	24.198094	0	16	65	乡镇
451123101205	茶青村委会	111.393467	24.666174	0	18	40	乡镇
451102107207	分水村委会	111.729410	24.698219	0	30	72	村庄
451102117207	龙桂村委会	111.737069	23.870549	0	18	40	乡镇
451122112206	九龙村委会	111.076338	24.522149	0	16	65	乡镇
451123106201	林桂村委会	111.303074	24.975578	0	18	40	乡镇
451121103208	镇南村委会	111.104430	23.951811	0	30	72	村庄
451102200201	黄洞村委会	111.772998	24.431089	1	80	100	政府机构
451122111216	东平村委会	111.108410	24.394910	0	30	72	村庄
451123105211	金田村委会	111.309350	25.052370	0	30	72	村庄
451123201207	泽源村委会	111.404851	24.969784	0	18	40	村庄
451122111217	河东村委会	111.096680	24.436091	0	30	72	村庄
451123105210	村黄村委会	111.353463	25.046195	0	18	49	乡镇
451123201206	龙湾村委会	111.426311	24.994614	1	80	100	政府机构
451102107206	安和村委会	111.699966	24.734534	0	18	66	乡镇
451102117206	兴华村委会	111.737069	23.870549	0	18	66	乡镇
451122112207	黄宝村委会	111.053711	24.515114	1	80	100	政府机构
451103103201	沙田村委会	111.441692	24.312715	1	80	100	政府机构
451121103209	三合村委会	111.143620	24.004440	0	25	70	乡镇
451122105203	松桂村委会	111.320425	24.402192	0	18	66	乡镇
451103104205	双洋村委会	111.319980	24.241669	0	30	72	村庄
451123101204	檠田村委会	111.401806	24.645420	1	80	100	政府机构
451102103212	仁冲村委会	111.662427	24.416779	0	16	65	乡镇
451121109203	陶坡村委会	111.240410	24.133152	0	18	66	乡镇
451122201203	星寨村委会	111.149222	24.699865	0	18	40	乡镇
451103104213	莲胜村委会	111.346102	24.198094	0	16	38	乡镇
451122106205	新栗村委会	111.383811	24.377988	0	18	40	乡镇
451102103204	美仪村委会	111.662427	24.416779	0	16	38	乡镇
451123102202	沙洲村委会	111.352060	24.758720	0	25	70	乡镇
451103107203	马山村委会	111.363960	24.466320	0	30	72	村庄
451122111201	清塘村委会	111.058160	24.392570	0	30	72	村庄
451102101002	河东社区居委会	111.711021	24.306111	0	16	65	乡镇
451123105206	秀林村委会	111.353463	25.046195	0	18	66	乡镇
451123100004	凤凰社区居委会	111.240974	24.845110	0	18	66	乡镇
451102117210	笛口村委会	111.737069	23.870549	0	18	40	乡镇
451123108208	塘源村委会	111.130690	24.994390	0	30	72	村庄
451103103217	马东村委会	111.488050	24.334779	0	30	72	村庄
451103106202	宝山村委会	111.441077	24.559028	1	80	100	政府机构
451123106001	葛坡街社区居委会	111.281110	24.947431	0	50	82	道路
451123103203	山田村委会	111.332216	24.785990	0	25	70	乡镇
451102102205	善中村委会	111.691610	24.218720	0	25	47	乡镇
451122107204	金鹅村委会	111.389520	24.315910	0	30	72	村庄
451123100213	社三村委会	111.240974	24.845110	0	18	40	乡镇
451103201204	里头村委会	111.316844	24.016546	0	18	66	乡镇
451102101215	联东村委会	111.753840	24.309440	0	30	72	村庄
451122200202	林坪村委会	111.008120	24.559039	0	30	72	村庄
451103102216	大明村委会	111.543409	24.280332	0	18	66	乡镇
451121206208	大同村委会	111.302140	24.221990	0	30	72	村庄
451123203201	凤岭村委会	111.247680	24.714135	0	18	66	村庄
451102106211	西山村委会	111.773240	24.635551	0	30	72	村庄
451102116211	东江村委会	111.701327	24.054756	1	80	100	政府机构
451103101206	下排村委会	111.443666	24.342835	1	80	100	政府机构
451123104207	务溪村委会	111.396107	24.887593	0	18	40	乡镇
451102105201	南中村委会	111.974310	24.374319	0	30	72	村庄
451102115201	爱群村委会	111.934280	23.984091	1	80	100	政府机构
451121102208	界塘村委会	111.212600	24.308010	0	30	72	村庄
451123107201	城北村委会	111.250860	24.936849	0	30	72	村庄
451122113206	汤公村委会	111.180247	24.590661	0	18	40	乡镇
451102116207	仁义村委会	111.614273	24.017828	0	16	65	乡镇
451102106207	英民村委会	111.826965	24.639651	1	80	100	政府机构
451123200207	路坪村委会	111.435457	24.796528	0	18	66	村庄
451103101210	黄田寨村委会	111.588330	24.540278	0	16	65	乡镇
451122100216	护平村委会	111.273376	24.560035	0	16	38	乡镇
451121108202	裕路村委会	111.020131	24.286107	1	80	100	政府机构
451102102213	高洞村委会	111.483662	24.375041	1	80	100	政府机构
451123100205	朝阳村委会	111.316100	24.825870	0	30	72	村庄
451103105204	寨脚村委会	111.231823	24.262471	1	80	100	政府机构
451102114001	大新社区居委会	111.745945	24.027331	0	16	65	乡镇
451122104202	兴联村委会	111.283745	24.445685	0	18	40	乡镇
451102101203	西南村委会	111.656914	24.318508	1	80	100	政府机构
451123108212	桐石村委会	111.170370	25.019071	0	25	47	乡镇
451121103205	富强村委会	111.155270	23.987400	0	30	72	村庄
451122108201	同古村委会	111.240105	24.354620	0	18	66	乡镇
451102101223	河东村委会	111.667210	24.331740	0	30	72	村庄
451121107211	仁德村委会	110.854360	24.003950	0	25	47	乡镇
451102001004	光明社区居委会	111.543550	24.412960	1	80	97	政府机构
451121104201	乐群村委会	111.056454	24.075885	0	16	65	乡镇
451103104209	石塔村委会	111.315190	24.215010	0	30	72	村庄
451102103208	永庆村委会	111.692710	24.403820	0	30	72	村庄
451121107207	新旺村委会	110.858120	24.009290	0	30	72	村庄
451122100220	罗旧村委会	111.273376	24.560035	0	16	38	乡镇
451103001001	西湾社区居委会	111.492763	24.464496	1	80	97	政府机构
451102109202	文汉村委会	111.637591	24.628452	0	18	49	乡镇
451123108204	秀水村委会	111.150250	25.026990	0	30	72	村庄
451121103213	汤水村委会	111.143620	24.004440	0	25	70	乡镇
451121100203	龙坪村委会	110.840681	23.981588	1	80	100	政府机构
451121105001	马江街居委会	111.040810	23.877661	0	25	55	乡镇
451102101219	大鸭村委会	111.711021	24.306111	0	16	65	乡镇
451102102209	象狮村委会	111.691610	24.218720	0	25	70	乡镇
451121101202	桂花村委会	110.799565	24.278601	0	16	65	乡镇
451121102212	篁竹村委会	111.210757	24.247515	0	25	70	乡镇
451121206204	黄屋村委会	111.295835	24.246048	0	18	66	村庄
451103103221	道西村委会	111.448472	24.298059	0	16	38	乡镇
451102002203	灵凤村委会	111.573940	24.411050	1	80	97	政府机构
451121206212	鹧鸪村委会	111.280050	24.190540	0	30	72	村庄
451121102204	崩江村委会	111.210757	24.247515	0	25	70	乡镇
451123100209	新坝村委会	111.280752	24.796989	1	80	100	政府机构
451121100002	城南社区居委会	110.807270	24.170841	0	25	70	乡镇
451121103206	牛角村委会	111.143620	24.004440	0	25	70	乡镇
451123108211	儒子村委会	111.170370	25.019071	0	25	47	乡镇
451102117209	河东村委会	111.777770	23.889400	0	30	72	村庄
451102106224	均洞村委会	111.981880	24.738520	0	30	58	村庄
451121107212	义德村委会	110.854360	24.003950	0	25	47	乡镇
451102101220	龙马村委会	111.711021	24.306111	0	16	65	乡镇
451122108202	金鸡村委会	111.268980	24.370410	0	30	72	村庄
451121104202	民福村委会	111.029040	23.966410	1	80	95	UNKNOWN
451121107204	平水村委会	110.811000	24.169401	0	14	27	区县
451121103210	登垌村委会	111.143620	24.004440	0	25	47	乡镇
451123108207	民主村委会	111.129710	25.014500	0	30	72	村庄
451103103218	龙中村委会	111.448472	24.298059	0	16	65	乡镇
451102109201	里松村委会	111.637591	24.628452	0	18	35	乡镇
451121105002	水运居委会	111.040810	23.877661	0	25	70	乡镇
451123105209	月塘村委会	111.305880	25.087220	0	30	72	村庄
451121201203	大中村委会	110.661949	24.303266	0	18	66	乡镇
451122109215	塘贝村委会	111.202819	24.475416	0	18	66	乡镇
451123104208	洞池村委会	111.396107	24.887593	0	18	40	乡镇
451103101209	长龙村委会	111.544970	24.454290	0	30	72	村庄
451121101201	文竹村委会	110.799565	24.278601	0	16	38	乡镇
451121206207	白坭村委会	111.295835	24.246048	0	18	66	村庄
451121102211	北莱村委会	111.210757	24.247515	0	25	43	乡镇
451122100219	龙井村委会	111.298790	24.595000	0	30	72	村庄
451123200208	先锋村委会	111.445740	24.780750	0	30	72	村庄
451103103222	道石村委会	111.491698	24.374113	0	50	73	UNKNOWN
451102116208	万民村委会	111.614273	24.017828	0	16	38	乡镇
451102106208	进民村委会	111.838182	24.691483	0	16	38	乡镇
451121102207	巩桥村委会	111.206695	24.218575	1	80	100	政府机构
451121206211	莲塘村委会	111.255440	24.212044	0	30	72	村庄
451121100001	城东社区居委会	110.807270	24.170841	0	25	70	乡镇
451121105203	盘古村委会	111.200705	24.233391	1	80	100	政府机构
451103001203	石梯村委会	111.492763	24.464496	1	80	97	政府机构
451122109203	梁屋村委会	111.202819	24.475416	0	18	66	乡镇
451123201205	坪珠村委会	111.404851	24.969784	0	18	40	村庄
451123105213	三民村委会	111.353463	25.046195	0	18	40	乡镇
451102114215	联盟村委会	111.812980	23.939970	0	30	72	村庄
451122111214	英家村委会	111.071859	24.384873	0	16	65	乡镇
451102200203	三歧村委会	111.798094	24.459855	0	16	33	乡镇
451103103202	狮东村委会	111.448472	24.298059	0	16	38	乡镇
451123106203	极乐村委会	111.303074	24.975578	0	18	66	乡镇
451123103001	横山社区居委会	111.332216	24.785990	0	25	70	乡镇
451102117205	南华村委会	111.750210	23.906440	0	30	72	村庄
451122112204	聚义村委会	111.076338	24.522149	0	16	38	乡镇
451102107205	西安村委会	111.699966	24.734534	0	18	66	乡镇
451103104206	联合村委会	111.346102	24.198094	0	16	47	乡镇
451102103211	新莲村委会	111.691410	24.432360	0	30	72	村庄
451103104210	双石村委会	111.300900	24.210820	0	30	72	村庄
451123102201	吉山村委会	111.355670	24.758000	0	30	72	村庄
451121107208	庆安村委会	110.854360	24.003950	0	25	70	乡镇
451122106206	同枝村委会	111.383811	24.377988	0	18	40	乡镇
451102103207	螺桥村委会	111.662427	24.416779	0	16	38	乡镇
451123105205	小田村委会	111.402970	25.009781	0	30	72	村庄
451123100007	新建社区居委会	111.240974	24.845110	0	18	66	乡镇
451102101001	河西社区居委会	111.711021	24.306111	0	16	65	乡镇
451102104203	同保村委会	111.896410	24.544100	0	25	47	乡镇
451122111202	印山村委会	111.071859	24.384873	0	16	65	乡镇
451102114203	狮峰村委会	111.745945	24.027331	0	16	38	乡镇
451103103214	红星村委会	111.448472	24.298059	0	16	47	乡镇
451102117213	河南村委会	111.785810	23.874410	0	30	72	村庄
451102102206	黄石村委会	111.655580	24.200390	0	30	72	村庄
451103106201	川岩村委会	111.421836	24.580789	1	80	100	政府机构
451122200201	平西村委会	111.128300	24.541980	0	30	72	村庄
451102101216	榕树村委会	111.711021	24.306111	0	16	65	乡镇
451123100210	木榔村委会	111.240974	24.845110	0	18	66	乡镇
451102116212	大洞村委会	111.930792	24.468293	1	80	100	政府机构
451102106212	兴德村委会	111.838182	24.691483	0	16	38	乡镇
451123203202	长溪江村委会	111.279628	24.656299	0	50	73	UNKNOWN
451103102215	明梅村委会	111.543409	24.280332	0	18	40	乡镇
451102115202	灵峰村委会	111.890590	23.974950	0	30	72	村庄
451102105202	垌新村委会	111.974000	24.375280	0	25	55	乡镇
451122100203	民和村委会	111.273376	24.560035	0	16	65	乡镇
451103101205	公和村委会	111.512138	24.442297	1	80	100	政府机构
451123104204	毛家村委会	111.269054	24.761213	1	80	100	政府机构
451102106204	大庆村委会	111.847060	24.689779	0	30	72	村庄
451122113205	铜盘村委会	111.180247	24.590661	0	18	66	乡镇
451102116204	松高村委会	111.614273	24.017828	0	16	38	乡镇
451123107202	六合村委会	111.217772	24.958367	0	18	66	乡镇
451103102203	厦岛村委会	111.543409	24.280332	0	18	40	乡镇
451121208203	大旦村委会	110.984290	23.804890	0	30	72	村庄
451122100215	升平村委会	111.273376	24.560035	0	16	65	乡镇
451103101213	浩洞村委会	111.648030	24.485211	0	30	72	村庄
451123200204	盘坝村委会	111.435457	24.796528	0	18	40	村庄
451102102210	三和村委会	111.691610	24.218720	0	25	70	乡镇
451121108201	走马村委会	110.994787	24.221951	0	16	65	乡镇
451122104201	回龙村委会	111.294630	24.439330	0	30	72	村庄
451102114002	东和社区居委会	111.745945	24.027331	0	16	65	乡镇
451123100206	羊公村委会	111.240974	24.845110	0	18	66	乡镇
451102101201	南堂村委会	111.711021	24.306111	0	16	38	乡镇
451102114003	县前社区居委会	111.720873	23.986268	1	80	100	政府机构
451123100207	竹稍村委会	111.240974	24.845110	0	18	40	乡镇
451103105206	龙坪村委会	111.605699	24.011163	1	80	100	政府机构
451102102211	大塘村委会	111.826440	24.158200	0	30	72	村庄
451122100214	乌洞村委会	111.273376	24.560035	0	16	65	乡镇
451103101212	清面村委会	111.588330	24.540278	0	16	38	乡镇
451123200205	莲山塘村委会	111.435457	24.796528	0	18	49	村庄
451102106205	金山村委会	111.839970	24.708630	0	30	72	村庄
451122113204	桃加村委会	111.180247	24.590661	0	18	40	乡镇
451102116205	新联村委会	111.614273	24.017828	0	16	65	乡镇
451123107203	马山村委会	111.204080	24.977319	0	30	72	村庄
451123102001	莲山街社区居委会	111.352060	24.758720	0	25	55	乡镇
451103102202	栗木村委会	111.522710	24.373105	1	80	100	政府机构
451121208202	富约村委会	110.987350	23.802980	0	25	47	村庄
451102115203	和平村委会	111.838590	23.993620	0	30	72	村庄
451102105203	良怀村委会	111.974000	24.375280	0	25	47	乡镇
451122100202	新里村委会	111.287489	24.527407	1	80	100	政府机构
451103101204	担石村委会	111.588330	24.540278	0	16	65	乡镇
451123104205	红岩村委会	111.435240	24.910339	0	30	72	村庄
451102116213	双龙村委会	111.681820	24.015649	0	30	72	村庄
451102106213	桐木村委会	111.838182	24.691483	0	16	65	乡镇
451123203203	新石村委会	111.264170	24.693529	0	30	72	村庄
451103102214	盘谷村委会	111.543409	24.280332	0	18	66	乡镇
451102101217	白沙村委会	111.711021	24.306111	0	16	65	乡镇
451103201206	龙槽村委会	111.269394	23.997920	1	80	100	政府机构
451123100211	山宝村委会	111.240974	24.845110	0	18	40	乡镇
451102102207	保塘村委会	111.691610	24.218720	0	25	70	乡镇
451123103201	粟江村委会	111.332216	24.785990	0	25	47	乡镇
451103103215	龙井村委会	111.467550	24.336081	0	30	72	村庄
451102117212	三洞村委会	111.737069	23.870549	0	18	66	乡镇
451123105204	新造村委会	111.353463	25.046195	0	18	66	乡镇
451123100006	马鞍山社区居委会	111.240974	24.845110	0	18	66	乡镇
451102104202	赖村村委会	111.879769	24.609984	1	80	100	政府机构
451122111203	康平村委会	111.071859	24.384873	0	16	65	乡镇
451102114202	新红村委会	111.713220	24.006380	0	30	72	村庄
451103107201	木家村委会	111.390330	24.481550	0	30	72	村庄
451121107209	河井村委会	110.854360	24.003950	0	25	47	乡镇
451102103206	古柏村委会	111.662427	24.416779	0	16	38	乡镇
451103104211	建新村委会	111.308710	24.198310	0	30	72	地产小区
451122201201	两安村委会	111.149222	24.699865	0	18	40	乡镇
451121109201	樟林村委会	111.240410	24.133152	0	18	66	乡镇
451102103210	长湾村委会	111.695460	24.419230	0	30	72	村庄
451103104207	东明村委会	111.363920	24.238960	0	30	72	村庄
451123101206	坪江村委会	111.393467	24.666174	0	18	66	乡镇
451122105201	石龙村委会	111.325510	24.414370	0	30	72	村庄
451103103203	新民村委会	111.430410	24.234900	0	30	72	村庄
451103106001	望高社区居委会	111.430748	24.593220	0	16	47	乡镇
451123106202	宅祥村委会	111.303074	24.975578	0	18	40	乡镇
451102117204	中华村委会	111.737069	23.870549	0	18	66	乡镇
451122112205	玉坡村委会	111.076338	24.522149	0	16	65	乡镇
451102107204	南和村委会	111.699966	24.734534	0	18	66	乡镇
451123201204	黄竹村委会	111.173180	24.649249	1	80	100	政府机构
451123105212	和睦村委会	111.326200	25.046600	0	30	72	村庄
451102114214	西田村委会	111.780914	23.931849	0	30	72	村庄
451102200202	都江村委会	111.798094	24.459855	0	16	38	乡镇
451122111215	大同村委会	111.085200	24.427390	0	30	72	村庄
451103001202	上宋村委会	111.492763	24.464496	1	80	97	政府机构
451122109202	双元村委会	111.177490	24.445920	0	30	72	村庄
451121105202	白梅村委会	110.726871	24.206115	1	80	100	政府机构
451102116209	龙珠村委会	111.614273	24.017828	0	16	65	乡镇
451102106209	草寺村委会	111.838182	24.691483	0	16	65	乡镇
451121102206	阳朔村委会	111.210757	24.247515	0	25	47	乡镇
451121206210	四和村委会	111.295835	24.246048	0	18	66	村庄
451102117224	扶隆村委会	111.737069	23.870549	0	18	40	乡镇
451122100218	太平村委会	111.195982	24.376864	1	80	100	政府机构
451123200209	路溪村委会	111.435457	24.796528	0	18	66	村庄
451103103223	田厂村委会	111.505974	24.393797	1	80	100	政府机构
451121206206	独石村委会	111.295835	24.246048	0	18	66	村庄
451121102210	杨村村委会	111.210757	24.247515	0	25	70	乡镇
451123104209	白竹村委会	111.390883	24.893386	1	80	100	政府机构
451103101208	里宁村委会	111.529320	24.458380	0	30	72	村庄
451122109214	大田村委会	111.241350	24.469240	0	30	72	村庄
451121201202	茶山村委会	110.729089	24.220539	1	80	100	政府机构
451121105214	沙婆村委会	110.911041	23.916282	1	80	100	政府机构
451121100201	龙潭村委会	110.731760	24.142720	0	30	72	村庄
451123105208	涌泉村委会	111.353463	25.046195	0	18	66	乡镇
451121103211	石齿村委会	111.143620	24.004440	0	25	47	乡镇
451123108206	岔山村委会	111.170370	25.019071	0	25	70	乡镇
451103103219	道东村委会	111.448472	24.298059	0	16	65	乡镇
451121107205	大胜村委会	110.898510	24.044910	0	30	72	村庄
451121104203	风清村委会	111.056454	24.075885	0	16	38	乡镇
451121107213	天保村委会	110.829380	23.998610	0	30	72	村庄
451102101221	新忠村委会	111.711021	24.306111	0	16	65	乡镇
451122108203	四合村委会	111.240105	24.354620	0	18	66	乡镇
451121103207	金龙村委会	111.115280	23.975080	0	30	72	村庄
451123108210	营上村委会	111.170370	25.019071	0	25	70	乡镇
451102117208	八俊村委会	111.737069	23.870549	0	18	35	乡镇
451123201203	城上村委会	111.404851	24.969784	0	18	66	村庄
451102114213	福桥村委会	111.745945	24.027331	0	16	65	乡镇
451122111212	新龙村委会	111.068390	24.360910	0	30	72	村庄
451103103204	金竹村委会	111.458691	24.211552	1	80	100	政府机构
451123106205	斑竹村委会	111.303074	24.975578	0	18	66	乡镇
451102107203	龙岭村委会	111.699966	24.734534	0	18	66	乡镇
451102117203	六合村委会	111.726093	23.912971	1	80	100	政府机构
451122112202	张屋村委会	111.133410	24.465304	1	80	100	政府机构
451123101201	井山村委会	111.379410	24.698329	0	30	72	村庄
451121104208	大贤村委会	111.056454	24.075885	0	16	65	乡镇
451103107210	松木村委会	111.392474	24.480187	0	18	66	乡镇
451123102211	荆早村委会	111.352060	24.758720	0	25	47	乡镇
451121109206	九如村委会	111.240410	24.133152	0	18	66	乡镇
451121107218	三界村委会	110.854360	24.003950	0	25	70	乡镇
451102103217	上寺村委会	111.596310	24.452180	0	30	72	村庄
451122108208	义安村委会	111.240105	24.354620	0	18	66	乡镇
451103104216	新新村委会	111.339710	24.193961	0	30	72	地产小区
451122201206	小白村委会	111.149222	24.699865	0	18	66	乡镇
451123102207	下坝山村委会	111.352060	24.758720	0	25	47	乡镇
451121109210	潮江村委会	111.240410	24.133152	0	18	66	乡镇
451103107206	大井村委会	111.433120	24.439210	0	30	72	村庄
451102103201	莲塘村委会	111.626220	24.411690	0	30	72	村庄
451123100001	新永社区居委会	111.240974	24.845110	0	18	49	乡镇
451123105203	大坝村委会	111.394140	25.059140	0	30	72	村庄
451122111204	榕水村委会	111.071859	24.384873	0	16	65	乡镇
451102114205	北津村委会	111.718983	24.022549	1	80	100	政府机构
451102104205	公保村委会	111.896410	24.544100	0	25	70	乡镇
451103103212	大盘村委会	111.448472	24.298059	0	16	65	乡镇
451102117215	浪水村委会	111.737069	23.870549	0	18	40	乡镇
451122107201	珊瑚村委会	111.364368	24.316473	0	20	67	乡镇
451103106207	罗希村委会	111.430748	24.593220	0	16	38	乡镇
451123103206	秀山村委会	111.375830	24.798689	0	30	72	村庄
451121108211	联安村委会	110.994787	24.221951	0	16	65	乡镇
451102101210	寿峰村委会	111.711021	24.306111	0	16	38	乡镇
451123100216	大围村委会	111.240974	24.845110	0	18	66	乡镇
451103201201	大平村委会	111.355790	24.019170	0	30	72	村庄
451102106214	文德村委会	111.838182	24.691483	0	16	65	乡镇
451102116214	万寿村委会	111.651550	23.981930	0	30	72	村庄
451103102213	锦塘村委会	111.543409	24.280332	0	18	66	乡镇
451123203204	下湾村委会	111.247680	24.714135	0	18	66	村庄
451102105204	大汤村委会	111.981640	24.332599	0	30	72	村庄
451122100205	榕马村委会	111.273376	24.560035	0	16	38	乡镇
451103104001	公会社区居委会	111.346102	24.198094	0	16	47	乡镇
451103101203	英石村委会	111.588330	24.540278	0	16	38	乡镇
451123104202	罗丰村委会	111.396107	24.887593	0	18	40	乡镇
451123108221	福溪村委会	111.170370	25.019071	0	25	70	乡镇
451122113203	古楼村委会	111.185307	24.603743	1	80	100	政府机构
451102116202	樟塘村委会	111.555440	24.012609	0	30	72	村庄
451102106202	梅江村委会	111.838182	24.691483	0	16	65	乡镇
451121208205	大垌村委会	110.952223	23.725217	1	80	100	政府机构
451123107204	石狮村委会	111.217772	24.958367	0	18	66	乡镇
451103102205	凤田村委会	111.549557	24.365420	1	80	100	政府机构
451122100213	牛岩村委会	111.215619	24.445674	1	80	100	政府机构
451123200202	新华村委会	111.419140	24.843400	0	30	72	村庄
451122109209	荷塘村委会	111.164328	24.472246	1	80	100	政府机构
451102102216	保和村委会	111.691610	24.218720	0	25	70	乡镇
451121108207	森冲村委会	110.994787	24.221951	0	16	38	乡镇
451103106211	新农村村委会	111.408028	24.572247	1	80	100	政府机构
451122104207	龙虎村委会	111.283745	24.445685	0	18	66	乡镇
451102101206	东莲村委会	111.711021	24.306111	0	16	65	乡镇
451121105209	花罗村委会	111.040810	23.877661	0	25	70	乡镇
451103105201	水口村委会	111.368780	23.911890	0	30	72	村庄
451123108217	茶山村委会	111.264280	25.103190	0	30	72	村庄
451123106209	上洞村委会	111.332870	24.955840	0	30	72	村庄
451103103208	宝马村委会	111.325795	24.249439	1	80	100	政府机构
451121100210	塘山村委会	110.736876	24.070281	1	80	100	政府机构
451102106222	桂开村委会	111.838182	24.691483	0	16	38	乡镇
451121107214	四桂村委会	110.854360	24.003950	0	25	47	乡镇
451102001001	新兴社区居委会	111.543550	24.412960	1	80	97	政府机构
451122108204	瓦屋村委会	111.240105	24.354620	0	18	66	乡镇
451121104204	敬业村委会	111.056454	24.075885	0	16	38	乡镇
451121107202	南兴村委会	110.950540	24.019969	0	30	72	村庄
451102002007	灵峰社区居委会	111.573940	24.411050	1	80	95	政府机构
451121104212	大龙村委会	111.034510	24.143201	0	30	72	村庄
451123108201	朝东村委会	111.170370	25.019071	0	25	70	乡镇
451102117219	安定村委会	111.737069	23.870549	0	18	66	乡镇
451121100206	江口村委会	110.844830	24.211820	0	30	72	村庄
451102104209	螺石村委会	111.838009	24.543597	1	80	100	政府机构
451102114209	平龙村委会	111.745945	24.027331	0	16	65	乡镇
451122111208	周岩村委会	111.032590	24.374790	0	30	72	村庄
451121105213	古岛村委会	111.040810	23.877661	0	25	47	乡镇
451121201205	古盘村委会	110.649000	24.265980	0	30	58	UNKNOWN
451122109213	马安村委会	111.207856	24.481372	1	80	100	政府机构
451122100209	龙团村委会	111.273376	24.560035	0	16	65	乡镇
451102105208	江坪村委会	111.730112	23.939020	1	80	100	政府机构
451102116218	保福村委会	111.714032	23.959872	1	80	100	政府机构
451102106218	新花村委会	111.838182	24.691483	0	16	65	乡镇
451121102217	笔头村委会	111.210757	24.247515	0	25	47	乡镇
451123203208	洋新村委会	111.236610	24.775900	1	80	95	地产小区
451121206201	凤凰村委会	111.308507	24.234732	1	80	100	政府机构
451102117223	三元村委会	111.737069	23.870549	0	18	66	乡镇
451103103224	民田村委会	111.493190	24.413170	0	30	72	村庄
451103102209	新塘村委会	111.575754	24.351613	1	80	100	政府机构
451123107208	新寨村委会	111.254950	24.973699	0	30	72	村庄
451121208209	高车村委会	111.330562	23.901481	1	80	100	政府机构
451121102201	黄姚街村委会	111.196160	24.246249	1	80	100	政府机构
451121105205	砂冲村委会	111.040810	23.877661	0	25	70	乡镇
451122109205	大龙村委会	111.211380	24.434320	0	30	72	村庄
451103104220	瑞昌村委会	111.346102	24.198094	0	16	65	乡镇
451103001204	飞马村委会	111.492763	24.464496	1	80	97	政府机构
451122109204	凤岭村委会	111.202819	24.475416	0	18	66	乡镇
451103104221	安太村委会	111.346102	24.198094	0	16	38	乡镇
451123108001	朝东社区居委会	111.170370	25.019071	0	25	55	乡镇
451121105204	江塘村委会	111.040810	23.877661	0	25	70	乡镇
451103102208	山岛村委会	111.543409	24.280332	0	18	40	乡镇
451123107209	矮岭村委会	111.217772	24.958367	0	18	66	乡镇
451121208208	进源村委会	110.987350	23.802980	0	25	47	村庄
451102117222	福塔村委会	111.786480	23.859170	1	80	100	政府机构
451103103225	芳林村委会	111.517990	24.399951	0	30	72	村庄
451102116219	龙江村委会	111.734850	23.944729	0	30	72	村庄
451102106219	天堂村委会	111.838182	24.691483	0	16	65	乡镇
451121102216	枧盘村委会	111.210757	24.247515	0	25	47	乡镇
451123203209	大湾村委会	111.208810	24.748170	0	30	72	村庄
451102001201	拱桥村委会	111.541626	24.414132	1	80	100	政府机构
451122100208	程石村委会	111.273376	24.560035	0	16	38	乡镇
451122109212	廖屋村委会	111.202819	24.475416	0	18	66	乡镇
451121105212	枫木村委会	111.040810	23.877661	0	25	70	乡镇
451121201204	鹿鸣村委会	110.661949	24.303266	0	18	66	乡镇
451121100207	附城村委会	110.810470	24.163061	0	30	72	村庄
451102104208	安宁村委会	111.789984	24.663070	1	80	100	政府机构
451102114208	北源村委会	111.745945	24.027331	0	16	65	乡镇
451122111209	新合村委会	111.071859	24.384873	0	16	65	乡镇
451102117218	松坪村委会	111.737069	23.870549	0	18	66	乡镇
451102109206	斧头山村委会	111.637591	24.628452	0	18	66	乡镇
451102002006	建中社区居委会	111.573940	24.411050	1	80	97	政府机构
451121104213	山秀村委会	110.811000	24.169401	0	14	27	区县
451121107203	古店村委会	110.854360	24.003950	0	25	70	乡镇
451121104205	立教村委会	111.056454	24.075885	0	16	65	乡镇
451121107215	文曲村委会	110.854360	24.003950	0	25	70	乡镇
451122108205	和平村委会	111.224430	24.363721	0	30	72	村庄
451121100211	上楠村委会	110.752770	24.054340	1	80	95	UNKNOWN
451102106223	莲花村委会	111.925760	24.724040	0	30	72	村庄
451121103201	富罗村委会	111.143620	24.004440	0	25	70	乡镇
451123108216	油沐村委会	111.170370	25.019071	0	25	47	乡镇
451123106208	马坪村委会	111.303074	24.975578	0	18	66	乡镇
451103103209	逸石村委会	111.448472	24.298059	0	16	38	乡镇
451122104206	西乐村委会	111.283745	24.445685	0	18	40	乡镇
451102101207	农场村委会	111.662090	24.333830	0	30	72	UNKNOWN
451121105208	湾岛村委会	111.040810	23.877661	0	25	70	乡镇
451123100201	巩塘村委会	111.240974	24.845110	0	18	40	乡镇
451122109208	牛庙村委会	111.148917	24.511063	1	80	100	政府机构
451121108206	福行村委会	110.892789	24.218363	1	80	100	政府机构
451103106210	新联村委会	111.430748	24.593220	0	16	65	乡镇
451122100212	大耀村委会	111.273376	24.560035	0	16	38	乡镇
451123200203	井湾村委会	111.454057	24.869911	0	30	72	村庄
451103101214	路花村委会	111.610705	24.528771	1	80	100	政府机构
451122113202	龙燕村委会	111.176500	24.587021	1	80	100	政府机构
451102116203	福安村委会	111.614273	24.017828	0	16	65	乡镇
451102106203	竹园村委会	111.841260	24.677430	0	30	72	村庄
451121208204	古池村委会	110.917107	23.913207	1	80	100	政府机构
451123107205	俩源村委会	111.217772	24.958367	0	18	40	乡镇
451103102204	湴田村委会	111.543409	24.280332	0	18	40	乡镇
451102105205	上新村委会	112.029660	24.365999	1	80	95	地产小区
451122100204	龙马村委会	111.273376	24.560035	0	16	65	乡镇
451103101202	安山村委会	111.546040	24.431380	0	30	72	村庄
451123101001	白沙社区居委会	111.402290	24.646439	1	80	100	政府机构
451123104203	花坪村委会	111.396107	24.887593	0	18	66	乡镇
451123108220	鲤鱼塘村委会	111.250300	25.050469	0	30	72	村庄
451102106215	瑞山村委会	111.838182	24.691483	0	16	65	乡镇
451102116215	共和村委会	111.677500	23.969070	0	30	72	村庄
451103102212	芦岗村委会	111.543409	24.280332	0	18	40	乡镇
451123203205	石坝村委会	111.262970	24.732670	0	30	72	村庄
451102101211	新坪村委会	111.697830	24.356991	0	30	72	村庄
451122104210	龙福村委会	111.283745	24.445685	0	18	66	乡镇
451122200206	三叉村委会	111.128490	24.542540	0	25	70	乡镇
451123100217	涝溪村委会	111.240974	24.845110	0	18	40	乡镇
451102102201	梅花村委会	111.690291	24.216024	1	80	100	政府机构
451103106206	清池村委会	111.351362	24.546213	1	80	100	政府机构
451123103207	塘贝村委会	111.332216	24.785990	0	25	70	乡镇
451121108210	利济村委会	110.994787	24.221951	0	16	65	乡镇
451123106212	楼村村委会	111.331766	24.923641	1	80	100	政府机构
451103103213	桥头村委会	111.478060	24.315100	0	30	72	村庄
451102117214	三冲村委会	111.737069	23.870549	0	18	66	乡镇
451123105202	长春村委会	111.391520	25.089740	0	30	72	村庄
451122111205	林岩村委会	111.045433	24.433279	1	80	100	政府机构
451102114204	北联村委会	111.732974	24.013137	1	80	100	政府机构
451102104204	忠福村委会	111.901390	24.539907	1	80	100	政府机构
451123102206	洞口村委会	111.379420	24.771920	0	30	72	村庄
451121109211	龙井村委会	111.232500	24.143420	0	30	72	村庄
451103107207	黄石村委会	111.462400	24.463131	0	30	72	村庄
451122106201	凤翔村委会	111.365530	24.373480	0	30	72	村庄
451103104217	新农村委会	111.331150	24.178290	0	30	72	村庄
451103107211	垒石村委会	111.392474	24.480187	0	18	40	乡镇
451123102210	鲁洞村委会	111.352060	24.758720	0	25	70	乡镇
451121109207	新华村委会	111.261725	24.144706	1	80	100	政府机构
451121107219	四旺村委会	110.854360	24.003950	0	25	70	乡镇
451102103216	广福村委会	111.662427	24.416779	0	16	65	乡镇
451122108209	义伍村委会	111.240105	24.354620	0	18	40	乡镇
451103104201	忠平村委会	111.346102	24.198094	0	16	38	乡镇
451121104209	上贤村委会	111.056454	24.075885	0	16	65	乡镇
451122100005	城东社区居委会	111.316216	24.535714	1	80	100	政府机构
451103103205	狮南村委会	111.448472	24.298059	0	16	65	乡镇
451123106204	山塘村委会	111.294840	25.001440	0	30	72	村庄
451102107202	东南村委会	111.746720	24.765470	0	30	72	村庄
451102117202	上洞村委会	111.694550	23.882930	0	30	72	村庄
451122112203	合群村委会	111.076338	24.522149	0	16	65	乡镇
451123201202	曹里村委会	111.382400	24.926589	0	30	72	村庄
451102104212	李屋村委会	111.790485	23.881545	1	80	100	政府机构
451102114212	新兴村委会	111.744770	23.952730	0	30	72	村庄
451102200204	石门村委会	111.690100	24.483090	0	30	72	村庄
451122111213	新竹村委会	111.108290	24.353631	0	30	72	村庄
