510321124202	清水寺村民委员会	104.492010	29.469190	0	30	72	村庄
510321120241	老祠村民委员会	104.105409	29.440094	0	18	49	乡镇
510322119226	周安村委会	104.748549	29.047207	0	18	40	乡镇
510304001016	大安街社区居委会	104.787880	29.373420	0	40	77	道路
510321118228	五通村民委员会	104.235691	29.461716	0	18	49	乡镇
510303104203	幸福村委会	104.588070	29.306039	0	30	72	村庄
510321100248	柏林村民委员会	104.376180	29.450360	0	30	72	村庄
510311204202	联合村民委员会	104.866860	29.204621	0	30	72	村庄
510321100024	河街社区居民委员会	104.418141	29.478796	0	18	40	乡镇
510303102011	沿河路社区居委会	104.696411	29.345237	1	80	100	政府机构
510322124221	蜂窝村委会	105.102969	28.965144	0	18	66	乡镇
510311203206	云丰村民委员会	104.809143	29.206698	0	25	55	村庄
510304107218	鞍山村委会	105.008880	29.367585	0	18	66	乡镇
510322123225	建国村委会	105.107760	29.054021	0	30	72	村庄
510322121218	鳌山村委会	105.108018	29.007737	0	18	66	乡镇
510304109206	庆华村委会	105.051501	29.303419	0	20	67	乡镇
510321112222	柏林坳村民委员会	104.437853	29.270154	0	18	49	乡镇
510322112201	千佛村委会	105.185132	29.195005	0	18	66	乡镇
510321123206	小祠堂村民委员会	104.205065	29.552059	0	18	49	乡镇
510311101002	沙坪街社区居民委员会	104.840697	29.308429	0	40	65	道路
510322117003	兜山社区居委会	104.970169	29.067821	0	18	49	乡镇
510302102002	丹阳社区居民委员会	104.722388	29.299200	0	25	47	乡镇
510311111002	洪沟社区居民委员会	104.968026	29.291387	0	18	40	乡镇
510322102201	文昌村委会	105.057498	29.097521	0	18	66	乡镇
510304104208	青杠村委会	104.933977	29.401717	0	18	66	乡镇
510322104005	永胜社区居委会	105.083693	29.246788	0	18	66	乡镇
510322101207	三河村委会	105.010730	29.156583	0	18	66	乡镇
510311107206	胡桥村民委员会	104.771450	29.184010	0	30	72	村庄
510321125002	东兴场社区居民委员会	104.417871	29.577207	1	80	95	UNKNOWN
510322100046	识字岭社区居民委员会	104.968993	29.189389	0	18	40	乡镇
510304109210	群英村委会	105.074080	29.321349	0	30	72	村庄
510322102217	石贡村委会	105.057498	29.097521	0	18	40	乡镇
510321123210	栗林村民委员会	104.205065	29.552059	0	18	49	乡镇
510322120223	车桥村委会	104.817234	29.076209	0	25	70	乡镇
510321111224	黑林村民委员会	104.391197	29.397190	0	18	49	乡镇
510321118005	人和社区居民委员会	104.235691	29.461716	0	18	40	乡镇
510302204204	星火村村委会	104.676056	29.213084	0	30	58	村庄
510303104215	菜子村委会	104.578952	29.296237	0	18	66	乡镇
510302002008	三八路社区居委会	104.792122	29.342600	0	30	58	乡镇
510303108236	兰田村委会	104.603880	29.381730	0	30	72	村庄
510304002010	红苕地社区居委会	104.771029	29.366991	1	80	97	UNKNOWN
510311110202	金星村民委员会	104.839650	29.215669	0	30	72	村庄
510302103202	拱桥村委会	104.668508	29.288329	0	25	70	乡镇
510322116203	新房村委会	104.852970	29.070120	0	30	72	村庄
510311100202	飞跃村民委员会	104.882934	29.249916	0	20	50	乡镇
510322202215	长石村委会	104.711540	29.141710	0	30	72	村庄
510303107205	象鼻村委会	104.585918	29.218474	0	20	67	乡镇
510321100032	金碧社区居民委员会	104.413456	29.445551	1	75	92	地产小区
510304107222	陈家村委会	105.008880	29.367585	0	18	40	乡镇
510321100225	劳动村民委员会	104.396100	29.440010	0	30	72	村庄
510321119004	礼佳场社区居民委员会	104.193197	29.377758	1	80	95	UNKNOWN
510303102210	石沟村委会	104.700976	29.317987	0	20	67	乡镇
510321110225	回龙殿村民委员会	104.430239	29.335699	0	18	49	乡镇
510321112218	五庙村民委员会	104.437853	29.270154	0	18	49	乡镇
510322202002	长石塔社区居委会	104.716709	29.134402	0	20	50	村庄
510321122211	白果村民委员会	104.299954	29.557100	0	18	49	乡镇
510302202201	高峰村村委会	104.753170	29.308790	0	30	58	村庄
510322103216	皂角村委会	105.040040	29.239546	0	20	67	乡镇
510321111208	卢家山村民委员会	104.404420	29.380430	0	30	72	村庄
510304108211	梁冲村委会	105.040101	29.437074	0	18	66	乡镇
510303001027	雷公滩社区居委会	104.718365	29.341812	0	30	58	乡镇
510311106207	彭石村民委员会	104.758945	29.229708	0	20	67	乡镇
510321124003	高山铺社区居民委员会	104.494867	29.460684	1	80	95	UNKNOWN
510322115004	永年社区居委会	104.895849	29.120927	0	18	49	乡镇
510322100206	庆和村委会	104.968993	29.189389	0	18	66	乡镇
510303106204	大同村委会	104.461830	29.241970	0	30	72	村庄
510311101203	曾家桥村民委员会	104.838793	29.302060	0	18	49	乡镇
510302102203	吉林村村委会	104.722388	29.299200	0	25	70	乡镇
510322107202	永和村委会	104.937210	29.236328	0	18	66	乡镇
510304003011	文峰山社区居委会	104.774204	29.376275	0	40	59	道路
510311111203	华山村民委员会	104.941890	29.268750	0	30	72	村庄
510303201202	新桥村委会	104.568870	29.181421	0	30	72	村庄
510321117221	肖公庙村民委员会	104.173133	29.303194	0	18	49	乡镇
510322114212	玉佛村委会	105.236051	29.163605	0	25	47	乡镇
510322101010	菊家桥社区居民委员会	105.010730	29.156583	0	18	35	乡镇
510311112213	鱼洞村民委员会	104.883150	29.345150	0	30	72	UNKNOWN
510322118231	阳坝村委会	104.786778	29.118696	0	25	70	乡镇
510303106212	云峰村委会	104.489120	29.208240	0	30	72	村庄
510321118204	蟠龙村民委员会	104.251810	29.487410	0	30	72	村庄
510311111215	引水村民委员会	104.968026	29.291387	0	18	49	乡镇
510322107214	力和村委会	104.937210	29.236328	0	18	40	乡镇
510304003007	马冲口社区居委会	104.779541	29.375131	1	80	100	政府机构
510311101215	杨公桥村民委员会	104.838793	29.302060	0	18	49	乡镇
510322115229	五里村委会	104.895849	29.120927	0	18	66	乡镇
510302203001	观音阁社区居委会	104.633492	29.228823	0	25	70	村庄
510322203202	象嘴村委会	105.190239	28.954773	0	25	70	村庄
510322118227	柑竹湾村委会	104.786778	29.118696	0	25	55	乡镇
510311112205	水口村民委员会	104.883850	29.369910	0	30	72	村庄
510302101205	百胜村村委会	104.695571	29.243110	1	80	100	政府机构
510311102205	桃山村民委员会	104.790990	29.245670	0	30	72	村庄
510321110233	太平村民委员会	104.394030	29.309810	0	30	72	村庄
510303102206	沙罗村委会	104.700976	29.317987	0	20	67	乡镇
510321100233	黑林沟村民委员会	104.418141	29.478796	0	18	49	乡镇
510304105209	共和村委会	104.930660	29.356200	0	30	72	村庄
510311105201	新房村民委员会	104.729760	29.182280	0	30	72	村庄
510322116002	彭庙社区居委会	104.889110	29.080649	0	18	49	乡镇
510322122224	幺灏村委会	105.036464	29.029430	0	18	40	乡镇
510322120219	王庙村委会	104.817234	29.076209	0	25	70	乡镇
510304108207	花椒村委会	105.040101	29.437074	0	18	66	乡镇
510321113223	杨坳山村民委员会	104.350335	29.284795	0	18	49	乡镇
510321205208	毛桥村民委员会	104.244210	29.604700	0	30	72	村庄
510322100210	丁海村委会	104.968993	29.189389	0	18	40	乡镇
510311106211	张山村民委员会	104.756380	29.223420	0	30	72	村庄
510303001031	洞桥社区居委会	104.718365	29.341812	0	30	58	乡镇
510322104224	马耳桥村委会	105.083693	29.246788	0	18	40	乡镇
510311112225	柏树村民委员会	104.936690	29.310330	0	30	72	村庄
510322126210	仁和村委会	105.209420	28.999430	0	30	72	村庄
510304204206	蔡家冲村委会	104.980532	29.413581	0	25	70	村庄
510321100028	附东街社区居民委员会	104.432180	29.458520	0	50	73	道路
510303109201	旭东村委会	104.591375	29.351516	0	25	70	乡镇
510302001002	高山井社区居委会	104.758302	29.358237	0	50	82	地产小区
510321100244	子同桥村民委员会	104.418141	29.478796	0	18	40	乡镇
510304106002	董家村社区居委会	104.797730	29.392130	0	30	72	村庄
510321118224	筒车村民委员会	104.235691	29.461716	0	18	49	乡镇
510302002012	解放桥社区居委会	104.792122	29.342600	0	30	72	乡镇
510304104204	新民村委会	104.936810	29.372140	0	30	72	村庄
510322103220	菱角村委会	105.040040	29.239546	0	20	41	乡镇
510311109202	新民村民委员会	104.919220	29.195751	0	30	72	村庄
510322113220	东禅村委会	105.189856	29.125438	0	18	66	乡镇
510321122227	四合厂村民委员会	104.299954	29.557100	0	18	49	乡镇
510321110213	棋盘村民委员会	104.412000	29.310270	0	30	72	村庄
510321204205	申坝村民委员会	104.287929	29.275530	0	20	67	村庄
510304107214	星光村委会	105.033740	29.362390	0	30	72	村庄
510302006006	英祥社区居委会	104.771072	29.339393	1	80	100	政府机构
510321121221	刘家坝村民委员会	104.199030	29.499685	0	18	49	乡镇
510303108001	天府社区居委会	104.612912	29.389843	0	18	66	乡镇
510321103215	曲江村民委员会	104.470020	29.377210	0	30	72	村庄
510304104212	永太村委会	104.933977	29.401717	0	18	66	乡镇
510321207203	吕仙村民委员会	104.465643	29.554240	0	18	66	村庄
510304205006	金桂社区居委会	104.815514	29.353549	0	25	70	村庄
510321202001	金花殿社区居民委员会	104.153925	29.226937	0	25	55	旅游景点
510302006010	金海社区	104.765022	29.338522	0	40	72	乡镇
510304107202	富隆村委会	105.008880	29.367585	0	18	40	乡镇
510321110205	大屋村民委员会	104.367570	29.369330	0	30	72	村庄
510322200224	月亮村委会	105.102234	29.147101	0	18	40	乡镇
510304100206	盐井村委会	104.843017	29.399793	0	18	66	乡镇
510321112003	平安社区居民委员会	104.437853	29.270154	0	18	40	乡镇
510311111223	楼房村民委员会	104.968026	29.291387	0	18	49	乡镇
510302002004	檀木林社区居委会	104.774830	29.352989	0	40	77	UNKNOWN
510304103216	高家村委会	104.890870	29.402279	0	30	72	村庄
510321100252	天车村民委员会	104.418141	29.478796	0	18	49	乡镇
510322125216	惠泉村委会	105.174722	29.021487	0	18	40	乡镇
510322120203	五福村委会	104.817234	29.076209	0	25	70	乡镇
510304106203	柏树村委会	104.773720	29.396659	0	30	72	村庄
510321110229	山东村民委员会	104.423320	29.374189	0	30	72	村庄
510321206202	李家湾村民委员会	104.209260	29.591541	0	30	72	村庄
510321100229	曹家村民委员会	104.417250	29.473459	0	30	72	村庄
510302004001	光大街社区居委会	104.753930	29.345911	0	40	77	道路
510322118006	新华社区社区居民委员会	104.786778	29.118696	0	25	47	乡镇
510322101227	油沙村委会	105.010730	29.156583	0	18	40	乡镇
510322111227	白羊村委会	105.154906	29.222477	0	18	66	乡镇
510302003005	桐梓坳社区居委会	104.764019	29.349808	0	40	65	道路
510321113002	河口场社区居民委员会	104.349675	29.297574	1	80	95	UNKNOWN
510322122005	毛桥社区居委会	105.036464	29.029430	0	18	49	乡镇
510321103002	望佳滩社区居民委员会	104.467294	29.392055	0	20	36	乡镇
510322100031	后街社区居委会	104.968993	29.189389	0	18	66	乡镇
510321126209	白石铺村民委员会	104.332243	29.473183	0	18	49	乡镇
510321124234	浸水村民委员会	104.499550	29.477412	0	18	49	乡镇
510304102201	申家村委会	104.802474	29.426910	0	25	70	乡镇
510321115206	田木沟村民委员会	104.286589	29.349307	0	18	49	乡镇
510321110004	李家堰社区居民委员会	104.453157	29.328364	1	80	95	政府机构
510311102209	兴陈村民委员会	104.778690	29.271970	0	20	67	乡镇
510322114208	鹿鸣村委会	105.236051	29.163605	0	25	70	乡镇
510302101209	竹元村村委会	104.696306	29.245627	0	20	41	乡镇
510311112209	上水村民委员会	104.891210	29.337840	0	18	49	乡镇
510321207002	墨林场社区居民委员会	104.465643	29.554240	0	18	35	村庄
510322115225	洗马村委会	104.895849	29.120927	0	18	40	乡镇
510311101219	蛇金山村民委员会	104.838793	29.302060	0	18	49	乡镇
510322107218	万古村委会	104.937210	29.236328	0	18	66	乡镇
510311111219	田铺村民委员会	104.840940	29.263720	0	30	72	UNKNOWN
510322100027	富州花园社区居委会	104.995331	29.183052	0	60	87	地产小区
510321205204	瓦窑村民委员会	104.260820	29.597391	0	30	72	村庄
510322122228	富南村委会	105.036464	29.029430	0	18	66	乡镇
510322102221	富安村委会	105.057498	29.097521	0	18	66	乡镇
510311108203	牌坊村民委员会	104.915780	29.138190	0	30	72	村庄
510304105205	晏家村委会	104.967670	29.329240	0	30	72	村庄
510321112202	楠木湾村民委员会	104.437853	29.270154	0	18	49	乡镇
510321120236	瓦滓村民委员会	104.105409	29.440094	0	18	66	乡镇
510322111231	茨蓠村委会	105.154906	29.222477	0	18	40	乡镇
510322101231	卷坝村委会	105.010730	29.156583	0	18	40	乡镇
510304105204	新建村委会	104.948680	29.362600	0	30	72	村庄
510304100006	松林社区居委会	104.843017	29.399793	0	18	66	乡镇
510322111230	明星村委会	105.124200	29.228770	0	30	72	村庄
510321120237	八角村民委员会	104.105409	29.440094	0	18	49	乡镇
510322101230	凉桥村委会	105.010730	29.156583	0	18	66	乡镇
510321205205	长林村民委员会	104.257080	29.587451	0	30	72	村庄
510322122229	响堂塘村委会	105.036464	29.029430	0	18	35	乡镇
510311108202	黄岭村民委员会	104.924960	29.145641	0	30	72	村庄
510322102220	土地村委会	105.057498	29.097521	0	18	66	乡镇
510303108201	石龙村委会	104.609500	29.391570	0	30	72	村庄
510311101218	岩山村民委员会	104.806450	29.292691	0	30	72	村庄
510322115224	白塔村委会	104.957830	29.124440	0	30	72	村庄
510311111218	汪坝村民委员会	104.968026	29.291387	0	18	49	乡镇
510322107219	春光村委会	104.940390	29.225360	0	30	72	村庄
510304107002	张家坝社区居委会	105.029920	29.372730	1	80	100	政府机构
510321115207	窝棚湾村民委员会	104.286589	29.349307	0	18	49	乡镇
510311102208	先锋村民委员会	104.809960	29.276861	0	30	72	村庄
510302101208	建设村村委会	104.677109	29.241867	1	80	100	政府机构
510311112208	象山村民委员会	104.867500	29.340291	0	30	72	村庄
510322122004	安溪社区居委会	105.036464	29.029430	0	18	49	乡镇
510321113003	河东社区居民委员会	104.350335	29.284795	0	18	40	乡镇
510303106209	照石村委会	104.497693	29.231570	0	18	40	乡镇
510304205210	永田村委会	104.815514	29.353549	0	25	70	村庄
510303108217	新平村委会	104.662875	29.385723	0	30	72	村庄
510322100030	釜江社区居委会	104.968993	29.189389	0	18	66	乡镇
510322115232	马家村委会	104.944160	29.107920	0	30	72	村庄
510321126208	茨芭坳村民委员会	104.332243	29.473183	0	18	49	乡镇
510321115211	刺芭塘村民委员会	104.286589	29.349307	0	18	40	乡镇
510302003004	小桥井社区居委会	104.764019	29.349808	0	40	65	道路
510321110228	筲箕嘴村民委员会	104.430239	29.335699	0	18	49	乡镇
510321206203	五根树村民委员会	104.195859	29.603661	0	25	55	村庄
510321203001	狮子湾社区居民委员会	104.389180	29.505901	0	30	58	村庄
510303109001	白庙子社区居委会	104.591375	29.351516	0	25	70	乡镇
510322101226	沿江村委会	104.963350	29.147290	0	30	72	村庄
510322111226	勇谋村委会	105.154906	29.222477	0	18	40	乡镇
510304106202	天元村委会	104.775190	29.384449	0	30	72	村庄
510322201208	堰沟村委会	105.161711	29.087962	0	20	67	村庄
510311101222	兴塘村民委员会	104.838793	29.302060	0	18	49	乡镇
510311111222	皂桷村民委员会	104.968026	29.291387	0	18	66	乡镇
510302002005	盐店街社区居委会	104.792122	29.342600	0	30	58	乡镇
510304103217	八甲村委会	104.876677	29.422936	0	18	66	乡镇
510321100253	马石村民委员会	104.418141	29.478796	0	18	49	乡镇
510303104218	团山村委会	104.573340	29.284361	0	30	72	村庄
510322125217	菊花村委会	105.174722	29.021487	0	18	40	乡镇
510322118210	张坝村委会	104.786778	29.118696	0	25	70	乡镇
510322104233	大田村委会	105.082690	29.254410	0	30	72	村庄
510304100207	世平村委会	104.843017	29.399793	0	18	40	乡镇
510303107208	沙溪村委会	104.603100	29.247680	0	30	72	村庄
510321112002	古文场社区居民委员会	104.436653	29.259059	1	80	95	UNKNOWN
510321122230	四方碑村民委员会	104.299954	29.557100	0	18	49	乡镇
510302006011	泉井社区居民委员会	104.765022	29.338522	0	40	51	乡镇
510304107203	红旗村委会	105.008880	29.367585	0	18	66	乡镇
510322121203	顺山村委会	105.108018	29.007737	0	18	40	乡镇
510321121220	一洞桥村民委员会	104.199030	29.499685	0	18	49	乡镇
510302005001	丹桂社区居委会	104.779099	29.342893	1	80	100	政府机构
510304104213	白合村委会	104.933977	29.401717	0	18	66	乡镇
510321103214	鹿角村民委员会	104.467294	29.392055	0	20	50	乡镇
510321207202	土地坎村民委员会	104.480690	29.567799	0	30	72	UNKNOWN
510311109203	太源村民委员会	104.900229	29.201420	0	20	50	乡镇
510321122226	范家村民委员会	104.274540	29.553710	0	30	72	村庄
510322113221	墨香村委会	105.189856	29.125438	0	18	40	乡镇
510322121215	苏坝村委会	105.108018	29.007737	0	18	66	乡镇
510321110212	兔山村民委员会	104.430239	29.335699	0	18	49	乡镇
510321204204	小井冲村民委员会	104.287929	29.275530	0	20	50	村庄
510304107215	金星村委会	105.012310	29.380859	0	30	72	村庄
510302006007	南苑社区居委会	104.765022	29.338522	0	40	72	乡镇
510322122205	顺江村委会	105.036464	29.029430	0	18	40	乡镇
510304104205	阮家村委会	104.933977	29.401717	0	18	66	乡镇
510322125201	安怀村委会	105.174722	29.021487	0	18	66	乡镇
510322120003	李桥社区居委会	104.817234	29.076209	0	25	70	乡镇
510321100245	金鱼村民委员会	104.445040	29.507511	0	30	72	村庄
510321118225	双河村民委员会	104.277010	29.504410	0	30	72	村庄
510304103201	芦家村委会	104.876677	29.422936	0	18	66	乡镇
510302002013	东兴寺社区居委会	104.778410	29.344879	0	30	72	村庄
510311112224	八斗村民委员会	104.891210	29.337840	0	18	66	乡镇
510322126211	均安村委会	105.201640	28.985740	0	30	72	村庄
510321206002	复兴场社区居民委员会	104.195859	29.603661	0	25	47	村庄
510304204207	龚家渡村委会	104.980532	29.413581	0	25	70	村庄
510304100211	青龙村委会	104.839340	29.407549	0	30	72	村庄
510321107216	李家村民委员会	104.484590	29.277710	0	30	72	村庄
510321100029	荣州路社区居民委员会	104.424271	29.444376	1	80	92	地产小区
510302001003	天花井社区居委会	104.760939	29.354193	1	80	95	地产小区
510321113222	罗家冲村民委员会	104.370390	29.365390	0	30	72	村庄
510322120218	石高村委会	104.817234	29.076209	0	25	47	乡镇
510304108206	破桥村委会	105.040101	29.437074	0	18	40	乡镇
510322122225	仰天村委会	105.036464	29.029430	0	18	66	乡镇
510321205209	上坝村民委员会	104.257100	29.615101	0	30	72	村庄
510311106210	长田村民委员会	104.736680	29.223981	0	30	72	村庄
510303001030	青杠林社区居委会	104.721402	29.340423	1	80	95	地产小区
510321110232	松林村民委员会	104.420380	29.335530	0	30	72	村庄
510304105208	何院村委会	104.945812	29.351294	0	25	47	乡镇
510311110002	黄镇铺社区居民委员会	104.839347	29.226573	1	80	95	UNKNOWN
510322113201	栗寨村委会	105.189856	29.125438	0	18	66	乡镇
510303105203	白房村委会	104.625040	29.286050	0	20	67	乡镇
510311112204	五七村民委员会	104.891210	29.337840	0	18	49	乡镇
510322118226	吴庙村委会	104.786778	29.118696	0	25	70	乡镇
510322101007	高石社区居委会	105.010730	29.156583	0	18	66	乡镇
510302101204	宏伟村村委会	104.717077	29.249315	1	80	100	政府机构
510311102204	留永村民委员会	104.778690	29.271970	0	20	67	乡镇
510322114205	周家村委会	105.236051	29.163605	0	25	70	乡镇
510322200213	张弯村委会	105.102234	29.147101	0	18	66	乡镇
510311111214	永乐村民委员会	104.983560	29.295861	0	30	72	村庄
510322115228	永民村委会	104.895849	29.120927	0	18	40	乡镇
510322117215	三桥村委会	104.970169	29.067821	0	18	66	乡镇
510311101214	尖山村民委员会	104.801430	29.333831	0	30	72	村庄
510302003008	大岩洞社区居委会	104.764019	29.349808	0	40	77	道路
510303201203	胜利村委会	104.534200	29.195450	0	30	72	村庄
510322114213	凤仪村委会	105.236051	29.163605	0	25	70	乡镇
510322118230	汪寺村委会	104.786778	29.118696	0	25	47	乡镇
510311112212	芭茅村民委员会	104.891210	29.337840	0	18	49	乡镇
510303106205	凤翔村委会	104.478920	29.236090	0	30	72	村庄
510311101202	唐庙村民委员会	104.838793	29.302060	0	18	49	乡镇
510302102202	白阳村村委会	104.722388	29.299200	0	25	70	乡镇
510311111202	新堂村民委员会	104.968026	29.291387	0	18	49	乡镇
510304003010	碾子山社区居委会	104.774109	29.375720	0	50	58	乡镇
510322107203	保家村委会	104.988620	29.254691	0	30	72	村庄
510303101201	大田村委会	104.662230	29.352599	0	30	72	村庄
510304108210	黄荆村委会	105.040101	29.437074	0	18	66	乡镇
510322104244	井坝村委会	105.083693	29.246788	0	18	66	乡镇
510303001026	伍家坡社区居委会	104.703210	29.339840	0	30	72	村庄
510311106206	瓦市村民委员会	104.758945	29.229708	0	20	67	乡镇
510304107223	关家村委会	105.008880	29.367585	0	18	66	乡镇
510321112219	曹家园村民委员会	104.437853	29.270154	0	18	49	乡镇
510321110224	磨子村民委员会	104.474900	29.334289	0	30	72	村庄
510321122210	宋家塘村民委员会	104.299954	29.557100	0	18	49	乡镇
510311204002	九洪街社区居民委员会	104.861737	29.176126	0	18	35	村庄
510322103217	花园村委会	105.017520	29.259829	0	30	72	村庄
510311110203	回龙村民委员会	104.821030	29.207410	0	30	72	村庄
510304002011	广华社区居委会	104.772725	29.364216	1	80	95	地产小区
510302103203	团结村委会	104.676980	29.285981	0	30	72	村庄
510311100203	跃进村民委员会	104.882934	29.249916	0	20	50	乡镇
510322116202	大塘村委会	104.864710	29.083911	0	30	72	村庄
510322202214	和平村委会	104.695450	29.163790	0	30	72	村庄
510303107204	杨家祠村委会	104.585918	29.218474	0	20	67	乡镇
510321100033	郝家坝社区居民委员会	104.418141	29.478796	0	18	40	乡镇
510321124215	乱石山村民委员会	104.486190	29.421579	0	50	82	UNKNOWN
510303200202	靛坑村委会	104.553527	29.420684	0	25	47	村庄
510302002009	红星社区居委会	104.792122	29.342600	0	30	72	乡镇
510302203201	红岩村村委会	104.645180	29.244250	0	30	58	村庄
510321123211	老柏村民委员会	104.205065	29.552059	0	18	66	乡镇
510322203002	石道场社区居委会	105.191880	28.951659	1	80	100	政府机构
510322120222	小桥村委会	104.814310	29.051781	0	30	72	村庄
510321118004	友爱街社区居民委员会	104.235691	29.461716	0	18	40	乡镇
510322104004	骑龙场社区居委会	105.083693	29.246788	0	18	49	乡镇
510311107207	高滩村民委员会	104.784847	29.178284	0	20	50	乡镇
510322111206	五一村委会	105.154906	29.222477	0	18	66	乡镇
510322100047	临江社区居民委员会	104.968993	29.189389	0	18	40	乡镇
510304109211	双柏村委会	105.051501	29.303419	0	20	67	乡镇
510321100208	石踏山村民委员会	104.418141	29.478796	0	18	49	乡镇
510321123207	跑马坪村民委员会	104.205065	29.552059	0	18	49	乡镇
510311101003	糍粑坳社区居民委员会	104.812965	29.316251	0	50	73	UNKNOWN
510322107002	互助社区居委会	104.937210	29.236328	0	18	66	乡镇
510304104209	永丰村委会	104.926740	29.391451	0	30	72	村庄
510322200004	龙硐社区居委会	105.083308	29.160304	0	50	82	UNKNOWN
510311203207	回龙村民委员会	104.821030	29.207410	0	30	72	村庄
510304107219	水井村委会	105.008880	29.367585	0	18	66	乡镇
510321204208	道果寺村民委员会	104.287929	29.275530	0	20	50	村庄
510322121219	斗志村委会	105.108018	29.007737	0	18	40	乡镇
510304109207	大同村委会	105.026140	29.307070	0	30	72	村庄
510322123224	杨寺村委会	105.118043	29.050723	0	18	66	乡镇
510322116214	莲池村委会	104.915230	29.090991	0	30	72	村庄
510302202001	坪山社区居民委员会	104.767353	29.302826	0	25	47	村庄
510311204203	齐岩村民委员会	104.861737	29.176126	0	18	49	村庄
510322104229	燕岩村委会	105.083693	29.246788	0	18	66	乡镇
510321100025	桂林街社区居民委员会	104.428491	29.454275	1	80	92	地产小区
510321119204	红豆树村民委员会	104.292210	29.325730	0	30	72	UNKNOWN
510303102010	罗石塔社区居委会	104.700976	29.317987	0	20	50	乡镇
510322124220	新胜村委会	105.102969	28.965144	0	18	49	乡镇
510322201212	新华村委会	105.174500	29.096180	0	30	72	村庄
510321124203	营盘村民委员会	104.500460	29.452461	0	30	72	村庄
510322117239	柏山村委会	104.970169	29.067821	0	18	66	乡镇
510321120240	玉皇村民委员会	104.101850	29.402900	0	30	72	村庄
510322119227	月形村委会	104.748549	29.047207	0	18	66	乡镇
510303108221	祥龙村委会	104.612912	29.389843	0	18	40	乡镇
510321118229	正江村民委员会	104.235691	29.461716	0	18	49	乡镇
510321100249	程家桥村民委员会	104.418141	29.478796	0	18	49	乡镇
510322202209	朱扁村委会	104.716709	29.134402	0	20	41	村庄
510311112223	南和村民委员会	104.891210	29.337840	0	18	49	乡镇
510311204208	周湾村民委员会	104.861737	29.176126	0	18	49	村庄
510321107211	和平村民委员会	104.489760	29.322030	0	30	72	村庄
510303109207	刘家村委会	104.592130	29.334279	0	30	72	村庄
510302001004	道生灏社区居委会	104.765279	29.355143	1	70	92	UNKNOWN
510321124208	太阳村民委员会	104.489660	29.451330	0	30	72	村庄
510322117232	天府村委会	104.970169	29.067821	0	18	66	乡镇
510304103206	龙斗村委会	104.876677	29.422936	0	18	66	乡镇
510302002014	毛家坝社区居委会	104.786061	29.336028	1	80	100	政府机构
510321111003	文昌宫社区居民委员会	104.391197	29.397190	0	18	40	乡镇
510322120004	新雨社区居委会	104.817234	29.076209	0	25	70	乡镇
510322125206	界牌村委会	105.174722	29.021487	0	18	66	乡镇
510303104209	白鹤村委会	104.578952	29.296237	0	18	66	乡镇
510311101008	沿滩新城区锦城社区居民委员会	104.838793	29.302060	0	18	35	乡镇
510304104202	龙盘村委会	104.933977	29.401717	0	18	66	乡镇
510321103205	郑家村民委员会	104.476340	29.423779	0	30	72	村庄
510302005010	明珠社区居委会	104.774877	29.340338	0	40	72	乡镇
510311109204	黄桷村民委员会	104.894770	29.217919	0	30	72	村庄
510321102228	蔡家堰村民委员会	104.516052	29.371701	0	18	49	乡镇
510321100215	观音铺村民委员会	104.418141	29.478796	0	18	49	乡镇
510304107212	农科村委会	105.008880	29.367585	0	18	66	乡镇
510321204203	松林坝村民委员会	104.287929	29.275530	0	20	50	村庄
510322100220	跃进村委会	104.968993	29.189389	0	18	66	乡镇
510321207205	大石门村民委员会	104.417660	29.519439	0	30	72	UNKNOWN
510302005006	桂花社区居委会	104.787468	29.330525	1	80	100	政府机构
510321103213	玉河村民委员会	104.446780	29.380911	0	30	72	村庄
510304104214	彭家村委会	104.933977	29.401717	0	18	66	乡镇
510303002011	老街子社区居委会	104.705955	29.345959	0	40	58	乡镇
510322121204	了果村委会	105.108018	29.007737	0	18	40	乡镇
510304107204	藕塘村委会	104.983860	29.376581	0	30	72	村庄
510321100203	徐家塘村民委员会	104.441490	29.458621	0	30	72	村庄
510302103208	桂花村委会	104.668508	29.288329	0	25	70	乡镇
510311110208	凤凰村民委员会	104.842600	29.227700	0	30	72	村庄
510322118217	河坝村委会	104.786778	29.118696	0	25	70	乡镇
510322104234	上湾村委会	105.093320	29.236441	0	30	72	村庄
510322200222	中和村委会	105.107540	29.150271	0	30	72	村庄
510311100208	团结村民委员会	104.898310	29.232869	0	30	72	村庄
510322116209	塘林村委会	104.889110	29.080649	0	18	66	乡镇
510322123002	万寿场社区居委会	105.118043	29.050723	0	18	49	乡镇
510321107207	老当村民委员会	104.520110	29.301970	0	25	55	乡镇
510321119219	高石坎村民委员会	104.173560	29.381060	0	18	49	乡镇
510321102005	李子桥社区居民委员会	104.537279	29.349841	0	50	73	道路
510304105002	新店社区居委会	104.945812	29.351294	0	25	70	乡镇
510311111225	平安村民委员会	104.904340	29.262889	0	30	72	村庄
510322117224	斑竹村委会	104.970169	29.067821	0	18	66	乡镇
510321100254	一碗水村民委员会	104.366430	29.497180	0	30	72	UNKNOWN
510321114217	牛皮洞村民委员会	104.234806	29.332719	0	18	49	乡镇
510302002002	新华路社区居委会	104.792122	29.342600	0	30	72	乡镇
510304103210	长河村委会	104.888230	29.433570	0	30	72	村庄
510304106205	富华村委会	104.773228	29.412698	0	20	41	乡镇
510322120205	慈云村委会	104.817234	29.076209	0	25	47	乡镇
510304207011	盐都花园社区居委会	104.737340	29.328745	0	60	87	地产小区
510304107228	宁远村委会	105.008880	29.367585	0	18	66	乡镇
510302004007	路边井社区居委会	104.756643	29.348357	1	80	100	政府机构
510322123215	洞上村委会	105.118043	29.050723	0	18	66	乡镇
510321206204	万灵村民委员会	104.195859	29.603661	0	25	70	村庄
510303201208	中嘴村委会	104.540010	29.172362	0	20	67	村庄
510302003003	骑坳井社区居委会	104.766374	29.351875	1	80	100	政府机构
510322124211	余丰村委会	105.097080	28.976460	0	30	72	村庄
510311112219	石桥村民委员会	104.913140	29.329700	0	30	72	村庄
510303108210	郑家观村委会	104.612912	29.389843	0	18	35	乡镇
510321202210	大天井村民委员会	104.170279	29.241225	0	18	49	村庄
510321124232	萝卜沟村民委员会	104.499550	29.477412	0	18	49	乡镇
510311101209	付家村民委员会	104.860570	29.336051	0	30	72	村庄
510322117208	杨家村委会	104.970169	29.067821	0	18	66	乡镇
510311111209	老豆村民委员会	104.968026	29.291387	0	18	49	乡镇
510322100037	龙山社区居委会	104.968993	29.189389	0	18	66	乡镇
510302102209	白果村村委会	104.736580	29.275421	0	30	58	村庄
510322121005	培村社区居委会	105.108018	29.007737	0	18	49	乡镇
510304102207	红星村委会	104.789670	29.414370	0	30	72	村庄
510321125209	枣子坝村民委员会	104.405496	29.562444	0	18	49	乡镇
510303108206	张家桥村委会	104.581250	29.414450	0	30	72	村庄
510322115223	吉星村委会	104.895849	29.120927	0	18	66	乡镇
510321124224	正义村民委员会	104.499550	29.477412	0	18	49	乡镇
510304207007	凤凰社区居委会	104.742963	29.347231	0	25	70	村庄
510321113229	桂花冲村民委员会	104.350335	29.284795	0	18	49	乡镇
510321111214	伍家村民委员会	104.354470	29.409779	0	30	72	村庄
510311108205	大力村民委员会	104.922404	29.149029	0	25	55	乡镇
510304105203	盘石村委会	104.970890	29.366520	0	30	72	村庄
510322111237	甘蔗坝村委会	105.154906	29.222477	0	18	66	乡镇
510322111240	天井村委会	105.154906	29.222477	0	18	66	乡镇
510322119220	黑竹坝村委会	104.733790	29.069320	0	30	58	村庄
510303104205	狮子村委会	104.558370	29.300101	0	30	72	村庄
510321116230	阴嘴村民委员会	104.327129	29.388412	0	18	66	乡镇
510303108226	双观村委会	104.612912	29.389843	0	18	40	乡镇
510311204204	张湾村民委员会	104.832237	29.188931	0	30	72	村庄
510302103212	尖山村委会	104.647870	29.257609	0	30	72	村庄
510311110212	双城村民委员会	104.839316	29.244862	0	20	50	乡镇
510302202006	翠景社区	104.767353	29.302826	0	25	70	村庄
510322116213	新屋村委会	104.872150	29.067490	0	30	72	村庄
510322124227	真觉村委会	105.102969	28.965144	0	18	40	乡镇
510302001008	新民街社区居委会	104.771611	29.352349	0	50	82	道路
510321119203	洋汊坳村民委员会	104.173560	29.381060	0	18	49	乡镇
510321100022	北街社区居民委员会	104.418141	29.478796	0	18	40	乡镇
510311109208	鱼塘村民委员会	104.840530	29.160359	0	30	72	村庄
510322200003	万坳社区居委会	105.102234	29.147101	0	18	49	乡镇
510322123223	鸿远村委会	105.118043	29.050723	0	18	40	乡镇
510311101004	新城板仓社区居民委员会	104.838793	29.302060	0	18	35	乡镇
510321126002	铁厂铺社区居民委员会	104.339947	29.453841	1	80	95	UNKNOWN
510322112207	松林村委会	105.185132	29.195005	0	18	66	乡镇
510321103209	麦子山村民委员会	104.467294	29.392055	0	20	50	乡镇
510311102002	兴隆场社区居民委员会	104.778690	29.271970	0	20	41	乡镇
510321120206	大屋坡村民委员会	104.105409	29.440094	0	18	49	乡镇
510322100040	北湖社区居委会	104.985062	29.186970	1	80	100	政府机构
510322101201	久泰村委会	105.010730	29.156583	0	18	40	乡镇
510302101002	德铭社区居民委员会	104.696306	29.245627	0	20	41	乡镇
510321102232	石牛村民委员会	104.539190	29.343599	0	30	72	村庄
510304107208	佛岩村委会	105.008880	29.367585	0	18	40	乡镇
510304109216	古井村委会	105.058490	29.296150	0	30	72	村庄
510303100207	骑龙村委会	104.678230	29.373410	0	30	72	村庄
510321123216	方冲村民委员会	104.205065	29.552059	0	18	49	乡镇
510322112211	火车村委会	105.185132	29.195005	0	18	40	乡镇
510321118003	团结街社区居民委员会	104.225927	29.475325	0	50	73	道路
510304104218	高庙村委会	104.910880	29.417530	0	30	72	村庄
510322120225	腰塘村委会	104.801840	29.074161	0	30	72	村庄
510321111222	文昌村民委员会	104.391197	29.397190	0	18	49	乡镇
510322117228	赵家村委会	104.970169	29.067821	0	18	66	乡镇
510302204202	扬柳村村委会	104.676056	29.213084	0	30	51	村庄
510322115215	菜田村委会	104.895849	29.120927	0	18	66	乡镇
510322201203	石仁村委会	105.161711	29.087962	0	20	67	村庄
510303200205	小冲村委会	104.553527	29.420684	0	25	70	村庄
510303108230	吴家山村委会	104.612912	29.389843	0	18	66	乡镇
510321116226	李家嘴村民委员会	104.327129	29.388412	0	18	49	乡镇
510311100204	和平村民委员会	104.865515	29.260502	0	30	72	村庄
510302202010	香溪谷社区居民委员会	104.767353	29.302826	0	25	43	村庄
510322202213	梓桐村委会	104.716709	29.134402	0	20	41	村庄
510304002016	龙井社区居委会	104.777728	29.363751	0	40	72	乡镇
510322104238	金盘村委会	105.083693	29.246788	0	18	66	乡镇
510311110204	群英村民委员会	104.862880	29.223771	0	30	72	村庄
510302103204	大山村委会	104.681430	29.289991	0	30	72	村庄
510311204212	骑龙村民委员会	104.891370	29.150689	0	30	72	村庄
510321100034	望景楼社区居民委员会	104.418141	29.478796	0	18	40	乡镇
510303107203	余家村委会	104.585918	29.218474	0	20	67	乡镇
510321206208	大树村民委员会	104.195859	29.603661	0	25	55	村庄
510322123219	莲花村委会	105.140710	29.019949	0	30	72	村庄
510321110223	高滩村民委员会	104.497590	29.346551	0	30	72	UNKNOWN
510304107224	祝家村委会	105.008880	29.367585	0	18	66	乡镇
510321100223	板板桥村民委员会	104.418141	29.478796	0	18	49	乡镇
510322103210	小河村委会	105.040040	29.239546	0	20	67	乡镇
510322113210	石坝村委会	105.189856	29.125438	0	18	66	乡镇
510302202207	肖家村村委会	104.745863	29.282462	1	80	100	政府机构
510303101206	么塘村委会	104.643642	29.347155	0	30	51	乡镇
510304106209	白果冲村委会	104.773228	29.412698	0	20	67	乡镇
510322104243	铁牛村委会	105.083693	29.246788	0	18	40	乡镇
510303001021	糍粑坳社区居委会	104.718365	29.341812	0	30	58	乡镇
510311106201	前进村民委员会	104.758945	29.229708	0	20	50	乡镇
510321121207	枷档湾村民委员会	104.184017	29.514054	1	80	95	地产小区
510303106202	高林村委会	104.464290	29.227880	0	30	72	村庄
510321118214	得胜村民委员会	104.235691	29.461716	0	18	49	乡镇
510302102205	金华村村委会	104.699010	29.276730	0	30	58	村庄
510322107204	小塘村委会	104.983350	29.251281	0	30	72	村庄
510311111205	双塘村民委员会	104.938023	29.301857	0	30	72	村庄
510322203212	滩子村委会	105.190239	28.954773	0	25	70	村庄
510311101205	詹市村民委员会	104.838793	29.302060	0	18	66	乡镇
510303100010	韭菜嘴社区居委会	104.689019	29.348302	1	80	100	政府机构
510304109001	回龙场社区居委会	105.043719	29.302563	1	80	97	UNKNOWN
510321117227	兰家村民委员会	104.173133	29.303194	0	18	49	乡镇
510311203001	刘家山社区居民委员会	104.809143	29.206698	0	25	47	村庄
510311112215	洞山村民委员会	104.851020	29.361380	0	30	72	村庄
510322200202	赵岩村委会	105.102234	29.147101	0	18	40	乡镇
510322114214	冯坪村委会	105.236051	29.163605	0	25	47	乡镇
510321114221	麻柳场村民委员会	104.211790	29.304091	0	30	72	UNKNOWN
510311101213	卫里村民委员会	104.838793	29.302060	0	18	66	乡镇
510321124228	棬子坪村民委员会	104.499550	29.477412	0	18	49	乡镇
510321126215	三台村民委员会	104.332243	29.473183	0	18	66	乡镇
510322203204	石河村委会	105.188450	28.951249	0	30	72	村庄
510311111213	点灯村民委员会	104.968026	29.291387	0	18	66	乡镇
510303105204	跳礅村委会	104.625040	29.286050	0	20	41	乡镇
510321125205	老君坝村民委员会	104.429570	29.539620	0	30	72	村庄
510311102203	卫星村民委员会	104.783610	29.258349	0	30	72	村庄
510322200214	荷弯村委会	105.102234	29.147101	0	18	40	乡镇
510322104202	张家村委会	105.076610	29.229549	0	30	72	村庄
510311112203	云溪村民委员会	104.865590	29.358371	0	30	72	村庄
510302101203	永胜村村委会	104.696306	29.245627	0	20	67	乡镇
510304107232	前锋村委会	105.004440	29.348770	0	30	72	村庄
510321110235	万人村民委员会	104.430239	29.335699	0	18	66	乡镇
510321112208	李子村民委员会	104.437853	29.270154	0	18	49	乡镇
510311105207	中堰村民委员会	104.714410	29.187494	0	20	50	乡镇
510322122222	临江村委会	105.055050	29.065810	0	30	72	村庄
510304108201	坪上村委会	105.059270	29.439090	0	30	72	村庄
510321111218	夜合村民委员会	104.391197	29.397190	0	18	66	乡镇
510321113225	文庄村民委员会	104.350335	29.284795	0	18	49	乡镇
510303101210	重滩村委会	104.682800	29.335721	0	30	58	UNKNOWN
510322201002	大坳场社区居委会	105.161711	29.087962	0	20	50	村庄
510321113224	字库村民委员会	104.350335	29.284795	0	18	49	乡镇
510321111219	刘家庙村民委员会	104.391197	29.397190	0	18	49	乡镇
510322122223	安福村委会	105.036464	29.029430	0	18	66	乡镇
510304107233	烟墩村委会	105.006210	29.330100	0	30	72	村庄
510321110234	柑子坳村民委员会	104.430239	29.335699	0	18	49	乡镇
510303102201	元坝社区村民委员会	104.700976	29.317987	0	20	50	乡镇
510311105206	万场村民委员会	104.714410	29.187494	0	20	50	乡镇
510322113207	邓湾村委会	105.189856	29.125438	0	18	66	乡镇
510303105205	团结村委会	104.676980	29.285981	0	30	72	村庄
510321125204	炭洞子村民委员会	104.405496	29.562444	0	18	49	乡镇
510311102202	陈湾村民委员会	104.779219	29.279872	0	30	72	村庄
510322200215	五余村委会	105.102234	29.147101	0	18	35	乡镇
510311112202	华丰村民委员会	104.885300	29.331560	0	30	72	村庄
510302101202	黄家村村委会	104.696306	29.245627	0	20	67	乡镇
510321118203	平滩村民委员会	104.235691	29.461716	0	18	49	乡镇
510321114220	螺蛳坝村民委员会	104.234806	29.332719	0	18	49	乡镇
510311101212	严家村民委员会	104.819790	29.316120	0	30	72	村庄
510321124229	黄花村民委员会	104.499550	29.477412	0	18	49	乡镇
510322203205	同安村委会	105.190239	28.954773	0	25	70	村庄
510311111212	玉吉村民委员会	104.968026	29.291387	0	18	66	乡镇
510303100011	石辊社区居民委员会	104.693674	29.347263	0	18	40	乡镇
510321117226	石庄村民委员会	104.143160	29.311410	0	30	72	村庄
510303201205	新民村委会	104.508560	29.177411	0	30	72	村庄
510311112214	坳店村民委员会	104.891210	29.337840	0	18	66	乡镇
510322200203	协和村委会	105.108320	29.118491	0	30	72	村庄
510322114215	天洋村委会	105.236051	29.163605	0	25	70	乡镇
510302102204	磨刀岭村村委会	104.716690	29.288979	0	30	58	村庄
510311111204	王家村民委员会	104.935000	29.289250	0	30	72	村庄
510322107205	高山村委会	104.978550	29.277221	0	30	72	村庄
510322203213	龙滩村委会	105.190239	28.954773	0	25	70	村庄
510321126202	大沟村民委员会	104.346840	29.444389	0	30	72	村庄
510311101204	蔡市村民委员会	104.838793	29.302060	0	18	66	乡镇
510304106208	白杨村委会	104.756830	29.428490	0	30	72	村庄
510322100201	团结村委会	105.002610	29.234860	0	30	72	村庄
510322104242	石山村委会	105.110240	29.187930	0	30	72	村庄
510321124004	汪家山社区居民委员会	104.500189	29.509437	0	30	58	村庄
510322123218	青山村委会	105.101040	29.084261	0	30	72	村庄
510321119003	保华场社区居民委员会	104.173560	29.381060	0	18	35	乡镇
510304107225	双河村委会	105.019070	29.342149	0	30	72	村庄
510322103211	梓林村委会	105.040040	29.239546	0	20	67	乡镇
510302202206	考举村村委会	104.780860	29.304570	0	30	58	村庄
510311100205	黄泥洞村民委员会	104.882934	29.249916	0	20	50	乡镇
510322116204	团坝村委会	104.889110	29.080649	0	18	66	乡镇
510322202212	农历村委会	104.716709	29.134402	0	20	41	村庄
510311110205	光明村民委员会	104.843180	29.239370	0	30	72	村庄
510322104239	观音村委会	105.118230	29.267230	0	30	72	村庄
510311204213	白罗村民委员会	104.861737	29.176126	0	18	49	村庄
510302103205	白果村委会	104.668508	29.288329	0	25	70	乡镇
510302201001	大岩社区居委会	104.765211	29.326645	0	30	58	村庄
510322115214	巨元村委会	104.895849	29.120927	0	18	40	乡镇
510302204203	丁香村村委会	104.676056	29.213084	0	30	72	村庄
510322201202	铁炉村委会	105.157260	29.093391	0	30	72	村庄
510311108009	邓关盐业社区居民委员会	104.922404	29.149029	0	25	43	乡镇
510303200204	九岭村委会	104.553527	29.420684	0	25	70	村庄
510303108231	五四村委会	104.612912	29.389843	0	18	66	乡镇
510304108001	庙坝场社区居委会	105.040101	29.437074	0	18	49	乡镇
510321116227	白坡村民委员会	104.281570	29.427210	0	30	72	村庄
510303104212	将军村委会	104.595640	29.266020	0	30	72	村庄
510321123217	楠树村民委员会	104.205065	29.552059	0	18	49	乡镇
510304104219	廖家村委会	104.933977	29.401717	0	18	66	乡镇
510321111223	万民村民委员会	104.372240	29.415160	0	30	72	村庄
510322120224	大地村委会	104.805950	29.092971	0	30	72	村庄
510322114002	古佛场社区居委会	105.236051	29.163605	0	25	55	乡镇
510311107201	中心村民委员会	104.785480	29.182530	0	30	72	村庄
510322100041	富世镇白果湾社区居民委员会	104.968993	29.189389	0	18	40	乡镇
510304107209	青年村委会	105.014600	29.409159	0	30	72	村庄
510321102233	平坦桥村民委员会	104.528640	29.353869	0	50	82	道路
510304109217	雄丰村委会	105.051501	29.303419	0	20	67	乡镇
510322117004	横溪社区居委会	104.970169	29.067821	0	18	49	乡镇
510311101005	新城龙湖远达社区居民委员会	104.998963	29.179841	1	80	95	餐饮
510321123201	高咀村民委员会	104.205065	29.552059	0	18	49	乡镇
510322112206	麻柳村委会	105.185132	29.195005	0	18	40	乡镇
510311203201	红光村民委员会	104.804990	29.212471	0	30	72	村庄
510322101216	黄泥村委会	105.052760	29.187261	0	30	72	村庄
510311109209	桂花村民委员会	104.900229	29.201420	0	20	67	乡镇
510304109201	红艳村委会	105.051501	29.303419	0	20	41	乡镇
510322123222	踏水村委会	105.118043	29.050723	0	18	66	乡镇
510321102225	长冲村民委员会	104.500380	29.383211	0	30	72	村庄
510321100218	朝阳村民委员会	104.405070	29.426390	0	30	72	村庄
510311204205	共和村民委员会	104.832720	29.174709	0	30	72	村庄
510302202007	御景社区	104.767353	29.302826	0	25	70	村庄
510322124226	发农村委会	105.102969	28.965144	0	18	40	乡镇
510302001009	三台寺社区居委会	104.772341	29.353132	1	80	95	地产小区
510321100023	西街社区居民委员会	104.418141	29.478796	0	18	40	乡镇
510322119221	象鼻村委会	104.748549	29.047207	0	18	66	乡镇
510304001011	马草山社区居委会	104.783110	29.371569	0	50	58	乡镇
510321124205	半边坡村民委员会	104.499550	29.477412	0	18	49	乡镇
510303104204	中坝村委会	104.578952	29.296237	0	18	66	乡镇
510321116231	胡家巷村民委员会	104.327129	29.388412	0	18	49	乡镇
510303108227	徐家村委会	104.612912	29.389843	0	18	66	乡镇
510304105202	郭家村委会	104.964320	29.354400	0	30	72	村庄
510322101236	石板村委会	105.010730	29.156583	0	18	66	乡镇
510322111236	勤劳村委会	105.147110	29.182450	0	30	72	村庄
510321120231	小田村民委员会	104.123510	29.450049	0	30	72	村庄
510311100008	兴元路社区居民委员会	104.882934	29.249916	0	20	41	乡镇
510304207006	永胜社区居委会	104.746278	29.376439	1	80	100	政府机构
510321205203	楠木村民委员会	104.250369	29.606198	0	25	55	村庄
510321113228	曹家嘴村民委员会	104.350335	29.284795	0	18	49	乡镇
510311108204	高石村民委员会	104.922404	29.149029	0	25	55	乡镇
510304004008	上田坝社区居委会	104.801372	29.382986	1	80	100	政府机构
510303106219	蔡家村委会	104.497693	29.231570	0	18	66	乡镇
510303108207	花椒村委会	104.612912	29.389843	0	18	66	乡镇
510321124225	桐子坳村民委员会	104.489450	29.382610	0	30	72	UNKNOWN
510321126218	黑观音村民委员会	104.332243	29.473183	0	18	40	乡镇
510321110003	乐德场社区居民委员会	104.403240	29.346700	1	80	100	政府机构
510321115201	卫星村民委员会	104.285990	29.360470	0	30	72	村庄
510321119222	青杆坪村民委员会	104.173560	29.381060	0	18	49	乡镇
510304102206	高坎村委会	104.802474	29.426910	0	25	70	乡镇
510321125208	观音坳村民委员会	104.405496	29.562444	0	18	49	乡镇
510321118219	伍家嘴村民委员会	104.235691	29.461716	0	18	49	乡镇
510304104002	何家场社区居委会	104.930383	29.384892	1	80	97	UNKNOWN
510321202211	五皇殿村民委员会	104.170279	29.241225	0	18	49	村庄
510321124233	鸦鹊冲村民委员会	104.499550	29.477412	0	18	49	乡镇
510311101208	瑶湾村民委员会	104.838793	29.302060	0	18	49	乡镇
510322107209	李寺村委会	104.937210	29.236328	0	18	66	乡镇
510311111208	卫家村民委员会	104.968026	29.291387	0	18	49	乡镇
510322100036	邓井关社区居委会	104.946585	29.158917	0	50	82	UNKNOWN
510302102208	金鱼村村委会	104.739080	29.318180	0	30	58	村庄
510302003002	后山坡社区居委会	104.766960	29.353850	1	80	95	地产小区
510311109004	王井街社区居民委员会	104.900229	29.201420	0	20	41	乡镇
510311112218	大岩村民委员会	104.891210	29.337840	0	18	49	乡镇
510322104219	延庆村委会	105.083693	29.246788	0	18	49	乡镇
510304107229	老贯村委会	105.008880	29.367585	0	18	40	乡镇
510321102213	虎板村民委员会	104.516052	29.371701	0	18	66	乡镇
510302004006	火井沱社区居委会	104.751556	29.352872	1	80	100	政府机构
510321112213	梨子村民委员会	104.437853	29.270154	0	18	49	乡镇
510321206205	新祠村民委员会	104.195859	29.603661	0	25	55	村庄
510304106204	燎原村委会	104.791950	29.402750	0	30	72	村庄
510322120204	花渔村委会	104.817234	29.076209	0	25	47	乡镇
510322125006	大城社区居委会	105.174722	29.021487	0	18	49	乡镇
510304207010	山水名苑社区居委会	104.738370	29.326240	0	50	82	地产小区
510311111224	金沙村民委员会	104.919670	29.259750	0	30	72	村庄
510322117225	瓦窑村委会	104.955910	29.059689	0	30	72	村庄
510321100255	大井村民委员会	104.394730	29.490830	0	30	72	村庄
510303106223	复兴村委会	104.502900	29.211401	0	30	72	村庄
510321205002	于佳场社区居民委员会	104.262161	29.609210	1	80	95	UNKNOWN
510321114216	三柏堂村民委员会	104.234806	29.332719	0	18	49	乡镇
510302002003	豆芽湾社区居委会	104.792122	29.342600	0	30	58	乡镇
510304103211	石龙村委会	104.895850	29.443640	0	30	72	村庄
510302103209	中咀村委会	104.668508	29.288329	0	25	70	乡镇
510322118216	白房村委会	104.786778	29.118696	0	25	70	乡镇
510322104235	龙田村委会	105.069880	29.254100	0	30	72	村庄
510311110209	水井沟村民委员会	104.835050	29.270199	0	30	72	村庄
510322200223	自力村委会	105.102234	29.147101	0	18	66	乡镇
510322116208	新和村委会	104.924450	29.101591	0	30	72	村庄
510311100209	人民村民委员会	104.916900	29.246850	0	30	72	村庄
510321203210	新屋坝村民委员会	104.219519	29.245213	0	20	50	村庄
510322126201	碑山村委会	105.228234	28.966152	0	20	67	乡镇
510321107206	瓦厂村民委员会	104.520110	29.301970	0	25	70	乡镇
510321119218	五皇村民委员会	104.173560	29.381060	0	18	49	乡镇
510304100201	大山村委会	104.833720	29.394149	0	30	72	村庄
510321102004	玉章社区居民委员会	104.516052	29.371701	0	18	40	乡镇
510303002010	席草田社区居委会	104.705955	29.345959	0	40	58	乡镇
510304107205	群力村委会	105.008880	29.367585	0	18	66	乡镇
510322100221	海棠村委会	104.982950	29.198571	0	30	72	村庄
510321121226	凉风村民委员会	104.218700	29.493870	0	30	72	村庄
510321207204	牛头寨村民委员会	104.473747	29.530488	0	30	72	村庄
510302005007	银桦社区居委会	104.774877	29.340338	0	40	72	乡镇
510304104215	十字村委会	104.933977	29.401717	0	18	66	乡镇
510321122220	大垭村民委员会	104.299954	29.557100	0	18	49	乡镇
510311109205	沱田村民委员会	104.900229	29.201420	0	20	50	乡镇
510304107213	大桥村委会	105.015460	29.374129	0	30	72	村庄
510321102229	金台村民委员会	104.527090	29.387299	0	30	72	村庄
510302006001	白果社区居委会	104.765022	29.338522	0	40	58	乡镇
510321204202	瓦厂埂村民委员会	104.287929	29.275530	0	20	50	村庄
510311101009	东湖社区居民委员会	104.838793	29.302060	0	18	40	乡镇
510321103204	两口塘村民委员会	104.467294	29.392055	0	20	50	乡镇
510304104203	和平村委会	104.941200	29.380680	0	30	72	村庄
510302005011	绿盛社区居委会	104.780436	29.327613	1	80	100	政府机构
510304103207	轿子村委会	104.876677	29.422936	0	18	40	乡镇
510321111002	过水坳社区居民委员会	104.419861	29.390986	1	80	95	UNKNOWN
510303104208	道澄村委会	104.578952	29.296237	0	18	40	乡镇
510321100243	王序塘村民委员会	104.418141	29.478796	0	18	66	乡镇
510322202208	冯坝村委会	104.716709	29.134402	0	20	67	村庄
510311112222	百胜村民委员会	104.890080	29.306200	0	30	72	村庄
510322104223	芭蕉村委会	105.083693	29.246788	0	18	66	乡镇
510311204209	三河村民委员会	104.861737	29.176126	0	18	49	村庄
510302001005	珍珠寺社区居委会	104.770327	29.358426	1	80	100	政府机构
510304204201	何家冲村委会	104.980532	29.413581	0	25	70	村庄
510322111235	巨浪村委会	105.154906	29.222477	0	18	40	乡镇
510321120232	五间房村民委员会	104.164360	29.459570	0	30	72	村庄
510311105209	蒲殿村民委员会	104.714410	29.187494	0	20	67	乡镇
510322101235	顺河村委会	105.008700	29.126759	0	30	72	村庄
510304105201	新店村委会	104.946920	29.342459	0	30	72	村庄
510322102225	金竹村委会	105.065580	29.127080	0	30	72	村庄
510322100218	晨光村委会	104.957460	29.159739	0	30	72	村庄
510321124226	凉水井村民委员会	104.462560	29.507000	0	30	72	UNKNOWN
510321119221	冯家塘村民委员会	104.173560	29.381060	0	18	49	乡镇
510304102205	楼房村委会	104.802474	29.426910	0	25	70	乡镇
510303100008	李家桥社区居委会	104.693674	29.347263	0	18	49	乡镇
510321115202	邱家沟村民委员会	104.286589	29.349307	0	18	49	乡镇
510322119214	阳升村委会	104.748549	29.047207	0	18	66	乡镇
510322100035	印花庄社区居委会	104.970261	29.181848	1	80	100	政府机构
510321124230	东阳村民委员会	104.475530	29.444369	0	30	72	村庄
510321202212	姜柏嘴村民委员会	104.170279	29.241225	0	18	66	村庄
510303108212	友好村委会	104.632280	29.369721	0	30	72	村庄
510302003001	龙凤山社区居委会	104.764019	29.349808	0	40	77	道路
510322101223	黄葛村委会	105.010730	29.156583	0	18	66	乡镇
510322111223	丰光村委会	105.154906	29.222477	0	18	66	乡镇
510321206206	古井村民委员会	104.177690	29.600859	0	30	72	村庄
510302004005	核桃湾社区居委会	104.750770	29.349839	0	30	72	道路
510322125005	怀德社区居委会	105.174722	29.021487	0	18	66	乡镇
510321114002	新桥社区居民委员会	104.234806	29.332719	0	18	40	乡镇
510303101208	麻柳村委会	104.643642	29.347155	0	30	51	乡镇
510304207013	大湾社区居委会	104.749453	29.324182	1	80	100	政府机构
510304106207	詹家村委会	104.773228	29.412698	0	20	67	乡镇
510304103212	元湾村委会	104.876677	29.422936	0	18	66	乡镇
510304207204	凤凰村委会	104.749200	29.354581	0	30	72	村庄
510303106220	王家社区村民委员会	104.497693	29.231570	0	18	49	乡镇
510322125212	砖房村委会	105.174722	29.021487	0	18	66	乡镇
510321116228	芭蕉湾村民委员会	104.327129	29.388412	0	18	49	乡镇
510322117226	双林村委会	104.961770	29.051599	0	30	72	村庄
510321107205	鼎新村民委员会	104.520674	29.302704	1	80	100	政府机构
510304100202	新燕村委会	104.843017	29.399793	0	18	66	乡镇
510322200220	谢扁村委会	105.102234	29.147101	0	18	40	乡镇
510322104236	长井村委会	105.083693	29.246788	0	18	66	乡镇
510304107206	群光村委会	105.008880	29.367585	0	18	66	乡镇
510303100209	六房村委会	104.693674	29.347263	0	18	66	乡镇
510321110201	桥凼村民委员会	104.430239	29.335699	0	18	66	乡镇
510322121206	古木村委会	105.108018	29.007737	0	18	40	乡镇
510322124004	新农社区居委会	105.102969	28.965144	0	18	66	乡镇
510303002013	盐工新村社区居委会	104.705955	29.345959	0	40	51	乡镇
510311109210	曹湾村民委员会	104.900229	29.201420	0	20	50	乡镇
510302005004	梨园社区居委会	104.775260	29.342896	1	80	100	政府机构
510304104216	三和村委会	104.933977	29.401717	0	18	66	乡镇
510321103211	郝家山村民委员会	104.467294	29.392055	0	20	50	乡镇
510321207207	川洞子村民委员会	104.465643	29.554240	0	18	49	村庄
510321121225	鸽子村民委员会	104.199030	29.499685	0	18	49	乡镇
510321123218	桐子湾村民委员会	104.155530	29.593260	0	30	72	村庄
510322100222	望云村委会	104.968993	29.189389	0	18	40	乡镇
510321204201	河坝湾村民委员会	104.287929	29.275530	0	20	50	村庄
510304107210	权利村委会	105.008880	29.367585	0	18	40	乡镇
510321100217	星星村民委员会	104.424610	29.423100	0	30	72	村庄
510302006002	谢家坝社区居委会	104.765010	29.339480	0	40	77	道路
510311109206	赵湾村民委员会	104.900229	29.201420	0	20	50	乡镇
510322101219	山林村委会	105.046150	29.192381	0	30	72	村庄
510322113224	民政村委会	105.203040	29.085629	0	30	72	村庄
510322102209	楼阴村委会	105.057498	29.097521	0	18	40	乡镇
510322112209	白花村委会	105.185132	29.195005	0	18	66	乡镇
510303108228	杨柳村委会	104.657750	29.399169	0	30	72	村庄
510311108010	会仙桥社区居民委员会	104.940010	29.158940	1	80	95	UNKNOWN
510322117230	宝峰村委会	105.000360	29.055910	0	30	72	村庄
510322126214	天马村委会	105.216890	28.981911	0	30	72	村庄
510304204202	瓦高村委会	104.980532	29.413581	0	25	47	村庄
510302001006	黄桷坪社区居委会	104.769370	29.361819	0	30	72	村庄
510311112221	马丘村民委员会	104.891210	29.337840	0	18	49	乡镇
510302202008	胜景社区	104.767353	29.302826	0	25	70	村庄
510322100214	光灯村委会	104.968993	29.189389	0	18	40	乡镇
510304004007	斑竹林社区居委会	104.831390	29.378270	0	30	72	UNKNOWN
510302201203	白果村委会	104.765211	29.326645	0	30	72	村庄
510302204001	俞冲社区居委会	104.676056	29.213084	0	30	58	村庄
510321113227	万家村民委员会	104.350335	29.284795	0	18	49	乡镇
510304108203	庙坝村委会	105.040101	29.437074	0	18	66	乡镇
510322122220	余村村委会	105.036464	29.029430	0	18	66	乡镇
510304207009	远达花园社区居委会	104.736723	29.333726	0	60	87	地产小区
510311100007	开元路社区居民委员会	104.873852	29.273256	0	40	65	道路
510321122203	喻家沟村民委员会	104.299954	29.557100	0	18	49	乡镇
510311105205	金兰村民委员会	104.714410	29.187494	0	20	50	乡镇
510322111239	旭光村委会	105.154906	29.222477	0	18	66	乡镇
510321110237	南华村民委员会	104.453760	29.328170	0	30	72	村庄
510304107230	罗井村委会	105.008880	29.367585	0	18	66	乡镇
510311112201	箭口村民委员会	104.891210	29.337840	0	18	49	乡镇
510302101201	全胜村村委会	104.708997	29.266025	1	80	100	政府机构
510311102201	舒滩村民委员会	104.778690	29.271970	0	20	67	乡镇
510321125207	白杨寺村民委员会	104.405496	29.562444	0	18	49	乡镇
510322200216	程山村委会	105.102234	29.147101	0	18	40	乡镇
510303105206	增产村委会	104.625040	29.286050	0	20	41	乡镇
510304102209	土柱村委会	104.802474	29.426910	0	25	70	乡镇
510311111211	沙溪村民委员会	104.994360	29.296050	0	30	72	村庄
510321126217	山王村民委员会	104.350070	29.502530	0	30	72	村庄
510311101211	卷梓村民委员会	104.838793	29.302060	0	18	66	乡镇
510303106216	中华村委会	104.497693	29.231570	0	18	66	乡镇
510303108208	晏家村委会	104.628150	29.423551	0	30	72	村庄
510322114216	田边村委会	105.236051	29.163605	0	25	70	乡镇
510322104216	茄湾村委会	105.111320	29.278161	0	30	58	村庄
510322118235	红岩村委会	104.748790	29.106591	0	30	72	村庄
510311112217	天成村民委员会	104.891210	29.337840	0	18	49	乡镇
510303201206	燕嘴村委会	104.522790	29.173600	0	30	58	UNKNOWN
510303100012	竹林社区居民委员会	104.693674	29.347263	0	18	40	乡镇
510321117225	龙王殿村民委员会	104.173133	29.303194	0	18	49	乡镇
510322203210	塘冲村委会	105.178230	28.956080	0	30	72	村庄
510311101207	桔香村民委员会	104.838793	29.302060	0	18	66	乡镇
510321126201	大丰村民委员会	104.334910	29.459140	0	30	72	村庄
510321123003	但家坝社区居民委员会	104.172807	29.572300	1	80	95	政府机构
510302102207	上阳村村委会	104.731425	29.295385	1	80	100	政府机构
510322100039	宋渡社区居委会	104.968993	29.189389	0	18	66	乡镇
510311111207	长乐村民委员会	104.938560	29.318710	0	30	72	村庄
510322107206	长山村委会	104.961720	29.265300	0	30	72	村庄
510322104241	大湾村委会	105.105710	29.290231	0	30	72	村庄
510303001023	向阳街社区居委会	104.718365	29.341812	0	30	72	乡镇
510311106203	兴加村民委员会	104.758945	29.229708	0	20	67	乡镇
510302202205	罗冲村村委会	104.767353	29.302826	0	25	70	村庄
510321122215	大车村民委员会	104.275410	29.597000	0	30	72	村庄
510322103212	复兴村委会	105.037090	29.209011	0	30	72	村庄
510304107226	东胜村委会	105.008880	29.367585	0	18	66	乡镇
510303107201	葛麻村委会	104.585918	29.218474	0	20	67	乡镇
510321119217	大湾村民委员会	104.252620	29.421670	0	30	72	村庄
510321107209	红胜村民委员会	104.522440	29.277060	0	30	72	村庄
510311110206	国光村民委员会	104.839316	29.244862	0	20	50	乡镇
510304002014	华大社区居委会	104.778561	29.361531	0	60	87	UNKNOWN
510311204210	莲花村民委员会	104.884360	29.183340	0	30	72	村庄
510302103206	程佳村委会	104.668508	29.288329	0	25	47	乡镇
510311100206	互助村民委员会	104.885760	29.243550	0	30	72	村庄
510322116207	包坝村委会	104.889110	29.080649	0	18	40	乡镇
510322113005	芝溪社区居委会	105.202333	29.113003	1	70	92	UNKNOWN
510321122002	双古场社区居民委员会	104.299954	29.557100	0	18	35	乡镇
510321116224	鸭子凼村民委员会	104.245310	29.412160	0	30	72	UNKNOWN
510321114219	开井坝村民委员会	104.241690	29.332389	0	30	72	村庄
510303200207	高峰村委会	104.535260	29.414269	0	30	72	村庄
510303108232	天宫村委会	104.612912	29.389843	0	18	66	乡镇
510302201002	景湖社区居委会	104.765211	29.326645	0	30	72	村庄
510322201201	保和村委会	105.161711	29.087962	0	20	67	村庄
510321111220	两木村民委员会	104.391197	29.397190	0	18	66	乡镇
510302005008	交通苑社区居委会	104.777250	29.330989	0	50	82	地产小区
510302203204	草堂村村委会	104.627775	29.225419	1	80	100	政府机构
510321123214	但家村民委员会	104.205065	29.552059	0	18	49	乡镇
510311101010	紫景社区居民委员会	104.838793	29.302060	0	18	40	乡镇
510304109214	大丰村委会	105.081410	29.290719	0	30	72	村庄
510321102230	石塔村民委员会	104.518290	29.402570	0	30	72	村庄
510322101203	鱼塘村委会	105.010730	29.156583	0	18	66	乡镇
510311107202	八一村民委员会	104.784847	29.178284	0	20	67	乡镇
510322100042	富世镇谷草山社区居民委员会	104.968993	29.189389	0	18	40	乡镇
510303106001	五宝社区居委会	104.497693	29.231570	0	18	49	乡镇
510311101006	新城区恒大绿洲社区居民委员会	104.796690	29.315141	0	60	80	地产小区
510321123202	观音滩村民委员会	104.240120	29.504910	0	30	72	UNKNOWN
510322112205	羊坪村委会	105.185132	29.195005	0	18	66	乡镇
510321102226	石锣村民委员会	104.516052	29.371701	0	18	49	乡镇
510304109202	狮子村委会	105.057430	29.311320	0	30	72	村庄
510322123221	桂林村委会	105.149060	29.049540	0	30	72	村庄
510311203202	丰收村民委员会	104.822650	29.200460	0	30	72	村庄
510321203209	桅杆坳村民委员会	104.219519	29.245213	0	20	50	村庄
510322124225	促进村委会	105.102969	28.965144	0	18	66	乡镇
510322202207	吴山村委会	104.703000	29.132360	0	30	72	村庄
510302202004	燊海社区	104.767353	29.302826	0	25	70	村庄
510322116211	柏林村委会	104.909760	29.084470	0	30	72	村庄
510311100210	詹井村民委员会	104.882934	29.249916	0	20	67	乡镇
510302103210	雨潭村委会	104.668508	29.288329	0	25	70	乡镇
510311204206	照石塔村民委员会	104.861737	29.176126	0	18	49	村庄
510311110210	勤俭村民委员会	104.816740	29.266420	0	30	72	村庄
510303108224	凤鸣村委会	104.612912	29.389843	0	18	66	乡镇
510304103208	同春村委会	104.876677	29.422936	0	18	66	乡镇
510303104207	里坪村委会	104.578952	29.296237	0	18	66	乡镇
510321116232	余家湾村民委员会	104.327129	29.388412	0	18	49	乡镇
510322115201	团山村委会	104.830120	29.143620	0	30	72	村庄
510304001012	洞口井社区居委会	104.783655	29.367891	0	50	82	UNKNOWN
510322119222	灯山村委会	104.748549	29.047207	0	18	66	乡镇
510304103209	红灯村委会	104.876677	29.422936	0	18	66	乡镇
510303104206	苗山村委会	104.578952	29.296237	0	18	66	乡镇
510321116233	灯坡村民委员会	104.327129	29.388412	0	18	66	乡镇
510322125209	新田村委会	105.193010	29.010240	0	30	72	村庄
510321124207	红观音村民委员会	104.499550	29.477412	0	18	49	乡镇
510311106003	鳌头铺社区居民委员会	104.758945	29.229708	0	20	36	乡镇
510322119223	彭弯村委会	104.748549	29.047207	0	18	40	乡镇
510303109208	银匠村委会	104.591375	29.351516	0	25	47	乡镇
510303102014	黄泥坳社区居民委员会	104.700976	29.317987	0	20	41	乡镇
510321203208	塘咀村民委员会	104.219519	29.245213	0	20	50	村庄
510322124224	桐子村委会	105.107970	28.988161	0	30	72	村庄
510302202005	景苑社区	104.767353	29.302826	0	25	70	村庄
510311204207	石塔山村民委员会	104.861737	29.176126	0	18	49	村庄
510302103211	叶合村委会	104.668508	29.288329	0	25	47	乡镇
510311110211	霞光村民委员会	104.839316	29.244862	0	20	50	乡镇
510321102227	大竹林村民委员会	104.520310	29.418730	0	30	72	村庄
510322123220	老坡村委会	105.118043	29.050723	0	18	40	乡镇
510304109203	优胜村委会	105.051501	29.303419	0	20	41	乡镇
510322111214	燎原村委会	105.133349	29.162540	0	30	72	村庄
510311203203	战斗村民委员会	104.784090	29.217330	0	30	72	村庄
510311101007	沿滩新城区沿湖社区居民委员会	104.838793	29.302060	0	18	35	乡镇
510322112204	富强村委会	105.185210	29.196200	0	30	72	村庄
510321123203	井坎山村民委员会	104.205065	29.552059	0	18	49	乡镇
510304109215	火炬村委会	105.066040	29.295670	0	30	72	村庄
510303100204	柏树村委会	104.700420	29.373720	0	30	72	村庄
510321102231	黄家村民委员会	104.563970	29.355421	0	30	72	村庄
510322101202	卫国村委会	105.010730	29.156583	0	18	66	乡镇
510311112001	仙滩社区居民委员会	104.879561	29.331408	1	80	95	UNKNOWN
510302101001	双石铺社区居委会	104.705669	29.256818	1	80	97	UNKNOWN
510311107203	新和村民委员会	104.769600	29.168439	0	30	72	村庄
510322100043	富世镇沙山社区居民委员会	104.968993	29.189389	0	18	40	乡镇
510321111221	柑柏场村民委员会	104.391197	29.397190	0	18	66	乡镇
510302005009	楠桂苑社区居委会	104.781462	29.336694	1	70	92	地产小区
510321123215	熊家村民委员会	104.164280	29.593380	0	30	72	村庄
510302203205	新国村村委会	104.655559	29.206407	1	80	100	政府机构
510311101011	杨公桥社区居民委员会	104.789953	29.321614	1	80	92	地产小区
510321114218	沙湾村民委员会	104.249500	29.369430	0	30	72	村庄
510321116225	果子塘村民委员会	104.327129	29.388412	0	18	49	乡镇
510302201003	西景苑社区居委会	104.765211	29.326645	0	30	58	村庄
510302204201	星星村村委会	104.667813	29.198776	1	80	100	政府机构
510321107208	顺利村民委员会	104.538070	29.274689	0	30	72	村庄
510322103004	五桥社区居委会	105.034861	29.215775	0	50	82	道路
510322118218	万民村委会	104.786778	29.118696	0	25	47	乡镇
510311110207	农丰村民委员会	104.853080	29.244521	0	30	72	村庄
510302103207	新房村委会	104.665060	29.315950	0	30	72	村庄
510311204211	代湾村民委员会	104.861737	29.176126	0	18	49	村庄
510322116206	幺磨村委会	104.889110	29.080649	0	18	40	乡镇
510311100207	宜民村民委员会	104.882934	29.249916	0	20	50	乡镇
510322113004	童家寺社区居委会	105.168020	29.121141	0	30	72	村庄
510302202204	河山村村委会	104.770070	29.298729	0	30	58	村庄
510322103213	七贤村委会	105.040040	29.239546	0	20	67	乡镇
510302004008	大湾井社区居委会	104.750770	29.349839	0	30	58	道路
510304107227	四盟村委会	105.008880	29.367585	0	18	35	乡镇
510321100220	望江村民委员会	104.405340	29.458370	0	30	72	村庄
510303001022	新马路社区居委会	104.718365	29.341812	0	30	58	乡镇
510322104240	卡房村委会	105.083693	29.246788	0	18	66	乡镇
510311106202	七一村民委员会	104.758945	29.229708	0	20	50	乡镇
510303101205	石堰村委会	104.646010	29.339150	0	30	72	村庄
510304108214	青杠村委会	105.040101	29.437074	0	18	66	乡镇
510322203211	谭家村委会	105.190239	28.954773	0	25	70	村庄
510311101206	易市村民委员会	104.838793	29.302060	0	18	49	乡镇
510321123002	赖河坝社区居民委员会	104.214420	29.548891	0	30	58	村庄
510302102206	狮湾村村委会	104.719420	29.284409	0	30	58	村庄
510322100038	青岗山社区居委会	104.968993	29.189389	0	18	49	乡镇
510322119219	大峡口村委会	104.748549	29.047207	0	18	40	乡镇
510322107207	友爱村委会	104.937210	29.236328	0	18	66	乡镇
510311111206	方湾村民委员会	104.968026	29.291387	0	18	49	乡镇
510321118217	高松村民委员会	104.235691	29.461716	0	18	49	乡镇
510303106201	五宝村委会	104.497693	29.231570	0	18	40	乡镇
510322200201	华利村委会	105.102234	29.147101	0	18	66	乡镇
510321125210	埂子村民委员会	104.421100	29.573030	0	30	72	村庄
510311112216	瑜龙村民委员会	104.891210	29.337840	0	18	66	乡镇
510322118234	龙乘村委会	104.786778	29.118696	0	25	47	乡镇
510303100013	沙塘社区居民委员会	104.693674	29.347263	0	18	40	乡镇
510321117224	炮房村民委员会	104.173133	29.303194	0	18	49	乡镇
510311111210	古塘村民委员会	104.962990	29.288989	0	30	72	村庄
510321126216	曹家坪村民委员会	104.332243	29.473183	0	18	49	乡镇
510311101210	重滩村民委员会	104.836750	29.340529	0	30	72	UNKNOWN
510303106217	七凤村委会	104.497693	29.231570	0	18	35	乡镇
510311107002	周场社区居民委员会	104.785043	29.183613	1	80	95	UNKNOWN
510322200217	白英村委会	105.102234	29.147101	0	18	40	乡镇
510303105207	玉麒村委会	104.625040	29.286050	0	20	41	乡镇
510304102208	莲花村委会	104.809432	29.402803	1	80	100	政府机构
510311100006	升平街社区居民委员会	104.877800	29.273430	0	40	65	道路
510322111238	白果村委会	105.154906	29.222477	0	18	66	乡镇
510321122202	谢家村民委员会	104.242980	29.525519	0	30	72	村庄
510311105204	舒安村民委员会	104.714410	29.187494	0	20	50	乡镇
510321110236	板栗村民委员会	104.430239	29.335699	0	18	49	乡镇
510303107001	莲花场社区居委会	104.573697	29.204652	1	80	97	UNKNOWN
510304107231	竹林村委会	104.977970	29.343171	0	30	72	村庄
510304004006	凉高山社区居委会	104.805744	29.383992	0	50	72	乡镇
510322100215	锁江村委会	104.968993	29.189389	0	18	40	乡镇
510302201202	大岩村村委会	104.765211	29.326645	0	30	58	村庄
510322122221	刘家坝村委会	105.036464	29.029430	0	18	66	乡镇
510304108202	红光村委会	105.040101	29.437074	0	18	66	乡镇
510321113226	古文村民委员会	104.350335	29.284795	0	18	49	乡镇
510304207008	济公社区居委会	104.742963	29.347231	0	25	70	村庄
510303109204	石岭村委会	104.591375	29.351516	0	25	70	乡镇
510302001007	磨子井社区居委会	104.765006	29.359193	0	30	58	乡镇
510322118202	老顶寺村委会	104.786778	29.118696	0	25	43	乡镇
510322104221	龙须村委会	105.083693	29.246788	0	18	66	乡镇
510311112220	余家村民委员会	104.895930	29.321810	0	30	72	村庄
510302202009	国湖社区	104.767353	29.302826	0	25	70	村庄
510322125205	坝中村委会	105.174722	29.021487	0	18	66	乡镇
510304103205	徐家村委会	104.876677	29.422936	0	18	66	乡镇
510322117231	铁山村委会	105.008760	29.054419	0	30	72	村庄
510321116004	杨佳场社区居民委员会	104.346370	29.378080	0	30	58	UNKNOWN
510304104201	五四村委会	104.933977	29.401717	0	18	66	乡镇
510321103206	武官村民委员会	104.467294	29.392055	0	20	50	乡镇
510322102208	艾家村委会	105.057498	29.097521	0	18	66	乡镇
510321100216	新龙村民委员会	104.442410	29.410661	0	30	72	村庄
510304107211	贯山村委会	105.008880	29.367585	0	18	66	乡镇
510302006003	邓家坝社区居委会	104.765022	29.338522	0	40	58	乡镇
510311109207	虾坝村民委员会	104.900229	29.201420	0	20	67	乡镇
510302005005	方冲社区居委会	104.774877	29.340338	0	40	58	乡镇
510304104217	黄桷村委会	104.925560	29.420971	0	30	72	村庄
510304205003	金胜社区居委会	104.815514	29.353549	0	25	55	村庄
510321207206	杨柳沟村民委员会	104.435990	29.520160	0	30	72	村庄
510321121224	新寺村民委员会	104.199030	29.499685	0	18	49	乡镇
510322119002	丛善场社区居委会	104.748549	29.047207	0	18	66	乡镇
510304107207	群星村委会	105.008880	29.367585	0	18	66	乡镇
510322121207	方碑村委会	105.108018	29.007737	0	18	40	乡镇
510321115002	正紫场社区居民委员会	104.278331	29.355689	1	80	95	UNKNOWN
510303002012	泥塘湾社区居委会	104.705955	29.345959	0	40	58	乡镇
510321107204	学堂村民委员会	104.520110	29.301970	0	25	55	乡镇
510322200221	下井村委会	105.143310	29.137089	0	30	72	村庄
510322104237	南极村委会	105.083693	29.246788	0	18	40	乡镇
510302002001	钟云山社区居委会	104.780319	29.359273	0	50	82	UNKNOWN
510304103213	三关村委会	104.876677	29.422936	0	18	66	乡镇
510304207205	永胜村委会	104.749210	29.371471	0	30	72	村庄
510321116229	高湾村民委员会	104.266390	29.437831	0	30	72	村庄
510322125213	青辉村委会	105.174722	29.021487	0	18	40	乡镇
510322117227	正义村委会	104.970169	29.067821	0	18	66	乡镇
510311111226	永发村民委员会	104.895140	29.268869	0	30	72	村庄
510304207012	和景社区居委会	104.742963	29.347231	0	25	55	村庄
510304106206	焦家坝村委会	104.773228	29.412698	0	20	41	乡镇
510321206207	朱家庙村民委员会	104.195859	29.603661	0	25	55	村庄
510302004004	桌子山社区居委会	104.741915	29.349019	1	80	100	政府机构
510321117228	顺河村民委员会	104.173133	29.303194	0	18	49	乡镇
510321204001	古佳场社区居民委员会	104.290399	29.299204	1	80	95	UNKNOWN
510322100034	吉安社区居委会	104.968993	29.189389	0	18	66	乡镇
510321124231	八仙村民委员会	104.499550	29.477412	0	18	49	乡镇
510321202213	大坪山村民委员会	104.170279	29.241225	0	18	49	村庄
510304102204	朝天村委会	104.802474	29.426910	0	25	70	乡镇
510321119220	戴家山村民委员会	104.173560	29.381060	0	18	49	乡镇
510303100009	大码头社区居委会	104.686042	29.347904	1	80	100	政府机构
510322121006	花园口社区居民委员会	105.108018	29.007737	0	18	40	乡镇
510322115220	桂花村委会	104.895849	29.120927	0	18	66	乡镇
510321124227	牛王庙村民委员会	104.499550	29.477412	0	18	49	乡镇
510322119203	熊山村委会	104.748549	29.047207	0	18	40	乡镇
510321202205	中间房村民委员会	104.170279	29.241225	0	18	49	村庄
510322100219	联合村委会	104.988480	29.225941	0	30	72	村庄
510322102224	农场村委会	105.072090	29.120679	0	30	72	UNKNOWN
510311108206	新塘村民委员会	104.939510	29.166310	0	30	72	村庄
510304106210	文家村委会	104.773228	29.412698	0	20	67	乡镇
510321120233	花红村民委员会	104.140540	29.461091	0	30	72	村庄
510311105208	余山村民委员会	104.723870	29.213029	0	30	72	村庄
510322111234	草茂村委会	105.154906	29.222477	0	18	40	乡镇
510322101234	长田村委会	105.012650	29.135299	0	30	72	村庄
510321112207	山边村民委员会	104.441670	29.291951	0	30	72	村庄
510322126002	长滩坝社区居委会	105.254640	28.941599	0	30	72	村庄
510322100212	安和村委会	104.968993	29.189389	0	18	66	乡镇
510304108205	灯杆村委会	105.040101	29.437074	0	18	40	乡镇
510322122226	马山村委会	105.014180	28.995139	0	30	72	村庄
510321122205	晏家桥村民委员会	104.299954	29.557100	0	18	49	乡镇
510321120238	来龙村民委员会	104.105409	29.440094	0	18	49	乡镇
510311105203	代寺村民委员会	104.714410	29.187494	0	20	50	乡镇
510322103202	桃花村委会	105.040040	29.239546	0	20	67	乡镇
510302103001	灵官殿社区居委会	104.668508	29.288329	0	25	55	乡镇
510304100009	桐子山社区居委会	104.843017	29.399793	0	18	49	乡镇
510321110231	天宫庙村民委员会	104.430239	29.335699	0	18	49	乡镇
510321120003	留佳场社区居民委员会	104.121487	29.447702	1	80	95	UNKNOWN
510311102207	光辉村民委员会	104.778690	29.271970	0	20	67	乡镇
510311112207	姚湾村民委员会	104.868580	29.350141	0	30	72	村庄
510302101207	银河村村委会	104.708900	29.219229	0	30	58	村庄
510322100029	文庙社区居委会	104.968993	29.189389	0	18	66	乡镇
510311111217	大觉村民委员会	104.968026	29.291387	0	18	49	乡镇
510303106210	田坝村委会	104.497693	29.231570	0	18	66	乡镇
510304205209	茴新村委会	104.815514	29.353549	0	25	55	村庄
510302101211	仲权村村委会	104.703441	29.254664	1	80	100	政府机构
510322118233	千丘村委会	104.786778	29.118696	0	25	70	乡镇
510311112211	石塔村民委员会	104.889730	29.352949	0	30	72	村庄
510322200206	罗桥村委会	105.143220	29.128859	0	30	72	村庄
510321117223	赵家桥村民委员会	104.191160	29.342860	0	30	72	道路
510302102201	柏林村村委会	104.722388	29.299200	0	25	70	乡镇
510311111201	沱湾村民委员会	104.968026	29.291387	0	18	49	乡镇
510322112002	中兴场社区居委会	105.185132	29.195005	0	18	49	乡镇
510311101201	打谷村民委员会	104.838793	29.302060	0	18	49	乡镇
510321126207	大坪村民委员会	104.291960	29.444490	0	30	72	村庄
510303001025	马槽塘社区居委会	104.718365	29.341812	0	30	58	乡镇
510311106205	云龙村民委员会	104.779820	29.231619	0	30	72	村庄
510303101202	固胜村委会	104.643642	29.347155	0	30	51	乡镇
510304108213	九房村委会	105.040101	29.437074	0	18	66	乡镇
510302202203	双院村村委会	104.755229	29.300519	1	80	100	政府机构
510322113214	周河村委会	105.189856	29.125438	0	18	66	乡镇
510321122213	石河村民委员会	104.238460	29.568209	0	30	72	村庄
510322121220	鸭池村委会	105.108018	29.007737	0	18	66	乡镇
510304107220	高店村委会	105.058840	29.354370	0	30	72	村庄
510304100208	光明村委会	104.854570	29.414310	0	30	72	村庄
510321100030	二佛路社区居民委员会	104.420281	29.452219	0	40	65	道路
510303107207	白仓村委会	104.585918	29.218474	0	20	41	乡镇
510311105002	富全街社区居民委员会	104.714410	29.187494	0	20	41	乡镇
510322103003	狮子滩社区居委会	105.040040	29.239546	0	20	67	乡镇
510303200201	凤皇村委会	104.553527	29.420684	0	25	47	村庄
510304103218	公平村委会	104.876677	29.422936	0	18	66	乡镇
510322125218	司湾村委会	105.174722	29.021487	0	18	66	乡镇
510321124216	马塘村民委员会	104.527650	29.485229	0	30	72	村庄
510311112401	四川卫生康复职业学院	104.763556	29.334809	0	60	100	教育
510302201004	悦景社区	104.765211	29.326645	0	30	72	村庄
510322201207	代江村委会	105.161711	29.087962	0	20	41	村庄
510322120221	石盘村委会	104.793790	29.038480	0	30	72	村庄
510302203202	东升村村委会	104.643857	29.234868	1	80	100	政府机构
510321123212	吴家湾村民委员会	104.205065	29.552059	0	18	49	乡镇
510304109212	玛瑙村委会	105.051501	29.303419	0	20	67	乡镇
510303105001	桥头铺社区居委会	104.636978	29.301423	1	80	100	政府机构
510311107204	新华村民委员会	104.757360	29.159810	0	30	72	村庄
510322100044	滨河社区居民委员会	104.968993	29.189389	0	18	40	乡镇
510321123204	大坝坪村民委员会	104.205065	29.552059	0	18	49	乡镇
510322112203	农光村委会	105.185132	29.195005	0	18	66	乡镇
510321112220	新龙桥村民委员会	104.437853	29.270154	0	18	49	乡镇
510304109204	关帝村委会	105.051501	29.303419	0	20	67	乡镇
510302006008	新汇社区居委会	104.765022	29.338522	0	40	58	乡镇
510303201001	牛尾河社区居委会	104.540010	29.172362	0	20	50	村庄
510311203204	利民村民委员会	104.798080	29.222750	0	30	72	村庄
510322101213	楼台村委会	105.010730	29.156583	0	18	66	乡镇
510321122229	黄家坝村民委员会	104.309253	29.549100	1	80	97	政府机构
510303102013	长土街社区居委会	104.692140	29.338110	0	30	51	UNKNOWN
510322124223	新文村委会	105.102969	28.965144	0	18	66	乡镇
510321100026	南街社区居民委员会	104.418141	29.478796	0	18	40	乡镇
510321107219	鲤鱼村民委员会	104.496700	29.308800	0	30	72	村庄
510321119207	高屋村民委员会	104.173560	29.381060	0	18	49	乡镇
510302202002	西湖社区	104.767353	29.302826	0	25	70	村庄
510303104201	万坪村委会	104.578952	29.296237	0	18	66	乡镇
510321114209	赶场冲村民委员会	104.234806	29.332719	0	18	49	乡镇
510304001014	扇子坝社区居委会	104.786469	29.366483	0	30	72	村庄
510322119224	韩嘴村委会	104.807420	29.051951	0	30	58	UNKNOWN
510322201211	骡田村委会	105.161711	29.087962	0	20	41	村庄
510321121002	来牟铺社区居民委员会	104.199030	29.499685	0	18	40	乡镇
510322101233	高石村委会	105.010730	29.156583	0	18	66	乡镇
510322111233	二七村委会	105.154906	29.222477	0	18	66	乡镇
510321120234	莫家村民委员会	104.118810	29.459429	0	30	72	村庄
510321122209	白云桥村民委员会	104.299954	29.557100	0	18	49	乡镇
510321117002	东佳场社区居民委员会	104.183249	29.304241	1	80	95	UNKNOWN
510304105207	余家村委会	104.945812	29.351294	0	25	70	乡镇
510321107002	鼎新寺社区居民委员会	104.520110	29.301970	0	25	47	乡镇
510311108201	顺昌美村民委员会	104.922404	29.149029	0	25	55	乡镇
510322102223	徐家嘴村委会	105.057498	29.097521	0	18	40	乡镇
510321121219	来牟村民委员会	104.199030	29.499685	0	18	66	乡镇
510304108209	柑子村委会	105.049380	29.429651	0	30	72	村庄
510322120217	川主村委会	104.817234	29.076209	0	25	70	乡镇
510304003009	高硐社区居委会	104.767580	29.382479	0	30	72	UNKNOWN
510322119204	熊坝村委会	104.748549	29.047207	0	18	66	乡镇
510321124220	黄桷湾村民委员会	104.499550	29.477412	0	18	49	乡镇
510322115227	新兴村委会	104.859790	29.105651	0	30	72	村庄
510303108202	双河口村委会	104.612912	29.389843	0	18	66	乡镇
510322101008	黄葛社区居委会	105.010730	29.156583	0	18	66	乡镇
510322118229	天台村委会	104.786778	29.118696	0	25	70	乡镇
510322111008	代家寺社区居委会	105.141176	29.214995	0	25	70	旅游景点
510321115204	坟嘴山村民委员会	104.286589	29.349307	0	18	49	乡镇
510304107001	王爷庙社区居委会	105.008880	29.367585	0	18	49	乡镇
510304102203	狮塘村委会	104.802474	29.426910	0	25	70	乡镇
510322115231	高河村委会	104.939350	29.149433	1	80	100	政府机构
510322100033	金山社区居委会	104.968993	29.189389	0	18	66	乡镇
510303108214	吴家祠村委会	104.612912	29.389843	0	18	66	乡镇
510302003007	大缺口社区居委会	104.764019	29.349808	0	40	65	道路
510322124215	新安村委会	105.137850	28.952190	0	30	72	村庄
510321115212	张家庙村民委员会	104.286589	29.349307	0	18	49	乡镇
510322111225	飞轮村委会	105.154906	29.222477	0	18	40	乡镇
510322103218	花市村委会	105.040040	29.239546	0	20	41	乡镇
510302004003	大来井社区居委会	104.751488	29.343977	1	80	100	政府机构
510311106209	新元村民委员会	104.726200	29.233600	0	30	72	村庄
510303001029	东风社区居委会	104.718365	29.341812	0	30	72	乡镇
510304106201	董家村委会	104.797730	29.392130	0	30	72	村庄
510321205210	童家河村民委员会	104.250369	29.606198	0	25	55	村庄
510321100250	石碓窝村民委员会	104.418141	29.478796	0	18	49	乡镇
510304207202	济公村委会	104.740821	29.335489	1	80	100	政府机构
510322125214	甘庙村委会	105.174722	29.021487	0	18	40	乡镇
510302002006	交通路社区居委会	104.783180	29.353292	1	80	100	政府机构
510304103214	洞云村委会	104.876677	29.422936	0	18	40	乡镇
510321118230	胡家村民委员会	104.181390	29.435420	0	30	72	村庄
510311111221	合星村民委员会	104.916020	29.276900	0	30	72	村庄
510322107220	金城村委会	104.937210	29.236328	0	18	66	乡镇
510311101221	新严村民委员会	104.838793	29.302060	0	18	66	乡镇
510303102009	胜利路社区居委会	104.700976	29.317987	0	20	67	乡镇
510322126204	鱼坝村委会	105.228234	28.966152	0	20	41	乡镇
510304100204	江姐村委会	104.823783	29.387141	0	50	65	UNKNOWN
510321100207	观音坡村民委员会	104.418141	29.478796	0	18	49	乡镇
510304102002	团标寺社区居委会	104.802474	29.426910	0	25	55	乡镇
510322101209	同心村委会	105.016350	29.177839	1	80	100	政府机构
510322100048	松山社区居民委员会	104.968993	29.189389	0	18	40	乡镇
510311107208	海涛村民委员会	104.784847	29.178284	0	20	50	乡镇
510321207201	龚家沟村民委员会	104.470190	29.583449	0	30	72	村庄
510304205004	茴新社区居委会	104.815514	29.353549	0	25	47	村庄
510302005002	园丁苑社区居委会	104.774877	29.340338	0	40	72	乡镇
510304104210	蔡家村委会	104.933977	29.401717	0	18	66	乡镇
510321103217	望佳村民委员会	104.467294	29.392055	0	20	67	乡镇
510322102219	槽房村委会	105.057498	29.097521	0	18	66	乡镇
510321121223	踏紫村民委员会	104.199030	29.499685	0	18	66	乡镇
510304107216	大义村委会	105.008880	29.367585	0	18	66	乡镇
510302006004	宏发社区居委会	104.765022	29.338522	0	40	72	乡镇
510304109208	红珠村委会	105.051501	29.303419	0	20	67	乡镇
510321204207	毛家坝村民委员会	104.287929	29.275530	0	20	50	村庄
510321122225	朱家河村民委员会	104.299954	29.557100	0	18	49	乡镇
510322113222	槽沟村委会	105.189856	29.125438	0	18	40	乡镇
510321103201	品山村民委员会	104.467294	29.392055	0	20	50	乡镇
510304104206	胡家村委会	104.911254	29.377262	0	30	72	村庄
510321116003	度佳井社区居民委员会	104.324173	29.409047	1	80	95	UNKNOWN
510321123208	板桥村民委员会	104.232200	29.580209	0	30	72	村庄
510321118226	人民村民委员会	104.220810	29.465030	0	30	72	村庄
510304103202	狮子村委会	104.866770	29.466201	0	30	72	村庄
510302002010	鸿鹤坝社区居委会	104.777742	29.343479	0	30	72	村庄
510322125202	桥村村委会	105.174722	29.021487	0	18	66	乡镇
510321100246	观斗山村民委员会	104.418141	29.478796	0	18	49	乡镇
510304001018	仁和社区居委会	104.783110	29.371569	0	50	72	乡镇
510304100212	恐龙村委会	104.843017	29.399793	0	18	66	乡镇
510322126212	胡观村委会	105.228234	28.966152	0	20	41	乡镇
510304204204	新房村委会	104.962830	29.396910	0	30	72	村庄
510321203203	圭山寺村民委员会	104.219519	29.245213	0	20	50	村庄
510303109202	建设村委会	104.602700	29.365890	0	30	72	村庄
510302001001	香炉寺社区居委会	104.765006	29.359193	0	30	58	乡镇
510322126213	青苔村委会	105.228234	28.966152	0	20	41	乡镇
510304204205	林远巷村委会	104.980532	29.413581	0	25	47	村庄
510304002009	和大社区居委会	104.777728	29.363751	0	40	51	乡镇
510311112226	狮吼村民委员会	104.891210	29.337840	0	18	49	乡镇
510304106001	天元井社区居委会	104.773228	29.412698	0	20	50	乡镇
510304103203	联合村委会	104.852460	29.466820	0	30	72	村庄
510321118227	青龙村民委员会	104.248240	29.468880	0	30	72	村庄
510302002011	伍家坝社区居委会	104.788250	29.344300	0	30	72	村庄
510321100247	波罗村民委员会	104.429500	29.443990	0	30	72	村庄
510304104207	王家村委会	104.933977	29.401717	0	18	66	乡镇
510321123209	李家山村民委员会	104.205065	29.552059	0	18	49	乡镇
510304107217	会家村委会	105.008880	29.367585	0	18	40	乡镇
510302006005	蓝鹰社区居委会	104.765022	29.338522	0	40	72	乡镇
510304109209	大冲村委会	105.043330	29.294611	0	30	72	村庄
510322121217	铁龙村委会	105.108018	29.007737	0	18	66	乡镇
510321204206	高嘴山村民委员会	104.287929	29.275530	0	20	50	村庄
510322113223	西湖村委会	105.200330	29.114260	0	30	72	村庄
510311109201	王井村民委员会	104.900229	29.201420	0	20	50	乡镇
510304205005	永田社区居委会	104.815514	29.353549	0	25	55	村庄
510302005003	春华社区居委会	104.774877	29.340338	0	40	72	乡镇
510321103216	插旗村民委员会	104.467294	29.392055	0	20	50	乡镇
510322102218	石牛村委会	105.029350	29.122950	0	30	72	村庄
510321121222	烂泥桥村民委员会	104.199030	29.499685	0	18	49	乡镇
510322124003	飞龙社区居委会	105.075680	28.944159	1	80	100	政府机构
510322121201	普安村委会	105.108018	29.007737	0	18	66	乡镇
510304107201	张寺村委会	105.038880	29.374430	0	30	72	村庄
510321100206	李家沟村民委员会	104.459270	29.453320	0	30	72	村庄
510322101208	意志村委会	105.010730	29.156583	0	18	40	乡镇
510311107209	江冲村民委员会	104.874000	29.272500	0	16	38	区县
510322126205	白岩村委会	105.225320	28.975461	0	30	72	村庄
510321107202	大龙村民委员会	104.533920	29.289839	0	30	72	村庄
510322104231	红斗村委会	105.083958	29.205714	1	80	100	政府机构
510321100251	余家岩村民委员会	104.418141	29.478796	0	18	49	乡镇
510322125215	菜坳村委会	105.174722	29.021487	0	18	40	乡镇
510302002007	火车站社区居委会	104.792122	29.342600	0	30	72	乡镇
510321118231	石笋村民委员会	104.177130	29.448979	0	30	72	村庄
510304103215	杨柳村委会	104.871600	29.383911	0	30	72	村庄
510322107221	新湾村委会	104.929950	29.205301	0	30	72	村庄
510311111220	洪湾村民委员会	104.968026	29.291387	0	18	49	乡镇
510311101220	万佳村民委员会	104.838793	29.302060	0	18	49	乡镇
510311106208	新正村民委员会	104.742290	29.240001	0	30	72	村庄
510303001028	下桥社区居委会	104.718365	29.341812	0	30	58	乡镇
510322100209	共和村委会	104.993810	29.208130	0	30	72	村庄
510304103002	三多寨社区居委会	104.868775	29.430045	1	80	97	政府机构
510322111224	李子村委会	105.175149	29.234832	1	80	100	政府机构
510322113219	凰凤村委会	105.189856	29.125438	0	18	40	乡镇
510322118005	和平居民委员会	104.786778	29.118696	0	25	47	乡镇
510322101224	云丰村委会	105.010730	29.156583	0	18	66	乡镇
510322103219	竹米村委会	105.040040	29.239546	0	20	41	乡镇
510321102217	观音桥村民委员会	104.459810	29.356060	0	30	72	道路
510302004002	源渊井社区居委会	104.750770	29.349839	0	30	72	道路
510321112217	朱家湾村民委员会	104.437853	29.270154	0	18	49	乡镇
510321206201	蔡家湾村民委员会	104.221000	29.592230	0	30	72	村庄
510302003006	富台山社区居委会	104.766327	29.345403	1	75	95	地产小区
510322115230	菜湾村委会	104.895849	29.120927	0	18	66	乡镇
510322100032	五府山社区居委会	104.968993	29.189389	0	18	49	乡镇
510322119213	菜子村委会	104.748549	29.047207	0	18	66	乡镇
510322101009	东街社区居委会	105.010730	29.156583	0	18	66	乡镇
510322118228	王湾村委会	104.786778	29.118696	0	25	70	乡镇
510322111009	双河口社区居委会	105.154906	29.222477	0	18	66	乡镇
510321115205	香炉寺村民委员会	104.286589	29.349307	0	18	49	乡镇
510304102202	福禄村委会	104.802474	29.426910	0	25	70	乡镇
510304003008	沙鱼坝社区居委会	104.774109	29.375720	0	50	58	乡镇
510322115226	沙罗村委会	104.895849	29.120927	0	18	66	乡镇
510321124221	太平寺村民委员会	104.499550	29.477412	0	18	49	乡镇
510303108203	先锋村委会	104.599400	29.405499	0	30	72	村庄
510322102222	青峰村委会	105.057498	29.097521	0	18	66	乡镇
510304108208	脚仙村委会	105.040101	29.437074	0	18	40	乡镇
510322120216	八甲村委会	104.817234	29.076209	0	25	70	乡镇
510322101232	土门村委会	105.010730	29.156583	0	18	66	乡镇
510321122208	五桐村民委员会	104.299954	29.557100	0	18	49	乡镇
510321120235	骑龙坳村民委员会	104.105409	29.440094	0	18	49	乡镇
510322111232	新建村委会	105.128030	29.184320	0	30	72	村庄
510303102209	三台村委会	104.700976	29.317987	0	20	67	乡镇
510304105206	龙凼村委会	104.945812	29.351294	0	25	70	乡镇
510321102201	燕子村民委员会	104.509260	29.383661	0	30	72	村庄
510303101002	斑竹林社区居委会	104.599780	29.356640	0	30	72	UNKNOWN
510321114208	长埂山村民委员会	104.234806	29.332719	0	18	49	乡镇
510303108223	正兴村委会	104.612912	29.389843	0	18	40	乡镇
510321120242	金子村民委员会	104.105409	29.440094	0	18	49	乡镇
510322119225	石平村委会	104.748549	29.047207	0	18	40	乡镇
510321121003	踏紫山社区居民委员会	104.199413	29.492367	1	80	95	UNKNOWN
510322115206	凉山村委会	104.832600	29.093389	0	30	72	村庄
510321124201	东升村民委员会	104.496160	29.459540	0	30	72	村庄
510322124222	跳墩村委会	105.102969	28.965144	0	18	40	乡镇
510321100027	东街社区居民委员会	104.428870	29.458980	1	80	100	政府机构
510321107218	西堰村民委员会	104.520110	29.301970	0	25	55	乡镇
510321119206	旭湾村民委员会	104.173560	29.381060	0	18	49	乡镇
510311204201	九洪村民委员会	104.861737	29.176126	0	18	49	村庄
510302202003	华景社区	104.767353	29.302826	0	25	70	村庄
510304109205	枇粑村委会	105.051501	29.303419	0	20	41	乡镇
510321112221	鹰嘴塘村民委员会	104.437853	29.270154	0	18	49	乡镇
510302006009	龙城社区	104.765022	29.338522	0	40	72	乡镇
510311203205	立志村民委员会	104.809143	29.206698	0	25	55	村庄
510322101212	唐家村委会	105.037040	29.178011	0	30	72	村庄
510321122228	烟坡村民委员会	104.299954	29.557100	0	18	49	乡镇
510302102001	舒家社区居委会	104.722388	29.299200	0	25	55	乡镇
510311111001	瓦宅铺社区居民委员会	104.958333	29.298304	1	80	95	UNKNOWN
510322102202	理策村委会	105.034210	29.101670	0	30	58	UNKNOWN
510322112202	华福村委会	105.185132	29.195005	0	18	66	乡镇
510321123205	水池村民委员会	104.205065	29.552059	0	18	49	乡镇
510304109213	周祠村委会	105.051501	29.303419	0	20	67	乡镇
510311107205	新湾村民委员会	104.753602	29.189007	0	30	72	村庄
510322100045	杨柳湾社区居民委员会	104.968993	29.189389	0	18	40	乡镇
510322104006	柑坳社区居委会	105.097071	29.209431	0	50	82	UNKNOWN
510322101204	观塘村委会	105.010730	29.156583	0	18	66	乡镇
510322120220	高滩村委会	104.817234	29.076209	0	25	55	乡镇
510321123213	抬子坳村民委员会	104.205065	29.552059	0	18	49	乡镇
510302203203	东风村村委会	104.633492	29.228823	0	25	70	村庄
510322125219	虎头村委会	105.183410	29.016370	0	30	72	村庄
510321116223	撞钟坝村民委员会	104.327129	29.388412	0	18	66	乡镇
510321124217	石灰坡村民委员会	104.499550	29.477412	0	18	49	乡镇
510302201005	桂湖社区	104.765211	29.326645	0	30	72	村庄
510322201206	甘家村委会	105.169930	29.071831	0	30	72	村庄
510304100209	伍家村委会	104.843017	29.399793	0	18	66	乡镇
510321100031	赵家坝社区居民委员会	104.418141	29.478796	0	18	40	乡镇
510303107206	雷碥村委会	104.585918	29.218474	0	20	41	乡镇
510311100201	革新村民委员会	104.879040	29.270060	0	30	72	地产小区
510304002013	大楻桶社区居委会	104.775915	29.360995	1	80	97	UNKNOWN
510311110201	红旗村民委员会	104.826680	29.224940	0	30	72	村庄
510302103201	干塘村委会	104.668508	29.288329	0	25	70	乡镇
510322103215	罗寺村委会	105.040040	29.239546	0	20	67	乡镇
510321122212	庙埂村民委员会	104.299954	29.557100	0	18	49	乡镇
510322113215	红财村委会	105.189856	29.125438	0	18	40	乡镇
510302202202	龙神村村委会	104.758280	29.322600	1	80	100	政府机构
510322121221	屏峰村委会	105.176050	29.000190	0	30	72	村庄
510304107221	关刀村委会	105.008880	29.367585	0	18	40	乡镇
510303001024	杨家坝社区居委会	104.718365	29.341812	0	30	58	乡镇
510311106204	双林村民委员会	104.771420	29.211929	0	30	72	村庄
510303101203	中心村委会	104.620240	29.334251	0	30	72	村庄
510303104001	龙潭场社区居委会	104.582351	29.299194	1	80	97	UNKNOWN
510304108212	贾石村委会	105.040101	29.437074	0	18	40	乡镇
510322102003	琵琶场社区居委会	105.057498	29.097521	0	18	49	乡镇
510322117201	胡家村委会	104.970169	29.067821	0	18	49	乡镇
510303106207	香枫村委会	104.497693	29.231570	0	18	40	乡镇
510302101210	群光村村委会	104.696306	29.245627	0	20	67	乡镇
510311112210	月合村民委员会	104.891210	29.337840	0	18	66	乡镇
510322118232	石龙村委会	104.763420	29.153830	0	30	72	村庄
510322114211	均田村委会	105.236051	29.163605	0	25	70	乡镇
510322124218	永胜村委会	105.104630	28.949071	0	30	72	村庄
510321117222	高庙子村民委员会	104.173133	29.303194	0	18	49	乡镇
510321126210	劳武村民委员会	104.332243	29.473183	0	18	66	乡镇
510311101216	老房村民委员会	104.781141	29.347106	1	80	97	餐饮
510322117217	香炉村委会	104.983909	29.084591	1	80	95	UNKNOWN
510322100028	西湖社区居委会	104.968993	29.189389	0	18	66	乡镇
510311111216	刘山村民委员会	104.998330	29.267720	0	30	72	村庄
510322107217	骑龙村委会	104.915170	29.209121	0	30	72	村庄
510304205208	金胜村委会	104.795350	29.350400	0	30	72	村庄
510303106211	保证村委会	104.497693	29.231570	0	18	66	乡镇
510311102206	沙田村民委员会	104.794030	29.280750	0	30	72	村庄
510311112206	蕉湾村民委员会	104.891210	29.337840	0	18	49	乡镇
510302101206	朱山村村委会	104.692431	29.235226	1	80	100	政府机构
510303105201	永顺村委会	104.625040	29.286050	0	20	67	乡镇
510322113203	老寨村委会	105.189856	29.125438	0	18	66	乡镇
510321120239	凤龙村民委员会	104.105409	29.440094	0	18	49	乡镇
510321122204	双古村民委员会	104.299954	29.557100	0	18	66	乡镇
510311105202	大罗村民委员会	104.709953	29.194734	0	30	72	村庄
510322103203	马鞍村委会	105.040040	29.239546	0	20	67	乡镇
510304100008	大山铺社区居委会	104.823783	29.387141	0	50	82	UNKNOWN
510321110230	竹马村民委员会	104.430239	29.335699	0	18	49	乡镇
510303102205	新华村委会	104.705480	29.315960	0	30	72	村庄
510311106212	柏祥村民委员会	104.758945	29.229708	0	20	67	乡镇
510303001032	金鱼河社区居民委员会	104.718365	29.341812	0	30	51	乡镇
510322100213	槽店村委会	104.968993	29.189389	0	18	40	乡镇
510303200001	凤凰社区居委会	104.553527	29.420684	0	25	70	村庄
510322122227	杨堰村委会	105.036464	29.029430	0	18	66	乡镇
510304108204	杨柳村委会	105.071040	29.421939	0	30	72	村庄
