510683116218	凉水井村村民委员会	104.204320	31.320511	0	30	72	村庄
510683108206	沿新村村民委员会	104.240840	31.430749	0	30	72	地产小区
510623125206	高庙村村委会	104.951660	30.643959	0	30	58	村庄
510603002014	南塔社区居委会	104.386325	31.108503	1	80	100	政府机构
510623221210	渠湾村村委会	104.590967	30.954382	1	80	100	政府机构
510623212209	共同村村委会	104.872206	30.769203	0	20	67	村庄
510683105208	高安村村民委员会	104.116700	31.362479	0	30	72	村庄
510623104222	西沟村村委会	104.665540	31.165153	0	18	66	乡镇
510623118201	李湾村村委会	104.944125	30.762004	0	18	66	乡镇
510623108201	上场村村委会	104.623520	30.914571	0	30	58	UNKNOWN
510683115208	花园村村民委员会	104.179030	31.224442	0	30	72	村庄
510603001004	光华社区居委会	104.397368	31.128712	1	80	100	政府机构
510681107205	柳红村村民委员会	104.267316	31.119157	0	20	67	乡镇
510604103215	广安村村民委员会	104.374390	31.361930	0	30	72	村庄
510683122205	共和村村民委员会	104.292960	31.335249	0	30	72	村庄
510623121212	石龙店村村委会	105.118947	30.661555	1	80	100	政府机构
510603003202	圣风村村委会	104.400902	31.187756	1	80	100	政府机构
510681200203	白鱼村村民委员会	104.318930	31.010661	0	30	72	村庄
510623208203	春雷村村委会	104.698200	30.890301	0	25	70	村庄
510623218203	华安村村委会	104.960241	30.813444	1	80	100	政府机构
510604100205	长虹村村民委员会	104.494480	31.285501	0	30	72	村庄
510682002203	太安村村民委员会	104.155515	31.131672	1	80	97	政府机构
510681104215	北新村村民委员会	104.167000	31.013409	0	30	72	地产小区
510623122202	百花村村委会	105.025615	30.736962	0	18	66	乡镇
510603005010	岷山路社区居委会	104.379695	31.098144	1	80	100	政府机构
510623132202	玄武村村委会	104.704150	31.076024	0	18	66	乡镇
510604103203	建国村村民委员会	104.378530	31.330450	0	30	72	村庄
510604106001	第一居民委员会	104.463369	31.368698	0	20	67	乡镇
510682108203	邓通村村民委员会	104.102696	31.162568	0	30	72	村庄
510623121204	龙门村村委会	105.132629	30.679407	0	18	66	乡镇
510682118203	松林村村民委员会	104.021810	31.378991	0	30	72	村庄
510681104203	东岗村村民委员会	104.186610	30.964680	0	30	72	村庄
510681101001	场镇社区居委会	104.336314	30.927694	0	18	66	乡镇
510623110220	葡萄店村村委会	104.774808	30.898307	0	18	66	乡镇
510681114203	菱角村村民委员会	104.371121	30.997653	0	30	72	村庄
510681108220	万胜村村民委员会	104.304880	30.943189	0	30	72	村庄
510623132214	天星堰村村委会	104.704150	31.076024	0	18	49	乡镇
510603005006	雅河路社区居委会	104.390140	31.106731	0	50	82	道路
510683121203	圣新村村民委员会	104.268880	31.306341	0	30	72	地产小区
510623122214	杨柳村村委会	105.043380	30.751331	0	30	58	村庄
510683124001	银杏社区居民委员会	104.038372	31.590322	0	16	38	乡镇
510604107217	龙形村村民委员会	104.627950	31.250501	0	30	72	村庄
510623117224	太阳村村委会	104.679000	31.033100	0	14	46	区县
510623115219	红灵村村委会	104.801088	30.963988	0	20	50	乡镇
510681103207	水磨村村民委员会	104.218710	31.066810	0	30	72	村庄
510681113207	红堰村村民委员会	104.430150	30.954460	0	30	72	村庄
510623107224	高峰村村委会	104.532460	31.054539	0	30	58	村庄
510623105219	景观村村委会	104.718250	31.254238	0	25	47	乡镇
510603100218	新太村村委会	104.426268	31.249789	0	18	66	乡镇
510623221206	天坪村村委会	104.604080	30.948190	0	25	70	村庄
510603002002	香山巷社区居委会	104.386060	31.124391	0	30	58	道路
510623125210	玉华村村委会	104.982230	30.643550	0	30	58	村庄
510623116209	长叭沟村村委会	104.839720	30.833779	0	30	58	村庄
510623108217	祝家庙村村委会	104.663435	30.906236	1	80	100	政府机构
510604104207	响石村村民委员会	104.551380	31.328700	0	30	72	村庄
510623106209	拱桥村村委会	104.574640	31.004990	0	30	58	村庄
510603103208	松柏村村委会	104.325493	31.299994	0	25	70	乡镇
510623123002	冯淮路社区居委会	104.882895	30.644877	0	40	77	道路
510603005401	耐火材料厂居委会	104.364488	31.096098	0	25	55	乡镇
510623123215	中金村村委会	104.873671	30.641902	0	18	66	乡镇
510603004007	乐安社区居委会	104.406678	31.106413	1	80	100	政府机构
510623101221	团结村村委会	104.720970	30.990085	0	25	70	乡镇
510681115202	桂红村村民委员会	104.211290	31.029070	0	30	72	村庄
510681105202	聚合村村民委员会	104.245230	30.899969	0	30	72	村庄
510604101212	天台村村民委员会	104.588310	31.290189	0	30	72	村庄
510623120205	昭明村村委会	105.090300	30.748400	0	30	58	村庄
510682119202	双桥村村民委员会	103.964480	31.215661	0	30	72	村庄
510682109202	福泉村村民委员会	104.097370	31.090900	0	30	72	村庄
510623130205	普桥村村委会	104.651140	30.998979	0	30	58	村庄
510681202204	竹木村村民委员会	104.223770	30.976620	0	30	72	村庄
510623102231	长沟新村村委会	104.809530	31.022530	0	30	58	地产小区
510604102202	土桥村村民委员会	104.540710	31.388769	0	30	72	村庄
510681106212	瓦窑村村民委员会	104.312450	31.042900	0	30	72	村庄
510623127201	彭桥村村委会	104.659850	31.096979	0	30	58	村庄
510623107208	棋盘村村委会	104.576093	31.092286	0	18	66	乡镇
510623119216	联盟村村委会	104.949607	30.689506	1	80	100	政府机构
510682120211	金龙村村民委员会	104.054740	31.191929	0	30	72	村庄
510682002002	鼓林社区居民委员会	104.155515	31.131672	1	80	94	政府机构
510604100004	富乐社区居民委员会	104.503287	31.303548	0	60	80	地产小区
510623109216	宏伟村村委会	104.605681	30.877962	0	18	66	乡镇
510623117208	三江村村委会	105.044440	30.626541	0	30	58	村庄
510604105206	明月村村民委员会	104.612990	31.322190	0	30	72	村庄
510623124211	华泉村村委会	104.901640	30.718399	0	30	58	村庄
510603003003	文化路社区居委会	104.402235	31.173058	0	25	70	乡镇
510682113208	新桂村村民委员会	104.101040	31.142670	0	30	72	村庄
510603101219	红豆村村委会	104.280270	31.247561	0	40	72	乡镇
510681112206	亲民村村民委员会	104.344799	30.962842	0	25	70	乡镇
510683119211	五里墩村村民委员会	104.236150	31.347829	0	30	72	村庄
510604108208	小鞍村村民委员会	104.508661	31.240803	0	20	50	乡镇
510623104218	石坝村村委会	104.665540	31.165153	0	18	66	乡镇
510681102206	五一村村民委员会	104.387340	31.002260	0	30	72	村庄
510682001012	永正街社区居民委员会	104.181532	31.132257	1	80	94	政府机构
510681104002	第二居民委员会	104.192999	30.986517	0	18	40	乡镇
510604100012	柏云社区居民委员会	104.509495	31.303329	0	20	41	乡镇
510623203208	天台村村委会	104.601450	31.135329	0	30	58	村庄
510623100021	朝阳东路社区居委会	104.684687	31.036529	1	80	100	政府机构
510682120207	洛阳村村民委员会	104.074700	31.172110	0	30	72	村庄
510603100222	宏山村村委会	104.415413	31.293076	1	80	100	政府机构
510682108002	京什社区居民委员会	104.139920	31.149531	0	25	47	乡镇
510603003015	五里堆社区居委会	104.402235	31.173058	0	25	70	乡镇
510682001004	西顺城街社区居民委员会	104.181532	31.132257	1	80	95	政府机构
510681102210	柳堰村村民委员会	104.395650	31.023860	0	30	72	村庄
510683109207	三合村村民委员会	104.097160	31.306880	0	30	72	村庄
510683119207	清狮村村民委员会	104.289250	31.374559	0	30	72	村庄
510623123203	芳林村村委会	104.892185	30.656054	1	80	100	政府机构
510681100016	顺德社区居委会	104.283634	30.979308	0	30	58	乡镇
510604101204	七里村村民委员会	104.538680	31.293799	0	30	72	村庄
510681105214	高寿村村民委员会	104.165180	30.939109	0	30	72	村庄
510623219202	五里桥村村委会	104.992160	30.779390	0	30	58	村庄
510623209202	花池村村委会	104.825660	30.862189	0	30	58	村庄
510603007001	凯江社区居委会	104.407496	31.134194	1	80	100	政府机构
510683123204	枫树村村民委员会	104.269630	31.418531	0	30	72	村庄
510623120213	将军村村委会	105.087439	30.692489	1	80	100	政府机构
510681106204	洛阳村村民委员会	104.341400	31.062770	0	30	72	村庄
510604102214	百宝村村民委员会	104.569940	31.359211	0	30	72	村庄
510623102227	桔园村村委会	104.798770	30.990021	0	30	58	村庄
510681116204	双福村村民委员会	104.261210	31.046271	1	80	100	政府机构
510683115204	鲁安村村民委员会	104.207310	31.210501	0	30	72	村庄
510623116213	白寨村村委会	104.891719	30.827996	1	80	100	政府机构
510623106213	何家山村村委会	104.579983	31.021862	1	80	100	政府机构
510683100006	五路口社区居民委员会	104.194533	31.342697	1	80	100	政府机构
510683105204	保水村村民委员会	104.125290	31.357949	0	30	72	村庄
510623212205	幸福村村委会	104.872206	30.769203	0	20	67	村庄
510603103212	隆兴桥村村委会	104.347490	31.341889	0	30	58	村庄
510682111203	天宝村村民委员会	103.951170	31.300440	0	30	72	村庄
510682101203	广福村村民委员会	104.126590	31.103609	0	30	72	村庄
510623115203	厚垭村村委会	104.792530	30.950200	0	30	58	村庄
510623109220	碾子湾村村委会	104.664043	30.844292	1	80	100	政府机构
510683116214	桂兰村村民委员会	104.244210	31.269820	0	30	72	村庄
510623110001	横街社区居委会	104.774808	30.898307	0	18	66	乡镇
510603110202	东潮村村委会	104.486041	31.158735	1	80	100	政府机构
510681108001	场镇居民委员会	104.267902	30.944556	0	18	40	乡镇
510623105203	宝塘村村委会	104.696241	31.235812	1	80	100	政府机构
510603100202	三合村村委会	104.531037	31.213314	1	80	100	政府机构
510603002018	九顶山路社区居委会	104.391440	31.117091	0	40	77	道路
510623117005	古镇社区居委会	104.679000	31.033100	0	14	46	区县
510623112207	九龙村村委会	104.766860	30.813059	0	30	58	村庄
510623206211	普陀村村委会	104.918124	30.897587	0	18	66	村庄
510603117206	新民村村委会	104.497290	31.040811	0	30	58	村庄
510623102207	花竹村村委会	104.773587	31.023554	1	80	100	政府机构
510623216211	李沟村村委会	104.989357	30.560879	0	20	67	村庄
510623111217	大堰村村委会	104.868750	30.916931	0	30	58	村庄
510604103219	同乐村村民委员会	104.341680	31.376850	0	30	72	村庄
510623210003	场镇社区居委会	104.726584	30.794026	0	25	70	村庄
510682116207	白虎头村村民委员会	104.023901	31.206091	0	18	49	乡镇
510623123223	玉兔村村委会	104.854270	30.676700	0	30	58	村庄
510682106207	木泉村村民委员会	104.211240	31.145680	0	30	72	村庄
510623216207	雷胜村村委会	104.984530	30.583681	0	30	58	村庄
510603107210	高斗村村委会	104.324494	31.184468	0	20	67	乡镇
510683101206	蔚泉村村民委员会	104.213620	31.359580	0	30	72	村庄
510623102211	五堰村村委会	104.804440	31.061170	0	30	58	村庄
510623206207	宝石村村委会	104.902270	30.927629	0	30	58	村庄
510623112211	黄连垭村村委会	104.822140	30.802680	0	30	58	村庄
510683111206	云盖村村民委员会	104.035860	31.282870	0	30	72	村庄
510682105201	洛城村村民委员会	104.046980	31.247599	0	30	72	村庄
510623132218	油林村村委会	104.727370	31.075710	0	30	58	村庄
510603101002	桂花街居委会	104.280270	31.247561	0	40	58	乡镇
510623101201	龙华村村委会	104.720970	30.990085	0	25	70	乡镇
510681109201	樊池村村民委员会	104.262910	31.079801	0	30	72	村庄
510681119201	万柏村村民委员会	104.195320	31.033460	0	30	72	村庄
510623111201	丰收村村委会	104.851447	30.909657	1	80	100	政府机构
510603008004	三元社区居委会	104.417000	31.142399	0	16	33	区县
510623121208	镇江村村委会	105.154980	30.709210	0	30	58	村庄
510682116211	天宫村村民委员会	104.037760	31.207920	0	30	72	村庄
510603103204	红花村村委会	104.349057	31.296887	1	80	100	政府机构
510683100010	紫岩社区居民委员会	104.203132	31.344413	0	30	51	乡镇
510623106205	金凤村村委会	104.544560	31.020449	0	30	58	村庄
510683201204	大天池村村民委员会	104.123380	31.476259	0	30	72	村庄
510623116205	新堰村村委会	104.899610	30.779179	0	30	58	村庄
510683115212	范存村村民委员会	104.250658	31.210745	1	80	100	政府机构
510603003023	金龙社区居委会	104.402235	31.173058	0	25	70	乡镇
510603100214	金桥村村委会	104.402900	31.203150	0	30	58	村庄
510623211203	土城村村委会	104.721247	30.862926	1	80	100	政府机构
510623214001	街道社区居委会	105.051263	30.567451	0	20	67	村庄
510623105215	福沟村村委会	104.669523	31.214805	1	80	100	政府机构
510623107228	光明村村委会	104.576093	31.092286	0	18	66	乡镇
510683106202	牛鼻村村民委员会	104.192010	31.453910	0	30	72	村庄
510623204001	万寿桥社区居委会	104.534694	30.956238	0	20	50	村庄
510603110214	龙洞村村委会	104.535231	31.180170	1	80	100	政府机构
510623201203	青峰村村委会	104.638395	31.204765	1	80	100	政府机构
510683116202	金土村村民委员会	104.195050	31.270470	0	30	72	村庄
510623115215	群桥村村委会	104.836970	30.955919	0	30	58	村庄
510623117228	柏垭村村委会	104.679000	31.033100	0	14	46	区县
510623130209	照壁村村委会	104.662659	30.973694	0	25	70	乡镇
510623120209	沿江村村委会	105.124810	30.742910	0	30	58	村庄
510623115002	壁山社区居民委员会	104.801088	30.963988	0	20	41	乡镇
510603110003	龙凤社区居民委员会	104.498644	31.174560	0	18	40	乡镇
510603100003	滨河街居委会	104.428833	31.241868	1	80	100	政府机构
510682101002	南桥社区居民委员会	104.166829	31.115651	1	80	92	地产小区
510623123219	平梁村村委会	104.853840	30.590470	0	30	58	村庄
510623113210	凡龙村村委会	104.774060	30.937039	0	30	58	村庄
510623207206	梁山村村委会	104.859900	30.742540	0	30	58	村庄
510623103210	六松村村委会	104.757401	31.131528	1	80	100	政府机构
510682113204	南阳村村民委员会	104.083970	31.140921	0	30	72	村庄
510682103204	鱼桥村村民委员会	104.223542	31.124133	0	30	72	村庄
510623114214	七星村村委会	104.771733	30.789282	1	80	100	政府机构
510683112001	玉泉路社区居民委员会	104.138307	31.249333	0	40	65	道路
510623200202	皂角村村委会	104.482170	31.000809	0	30	58	村庄
510623104214	桂龙村村委会	104.657880	31.165749	0	30	58	村庄
510604108204	宝峰村村民委员会	104.508661	31.240803	0	20	50	乡镇
510623210202	石塔村村委会	104.726245	30.787851	1	80	100	政府机构
510623117204	送宝村村委会	105.071735	30.645362	1	80	100	政府机构
510604100008	麓峰社区居民委员会	104.502437	31.297066	1	80	92	地产小区
510623107204	富兴村村委会	104.576093	31.092286	0	18	66	乡镇
510603003019	蓥华山路社区居委会	104.400409	31.159100	1	80	95	地产小区
510603104001	银山路社区居民委员会	104.367514	31.131016	0	40	65	道路
510603101203	江河村村委会	104.277449	31.234928	1	80	100	政府机构
510623104202	多宝村村委会	104.665540	31.165153	0	18	66	乡镇
510623118221	建中村村委会	104.941579	30.726581	1	80	100	政府机构
510603111203	马鞍山村村委会	104.524202	31.124234	0	20	50	乡镇
510623108221	月塘村村委会	104.669495	30.929272	1	80	100	政府机构
510623114202	南峰村村委会	104.773701	30.736650	1	80	100	政府机构
510682001008	白果小区社区居民委员会	104.181532	31.132257	1	80	95	政府机构
510682110202	金牛村村民委员会	104.145340	31.040331	0	30	72	村庄
510623107212	铜锣村村委会	104.576093	31.092286	0	18	66	乡镇
510623203204	顺河村村委会	104.582380	31.160860	0	30	58	村庄
510623117212	望乡村村委会	104.679000	31.033100	0	14	46	区县
510682107206	涌麟村村民委员会	104.147050	31.169651	0	30	72	村庄
510623132222	花园村村委会	104.735417	31.116950	1	80	100	政府机构
510683103201	灵桥村村民委员会	104.233320	31.409749	0	30	72	村庄
510681108216	和平村村民委员会	104.278610	30.973180	0	30	72	村庄
510683106003	方大社区居民委员会	104.171033	31.452821	0	18	40	乡镇
510683116003	清华社区居民委员会	104.207789	31.324832	1	80	92	地产小区
510623110216	爱国村村委会	104.774808	30.898307	0	18	66	乡镇
510681106208	团结村村民委员会	104.345330	31.027539	0	30	72	村庄
510683113201	柏杨村村民委员会	104.166140	31.286459	0	30	72	村庄
510623103206	土桥村村委会	104.750495	31.059759	1	80	100	政府机构
510623207210	石莲村村委会	104.797590	30.725611	0	30	58	村庄
510604101208	长堰村村民委员会	104.572700	31.281180	0	30	72	村庄
510623113206	望云村村委会	104.758920	30.921600	0	30	58	村庄
510623207211	黄桷村村委会	104.805590	30.719411	0	30	58	村庄
510623113207	太山村村委会	104.763941	30.953946	1	80	100	政府机构
510623132223	新河村村委会	104.749700	31.092640	0	30	58	村庄
510623214201	永丰村村委会	105.078780	30.552239	0	30	58	村庄
510681108217	金华村村民委员会	104.270464	30.974342	1	80	100	政府机构
510683106002	汉新社区居民委员会	104.171033	31.452821	0	18	40	乡镇
510623204201	九股泉村村委会	104.528031	30.959804	1	80	100	政府机构
510604102219	大井村村民委员会	104.517740	31.349200	0	30	72	村庄
510683116002	清道社区居民委员会	104.232179	31.270600	0	18	40	乡镇
510623110217	望龙村村委会	104.752071	30.884045	1	80	100	政府机构
510681106209	严石村村民委员会	104.297620	31.041489	0	30	72	村庄
510682105001	亭江社区居民委员会	104.059841	31.234521	0	18	40	乡镇
510682110203	双石桥村村民委员会	104.136160	31.078660	0	30	72	村庄
510623107213	三星村村委会	104.618039	31.096205	1	80	100	政府机构
510683104204	白玉村村民委员会	104.138760	31.385871	0	30	72	村庄
510623203205	柏龙村村委会	104.573411	31.160051	0	25	47	村庄
510604107220	木桥村村民委员会	104.671660	31.258750	0	30	72	村庄
510623117213	龙怀村村委会	104.679000	31.033100	0	14	46	区县
510603003018	黄山路社区居委会	104.385950	31.153451	0	50	82	道路
510603101202	农鲤村村委会	104.277954	31.221236	1	80	100	政府机构
510681109001	街道居民委员会	104.282000	30.976100	0	16	38	区县
510623118220	金光村村委会	104.949760	30.749839	0	30	58	村庄
510681119001	西高场镇居委会	104.187225	31.049996	1	80	100	政府机构
510623108220	五根松村村委会	104.644259	30.928425	0	18	49	乡镇
510623114203	梧桐村村委会	104.784771	30.770926	0	18	66	乡镇
510682001009	回龙街社区居民委员会	104.171477	31.126679	1	80	100	政府机构
510623111001	西街社区居委会	104.854970	30.907460	0	25	70	乡镇
510683201100	宜苑社区居民委员会	104.095025	31.471621	0	18	40	村庄
510623117205	花姑村村委会	105.076044	30.624790	1	80	100	政府机构
510604100009	金雁社区居民委员会	104.509495	31.303329	0	20	41	乡镇
510623107205	银宝村村委会	104.580270	31.113580	0	30	58	村庄
510682113205	柳泉村村民委员会	104.100690	31.130370	0	30	72	村庄
510682103205	回龙村村民委员会	104.198310	31.087111	0	30	72	村庄
510623114215	苍松村村委会	104.783920	30.802599	0	30	58	村庄
510623200203	钟鼓村村委会	104.501943	30.993017	1	80	100	政府机构
510623104215	印台村村委会	104.533111	31.256609	1	80	100	政府机构
510623210203	红槐村村委会	104.748817	30.772710	1	80	100	政府机构
510623123218	童家村村委会	104.873671	30.641902	0	18	66	乡镇
510623113211	长春村村委会	104.711910	30.961519	0	30	58	村庄
510683110206	卧云村村民委员会	104.050480	31.272399	0	30	72	村庄
510623207207	两眼寺村村委会	104.866980	30.730440	0	30	58	村庄
510623103211	同缘村村委会	104.739787	31.133383	1	80	100	政府机构
510623130208	三马村村委会	104.697250	30.977250	0	30	58	村庄
510623120208	红梅村村委会	105.083843	30.711307	0	18	66	乡镇
510623110201	宝庆村村委会	104.786251	30.887971	1	80	100	政府机构
510603110002	通江居委会	104.537583	31.180177	1	80	100	政府机构
510623100201	南塔村村委会	104.507897	31.286493	1	80	100	政府机构
510681108201	独木村村民委员会	104.261923	30.950904	1	80	100	政府机构
510623211202	华兴村村委会	104.718448	30.847532	0	20	67	村庄
510623105214	梨三村村委会	104.667661	31.214442	1	80	100	政府机构
510683103001	泉兴社区居民委员会	104.228886	31.404203	0	25	47	乡镇
510683106203	青龙村村民委员会	104.168430	31.440879	0	30	72	村庄
510623201202	长龙村村委会	104.618400	31.223910	0	30	58	村庄
510683116203	白衣村村民委员会	104.210690	31.300150	0	30	72	村庄
510683113001	金安社区居民委员会	104.168607	31.301389	0	25	47	乡镇
510623117229	金佛寺村村委会	105.087330	30.640279	0	30	58	村庄
510623115214	金鸭村村委会	104.848290	30.960770	0	30	58	村庄
510603103205	果元村村委会	104.364260	31.293220	0	30	58	村庄
510683100011	天河社区居民委员会	104.203132	31.344413	0	30	51	乡镇
510623106204	蜜蜂村村委会	104.541027	31.038107	1	80	100	政府机构
510683201205	楠木沟村村民委员会	104.168170	31.496079	0	30	72	村庄
510623116204	长乐村村委会	104.900480	30.804279	0	30	58	村庄
510683115213	石虎村村民委员会	104.198290	31.242111	0	30	72	村庄
510603003022	金螺社区居委会	104.402235	31.173058	0	25	55	乡镇
510603104201	灵庙村村委会	104.381839	31.186279	1	80	100	政府机构
510603101003	阳安路居委会	104.280270	31.247561	0	40	58	乡镇
510623104002	云龙社区居委会	104.665540	31.165153	0	18	66	乡镇
510603008005	武庙社区居委会	104.417000	31.142399	0	16	30	区县
510623121209	铜铃村村委会	105.132629	30.679407	0	18	66	乡镇
510682116210	先锋村村民委员会	104.032870	31.218460	0	30	72	村庄
510623216206	富家村村委会	104.989357	30.560879	0	20	67	村庄
510683101207	玉马村村民委员会	104.217970	31.323700	0	30	72	村庄
510623102210	双寨子村村委会	104.811730	31.046970	0	30	58	村庄
510603117211	白蜡村村委会	104.469971	31.097886	1	80	100	政府机构
510623206206	元宝村村委会	104.918124	30.897587	0	18	66	村庄
510604102223	中发村村民委员会	104.508070	31.383631	0	30	72	村庄
510623112210	汇水桥村村委会	104.791602	30.823113	0	18	35	乡镇
510683111207	文河村村民委员会	104.025350	31.313601	0	30	72	村庄
510623132219	立本村村委会	104.704860	31.080790	0	30	58	村庄
510604103218	红星村村民委员会	104.353880	31.360939	0	30	72	村庄
510623111216	桑园村村委会	104.856203	30.924586	1	80	100	政府机构
510683112201	圣母泉村村民委员会	104.140300	31.250140	0	30	72	村庄
510681107208	桂花村村民委员会	104.258630	31.127320	0	30	72	村庄
510683102201	红明村村民委员会	104.176186	31.345796	0	30	72	村庄
510623101216	金盆村村委会	104.720970	30.990085	0	25	70	乡镇
510682116206	桐林村村民委员会	104.029580	31.203550	0	30	72	村庄
510623123222	天山村村委会	104.873671	30.641902	0	18	66	乡镇
510682106206	文顺村村民委员会	104.253900	31.146670	0	30	72	村庄
510681104218	红星村村民委员会	104.178610	30.990289	0	30	72	村庄
510623112206	宝顶村村委会	104.791602	30.823113	0	18	66	乡镇
510623206210	群龙村村委会	104.905890	30.892080	0	30	58	村庄
510623102206	回水村村委会	104.768563	31.023186	1	80	100	政府机构
510603107207	楠树村村委会	104.346410	31.167999	0	30	58	村庄
510623216210	蒲溪村村委会	105.002246	30.565013	1	80	100	政府机构
510623115202	梓树村村委会	104.801088	30.963988	0	20	67	乡镇
510623109221	河坝村村委会	104.657091	30.862332	1	80	100	政府机构
510623105202	铜音村村委会	104.723970	31.261879	0	30	58	村庄
510603100203	新龙村村委会	104.426268	31.249789	0	18	40	乡镇
510603002019	丁香巷社区居委会	104.386060	31.124391	0	30	58	道路
510683115205	白庙村村民委员会	104.208930	31.199391	0	30	72	村庄
510623116212	石马村村委会	104.879625	30.819197	0	18	66	乡镇
510623106212	飞马村村委会	104.578733	31.035480	1	80	100	政府机构
510683100007	滨河西路社区居民委员会	104.202007	31.349457	0	40	65	道路
510683105205	双泉村村民委员会	104.133220	31.349200	0	30	72	村庄
510623212204	响滩村村委会	104.842785	30.777092	1	80	100	政府机构
510682111202	仁和村村民委员会	104.029940	31.334330	0	30	72	村庄
510603001009	米市坝社区居委会	104.387360	31.133541	1	80	100	政府机构
510682101202	箭台村村民委员会	104.165730	31.106319	0	30	72	村庄
510623120212	顺江村村委会	105.144372	30.732773	1	80	100	政府机构
510681106205	小南村村民委员会	104.346700	31.045789	0	30	72	村庄
510604102215	谭家坝村村民委员会	104.565420	31.342041	0	30	72	村庄
510623102226	李枣村村委会	104.820000	30.992090	0	30	58	村庄
510681116205	元盛村村民委员会	104.277660	31.024240	0	30	72	村庄
510623123202	春凤村村委会	104.902919	30.639433	0	30	58	村庄
510681100017	常德社区居委会	104.273690	30.977860	1	80	100	政府机构
510681105215	同兴村村民委员会	104.204920	30.922240	0	30	72	村庄
510603108214	文泉村村委会	104.365259	31.249612	0	20	67	乡镇
510623219203	鱼山村村委会	104.987300	30.767211	0	30	58	村庄
510623209203	普贤村村委会	104.840644	30.864896	0	25	70	村庄
510603003014	青衣江路社区居委会	104.390548	31.161519	1	80	100	政府机构
510623124206	重石村村委会	104.894610	30.680619	0	30	58	村庄
510681102211	福寿村村民委员会	104.389240	31.036761	0	30	72	村庄
510683109206	麓棠村村民委员会	104.077230	31.312770	0	30	72	村庄
510682001005	鸿兴街社区居民委员会	104.181532	31.132257	1	80	95	政府机构
510604106201	团堆村村民委员会	104.464440	31.368729	0	30	72	村庄
510683119206	九胜村村民委员会	104.265896	31.370384	0	18	49	乡镇
510683124201	盐井村村民委员会	104.120610	31.564079	0	30	72	村庄
510623109201	兴隆村村委会	104.605681	30.877962	0	18	66	乡镇
510604100013	泉水社区居民委员会	104.509495	31.303329	0	20	41	乡镇
510681101201	光明村村民委员会	104.337990	30.923780	0	30	72	村庄
510623203209	龙泉村村委会	104.616449	31.161918	0	30	58	村庄
510682120206	红豆村村民委员会	104.083730	31.169150	0	30	72	村庄
510623119201	会龙村村委会	104.982527	30.688224	1	80	100	政府机构
510623124210	富裕村村委会	104.883777	30.705532	1	80	100	政府机构
510603003002	秦宓社区居委会	104.394455	31.153373	1	80	100	政府机构
510682113209	金桂村村民委员会	104.086740	31.113931	0	30	72	村庄
510603101218	昌圆村村委会	104.296400	31.259999	0	30	58	村庄
510681112207	宝堂村村民委员会	104.361566	30.967977	1	80	100	政府机构
510683119210	高华村村民委员会	104.225310	31.359439	0	30	72	村庄
510623104219	五贤村村委会	104.689430	31.189651	0	30	58	村庄
510604108209	文昌村村民委员会	104.512150	31.229790	0	30	72	村庄
510682001013	鼓楼街社区居民委员会	104.181532	31.132257	1	80	95	政府机构
510681102207	乌木村村民委员会	104.410770	31.000429	0	30	72	村庄
510623132002	魁山社区居民委员会	104.704150	31.076024	0	18	40	乡镇
510623107209	柳林沟村村委会	104.617471	31.068604	1	80	100	政府机构
510623119217	金乌村村委会	104.969069	30.688743	0	18	66	乡镇
510682120210	苏家桥村村民委员会	104.051777	31.159570	0	18	49	乡镇
510682002003	双泉社区居民委员会	104.155515	31.131672	1	80	94	政府机构
510604100005	翰林社区居民委员会	104.509495	31.303329	0	20	41	乡镇
510623109217	仁寿寨村村委会	104.605681	30.877962	0	18	49	乡镇
510623117209	走马岭村村委会	105.027950	30.640310	0	30	58	村庄
510623120204	中三村村委会	105.095660	30.751483	1	80	100	政府机构
510682119203	爆竹园村村民委员会	103.970350	31.234241	0	30	72	村庄
510682109203	黄龙村村民委员会	104.107530	31.094899	0	30	72	村庄
510681202205	高涧村村民委员会	104.231030	30.993389	0	30	72	村庄
510623102230	沿河村村委会	104.832240	31.014109	0	30	58	村庄
510604102203	五埝村村民委员会	104.530950	31.403639	0	30	72	村庄
510681106213	新兴村村民委员会	104.315840	31.068830	0	30	72	村庄
510604107001	艾家坝社区居民委员会	104.639871	31.267569	0	30	58	村庄
510623123214	禾加村村委会	104.841899	30.620378	1	80	100	政府机构
510603004006	旌湖社区居委会	104.408140	31.118480	1	80	100	政府机构
510623101220	南渡村村委会	104.695098	31.012694	1	80	100	政府机构
510623118001	铜山街社区居委会	104.944125	30.762004	0	18	49	乡镇
510681115203	永红村村民委员会	104.223880	31.018399	0	30	72	村庄
510603108202	长江村村委会	104.371631	31.259188	1	80	100	政府机构
510681105203	江南村村民委员会	104.224470	30.902459	0	30	72	村庄
510623108001	街道社区居委会	104.644259	30.928425	0	18	66	乡镇
510623111220	隆金村村委会	104.864780	30.933311	0	30	58	村庄
510681100001	金领社区居委会	104.287800	30.974319	1	80	100	政府机构
510604101213	星光村村民委员会	104.585180	31.294480	0	30	72	村庄
510623108216	书房村村委会	104.644259	30.928425	0	18	66	乡镇
510623118216	石坪村村委会	104.944125	30.762004	0	18	66	乡镇
510623106208	松堡村村委会	104.567300	30.993351	0	30	58	村庄
510603001013	西外街社区居委会	104.384010	31.136181	0	50	82	道路
510623117225	独楼村村委会	105.121650	30.623440	0	30	58	村庄
510604107216	月亮村村民委员会	104.618270	31.255480	0	30	72	村庄
510681103206	园龙村村民委员会	104.198030	31.076860	0	30	72	村庄
510603110219	八佛村村委会	104.529273	31.183591	1	80	100	政府机构
510681113206	松林村村民委员会	104.451660	30.958541	0	30	72	村庄
510623105218	洪流村村委会	104.718250	31.254238	0	25	70	乡镇
510623107225	东风村村委会	104.553350	31.060580	0	30	58	村庄
510603100219	江林村村委会	104.401100	31.282420	0	30	58	村庄
510603007201	拱桥村村委会	104.417095	31.164799	1	80	100	政府机构
510623221207	禾丰村村委会	104.576720	30.960530	0	30	58	村庄
510603002003	花园巷社区居委会	104.386060	31.124391	0	30	58	道路
510623125211	大坪村村委会	104.943460	30.620370	0	30	58	村庄
510681104202	双龙村村民委员会	104.181910	30.950329	0	30	72	村庄
510623110221	梁佳村村委会	104.798239	30.917195	1	80	100	政府机构
510604100212	凯江村村民委员会	104.514566	31.325025	0	30	72	村庄
510681114202	白鹤村村民委员会	104.159501	31.149504	1	80	100	政府机构
510681108221	新河村村民委员会	104.286180	30.921719	0	30	72	村庄
510623132215	七里村村委会	104.667239	31.059462	1	80	100	政府机构
510603005007	泰山南路社区居委会	104.391146	31.104423	1	80	100	政府机构
510683121202	兴民村村民委员会	104.251250	31.326160	0	30	72	村庄
510623122215	高燕村村委会	105.035370	30.753161	0	30	58	村庄
510604103202	长玉村村民委员会	104.389550	31.343120	0	30	72	村庄
510604113202	万佛村村民委员会	104.467680	31.264749	0	30	72	村庄
510682108202	白沙泉村村民委员会	104.122390	31.159490	0	30	72	村庄
510623121205	三桥村村委会	105.142340	30.673749	0	30	58	村庄
510682118202	红白村村民委员会	104.026190	31.374431	0	30	72	村庄
510681200202	新源村村民委员会	104.304820	30.988090	0	30	72	村庄
510623208202	沙尖村村委会	104.719470	30.902389	0	30	58	村庄
510623218202	七眼村村委会	104.980080	30.826331	0	30	58	村庄
510682002202	城东村村民委员会	104.155515	31.131672	1	80	95	政府机构
510681104214	塔子村村民委员会	104.144700	31.011111	0	30	72	村庄
510623122203	雄狮村村委会	105.043319	30.714930	1	80	100	政府机构
510623127001	幸福社区居委会	104.666990	31.100973	0	20	67	乡镇
510603005011	连山街社区居委会	104.373370	31.107653	1	80	100	政府机构
510623132203	北塔村村委会	104.688627	31.050523	1	80	100	政府机构
510681107204	塔园村村民委员会	104.274100	31.135560	0	30	72	村庄
510683122204	同义村村民委员会	104.282740	31.347256	0	30	72	村庄
510623121213	海洋沟村村委会	105.143050	30.640190	0	30	58	村庄
510623212208	桂花村村委会	104.895439	30.749784	1	80	100	政府机构
510683105209	太平村村民委员会	104.114610	31.372259	0	30	72	村庄
510623104223	东沟村村委会	104.710110	31.172189	0	30	58	村庄
510681105002	第二居民委员会	104.223660	30.905599	0	25	47	乡镇
510604104210	明会村村民委员会	104.534300	31.308029	0	30	72	村庄
510683115209	蒲泉村村民委员会	104.163020	31.235570	0	30	72	村庄
510603001005	龙桥社区居委会	104.393408	31.135964	0	30	72	乡镇
510683116219	年画村村民委员会	104.231770	31.278239	0	30	72	村庄
510604102002	金山社区居民委员会	104.539856	31.386206	0	18	40	乡镇
510623117233	华实村村委会	104.679000	31.033100	0	14	46	区县
510623125207	大海村村委会	104.955239	30.631570	0	18	66	乡镇
510603002015	平安社区居委会	104.386060	31.124391	0	30	72	道路
510623221211	尖寨村村委会	104.606700	30.958610	0	30	58	村庄
510683105202	黄金村村民委员会	104.135960	31.373500	0	30	72	村庄
510623104228	寨子村村委会	104.674050	31.174790	0	30	58	村庄
510623106215	群岭村村委会	104.570283	31.024899	0	18	66	乡镇
510623212203	银杉村村委会	104.847910	30.796770	0	30	58	村庄
510603103214	清和村村委会	104.325493	31.299994	0	25	47	乡镇
510623116215	团碑村村委会	104.914770	30.799880	0	30	58	村庄
510683115202	下东林村村民委员会	104.179502	31.198230	0	30	72	村庄
510623207001	银杏社区居委会	104.843263	30.737842	0	18	66	村庄
510623124221	磐山村村委会	104.906311	30.707860	0	20	41	乡镇
510682101205	桂泉村村民委员会	104.141780	31.133071	0	30	72	村庄
510682111205	瓦窑村村民委员会	103.955499	31.309122	0	18	49	乡镇
510623105205	虹桥村村委会	104.738389	31.259248	1	80	100	政府机构
510623100007	小南街社区居委会	104.676339	31.031732	0	30	72	乡镇
510623211213	转水村村委会	104.718448	30.847532	0	20	67	村庄
510683116212	茶店村村民委员会	104.232179	31.270600	0	18	49	乡镇
510603201010	王家桥社区居委会	104.439870	31.123911	0	30	72	道路
510623115205	安心村村委会	104.801088	30.963988	0	20	67	乡镇
510623117238	偏偏店村村委会	105.022390	30.599149	0	30	58	村庄
510603110204	东美村村委会	104.483125	31.176791	1	80	100	政府机构
510623107003	阳平关社区居委会	104.576093	31.092286	0	18	40	乡镇
510623102201	太白村村委会	104.783168	31.027559	0	18	66	乡镇
510623208209	六里班村村委会	104.725300	30.881399	0	30	58	村庄
510623112201	大塘村村委会	104.789010	30.835170	0	30	58	村庄
510623117003	人民路社区居委会	105.054680	30.629901	0	50	82	道路
510623218209	古桥村村委会	104.944100	30.825560	0	30	58	村庄
510623206217	左街村村委会	104.951030	30.884239	0	30	58	村庄
510623122208	八一村村委会	105.025615	30.736962	0	18	66	乡镇
510623132208	百福村村委会	104.704150	31.076024	0	18	66	乡镇
510623101211	积水村村委会	104.647399	31.054480	1	80	100	政府机构
510683102206	檀兴村村民委员会	104.185990	31.328300	0	30	72	村庄
510683112206	桂花村村民委员会	104.170960	31.259039	0	30	72	村庄
510623111211	金山村村委会	104.885940	30.900589	0	30	58	村庄
510682106201	谷华村村民委员会	104.210410	31.159980	0	30	72	村庄
510682103003	雍湖社区居民委员会	104.202666	31.114085	0	50	73	地产小区
510623123225	铁渡村村委会	104.834580	30.679379	0	30	58	村庄
510682116201	龙居寺村村民委员会	104.002180	31.222899	0	30	72	村庄
510623206201	王庙村村委会	104.909960	30.912990	0	30	58	村庄
510681104209	欢喜村村民委员会	104.221220	30.958650	0	30	72	村庄
510623216201	火花村村委会	104.989357	30.560879	0	20	67	村庄
510681114209	青㭎村村民委员会	104.359477	31.011838	0	20	67	乡镇
510682105207	朱家桥村村民委员会	104.038290	31.274600	0	30	72	村庄
510604103209	双柏村村民委员会	104.418080	31.345689	0	30	72	村庄
510623111207	天岭村村委会	104.854970	30.907460	0	25	70	乡镇
510603101004	八一居委会	104.280270	31.247561	0	40	72	乡镇
510603104206	红伏村村委会	104.368470	31.174390	0	30	58	村庄
510681109207	天台村村民委员会	104.276360	31.080580	0	30	72	村庄
510623104005	双凤社区居委会	104.665540	31.165153	0	18	66	乡镇
510604113209	换马村村民委员会	104.449670	31.320311	0	30	72	村庄
510623101207	石墙村村委会	104.632977	31.014908	1	80	100	政府机构
510603008002	段家坝社区居委会	104.363729	31.129963	1	80	100	政府机构
510683201202	花石沟村村民委员会	104.102530	31.486960	0	30	72	村庄
510623113001	笋竹垭社区居委会	104.739890	30.936561	0	30	72	UNKNOWN
510623116203	锦竹村村委会	104.879625	30.819197	0	18	66	乡镇
510623106203	双桥村村委会	104.552870	31.030340	0	30	58	村庄
510623103001	老街社区居委会	104.763377	31.108308	0	18	66	乡镇
510603003025	北海路社区居委会	104.417000	31.142399	0	16	33	区县
510623201205	板桥村村委会	104.622630	31.193181	0	30	58	村庄
510623115213	玉河村村委会	104.845260	30.974049	0	30	58	村庄
510623211205	十里碑村村委会	104.718448	30.847532	0	20	36	村庄
510683106204	东普村村民委员会	104.197470	31.399100	0	30	72	村庄
510623100011	朝阳南路社区居委会	104.678397	31.026150	1	80	100	政府机构
510623105213	飞翔村村委会	104.662520	31.241490	0	30	58	村庄
510603002008	沙河街社区居委会	104.396079	31.116705	1	80	100	政府机构
510682107001	场镇社区居民委员会	104.167333	31.184565	0	25	47	乡镇
510682109208	忠元村村民委员会	104.094440	31.083050	0	30	72	村庄
510603005020	衡山路社区居委会	104.364029	31.095050	0	50	82	道路
510681108206	同善村村民委员会	104.241351	30.928649	0	30	72	村庄
510623214210	碉楼村村委会	105.023508	30.562764	1	80	100	政府机构
510623110206	横梁村村委会	104.774808	30.898307	0	18	66	乡镇
510623103216	石桩村村委会	104.763377	31.108308	0	18	66	乡镇
510681105208	青月村村民委员会	104.214899	30.920173	0	30	72	村庄
510683110201	天平村村民委员会	104.084800	31.268790	0	30	72	村庄
510623113216	小拱桥村村委会	104.720660	30.956539	0	30	58	村庄
510682103202	石羊村村民委员会	104.182670	31.088849	0	30	72	村庄
510682113202	方碑村村民委员会	104.069430	31.129540	0	30	72	村庄
510603003009	铁西社区居委会	104.402235	31.173058	0	25	70	乡镇
510623101010	集新社区居民委员会	104.620115	31.018489	1	80	95	UNKNOWN
510623104212	金桥村村委会	104.632813	31.155757	1	80	100	政府机构
510603101213	黎郎村村委会	104.312801	31.265787	1	80	100	政府机构
510623210204	高兴村村委会	104.721770	30.809110	0	30	58	村庄
510623114212	青山村村委会	104.763811	30.798745	1	80	100	政府机构
510682001018	慧剑社区居民委员会	104.181532	31.132257	1	80	94	政府机构
510623200204	飞蛾村村委会	104.507922	30.999558	0	18	66	村庄
510623107202	钟楼村村委会	104.575350	31.084700	0	30	58	村庄
510603107001	场镇居委会	104.321379	31.180245	1	80	100	政府机构
510623117202	双碑村村委会	105.074210	30.628999	0	30	58	村庄
510603117001	场镇居委会	104.386892	31.171082	1	80	100	政府机构
510623200212	泸沟村村委会	104.517483	31.023670	1	80	100	政府机构
510623114204	大柏山村村委会	104.751700	30.761690	0	30	58	村庄
510623104204	观音村村委会	104.665540	31.165153	0	18	66	乡镇
510623101006	谭家街社区居委会	104.669710	31.036170	0	30	72	道路
510682110204	光华村村民委员会	104.121831	31.058128	0	30	72	村庄
510623203202	竹园村村委会	104.585580	31.182300	0	30	58	村庄
510623117214	朝元村村委会	105.061820	30.590480	0	30	58	村庄
510683111001	金山社区居民委员会	104.046910	31.345409	0	25	47	乡镇
510683104203	清泉村村民委员会	104.135300	31.407711	0	30	72	村庄
510683101001	第一居民委员会	104.219556	31.352064	0	18	66	乡镇
510623107214	茯岭村村委会	104.576093	31.092286	0	18	66	乡镇
510623132224	高灌村村委会	104.719260	31.105649	0	30	58	村庄
510623204206	林家沟村村委会	104.570220	30.975941	0	30	58	村庄
510683113207	海江村村民委员会	104.183680	31.297779	0	30	72	村庄
510683116005	石河社区居民委员会	104.232179	31.270600	0	18	40	乡镇
510623110210	盘龙村村委会	104.774808	30.898307	0	18	66	乡镇
510623214206	庙坡村村委会	105.051263	30.567451	0	20	67	村庄
510683106005	香山社区居民委员会	104.171033	31.452821	0	18	40	乡镇
510681108210	三河村村民委员会	104.272240	30.926501	0	30	72	村庄
510623123209	上金村村委会	104.873671	30.641902	0	18	66	乡镇
510623207216	芝兰村村委会	104.843263	30.737842	0	18	66	村庄
510623219208	赛金村村委会	104.999031	30.792129	1	80	100	政府机构
510623209208	斩龙村村委会	104.823510	30.848160	0	30	58	村庄
510623117234	切山村村委会	104.991290	30.618400	0	30	58	村庄
510623115209	征武村村委会	104.778575	30.948244	1	80	100	政府机构
510603100208	广平村村委会	104.426268	31.249789	0	18	66	乡镇
510623105209	利兴村村委会	104.691400	31.224241	0	30	58	村庄
510603002012	华山南路社区居委会	104.369983	31.126443	1	80	100	政府机构
510623108207	青云村村委会	104.597150	30.920729	0	30	58	村庄
510623116219	兴旺村村委会	104.879625	30.819197	0	18	66	乡镇
510623106219	云梯村村委会	104.570283	31.024899	0	18	66	乡镇
510623104224	长兴村村委会	104.665540	31.165153	0	18	40	乡镇
510623118207	斑竹村村委会	104.944125	30.762004	0	18	66	乡镇
510603001002	北光社区居委会	104.396880	31.140350	0	50	82	UNKNOWN
510604103213	前龙村村民委员会	104.407420	31.372269	0	30	72	村庄
510681102001	镇社区居委会	104.432387	30.992696	0	18	49	乡镇
510681107203	五里村村民委员会	104.280668	31.127679	1	80	100	政府机构
510623103220	狮龙村村委会	104.766440	31.063119	0	30	58	村庄
510681112001	街道居民委员会	104.344799	30.962842	0	25	55	乡镇
510603003204	金牛村村委会	104.397941	31.167901	1	80	100	政府机构
510603006006	双榕社区居委会	104.390165	31.063157	0	18	40	乡镇
510623123229	狮山村村委会	104.828490	30.666189	0	30	58	村庄
510623121214	四方村村委会	105.122619	30.642847	1	80	100	政府机构
510683122203	合结村村民委员会	104.300960	31.348660	0	30	72	村庄
510604105001	第一居民委员会	104.632613	31.337703	1	80	100	政府机构
510681104213	朝阳村村民委员会	104.132950	31.015060	0	30	72	村庄
510623110230	攀峰村村委会	104.822150	30.925850	0	30	58	村庄
510682002205	农科村村民委员会	104.155515	31.131672	1	80	97	政府机构
510623208205	龙颈村村委会	104.698200	30.890301	0	25	70	村庄
510681200205	龙江村村民委员会	104.277450	31.013870	0	30	72	村庄
510623132204	红土村村委会	104.705081	31.029574	1	80	100	政府机构
510623122204	窑房村村委会	105.056340	30.709790	0	30	58	村庄
510604113205	松林口村村民委员会	104.449710	31.290840	0	30	72	村庄
510682118205	五桂坪村村民委员会	104.009210	31.363750	0	30	72	村庄
510623121202	高坪村村委会	105.132629	30.679407	0	18	66	乡镇
510682108205	东岳村村民委员会	104.105277	31.193929	0	30	72	村庄
510603006010	宝凤社区居委会	104.390165	31.063157	0	18	66	乡镇
510681114205	花塘村村民委员会	104.375409	30.977235	0	30	72	村庄
510623110226	双溪村村委会	104.825320	30.941910	0	30	58	村庄
510681104205	三星村村民委员会	104.202180	30.985181	0	30	72	村庄
510623122212	中合村村委会	105.025615	30.736962	0	18	66	乡镇
510683121205	双坪村村民委员会	104.281260	31.301020	0	30	72	村庄
510623132212	喜胜村村委会	104.701401	31.063263	1	80	100	政府机构
510623107222	通远桥村村委会	104.524743	31.077979	1	80	100	政府机构
510681113201	沙田村村民委员会	104.433700	30.963820	0	30	72	村庄
510623211209	同沟村村委会	104.695405	30.841153	1	80	100	政府机构
510681103201	龙潭村村民委员会	104.223802	31.043562	0	30	72	村庄
510683116208	金星村村民委员会	104.235990	31.261819	0	30	72	村庄
510604107211	罗汉村村民委员会	104.644100	31.237190	0	30	72	村庄
510623117222	双柏树村村委会	104.679000	31.033100	0	14	46	区县
510623201209	五丰村村委会	104.598500	31.225739	0	30	58	村庄
510623125216	保安村村委会	104.955239	30.631570	0	18	66	乡镇
510603002004	荷花巷社区居委会	104.392556	31.122981	1	80	100	政府机构
510623118211	井庙村村委会	104.927800	30.790690	0	30	58	村庄
510623108211	飞龙村村委会	104.644259	30.928425	0	18	66	乡镇
510604104201	太平村村民委员会	104.561470	31.321401	0	30	72	村庄
510603003029	红旗路社区居委会	104.402235	31.173058	0	25	55	乡镇
510603004001	沂河社区居委会	104.407108	31.128813	1	80	100	政府机构
510603108205	红阳村村委会	104.365259	31.249612	0	20	67	乡镇
510604101214	高垭村村民委员会	104.556440	31.222301	0	30	72	村庄
510681100006	雒中社区居委会	104.283634	30.979308	0	30	51	乡镇
510681105204	张化村村民委员会	104.232380	30.913439	0	30	72	村庄
510681115204	联合村村民委员会	104.246970	31.022510	0	30	72	村庄
510623101227	茶店村村委会	104.720970	30.990085	0	25	70	乡镇
510682109204	湔江村村民委员会	104.092230	31.068850	0	30	72	村庄
510623125001	太平街社区居委会	104.955239	30.631570	0	18	66	乡镇
510682119204	五马村村民委员会	103.975766	31.255885	0	30	72	村庄
510623120203	逢春村村委会	105.100990	30.718701	0	30	58	村庄
510681106214	桂园村村民委员会	104.309747	31.067240	0	30	72	村庄
510683108001	北辰街社区居民委员会	104.250000	31.454000	0	40	65	道路
510604102204	新塘村村民委员会	104.543600	31.402079	0	30	72	村庄
510681202202	狮堰村村民委员会	104.254950	30.984048	1	80	100	政府机构
510623109210	长虹村村委会	104.492475	31.284876	1	80	100	政府机构
510682002004	木坊社区居民委员会	104.155515	31.131672	1	80	94	政府机构
510604100002	东升社区居民委员会	104.509495	31.303329	0	20	41	乡镇
510681101210	落经村村民委员会	104.315040	30.904520	0	30	72	村庄
510623119210	陨石村村委会	104.997190	30.682740	0	30	58	村庄
510681100401	四川航天职业技术学院社区居民委员会	104.236482	31.007323	0	50	73	UNKNOWN
510623124217	长丰村村委会	104.917730	30.678570	0	30	58	村庄
510623200208	新镇村村委会	104.484139	31.017859	1	80	100	政府机构
510682001014	金河西路社区居民委员会	104.161447	31.124933	1	80	100	政府机构
510623127211	高碑村村委会	104.667110	31.094380	0	30	58	村庄
510682110208	玉马村村民委员会	104.143290	31.080381	0	30	72	村庄
510603005201	千佛村村委会	104.362022	31.107450	1	80	100	政府机构
510623119206	解放村村委会	104.969069	30.688743	0	18	66	乡镇
510623107218	五星村村委会	104.562773	31.074785	1	80	100	政府机构
510682120201	师古村村民委员会	104.069760	31.157700	0	30	72	村庄
510603100224	朝阳村村委会	104.428085	31.205677	1	80	100	政府机构
510681101206	宝莲村村民委员会	104.344010	30.921680	0	30	72	村庄
510604100014	南塔社区居民委员会	104.509495	31.303329	0	20	41	乡镇
510623117218	甘露村村委会	105.083140	30.609759	0	30	58	村庄
510623109206	银河村村委会	104.582740	30.905150	0	30	58	村庄
510603003013	春兰巷社区居委会	104.387360	31.152879	1	80	100	政府机构
510683119201	友花村村民委员会	104.249450	31.351470	0	30	72	村庄
510623104208	群益村村委会	104.665540	31.165153	0	18	66	乡镇
510623114208	金山寺村村委会	104.805237	30.750174	1	80	100	政府机构
510604106206	三鱼村村民委员会	104.456460	31.347770	0	30	72	村庄
510682001002	阳光小区社区居民委员会	104.181532	31.132257	1	80	94	政府机构
510681102216	桔红村村民委员会	104.427230	30.981500	0	30	72	村庄
510683109201	罗荣村村民委员会	104.102610	31.290040	0	30	72	村庄
510603111209	茶店村村委会	104.524202	31.124234	0	20	67	乡镇
510623101231	鱼池村村委会	104.734060	30.980240	0	30	58	村庄
510623209204	双寨村村委会	104.837370	30.875489	0	30	58	村庄
510681105212	新桥村村民委员会	104.173200	30.930219	0	30	72	村庄
510681100010	桂花社区居委会	104.277420	30.977080	1	80	100	政府机构
510623219204	凤沟村村委会	105.004143	30.777887	0	20	67	村庄
510603108213	五星村村委会	104.363990	31.246329	0	30	58	村庄
510623120215	象山村村委会	105.062570	30.688510	0	30	58	村庄
510683123202	三泉村村民委员会	104.315140	31.394020	0	30	72	村庄
510623221001	人合社区居委会	104.604080	30.948190	0	25	55	村庄
510603007007	大山门社区居委会	104.428626	31.147148	1	80	100	政府机构
510681116202	永乐村村民委员会	104.275360	31.050160	0	30	72	村庄
510623102221	歇马村村委会	104.760097	30.993987	1	80	100	政府机构
510604102212	骑龙村村民委员会	104.576480	31.387320	0	30	72	村庄
510681106202	方碑村村民委员会	104.326120	31.087761	0	30	72	村庄
510623120214	平安村村委会	105.083843	30.711307	0	18	66	乡镇
510683123203	吉兆村村民委员会	104.287710	31.413189	0	30	72	村庄
510603007006	水库社区居委会	104.417000	31.142399	0	16	47	区县
510681116203	七玉村村民委员会	104.269660	31.063291	0	30	72	村庄
510681113001	场镇居民委员会	104.446395	30.960264	0	20	41	乡镇
510623102220	栀子湾村村委会	104.768790	30.988489	0	30	58	村庄
510681103001	场镇居民委员会	104.229550	31.060277	0	20	41	乡镇
510681106203	上陵村村民委员会	104.326790	31.071251	0	30	72	村庄
510623123204	龙潭村村委会	104.887563	30.654656	1	80	100	政府机构
510623101230	芦堰村村委会	104.729020	31.008810	0	30	58	村庄
510623209205	东莲村村委会	104.840957	30.889480	1	80	100	政府机构
510681105213	三界村村民委员会	104.157300	30.925720	0	30	72	村庄
510604104001	第一居民委员会	104.555420	31.321840	0	25	70	乡镇
510604101203	双铧村村民委员会	104.563530	31.288650	0	30	72	村庄
510681100011	佛山路社区居委会	104.272131	30.968118	0	30	72	道路
510603108212	星光村村委会	104.362077	31.226589	1	80	100	政府机构
510623219205	柏湾村村委会	105.019354	30.758252	0	30	58	村庄
510623104209	新店村村委会	104.680177	31.159230	1	80	100	政府机构
510603101208	五会村村委会	104.280270	31.247561	0	40	72	乡镇
510623114209	金武村村委会	104.765690	30.772710	0	30	58	村庄
510682001003	外西街社区居民委员会	104.165869	31.121174	1	80	100	政府机构
510623127210	秀塘村村委会	104.665090	31.109330	0	30	58	村庄
510623119207	红胜村村委会	104.969069	30.688743	0	18	66	乡镇
510623107219	丁字桥村村委会	104.563155	31.070869	1	80	100	政府机构
510681101207	寿增村村民委员会	104.282000	30.976100	0	16	33	区县
510623117219	祁家沟村村委会	104.679000	31.033100	0	14	46	区县
510623109207	新湾村村委会	104.605681	30.877962	0	18	66	乡镇
510603003004	华联社区居委会	104.387169	31.152650	1	80	100	政府机构
510623124216	三岔村村委会	104.924240	30.698890	0	30	58	村庄
510623200209	群英村村委会	104.458053	31.016763	1	80	100	政府机构
510682001015	利民路社区居民委员会	104.181532	31.132257	1	80	94	政府机构
510681102201	光辉村村民委员会	104.407420	30.990649	0	30	72	村庄
510604106211	顺河村村民委员会	104.488320	31.375520	0	30	72	村庄
510623106222	银冯村村委会	104.570283	31.024899	0	18	49	乡镇
510681112201	华严村村民委员会	104.360760	30.953899	0	30	72	村庄
510623127206	玉尺村村委会	104.660940	31.117300	0	30	58	村庄
510604105201	富荣村村民委员会	104.627770	31.335250	0	30	72	村庄
510623109211	阳关村村委会	104.605681	30.877962	0	18	66	乡镇
510681101211	屏风村村民委员会	104.312120	30.904470	0	30	72	村庄
510682002005	土桥社区居民委员会	104.155515	31.131672	1	80	94	政府机构
510604100003	朝圣社区居民委员会	104.504789	31.309249	1	70	88	地产小区
510681100400	中国民航飞行学院社区居民委员会	104.283634	30.979308	0	30	45	乡镇
510623119211	梓潼村村委会	104.956170	30.705699	0	30	58	村庄
510623130202	牵河村村委会	104.665256	30.975313	1	80	100	政府机构
510682109205	万和村村民委员会	104.069020	31.097750	0	30	72	村庄
510603003403	涪江苑社区居委会	104.383689	31.169687	0	60	87	地产小区
510682119205	杉木林村村民委员会	103.993670	31.274109	0	30	72	村庄
510623120202	桥亭村村委会	105.083843	30.711307	0	18	66	乡镇
510681106215	峰昌村村民委员会	104.297030	31.065059	0	30	72	村庄
510604102205	罗家湾村村民委员会	104.557080	31.403840	0	30	72	村庄
510681202203	楠林村村民委员会	104.239410	30.960319	0	30	72	村庄
510623123212	新仓村村委会	104.873671	30.641902	0	18	66	乡镇
510603108204	胜利村村委会	104.362569	31.275942	1	80	100	政府机构
510681100007	三北社区居委会	104.283634	30.979308	0	30	58	乡镇
510681105205	瓦店村村民委员会	104.238150	30.917389	0	30	72	村庄
510681115205	紫荆村村民委员会	104.249630	31.005520	0	30	72	村庄
510623101226	光辉村村委会	104.720970	30.990085	0	25	70	乡镇
510623118210	铜山村村委会	104.920931	30.750476	1	80	100	政府机构
510623108210	狮子村村委会	104.644870	30.917649	0	30	58	村庄
510604101002	岭南社区居民委员会	104.566699	31.258443	0	18	40	乡镇
510683124401	昊华清平磷矿居民委员会	104.038372	31.590322	0	16	30	乡镇
510603001015	陕西馆社区居委会	104.393489	31.130901	1	75	95	地产小区
510623107223	红光村村委会	104.513041	31.059677	1	80	100	政府机构
510683106209	大柏林村村民委员会	104.169760	31.425149	0	30	72	村庄
510623211208	友谊村村委会	104.709430	30.833609	0	30	58	村庄
510683116209	桐麻村村民委员会	104.219060	31.236550	0	30	72	村庄
510681106002	场镇居民委员会	104.322495	31.052479	0	18	40	乡镇
510623117223	香樟村村委会	104.679000	31.033100	0	14	46	区县
510604107210	宝镜村村民委员会	104.664330	31.273939	0	30	72	村庄
510623201208	粮丰村村委会	104.614950	31.236130	0	30	58	村庄
510623125217	高寨村村委会	104.939010	30.652250	0	30	58	村庄
510623221201	劲松村村委会	104.609549	30.942057	1	80	100	政府机构
510681114204	黄家店村村民委员会	104.379520	30.997740	0	30	72	村庄
510682120001	慈山路社区居民委员会	104.060880	31.161129	0	50	73	道路
510623110227	百贤村村委会	104.817990	30.937280	0	30	58	村庄
510604100214	芒江村村民委员会	104.486770	31.320790	0	30	72	村庄
510681104204	米花村村民委员会	104.199670	30.976191	0	30	72	村庄
510623218212	金兴村村委会	104.960870	30.827209	0	25	70	村庄
510623122213	五一村村委会	105.025615	30.736962	0	18	66	乡镇
510683121204	蒲柳村村民委员会	104.285650	31.320729	0	30	72	村庄
510623132213	山寨村村委会	104.692240	31.062780	0	30	58	村庄
510603005001	宝峰寺社区居委会	104.346040	31.092529	0	30	72	村庄
510604113204	广济村村民委员会	104.453640	31.275710	0	30	72	村庄
510683119001	新民社区居民委员会	104.265896	31.370384	0	18	40	乡镇
510604103204	安平村村民委员会	104.395877	31.344849	0	18	49	乡镇
510683109001	古楼街社区居民委员会	104.100500	31.291240	0	50	73	道路
510682118204	木瓜坪村村民委员会	103.996970	31.440519	0	30	72	村庄
510623121203	江水村村委会	105.131210	30.680479	0	30	58	村庄
510682108204	马高桥村村民委员会	104.110380	31.175879	0	30	72	村庄
510603006011	双圣社区居委会	104.390165	31.063157	0	18	40	乡镇
510623218204	大金村村委会	104.960870	30.827209	0	25	70	村庄
510681104212	群力村村民委员会	104.123800	31.019569	0	30	72	村庄
510682002204	白果村村民委员会	104.155515	31.131672	1	80	97	政府机构
510623110231	金柏村村委会	104.804937	30.889218	1	80	100	政府机构
510623208204	石碑河村村委会	104.701600	30.896460	0	30	58	村庄
510681200204	檀林村村民委员会	104.303214	31.006844	0	30	72	村庄
510603005017	旌南苑社区居委会	104.380734	31.101399	1	70	92	地产小区
510623132205	保家村村委会	104.712979	31.031981	1	80	100	政府机构
510623122205	山溪村村委会	105.040860	30.724608	1	80	100	政府机构
510681107202	四正村村民委员会	104.303280	31.106670	0	30	72	村庄
510603006007	大汉社区居委会	104.390165	31.063157	0	18	40	乡镇
510623121215	伏龙村村委会	105.132629	30.679407	0	18	66	乡镇
510623123228	三河村村委会	104.820805	30.661689	0	30	58	村庄
510683122202	绵河村村民委员会	104.317140	31.354041	0	30	72	村庄
510623108206	柳河村村委会	104.644259	30.928425	0	18	66	乡镇
510623116218	袁家桥村村委会	104.902860	30.845229	0	30	58	村庄
510623104225	青狮村村委会	104.665540	31.165153	0	18	66	乡镇
510623106218	高屋村村委会	104.570283	31.024899	0	18	66	乡镇
510604107206	东岳村村民委员会	104.642090	31.309950	0	30	72	村庄
510623115208	马河村村委会	104.801088	30.963988	0	20	67	乡镇
510623117235	材源村村委会	105.032480	30.603990	0	30	58	村庄
510683108201	白溪河村村民委员会	104.237087	31.460625	0	30	72	村庄
510623105208	群力村村委会	104.704523	31.225280	1	80	100	政府机构
510603002013	辽河街社区居委会	104.370092	31.119198	1	80	100	政府机构
510623125201	太安村村委会	104.955239	30.631570	0	18	66	乡镇
510623123208	黄坪村村委会	104.873671	30.641902	0	18	66	乡镇
510623207217	毛店村村委会	104.825435	30.754764	1	80	100	政府机构
510623219209	金江村村委会	104.991510	30.801171	0	30	58	村庄
510623113201	玉屏村村委会	104.745812	30.934929	0	18	66	乡镇
510623103201	人和村村委会	104.763377	31.108308	0	18	66	乡镇
510623132225	老桥村村委会	104.710005	31.070199	1	80	100	政府机构
510682107201	白鱼河村村民委员会	104.172371	31.161997	0	30	72	村庄
510623204207	兰家坪村村委会	104.556140	30.988751	0	30	58	村庄
510683113206	康宁村村民委员会	104.188630	31.315160	0	30	72	村庄
510683116004	迎祥社区居民委员会	104.195989	31.344427	1	80	100	政府机构
510603201206	马鞍村村委会	104.438127	31.131917	0	18	66	村庄
510623110211	龙安村村委会	104.774808	30.898307	0	18	66	乡镇
510623214207	兴共村村委会	105.062190	30.550720	0	30	58	村庄
510603105210	花景村村委会	104.308380	31.155990	0	30	58	村庄
510683106004	武都社区居民委员会	104.171033	31.452821	0	18	40	乡镇
510681108211	四合村村民委员会	104.270040	30.946691	0	30	72	村庄
510682110205	双堰村村民委员会	104.108640	31.051219	0	30	72	村庄
510623125221	凤凰村村委会	104.439903	30.994220	1	80	100	政府机构
510623203203	凤桥村村委会	104.563760	31.172060	0	30	58	村庄
510623206001	南盛街社区居委会	104.918124	30.897587	0	18	49	村庄
510623117215	倒碑垭村村委会	105.045957	30.597924	1	80	100	政府机构
510623216001	元华街社区居委会	104.998093	30.558544	0	40	77	道路
510683104202	新龙村村民委员会	104.149910	31.393411	0	30	72	村庄
510623107215	望江村村委会	104.576093	31.092286	0	18	66	乡镇
510623200213	新桥村村委会	104.498645	31.018789	1	80	100	政府机构
510603111204	尖山村村委会	104.509317	31.125470	1	80	100	政府机构
510623114205	永兴村村委会	104.777587	30.767454	1	80	100	政府机构
510623104205	长远村村委会	104.680560	31.121061	0	30	58	村庄
510623101007	余家河社区居民委员会	104.643276	31.008393	0	50	73	UNKNOWN
510623107203	辉山村村委会	104.588070	31.078319	0	30	58	村庄
510623102001	朝阳街社区居委会	104.783168	31.027559	0	18	66	乡镇
510623112001	正街社区居委会	104.791602	30.823113	0	18	66	乡镇
510623117203	南华村村委会	105.051380	30.626371	0	30	58	村庄
510682106001	场镇社区居民委员会	104.219002	31.162941	0	20	41	乡镇
510682103203	慧剑村村民委员会	104.219386	31.119432	1	80	97	UNKNOWN
510682113203	玉桥村村民委员会	104.084260	31.129441	0	30	72	村庄
510682116001	隆兴社区居民委员会	104.023901	31.206091	0	18	40	乡镇
510603003008	友谊路社区居委会	104.402235	31.173058	0	25	55	乡镇
510604108203	盐井村村民委员会	104.493060	31.236570	0	30	72	村庄
510683102006	飞凫社区居民委员会	104.169099	31.336750	0	25	47	乡镇
510623104213	安宁村村委会	104.665540	31.165153	0	18	66	乡镇
510623210205	拦河村村委会	104.726584	30.794026	0	25	70	村庄
510603101212	高桥村村委会	104.311501	31.247295	1	80	100	政府机构
510623114213	杨溪村村委会	104.805810	30.778271	0	30	58	村庄
510623200205	玉龙村村委会	104.521310	30.980280	0	30	58	村庄
510623103217	土门村村委会	104.763377	31.108308	0	18	66	乡镇
510681105209	同花村村民委员会	104.190410	30.932740	0	30	72	村庄
510604101219	新安堂村村民委员会	104.588310	31.268809	0	30	72	村庄
510683115002	文昌社区居民委员会	104.211763	31.205766	0	18	40	乡镇
510603108208	新玉村村委会	104.365259	31.249612	0	20	67	乡镇
510623207201	白果村村委会	104.866430	30.704461	0	30	58	村庄
510682109209	庆云村村民委员会	104.045550	31.107240	0	30	72	村庄
510623105005	黄鹿镇社区居委会	104.718250	31.254238	0	25	70	乡镇
510681108207	龙居村村民委员会	104.257910	30.919151	0	30	72	村庄
510603100004	孟家场镇居委会	104.426268	31.249789	0	18	49	乡镇
510623214211	山青村村委会	105.019620	30.554959	0	30	58	村庄
510623110207	牟楼村村委会	104.778280	30.901039	0	30	58	村庄
510604102209	马驰村村民委员会	104.522330	31.412840	0	30	72	村庄
510603110004	高华强社区居民委员会	104.498644	31.174560	0	18	35	乡镇
510623201204	金福村村委会	104.602429	31.188440	1	80	100	政府机构
510603110213	金锣桥村村委会	104.544237	31.174430	1	80	100	政府机构
510623115212	潘山村村委会	104.825071	30.975422	1	80	100	政府机构
510683116205	高兴村村民委员会	104.274110	31.258220	0	30	72	村庄
510623211204	大河村村委会	104.718448	30.847532	0	20	67	村庄
510603100213	大坝村村委会	104.399539	31.240724	1	80	100	政府机构
510683106205	武都村村民委员会	104.184430	31.402229	0	30	72	村庄
510623100010	大北街社区居委会	104.676339	31.031732	0	30	72	乡镇
510623105212	青藕村村委会	104.661533	31.220504	1	80	100	政府机构
510603002009	舟山社区居委会	104.386264	31.118835	1	80	100	政府机构
510683201203	梅子林村村民委员会	104.112090	31.491369	0	30	72	村庄
510623116202	芳草村村委会	104.879625	30.819197	0	18	66	乡镇
510603103203	青进村村委会	104.340553	31.283717	1	80	100	政府机构
510623106202	船形村村委会	104.573505	31.030858	1	80	100	政府机构
510603003024	龙门社区居委会	104.390583	31.162380	1	80	100	政府机构
510623111206	红花村村委会	104.854970	30.907460	0	25	70	乡镇
510623114004	永兴镇社区居委会	104.784771	30.770926	0	18	66	乡镇
510681119206	李堰村村民委员会	104.168510	31.042699	0	30	72	村庄
510603104207	黄河村村委会	104.375129	31.156043	1	80	100	政府机构
510681109206	西林村村民委员会	104.272743	31.112007	0	30	72	村庄
510623101206	老坪村村委会	104.656736	31.063530	1	80	100	政府机构
510604113208	接引村村民委员会	104.453310	31.312470	0	30	72	村庄
510603008003	黄连桥社区居委会	104.357778	31.121295	1	80	100	政府机构
510683111201	金山村村民委员会	104.046770	31.347349	0	30	72	村庄
510681104208	仁义村村民委员会	104.218780	30.966600	0	30	72	村庄
510604102225	红玉村村民委员会	104.528950	31.366729	0	30	72	村庄
510681114208	凉水井村村民委员会	104.328691	31.000012	0	30	72	村庄
510683101201	谷王村村民委员会	104.191085	31.351336	0	30	72	村庄
510682105206	余安村村民委员会	104.041950	31.237590	0	30	72	村庄
510623101210	西山村村委会	104.654420	31.022029	0	30	58	村庄
510683112207	涌泉村村民委员会	104.153640	31.247340	0	30	72	村庄
510604101223	黑虎村村民委员会	104.572350	31.218531	0	30	72	村庄
510623111210	石堰村村委会	104.854970	30.907460	0	25	70	乡镇
510623123224	妙丰村村委会	104.837490	30.675619	0	30	58	村庄
510682103002	雀柱社区居民委员会	104.201869	31.104583	0	20	41	乡镇
510623107002	高石梯社区居委会	104.576093	31.092286	0	18	49	乡镇
510603107201	新隆村村委会	104.314147	31.203758	1	80	100	政府机构
510623208208	松山村村委会	104.698200	30.890301	0	25	70	村庄
510603117201	高治村村委会	104.458700	31.042040	0	30	58	村庄
510623206216	松林村村委会	104.918124	30.897587	0	18	66	村庄
510623122209	玉山村村委会	105.054170	30.749620	0	30	58	村庄
510682105210	渔江村村民委员会	104.083191	31.227167	0	30	72	村庄
510623132209	白梨村村委会	104.709261	31.049405	1	80	100	政府机构
510623105204	金燕村村委会	104.740740	31.266441	0	30	58	村庄
510623100006	上南街社区居委会	104.675260	31.032620	0	50	82	道路
510623211212	莲花堰村村委会	104.718448	30.847532	0	20	50	村庄
510683116213	光明村村民委员会	104.240781	31.302620	1	80	100	政府机构
510603201011	马鞍山社区居委会	104.441951	31.123946	1	80	100	政府机构
510623117239	马家湾村村委会	104.679000	31.033100	0	14	46	区县
510623115204	宝光村村委会	104.782820	30.977750	0	30	58	村庄
510603110205	钱音村村委会	104.497127	31.169430	1	80	100	政府机构
510683105203	双土村村民委员会	104.163660	31.355660	0	30	72	村庄
510623106214	林家山村村委会	104.570283	31.024899	0	18	66	乡镇
510623104229	牌坊村村委会	104.665540	31.165153	0	18	66	乡镇
510683100001	大东街社区居民委员会	104.203132	31.344413	0	30	51	乡镇
510623212202	新田村村委会	104.861920	30.785081	0	30	58	村庄
510683110001	仁贤社区居民委员会	104.081588	31.259810	0	20	41	乡镇
510623116214	继光村村委会	104.879625	30.819197	0	18	66	乡镇
510683115203	长宁村村民委员会	104.202240	31.223961	0	30	72	村庄
510623124220	文玉村村委会	104.906311	30.707860	0	20	67	乡镇
510682101204	青灵村村民委员会	104.137370	31.108090	0	30	72	村庄
510682111204	竹溪村村民委员会	104.001200	31.317259	0	30	72	村庄
510603103001	场镇居委会	104.386892	31.171082	1	80	100	政府机构
510623117241	洪恩村村委会	104.992660	30.627060	0	30	58	村庄
510623103202	通济村村委会	104.763377	31.108308	0	18	66	乡镇
510623207214	壶瓶村村委会	104.825970	30.735889	0	30	58	村庄
510623214204	新开村村委会	105.051263	30.567451	0	20	41	村庄
510603105213	白江村村委会	104.282399	31.169712	1	80	100	政府机构
510683106007	群力社区居民委员会	104.171033	31.452821	0	18	40	乡镇
510681108212	顺河村村民委员会	104.289680	30.977909	0	30	72	村庄
510683103205	建设村村民委员会	104.233020	31.384649	0	30	72	村庄
510623204204	金家坪村村委会	104.534694	30.956238	0	20	67	村庄
510683113205	八一村村民委员会	104.171610	31.333589	0	30	72	村庄
510603201205	新华村村委会	104.428025	31.148853	1	80	100	政府机构
510623110212	玉石村村委会	104.746400	30.864030	0	30	58	村庄
510682107202	亭江村村民委员会	104.182000	31.180789	0	30	72	村庄
510623132226	资杰村村委会	104.746110	31.104030	0	30	58	村庄
510683104201	双同村村民委员会	104.166910	31.370270	0	30	72	村庄
510623107216	天梯村村委会	104.616440	31.133130	0	30	58	村庄
510683101003	第三居民委员会	104.219556	31.352064	0	18	66	乡镇
510623119208	岗石村村委会	104.976650	30.699881	0	30	58	村庄
510623206002	左街社区居委会	104.918124	30.897587	0	18	49	村庄
510623109208	翠竹村村委会	104.621645	30.881179	1	80	100	政府机构
510623117216	甘塘村村委会	105.068070	30.581669	0	30	58	村庄
510681101208	中心村村民委员会	104.338170	30.911080	0	30	72	村庄
510623125222	春彩村村委会	104.955239	30.631570	0	18	49	乡镇
510682105004	菜蔬社区居民委员会	104.052362	31.250287	1	80	92	地产小区
510682110206	同心村村民委员会	104.112220	31.039899	0	30	72	村庄
510603101207	月形村村委会	104.280270	31.247561	0	40	72	乡镇
510623118225	实胜村村委会	104.944125	30.762004	0	18	66	乡镇
510623104206	柏木村村委会	104.665540	31.165153	0	18	66	乡镇
510623101004	龙华社区居委会	104.720970	30.990085	0	25	70	乡镇
510623200210	新东村村委会	104.470160	31.027079	0	30	58	村庄
510603111207	龙居村村委会	104.524202	31.124234	0	20	67	乡镇
510623114206	莲花村村委会	104.782929	30.756743	1	80	100	政府机构
510623108225	钟楼村村委会	104.634805	30.934310	1	80	100	政府机构
510604106208	红安村村民委员会	104.482320	31.350089	0	30	72	村庄
510623102002	太白街社区居委会	104.783168	31.027559	0	18	49	乡镇
510623127209	凤鸣村村委会	104.639530	31.096690	0	30	58	村庄
510623114210	长坪村村委会	104.757353	30.796949	1	80	100	政府机构
510623200206	金岭村村委会	104.517949	30.996551	1	80	100	政府机构
510683102005	安国社区居民委员会	104.169099	31.336750	0	25	47	乡镇
510623210206	水池村村委会	104.710030	30.812999	0	30	58	村庄
510603101211	金鸡村村委会	104.311120	31.232460	0	30	58	村庄
510682116002	新街社区居民委员会	104.023901	31.206091	0	18	40	乡镇
510623124219	田丰村村委会	104.906311	30.707860	0	20	67	乡镇
510683110203	石河村村民委员会	104.081588	31.259810	0	20	50	乡镇
510623113214	花红村村委会	104.745812	30.934929	0	18	66	乡镇
510681100008	外北社区居委会	104.283634	30.979308	0	30	51	乡镇
510683115001	新胜社区居民委员会	104.211763	31.205766	0	18	40	乡镇
510623207202	云寨村村委会	104.861460	30.693581	0	30	58	村庄
510683105001	遵文社区居民委员会	104.119309	31.354945	0	20	41	乡镇
510623103214	地桩村村委会	104.746584	31.152286	0	30	58	村庄
510623101229	救水村村委会	104.723500	31.020739	0	30	58	村庄
510603201213	高槐村村委会	104.466361	31.103219	1	80	100	政府机构
510623110204	菱角村村委会	104.774808	30.898307	0	18	66	乡镇
510681108204	双槐村村民委员会	104.230940	30.952469	0	30	72	村庄
510603100007	新新居民委员会	104.426268	31.249789	0	18	40	乡镇
510623214212	延寿村村委会	105.039230	30.557190	0	30	58	村庄
510603105205	歇月村村委会	104.306494	31.131161	1	80	100	政府机构
510623125218	红泉村村委会	104.955239	30.631570	0	18	66	乡镇
510623211207	瓦窑村村委会	104.718670	30.835229	0	30	58	村庄
510603100210	红海村村委会	104.426268	31.249789	0	18	66	乡镇
510623100013	玄武社区居委会	104.676339	31.031732	0	30	58	乡镇
510683106206	白果村村民委员会	104.153472	31.423323	0	30	72	村庄
510623105211	红金村村委会	104.728119	31.249307	1	80	100	政府机构
510623201207	玉丰村村委会	104.611553	31.205838	1	80	100	政府机构
510623115211	鲇桂村村委会	104.817759	30.975745	0	30	58	村庄
510683116206	苦葛村村民委员会	104.264970	31.266281	0	30	72	村庄
510603201004	寿丰居委会	104.444919	31.107080	1	80	100	政府机构
510603003027	泰安社区居委会	104.402235	31.173058	0	25	70	乡镇
510623106201	金钱村村委会	104.555930	31.014060	0	30	58	村庄
510623116201	兴发村村委会	104.879625	30.819197	0	18	66	乡镇
510603104204	杨柳村村委会	104.348965	31.205438	1	80	100	政府机构
510681109205	鸹林村村民委员会	104.248140	31.105699	0	30	72	村庄
510623101205	李园村村委会	104.668130	31.047778	0	30	58	村庄
510623111205	永安村村委会	104.855469	30.905327	1	80	100	政府机构
510681119205	马堰村村民委员会	104.153430	31.054600	0	30	72	村庄
510682105205	联合村村民委员会	104.075920	31.224431	0	30	72	村庄
510623216203	西泉村村委会	105.009420	30.536179	0	30	58	村庄
510623102215	五里村村委会	104.782193	31.022504	1	80	100	政府机构
510683101202	广和村村民委员会	104.183230	31.370380	0	30	72	村庄
510623203001	建设社区居委会	104.573411	31.160051	0	25	70	村庄
510623206203	洞嘴村村委会	104.918124	30.897587	0	18	66	村庄
510683111202	三江村村民委员会	104.028370	31.380871	0	30	72	村庄
510623110228	八角庙村村委会	104.774808	30.898307	0	18	66	乡镇
510682113001	禾家场社区居民委员会	104.096965	31.128351	0	20	36	乡镇
510682116203	永安村村民委员会	104.028940	31.180441	0	30	72	村庄
510603006008	照桥社区居委会	104.390165	31.063157	0	18	40	乡镇
510682106203	镇江村村民委员会	104.221530	31.176800	0	30	72	村庄
510623123227	古石村村委会	104.873671	30.641902	0	18	66	乡镇
510682103001	李子园社区居民委员会	104.201869	31.104583	0	20	41	乡镇
510683112204	永宁村村民委员会	104.133500	31.272570	0	30	72	村庄
510604101220	万安村村民委员会	104.600030	31.275299	0	30	72	村庄
510623101213	苏家坝村村委会	104.720970	30.990085	0	25	70	乡镇
510683102204	醒师村村民委员会	104.169099	31.336750	0	25	47	乡镇
510604108001	第一居民委员会	104.508661	31.240803	0	20	67	乡镇
510603005018	千佛社区居委会	104.364488	31.096098	0	25	55	乡镇
510623112203	凉水村村委会	104.772230	30.843769	0	30	58	村庄
510603117202	英雄岭村村委会	104.492557	31.089161	1	80	100	政府机构
510623206215	白庙村村委会	104.924770	30.860311	0	30	58	村庄
510623107001	富民社区居委会	104.576093	31.092286	0	18	66	乡镇
510623102203	两河村村委会	104.783168	31.027559	0	18	66	乡镇
510683116210	洪拱村村民委员会	104.242960	31.249600	0	30	72	村庄
510623115207	碧池村村委会	104.764640	30.970499	0	30	58	村庄
510604107209	双石村村民委员会	104.654530	31.292519	0	30	72	村庄
510603110206	青山村村委会	104.531419	31.158894	1	80	100	政府机构
510683106210	凌法村村民委员会	104.186280	31.424089	0	30	72	村庄
510623100005	下南街社区居委会	104.678280	31.030810	1	80	100	政府机构
510623211211	店坪村村委会	104.718448	30.847532	0	20	67	村庄
510603105004	景福场镇居委会	104.284070	31.169129	1	80	100	政府机构
510682111207	雪门寺村村民委员会	104.021460	31.291521	0	30	72	村庄
510623116217	铜梁村村委会	104.918950	30.835130	0	30	58	村庄
510683100002	迎祥街社区居民委员会	104.203132	31.344413	0	30	51	乡镇
510623118209	槐垭村村委会	104.917180	30.780100	0	30	58	村庄
510623106217	石垭子村村委会	104.570283	31.024899	0	18	66	乡镇
510623212201	铁佛村村委会	104.872206	30.769203	0	20	67	村庄
510603201209	刁桥村村委会	104.450820	31.108181	0	30	58	村庄
510604102210	连沟村村民委员会	104.532470	31.426319	0	30	72	村庄
510623204208	桂花园村村委会	104.534694	30.956238	0	20	67	村庄
510623102223	石滚坝村村委会	104.737350	31.019640	0	30	58	村庄
510623214208	盘石村村委会	105.051263	30.567451	0	20	41	村庄
510682109210	杨寨村村民委员会	104.069630	31.076700	0	30	72	村庄
510603007005	镇江社区居委会	104.420843	31.160312	1	80	95	地产小区
510623120217	高垭村村委会	105.090777	30.674773	1	80	100	政府机构
510681105210	双柏村村民委员会	104.189130	30.926939	0	30	72	村庄
510681100012	中山社区居委会	104.283634	30.979308	0	30	72	乡镇
510603108211	富兴村村委会	104.365259	31.249612	0	20	67	乡镇
510623219206	古林村村委会	105.007524	30.770426	1	80	100	政府机构
510623207218	腰店村村委会	104.843263	30.737842	0	18	66	村庄
510623101233	灌顶村村委会	104.700070	30.965010	0	30	58	村庄
510623209206	五松村村委会	104.821890	30.883790	0	30	58	村庄
510623123207	犁辕沟村村委会	104.873671	30.641902	0	18	40	乡镇
510604106204	酒垭村村民委员会	104.444590	31.365211	0	30	72	村庄
510683109203	石团村村民委员会	104.121900	31.269129	0	30	72	村庄
510681102214	石门村村民委员会	104.461220	30.994810	0	30	72	村庄
510683119203	三合村村民委员会	104.265896	31.370384	0	18	49	乡镇
510623101008	太和社区居民委员会	104.720970	30.990085	0	25	47	乡镇
510603003011	东工苑社区居委会	104.388217	31.138025	1	80	100	政府机构
510623121001	场镇社区居委会	105.132629	30.679407	0	18	66	乡镇
510681101204	友谊村村民委员会	104.371400	30.938496	1	80	100	政府机构
510623109204	双流村村委会	104.566810	30.907460	0	30	58	村庄
510623119204	犁山沟村村委会	104.969069	30.688743	0	18	40	乡镇
510682120203	虎林村村民委员会	104.059310	31.179449	0	30	72	村庄
510623100025	荷花社区居委会	104.676339	31.031732	0	30	72	乡镇
510603100226	富新村村委会	104.378341	31.213926	1	80	100	政府机构
510603005203	东升村村委会	104.375664	31.089102	1	80	100	政府机构
510683124204	圆包村村民委员会	104.112310	31.538079	0	30	72	村庄
510681112202	国防村村民委员会	104.342960	30.953450	0	30	72	村庄
510682001016	北外社区居民委员会	104.181532	31.132257	1	80	94	政府机构
510681102202	清河村村民委员会	104.400420	30.975830	0	30	72	村庄
510604106212	双堰村村民委员会	104.489950	31.391120	0	30	72	村庄
510623124215	明堰村村委会	104.923370	30.718091	0	30	58	村庄
510603003007	永兴社区居委会	104.402235	31.173058	0	25	70	乡镇
510603100230	长平村村委会	104.426268	31.249789	0	18	66	乡镇
510623119212	泉湾村村委会	104.969069	30.688743	0	18	66	乡镇
510623109212	五里坝村村委会	104.598410	30.874839	0	30	58	村庄
510681101212	常乐村村民委员会	104.324110	30.916800	0	30	72	村庄
510623127205	连山村村委会	104.686043	31.108798	0	30	58	村庄
510681108208	广东村村民委员会	104.257040	30.933181	0	30	72	村庄
510681106216	石桥林村村民委员会	104.290770	31.070049	0	30	72	村庄
510623110208	天堂村村委会	104.774808	30.898307	0	18	66	乡镇
510682119206	楠木村村民委员会	104.001160	31.284610	0	30	72	村庄
510623120201	天池村村委会	105.081944	30.727716	1	80	100	政府机构
510623130201	槐树店村村委会	104.670030	30.986870	0	30	58	村庄
510682109206	欢喜村村民委员会	104.077290	31.069850	0	30	72	村庄
510681115206	新开村村民委员会	104.240530	31.009529	0	30	72	村庄
510623101225	南坝村村委会	104.687450	31.009011	0	30	58	村庄
510623103218	红专村村委会	104.763377	31.108308	0	18	66	乡镇
510623219210	群贵村村委会	104.982720	30.797871	0	30	58	村庄
510681100004	学府社区居委会	104.283634	30.979308	0	30	72	乡镇
510604101216	景福村村民委员会	104.575760	31.229510	0	30	72	村庄
510681105206	胜利村村民委员会	104.219760	30.909950	0	30	72	村庄
510623123211	小金村村委会	104.873671	30.641902	0	18	66	乡镇
510603004003	春锦社区居委会	104.416733	31.120234	1	80	100	政府机构
510603001016	文庙社区居委会	104.393408	31.135964	0	30	72	乡镇
510623108213	中兴村村委会	104.659327	30.935948	1	80	100	政府机构
510604101001	云岭社区居民委员会	104.566699	31.258443	0	18	40	乡镇
510623104230	清福村村委会	104.697730	31.150150	0	30	58	村庄
510623118213	马安村村委会	104.958167	30.780854	1	80	100	政府机构
510603002006	蒲东社区居委会	104.386060	31.124391	0	30	58	道路
510623221202	新建村村委会	104.626910	30.949931	0	30	58	村庄
510683123001	绵江社区居民委员会	104.299138	31.403999	0	20	41	乡镇
510681103203	一龙桥村村民委员会	104.227550	31.047079	0	30	72	村庄
510603201008	双拥路社区居委会	104.431470	31.133650	0	40	77	道路
510681106001	社区居民委员会	104.322495	31.052479	0	18	49	乡镇
510623117220	郪城村村委会	105.067450	30.654249	0	30	58	村庄
510681116001	场镇居民委员会	104.261906	31.014297	0	25	47	乡镇
510623107220	朝阳村村委会	104.547470	31.080650	0	30	58	村庄
510681113203	果园村村民委员会	104.447450	30.968191	0	30	72	村庄
510623132210	河东村村委会	104.692540	31.053180	0	30	58	村庄
510603005002	松花江路社区居委会	104.372221	31.099536	1	80	100	政府机构
510623122210	群利村村委会	105.025615	30.736962	0	18	66	乡镇
510682105209	家灵村村民委员会	104.059841	31.234521	0	18	40	乡镇
510681104207	回龙村村民委员会	104.207930	30.992341	0	30	72	村庄
510623218211	大桥村村委会	104.960870	30.827209	0	25	70	村庄
510681114207	白云村村民委员会	104.344130	30.994089	0	30	72	村庄
510623102219	会元村村委会	104.782017	30.998355	1	80	100	政府机构
510682120002	盐市街社区居民委员会	104.051777	31.159570	0	18	40	乡镇
510682108207	复兴村村民委员会	104.175410	31.320559	1	80	100	政府机构
510603006012	隆圣社区居委会	104.390165	31.063157	0	18	40	乡镇
510604103207	联丰村村民委员会	104.430810	31.330500	0	30	72	村庄
510623111209	金竹村村委会	104.887560	30.879659	0	30	58	村庄
510604113207	凤雏村村民委员会	104.478100	31.291259	0	30	72	村庄
510683119002	荣华社区居民委员会	104.265896	31.370384	0	18	40	乡镇
510623101209	五块碑村村委会	104.720970	30.990085	0	25	70	乡镇
510623122206	转龙村村委会	105.025615	30.736962	0	18	66	乡镇
510603005014	西河路社区居委会	104.371989	31.112139	1	80	100	政府机构
510623132206	牟公村村委会	104.723209	31.033352	1	80	100	政府机构
510623208207	曙光村村委会	104.698060	30.866100	0	30	58	村庄
510681200207	云盘村村民委员会	104.305470	30.995320	0	30	72	村庄
510623206219	金湾村村委会	104.918124	30.897587	0	18	66	村庄
510623218207	黄谷村村委会	104.954311	30.850276	1	80	100	政府机构
510681104211	义安村村民委员会	104.193280	30.964200	0	30	72	村庄
510623121216	东升村村委会	105.088060	30.662500	0	30	58	村庄
510683122201	五方村村民委员会	104.322460	31.342721	0	30	72	村庄
510603006004	柳风社区居委会	104.390165	31.063157	0	18	66	乡镇
510604103211	松花村村民委员会	104.417730	31.363069	0	30	72	村庄
510681107201	金角村村民委员会	104.312040	31.098740	0	30	72	村庄
510623118205	香山村村委会	104.944125	30.762004	0	18	66	乡镇
510623104226	富平村村委会	104.686941	31.207228	1	80	100	政府机构
510623108205	联丰村村委会	104.644259	30.928425	0	18	66	乡镇
510623125202	花明村村委会	104.955239	30.631570	0	18	66	乡镇
510603002010	桃园社区居委会	104.386060	31.124391	0	30	72	道路
510623100009	大西街社区居委会	104.675250	31.038680	1	80	100	政府机构
510604107205	金铃村村民委员会	104.634120	31.298160	0	30	72	村庄
510623117236	响滩村村委会	104.842785	30.777092	1	80	100	政府机构
510683108202	祥柳村村民委员会	104.240900	31.432769	0	30	72	村庄
510623125203	马桥村村委会	104.964650	30.607919	0	30	58	村庄
510623120001	迎宾路社区居委会	105.083843	30.711307	0	18	66	乡镇
510623130001	槐安社区居委会	104.662659	30.973694	0	25	70	乡镇
510623100008	小西街社区居委会	104.673179	31.038532	1	80	100	政府机构
510623117237	园山村村委会	105.023440	30.627630	0	30	58	村庄
510604107204	老君村村民委员会	104.630250	31.280501	0	30	72	村庄
510683108203	高柏村村民委员会	104.248100	31.453100	0	30	72	村庄
510603001001	文昌社区居委会	104.396167	31.143531	1	80	100	政府机构
510623118204	红岭村村委会	104.938357	30.755793	1	80	100	政府机构
510623104227	石狮村村委会	104.665540	31.165153	0	18	66	乡镇
510623108204	飞凤村村委会	104.644259	30.928425	0	18	66	乡镇
510623121217	高瑶村村委会	105.109950	30.680331	0	30	58	村庄
510603006005	梨园社区居委会	104.390165	31.063157	0	18	49	乡镇
510604113210	二酉村村民委员会	104.476130	31.322049	0	30	72	村庄
510623122207	宝莲村村委会	104.993220	30.732410	0	30	58	村庄
510603005015	祁连山路社区居委会	104.364190	31.060530	0	40	77	道路
510623132207	玉桥村村委会	104.734790	31.038270	0	30	58	村庄
510623208206	芦茅沟村村委会	104.698200	30.890301	0	25	70	村庄
510681200206	桅杆村村民委员会	104.273640	30.992750	0	30	72	村庄
510623206218	关塘村村委会	104.960690	30.876659	0	30	58	村庄
510623218206	前进村村委会	104.960870	30.827209	0	25	70	村庄
510681104210	仁寿村村民委员会	104.211300	30.950440	0	30	72	村庄
510682108206	马祖村村民委员会	104.118908	31.188144	0	30	72	村庄
510623124003	积金镇社区居委会	104.906311	30.707860	0	20	67	乡镇
510682118206	峡马口村村民委员会	103.985820	31.355619	0	30	72	村庄
510623121201	团坝村村委会	105.120886	30.681343	1	80	100	政府机构
510623111208	大力村村委会	104.854970	30.907460	0	25	70	乡镇
510604103206	锦屏村村民委员会	104.418160	31.321039	0	30	72	村庄
510623101208	严家湾村村委会	104.636870	31.022730	0	30	58	村庄
510604113206	三叉河村村民委员会	104.423920	31.307689	0	30	72	村庄
510681109208	寨子村村民委员会	104.293010	31.084249	0	30	72	村庄
510603104209	和平村村委会	104.378195	31.173794	1	80	100	政府机构
510623122211	九曲村村委会	105.058560	30.766350	0	30	58	村庄
510682105208	李冰村村民委员会	104.059841	31.234521	0	18	49	乡镇
510681104206	真武村村民委员会	104.208380	31.000851	0	30	72	村庄
510623218210	唐湾村村委会	104.960870	30.827209	0	25	70	村庄
510681114206	月湾村村民委员会	104.351440	31.013289	0	30	72	村庄
510682120003	回龙街社区居民委员会	104.171477	31.126679	1	80	100	政府机构
510623102218	宝严村村委会	104.776977	31.004731	1	80	100	政府机构
510623208210	藕塘村村委会	104.726420	30.896779	0	30	58	村庄
510623221203	平桥村村委会	104.626490	30.971600	0	30	58	村庄
510623125215	堰湾村村委会	104.955239	30.631570	0	18	66	乡镇
510603201009	林家湾社区居委会	104.469100	31.139249	0	30	72	村庄
510681103202	金九村村民委员会	104.228360	31.037019	0	30	72	村庄
510623117221	宝塔村村委会	104.679000	31.033100	0	14	46	区县
510623107221	建兴村村委会	104.527850	31.090249	0	30	58	村庄
510681113202	桔苹村村民委员会	104.429460	30.968390	0	30	72	村庄
510623108212	柳林村村委会	104.633441	30.904855	1	80	100	政府机构
510604104202	华兴村村民委员会	104.574040	31.318610	0	30	72	村庄
510623118212	松树村村委会	104.944125	30.762004	0	18	66	乡镇
510623103219	苕坡村村委会	104.760360	31.123570	0	30	58	村庄
510623101224	黎明村村委会	104.720970	30.990085	0	25	70	乡镇
510623219211	银水村村委会	105.004143	30.777887	0	20	67	村庄
510604101217	大垭村村民委员会	104.562410	31.241521	0	30	72	村庄
510681100005	金雁社区居委会	104.283634	30.979308	0	30	72	乡镇
510681105207	丰收村村民委员会	104.210900	30.907050	0	30	72	村庄
510623123210	腊树村村委会	104.873671	30.641902	0	18	66	乡镇
510603004002	东山社区居委会	104.411753	31.118643	0	30	72	乡镇
510681202201	金谷村村民委员会	104.250030	30.976830	0	30	72	村庄
510681108209	连江村村民委员会	104.267480	30.913771	1	80	100	政府机构
510623110209	金鱼村村委会	104.805640	30.874451	0	30	58	村庄
510604102207	吴家陵村村民委员会	104.506260	31.399411	0	30	72	村庄
510682119207	天桥村村民委员会	103.935910	31.256349	0	30	72	村庄
510682109207	新建村村民委员会	104.044980	31.098189	0	30	72	村庄
510623119213	柳叶村村委会	104.969069	30.688743	0	18	66	乡镇
510623109213	双堰村村委会	104.569860	30.874131	0	30	58	村庄
510604100001	景乐社区居民委员会	104.515570	31.302990	1	70	88	地产小区
510623127204	龙金村村委会	104.666990	31.100973	0	20	67	乡镇
510681112203	永和村村民委员会	104.316680	30.970551	0	30	72	村庄
510681102203	川江村村民委员会	104.392531	30.959639	1	80	97	政府机构
510682001017	西外社区居民委员会	104.181532	31.132257	1	80	94	政府机构
510623116220	新天村村委会	104.879625	30.819197	0	18	66	乡镇
510681107001	场镇居民委员会	104.267316	31.119157	0	20	41	乡镇
510683122001	圣宫社区居民委员会	104.303465	31.334700	0	20	41	乡镇
510623124214	先锋村村委会	104.906311	30.707860	0	20	67	乡镇
510681101205	高原村村民委员会	104.354090	30.939099	0	30	72	村庄
510623109205	舒坝村村委会	104.575370	30.887650	0	30	58	村庄
510623119205	五福村村委会	104.969069	30.688743	0	18	66	乡镇
510682120202	清泉村村民委员会	104.059287	31.158650	0	30	72	村庄
510603100227	泰康村村委会	104.475740	31.213029	1	80	100	政府机构
510683124205	湔沟村村民委员会	104.097970	31.520240	0	30	72	村庄
510623127212	金马村村委会	104.666990	31.100973	0	20	41	乡镇
510604106205	花龙村村民委员会	104.462340	31.362190	0	30	72	村庄
510682001001	亭江西路社区居民委员会	104.181532	31.132257	1	80	94	政府机构
510683109202	长白村村民委员会	104.123650	31.287280	0	30	72	村庄
510681102215	龙泉村村民委员会	104.423880	30.989520	0	30	72	村庄
510683119202	杜矛村村民委员会	104.265896	31.370384	0	18	66	乡镇
510623101009	南渡社区居民委员会	104.720970	30.990085	0	25	47	乡镇
510681105211	团柏村村民委员会	104.175240	30.918939	0	30	72	村庄
510681100013	柳州路社区居委会	104.275649	30.974607	0	50	82	道路
510604101201	高峰村村民委员会	104.573430	31.290910	0	30	72	村庄
510623219207	青林村村委会	105.004143	30.777887	0	20	67	村庄
510603108210	龙泉村村委会	104.364830	31.213329	0	30	58	村庄
510623101232	双石村村委会	104.710748	30.976862	1	80	100	政府机构
510623209207	万坡村村委会	104.840644	30.864896	0	25	70	村庄
510623123206	观音沟村村委会	104.873671	30.641902	0	18	66	乡镇
510604102211	安家村村民委员会	104.546010	31.413969	0	30	72	村庄
510681106201	柳林村村民委员会	104.341300	31.066770	0	30	72	村庄
510681116201	建新村村民委员会	104.278990	31.042180	0	30	72	地产小区
510623102222	观音岩村村委会	104.783168	31.027559	0	18	66	乡镇
510623214209	谭受村村委会	105.033985	30.578639	1	80	100	政府机构
510603007004	石桥社区居委会	104.417810	31.153664	1	80	100	政府机构
510683123201	广西村村民委员会	104.313090	31.416810	0	30	72	村庄
510682111206	石门村村民委员会	103.940020	31.312779	0	30	72	村庄
510603003030	太行山路社区居委会	104.402235	31.173058	0	25	55	乡镇
510623116216	高石村村委会	104.911995	30.815953	1	80	100	政府机构
510683115201	金兰村村民委员会	104.188890	31.252000	0	30	72	村庄
510683105201	文凤村村民委员会	104.129979	31.365833	0	30	72	村庄
510683100003	仿古街社区居民委员会	104.200050	31.347351	0	40	65	道路
510623118208	文林村村委会	104.944125	30.762004	0	18	66	乡镇
510623106216	白梁村村委会	104.615851	31.040860	1	80	100	政府机构
510683116211	毫照村村民委员会	104.279180	31.277210	0	30	72	村庄
510604107208	白善村村民委员会	104.663219	31.296218	0	30	72	村庄
510623115206	春燕村村委会	104.763890	30.965249	0	30	58	村庄
510603110207	中兴村村委会	104.485921	31.195703	1	80	100	政府机构
510623201210	长安村村委会	104.608596	31.204489	0	20	67	村庄
510623105206	五龙村村委会	104.726989	31.236877	1	80	100	政府机构
510683106211	香山村村民委员会	104.196120	31.433587	0	30	72	村庄
510623100004	公园街社区居委会	104.679350	31.034081	0	50	82	道路
510603100207	胜华村村委会	104.428395	31.275182	1	80	100	政府机构
510623211210	同心村村委会	104.678335	30.834807	1	80	100	政府机构
510603005019	东升社区居委会	104.364488	31.096098	0	25	70	乡镇
510682105212	五堰村村民委员会	104.129410	31.201800	0	30	72	村庄
510623112202	凤凰村村委会	104.790230	30.840300	0	30	58	村庄
510623206214	观井村村委会	104.907330	30.877000	0	30	58	村庄
510603117203	长寿村村委会	104.437550	31.041510	0	30	58	村庄
510623102202	新站村村委会	104.756253	31.024261	1	80	100	政府机构
510603107203	丰城村村委会	104.309765	31.188904	1	80	100	政府机构
510682116202	龙泉村村民委员会	104.006060	31.193310	0	30	72	村庄
510603006009	福家社区居委会	104.390165	31.063157	0	18	40	乡镇
510682106202	三圣村村民委员会	104.206052	31.147980	0	30	72	村庄
510623123226	富安村村委会	104.873671	30.641902	0	18	66	乡镇
510683112205	曙光村村民委员会	104.145195	31.260304	0	30	72	村庄
510604101221	灯盏村村民委员会	104.583190	31.254560	0	30	72	村庄
510623101212	涌泉村村委会	104.652988	31.065023	1	80	100	政府机构
510683102205	涌泉村村民委员会	104.184680	31.340990	0	30	72	村庄
510682105204	银池村村民委员会	104.086200	31.215451	0	30	72	村庄
510623216202	庙沟村村委会	104.989357	30.560879	0	20	67	村庄
510623102214	旺沟村村委会	104.788460	31.034650	0	30	58	村庄
510683104001	灵官楼社区居民委员会	104.221000	31.337900	0	14	29	区县
510683101203	天齐村村民委员会	104.197880	31.369321	0	30	72	村庄
510623206202	石河村村委会	104.918124	30.897587	0	18	66	村庄
510683111203	玄郎村村民委员会	104.120990	31.382609	0	30	72	村庄
510623112214	驷马垭村村委会	104.811600	30.827550	0	30	58	村庄
510603008001	天虹路社区居委会	104.334717	31.127984	1	80	100	政府机构
510681109204	毗庐村村民委员会	104.241580	31.106679	0	30	72	村庄
510623111204	凉井村村委会	104.854970	30.907460	0	25	70	乡镇
510681119204	白里村村民委员会	104.179580	31.052799	0	30	72	村庄
510603003026	牛耳铺社区居委会	104.402235	31.173058	0	25	55	乡镇
510603103201	南桂村村委会	104.323827	31.300322	1	80	100	政府机构
510683201201	歇马庙村村民委员会	104.093201	31.487839	0	30	72	村庄
510603100211	双原村村委会	104.408230	31.222989	1	80	100	政府机构
510623100012	朝阳北路社区居委会	104.676339	31.031732	0	30	58	乡镇
510683106207	新开村村民委员会	104.152470	31.408801	0	30	72	村庄
510623105210	石福村村委会	104.681890	31.244031	0	30	58	村庄
510603110211	翻身村村委会	104.458579	31.161908	1	80	100	政府机构
510623201206	花岩村村委会	104.597670	31.210859	0	30	58	村庄
510623115210	泉塘村村委会	104.773193	30.952606	1	80	100	政府机构
510683116207	斗峰村村民委员会	104.242250	31.235899	0	30	72	村庄
510623110205	青竹村村委会	104.774808	30.898307	0	18	66	乡镇
510603201212	新沟村村委会	104.443107	31.106135	1	80	100	政府机构
510681108205	卡房村村民委员会	104.228640	30.939669	0	30	72	村庄
510623214213	保和村村委会	105.052020	30.581170	0	30	58	村庄
510683110202	新和村村民委员会	104.074360	31.253870	0	30	72	村庄
510623113215	大石村村委会	104.734010	30.961450	0	30	58	村庄
510681100009	火车站社区居委会	104.264487	30.979613	1	80	100	政府机构
510623207203	玉桂村村委会	104.843263	30.737842	0	18	66	村庄
510623101228	高石碑村村委会	104.722060	31.001219	0	30	58	村庄
510623103215	建民村村委会	104.773770	31.126149	0	30	58	村庄
510623212001	正新社区居委会	104.872206	30.769203	0	20	50	村庄
510623114211	金狮村村委会	104.784771	30.770926	0	18	66	乡镇
510603111210	桂花村村委会	104.259273	31.126123	1	80	100	政府机构
510623200207	西城村村委会	104.507922	30.999558	0	18	66	村庄
510603100401	德阳监狱社区居委会	104.426268	31.249789	0	18	66	乡镇
510623104211	县主村村委会	104.693970	31.127210	0	30	58	村庄
510683102004	场镇居民委员会	104.169099	31.336750	0	25	47	乡镇
510604108201	合圣村村民委员会	104.519310	31.250320	0	30	72	村庄
510623210207	七郎村村委会	104.731153	30.780091	1	80	100	政府机构
510682113201	和兴村村民委员会	104.089430	31.138800	0	30	72	村庄
510623124218	黄金村村委会	104.909929	30.703941	1	80	100	政府机构
510682103201	玉皇村村民委员会	104.210650	31.105751	0	30	72	村庄
510623117201	飞乌村村委会	104.679000	31.033100	0	14	46	区县
510623107201	富强村村委会	104.593120	31.090769	0	30	58	村庄
510603101206	涌泉村村委会	104.280270	31.247561	0	40	72	乡镇
510623118224	金钢村村委会	104.944125	30.762004	0	18	40	乡镇
510623104207	迎丰村村委会	104.656699	31.136552	1	80	100	政府机构
510623200211	龙桥村村委会	104.499265	31.018453	1	80	100	政府机构
510683106401	天池煤矿居民委员会	104.128810	31.470749	0	30	51	村庄
510604106209	百花村村民委员会	104.492019	31.353303	0	30	72	村庄
510623114207	稻子村村委会	104.803300	30.759321	0	30	58	村庄
510623108224	长梁村村委会	104.694070	30.932490	0	30	58	村庄
510623107217	天桥村村委会	104.624680	31.126131	0	30	58	村庄
510683101002	第二居民委员会	104.219556	31.352064	0	18	40	乡镇
510623119209	双井村村委会	104.990041	30.658466	1	80	100	政府机构
510623203201	太平村村委会	104.489649	31.240827	1	80	100	政府机构
510623109209	芦花村村委会	104.605681	30.877962	0	18	66	乡镇
510623117217	乾伟村村委会	105.076950	30.602949	0	30	58	村庄
510681101209	三城村村民委员会	104.331960	30.905350	0	30	72	村庄
510682105005	灵江小区社区居民委员会	104.127573	31.198647	0	60	80	地产小区
510682110207	菠萝村村民委员会	104.128190	31.066370	1	80	100	政府机构
510603105212	王谊村村委会	104.290750	31.182069	0	30	58	村庄
510623214205	杨家场村村委会	105.080980	30.576620	0	30	58	UNKNOWN
510683106006	青龙社区居民委员会	104.171033	31.452821	0	18	40	乡镇
510681108213	跃龙村村民委员会	104.304420	30.970400	0	30	72	村庄
510683103204	川木村村民委员会	104.221020	31.392180	0	30	72	村庄
510623204205	坭宾寺村村委会	104.558740	30.971431	0	30	58	村庄
510683113204	复兴村村民委员会	104.175410	31.320559	1	80	100	政府机构
510623110213	龙凤村村委会	104.452379	31.158094	1	80	100	政府机构
510682107203	青龙村村民委员会	104.165259	31.155019	1	80	97	政府机构
510603007008	新马路社区居委会	104.417000	31.142399	0	16	38	区县
510623132227	胜天村村委会	104.730851	31.106128	1	80	100	政府机构
510623117240	玉宇村村委会	105.002840	30.647190	0	30	58	村庄
510623106001	走马铺社区居委会	104.561170	31.018221	0	30	72	UNKNOWN
510623103203	河珠村村委会	104.741990	31.071391	0	30	58	村庄
510623207215	石榴村村委会	104.843263	30.737842	0	18	66	村庄
510623113203	旭光村村委会	104.745812	30.934929	0	18	66	乡镇
510623116001	兴华街社区居委会	104.879625	30.819197	0	18	49	乡镇
510623102225	石庙村村委会	104.811383	30.999722	1	80	100	政府机构
510681116206	阳关村村民委员会	104.261914	31.011130	0	30	72	村庄
510681108218	京皇村村民委员会	104.291641	30.942876	1	80	100	政府机构
510681106206	高槽村村民委员会	104.330790	31.032380	0	30	72	村庄
510623110218	双桂村村委会	104.760807	30.900407	1	80	100	政府机构
510623120211	金坪村村委会	105.083843	30.711307	0	18	66	乡镇
510623130211	严家坝村村委会	104.648870	30.972659	0	30	58	村庄
510603007003	黄河路社区居委会	104.401700	31.145330	0	30	72	道路
510603002201	红雨村村委会	104.386060	31.124391	0	30	58	道路
510623101235	天元村村委会	104.742137	30.989917	1	80	100	政府机构
510623113208	囤粮村村委会	104.746560	30.942431	0	30	58	村庄
510681100014	西城路居社区居委会	104.283634	30.979308	0	30	58	乡镇
510623123201	正沟村村委会	104.873671	30.641902	0	18	66	乡镇
510683119205	上庵村村民委员会	104.270250	31.389071	0	30	72	村庄
510683109205	天宝村村民委员会	104.065310	31.291329	0	30	72	村庄
510681102212	涌泉村村民委员会	104.424770	31.006480	0	30	72	村庄
510682001006	蓥峰南路社区居民委员会	104.181532	31.132257	1	80	95	政府机构
510604106202	临江村村民委员会	104.452230	31.373240	0	30	72	村庄
510623124205	流水村村委会	104.906311	30.707860	0	20	67	乡镇
510603003017	新河街社区居委会	104.397294	31.156651	0	50	82	道路
510682120205	慈山村村民委员会	104.038210	31.130980	0	30	72	村庄
510623100023	南塔社区居委会	104.676339	31.031732	0	30	72	乡镇
510623119202	丰登村村委会	104.969069	30.688743	0	18	66	乡镇
510604100010	狮丰社区居民委员会	104.522350	31.290680	1	80	92	地产小区
510681101202	石观村村民委员会	104.320040	30.939410	0	30	72	村庄
510603110220	凉水村村委会	104.509951	31.211425	1	80	100	政府机构
510683124202	院通村村民委员会	104.117120	31.534719	0	30	72	村庄
510682001010	东顺城街社区居民委员会	104.181532	31.132257	1	80	95	政府机构
510681102204	石梯村村民委员会	104.392810	30.983510	0	30	72	村庄
510681112204	安平村村民委员会	104.347786	30.967876	1	80	100	政府机构
510603003001	淮河街社区居委会	104.400757	31.147460	1	80	100	政府机构
510623124213	天关村村委会	104.915150	30.731330	0	30	58	村庄
510604100006	奎星阁社区居民委员会	104.508020	31.299601	0	25	55	UNKNOWN
510604105204	龙王村村民委员会	104.632600	31.322020	0	30	72	村庄
510623109214	铜矿村村委会	104.651201	30.876144	1	80	100	政府机构
510623119214	青杠村村委会	104.969069	30.688743	0	18	66	乡镇
510682120213	九里埂村村民委员会	104.027388	31.156626	0	30	72	村庄
510623132001	浩淼社区居民委员会	104.704150	31.076024	0	18	40	乡镇
510623122001	利民社区居委会	105.025615	30.736962	0	18	66	乡镇
510623127203	雷鸣村村委会	104.666990	31.100973	0	20	67	乡镇
510681106210	新光村村民委员会	104.295930	31.024279	0	30	72	村庄
510604107002	罗汉场社区居民委员会	104.641925	31.272482	0	18	40	乡镇
510681202206	金山村村民委员会	104.245960	30.991099	0	30	72	村庄
510623130207	洪波村村委会	104.662659	30.973694	0	25	70	乡镇
510623120207	登峰村村委会	105.083843	30.711307	0	18	66	乡镇
510623207208	百安村村委会	104.843263	30.737842	0	18	66	村庄
510623108002	中兴场镇社区居委会	104.644259	30.928425	0	18	40	乡镇
510681100002	南昌路社区居委会	104.295267	30.966913	0	30	72	道路
510604101210	拦河村村民委员会	104.618440	31.291321	0	30	72	村庄
510623101223	民主村村委会	104.710250	31.005199	0	30	58	村庄
510623118002	宝峰街社区居委会	104.928929	30.756871	0	40	77	道路
510603004005	龙井社区居委会	104.417843	31.113429	1	80	100	政府机构
510623123217	天星村村委会	104.836629	30.595012	1	80	100	政府机构
510603005403	金鑫公司社区居委会	104.372685	31.089311	1	80	97	UNKNOWN
510603001010	西小区社区居委会	104.385090	31.130521	1	80	100	政府机构
510623209001	弘扬社区居委会	104.840644	30.864896	0	25	55	村庄
510623108215	文堂村村委会	104.644259	30.928425	0	18	66	乡镇
510623219001	兴石社区居委会	105.004143	30.777887	0	20	67	村庄
510603007202	大地村村委会	104.417000	31.142399	0	16	33	区县
510623221204	松柏村村委会	104.623413	30.983693	1	80	100	政府机构
510681113205	滴水村村民委员会	104.497460	30.938181	0	30	72	村庄
510623107226	红星村村委会	104.535895	31.045136	1	80	100	政府机构
510623117226	大栗山村村委会	105.108749	30.623787	0	30	58	村庄
510604107215	天鹅村村民委员会	104.614090	31.268400	0	30	72	村庄
510681103205	双石村村民委员会	104.208240	31.063250	0	30	72	村庄
510683121201	圣寿村村民委员会	104.274250	31.315740	0	30	72	村庄
510623122216	鱼井村村委会	105.029160	30.740910	0	30	58	村庄
510623132216	迎泉村村委会	104.688310	31.073551	0	30	58	村庄
510603005004	金江街社区居委会	104.381450	31.092430	0	50	82	道路
510683101208	双胜村村民委员会	104.237850	31.318289	0	30	72	村庄
510681108222	灵泉村村民委员会	104.299510	30.916989	0	30	72	村庄
510681114201	鹄鸣村村民委员会	104.374120	31.045460	0	30	72	村庄
510623216209	跳蹬村村委会	105.005770	30.576850	1	80	100	政府机构
510681104201	南兴村村民委员会	104.193950	30.953550	0	30	72	村庄
510623109003	兴安社区居民委员会	104.605681	30.877962	0	18	40	乡镇
510623110222	稻花村村委会	104.774808	30.898307	0	18	66	乡镇
510623206209	柏树村村委会	104.918781	30.909839	1	80	100	政府机构
510623121206	静安村村委会	105.159243	30.680203	1	80	100	政府机构
510682118201	柿子坪村村民委员会	104.025460	31.356820	0	30	72	村庄
510682108201	静安村村民委员会	104.139850	31.150355	0	30	72	村庄
510604103201	文明村村民委员会	104.403920	31.335550	0	30	72	村庄
510603005012	华山路社区居委会	104.364775	31.106038	1	80	100	政府机构
510623218201	通山村村委会	104.957600	30.828959	0	30	58	村庄
510682002201	义桥村村民委员会	104.155515	31.131672	1	80	97	政府机构
510623112209	彭家沟村村委会	104.791602	30.823113	0	18	66	乡镇
510681104217	白果村村民委员会	104.185430	31.000700	0	30	72	村庄
510681200201	炳灵村村民委员会	104.294760	30.990369	0	30	72	村庄
510623208201	清河村村委会	104.701990	30.885500	0	30	58	村庄
510603107208	青花村村委会	104.326361	31.162630	1	80	100	政府机构
510623102209	仁义村村委会	104.783168	31.027559	0	18	66	乡镇
510603006002	柳沙居委会	104.386845	31.073974	1	80	100	政府机构
510682116209	下院村村民委员会	104.022620	31.224350	0	30	72	村庄
510683122207	红社村村民委员会	104.321240	31.307800	0	30	72	村庄
510623121210	新星村村委会	105.141340	30.695409	0	30	58	村庄
510681107207	金安村村民委员会	104.283920	31.116410	0	30	72	村庄
510623111219	松湾村村委会	104.854970	30.907460	0	25	70	乡镇
510604103217	高玉村村民委员会	104.369560	31.354400	0	30	72	村庄
510623101219	五里坡村村委会	104.720970	30.990085	0	25	70	乡镇
510603001006	堰塘坝社区居委会	104.390218	31.136583	0	30	72	村庄
510681105001	镇社区居委会	104.223660	30.905599	0	25	55	乡镇
510623108203	永远村村委会	104.618145	30.924476	1	80	100	政府机构
510683100008	回澜社区居民委员会	104.203132	31.344413	0	30	51	乡镇
510623118203	井湾村村委会	104.944125	30.762004	0	18	66	乡镇
510623104220	石羊村村委会	104.702080	31.207710	0	30	58	村庄
510681115001	场镇居民委员会	104.223319	31.014852	0	25	47	乡镇
510623221212	孟家营村村委会	104.615755	30.974071	1	80	100	政府机构
510603002016	怡安社区居委会	104.386060	31.124391	0	30	72	道路
510682109001	场镇社区居民委员会	104.082337	31.088295	0	20	41	乡镇
510623125204	月亮村村委会	104.955239	30.631570	0	18	66	乡镇
510682119001	场镇社区居民委员会	103.965682	31.249042	0	18	40	乡镇
510683108204	红旗村村民委员会	104.276630	31.443620	0	30	72	村庄
510604102001	家和社区居民委员会	104.539856	31.386206	0	18	40	乡镇
510623117230	骑龙店村村委会	105.093259	30.621647	1	80	100	政府机构
510623207212	三圣村村委会	104.814560	30.709780	0	30	58	村庄
510681100018	北京社区居民委员会	104.283634	30.979308	0	30	51	乡镇
510623113204	团山村村委会	104.741080	30.915991	0	30	58	村庄
510623103204	圣寿村村委会	104.743350	31.083940	0	30	58	村庄
510623204202	西眉山村村委会	104.546170	30.940909	0	30	58	村庄
510623110214	万荣村村委会	104.756831	30.892037	1	80	100	政府机构
510683116001	兴隆社区居民委员会	104.232179	31.270600	0	18	40	乡镇
510683113203	兴隆村村民委员会	104.158200	31.314550	0	30	72	村庄
510623214202	土寨村村委会	105.072470	30.561669	0	30	58	村庄
510681108214	大塘村村民委员会	104.296140	30.963449	0	30	72	村庄
510683103203	广灵村村民委员会	104.206110	31.406290	0	30	72	村庄
510683106001	集贤社区居民委员会	104.171033	31.452821	0	18	40	乡镇
510623102229	洪端寺村村委会	104.812600	31.012360	0	30	58	村庄
510623132220	响水村村委会	104.708180	31.104409	0	30	58	村庄
510682107204	万缘村村民委员会	104.158042	31.199556	0	30	72	村庄
510623203206	栖云村村委会	104.577660	31.139860	0	30	58	村庄
510623117210	人和寨村村委会	105.034202	30.647720	1	80	100	政府机构
510623107210	观碑村村委会	104.618928	31.069629	1	80	100	政府机构
510683101005	场镇居民委员会	104.219556	31.352064	0	18	40	乡镇
510682120209	思源村村民委员会	104.044720	31.151040	0	30	72	村庄
510682105002	柳河社区居民委员会	104.059841	31.234521	0	18	40	乡镇
510603111201	白河村村委会	104.546943	31.139382	1	80	100	政府机构
510623108223	黄姜寺村村委会	104.650760	30.945879	0	30	58	村庄
510683109209	民乐村村民委员会	104.136940	31.332570	0	30	72	村庄
510623111002	长安街社区居委会	104.854970	30.907460	0	25	70	乡镇
510683119209	玉石村村民委员会	104.283920	31.386150	0	30	72	村庄
510623101002	西江北路社区居委会	104.669037	31.039088	0	50	82	道路
510623118223	创新村村委会	104.959011	30.723270	1	80	100	政府机构
510604108210	太三村村民委员会	104.540680	31.222329	0	30	72	村庄
510682113210	星星村村民委员会	104.110240	31.116499	0	30	72	村庄
510623124209	石桥村村委会	104.867980	30.687241	0	30	58	村庄
510623107206	凤形村村委会	104.576093	31.092286	0	18	66	乡镇
510623117206	海棠村村委会	105.056260	30.620900	0	30	58	村庄
510623109218	龙河村村委会	104.640271	30.851767	1	80	100	政府机构
510604105208	黄荆村村民委员会	104.590737	31.342618	0	30	72	村庄
510604108206	海棠村村民委员会	104.525900	31.263519	0	30	72	村庄
510683400498	江苏工业园区虚拟社区	104.225865	31.300399	1	80	97	UNKNOWN
510623104216	长河村村委会	104.621650	31.150181	0	30	58	村庄
510683102003	第三居民委员会	104.169099	31.336750	0	25	70	乡镇
510681112208	双江村村民委员会	104.375170	30.968560	0	30	72	村庄
510681102208	锦花村村民委员会	104.398710	31.005520	0	30	72	村庄
510682103206	龙桥村村民委员会	104.185620	31.080690	0	30	72	村庄
510682113206	金桥村村民委员会	104.116770	31.116749	0	30	72	村庄
510623103212	道桩村村委会	104.727499	31.134300	1	80	100	政府机构
510623113212	青松村村委会	104.703740	30.953250	0	30	58	村庄
510683110205	祈祥村村民委员会	104.113510	31.251889	0	30	72	村庄
510623207204	金马村村委会	104.835680	30.708089	0	30	58	村庄
510623100202	荷花村村委会	104.676339	31.031732	0	30	72	乡镇
510681108202	西城村村民委员会	104.259826	30.959688	1	80	100	政府机构
510623214214	大码口村村委会	105.034344	30.582879	1	80	100	政府机构
510603100001	南华宫居委会	104.421005	31.240213	1	80	100	政府机构
510623110202	沼源村村委会	104.790757	30.891399	1	80	100	政府机构
510603110001	第一居委会	104.498644	31.174560	0	18	66	乡镇
510623221208	盘山村村委会	104.573570	30.933900	0	30	58	村庄
510623201201	青市村村委会	104.608596	31.204489	0	20	67	村庄
510603110216	钻石村村委会	104.498644	31.174560	0	18	66	乡镇
510604107219	苏桥村村民委员会	104.660380	31.256739	0	30	72	村庄
510623211201	果园村村委会	104.723030	30.848159	0	30	58	村庄
510603100216	绵河村村委会	104.416560	31.195109	0	30	58	村庄
510623105217	沙河村村委会	104.718250	31.254238	0	25	47	乡镇
510681113209	太阳村村民委员会	104.413160	30.945319	0	30	72	村庄
510603003021	金桥社区居委会	104.402235	31.173058	0	25	70	乡镇
510623108219	新民村村委会	104.688780	30.922080	0	30	58	村庄
510604104209	玉脑村村民委员会	104.545820	31.313509	0	30	72	村庄
510683115210	两河口村村民委员会	104.256020	31.186680	0	30	72	村庄
510683105210	棚花村村民委员会	104.123860	31.382229	0	30	72	村庄
510623106207	波园村村委会	104.557563	31.012447	1	80	100	政府机构
510683100012	茂泉社区居民委员会	104.203132	31.344413	0	30	51	乡镇
510623118219	祠堂村村委会	104.944125	30.762004	0	18	66	乡镇
510682116213	太乐村村民委员会	104.069900	31.212910	0	30	72	村庄
510603008006	东河社区居委会	104.417000	31.142399	0	16	33	区县
510681119203	金光村村民委员会	104.189180	31.061720	0	30	72	村庄
510623111203	红马村村委会	104.854970	30.907460	0	25	70	乡镇
510603104202	共和村村委会	104.375285	31.199816	1	80	100	政府机构
510623101203	上马村村委会	104.661020	31.030509	0	30	58	村庄
510681109203	东禅寺村村民委员会	104.232100	31.097769	0	30	72	村庄
510603005008	蒙南路社区居委会	104.417000	31.142399	0	16	38	区县
510682110001	万兴社区居民委员会	104.120490	31.058029	1	80	92	地产小区
510682105203	永兴村村民委员会	104.059841	31.234521	0	18	49	乡镇
510603117212	福兴村村委会	104.472224	31.067289	0	18	66	乡镇
510623206205	五堂村村委会	104.921690	30.939390	0	30	58	村庄
510623112213	黄坡店村村委会	104.822980	30.824550	0	30	58	村庄
510683111204	凤凰村村民委员会	104.084390	31.324101	0	30	72	村庄
510623216205	西阁村村委会	104.989357	30.560879	0	20	67	村庄
510683101204	赤竹村村民委员会	104.207260	31.371571	0	30	72	村庄
510623102213	上皇寺村村委会	104.788030	31.055969	0	30	58	村庄
510623123221	塘坊村村委会	104.848211	30.654865	1	80	100	政府机构
510682106205	和平村村民委员会	104.244320	31.152920	0	30	72	村庄
510682116205	双流村村民委员会	103.987410	31.210379	0	30	72	村庄
510683102202	图强村村民委员会	104.177680	31.355669	0	30	72	村庄
510623101215	高桥村村委会	104.624073	30.993759	1	80	100	政府机构
510623111215	先化村村委会	104.836200	30.926969	0	30	58	村庄
510683112202	玉江村村民委员会	104.135723	31.245013	0	20	50	乡镇
510623200001	古亭寺社区居民委员会	104.507922	30.999558	0	18	35	村庄
510623102205	万古村村委会	104.766329	31.048036	1	80	100	政府机构
510623112205	泉水村村委会	104.805830	30.833291	0	30	58	村庄
510623206213	玉溪村村委会	104.935829	30.880323	1	80	100	政府机构
510623125208	福寨村村委会	104.955239	30.631570	0	18	66	乡镇
510623100003	珠市街社区居委会	104.593470	31.122379	1	80	94	UNKNOWN
510681108003	花园居民委员会	104.267902	30.944556	0	18	66	乡镇
510623109222	兴青村村委会	104.680290	30.865531	0	30	58	村庄
510623115201	月耳井村村委会	104.790000	30.973750	0	30	58	村庄
510682101201	花桥村村民委员会	104.147358	31.123621	0	30	72	村庄
510682111201	高桥村村民委员会	104.018640	31.313501	0	30	72	村庄
510683100004	三星街社区居民委员会	104.197290	31.338691	0	50	73	道路
510623106211	天鹅村村委会	104.612085	31.267769	1	80	100	政府机构
510683105206	秦家坎村村民委员会	104.123680	31.342969	0	30	72	村庄
510623212207	旗山村村委会	104.892955	30.748800	1	80	100	政府机构
510683115206	打鱼院村村民委员会	104.255550	31.181381	0	30	72	村庄
510623116211	新高村村委会	104.879625	30.819197	0	18	66	乡镇
510683100005	大南路社区居民委员会	104.199560	31.331731	0	40	65	道路
510623106210	隆兴村村委会	104.590501	31.034724	1	80	100	政府机构
510683105207	马跪村村民委员会	104.102170	31.340120	0	30	72	村庄
510623212206	长城村村委会	104.872206	30.769203	0	20	67	村庄
510683115207	红豆村村民委员会	104.243360	31.183860	0	30	72	村庄
510623116210	严新村村委会	104.863370	30.808161	0	30	58	地产小区
510681108002	高店居民委员会	104.267902	30.944556	0	18	40	乡镇
510623109223	磨子桥村村委会	104.656650	30.881159	0	30	58	村庄
510623110002	正街社区居委会	104.774808	30.898307	0	18	66	乡镇
510603110201	青泉村村委会	104.501510	31.148981	0	30	58	村庄
510623102204	中皇寺村村委会	104.758330	31.049190	0	30	58	村庄
510623216212	五合村村委会	104.996145	30.549265	1	80	100	政府机构
510623112204	青龙村村委会	104.763779	30.854493	1	80	100	政府机构
510623206212	龙寨村村委会	104.943290	30.899579	0	30	58	村庄
510623123220	妙山村村委会	104.864510	30.617770	0	30	58	村庄
510682106204	龚林村村民委员会	104.223037	31.162862	0	30	72	村庄
510682116204	瓦店村村民委员会	104.043170	31.201410	0	30	72	村庄
510683102203	金隆村村民委员会	104.155780	31.335810	0	30	72	村庄
510623111214	黎家村村委会	104.841055	30.939653	1	80	100	政府机构
510683112203	龙兴村村民委员会	104.119563	31.262327	0	30	72	村庄
510682105202	南元村村民委员会	104.063470	31.240010	0	30	72	村庄
510623206204	红庙村村委会	104.937980	30.928280	0	30	58	村庄
510603117213	小河村村委会	104.472224	31.067289	0	18	66	乡镇
510623112212	老湾村村委会	104.791602	30.823113	0	18	66	乡镇
510604102221	千鱼欢村村民委员会	104.520720	31.357950	0	30	72	村庄
510683111205	吉祥村村民委员会	104.045300	31.308279	0	30	72	村庄
510623216204	水库村村委会	104.989357	30.560879	0	20	67	村庄
510683101205	天河村村民委员会	104.205440	31.352501	0	30	72	村庄
510623102212	竹林村村委会	104.791391	31.062005	1	80	100	政府机构
510682116212	中和村村民委员会	104.066520	31.209000	0	30	72	村庄
510603008007	白鹤社区居委会	104.417000	31.142399	0	16	33	区县
510603111001	镇居委会	104.524202	31.124234	0	20	67	乡镇
510681119202	文河村村民委员会	104.202370	31.050020	0	30	72	村庄
510623111202	凉亭村村委会	104.854970	30.907460	0	25	70	乡镇
510603101001	正阳街居委会	104.278749	31.242470	0	50	82	道路
510623101202	金银山村村委会	104.674480	31.018980	0	30	58	村庄
510681109202	双沙村村民委员会	104.250620	31.091840	0	30	72	村庄
510603003020	清水河社区居委会	104.402235	31.173058	0	25	70	乡镇
510623108218	张家沟村村委会	104.686015	30.913865	1	80	100	政府机构
510623116206	金房村村委会	104.872700	30.833890	0	30	58	村庄
510683115211	火石村村民委员会	104.232290	31.195879	0	30	72	村庄
510603103207	向阳村村委会	104.374451	31.300010	1	80	100	政府机构
510623106206	金鸡村村委会	104.544520	31.004820	0	30	58	村庄
510683100013	玉马社区居民委员会	104.203132	31.344413	0	30	51	乡镇
510623118218	方碑村村委会	104.949450	30.781179	0	30	58	村庄
510623221209	燕窝村村委会	104.604080	30.948190	0	25	70	村庄
510603110217	凯江村村委会	104.514566	31.325018	1	80	100	政府机构
510683116201	石桥滩村村民委员会	104.199050	31.275410	0	30	72	村庄
510681103208	双红村村民委员会	104.246850	31.068870	0	30	72	村庄
510623115216	新彭村村委会	104.801088	30.963988	0	20	67	乡镇
510623105216	思源村村委会	104.651687	31.205922	1	80	100	政府机构
510681113208	东广村村民委员会	104.422580	30.952079	0	30	72	村庄
510683106201	群新村村民委员会	104.208290	31.465601	0	30	72	地产小区
510681108203	古城村村民委员会	104.253327	30.946098	1	80	100	政府机构
510623214215	万家沟村村委会	105.051263	30.567451	0	20	67	村庄
510623115001	平安社区居民委员会	104.801088	30.963988	0	20	41	乡镇
510623110203	顺风村村委会	104.774808	30.898307	0	18	66	乡镇
510623103213	文桥村村委会	104.733559	31.156264	1	80	100	政府机构
510623113213	金钩村村委会	104.745812	30.934929	0	18	66	乡镇
510683110204	中新村村民委员会	104.084520	31.278190	0	30	72	地产小区
510623207205	彩虹村村委会	104.847000	30.731789	0	30	58	村庄
510682101001	城西社区居民委员会	104.146118	31.119035	0	25	47	乡镇
510682111001	场镇社区居民委员会	103.955499	31.309122	0	18	40	乡镇
510603004008	沱江社区居委会	104.405727	31.093328	1	80	100	政府机构
510623104217	小桥村村委会	104.626837	31.174523	1	80	100	政府机构
510683102002	第二居民委员会	104.169099	31.336750	0	25	47	乡镇
510604108207	印台村村民委员会	104.533100	31.258729	0	30	72	村庄
510603101216	民安村村委会	104.303189	31.239398	1	80	100	政府机构
510623210201	石笋村村委会	104.726584	30.794026	0	25	70	村庄
510681102209	沙堆村村民委员会	104.400310	31.016750	0	30	72	村庄
510623200201	正兴村村委会	104.507922	30.999558	0	18	66	村庄
510682103207	万丰村村民委员会	104.200050	31.141890	0	30	72	村庄
510682113207	瑞虹村村民委员会	104.072230	31.122380	0	30	72	村庄
510623107207	汉卿村村委会	104.553270	31.096470	0	30	58	村庄
510604105209	三井村村民委员会	104.590580	31.343249	0	30	72	村庄
510623117207	踏水桥村村委会	105.042650	30.612411	0	30	58	村庄
510623109219	柑园村村委会	104.661123	30.854530	1	80	100	政府机构
510623114201	三星村村委会	104.781620	30.734099	0	30	58	村庄
510623108222	响井村村委会	104.662100	30.924689	0	30	58	村庄
510683109208	林堰村村民委员会	104.146081	31.318400	1	80	97	政府机构
510603104002	联合社区居民居委会	104.371439	31.177094	0	20	41	乡镇
510683119208	永中村村民委员会	104.276410	31.368550	0	30	72	村庄
510623118222	长胜村村委会	104.956030	30.721969	0	30	58	村庄
510623104201	明星村村委会	104.672457	31.135861	1	80	100	政府机构
510682113211	团结村村民委员会	104.121310	31.139149	0	30	72	村庄
510623124208	灵活村村委会	104.906311	30.707860	0	20	67	乡镇
510623203207	建渠村村委会	104.566280	31.157860	0	30	58	村庄
510623117211	三合碑村村委会	105.017222	30.654804	1	80	100	政府机构
510604107222	金龙村村民委员会	104.696420	31.259900	0	30	72	村庄
510623107211	阳平村村委会	104.576093	31.092286	0	18	66	乡镇
510683101004	月亮社区居民委员会	104.219556	31.352064	0	18	40	乡镇
510682120208	大泉坑村村民委员会	104.095200	31.186510	0	30	72	村庄
510682110201	泰和村村民委员会	104.147380	31.069661	0	30	72	村庄
510682105003	尚家场社区居民委员会	104.088584	31.213239	1	80	95	休闲娱乐
510623204203	凉水井村村委会	104.515717	30.941761	1	80	100	政府机构
510623201001	青市乡社区居委会	104.608596	31.204489	0	20	67	村庄
510623110215	长岭村村委会	104.734453	30.905099	1	80	100	政府机构
510683113202	五星村村民委员会	104.142430	31.299381	0	30	72	村庄
510623211001	正街社区居委会	104.718448	30.847532	0	20	67	村庄
510623214203	柏杨村村委会	105.051263	30.567451	0	20	41	村庄
510681108215	马牧村村民委员会	104.283270	30.948779	0	30	72	村庄
510683103202	安仁村村民委员会	104.207970	31.424551	0	30	72	村庄
510623102228	红苗村村委会	104.791661	31.000117	1	80	100	政府机构
510623132221	洪沟村村委会	104.704150	31.076024	0	18	66	乡镇
510682107205	东林村村民委员会	104.149930	31.187131	0	30	72	村庄
510623207213	快活村村委会	104.843263	30.737842	0	18	66	村庄
510623113205	桃花店村村委会	104.756460	30.910760	0	30	58	村庄
510623103205	雪莲村村委会	104.731840	31.062820	0	30	58	村庄
510603002017	珠江西路社区居委会	104.393550	31.111410	0	40	77	道路
510623125205	白鹤村村委会	104.955239	30.631570	0	18	66	乡镇
510683108205	泉乐村村民委员会	104.262280	31.455620	0	30	72	村庄
510623117231	黄林村村委会	105.095650	30.600970	0	30	58	村庄
510604107202	天星村村民委员会	104.637410	31.266740	0	30	72	村庄
510603108001	场镇居委会	104.386892	31.171082	1	80	100	政府机构
510623108202	引泉村村委会	104.614080	30.923080	0	30	58	村庄
510623118202	金钱坡村村委会	104.935780	30.735900	0	30	58	村庄
510623104221	高坝村村委会	104.679740	31.177140	0	30	58	村庄
510682116208	五一村村民委员会	104.040110	31.212900	0	30	72	村庄
510683122206	双瓦村村民委员会	104.320850	31.314481	0	30	72	村庄
510623121211	宝山村村委会	105.117998	30.661317	1	80	100	政府机构
510681107206	马嘶村村民委员会	104.243700	31.124119	0	30	72	村庄
510604103216	齐心村村民委员会	104.367490	31.370670	0	30	72	村庄
510623111218	八梁村村委会	104.881410	30.918800	0	30	58	村庄
510603005013	海河路社区居委会	104.372550	31.116289	1	80	100	政府机构
510623132201	魁山村村委会	104.691310	31.039630	0	30	58	村庄
510623122201	联合村村委会	105.025615	30.736962	0	18	66	乡镇
510603117209	永兴村村委会	104.440881	31.052029	1	80	100	政府机构
510604100206	石龙村村民委员会	104.508530	31.275941	0	30	72	村庄
510681104216	盛和村村民委员会	104.165470	31.005550	0	30	72	村庄
510603107209	扬嘉村村委会	104.321545	31.178997	1	80	100	政府机构
510623102208	碉楼沟村村委会	104.751140	31.030191	0	30	58	村庄
510623121207	山川村村委会	105.132629	30.679407	0	18	66	乡镇
510623122217	狮桥村村委会	105.037640	30.737041	0	30	58	村庄
510623132217	坭金村村委会	104.724993	31.096335	1	80	100	政府机构
510681108223	狮象村村民委员会	104.288330	30.904959	0	30	72	村庄
510683101209	联合村村民委员会	104.225600	31.345189	0	30	72	村庄
510623119002	清泉社区居委会	104.969069	30.688743	0	18	66	乡镇
510623216208	石鸭村村委会	104.998590	30.584950	0	30	58	村庄
510623109002	兴隆街社区居委会	104.605681	30.877962	0	18	66	乡镇
510681101002	三水高店第二居委会	104.336314	30.927694	0	18	40	乡镇
510623110223	支家店村村委会	104.789335	30.920241	1	80	100	政府机构
510623206208	紫桥村村委会	104.898880	30.916599	0	30	58	村庄
510623125213	龙游村村委会	104.915040	30.660770	0	30	58	村庄
510623221205	和睦村村委会	104.596147	30.968996	1	80	100	政府机构
510623100018	北塔社区居委会	104.678756	31.055534	1	80	100	政府机构
510681113204	界牌村村民委员会	104.483930	30.964889	0	30	72	村庄
510623107227	群丰村村委会	104.576093	31.092286	0	18	66	乡镇
510604107214	土城村村民委员会	104.604600	31.251259	0	30	72	村庄
510623117227	宝金村村委会	105.120010	30.624193	1	80	100	政府机构
510681103204	高拱桥村村民委员会	104.244170	31.061420	0	30	72	村庄
510623123001	正街社区居委会	104.873671	30.641902	0	18	66	乡镇
510603005402	省第四建筑工程公司居委会	104.385080	31.088990	1	80	97	UNKNOWN
510623118214	柏燕村村委会	104.974490	30.781920	0	30	58	村庄
510623108214	大田坝村村委会	104.664700	30.948239	0	30	58	村庄
510604104204	万寿村村民委员会	104.578640	31.323320	0	30	72	村庄
510623207209	甘柏村村委会	104.809997	30.734424	1	80	100	政府机构
510681105201	荣升村村民委员会	104.250860	30.907830	0	30	72	村庄
510604101211	壁山村村民委员会	104.611400	31.294760	0	30	72	村庄
510681100003	汉口路社区居委会	104.283634	30.979308	0	30	72	乡镇
510623101222	前锋村村委会	104.720970	30.990085	0	25	70	乡镇
510681115201	新城村村民委员会	104.216410	31.009560	0	30	72	村庄
510603004004	天山社区居委会	104.407922	31.126095	1	80	100	政府机构
510623123216	同安村村委会	104.873671	30.641902	0	18	66	乡镇
510681106211	八角村村民委员会	104.312010	31.029250	0	30	72	村庄
510682109201	寿增村村民委员会	104.078740	31.085561	0	30	72	村庄
510623130206	三塘村村委会	104.666890	30.999310	0	30	58	村庄
510623120206	长征村村委会	105.067730	30.735799	0	30	58	村庄
510682119201	新拱村村民委员会	103.954630	31.228611	0	30	72	村庄
510623218001	北华社区居委会	104.960870	30.827209	0	25	70	村庄
510604100007	黎明社区居民委员会	104.507053	31.293963	0	60	80	地产小区
510682002001	场镇社区居民委员会	104.155515	31.131672	1	80	94	政府机构
510623109215	三沟村村委会	104.605681	30.877962	0	18	66	乡镇
510604105205	二龙村村民委员会	104.618690	31.327790	0	30	72	村庄
510623208001	清溪河社区居民委员会	104.698200	30.890301	0	25	47	村庄
510623119215	桐棉村村委会	104.956970	30.676699	0	30	58	村庄
510682120212	双安村村民委员会	104.051777	31.159570	0	18	49	乡镇
510623127202	觉慧村村委会	104.663371	31.078735	1	80	100	政府机构
510681102205	双堰村村民委员会	104.393200	30.992930	0	30	72	村庄
510682001011	亭江东路社区居民委员会	104.181532	31.132257	1	80	95	政府机构
510681112205	红安村村民委员会	104.333120	30.966930	0	30	72	村庄
510623124212	宏程村村委会	104.910120	30.706220	0	30	58	村庄
510682120204	共和村村民委员会	104.051360	31.133119	0	30	72	村庄
510681114001	街道居民委员会	104.359477	31.011838	0	20	50	乡镇
510623119203	关寨村村委会	104.979923	30.673266	1	80	100	政府机构
510623109203	老牛坡村村委会	104.605681	30.877962	0	18	66	乡镇
510681104001	镇社区居委会	104.192999	30.986517	0	18	49	乡镇
510681101203	高店村村民委员会	104.312960	30.948090	0	30	72	村庄
510604100011	斑竹社区居民委员会	104.509495	31.303329	0	20	41	乡镇
510683121001	文康社区居民委员会	104.274141	31.309052	0	25	47	乡镇
510683124203	棋盘村村民委员会	104.116190	31.559519	0	30	72	村庄
510683119204	文永村村民委员会	104.290610	31.365379	0	30	72	村庄
510604103001	大成社区居民委员会	104.395877	31.344849	0	18	40	乡镇
510682001007	东风路社区居民委员会	104.172743	31.125253	1	80	100	政府机构
510683109204	新乐村村民委员会	104.086140	31.296470	0	30	72	村庄
510681102213	齐心村村民委员会	104.438260	31.023440	0	30	72	村庄
510682118001	场镇社区居民委员会	104.025560	31.375501	0	25	47	乡镇
510623124204	甘泉村村委会	104.873980	30.703970	0	30	58	村庄
510682108001	场镇社区居民委员会	104.139920	31.149531	0	25	47	乡镇
510603003016	汾河路社区居委会	104.401310	31.152750	0	50	82	道路
510623103209	泉水沟村村委会	104.777439	31.082612	1	80	100	政府机构
510623101234	白象沟村村委会	104.708821	30.991711	1	80	100	政府机构
510623209201	高店村村委会	104.843160	30.865729	0	30	58	村庄
510623113209	三元桥村村委会	104.721450	30.923480	0	30	58	村庄
510681100015	九江社区居委会	104.283634	30.979308	0	30	58	乡镇
510604101207	和平村村民委员会	104.554840	31.272770	0	30	72	村庄
510623219201	石龙村村委会	105.001070	30.766961	1	80	100	政府机构
510623102224	桥南村村委会	104.767429	31.013954	1	80	100	政府机构
510681116207	槐树村村民委员会	104.258390	31.030351	0	30	72	村庄
510681108219	花园村村民委员会	104.294360	30.930369	0	30	72	村庄
510681106207	凤凰村村民委员会	104.325080	31.023910	0	30	72	村庄
510604102217	幸福村村民委员会	104.551690	31.378120	0	30	72	村庄
510623110219	梁桥村村委会	104.738460	30.891770	0	30	58	村庄
510623120210	星光村村委会	105.083843	30.711307	0	18	66	乡镇
510623130210	新拱桥村村委会	104.662659	30.973694	0	25	70	乡镇
510603007002	玉泉社区居委会	104.415734	31.138833	1	80	100	政府机构
