522731103216	水冲村民委员会	106.700281	26.024554	0	30	72	村庄
522732114289	中海村	107.927839	25.777679	0	16	65	乡镇
522728108230	交足村委会	106.633460	25.623019	0	25	47	乡镇
522728107203	五星村委会	106.757570	25.427030	0	25	70	乡镇
522702106207	黄家湾村	107.517570	26.923190	0	30	100	村庄
522701107209	共和村村民委员会	107.255910	26.075300	0	30	72	村庄
522729103204	尅炳村委会	106.342300	25.975300	0	25	47	乡镇
522731107202	冷水村民委员会	106.499590	25.829780	0	30	72	村庄
522722104202	丙外村委会	107.721400	25.560801	0	16	38	乡镇
522728110207	新光村委会	106.517050	25.454979	0	30	72	村庄
522729001225	长江村委会	106.366520	26.063861	0	30	72	村庄
522723110205	底至村民委员会	107.139960	26.446430	0	25	70	乡镇
522729101002	北场社区居委会	106.383040	26.187465	1	80	100	政府机构
522730103205	观音村委会	106.918190	26.478510	0	30	72	村庄
522731104212	地关村民委员会	106.755030	25.972859	0	25	55	乡镇
522722107212	拉平村委会	107.709118	25.344280	0	16	65	乡镇
522701001007	环西社区居民委员会	107.531008	26.278974	0	30	47	乡镇
522701004205	团山村村民委员会	107.460280	26.209510	0	30	72	村庄
522701111220	三联村村民委员会	107.658740	26.134999	0	30	72	村庄
522725002007	花桥社区	107.477209	27.057066	1	80	97	政府机构
522727106212	马场村委会	107.177970	25.686199	0	30	72	UNKNOWN
522701002001	云宫社区居民委员会	107.518110	26.245750	1	80	100	政府机构
522728110211	翁传村委会	106.477993	25.328940	1	80	95	UNKNOWN
522731107214	团坡村民委员会	106.519520	25.884820	0	30	72	村庄
522725001001	河滨社区	107.470164	27.070420	1	75	100	地产小区
522701004213	护德村村民委员会	107.514880	26.078170	0	30	72	村庄
522728113201	云里村委会	106.625840	25.160640	0	25	70	乡镇
522727105202	新风村委会	106.780795	25.659685	0	18	66	乡镇
522702102205	凉水井村	107.632390	26.634240	0	25	70	乡镇
522728219209	抗村村委会	106.762120	25.249549	0	30	58	村庄
522722107204	和平村委会	107.677850	25.416000	0	30	72	村庄
522731104204	道力村民委员会	106.755030	25.972859	0	25	70	乡镇
522730104240	园区村委会	106.945681	26.247577	0	16	38	乡镇
522730105001	洗马社区居委会	107.096941	26.712396	0	16	65	乡镇
522727102206	平里河村委会	107.064275	25.839721	0	50	73	UNKNOWN
522702105201	枫香树村	107.462990	26.796180	0	30	100	村庄
522728114205	纳猛村委会	106.452090	25.526649	0	30	58	UNKNOWN
522728108226	石兴村委会	106.633460	25.623019	0	25	70	乡镇
522731103200	摆金村民委员会	106.817300	26.098889	0	25	55	乡镇
522702106211	三江村	107.427140	26.852669	0	30	100	村庄
522727101216	长冲村委会	107.178850	25.795839	0	30	72	村庄
522725106222	丰岩村委会	107.284270	27.370270	0	25	70	乡镇
522728107215	大关村委会	106.778605	25.454524	1	80	100	政府机构
522729103212	格丁村委会	106.342300	25.975300	0	25	70	乡镇
522723109209	新峰村民委员会	107.136444	26.550205	0	16	47	乡镇
522701208202	联盟村村民委员会	107.618030	26.046650	0	30	72	村庄
522723112202	营上村民委员会	107.095240	26.317070	0	30	72	村庄
522723102202	幸福村民委员会	107.206160	26.725880	0	30	72	村庄
522731105205	翁址村民委员会	106.580349	25.836736	0	25	70	乡镇
522728112200	茂井村委会	106.880230	25.325239	1	80	95	UNKNOWN
522722212213	尧古村委会	107.942156	25.316576	1	80	100	政府机构
522702103204	松江村	107.574860	26.800640	0	30	100	村庄
522723111212	黄土村民委员会	107.190060	26.335440	0	25	55	乡镇
522722211203	菇类村委会	107.826359	25.213280	0	16	38	乡镇
522727107213	甲青村委会	107.354660	25.693279	0	25	47	乡镇
522725109006	鱼河社区	107.460378	27.123260	0	16	65	乡镇
522701006202	邦水村村民委员会	107.446270	26.290561	0	30	72	村庄
522728111210	冗响村委会	106.697470	25.312889	0	30	58	UNKNOWN
522723108208	喇亚村民委员会	107.272585	26.677992	0	16	65	乡镇
522727100217	苗攀村委会	107.276109	25.890772	0	16	38	乡镇
522729104001	代化社区居委会	106.372035	25.760807	0	16	65	乡镇
522730103004	贵龙社区居委会	106.939682	26.537248	0	16	47	乡镇
522731102201	百鸟河村民委员会	106.599705	25.981209	0	16	47	乡镇
522722101201	八烂村委会	107.830506	25.355466	1	80	100	政府机构
522728109227	独坡村委会	106.923530	25.519810	0	30	58	村庄
522726108225	羊凤村	107.470020	25.791100	0	30	100	村庄
522701106208	沙寨村村民委员会	107.409900	25.915599	0	30	72	村庄
522732001280	尧麓村	107.870488	25.938537	0	80	100	UNKNOWN
522722102207	尧明村委会	108.072850	25.390249	0	25	47	乡镇
522729101215	高堡村委会	106.314010	26.200300	0	30	72	村庄
522701002200	庆云宫村村民委员会	107.521980	26.242170	0	30	72	村庄
522727103211	胜安村委会	106.945930	25.943060	0	25	47	乡镇
522725106218	羊鹿村委会	107.284270	27.370270	0	25	70	乡镇
522731102217	弄苑村民委员会	106.599705	25.981209	0	16	65	乡镇
522723112214	茶山村民委员会	107.183850	26.143779	0	30	72	村庄
522729001209	杉木村委会	106.460230	26.014987	0	16	65	乡镇
522722212205	板寨村委会	107.976653	25.275340	0	16	65	乡镇
522727104215	落良村委会	106.861920	25.718480	0	25	47	乡镇
522701005204	黄莺村村民委员会	107.521360	26.290150	0	30	72	村庄
522731105213	代京村民委员会	106.580349	25.836736	0	25	70	乡镇
522727200203	亮寨村委会	107.394727	25.793921	0	18	40	乡镇
522730102204	大岩村委会	106.988417	26.679793	0	16	65	乡镇
522730100239	水苔村委会	106.987350	26.454579	0	25	47	乡镇
522723111204	友谊村民委员会	107.250200	26.355460	0	30	72	村庄
522728111206	各化村委会	106.610270	25.320271	0	25	47	乡镇
522722105203	高里村委会	108.183890	25.491980	0	25	70	乡镇
522731106203	芦山村民委员会	106.486172	25.910336	0	18	49	乡镇
522731103001	摆金居委会	106.817300	26.098889	0	25	55	乡镇
522728109211	红星村委会	106.854330	25.532280	0	30	72	村庄
522729103208	营盘村委会	106.318450	25.925760	0	30	72	村庄
522701107205	凯口村村民委员会	107.302280	26.042150	0	30	72	村庄
522729209200	敦操村委会	106.439916	25.690080	0	18	40	村庄
522727100221	乐康村委会	107.276109	25.890772	0	16	38	乡镇
522732114285	地孟村	107.927839	25.777679	0	16	65	乡镇
522726108205	城东村	107.502525	25.762092	0	16	65	乡镇
522726114226	盖寨村	107.512970	25.556520	0	30	100	村庄
522702002203	沙坪村	107.542758	26.629802	0	80	58	村庄
522701004209	三道河村村民委员会	107.510120	26.248711	0	30	72	村庄
522732113281	怎雷村	108.114400	25.935500	0	30	100	村庄
522723001003	中山社区居委会	107.235343	26.577527	1	80	100	政府机构
522728001001	城东社区居委会	106.752000	25.425100	0	14	46	区县
522723111224	光辉村民委员会	107.190060	26.335440	0	25	70	乡镇
522731109210	白水河村民委员会	107.017577	26.052842	0	50	82	UNKNOWN
522727106208	兴荣村委会	107.143836	25.666210	0	16	38	乡镇
522725103201	水耳村委会	107.272378	27.143293	0	18	40	乡镇
522701110201	凌湾村村民委员会	107.372680	26.176160	0	30	72	村庄
522723110209	石板村民委员会	107.067734	26.327289	1	80	97	购物
522732113297	高新村	108.096400	25.935780	0	25	70	乡镇
522731104208	大龙村民委员会	106.691280	25.969000	0	30	72	村庄
522722107208	黎明村委会	107.708900	25.374989	0	30	72	村庄
522728219205	联明村委会	106.825900	25.248220	0	30	72	村庄
522725110207	大田坝村委会	107.602710	27.190814	0	16	65	乡镇
522723002005	红旗社区居委会	107.294938	26.550714	0	18	49	乡镇
522725103217	高枧村委会	107.358876	27.128841	1	80	100	政府机构
522727108200	掌布村委会	107.086330	26.022161	0	30	58	UNKNOWN
522731109206	宁旺村民委员会	106.657000	26.132101	0	14	37	区县
522730001005	城南社区居委会	107.028186	26.491054	0	16	47	乡镇
522727001206	新寨村委会	107.346100	25.844469	0	30	72	村庄
522726110224	茶亭村	107.667637	25.729693	0	16	65	乡镇
522728107219	下儒村委会	106.757570	25.427030	0	25	70	乡镇
522731102221	青河村民委员会	106.599705	25.981209	0	16	47	乡镇
522725104213	高坪村委会	107.268784	27.048933	0	16	65	乡镇
522701005009	杨柳街居民委员会	107.515881	26.342021	0	18	35	乡镇
522729001004	威远社区居委会	106.460230	26.014987	0	16	65	乡镇
522728109207	纳翁村委会	106.926296	25.532003	0	16	65	乡镇
522723109205	白龙村民委员会	107.136444	26.550205	0	16	47	乡镇
522729101223	立木村委会	106.382770	26.188020	0	25	70	乡镇
522702001205	岔河村	107.412910	26.695429	0	30	100	村庄
522731002006	利民社区居民委员会	106.653723	26.095601	0	16	38	乡镇
522725107203	新庄村委会	107.358470	27.211530	0	30	72	村庄
522732114293	塘岳村	107.927839	25.777679	0	16	65	乡镇
522728114209	摆落村委会	106.449220	25.562179	0	30	58	UNKNOWN
522726114230	墨寨村	107.623910	25.560731	0	30	100	村庄
522730105236	田箐村委会	107.096941	26.712396	0	16	38	乡镇
522701111001	大坪居民委员会	107.671570	26.032060	0	30	58	村庄
522701111216	王司村村民委员会	107.644540	26.109500	0	30	72	村庄
522731001201	大坡村民委员会	106.644190	26.100020	0	30	72	村庄
522702002002	笔山社区居民委员会	107.542758	26.629802	0	80	47	村庄
522731108207	洛浩村民委员会	106.790557	25.817582	0	16	65	乡镇
522732111286	仙桥村	107.810250	25.943611	0	25	70	乡镇
522731002211	合兴村民委员会	106.653723	26.095601	0	16	47	乡镇
522722001211	水瑶新村委会	107.887000	25.410799	0	14	37	区县
522702103208	罗贝村	107.609460	26.734010	0	30	100	村庄
522725111206	沿江村委会	107.294220	27.275390	0	30	72	村庄
522731105209	纳里村民委员会	106.580349	25.836736	0	25	55	乡镇
522730104237	六广村委会	106.946080	26.299510	0	30	58	UNKNOWN
522732115292	民安村	107.880045	25.647839	0	16	65	乡镇
522725106202	羊关村委会	107.284270	27.370270	0	25	47	乡镇
522701106212	凤啭村村民委员会	107.458548	25.898523	0	30	72	村庄
522723108204	高枧坝村民委员会	107.272585	26.677992	0	16	47	乡镇
522728108206	明星村委会	106.684260	25.565120	0	30	72	村庄
522732116282	水昔村	108.007510	25.551279	0	30	100	村庄
522731103220	斗底村民委员会	106.817300	26.098889	0	25	55	乡镇
522723001202	金山村民委员会	107.231650	26.577049	0	30	72	村庄
522726109204	翁奇村	107.580490	25.968240	0	30	100	村庄
522729101219	洞口村委会	106.293020	26.191150	0	30	72	村庄
522723002204	新场村民委员会	107.294938	26.550714	0	18	40	乡镇
522728107223	坪寨村委会	106.757570	25.427030	0	25	70	乡镇
522732115284	连心村	107.880045	25.647839	0	16	65	乡镇
522727101220	翁片村委会	107.134500	25.854900	0	25	47	乡镇
522730001204	高坪村委会	107.028186	26.491054	0	16	47	乡镇
522701106204	翁江村村民委员会	107.434360	26.050410	0	30	72	村庄
522728108210	深井村委会	106.733750	25.584871	0	30	72	餐饮
522723111208	古城村民委员会	107.185040	26.381729	0	30	72	村庄
522730100235	平山村委会	106.987350	26.454579	0	25	55	乡镇
522731001217	民中村民委员会	106.719260	26.201033	0	16	47	乡镇
522701111200	大坪村村民委员会	107.602930	26.201129	0	30	72	村庄
522732111290	新场村	107.810250	25.943611	0	25	70	乡镇
522727107209	茂村村委会	107.354979	25.686203	1	80	100	政府机构
522731108211	岗金村民委员会	106.657000	26.132101	0	14	37	区县
522722001207	水尧村委会	107.887000	25.410799	0	14	32	区县
522726112223	黄后村	107.524440	25.300670	0	30	100	村庄
522731002207	赤土村民委员会	106.653723	26.095601	0	16	47	乡镇
522732112280	普屯村	107.836074	26.090978	1	80	100	UNKNOWN
522701005208	文德村村民委员会	107.501337	26.386912	0	30	72	村庄
522727104219	金塘村委会	106.933820	25.666749	0	30	72	村庄
522729001205	磨谢村委会	106.414595	26.024042	1	80	95	UNKNOWN
522722212209	西竹村委会	107.976653	25.275340	0	16	65	乡镇
522722001206	福利村委会	107.887000	25.410799	0	14	46	区县
522726112222	新董村	107.464430	25.336880	0	25	70	乡镇
522731002206	涟江村民委员会	106.682390	26.177550	1	80	97	UNKNOWN
522732112281	燕高村	107.816480	26.028420	0	30	100	村庄
522729001204	新民村委会	106.432800	26.050020	0	30	72	村庄
522722212208	太吉村委会	107.951841	25.353640	1	80	100	政府机构
522727104218	仓边村委会	106.861920	25.718480	0	25	70	乡镇
522723111209	桐荡村民委员会	107.190060	26.335440	0	25	70	乡镇
522730100234	中坝村委会	106.987350	26.454579	0	25	70	乡镇
522731001216	龙瓦村民委员会	106.719260	26.201033	0	16	47	乡镇
522701111201	幸福村村民委员会	107.593620	26.233389	0	30	72	村庄
522727107208	金玉村委会	107.354660	25.693279	0	25	70	乡镇
522731108210	和平村民委员会	106.822800	25.847870	0	30	72	村庄
522701106205	罗马村村民委员会	107.437480	26.004200	0	30	72	村庄
522728108211	新场村委会	106.633460	25.623019	0	25	70	乡镇
522729101218	朝摆村委会	106.382770	26.188020	0	25	43	乡镇
522723002205	高原村民委员会	107.294938	26.550714	0	18	40	乡镇
522728107222	大坪村委会	106.629840	25.461169	0	30	72	村庄
522732115285	桃园村	107.880045	25.647839	0	16	65	乡镇
522727101221	鸡场村委会	107.134500	25.854900	0	25	70	乡镇
522701106213	拉海村村民委员会	107.447550	25.866780	0	30	72	村庄
522723108205	四寨村民委员会	107.272585	26.677992	0	16	47	乡镇
522728108207	翁纳村委会	106.669400	25.557521	0	30	58	UNKNOWN
522731103221	党古村民委员会	106.833123	26.020885	1	80	97	UNKNOWN
522732116283	石板村	108.062760	25.602930	0	30	100	村庄
522723001203	乐芒村民委员会	107.246390	26.538029	0	30	72	UNKNOWN
522730104236	营盘村委会	106.945681	26.247577	0	16	47	乡镇
522732115293	阳安村	107.880045	25.647839	0	16	65	乡镇
522725106203	鹤亭村委会	107.284270	27.370270	0	25	70	乡镇
522725103001	中坪社区	107.264451	27.145513	1	80	100	政府机构
522731002210	交椅村民委员会	106.653723	26.095601	0	16	47	乡镇
522722001210	水功村委会	107.994990	25.460570	0	30	58	村庄
522729001212	冗雷村委会	106.460230	26.014987	0	16	38	乡镇
522702103209	罗坳村	107.611160	26.715590	0	30	100	村庄
522731105208	董朗村民委员会	106.580349	25.836736	0	25	70	乡镇
522701111217	桃花村村民委员会	107.695130	26.163910	0	30	72	村庄
522731001200	星光村民委员会	106.655920	26.129681	0	30	72	村庄
522702002003	宏福公司马场坪生活区居民委员会	107.542758	26.629802	0	80	51	村庄
522731108206	百硐村民委员会	106.790557	25.817582	0	16	65	乡镇
522732111287	丰乐村	107.810250	25.943611	0	25	70	乡镇
522725107202	白花村委会	107.320101	27.214168	0	18	66	乡镇
522732114292	安塘村	107.862240	25.818200	0	30	100	村庄
522728114208	水井村委会	106.452337	25.487171	0	18	66	乡镇
522726114231	学庄村	107.581420	25.681560	0	30	100	村庄
522730105237	金溪村委会	107.096941	26.712396	0	16	47	乡镇
522728107218	八总村委会	106.757570	25.427030	0	25	47	乡镇
522731102220	河坝村民委员会	106.563850	25.927060	0	30	72	村庄
522725104212	白沙村委会	107.268784	27.048933	0	16	65	乡镇
522701005008	观澜轩社区居民委员会	107.524033	26.297977	1	80	100	政府机构
522728109206	里怀村委会	106.926296	25.532003	0	16	38	乡镇
522729001005	新坝社区居委会	106.460230	26.014987	0	16	65	乡镇
522723109204	长江村民委员会	107.187470	26.604959	0	30	72	村庄
522701107212	新龙村村民委员会	107.154370	26.098000	0	30	72	村庄
522729101222	杜鹃湖村委会	106.339530	26.084790	0	25	55	旅游景点
522702001204	坪山村	107.537330	26.737979	0	30	100	村庄
522731002007	富民社区居民委员会	106.653723	26.095601	0	16	38	乡镇
522723002004	平北社区居委会	107.294938	26.550714	0	18	49	乡镇
522727108201	联合村委会	107.109040	26.046459	0	30	72	村庄
522730001004	龙坪社区居委会	107.028186	26.491054	0	16	47	乡镇
522731109207	龙泉村民委员会	106.908340	26.106941	0	30	72	村庄
522727001207	双江村委会	107.329360	25.860191	0	30	72	村庄
522726110225	秀峰村	107.667637	25.729693	0	16	65	乡镇
522732113296	联兴村	108.096400	25.935780	0	25	70	乡镇
522731104209	公朋村民委员会	106.688820	25.898799	0	30	72	UNKNOWN
522722107209	觉巩村委会	107.721220	25.391344	1	80	95	UNKNOWN
522728219204	班台村委会	106.833836	25.258910	0	16	38	村庄
522725110206	青池村	107.637207	27.194920	0	30	100	村庄
522702102208	三根树村	107.720110	26.595260	0	30	100	村庄
522731109211	龙田村民委员会	106.990179	26.047442	0	30	72	村庄
522727106209	新优村委会	107.143836	25.666210	0	16	38	乡镇
522730001012	奋进社区居委会	107.028186	26.491054	0	16	38	乡镇
522729001228	板沟村委会	106.513820	26.098999	0	30	72	村庄
522725106002	珠藏社区	107.284270	27.370270	0	25	70	乡镇
522701110200	江洲村村民委员会	107.519000	26.259800	0	14	32	区县
522723110208	新龙村民委员会	107.083590	26.340231	0	30	72	村庄
522701004208	马尾村村民委员会	107.518020	26.185940	0	30	72	村庄
522732113280	上江村	108.098890	25.931450	0	30	100	村庄
522723001002	荷花社区居委会	107.255465	26.517942	0	18	49	乡镇
522727100220	黄平村委会	107.276109	25.890772	0	16	65	乡镇
522732114284	水龙村	107.890090	25.845170	0	30	100	村庄
522731001001	凤山社区居委会	106.719260	26.201033	0	16	65	乡镇
522726108204	百泉湖村	107.502525	25.762092	0	16	47	乡镇
522726114227	峰洞村	107.542160	25.536899	0	30	100	村庄
522702002202	平堡村	107.542758	26.629802	0	80	58	村庄
522728109210	拉良村委会	106.926296	25.532003	0	16	38	乡镇
522729103209	热水村委会	106.342300	25.975300	0	25	70	乡镇
522701107204	卡鲁村村民委员会	107.365530	26.133250	0	30	72	村庄
522730100238	中排村委会	106.987350	26.454579	0	25	70	乡镇
522726113203	花园村	107.590110	25.860599	0	30	100	村庄
522723111205	打铁村民委员会	107.273070	26.304850	0	30	72	UNKNOWN
522728111207	新坡村委会	106.622550	25.241540	0	30	72	村庄
522702105001	龙昌社区居民委员会	107.464000	26.773600	0	25	47	乡镇
522722105202	拉滩村委会	108.183890	25.491980	0	25	70	乡镇
522731106202	响水村民委员会	106.530000	25.913010	0	30	72	村庄
522729106210	田哨村委会	106.342780	25.809460	0	25	47	乡镇
522723112215	大塘村民委员会	107.203840	26.220961	0	30	72	村庄
522727104214	金科村委会	106.861920	25.718480	0	25	70	乡镇
522729001208	桐笋村委会	106.460230	26.014987	0	16	38	乡镇
522722212204	尧所村委会	108.048360	25.268230	0	30	58	UNKNOWN
522701005205	剑水村村民委员会	107.512080	26.272410	0	30	72	村庄
522731105212	抵塘村民委员会	106.733500	25.773760	0	30	72	村庄
522727200202	新关村委会	107.394727	25.793921	0	18	66	乡镇
522729101214	青山村委会	106.448750	26.048239	0	30	72	村庄
522727103210	平坡村委会	106.945930	25.943060	0	25	70	乡镇
522725106219	市湾村委会	107.284270	27.370270	0	25	47	乡镇
522731102216	清水村民委员会	106.658061	26.014894	0	30	72	村庄
522732115289	新仰村	107.854700	25.704940	0	30	100	村庄
522701106209	新蒙村村民委员会	107.379900	25.933580	0	30	72	村庄
522726108224	巴台村	107.502525	25.762092	0	16	65	乡镇
522732001281	永康村	107.870000	25.983201	0	14	46	区县
522722102206	立化村委会	108.121212	25.350182	1	80	100	政府机构
522730103005	庆阳社区居委会	106.939682	26.537248	0	16	65	乡镇
522729101202	来远村委会	106.382770	26.188020	0	25	70	乡镇
522731102200	三都村民委员会	106.599705	25.981209	0	16	47	乡镇
522722101200	朝阳村委会	107.827048	25.357673	1	80	100	政府机构
522728109226	平岩村委会	106.921471	25.520597	1	80	100	政府机构
522723108209	宝山村民委员会	107.194320	26.654151	0	30	72	村庄
522701004005	剑西社区居民委员会	107.476683	26.154073	0	16	33	乡镇
522723111213	白马村民委员会	107.203910	26.446601	0	30	72	村庄
522731106214	鱼湾村民委员会	106.503021	25.893389	0	30	72	村庄
522727107212	拉关村委会	107.354660	25.693279	0	25	70	乡镇
522722211202	高桥村委会	107.753320	25.272301	0	30	72	村庄
522701006203	胡广村村民委员会	107.363870	26.334499	0	30	72	村庄
522725109007	玉华社区	107.460378	27.123260	0	16	65	乡镇
522728111211	布乃村委会	106.610270	25.320271	0	25	47	乡镇
522723112203	东坪村民委员会	107.094480	26.208930	0	30	72	村庄
522701208203	大定村村民委员会	107.635020	26.010500	0	30	72	村庄
522730104001	羊场社区居委会	106.945681	26.247577	0	16	47	乡镇
522726110205	阳地村	107.614120	25.714950	0	30	100	村庄
522723102203	谷兵村民委员会	107.220630	26.747580	0	30	72	UNKNOWN
522731105204	光荣村民委员会	106.627580	25.833899	0	30	72	村庄
522728112201	兰西村委会	106.931602	25.351476	0	16	38	乡镇
522702103205	洞铁村	107.600600	26.839830	0	30	100	村庄
522722212212	德门村委会	107.966280	25.358499	0	30	58	UNKNOWN
522727101217	平桥村委会	107.134500	25.854900	0	25	70	乡镇
522702106210	马龙井村	107.429050	26.872520	0	30	100	村庄
522725106223	高龙村委会	107.284270	27.370270	0	25	70	乡镇
522728107214	干里村委会	106.757570	25.427030	0	25	70	乡镇
522729103213	板丛村委会	106.342300	25.975300	0	25	47	乡镇
522723109208	新沿村民委员会	107.136444	26.550205	0	16	65	乡镇
522702105200	长冲村	107.488780	26.813990	0	30	100	村庄
522727102207	党振村委会	106.982084	25.779898	0	16	38	乡镇
522728114204	把坝村委会	106.452337	25.487171	0	18	40	乡镇
522728108227	兴祥村委会	106.633460	25.623019	0	25	47	乡镇
522731103201	杨茂村民委员会	106.817300	26.098889	0	25	55	乡镇
522729105001	改尧社区居委会	106.553870	26.192370	0	25	70	乡镇
522726113002	石牛居民委员会	107.556254	25.882882	0	18	40	乡镇
522701004212	米秀村村民委员会	107.555560	26.088591	0	30	72	村庄
522728113200	红河村委会	106.625840	25.160640	0	25	55	乡镇
522702102204	兴隆街村	107.696700	26.616920	0	30	100	村庄
522727105203	清水村委会	106.791770	25.694690	0	30	72	村庄
522728219208	交吾村委会	106.755983	25.299007	1	80	95	UNKNOWN
522722107205	架桥村委会	107.709118	25.344280	0	16	65	乡镇
522731104205	摆炉村民委员会	106.793580	26.027410	0	30	72	UNKNOWN
522727106213	甲茶村委会	107.197110	25.631480	0	30	58	UNKNOWN
522730001008	西城社区居委会	107.028186	26.491054	0	16	47	乡镇
522728110210	纳坪村委会	106.460477	25.371398	0	30	58	村庄
522731107215	打永村民委员会	106.498530	25.820960	0	25	70	乡镇
522731104213	旧寨村民委员会	106.755030	25.972859	0	25	70	乡镇
522701001006	石板街社区居民委员会	107.517850	26.258910	0	50	73	道路
522701111221	新坪村村民委员会	107.602870	26.104200	0	30	72	村庄
522725002006	新庄社区	107.477209	27.057066	1	80	97	政府机构
522731107203	平贡村民委员会	106.465107	25.849013	0	60	87	UNKNOWN
522722104203	甲站村委会	107.799626	25.598287	1	80	95	UNKNOWN
522728110206	上隆村委会	106.563060	25.413790	0	25	70	乡镇
522729001224	生联村委会	106.402060	26.080129	0	30	58	村庄
522723110204	和平村民委员会	107.118270	26.401490	0	30	72	村庄
522729104201	朱场村委会	106.372035	25.760807	0	16	65	乡镇
522729101003	广农社区居委会	106.382770	26.188020	0	25	70	乡镇
522726112202	南门村	107.464430	25.336880	0	25	70	乡镇
522731002226	兴章村民委员会	106.653723	26.095601	0	16	65	乡镇
522728107202	新莲村委会	106.757570	25.427030	0	25	55	乡镇
522702106206	朵郎坪村	107.441040	26.909131	0	30	100	村庄
522701107208	沙拉河村村民委员会	107.252394	26.011535	0	30	72	村庄
522730104200	走马村委会	106.945681	26.247577	0	16	65	乡镇
522731103217	毛栗村民委员会	106.817300	26.098889	0	25	55	乡镇
522732114288	仙人桥村	107.927839	25.777679	0	16	65	乡镇
522728108231	油尖村委会	106.633460	25.623019	0	25	47	乡镇
522728107209	新艾村委会	106.757570	25.427030	0	25	47	乡镇
522725101001	平定营社区	107.425436	26.987040	0	18	49	乡镇
522725111001	渡江社区	107.382710	27.295111	0	25	70	乡镇
522728109217	董架村委会	106.914090	25.624720	0	30	58	UNKNOWN
522701107203	罗雍村村民委员会	107.380290	26.097461	0	30	72	村庄
522732114283	华阳村	107.927839	25.777679	0	16	65	乡镇
522727100227	苗乡村委会	107.276109	25.890772	0	16	38	乡镇
522702002205	鱼酉村	107.542758	26.629802	0	80	58	村庄
522732113287	中坝村	108.096400	25.935780	0	25	70	乡镇
522731104218	西牛村民委员会	106.755030	25.972859	0	25	55	乡镇
522723001005	迎宾社区居委会	107.255465	26.517942	0	18	49	乡镇
522728108001	边阳居委会	106.633460	25.623019	0	25	55	乡镇
522730102222	高吏目村委会	106.988417	26.679793	0	16	38	乡镇
522723111222	摆龙村民委员会	107.190060	26.335440	0	25	55	乡镇
522731107208	新然村民委员会	106.498530	25.820960	0	25	70	乡镇
522722104208	石板村委会	107.721400	25.560801	0	16	65	乡镇
522701110207	双堡村村民委员会	107.313520	26.234780	0	30	72	村庄
522728219203	红光村委会	106.840530	25.219081	0	30	72	村庄
522725110201	那乡村	107.539590	27.161540	0	30	100	村庄
522727105208	新店村委会	106.774530	25.609850	0	30	72	村庄
522732113291	坝街村	108.094750	25.832810	0	30	100	村庄
522727106218	团结村委会	107.107370	25.624920	0	30	72	村庄
522731109200	岗度村民委员会	106.657000	26.132101	0	14	37	区县
522730001003	大冲社区居委会	107.028186	26.491054	0	16	47	乡镇
522723002003	南阳社区居委会	107.294938	26.550714	0	18	49	乡镇
522726110222	董秧村	107.667637	25.729693	0	16	65	乡镇
522730103219	高新村委会	106.939682	26.537248	0	16	47	乡镇
522727001200	新舟村委会	107.319440	25.820251	0	30	72	村庄
522729001002	和平社区居委会	106.443907	26.015669	1	80	100	政府机构
522728109201	柏林村委会	106.867180	25.496159	0	30	72	村庄
522731102227	水源村民委员会	106.593480	25.936090	0	30	72	村庄
522725104215	太文村委会	107.385290	27.066251	0	30	58	村庄
522723109203	狮扑村民委员会	107.136444	26.550205	0	16	65	乡镇
522702001203	双谷村	107.488140	26.664960	0	30	100	村庄
522725107205	小开洲村委会	107.320101	27.214168	0	18	35	乡镇
522732114295	元幹村	107.927839	25.777679	0	16	65	乡镇
522702002004	黄丝街道居民委员会	107.542758	26.629802	0	80	51	村庄
522723111218	马踏屯村民委员会	107.190060	26.335440	0	25	55	乡镇
522731001207	高坪村民委员会	106.719260	26.201033	0	16	47	乡镇
522701111210	羊列村村民委员会	107.721315	26.297512	0	30	72	村庄
522732111280	红光村	107.810250	25.943611	0	25	70	乡镇
522731108201	三合村民委员会	106.790557	25.817582	0	16	47	乡镇
522727107219	拉栗村委会	107.354660	25.693279	0	25	47	乡镇
522701107002	凯口居民委员会	107.436619	26.006987	1	80	95	政府机构
522723112208	铁厂东坪村民委员会	107.094480	26.208930	0	30	72	村庄
522701208208	基场村村民委员会	107.733320	26.083370	0	30	72	UNKNOWN
522731002217	大保村民委员会	106.653723	26.095601	0	16	47	乡镇
522729001215	磨油村委会	106.460230	26.014987	0	16	38	乡镇
522727104209	前进村委会	106.875110	25.709879	0	30	72	村庄
522725111200	龙塘村	107.382710	27.295111	0	25	70	乡镇
522730104231	金星村委会	106.907060	26.186940	0	30	72	村庄
522732115294	福安村	107.880045	25.647839	0	16	65	乡镇
522725106204	桐梓坡村委会	107.284270	27.370270	0	25	70	乡镇
522701106214	良亩村村民委员会	107.495510	26.018281	0	30	72	村庄
522723108202	新铺村民委员会	107.266690	26.643471	0	30	72	村庄
522732116284	月亮山村	108.076614	25.645815	0	16	65	乡镇
522731103226	高寨村民委员会	106.813830	25.937069	0	30	72	村庄
522723001204	小河村民委员会	107.234230	26.535619	0	30	72	村庄
522728108200	下坝村委会	106.633460	25.623019	0	25	70	乡镇
522726109202	黄桥村	107.562260	25.935181	0	30	100	村庄
522727001001	玉池社区居委会	107.323000	25.822401	0	14	29	区县
522723002202	宝花村民委员会	107.294938	26.550714	0	18	66	乡镇
522732115282	新园村	107.880045	25.647839	0	16	65	乡镇
522732001009	新城社区居委会	107.870000	25.983201	0	14	46	区县
522728107225	旧寨村委会	106.757570	25.427030	0	25	70	乡镇
522701106202	河西村村民委员会	107.461730	26.044950	0	30	72	村庄
522728108216	董油村委会	106.633460	25.623019	0	25	47	乡镇
522701111206	瓮桃村村民委员会	107.592430	26.300849	0	30	72	村庄
522731001211	排楼村民委员会	106.719260	26.201033	0	16	47	乡镇
522722105209	拉毛村委会	108.183890	25.491980	0	25	47	乡镇
522731106209	格我村民委员会	106.451650	25.901759	0	30	72	UNKNOWN
522731002201	首创村民委员会	106.653723	26.095601	0	16	47	乡镇
522722001201	水甫村委会	107.926990	25.525176	1	80	100	政府机构
522702001002	泉山社区居民委员会	107.507306	26.701214	1	80	100	政府机构
522726112225	董岭村	107.464430	25.336880	0	25	70	乡镇
522725205200	岚关村委会	107.596833	26.967470	0	18	40	村庄
522732112286	高硐村	107.879085	26.104073	0	30	100	村庄
522731105219	上坝村民委员会	106.657070	25.722000	0	30	72	村庄
522725109201	穿洞村	107.469759	27.151169	0	30	100	村庄
522731103210	大华村民委员会	106.762699	26.119498	0	30	72	村庄
522725105222	观塘村委会	107.578457	27.063013	0	18	66	乡镇
522702002209	甘巴哨村	107.592920	26.626779	0	30	100	村庄
522730001222	五新村委会	107.028186	26.491054	0	16	47	乡镇
522702106201	西北街村	107.445970	26.889041	0	30	100	村庄
522728107205	金星村委会	106.712270	25.418780	0	30	72	村庄
522729103202	五星村委会	106.342300	25.975300	0	25	70	乡镇
522722104204	甲高村委会	107.721400	25.560801	0	16	38	乡镇
522729001223	种获村委会	106.460230	26.014987	0	16	38	乡镇
522728110201	拱里村委会	106.563060	25.413790	0	25	47	乡镇
522731107204	红星村民委员会	106.465060	25.822390	0	30	72	村庄
522731002221	山河村民委员会	106.653723	26.095601	0	16	47	乡镇
522723110203	春光村民委员会	107.103760	26.456730	0	30	72	村庄
522729104206	斗省村委会	106.372035	25.760807	0	16	38	乡镇
522728113211	俄村村委会	106.667580	25.213830	0	30	58	村庄
522701001001	广惠社区居民委员会	107.531008	26.278974	0	30	58	乡镇
522731104214	播哨村民委员会	106.723820	25.932861	0	30	72	UNKNOWN
522725002001	中心社区	107.477209	27.057066	1	80	97	政府机构
522726111215	星朗村	107.495050	25.473010	0	30	100	村庄
522731107212	建华村民委员会	106.478080	25.722621	0	30	72	村庄
522725108001	天文社区	107.564282	27.179213	1	80	100	政府机构
522727106214	兴发村委会	107.130880	25.635750	0	30	72	村庄
522722104212	丙花村委会	107.721400	25.560801	0	16	38	乡镇
522729104210	纳傍村委会	106.431449	25.819725	1	80	95	UNKNOWN
522731104202	新民村民委员会	106.801389	26.007785	0	30	72	村庄
522727105204	双河村委会	106.810500	25.689579	0	30	72	村庄
522702102203	竹王城村	107.642120	26.627360	0	30	100	村庄
522702107001	道坪居民委员会	107.329062	26.942394	0	16	38	乡镇
522701004215	包阳村村民委员会	107.465820	26.103070	0	30	72	村庄
522728113207	冗袍村委会	106.625840	25.160640	0	25	47	乡镇
522722107202	联山湾村委会	107.709118	25.344280	0	16	38	乡镇
522731103206	甲浪村民委员会	106.778461	26.067241	0	60	87	UNKNOWN
522732114299	新阳村	108.065710	25.671490	0	30	100	村庄
522728114203	罗坪村委会	106.452337	25.487171	0	18	66	乡镇
522727107002	第一居民委员会	107.354660	25.693279	0	25	70	乡镇
522728108220	翁定村委会	106.633790	25.733679	0	30	58	UNKNOWN
522727102200	通星村委会	106.982084	25.779898	0	16	38	乡镇
522728107213	道角村委会	106.757570	25.427030	0	25	70	乡镇
522725106224	新兴村委会	107.276930	27.287720	0	30	72	村庄
522701005003	虹桥社区居民委员会	107.515881	26.342021	0	18	35	乡镇
522727101210	白云村委会	107.090170	25.875060	0	30	72	村庄
522730104211	石头村委会	106.884470	26.295899	0	30	72	村庄
522726115217	玉龙村	107.770016	25.721800	0	18	66	乡镇
522729103214	翁拉村委会	106.394607	25.915570	1	80	100	政府机构
522701208204	潘硐村村民委员会	107.694660	26.059700	0	30	72	村庄
522723112204	塘满村民委员会	107.080080	26.218511	0	25	70	乡镇
522729001219	上洪村委会	106.460230	26.014987	0	16	65	乡镇
522702103202	凤凰村	107.682900	26.768141	0	30	100	村庄
522728112206	八达村委会	106.931602	25.351476	0	16	65	乡镇
522731105203	摆惹村民委员会	106.580349	25.836736	0	25	55	乡镇
522723111214	摆耳村民委员会	107.190060	26.335440	0	25	70	乡镇
522729105211	猛秋村委会	106.468877	26.135447	1	80	95	UNKNOWN
522730102214	平寨村委会	106.980000	26.453400	0	14	46	区县
522701006204	林荫村村民委员会	107.438480	26.312641	0	30	72	村庄
522728111216	龙井村委会	106.543280	25.286551	0	30	72	村庄
522722211205	平岩村委会	107.850670	25.167300	0	30	72	村庄
522727107215	拉岩村委会	107.234474	25.662036	1	80	95	UNKNOWN
522731106213	民族村民委员会	106.489150	25.908811	0	30	72	村庄
522701001200	西园村村民委员会	107.524970	26.277560	0	30	72	村庄
522723001208	鼓坪村民委员会	107.255465	26.517942	0	18	40	乡镇
522702203200	仙桥村	107.306160	26.755130	0	30	100	村庄
522725105218	洗马塘村委会	107.578457	27.063013	0	18	66	乡镇
522726112004	象山居委会	107.464430	25.336880	0	25	70	乡镇
522730103002	岩后社区居委会	106.897523	26.544725	1	80	97	UNKNOWN
522726109218	翁台村	107.636005	25.934291	0	16	47	乡镇
522730001218	大新村委会	107.064040	26.424630	0	30	72	地产小区
522728109221	民进村委会	106.975280	25.557460	0	30	72	村庄
522731102207	九门村民委员会	106.599705	25.981209	0	16	47	乡镇
522730100004	龙山社区居委会	106.987350	26.454579	0	25	70	乡镇
522726108223	凤汝村	107.450350	25.712401	0	30	100	村庄
522730105206	台上村委会	107.118290	26.719720	0	30	72	村庄
522702107200	道坪村	107.337400	26.926390	0	30	100	村庄
522722102201	瑶埃村委会	108.061183	25.362336	1	80	100	政府机构
522729101213	马路村委会	106.293130	26.210500	0	30	72	村庄
522732001005	凤凰社区居委会	107.870000	25.983201	0	14	46	区县
522731102211	兴涟村民委员会	106.599705	25.981209	0	16	65	乡镇
522727103217	水沟村委会	106.945930	25.943060	0	25	70	乡镇
522723112212	抱管村民委员会	107.080080	26.218511	0	25	70	乡镇
522731105215	青山村民委员会	106.669860	25.845400	0	30	72	村庄
522727200205	甲坝村委会	107.452650	25.848540	0	30	58	村庄
522701005202	龙江村村民委员会	107.512780	26.316060	0	30	72	村庄
522728112210	牛朋村委会	106.931602	25.351476	0	16	38	乡镇
522722212203	木朝村委会	107.976653	25.275340	0	16	38	乡镇
522727104213	先进村委会	106.861920	25.718480	0	25	70	乡镇
522730102202	元宝村委会	106.930780	26.591529	0	30	72	村庄
522723111202	谷凌村民委员会	107.190060	26.335440	0	25	55	乡镇
522731106205	水井坡村民委员会	106.486172	25.910336	0	18	49	乡镇
522728111200	河东村委会	106.613120	25.323901	0	30	72	村庄
522727102001	荷花社区居委会	106.982084	25.779898	0	16	65	乡镇
522722105205	拉易村委会	108.183890	25.491980	0	25	47	乡镇
522729105206	思京村委会	106.515550	26.196759	0	30	58	UNKNOWN
522723111203	新安村民委员会	107.214950	26.331470	0	30	72	村庄
522731106204	滩绕村民委员会	106.486172	25.910336	0	18	66	乡镇
522728111201	河西村委会	106.609290	25.318581	0	30	72	村庄
522722105204	拉祥村委会	108.183890	25.491980	0	25	70	乡镇
522723112213	小普村民委员会	107.080080	26.218511	0	25	55	乡镇
522731105214	定理村民委员会	106.580349	25.836736	0	25	70	乡镇
522727200204	摆卡村委会	107.425420	25.813270	0	30	58	UNKNOWN
522701005203	迎恩村村民委员会	107.516340	26.295330	0	30	72	村庄
522728112211	布江村委会	106.931602	25.351476	0	16	65	乡镇
522727104212	航龙村委会	106.861920	25.718480	0	25	47	乡镇
522722212202	懂朋村委会	107.976653	25.275340	0	16	38	乡镇
522729101212	石板村委会	106.382770	26.188020	0	25	70	乡镇
522731102210	满玉村民委员会	106.599705	25.981209	0	16	65	乡镇
522727103216	新营村委会	106.937440	25.854409	0	30	72	村庄
522725108201	玉屏村委会	107.429430	27.218600	0	30	72	村庄
522730100005	水场社区居委会	106.987350	26.454579	0	25	55	乡镇
522726108222	旗山村	107.502525	25.762092	0	16	65	乡镇
522730105207	花京村委会	107.096941	26.712396	0	16	38	乡镇
522702107201	谷龙村	107.367980	26.996420	0	30	100	村庄
522722102200	尧朝村委会	108.070623	25.389902	1	80	100	政府机构
522726112005	铁路居委会	107.536357	25.822079	1	80	100	政府机构
522730103003	王关社区居委会	106.939682	26.537248	0	16	47	乡镇
522729101204	石洞村委会	106.382770	26.188020	0	25	70	乡镇
522728109220	田坝村委会	106.926296	25.532003	0	16	65	乡镇
522731102206	小龙村民委员会	106.630450	26.061399	0	30	72	村庄
522702203201	月塘村	107.333810	26.731520	0	30	100	村庄
522725105219	萍水村委会	107.558260	27.120271	0	30	58	UNKNOWN
522723111215	都六村民委员会	107.190060	26.335440	0	25	55	乡镇
522701006205	谷江村村民委员会	107.450400	26.348170	0	30	72	村庄
522725109001	飞练社区	107.460378	27.123260	0	16	65	乡镇
522728111217	塘山村委会	106.495420	25.309540	0	30	72	村庄
522727107214	甲拉村委会	107.354660	25.693279	0	25	47	乡镇
522722211204	群力村委会	107.830030	25.161850	0	30	72	村庄
522731106212	花鱼村民委员会	106.452680	25.875879	0	30	72	餐饮
522723112205	江比村民委员会	107.234000	26.584899	0	14	37	区县
522701208205	福庄村村民委员会	107.726610	26.046740	0	30	72	村庄
522702103203	福兴村	107.641530	26.754500	0	30	100	村庄
522729001218	永增村委会	106.460230	26.014987	0	16	38	乡镇
522728112207	五家坟村委会	106.931602	25.351476	0	16	38	乡镇
522702106001	东南街居民委员会	107.473498	26.890754	0	16	38	乡镇
522731105202	新场村民委员会	106.494970	25.835490	0	30	72	UNKNOWN
522728107212	云盘村委会	106.757570	25.427030	0	25	70	乡镇
522727101211	边兰村委会	107.134500	25.854900	0	25	43	乡镇
522701005002	谢官冲社区居民委员会	107.503113	26.275053	0	60	80	地产小区
522726115216	温泉村	107.770016	25.721800	0	18	66	乡镇
522729103215	茅山村委会	106.400450	25.902080	0	30	72	村庄
522731103207	清水苑村民委员会	106.817300	26.098889	0	25	55	乡镇
522732114298	红星村	107.927839	25.777679	0	16	65	乡镇
522728114202	云保村委会	106.452337	25.487171	0	18	66	乡镇
522728108221	交砚村委会	106.633460	25.623019	0	25	47	乡镇
522727102201	新星村委会	106.972260	25.760170	0	30	72	村庄
522730102002	谷龙社区居委会	106.988417	26.679793	0	16	47	乡镇
522723111002	旧治社区居委会	107.190060	26.335440	0	25	70	乡镇
522731104203	播谭村民委员会	106.755030	25.972859	0	25	70	乡镇
522702102202	羊昌河村	107.616020	26.648690	0	30	100	村庄
522727105205	新街村委会	106.789710	25.674491	0	30	72	村庄
522701004214	展甲村村民委员会	107.544200	26.101130	0	30	72	村庄
522728113206	胡家湾村委会	106.625840	25.160640	0	25	70	乡镇
522722107203	新街村委会	107.697010	25.292540	0	30	72	村庄
522731107213	和平村民委员会	106.513570	25.762400	0	30	72	村庄
522701002006	环东社区居民委员会	107.522251	26.257819	1	80	100	政府机构
522727106215	冗空村委会	107.143836	25.666210	0	16	38	乡镇
522722104213	拉街村委会	107.773897	25.503436	0	50	73	道路
522729104211	斗蓬村委会	106.372035	25.760807	0	16	38	乡镇
522728113210	罗妥村委会	106.625840	25.160640	0	25	47	乡镇
522701004202	王家司村村民委员会	107.511429	26.228747	0	30	72	村庄
522731104215	摆俄村民委员会	106.755030	25.972859	0	25	70	乡镇
522726111214	北盛村	107.429320	25.465290	0	25	70	乡镇
522722104205	甲新村委会	107.721400	25.560801	0	16	47	乡镇
522729001222	牛坡村委会	106.460230	26.014987	0	16	65	乡镇
522728110200	逢亭村委会	106.563060	25.413790	0	25	47	乡镇
522731107205	长腊村民委员会	106.498530	25.820960	0	25	55	乡镇
522731002220	上龙村民委员会	106.653723	26.095601	0	16	47	乡镇
522723110202	香山村民委员会	107.139960	26.446430	0	25	55	乡镇
522726112204	兴隆村	107.464430	25.336880	0	25	70	乡镇
522702106200	水源村	107.471970	26.897289	0	30	100	村庄
522728107204	交谷村委会	106.757570	25.427030	0	25	47	乡镇
522726110002	基长居民委员会	107.667637	25.729693	0	16	38	乡镇
522730104206	岱林村委会	106.945681	26.247577	0	16	38	乡镇
522729106001	鼓扬社区居委会	106.342780	25.809460	0	25	70	乡镇
522731103211	瓮金村民委员会	106.817300	26.098889	0	25	70	乡镇
522725105223	木孔村委会	107.578457	27.063013	0	18	66	乡镇
522731002200	姚新村民委员会	106.653723	26.095601	0	16	65	乡镇
522722001200	建设村委会	107.885480	25.410040	0	30	72	村庄
522723109003	新街社区居委会	107.136444	26.550205	0	16	65	乡镇
522702001003	城北社区居民委员会	107.520000	26.686200	0	14	32	区县
522726112224	泗亭村	107.486430	25.241730	0	30	100	村庄
522725205201	茶海村委会	107.596833	26.967470	0	18	40	村庄
522728109001	大桥居委会	106.859942	25.498797	1	80	100	政府机构
522731105218	翁平村民委员会	106.817370	25.877179	0	30	72	UNKNOWN
522701111207	马场村村民委员会	107.587680	26.331969	0	30	72	UNKNOWN
522731001210	冗然村民委员会	106.719260	26.201033	0	16	47	乡镇
522722105208	甲料村委会	108.183890	25.491980	0	25	47	乡镇
522731106208	硐口村民委员会	106.486172	25.910336	0	18	49	乡镇
522701106203	秀峰村村民委员会	107.438460	26.006790	0	30	72	村庄
522728108217	油海村委会	106.633460	25.623019	0	25	47	乡镇
522725110001	草塘社区	107.602710	27.190814	0	16	65	乡镇
522730104226	摆主村委会	106.911960	26.263451	0	30	58	UNKNOWN
522723002203	龙港村民委员会	107.294938	26.550714	0	18	40	乡镇
522732001008	尧人山社区居委会	107.870000	25.983201	0	14	37	区县
522732115283	水东村	107.880045	25.647839	0	16	65	乡镇
522728107224	板庚村委会	106.645590	25.514950	0	60	80	UNKNOWN
522701106215	河源村村民委员会	107.470590	26.016200	0	30	72	村庄
522723108203	晓丰村民委员会	107.272585	26.677992	0	16	65	乡镇
522731103227	甲坝村民委员会	106.817300	26.098889	0	25	55	乡镇
522732116285	扬拱村	108.052420	25.694571	0	30	100	村庄
522723001205	胜利村民委员会	107.291930	26.524159	0	30	72	村庄
522728108201	前进村委会	106.627440	25.636940	0	30	72	村庄
522726109215	友芝村	107.636005	25.934291	0	16	47	乡镇
522729101208	四寨村委会	106.382770	26.188020	0	25	70	乡镇
522732115295	恒丰村	107.880045	25.647839	0	16	65	乡镇
522722001216	洞托村委会	107.887000	25.410799	0	14	32	区县
522701208209	阳立村村民委员会	107.724710	26.092890	0	30	72	村庄
522723112209	摆城村民委员会	107.054660	26.156009	0	30	72	UNKNOWN
522731002216	绿化村民委员会	106.653723	26.095601	0	16	47	乡镇
522725101201	细沙村委会	107.425436	26.987040	0	18	66	乡镇
522727104208	金星村委会	106.852660	25.708701	0	30	72	村庄
522725111201	樱桃村	107.382710	27.295111	0	25	70	乡镇
522729001214	所把村委会	106.460230	26.014987	0	16	38	乡镇
522723111219	铁锁岩村民委员会	107.323000	26.361050	0	30	72	UNKNOWN
522731001206	三合村民委员会	106.719260	26.201033	0	16	47	乡镇
522701111211	摆茶村村民委员会	107.684100	26.278511	0	30	72	村庄
522732111281	大河村	107.810210	25.933631	0	30	100	村庄
522731108200	红旗村民委员会	106.801610	25.798510	0	30	72	村庄
522727107218	红旗村委会	107.354660	25.693279	0	25	70	乡镇
522725107204	龙蟠村委会	107.339390	27.247800	0	30	72	村庄
522732114294	三洞村	107.927839	25.777679	0	16	65	乡镇
522728109200	罗沟村委会	106.926296	25.532003	0	16	65	乡镇
522729001003	城南社区居委会	106.460230	26.014987	0	16	65	乡镇
522731102226	翁金村民委员会	106.599705	25.981209	0	16	65	乡镇
522725104214	保护村委会	107.268784	27.048933	0	16	65	乡镇
522731002001	高镇居委会	106.653723	26.095601	0	16	47	乡镇
522723109202	清定桥村民委员会	107.171680	26.507749	0	30	72	村庄
522722001001	永济泉居委会	107.887000	25.410799	0	14	37	区县
522702001202	城郊村	107.509300	26.697041	0	30	100	村庄
522729101224	湾河村委会	106.382770	26.188020	0	25	70	乡镇
522730001002	西门社区居委会	106.975798	26.448351	1	80	100	政府机构
522727106219	六寨村委会	107.143836	25.666210	0	16	65	乡镇
522731109201	火阳村民委员会	106.983796	26.117280	0	16	65	乡镇
522723002002	庆熙社区居委会	107.238977	26.579956	1	80	100	政府机构
522726110223	狮山村	107.667637	25.729693	0	16	65	乡镇
522727001201	金盆村委会	107.323000	25.822401	0	14	32	区县
522728219202	金祥村委会	106.833836	25.258910	0	16	65	村庄
522701004218	苗拱村村民委员会	107.550110	26.060190	0	30	72	村庄
522725110200	金竹村	107.589040	27.155779	0	30	100	村庄
522727105209	新建村委会	106.841820	25.613591	0	30	72	村庄
522732113290	复兴村	108.096400	25.935780	0	25	70	乡镇
522725105002	白水河社区	107.544928	27.077633	0	50	100	UNKNOWN
522730100208	余下村委会	106.987350	26.454579	0	25	70	乡镇
522731107209	伙塘村民委员会	106.498530	25.820960	0	25	55	乡镇
522722104209	双江村委会	107.773960	25.533089	0	30	72	村庄
522701110206	坪阳村村民委员会	107.519000	26.259800	0	14	32	区县
522732113286	打鱼村	108.015047	26.007534	0	30	100	村庄
522731104219	洛平村民委员会	106.755030	25.972859	0	25	55	乡镇
522723001004	大同社区居委会	107.255465	26.517942	0	18	49	乡镇
522723111223	红光村民委员会	107.220890	26.280380	0	30	72	村庄
522732114282	东山村	107.927839	25.777679	0	16	65	乡镇
522727100226	土寨村委会	107.276109	25.890772	0	16	65	乡镇
522702002204	黄丝村	107.542758	26.629802	0	80	58	村庄
522726114221	上司村	107.495040	25.609020	0	30	100	村庄
522728107208	八一村委会	106.757570	25.427030	0	25	70	乡镇
522728109216	罗牙村委会	106.926296	25.532003	0	16	38	乡镇
522701107202	平坝村村民委员会	107.401660	26.013030	0	30	72	村庄
522732112284	交梨村	107.836074	26.090978	1	80	97	UNKNOWN
522725205202	章阁村委会	107.596833	26.967470	0	18	49	村庄
522722001203	时来村委会	107.888153	25.416651	0	50	73	UNKNOWN
522731002203	长岩村民委员会	106.728577	26.148077	1	80	97	UNKNOWN
522729105209	凉水村委会	106.476690	26.202341	0	30	72	村庄
522701111204	五星村村民委员会	107.642980	26.149270	0	30	72	村庄
522731001213	山口村民委员会	106.595720	26.101790	0	30	72	村庄
522725110002	下司社区	107.602710	27.190814	0	16	65	乡镇
522728108214	栗木村委会	106.633460	25.623019	0	25	70	乡镇
522701106200	新坪村村民委员会	107.602870	26.104200	0	30	72	村庄
522723002200	城北村民委员会	107.237610	26.586309	0	30	72	村庄
522732115280	新荣村	107.880045	25.647839	0	16	65	乡镇
522727103219	公峨村委会	106.945930	25.943060	0	25	70	乡镇
522728108202	新街村委会	106.635330	25.622209	0	30	72	村庄
522731103224	盘井村民委员会	106.924230	26.004270	0	30	72	UNKNOWN
522725105216	长岭村委会	107.604970	27.027079	0	30	72	村庄
522723001206	新良田村民委员会	107.255465	26.517942	0	18	40	乡镇
522701106216	丙午村村民委员会	107.532170	26.021699	0	30	72	村庄
522723108200	德新村民委员会	107.239920	26.639239	1	80	100	政府机构
522732115296	塘党村	107.830030	25.595579	0	30	100	村庄
522731102209	崇学村民委员会	106.599705	25.981209	0	16	65	乡镇
522726109216	紫林山村	107.666490	25.881119	0	30	100	UNKNOWN
522728112208	高里村委会	106.931602	25.351476	0	16	65	乡镇
522725111202	山星村	107.471000	27.078399	0	14	32	区县
522725101202	营定街村委会	107.463176	26.959489	1	80	100	政府机构
522731002215	龙泉村民委员会	106.653723	26.095601	0	16	47	乡镇
522722001215	尧棒村委会	107.887000	25.410799	0	14	32	区县
522731108203	龙虎村民委员会	106.766307	25.806030	1	70	92	UNKNOWN
522728111218	沿河村委会	106.533140	25.248760	0	30	72	村庄
522732111282	合江村	107.781160	25.874239	0	30	100	村庄
522731001205	新城村民委员会	106.666590	26.124931	0	30	72	村庄
522701111212	鸡贾村村民委员会	107.727200	26.199920	0	30	72	村庄
522729105008	鼠场社区居委会	106.553870	26.192370	0	25	55	乡镇
522732114297	水维村	107.927839	25.777679	0	16	65	乡镇
522731103208	关山村民委员会	106.847337	26.162404	0	30	72	村庄
522723109201	音寨村民委员会	107.173989	26.472212	0	25	70	旅游景点
522722001002	樟江园居委会	107.879315	25.409165	0	25	70	旅游景点
522702001201	太平村	107.488980	26.721180	0	30	100	村庄
522731002002	险峰居委会	106.653723	26.095601	0	16	47	乡镇
522731102225	龙上村民委员会	106.599705	25.981209	0	16	47	乡镇
522728109203	翁保村委会	106.926296	25.532003	0	16	38	乡镇
522726110220	江寨村	107.734380	25.795950	0	30	100	村庄
522727001202	回龙村委会	107.338540	25.827910	0	30	72	村庄
522723002001	东方社区居委会	107.240265	26.575053	1	80	100	政府机构
522727108204	开花寨村委会	107.063730	25.941530	0	30	58	村庄
522730001001	冠山社区居委会	106.982913	26.440507	1	80	100	政府机构
522731109202	黄土村民委员会	106.983796	26.117280	0	16	47	乡镇
522701002009	蒙家桥社区居民委员会	107.515741	26.246883	0	30	58	道路
522701106001	墨阳社区居民委员会	107.467624	26.046445	1	80	100	政府机构
522732113293	光明村	108.008120	25.846900	0	30	100	村庄
522725105001	垛丁社区	107.578457	27.063013	0	18	66	乡镇
522728219201	仁兴村委会	106.833836	25.258910	0	16	65	村庄
522728113209	沫村村委会	106.568100	25.190469	0	30	58	村庄
522725110203	马场坪村	107.565190	27.206250	0	30	100	村庄
522701110205	摆忙村村民委员会	107.310780	26.250150	0	30	72	村庄
522729104208	睦化村委会	106.372035	25.760807	0	16	38	乡镇
522723111220	栗山村民委员会	107.302210	26.332020	0	30	72	村庄
522727107221	沙坡村委会	107.333030	25.638272	0	30	72	村庄
522732113285	灵山村	108.096400	25.935780	0	25	70	乡镇
522731001004	濛江社区居委会	106.719260	26.201033	0	16	65	乡镇
522730105224	乐宝村委会	107.096941	26.712396	0	16	38	乡镇
522726114222	谭尧村	107.502933	25.675596	0	30	100	村庄
522726108201	城西村	107.502525	25.762092	0	16	65	乡镇
522727100225	甘寨村委会	107.276109	25.890772	0	16	65	乡镇
522732114281	甲化村	107.916060	25.774100	0	30	100	村庄
522701107201	文峰村村民委员会	107.412890	26.072060	0	30	72	村庄
522727101208	兴陶村委会	107.134500	25.854900	0	25	47	乡镇
522728109215	先锋村委会	106.811480	25.515549	0	30	72	村庄
522728111202	平艾村委会	106.752000	25.425100	0	14	29	区县
522722105207	大土村委会	108.261610	25.546349	0	30	72	村庄
522731106207	羊马村民委员会	106.486172	25.910336	0	18	49	乡镇
522701111208	绕河村村民委员会	107.642990	26.267950	0	30	72	村庄
522723111200	九百户村民委员会	107.192160	26.335920	1	80	97	UNKNOWN
522728112212	布苏村委会	106.931602	25.351476	0	16	38	乡镇
522701005200	黄丰村村民委员会	107.535690	26.338009	0	30	72	村庄
522727104211	金山村委会	106.835150	25.719001	0	30	72	村庄
522722212201	已陇村委会	107.976653	25.275340	0	16	38	乡镇
522731105217	花山村民委员会	106.636810	25.812509	0	30	72	村庄
522729106215	翁落村委会	106.342780	25.809460	0	25	47	乡镇
522723112210	摆谷村民委员会	107.080080	26.218511	0	25	55	乡镇
522701208210	翁降村村民委员会	107.750020	26.083910	0	30	72	村庄
522725108202	乌江村委会	107.450586	27.287919	0	18	66	乡镇
522727103215	新光村委会	107.012370	25.911610	0	30	72	村庄
522731102213	好花红村民委员会	106.599705	25.981209	0	16	47	乡镇
522732001007	都柳江社区居委会	107.879242	25.983258	1	80	100	政府机构
522730104229	果里村委会	106.945681	26.247577	0	16	38	乡镇
522728108218	巴沙村委会	106.633460	25.623019	0	25	70	乡镇
522702107202	气坪村	107.305160	26.945450	0	30	100	村庄
522722102203	罗家村委会	108.072850	25.390249	0	25	70	乡镇
522730100006	草原社区居委会	106.987350	26.454579	0	25	70	乡镇
522732001284	南岭村	107.870000	25.983201	0	14	46	区县
522726108221	三桥村	107.535240	25.815529	0	30	100	村庄
522731102205	栗木村民委员会	106.599705	25.981209	0	16	47	乡镇
522722101205	山江村委会	107.815933	25.351136	0	18	40	乡镇
522728109223	董细村委会	106.926296	25.532003	0	16	38	乡镇
522702203202	大花水村	107.291920	26.770079	0	30	100	村庄
522731103228	石板村民委员会	106.987180	26.045160	0	30	72	村庄
522727100213	兴民村委会	107.276109	25.890772	0	16	65	乡镇
522731106211	河心村民委员会	106.486172	25.910336	0	18	49	乡镇
522722105211	拉先村委会	108.183890	25.491980	0	25	47	乡镇
522728111214	拉招村委会	106.610270	25.320271	0	25	47	乡镇
522701006206	斗篷山村村民委员会	107.411008	26.352286	0	30	72	村庄
522725109002	太平社区	107.460378	27.123260	0	16	65	乡镇
522727107217	福荣村委会	107.354660	25.693279	0	25	70	乡镇
522722211207	巴平村委会	107.826359	25.213280	0	16	65	乡镇
522723111216	良田村民委员会	107.255854	26.407437	0	30	72	村庄
522729105213	金山村委会	106.553870	26.192370	0	25	55	乡镇
522726113210	三里村	107.556254	25.882882	0	18	66	乡镇
522730102216	谷新村委会	106.988417	26.679793	0	16	65	乡镇
522731001209	甘昌村民委员会	106.719260	26.201033	0	16	47	乡镇
522731105201	木兴村民委员会	106.580349	25.836736	0	25	55	乡镇
522702103200	浪波河村	107.615390	26.777650	0	30	100	村庄
522728112204	高田村委会	106.931860	25.341330	0	30	72	村庄
522702106002	西北街居民委员会	107.473498	26.890754	0	16	38	乡镇
522723112206	燕子岩村民委员会	107.105210	26.277730	0	50	82	UNKNOWN
522701208206	富裕村村民委员会	107.668760	26.038280	0	30	72	村庄
522729103001	摆所社区居委会	106.337220	25.974629	0	30	72	UNKNOWN
522731002219	光明村民委员会	106.520720	26.027430	0	30	72	村庄
522726115215	合力村	107.770016	25.721800	0	18	66	乡镇
522727101212	陈家湾村委会	107.134500	25.854900	0	25	70	乡镇
522701005001	七星社区居民委员会	107.515881	26.342021	0	18	35	乡镇
522728107211	顶访村委会	106.757570	25.427030	0	25	47	乡镇
522730102001	醒狮社区居委会	106.988417	26.679793	0	16	47	乡镇
522723111001	昌明社区居委会	107.190060	26.335440	0	25	70	乡镇
522728108222	大寨村委会	106.512550	25.490269	0	30	72	村庄
522728114201	从里村委会	106.494080	25.435660	0	30	58	UNKNOWN
522702105205	云雾村	107.394080	26.801770	0	30	100	村庄
522727102202	翁岗村委会	106.969220	25.729721	0	30	58	村庄
522731103204	立新村民委员会	106.838027	26.111141	1	80	95	地产小区
522727105206	兴隆村委会	106.795030	25.654530	0	30	72	村庄
522728113205	平亭村委会	106.625840	25.160640	0	25	47	乡镇
522701004217	各里村村民委员会	107.446670	26.144231	0	30	72	村庄
522702107003	英坪居民委员会	107.369921	26.937549	0	30	58	村庄
522722107200	绿林村委会	107.675744	25.298087	1	80	100	政府机构
522731104200	雅水村民委员会	106.754562	25.979471	0	60	87	UNKNOWN
522725001005	仙桥社区	107.470331	27.073204	1	80	97	政府机构
522730103217	谷冰村委会	106.939682	26.537248	0	16	38	乡镇
522701002005	龙潭社区居民委员会	107.520881	26.254667	1	80	100	政府机构
522727106216	堡上村委会	107.143836	25.666210	0	16	65	乡镇
522722104210	红坭村委会	107.721400	25.560801	0	16	65	乡镇
522731107210	西南村民委员会	106.498530	25.820960	0	25	55	乡镇
522726111217	新同村	107.429320	25.465290	0	25	70	乡镇
522730100211	莲花村委会	106.951621	26.441743	1	75	95	UNKNOWN
522725002003	广场社区	107.477209	27.057066	1	80	100	政府机构
522731104216	摆王村民委员会	106.755030	25.972859	0	25	55	乡镇
522732113289	月亮村	108.096400	25.935780	0	25	70	乡镇
522701004201	沙井街村村民委员会	107.512870	26.219571	0	30	72	村庄
522728113213	牙村村委会	106.728170	25.240541	0	30	58	村庄
522701001003	平桥社区居民委员会	107.531008	26.278974	0	30	47	乡镇
522723110201	乐雍村民委员会	107.136580	26.370831	0	30	72	UNKNOWN
522730103201	高堡村委会	106.973740	26.535251	0	30	72	村庄
522731002223	红星村民委员会	106.653723	26.095601	0	16	47	乡镇
522731107206	冉告村民委员会	106.498530	25.820960	0	25	70	乡镇
522722104206	益觉村委会	107.721400	25.560801	0	16	38	乡镇
522729001221	长坡村委会	106.460230	26.014987	0	16	47	乡镇
522728110203	腮里村委会	106.563060	25.413790	0	25	55	乡镇
522727103002	第一居民委员会	106.945930	25.943060	0	25	70	乡镇
522728107207	七一村委会	106.757570	25.427030	0	25	70	乡镇
522728109219	麻怀村委会	106.926296	25.532003	0	16	38	乡镇
522702103001	陆坪居民委员会	107.642253	26.754687	0	25	47	乡镇
522730001220	凤凰村委会	107.085450	26.569691	0	30	72	村庄
522702106203	东南街村	107.449220	26.886941	0	30	100	村庄
522725105220	后坝村委会	107.578457	27.063013	0	18	66	乡镇
522731103212	葡所村民委员会	106.817300	26.098889	0	25	70	乡镇
522727100229	基哈村委会	107.232610	25.809339	0	30	58	UNKNOWN
522725109203	新华村	107.514130	27.135770	0	30	100	村庄
522728108234	油烟村委会	106.633460	25.623019	0	25	47	乡镇
522725105221	红岩村委会	107.664360	27.104191	0	30	72	村庄
522731103213	花厂村民委员会	106.817300	26.098889	0	25	55	乡镇
522727100228	磨刀石村委会	107.276109	25.890772	0	16	65	乡镇
522729103201	城伍村委会	106.342300	25.975300	0	25	47	乡镇
522730104204	金批村委会	106.945681	26.247577	0	16	38	乡镇
522728107206	六一村委会	106.757570	25.427030	0	25	47	乡镇
522730001221	平西村委会	107.028186	26.491054	0	16	38	乡镇
522728109218	东跃村委会	106.912740	25.578160	0	30	72	村庄
522702106202	廻龙村	107.477700	26.929999	0	30	100	村庄
522723110200	沿山村民委员会	107.136910	26.446900	0	30	72	村庄
522729104205	打朝村委会	106.335560	25.747579	0	30	58	UNKNOWN
522731002222	民河村民委员会	106.653723	26.095601	0	16	65	乡镇
522701110208	双新村村民委员会	107.270080	26.214731	0	30	72	地产小区
522731107207	新华村民委员会	106.481790	25.777340	0	30	72	村庄
522722104207	新场村委会	107.721400	25.560801	0	16	65	乡镇
522729001220	付家院村委会	106.460230	26.014987	0	16	38	乡镇
522728110202	纳闹村委会	106.563060	25.413790	0	25	47	乡镇
522726111216	华南村	107.429320	25.465290	0	25	70	乡镇
522725002002	花竹社区	107.477591	27.063985	1	75	100	地产小区
522731104217	蓬路村民委员会	106.755030	25.972859	0	25	70	乡镇
522732113288	来术村	107.985466	26.073597	0	30	100	村庄
522701004200	小围寨村村民委员会	107.520620	26.221090	0	30	72	村庄
522728113212	交算村委会	106.727691	25.173689	1	80	95	UNKNOWN
522701001002	大西门社区居民委员会	107.518886	26.264933	1	75	92	地产小区
522725001004	云星社区	107.470331	27.073204	1	80	97	政府机构
522727106217	拉抹村委会	107.236530	25.782260	0	30	58	UNKNOWN
522701002004	百子桥社区居民委员会	107.515900	26.253970	0	25	55	道路
522722104211	尧并村委会	107.721400	25.560801	0	16	38	乡镇
522731107211	场坝村民委员会	106.512540	25.734119	0	30	72	村庄
522726111200	下司村	107.431280	25.472440	0	30	100	村庄
522727105207	塘泥村委会	106.767215	25.633382	1	70	88	UNKNOWN
522702102200	金凤村	107.634590	26.633740	0	30	100	村庄
522702107002	高坪司居民委员会	107.371370	26.896150	0	30	58	村庄
522728113204	罗暮村委会	106.625840	25.160640	0	25	47	乡镇
522701004216	荣堡村村民委员会	107.407950	26.108990	0	30	72	村庄
522722107201	拉欧村委会	107.709118	25.344280	0	16	38	乡镇
522731104201	葡林村民委员会	106.755030	25.972859	0	25	70	乡镇
522728108223	和平村委会	106.595710	25.593161	0	30	72	村庄
522728114200	木引村委会	106.452337	25.487171	0	18	40	乡镇
522727102203	丹平村委会	106.982084	25.779898	0	16	38	乡镇
522702105204	龙井村	107.521420	26.770610	0	30	100	村庄
522731103205	单耙村民委员会	106.817300	26.098889	0	25	70	乡镇
522726115214	玉丙村	107.770016	25.721800	0	18	66	乡镇
522727101213	白沙村委会	107.134500	25.854900	0	25	70	乡镇
522728107210	兴未村委会	106.757570	25.427030	0	25	47	乡镇
522731105200	八大村民委员会	106.580349	25.836736	0	25	55	乡镇
522702103201	翁羊村	107.693930	26.799860	0	30	100	村庄
522702106003	瓮福矿肥基地居民委员会	107.473498	26.890754	0	16	38	乡镇
522728112205	丰井村委会	106.931602	25.351476	0	16	38	乡镇
522701208207	翁高村村民委员会	107.700762	26.068813	0	30	72	村庄
522723112207	铁厂村民委员会	107.118880	26.212629	0	30	72	村庄
522729106202	岩上村委会	106.319240	25.792930	0	30	72	村庄
522731002218	板长村民委员会	106.653723	26.095601	0	16	65	乡镇
522731106210	群中村民委员会	106.486172	25.910336	0	18	66	乡镇
522722105210	岜鲜村委会	108.140180	25.553989	0	30	58	UNKNOWN
522728111215	罗苏村委会	106.610270	25.320271	0	25	47	乡镇
522725109003	银盏社区	107.460378	27.123260	0	16	65	乡镇
522722211206	力书村委会	107.826359	25.213280	0	16	38	乡镇
522727107216	和平村委会	107.310860	25.557070	0	30	72	村庄
522723111217	贾戎村民委员会	107.190060	26.335440	0	25	70	乡镇
522726113211	拉林村	107.590020	25.889720	0	30	100	村庄
522731001208	龙井村民委员会	106.719260	26.201033	0	16	47	乡镇
522702203203	王卡村	107.281329	26.837833	0	30	100	村庄
522731103229	蛮河村民委员会	106.817300	26.098889	0	25	55	乡镇
522701004001	剑南社区居民委员会	107.476683	26.154073	0	16	33	乡镇
522727100212	拉全村委会	107.276109	25.890772	0	16	38	乡镇
522730105213	猫寨村委会	107.096941	26.712396	0	16	38	乡镇
522731102204	金田村民委员会	106.612159	26.057726	0	30	72	村庄
522722101204	洪江村委会	107.815933	25.351136	0	18	66	乡镇
522728109222	白龙村委会	106.926296	25.532003	0	16	65	乡镇
522723110001	沿山社区居委会	107.139960	26.446430	0	25	70	乡镇
522730103001	谷脚社区居委会	106.939682	26.537248	0	16	65	乡镇
522702102001	凤山居民委员会	107.632390	26.634240	0	25	47	乡镇
522728108219	里博沟村委会	106.609430	25.652580	0	30	51	UNKNOWN
522702107203	高坪司村	107.365180	26.912639	0	30	100	村庄
522722102202	比鸠村委会	108.089570	25.408580	0	30	58	UNKNOWN
522730105205	落掌村委会	107.096941	26.712396	0	16	38	乡镇
522727103214	洋方村委会	106.945930	25.943060	0	25	47	乡镇
522732001006	小河社区居委会	107.870000	25.983201	0	14	46	区县
522731102212	三联村民委员会	106.599705	25.981209	0	16	65	乡镇
522728112213	亭西村委会	106.931602	25.351476	0	16	38	乡镇
522701005201	茶园村村民委员会	107.514578	26.312377	0	30	72	村庄
522722212200	拉内村委会	107.976653	25.275340	0	16	65	乡镇
522727104210	光明村委会	106.820510	25.723780	0	30	72	村庄
522731105216	新民村民委员会	106.654390	25.831090	0	30	72	村庄
522729106214	长易村委会	106.342780	25.809460	0	25	47	乡镇
522701208211	翁奇村村民委员会	107.756800	26.119160	0	30	72	村庄
522723112211	谷丰村民委员会	107.080080	26.218511	0	25	55	乡镇
522728111203	纳闹村委会	106.610270	25.320271	0	25	47	乡镇
522722105206	水维村委会	108.236700	25.510040	0	30	58	UNKNOWN
522731106206	麦旁村民委员会	106.463640	25.936730	0	30	72	UNKNOWN
522701111209	坝固村村民委员会	107.721550	26.247160	0	30	72	村庄
522723111201	秀河村民委员会	107.190060	26.335440	0	25	55	乡镇
522701107200	平浪村村民委员会	107.407950	26.064770	0	30	72	村庄
522727101209	王宋村委会	107.089210	25.825941	0	30	58	UNKNOWN
522728109214	跃进村委会	106.926296	25.532003	0	16	65	乡镇
522731001005	幸福社区	106.719260	26.201033	0	16	65	乡镇
522702002206	安谷村	107.542758	26.629802	0	80	58	村庄
522726114223	拉旺村	107.432120	25.612010	0	30	100	村庄
522727100224	龙兴村委会	107.273070	25.927500	0	30	72	村庄
522732114280	中和村	107.903000	25.802300	0	30	100	村庄
522723111221	永和村民委员会	107.241630	26.243020	0	30	72	村庄
522727107220	幸福村委会	107.295630	25.599310	0	30	72	村庄
522732113284	大坝村	108.109300	25.914521	0	30	100	村庄
522701110204	摆桑村村民委员会	107.259280	26.159391	0	30	72	村庄
522729104209	麻响村委会	106.372035	25.760807	0	16	38	乡镇
522725103204	茶店村委会	107.272378	27.143293	0	18	66	乡镇
522732113292	坝辉村	108.096220	25.863100	0	30	100	村庄
522728219200	凤亭村委会	106.833836	25.258910	0	16	38	村庄
522728113208	保上村委会	106.625840	25.160640	0	25	70	乡镇
522725110202	宋家寨村	107.539640	27.194499	0	30	100	村庄
522726110221	水岩村	107.718270	25.762010	0	30	100	村庄
522727001203	双桥村委会	107.325640	25.840651	0	30	72	村庄
522727108205	卡腊村委会	107.080541	25.917260	1	80	95	UNKNOWN
522731109203	本底村民委员会	106.982969	26.155255	1	80	97	UNKNOWN
522701002008	新华社区居民委员会	107.519000	26.259800	0	14	32	区县
522722001003	古城居委会	107.887000	25.410799	0	14	46	区县
522723109200	红旗村民委员会	107.164770	26.472580	0	30	72	村庄
522702001200	双桥村	107.518980	26.687280	0	30	100	村庄
522731002003	永安居委会	106.653723	26.095601	0	16	65	乡镇
522731102224	吉安村民委员会	106.599705	25.981209	0	16	47	乡镇
522729001001	长兴社区居委会	106.440461	26.022486	1	80	100	政府机构
522728109202	江亭村委会	106.828035	25.500639	0	25	55	旅游景点
522701111004	王司居民委员会	107.642605	26.207823	0	16	38	乡镇
522732114296	兴旺村	107.927839	25.777679	0	16	65	乡镇
522731103209	马道村民委员会	106.798280	26.092030	0	30	72	村庄
522725107206	中火村委会	107.320101	27.214168	0	18	66	乡镇
522731108202	甲奉村民委员会	106.790557	25.817582	0	16	65	乡镇
522728111219	平榜村委会	106.752000	25.425100	0	14	29	区县
522732111283	巴佑村	107.745550	25.875791	0	30	100	村庄
522731001204	惠民村民委员会	106.650321	26.115805	0	30	72	村庄
522701111213	明英村村民委员会	107.692240	26.210520	0	30	72	村庄
522728112209	大亭村委会	106.931602	25.351476	0	16	65	乡镇
522725111203	铜锣村	107.372826	27.361667	0	30	100	村庄
522725101203	三合村委会	107.425436	26.987040	0	18	66	乡镇
522725104001	凤凰社区	107.268784	27.048933	0	16	65	乡镇
522731002214	长田村民委员会	106.653723	26.095601	0	16	47	乡镇
522701107001	平浪居民委员会	107.384700	26.052240	0	30	58	UNKNOWN
522722001214	水丰村委会	107.887000	25.410799	0	14	46	区县
522732115297	双龙湖村	107.880045	25.647839	0	16	65	乡镇
522731102208	新门村民委员会	106.599705	25.981209	0	16	47	乡镇
522730104232	渔洞村委会	106.938567	26.173788	1	80	95	UNKNOWN
522726109217	桑麻村	107.594100	25.954479	0	30	100	村庄
522728108203	兴隆村委会	106.580350	25.452400	0	30	72	村庄
522731103225	冗拱村民委员会	106.916800	26.027120	0	30	72	UNKNOWN
522723001207	虎场村民委员会	107.244480	26.498880	0	30	72	UNKNOWN
522701106217	凤凰村村民委员会	107.506330	25.995351	0	30	72	村庄
522723108201	丰收村民委员会	107.242380	26.675589	0	30	72	村庄
522723002201	城东村民委员会	107.242210	26.569529	0	30	72	地产小区
522732115281	新联村	107.880045	25.647839	0	16	65	乡镇
522728107226	里免村委会	106.757570	25.427030	0	25	43	乡镇
522730001201	播箕村委会	107.028186	26.491054	0	16	33	乡镇
522727103218	民联村委会	106.928690	25.838370	0	30	72	村庄
522727001002	金龙社区居委会	107.323000	25.822401	0	14	32	区县
522725110003	松坪社区	107.611022	27.222732	1	80	100	政府机构
522728108215	者任村委会	106.633460	25.623019	0	25	47	乡镇
522701106201	墨冲村村民委员会	107.465450	26.049600	0	30	72	村庄
522729105208	中院村委会	106.553870	26.192370	0	25	70	乡镇
522701111205	附城村村民委员会	107.580240	26.262600	0	30	72	村庄
522731001212	长征村民委员会	106.719260	26.201033	0	16	47	乡镇
522732112285	前进村	107.836074	26.090978	1	80	100	UNKNOWN
522722001202	水春村委会	107.950710	25.481529	0	30	58	村庄
522726112226	坝望村	107.574630	25.345040	0	30	100	村庄
522702001001	藜峨社区居民委员会	107.520000	26.686200	0	14	32	区县
522731002202	长新村民委员会	106.653723	26.095601	0	16	47	乡镇
522731106201	小石村民委员会	106.486172	25.910336	0	18	49	乡镇
522728111204	朗顶村委会	106.610270	25.320271	0	25	47	乡镇
522722105201	坤地村委会	108.217310	25.461210	0	30	58	UNKNOWN
522730102206	凉水村委会	106.953070	26.630270	0	30	72	村庄
522723111206	高坡村民委员会	107.111850	26.452939	0	30	72	村庄
522731105211	雅州村民委员会	106.701790	25.816200	0	30	72	UNKNOWN
522727200201	河中村委会	107.394727	25.793921	0	18	66	乡镇
522727104217	新合村委会	106.861920	25.718480	0	25	70	乡镇
522722212207	洞腊村委会	108.106995	25.239012	1	80	100	政府机构
522728112214	田坝村委会	106.931602	25.351476	0	16	65	乡镇
522701005206	剑江村村民委员会	107.507310	26.292130	0	30	72	村庄
522729106213	新关村委会	106.342780	25.809460	0	25	70	乡镇
522723112216	关口村民委员会	107.168120	26.146119	0	30	72	村庄
522722001209	水捞村委会	107.983000	25.429321	0	30	58	UNKNOWN
522731002209	司蒙村民委员会	106.653723	26.095601	0	16	65	乡镇
522731102215	石头关村民委员会	106.638460	25.972579	0	30	72	UNKNOWN
522727103213	里中村委会	106.945930	25.943060	0	25	47	乡镇
522729101217	核子村委会	106.382770	26.188020	0	25	47	乡镇
522702107204	英坪村	107.369930	26.936730	0	30	100	村庄
522722102205	洞流村委会	108.041497	25.403803	1	80	100	政府机构
522732001282	苗龙村	107.870000	25.983201	0	14	46	区县
522722101203	岜马村委会	107.815933	25.351136	0	18	66	乡镇
522722104001	阁龙居委会	107.721400	25.560801	0	16	65	乡镇
522728109225	高兰村委会	106.926296	25.532003	0	16	65	乡镇
522731102203	上衙村民委员会	106.611390	26.034081	0	30	72	UNKNOWN
522728108208	团田村委会	106.633460	25.623019	0	25	70	乡镇
522727107211	平河村委会	107.354660	25.693279	0	25	70	乡镇
522731108209	西混村民委员会	106.790557	25.817582	0	16	47	乡镇
522722211201	红光村委会	107.774840	25.260309	0	30	72	村庄
522728111212	拉喊村委会	106.716171	25.349082	1	80	95	UNKNOWN
522701006200	文明村村民委员会	107.455560	26.324670	0	30	72	村庄
522725109004	大寨坪社区	107.460378	27.123260	0	16	65	乡镇
522732111288	柳源村	107.810250	25.943611	0	25	70	乡镇
522701111218	新场村村民委员会	107.708050	26.142670	0	30	72	UNKNOWN
522723111210	文江村民委员会	107.190060	26.335440	0	25	55	乡镇
522728112202	新茂村委会	106.858000	25.286010	0	30	72	村庄
522702106004	五新社区居委会	107.473498	26.890754	0	16	65	乡镇
522702103206	香坪村	107.569087	26.835850	0	30	100	村庄
522722212211	白岩村委会	107.934922	25.363813	1	80	100	政府机构
522731105207	大坡村民委员会	106.530430	25.839530	0	30	72	村庄
522723102200	乐邦村民委员会	107.196511	26.706941	0	18	49	乡镇
522723112200	平伐村民委员会	107.234000	26.584899	0	14	37	区县
522701208200	奉合村村民委员会	107.648250	26.068850	0	30	72	村庄
522730104002	新龙社区居委会	106.945681	26.247577	0	16	65	乡镇
522729103210	松港村委会	106.342300	25.975300	0	25	47	乡镇
522726115213	本寨村	107.765400	25.698660	0	30	100	村庄
522725106220	清香村委会	107.284270	27.370270	0	25	47	乡镇
522728107217	交广村委会	106.757570	25.427030	0	25	47	乡镇
522728109209	大井村委会	106.864290	25.556120	0	30	72	村庄
522727101214	甲本村委会	107.134500	25.854900	0	25	47	乡镇
522701005007	龙昌社区居民委员会	107.515881	26.342021	0	18	35	乡镇
522726113001	麻万居民委员会	107.556254	25.882882	0	18	40	乡镇
522731103202	扪摆村民委员会	106.817300	26.098889	0	25	70	乡镇
522702105203	龙昌村	107.464910	26.772530	0	30	100	村庄
522727102204	新立村委会	107.051690	25.730580	0	30	72	村庄
522728108224	新塘村委会	106.575710	25.608990	0	30	72	村庄
522728114207	宜龙村委会	106.452337	25.487171	0	18	40	乡镇
522730105003	哪嗙社区居委会	107.096941	26.712396	0	16	65	乡镇
522731104206	街上村民委员会	106.755030	25.972859	0	25	55	乡镇
522732113299	振兴村	108.096400	25.935780	0	25	70	乡镇
522728113203	罗祥村委会	106.625840	25.160640	0	25	47	乡镇
522701004211	普林村村民委员会	107.467260	26.087169	0	30	72	村庄
522702102207	哲港村	107.697360	26.584270	0	30	100	村庄
522727105200	湾子村委会	106.783630	25.654471	0	30	72	村庄
522725110209	石板坪村委会	107.602710	27.190814	0	16	65	乡镇
522722107206	中心村委会	107.642700	25.445780	0	30	72	村庄
522723110211	威远村民委员会	107.139960	26.446430	0	25	55	乡镇
522725001003	城北社区	107.470331	27.073204	1	80	97	政府机构
522731107216	董上村民委员会	106.498530	25.820960	0	25	55	乡镇
522731109208	龙塘村民委员会	106.924931	26.133529	0	30	72	村庄
522701002003	西山社区居民委员会	107.519000	26.259800	0	14	32	区县
522727106210	摆洗村委会	107.143836	25.666210	0	16	38	乡镇
522725002005	金龙社区	107.477209	27.057066	1	80	97	政府机构
522722107210	联江村委会	107.717868	25.420649	1	80	100	政府机构
522701001005	东山社区居民委员会	107.521041	26.261415	1	80	100	政府机构
522701004207	大河村村民委员会	107.509460	26.160731	0	30	72	村庄
522731104210	摆亚村民委员会	106.755030	25.972859	0	25	55	乡镇
522731002225	新哨村民委员会	106.653723	26.095601	0	16	47	乡镇
522723110207	杨柳村民委员会	107.106550	26.353580	0	30	72	村庄
522722104200	甲良村委会	107.721007	25.574446	1	80	100	政府机构
522728110205	床井村委会	106.563060	25.413790	0	25	47	乡镇
522729001227	雷坝村委会	106.460230	26.014987	0	16	38	乡镇
522731107200	王佑村民委员会	106.498530	25.820960	0	25	70	乡镇
522723102001	新巴社区居委会	107.196511	26.706941	0	18	49	乡镇
522730100240	比孟村委会	106.841843	26.423044	1	80	95	UNKNOWN
522723112001	云雾社区居委会	107.080080	26.218511	0	25	55	乡镇
522730104203	翠微村委会	107.052940	26.269169	0	30	72	UNKNOWN
522702106205	双龙村	107.468851	26.856764	0	30	100	村庄
522728107201	老城村委会	106.757570	25.427030	0	25	70	乡镇
522726114228	甲里村	107.543820	25.555240	0	30	100	村庄
522728114211	打金村委会	106.452337	25.487171	0	18	40	乡镇
522728108232	打改村委会	106.548070	25.686290	0	30	58	UNKNOWN
522701006001	甘塘社区居民委员会	107.408491	26.325556	0	18	35	乡镇
522731103214	谷把村民委员会	106.817300	26.098889	0	25	55	乡镇
522732112282	阳基村	107.777397	26.114580	0	80	100	UNKNOWN
522731002205	山后村民委员会	106.688200	26.149209	0	30	72	村庄
522722001205	拉岜村委会	107.887000	25.410799	0	14	46	区县
522726112221	三棒村	107.515020	25.394480	0	30	100	村庄
522731108213	阴桥村民委员会	106.790557	25.817582	0	16	47	乡镇
522728111208	沟亭村委会	106.610270	25.320271	0	25	47	乡镇
522731001215	双坪村民委员会	106.719260	26.201033	0	16	47	乡镇
522701111202	马寨村村民委员会	107.573720	26.178561	0	30	72	村庄
522730100237	团结村委会	106.987350	26.454579	0	25	55	乡镇
522722102209	瑶麓村委会	108.072850	25.390249	0	25	47	乡镇
522728108212	达上村委会	106.633460	25.623019	0	25	70	乡镇
522701106206	凤鑫村村民委员会	107.474130	25.972919	0	30	72	UNKNOWN
522723002206	农庄村民委员会	107.294938	26.550714	0	18	66	乡镇
522728107221	罗化村委会	106.591640	25.478157	1	80	95	UNKNOWN
522732115286	廷牌村	107.846228	25.682532	0	30	100	村庄
522731102219	甲戎村民委员会	106.599705	25.981209	0	16	47	乡镇
522731103222	旁才村民委员会	106.817300	26.098889	0	25	55	乡镇
522732116280	九阡村	108.076614	25.645815	0	16	47	乡镇
522723001200	荷花村民委员会	107.223800	26.577010	0	30	72	村庄
522727100219	董联村委会	107.276109	25.890772	0	16	38	乡镇
522728108204	罗木村委会	106.633460	25.623019	0	25	70	乡镇
522701106210	白头村村民委员会	107.408320	25.947880	0	30	72	村庄
522723108206	莲花村民委员会	107.290240	26.723139	0	30	72	村庄
522732115290	三愿村	107.880045	25.647839	0	16	47	乡镇
522728109229	安阳村委会	106.926296	25.532003	0	16	65	乡镇
522727103209	新场村委会	106.945930	25.943060	0	25	70	乡镇
522730104235	云雾山村委会	106.945681	26.247577	0	16	65	乡镇
522725101204	梭罗村委会	107.443640	27.003451	0	30	58	UNKNOWN
522725111204	茶园村	107.382710	27.295111	0	25	70	乡镇
522729106209	纪堵村委会	106.342780	25.809460	0	25	47	乡镇
522722001213	水岩村委会	107.887000	25.410799	0	14	46	区县
522731002213	桥洞村民委员会	106.653723	26.095601	0	16	47	乡镇
522732111284	小河村	107.821650	26.047610	0	30	100	村庄
522725109008	江口坝社区	107.471000	27.078399	0	14	37	区县
522731108205	遥山村民委员会	106.790557	25.817582	0	16	65	乡镇
522726108006	虹桥居民委员会	107.502525	25.762092	0	16	38	乡镇
522701111214	河东村村民委员会	107.642605	26.207823	0	16	47	乡镇
522731001203	扬帆村民委员会	106.719260	26.201033	0	16	47	乡镇
522701111003	牛场居民委员会	107.642605	26.207823	0	16	38	乡镇
522730105234	龙场村委会	107.096941	26.712396	0	16	65	乡镇
522728108228	董王村委会	106.633460	25.623019	0	25	70	乡镇
522727102208	金桥村委会	106.953230	25.818830	0	30	72	村庄
522732114291	龙角村	107.927839	25.777679	0	16	65	乡镇
522725107201	苟家庄村委会	107.341564	27.195202	1	80	100	政府机构
522731002004	新民社区居民委员会	106.653723	26.095601	0	16	38	乡镇
522723109207	马场河村民委员会	107.136444	26.550205	0	16	47	乡镇
522722001004	古榕居委会	107.887000	25.410799	0	14	37	区县
522701107211	谷新村村民委员会	107.166551	26.070379	1	80	95	地产小区
522729101221	安乐村委会	106.382770	26.188020	0	25	70	乡镇
522727101218	场坝村委会	107.131870	25.863677	0	30	58	村庄
522728109205	访里村委会	106.926296	25.532003	0	16	38	乡镇
522725104211	鑫隆坪村委会	107.268784	27.048933	0	16	33	乡镇
522731102223	青滕村民委员会	106.599705	25.981209	0	16	47	乡镇
522727001204	吉古村委会	107.291518	25.793135	1	80	95	UNKNOWN
522730001007	水桥社区居委会	107.028186	26.491054	0	16	38	乡镇
522731109204	石烧村民委员会	106.983796	26.117280	0	16	65	乡镇
522727108202	田坝村委会	107.053135	26.008750	0	16	65	乡镇
522728219207	勤丰村委会	106.786730	25.189351	0	30	72	村庄
522725110205	大金星村	107.602710	27.190814	0	16	65	乡镇
522732113295	达荣村	108.137210	26.054479	0	30	100	村庄
522701110203	富溪村村民委员会	107.317750	26.168591	0	30	72	村庄
522725106001	瓮朗坝社区	107.284270	27.370270	0	25	55	乡镇
522725103203	新土村委会	107.210340	27.079680	0	30	58	UNKNOWN
522730001011	鸿运社区居委会	107.028186	26.491054	0	16	38	乡镇
522728110209	翁牛村委会	106.563060	25.413790	0	25	47	乡镇
522728001003	河滨社区居委会	106.752000	25.425100	0	14	46	区县
522732113283	柳江村	108.096400	25.935780	0	25	70	乡镇
522723001001	麦溪社区居委会	107.233089	26.578029	1	80	100	政府机构
522726114224	仁等村	107.383550	25.617311	0	30	100	村庄
522702002201	三堡村	107.542758	26.629802	0	80	72	村庄
522731001002	涟江社区居委会	106.682390	26.177550	1	80	97	UNKNOWN
522732114287	独寨村	107.876760	25.831920	0	30	100	村庄
522731103218	大坪村民委员会	106.735460	26.075070	0	30	72	村庄
522727100223	新全村委会	107.276109	25.890772	0	16	38	乡镇
522701107207	凯酉村村民委员会	107.255730	25.976870	0	30	72	村庄
522729209202	斗麻村委会	106.439916	25.690080	0	18	40	村庄
522728109213	勇进村委会	106.926296	25.532003	0	16	65	乡镇
522702106209	翁巴村	107.523440	26.847250	0	30	100	村庄
522701107206	朵罗村村民委员会	107.343110	26.024070	0	30	72	村庄
522729209203	打召村委会	106.439916	25.690080	0	18	40	村庄
522728109212	高峰村委会	106.842170	25.543090	0	30	72	村庄
522702106208	石板寨村	107.516450	26.870120	0	30	100	村庄
522730105223	平坡村委会	107.096941	26.712396	0	16	65	乡镇
522702002200	马场坪村	107.542758	26.629802	0	80	72	村庄
522731001003	西山社区居委会	106.719260	26.201033	0	16	65	乡镇
522725107216	深溪村委会	107.376388	27.174542	1	80	100	政府机构
522732114286	拉佑村	107.868170	25.864171	0	30	100	村庄
522731103219	掌满村民委员会	106.872371	25.969462	1	80	97	UNKNOWN
522727100222	摆克村委会	107.276109	25.890772	0	16	38	乡镇
522725002008	茅坡社区	107.477209	27.057066	1	80	97	政府机构
522728001002	城西社区居委会	106.752000	25.425100	0	14	46	区县
522732113282	新合村	108.096400	25.935780	0	25	70	乡镇
522701001008	西苑社区居民委员会	107.531008	26.278974	0	30	47	乡镇
522701110202	江边村村民委员会	107.363290	26.179809	0	30	72	村庄
522725103202	艾州村委会	107.298368	27.128723	1	80	100	政府机构
522730001010	三合社区居委会	107.028186	26.491054	0	16	47	乡镇
522728110208	祥脚村委会	106.563060	25.413790	0	25	47	乡镇
522728219206	国光村委会	106.833836	25.258910	0	16	65	村庄
522732113294	高坪村	108.041477	25.819329	0	30	100	村庄
522727001205	苗二河村委会	107.368563	25.846057	1	80	100	政府机构
522731109205	柏栗村民委员会	106.983796	26.117280	0	16	65	乡镇
522727104220	新坝村委会	107.030250	25.589070	0	30	72	村庄
522730001006	光明社区居委会	107.028186	26.491054	0	16	47	乡镇
522727108203	新坪村委会	107.053590	25.991759	0	30	72	村庄
522731002005	和谐社区居民委员会	106.653723	26.095601	0	16	38	乡镇
522722001005	红船居委会	107.887000	25.410799	0	14	46	区县
522723109206	兴隆村民委员会	107.188570	26.585870	0	30	72	村庄
522701107210	甲壤村村民委员会	107.237700	26.128810	0	30	72	村庄
522729101220	鼠场村委会	106.382770	26.188020	0	25	70	乡镇
522702001206	瓮赏村	107.385008	26.661657	0	80	100	UNKNOWN
522727101219	命芹村委会	107.134500	25.854900	0	25	47	乡镇
522728109204	沫阳村委会	106.926296	25.532003	0	16	38	乡镇
522725104210	果水村委会	107.268784	27.048933	0	16	65	乡镇
522731102222	枇杷村民委员会	106.526810	25.892640	0	30	72	UNKNOWN
522701111002	茶场居民委员会	107.642605	26.207823	0	16	38	乡镇
522726108210	尧梭村	107.538960	25.765789	0	30	100	村庄
522730105235	乐湾村委会	107.096941	26.712396	0	16	38	乡镇
522728108229	打窖村委会	106.633460	25.623019	0	25	47	乡镇
522727102209	中星村委会	106.982084	25.779898	0	16	65	乡镇
522732114290	塘州村	107.864990	25.761261	0	30	100	村庄
522732111285	尧吕村	107.820130	25.866700	0	30	100	村庄
522731108204	桃源村民委员会	106.829410	25.805420	0	30	72	餐饮
522726108007	紫泉居民委员会	107.502525	25.762092	0	16	38	乡镇
522702002001	金山南路社区居民委员会	107.527610	26.634170	1	80	100	政府机构
522701111215	甲登村村民委员会	107.746350	26.292450	0	30	72	村庄
522731001202	大兴村民委员会	106.652531	26.101815	0	30	72	村庄
522725111205	桂花村	107.382710	27.295111	0	25	70	乡镇
522729106208	格道村委会	106.319610	25.817360	0	30	58	UNKNOWN
522722001212	水利村委会	107.831476	25.496691	1	80	100	政府机构
522731002212	双庆村民委员会	106.653723	26.095601	0	16	47	乡镇
522725106201	荣院村委会	107.282958	27.411597	1	80	100	政府机构
522732115291	心合村	107.880045	25.647839	0	16	65	乡镇
522728109228	联丰村委会	106.984200	25.539300	0	30	72	村庄
522727103208	西关村委会	106.945930	25.943060	0	25	70	乡镇
522732116281	水各村	107.974660	25.607680	0	30	100	村庄
522731103223	白龙村民委员会	106.817300	26.098889	0	25	55	乡镇
522723001201	南平村民委员会	107.239960	26.569289	0	30	72	村庄
522727100218	京舟村委会	107.283898	25.897928	1	80	95	UNKNOWN
522728108205	岩脚村委会	106.633460	25.623019	0	25	70	乡镇
522701106211	同心村村民委员会	107.456680	25.925870	0	30	72	村庄
522723108207	光明村民委员会	107.253870	26.740851	0	30	72	村庄
522723002207	竹坪村民委员会	107.294938	26.550714	0	18	40	乡镇
522728107220	里矮村委会	106.641980	25.436590	0	30	58	UNKNOWN
522732115287	高丰村	107.880045	25.647839	0	16	65	乡镇
522731102218	六马村民委员会	106.599705	25.981209	0	16	47	乡镇
522725106217	新华村委会	107.340300	27.414450	0	30	72	村庄
522730104222	摆省村委会	106.945681	26.247577	0	16	38	乡镇
522722102208	洞湖村委会	108.072850	25.390249	0	25	70	乡镇
522728108213	打号村委会	106.688690	25.672319	0	30	58	UNKNOWN
522701106207	清河村村民委员会	107.468140	25.960179	0	30	72	村庄
522731108212	五星村民委员会	106.746397	25.888861	1	80	97	UNKNOWN
522728111209	响水村委会	106.645460	25.321360	0	30	72	村庄
522725107001	玉山社区	107.320101	27.214168	0	18	66	乡镇
522731001214	九龙村民委员会	106.719260	26.201033	0	16	65	乡镇
522701111203	营盘村村民委员会	107.609380	26.146650	0	30	72	村庄
522730100236	金星村委会	106.987350	26.454579	0	25	55	乡镇
522732112283	重阳村	107.145170	26.686921	0	30	100	村庄
522731002204	半坡村民委员会	106.657770	26.014951	0	30	72	村庄
522722001204	板旺村委会	107.882575	25.396261	1	80	100	政府机构
522726112220	麻尾村	107.462820	25.340740	0	30	100	村庄
522726114229	打羊村	107.576220	25.637770	0	30	100	村庄
522728114210	速进村委会	106.452337	25.487171	0	18	40	乡镇
522728108233	尖坡村委会	106.633460	25.623019	0	25	70	乡镇
522725109204	印山村	107.511010	27.192081	0	30	100	村庄
522731103215	上田村民委员会	106.737020	26.026970	0	30	72	村庄
522702106204	桂花村	107.455090	26.918457	0	30	100	村庄
522728107200	马草村委会	106.757570	25.427030	0	25	70	乡镇
522731002224	新坝村民委员会	106.501900	26.016230	0	30	72	村庄
522723110206	星溪村民委员会	107.139960	26.446430	0	25	55	乡镇
522729101001	南场社区居委会	106.382770	26.188020	0	25	55	乡镇
522722104201	梅桃村委会	107.725500	25.518010	0	30	58	UNKNOWN
522728110204	纳上村委会	106.563060	25.413790	0	25	70	乡镇
522727106207	摆河村委会	107.143836	25.666210	0	16	38	乡镇
522729001226	中塘村委会	106.486810	26.080041	0	30	72	村庄
522731107201	昌明村民委员会	106.523510	25.811509	0	30	72	村庄
522725002004	鼓楼社区	107.477209	27.057066	1	80	97	政府机构
522722107211	地莪村委会	107.887000	25.410799	0	14	27	区县
522701001004	钓鱼台社区居民委员会	107.531008	26.278974	0	30	47	乡镇
522701004206	茶农村村民委员会	107.468650	26.249480	0	30	72	村庄
522728113214	相亭村委会	106.625840	25.160640	0	25	47	乡镇
522731104211	硐房村民委员会	106.640143	25.938918	0	80	72	村庄
522730103210	茶香村委会	106.939682	26.537248	0	16	38	乡镇
522723110210	森山村民委员会	107.139960	26.446430	0	25	55	乡镇
522725001002	文峰社区	107.470331	27.073204	1	80	97	政府机构
522731109209	新摆村民委员会	106.983796	26.117280	0	16	65	乡镇
522727106211	金贡村委会	107.143836	25.666210	0	16	38	乡镇
522701002002	文峰社区居民委员会	107.519000	26.259800	0	14	32	区县
522730105002	巴江社区居委会	107.096941	26.712396	0	16	47	乡镇
522731104207	下兴村民委员会	106.755030	25.972859	0	25	55	乡镇
522732113298	仁和村	108.096400	25.935780	0	25	70	乡镇
522728113202	官固村委会	106.625840	25.160640	0	25	47	乡镇
522701004210	栋青树村村民委员会	107.497590	26.125481	0	30	72	村庄
522727105201	青山村委会	106.763230	25.717119	0	30	72	村庄
522725110208	大河村委会	107.602710	27.190814	0	16	65	乡镇
522702102206	葛洞村	107.683870	26.672501	0	30	100	村庄
522722107207	尧花村委会	107.887000	25.410799	0	14	32	区县
522731106001	芦山居委会	106.486172	25.910336	0	18	49	乡镇
522731103203	长新村民委员会	106.860360	26.104380	0	30	72	地产小区
522727102205	乐阳村委会	106.982084	25.779898	0	16	38	乡镇
522702105202	仓盈湾村	107.465360	26.779800	0	30	100	村庄
522728108225	联兴村委会	106.530417	25.561209	0	30	72	村庄
522728114206	高山村委会	106.487760	25.575861	0	30	72	村庄
522729103211	中坝村委会	106.342300	25.975300	0	25	70	乡镇
522726115212	玉水村	107.770016	25.721800	0	18	66	乡镇
522725106221	高寨坪村委会	107.284270	27.370270	0	25	70	乡镇
522728107216	八木村委会	106.757570	25.427030	0	25	47	乡镇
522728109208	董当村委会	106.926296	25.532003	0	16	38	乡镇
522727101215	卡罗村委会	107.184941	25.806517	1	80	95	UNKNOWN
522727101002	第一居民委员会	107.134500	25.854900	0	25	70	乡镇
522728112203	东山村委会	106.849590	25.319281	0	30	72	村庄
522722212210	董亥村委会	107.976653	25.275340	0	16	38	乡镇
522702103207	新桥营村	107.633420	26.669680	0	30	100	村庄
522731105206	满贡村民委员会	106.580349	25.836736	0	25	55	乡镇
522723102201	新华村民委员会	107.173230	26.695699	0	30	72	村庄
522701208201	合心村村民委员会	107.647420	26.048460	0	30	72	村庄
522723112201	鸟王村民委员会	107.080080	26.218511	0	25	55	乡镇
522730104003	湾寨社区居委会	106.945681	26.247577	0	16	47	乡镇
522729106204	三台村委会	106.342780	25.809460	0	25	70	乡镇
522726110207	林盘村	107.667637	25.729693	0	16	65	乡镇
522722211200	拉片村委会	107.826359	25.213280	0	16	65	乡镇
522727107210	六硐村委会	107.311277	25.723616	1	80	95	UNKNOWN
522731108208	比纳村民委员会	106.790557	25.817582	0	16	65	乡镇
522728111213	布沙村委会	106.610270	25.320271	0	25	70	乡镇
522725109005	木老坪社区	107.464290	26.881770	0	30	100	村庄
522701006201	绿茵湖村村民委员会	107.455330	26.275470	0	30	72	UNKNOWN
522732111289	和平村	107.667830	26.067950	0	30	100	村庄
522701111219	五寨村村民委员会	107.678796	26.140817	0	30	72	村庄
522723111211	猛安村民委员会	107.190060	26.335440	0	25	70	乡镇
522728108209	新丰村委会	106.603440	25.626711	0	30	72	村庄
522722101202	板麦村委会	107.792340	25.311160	0	30	58	UNKNOWN
522728109224	联合村委会	106.987310	25.591069	0	30	72	村庄
522731102202	平地村民委员会	106.603220	26.032731	0	30	72	村庄
522730104238	桂花村委会	106.945681	26.247577	0	16	65	乡镇
522701004011	剑东社区居民委员会	107.476683	26.154073	0	16	33	乡镇
522722102204	水庆村委会	108.072850	25.390249	0	25	47	乡镇
522730105203	羊昌村委会	107.070910	26.693540	0	30	58	UNKNOWN
522726108226	摆罗村	107.501330	25.845820	0	30	100	村庄
522732001283	拉揽村	107.953880	25.969379	0	30	100	村庄
522731102214	幺关村民委员会	106.599705	25.981209	0	16	65	乡镇
522727103212	谷坝村委会	106.945930	25.943060	0	25	70	乡镇
522729101216	花红村委会	106.382770	26.188020	0	25	70	乡镇
522731105210	蛮纳村民委员会	106.500300	25.712040	0	30	72	UNKNOWN
522727200200	场河村委会	107.394727	25.793921	0	18	40	乡镇
522722212206	久安村委会	108.085370	25.250110	0	30	72	村庄
522727104216	同兴村委会	107.012920	25.601970	0	30	72	村庄
522728112215	北亭村委会	106.931602	25.351476	0	16	65	乡镇
522701005207	德化村村民委员会	107.506990	26.379951	0	30	72	村庄
522729106212	交麻村委会	106.342780	25.809460	0	25	47	乡镇
522722001208	拉交村委会	107.887000	25.410799	0	14	32	区县
522731002208	高镇村民委员会	106.653723	26.095601	0	16	47	乡镇
522731106200	纳冗村民委员会	106.486172	25.910336	0	18	66	乡镇
522728111205	干村村委会	106.661039	25.296122	0	30	72	村庄
522722105200	威岩村委会	108.183890	25.491980	0	25	47	乡镇
522723111207	火炬村民委员会	107.205190	26.281011	0	30	72	村庄
