530428002006	龙潭社区	102.003340	23.594170	1	80	97	政府机构
530402003002	中卫社区居委会	102.533990	24.359100	0	40	59	道路
530423002004	碧溪社区居民委员会	102.691930	24.110810	1	80	94	政府机构
530423001014	金山社区居民委员会	102.765530	24.111475	1	80	94	政府机构
530425100206	者拉村民委员会	101.962290	24.674410	0	25	55	乡镇
530424103205	小寨村民委员会	102.911430	24.037679	0	30	72	村庄
530424201001	通红甸社区居民委员会	103.060125	24.315401	0	18	40	乡镇
530402004006	王棋社区	102.551102	24.469711	0	18	66	乡镇
530422002001	龙街社区居民委员会	102.894220	24.648850	0	25	43	乡镇
530428003206	假莫代村委会	102.002780	23.695260	0	25	47	乡镇
530424001009	平地社区居民委员会	102.932690	24.198244	0	16	33	乡镇
530425203202	里士村民委员会	102.163000	24.671600	0	14	32	区县
530402004010	高桥社区	102.551102	24.469711	0	18	66	乡镇
530426002212	乐德旧村民委员会	102.454844	24.109589	0	16	47	乡镇
530424102005	乐士堂社区居民委员会	103.101640	24.210579	0	25	55	旅游景点
530424104217	革勒村民委员会	102.981980	24.435049	0	25	55	乡镇
530403001201	土官田村民委员会	102.755583	24.265974	0	18	49	乡镇
530423001002	庆丰社区居民委员会	102.765530	24.111475	1	80	94	政府机构
530425204206	普厂村民委员会	102.010840	24.826579	1	80	100	政府机构
530425202203	张所村民委员会	102.157220	24.498901	0	25	55	乡镇
530402006001	金州社区居委会	102.548073	24.367508	1	80	100	政府机构
530424102212	各纳甸村民委员会	103.093640	24.186159	1	80	100	政府机构
530426002005	文明社区居民委员会	102.454844	24.109589	0	16	38	乡镇
530402001005	北苑社区居委会	102.544380	24.358900	0	30	51	道路
530423101209	五垴山村委会	102.879130	24.119231	0	30	58	村庄
530402001013	瑞新社区	102.544380	24.358900	0	30	51	道路
530426001003	登云社区居民委员会	102.406580	24.176371	0	25	47	乡镇
530427203208	勐炳村委会	101.685110	24.168531	0	25	47	村庄
530424001208	法果村民委员会	102.932690	24.198244	0	16	38	乡镇
530402002003	泷水塘社区居委会	102.554704	24.345925	1	80	100	政府机构
530425201205	朋多村民委员会	102.200943	24.580619	0	18	66	乡镇
530402005007	飞井社区	102.511798	24.408604	0	50	100	UNKNOWN
530402008009	玉屏社区	102.496600	24.217122	0	18	66	乡镇
530403103001	大营社区居民委员会	102.639065	24.282232	0	18	40	乡镇
530423103202	者湾村委会	102.715916	24.141497	0	20	41	乡镇
530427201215	老五斗村委会	101.811280	24.200560	0	30	58	UNKNOWN
530427100001	扬武社区居民委员会	102.150610	23.920170	0	25	47	乡镇
530427202205	磨味村委会	101.638759	23.717933	0	16	38	村庄
530428204206	尼白村委会	102.284890	23.539801	0	25	47	村庄
530426201206	云美村民委员会	102.244090	24.281940	0	25	70	村庄
530426002208	棚租村民委员会	102.454844	24.109589	0	16	47	乡镇
530427205201	联合村委会	101.517080	23.853470	0	30	72	村庄
530428203202	哈施村委会	102.122627	23.390188	0	18	40	村庄
530402009004	排山社区	102.550501	24.283260	0	18	66	乡镇
530403101207	云岩村民委员会	102.839122	24.411637	0	25	55	乡镇
530427102207	竹园村委会	101.546978	24.008936	0	16	47	乡镇
530426105206	海味村民委员会	102.159380	24.248691	0	25	70	乡镇
530403102201	杨家咀村民委员会	102.715879	24.349351	0	18	49	乡镇
530427101201	仁和村委会	101.667490	23.846340	0	30	72	村庄
530403101211	西河村民委员会	102.804800	24.391729	0	30	72	村庄
530424001005	右所社区居民委员会	102.932690	24.198244	0	16	33	乡镇
530427102211	磨刀村委会	101.546978	24.008936	0	16	65	乡镇
530403202203	上营村民委员会	102.850860	24.271870	0	30	72	村庄
530427201203	鲁一尼村委会	101.917322	24.211811	1	80	100	政府机构
530427204001	庆丰社区居民委员会	101.376392	24.309370	0	16	38	村庄
530422104203	七江村民委员会	103.007693	24.720380	0	18	49	乡镇
530422101001	右所社区居民委员会	102.923820	24.626649	0	50	73	UNKNOWN
530428201205	邑甲冲村委会	102.172470	23.654211	0	25	55	村庄
530426203201	富良棚村民委员会	102.092500	24.307690	1	80	100	政府机构
530427100200	丕且莫村委会	102.150610	23.920170	0	25	43	乡镇
530422102206	饮马池村民委员会	102.965351	24.836941	0	18	49	乡镇
530428101207	平昌村委会	101.816886	23.635377	0	16	65	乡镇
530426103203	甸头村民委员会	102.217450	24.360690	0	30	72	村庄
530403104204	上坝村民委员会	102.851870	24.327969	0	30	72	村庄
530423101205	义广哨村委会	102.828495	24.113188	0	18	35	乡镇
530427200202	梭克村委会	101.968610	24.060390	0	25	47	村庄
530402001009	聂耳社区	102.544380	24.358900	0	30	58	道路
530427203204	罗柴冲村委会	101.601763	24.197661	1	80	100	政府机构
530428101211	韩家寨村委会	101.816886	23.635377	0	16	65	乡镇
530424104221	海迤村民委员会	103.025670	24.485560	0	30	72	UNKNOWN
530428102201	北泽村委会	101.848388	23.419757	1	80	100	政府机构
530423102203	寸村村委会	102.568860	24.218350	0	25	47	乡镇
530427103206	帮迈村委会	101.509470	24.144020	0	25	47	乡镇
530402008005	宋官社区	102.496600	24.217122	0	18	66	乡镇
530424102208	新村村民委员会	103.107900	24.243770	0	30	72	村庄
530428202203	党舵村委会	102.056430	23.438800	0	25	47	村庄
530427204200	竹箐村委会	101.376392	24.309370	0	16	65	村庄
530423202201	观音村委会	102.655370	24.024440	0	30	72	村庄
530428202202	坝木村委会	102.056430	23.438800	0	25	47	村庄
530427204201	向阳村委会	101.422480	24.379170	0	30	72	村庄
530427103207	金厂村委会	101.509470	24.144020	0	25	70	乡镇
530402008004	可官社区	102.496600	24.217122	0	18	66	乡镇
530424102209	月红寨村民委员会	103.093360	24.232059	1	80	100	政府机构
530427101001	曼竜社区居民委员会	101.727400	23.841290	0	25	47	乡镇
530423102202	戴文村委会	102.568860	24.218350	0	25	47	乡镇
530403102001	前卫社区居民委员会	102.715879	24.349351	0	18	40	乡镇
530427203205	保和村委会	101.685110	24.168531	0	25	70	村庄
530428101210	旦弓村委会	101.816886	23.635377	0	16	38	乡镇
530424104220	老田村民委员会	102.987292	24.440825	0	16	47	乡镇
530426002008	牛白甸社区居民委员会	102.454844	24.109589	0	16	38	乡镇
530427200203	红星村委会	101.873520	24.042020	0	30	72	村庄
530427205001	平掌社区居民委员会	101.506866	23.818889	0	16	38	乡镇
530402001008	玉州社区	102.544380	24.358900	0	30	51	道路
530423102214	改水沟村委会	102.568860	24.218350	0	25	55	乡镇
530428101206	阿龙浦村委会	101.816886	23.635377	0	16	33	乡镇
530424001213	普茶寨村民委员会	102.932690	24.198244	0	16	65	乡镇
530403104205	红石岩村民委员会	102.846938	24.343258	0	18	49	乡镇
530426103202	西就村民委员会	102.227561	24.404072	0	16	47	乡镇
530423101204	镇海村委会	102.828495	24.113188	0	18	40	乡镇
530427100201	写莫村委会	102.174720	23.934510	0	30	58	UNKNOWN
530422102207	脚步哨村民委员会	102.965351	24.836941	0	18	49	乡镇
530403103201	马家庄村民委员会	102.632740	24.314520	0	30	72	村庄
530426104206	大巴格村民委员会	102.181534	24.134564	0	16	47	乡镇
530423103002	四街社区居民委员会	102.715916	24.141497	0	20	41	乡镇
530428201204	它科垤村委会	102.172470	23.654211	0	25	47	村庄
530422104202	龙潭村民委员会	103.006620	24.679050	0	30	72	村庄
530403202202	白石岩村民委员会	102.850921	24.255815	0	18	49	村庄
530423202001	高大社区居民委员会	102.688353	23.980780	0	18	40	乡镇
530427201202	代味村委会	101.857750	24.176020	0	30	58	餐饮
530403101210	龙街村民委员会	102.839122	24.411637	0	25	70	乡镇
530426202201	司城村民委员会	102.110730	24.431481	1	80	100	政府机构
530427102210	纸厂村委会	101.546978	24.008936	0	16	65	乡镇
530424001004	上村社区居民委员会	102.932690	24.198244	0	16	33	乡镇
530402201201	小石桥村委会	102.647647	24.456968	0	18	66	乡镇
530426105207	大西村民委员会	101.977440	24.178230	0	30	72	村庄
530427101200	和平村委会	101.676780	23.831040	0	30	72	村庄
530428102001	因远社区	101.874749	23.421280	0	16	65	乡镇
530403101206	陈家湾村民委员会	102.780010	24.379670	0	30	72	村庄
530402009005	龙树社区	102.550501	24.283260	0	18	66	乡镇
530428101007	红光社区	101.816886	23.635377	0	16	65	乡镇
530427102206	米尺莫村委会	102.026679	24.137529	1	80	100	政府机构
530423203201	白阁中村村民委员会	102.661313	24.153235	1	80	97	政府机构
530426201207	谢札村民委员会	102.244090	24.281940	0	25	70	村庄
530426002209	大维堵村民委员会	102.454844	24.109589	0	16	47	乡镇
530427205200	梭山村委会	101.552220	23.819560	0	25	70	村庄
530428203203	打芒村委会	102.122627	23.390188	0	18	40	村庄
530403201204	新庄村民委员会	102.689110	24.438120	0	30	72	村庄
530425001001	中心街社区居民委员会	102.168820	24.669880	1	80	94	政府机构
530427202204	建兴村委会	101.557820	23.689651	0	30	72	村庄
530423103203	龚杨村委会	102.715916	24.141497	0	20	41	乡镇
530427201214	者渣村委会	101.864600	24.113381	0	25	47	村庄
530424102205	九甸村民委员会	103.108760	24.195200	1	80	100	政府机构
530402008008	南厂社区	102.496600	24.217122	0	18	66	乡镇
530403001001	上营社区居民委员会	102.749891	24.286687	1	80	100	政府机构
530425201204	阿姑村民委员会	102.202980	24.552650	1	80	100	政府机构
530427002001	锦绣社区居民委员会	101.984035	24.070879	1	80	94	政府机构
530402005006	龙池社区	102.530040	24.399171	0	25	70	乡镇
530426001002	柏锦社区居民委员会	102.409845	24.168886	1	80	100	政府机构
530427203209	马房村委会	101.685110	24.168531	0	25	70	村庄
530424001209	咱乐村民委员会	102.932690	24.198244	0	16	65	乡镇
530402002002	葫芦社区居委会	102.547970	24.339470	1	80	97	政府机构
530402001012	玉湖社区	102.544380	24.358900	0	30	51	道路
530423101208	杨梅沟村委会	102.828495	24.113188	0	18	40	乡镇
530426002004	兴旺社区居民委员会	102.454844	24.109589	0	16	38	乡镇
530402001004	右所社区居委会	102.558743	24.359471	1	80	100	政府机构
530425202202	马头村民委员会	102.164110	24.540961	0	30	72	村庄
530424102213	小龙潭村民委员会	103.098650	24.183499	0	30	72	村庄
530402005010	黑村社区	102.545000	24.354100	0	16	47	区县
530424104001	青龙社区居民委员会	102.981980	24.435049	0	25	47	乡镇
530424104216	中村村民委员会	103.052330	24.436360	0	30	72	村庄
530428001001	红河社区	102.004280	23.596960	0	25	55	乡镇
530423001003	泰和社区居民委员会	102.761133	24.108135	1	80	100	政府机构
530424102004	盘江社区居民委员会	103.083303	24.220069	0	18	40	乡镇
530402004011	莲池社区	102.551102	24.469711	0	18	66	乡镇
530426002213	水车田村民委员会	102.555780	24.088050	0	30	72	村庄
530402007001	大营街居委会	102.497143	24.340102	1	80	100	政府机构
530428003207	朋程村委会	102.002780	23.695260	0	25	55	乡镇
530424001008	新庄社区居民委员会	102.932690	24.198244	0	16	33	乡镇
530425203203	芭蕉村民委员会	102.005880	24.768170	0	30	72	UNKNOWN
530402004007	后所社区	102.548473	24.438698	0	60	100	UNKNOWN
530424103204	黑牛白村民委员会	102.941390	24.078181	1	80	100	政府机构
530425100207	腊品村民委员会	101.962290	24.674410	0	25	70	乡镇
530402003003	冯井社区居委会	102.524648	24.341000	1	80	100	政府机构
530423002005	大河嘴社区居民委员会	102.691930	24.110810	1	80	94	政府机构
530423103204	大营村委会	102.713320	24.162950	0	30	72	村庄
530425001006	梅营社区居民委员会	102.168820	24.669880	1	80	94	政府机构
530402003008	诸葛社区	102.535827	24.351995	0	50	100	UNKNOWN
530403201203	早谷田村民委员会	102.679955	24.406014	0	18	49	乡镇
530427202203	中寨村委会	101.667353	23.693280	1	80	100	政府机构
530427101211	曼蚌村委会	101.727400	23.841290	0	25	70	乡镇
530428203204	猪街村委会	102.122627	23.390188	0	18	66	村庄
530427205207	曼干村委会	101.778950	24.105936	1	80	100	政府机构
530402009002	梁王坝社区	102.550501	24.283260	0	18	66	乡镇
530403101201	孤山村民委员会	102.839370	24.411810	0	30	72	村庄
530427102201	平田村委会	101.541900	24.063050	0	30	72	村庄
530403102207	周官村民委员会	102.733797	24.320734	1	80	100	政府机构
530427101207	曼线村委会	101.727400	23.841290	0	25	70	乡镇
530426202206	绿溪村民委员会	102.096800	24.442441	1	80	100	政府机构
530423104216	纳古古城村民委员会	102.783273	24.186495	0	18	49	乡镇
530403101217	翠峰村民委员会	102.820450	24.462611	1	80	100	政府机构
530426001208	桃李村民委员会	102.342390	24.248760	0	30	72	村庄
530425203208	底尼村民委员会	102.035310	24.711680	0	25	70	乡镇
530424001003	甸尾社区居民委员会	102.938541	24.192176	1	80	100	政府机构
530427201205	新甸村委会	101.864600	24.113381	0	25	70	村庄
530423001008	黄龙社区居民委员会	102.765530	24.111475	1	80	94	政府机构
530425001010	韩所社区居民委员会	102.168820	24.669880	1	80	94	政府机构
530427103001	水塘社区居民委员会	101.932440	23.630000	0	30	58	村庄
530428201203	邓耳村委会	102.172770	23.688380	0	30	58	UNKNOWN
530428204001	洼垤社区	102.284890	23.539801	0	25	70	村庄
530423201201	五山村委会	102.785101	24.061130	0	18	66	乡镇
530426203207	翻家村民委员会	102.092100	24.309330	0	25	55	乡镇
530427100206	顺水村委会	102.150610	23.920170	0	25	70	乡镇
530427204210	鹅毛村委会	101.376392	24.309370	0	16	65	村庄
530403103206	鸡窝村民委员会	102.639065	24.282232	0	18	49	乡镇
530424001214	岔纳村民委员会	102.932690	24.198244	0	16	65	乡镇
530428101201	东峨村委会	101.998000	23.596700	0	14	29	区县
530426103205	镜湖村民委员会	102.227561	24.404072	0	16	47	乡镇
530403104202	螺蛳铺村民委员会	102.846938	24.343258	0	18	49	乡镇
530423101203	大新村委会	102.809440	24.119570	0	30	72	地产小区
530427200204	磨皮村委会	101.861060	24.009590	0	30	58	UNKNOWN
530423102213	清水河村委会	102.532941	24.230421	1	80	100	政府机构
530427203202	转马都村委会	101.666614	24.294977	1	80	100	政府机构
530428205201	哈罗村委会	102.123979	23.351612	1	80	100	政府机构
530402002009	红塔社区	102.547970	24.339470	1	80	97	政府机构
530428102207	路同村委会	101.874749	23.421280	0	16	47	乡镇
530423102205	石山嘴村委会	102.568860	24.218350	0	25	70	乡镇
530427103200	现刀村委会	101.509470	24.144020	0	25	47	乡镇
530402008003	中村社区	102.496600	24.217122	0	18	66	乡镇
530428202205	朗支村委会	102.056430	23.438800	0	25	47	村庄
530425002201	铁厂村民委员会	102.151350	24.811100	0	30	72	村庄
530402003004	黄官社区居委会	102.515496	24.348558	1	80	100	政府机构
530423002002	大梨社区居民委员会	102.691930	24.110810	1	80	94	政府机构
530424104207	红岩村民委员会	103.008960	24.373201	0	30	72	村庄
530423103208	海东村委会	102.726000	24.111600	0	16	30	区县
530423001012	六一社区居民委员会	102.765530	24.111475	1	80	97	政府机构
530424001222	葫芦冲村民委员会	102.932690	24.198244	0	16	38	乡镇
530422002011	忠窑社区居民委员会	102.894220	24.648850	0	25	47	乡镇
530402007010	大密罗社区	102.460266	24.323088	0	18	66	乡镇
530426001212	小法那村民委员会	102.406580	24.176371	0	25	55	乡镇
530422001001	仪凤社区居民委员会	102.912390	24.672440	1	80	95	政府机构
530402007006	甸苴社区	102.468110	24.335861	0	30	100	UNKNOWN
530422002007	双树社区居民委员会	102.894220	24.648850	0	25	43	乡镇
530425203204	碧多村民委员会	102.035310	24.711680	0	25	70	乡镇
530426002214	大海洽村民委员会	102.513038	24.106580	1	80	97	UNKNOWN
530424102003	下街社区居民委员会	103.083303	24.220069	0	18	40	乡镇
530424104211	马鹿塘村民委员会	102.981980	24.435049	0	25	55	乡镇
530427201209	海外村委会	101.787090	24.072030	0	30	58	UNKNOWN
530423001004	秀麓社区居民委员会	102.765530	24.111475	1	80	94	政府机构
530403001010	伏家营社区居民委员会	102.761800	24.263481	0	50	73	UNKNOWN
530425100001	小绿汁社区居民委员会	101.968880	24.682980	0	30	58	UNKNOWN
530425202205	金田村民委员会	102.123170	24.526330	0	30	72	村庄
530402006007	康井社区	102.551705	24.412384	1	80	100	UNKNOWN
530424102214	龙潭营村民委员会	103.074420	24.143730	1	80	97	UNKNOWN
530428002201	南洒村委会	102.003340	23.594170	1	80	94	政府机构
530427200208	白鹤村委会	101.968610	24.060390	0	25	70	村庄
530426002003	由义社区居民委员会	102.454844	24.109589	0	16	38	乡镇
530402001003	棋阳社区居委会	102.546904	24.346090	1	80	100	政府机构
530424201206	大龙树村民委员会	103.046000	24.309210	0	30	72	UNKNOWN
530424001218	舍木多村民委员会	102.995738	24.241309	1	75	95	UNKNOWN
530402002013	胜利社区	102.547970	24.339470	1	80	97	政府机构
530424103002	甫甸社区居民委员会	102.986790	24.066860	0	30	58	UNKNOWN
530426103209	昔古牙村民委员会	102.227561	24.404072	0	16	65	乡镇
530423102209	大回村委会	102.568860	24.218350	0	25	70	乡镇
530402001015	山水社区	102.544380	24.358900	0	30	51	道路
530426001005	沐勋社区居民委员会	102.406580	24.176371	0	25	47	乡镇
530428003001	红新社区	102.002780	23.695260	0	25	55	乡镇
530402002005	高龙潭社区	102.547970	24.339470	1	80	97	政府机构
530425201203	罗台旧村民委员会	102.200943	24.580619	0	18	49	乡镇
530403001006	上头营社区居民委员会	102.755583	24.265974	0	18	35	乡镇
530402005001	春和社区	102.530040	24.399171	0	25	70	乡镇
530425201202	苗茂村民委员会	102.220680	24.604230	0	30	72	UNKNOWN
530403001007	大庄社区居民委员会	102.755583	24.265974	0	18	40	乡镇
530426001004	山后厂社区居民委员会	102.406580	24.176371	0	25	47	乡镇
530402002004	葫田社区居委会	102.547970	24.339470	1	80	97	政府机构
530423102208	石碧村委会	102.568860	24.218350	0	25	70	乡镇
530402001014	东风社区	102.544380	24.358900	0	30	51	道路
530424001219	火头村民委员会	102.932690	24.198244	0	16	38	乡镇
530402002012	教育社区	102.547970	24.339470	1	80	97	政府机构
530426103208	小甸中村民委员会	102.242690	24.417700	1	80	100	生活服务
530427200209	者甸村委会	101.968610	24.060390	0	25	47	村庄
530426002002	石邑社区居民委员会	102.454844	24.109589	0	16	38	乡镇
530402001002	新兴社区居委会	102.544380	24.358900	0	30	51	道路
530423002202	水塘村委会	102.691930	24.110810	1	80	95	政府机构
530425202204	贾姑村民委员会	102.157220	24.498901	0	25	70	乡镇
530427001001	五桂社区居民委员会	101.984138	24.069555	1	80	94	政府机构
530424102215	法高村民委员会	103.083303	24.220069	0	18	66	乡镇
530402006006	金家边社区	102.544520	24.371950	0	30	100	UNKNOWN
530403001011	海浒社区居民委员会	102.755583	24.265974	0	18	40	乡镇
530402005201	黄草坝村委会	102.614647	24.467036	1	80	100	政府机构
530424104210	倒马坎村民委员会	102.981980	24.435049	0	25	55	乡镇
530425204201	小街村民委员会	102.134390	24.857950	1	80	100	政府机构
530427201208	白达莫村委会	101.925300	24.196451	1	80	100	政府机构
530423001005	东苑社区居民委员会	102.765530	24.111475	1	80	94	政府机构
530424102002	东升社区居民委员会	103.083303	24.220069	0	18	40	乡镇
530428003201	它克村委会	102.002780	23.695260	0	25	47	乡镇
530402007007	郭井社区	102.460266	24.323088	0	18	66	乡镇
530422002006	立昌社区居民委员会	102.894220	24.648850	0	25	43	乡镇
530425203205	米苴村民委员会	102.099750	24.752750	0	30	72	UNKNOWN
530426001205	富泉村民委员会	102.338730	24.125630	1	80	100	政府机构
530402004001	北城居委会	102.548841	24.429749	1	80	100	政府机构
530422002010	华光社区居民委员会	102.894220	24.648850	0	25	43	乡镇
530424103202	独家村村民委员会	103.052360	24.092690	0	30	72	村庄
530424104206	城门硐村民委员会	102.981980	24.435049	0	25	55	乡镇
530423001013	长河社区居民委员会	102.765530	24.111475	1	80	94	政府机构
530425100201	绿汁村民委员会	101.962290	24.674410	0	25	70	乡镇
530424001223	那果村民委员会	102.932690	24.198244	0	16	38	乡镇
530402003005	玉村社区	102.533990	24.359100	0	40	59	道路
530428002001	澧江社区	102.003340	23.594170	1	80	97	政府机构
530423002003	三义社区居民委员会	102.691930	24.110810	1	80	94	政府机构
530428202204	垤霞村委会	102.056430	23.438800	0	25	47	村庄
530427103201	波村村委会	101.509470	24.144020	0	25	70	乡镇
530402008002	贾井社区	102.505260	24.270870	0	30	100	村庄
530428102206	浦贵村委会	101.874749	23.421280	0	16	38	乡镇
530422103001	海口社区居民委员会	102.942720	24.515970	0	25	47	乡镇
530423102204	下回村委会	102.568860	24.218350	0	25	70	乡镇
530427203203	马家坝村委会	101.615726	24.250441	1	80	100	政府机构
530426001008	土官社区居民委员会	102.406580	24.176371	0	25	47	乡镇
530402002008	文秀社区	102.547970	24.339470	1	80	97	政府机构
530427200205	弥勒村委会	101.968610	24.060390	0	25	70	村庄
530423102212	曲陀关村委会	102.582850	24.207531	0	50	73	UNKNOWN
530427102001	戛洒社区居民委员会	101.546978	24.008936	0	16	38	乡镇
530424001215	新城村民委员会	102.963590	24.251620	0	30	72	村庄
530403104203	兰田村民委员会	102.810870	24.325410	0	30	72	村庄
530426103204	大寨村民委员会	102.225190	24.374120	0	30	72	村庄
530403101001	江城社区居民委员会	102.839122	24.411637	0	25	47	乡镇
530423101202	古城村委会	102.791920	24.120410	0	30	72	村庄
530427100207	马鹿寨村委会	102.150610	23.920170	0	25	47	乡镇
530422102201	阳宗村民委员会	102.976650	24.817029	1	80	100	政府机构
530403103207	喜乐庄村民委员会	102.639065	24.282232	0	18	49	乡镇
530428201202	水可莫村委会	102.172470	23.654211	0	25	47	村庄
530425202208	脚家店村民委员会	102.157220	24.498901	0	25	47	乡镇
530426203206	石板村民委员会	102.092100	24.309330	0	25	55	乡镇
530425001011	蔡营社区居民委员会	102.168820	24.669880	1	80	94	政府机构
530422104204	东山村民委员会	102.980650	24.804439	0	30	72	村庄
530403202204	下营村民委员会	102.844970	24.281680	0	30	72	村庄
530425002001	六街社区居民委员会	102.227590	24.818021	0	25	43	乡镇
530427201204	六竜村委会	101.864600	24.113381	0	25	43	村庄
530423001009	东村社区居民委员会	102.765530	24.111475	1	80	94	政府机构
530426202207	以他斗村民委员会	102.088395	24.453410	0	16	47	乡镇
530403101216	尹旗村民委员会	102.820300	24.437401	1	80	100	政府机构
530426001209	宝山村民委员会	102.326920	24.217420	0	30	72	村庄
530428205001	咪哩社区	101.849424	23.525193	0	18	66	村庄
530425203209	沙衣村民委员会	102.035310	24.711680	0	25	55	乡镇
530424001002	城关社区居民委员会	102.932690	24.198244	0	16	33	乡镇
530403102206	后卫村民委员会	102.715879	24.349351	0	18	49	乡镇
530426105201	塔甸村民委员会	102.159380	24.248691	0	25	55	乡镇
530427101206	关圣村委会	101.727400	23.841290	0	25	70	乡镇
530403104002	下坝社区居民委员会	102.846938	24.343258	0	18	40	乡镇
530402009003	桃源社区	102.550501	24.283260	0	18	66	乡镇
530423104201	纳古纳家营村民委员会	102.783273	24.186495	0	18	40	乡镇
530427102200	达哈村委会	101.548230	24.098743	1	80	100	政府机构
530428101001	曼来社区	101.816886	23.635377	0	16	65	乡镇
530403102210	柏池古村民委员会	102.715879	24.349351	0	18	40	乡镇
530426201201	青河村民委员会	102.246610	24.278170	1	80	100	政府机构
530427101210	西尼村委会	101.727400	23.841290	0	25	43	乡镇
530428203205	者党村委会	102.122627	23.390188	0	18	40	村庄
530427205206	瓦寺村委会	101.552220	23.819560	0	25	70	村庄
530402202201	洛河村委会	102.366728	24.318083	0	18	66	乡镇
530425001007	曾所社区居民委员会	102.168820	24.669880	1	80	94	政府机构
530402003009	兰苑社区	102.533990	24.359100	0	40	59	道路
530423201001	里山社区居民委员会	102.726000	24.111600	0	16	28	区县
530403201202	董炳村民委员会	102.679955	24.406014	0	18	49	乡镇
530428204201	它吉克村委会	102.284890	23.539801	0	25	43	村庄
530427202202	盘龙村委会	101.715730	23.713490	0	30	72	村庄
530423103205	十街村委会	102.715916	24.141497	0	20	36	乡镇
530423202205	路南村委会	102.660440	23.952800	0	30	72	村庄
530427204204	春元村委会	101.376392	24.309370	0	16	38	村庄
530403001008	河咀社区居民委员会	102.755583	24.265974	0	18	40	乡镇
530402008001	研和社区	102.496600	24.217122	0	18	66	乡镇
530422101204	旧城村民委员会	102.934910	24.656990	1	80	100	政府机构
530427103202	大口村委会	101.509470	24.144020	0	25	70	乡镇
530423102207	甸心村委会	102.568860	24.218350	0	25	70	乡镇
530428102205	都贵村委会	101.874749	23.421280	0	16	38	乡镇
530426103211	白土村民委员会	102.227561	24.404072	0	16	47	乡镇
530428205203	大新村委会	101.832880	23.530979	0	30	72	地产小区
530427203200	太桥村委会	101.685110	24.168531	0	25	70	村庄
530423102211	小回村委会	102.568860	24.218350	0	25	70	乡镇
530427200206	桃孔村委会	101.950840	24.117350	0	30	58	UNKNOWN
530426103207	小河村民委员会	102.195250	24.417029	0	30	72	村庄
530403101002	隔河社区居民委员会	102.825640	24.375970	0	30	58	UNKNOWN
530423101201	云龙村委会	102.778920	24.131030	0	30	72	村庄
530428101203	大田房村委会	101.816886	23.635377	0	16	65	乡镇
530427102002	大红山社区居民委员会	101.621190	24.093951	0	30	58	村庄
530424001216	阿路本村民委员会	102.932690	24.198244	0	16	38	乡镇
530403103204	大村村民委员会	102.637330	24.293820	0	30	72	村庄
530427100204	尼蚱村委会	102.150610	23.920170	0	25	47	乡镇
530422102202	桃李村民委员会	102.981470	24.812149	0	30	72	村庄
530402006009	大矣资社区	102.618780	24.345839	0	30	100	UNKNOWN
530423201203	中铺村委会	102.803673	24.039714	1	80	100	政府机构
530426203205	婀娜村民委员会	102.092100	24.309330	0	25	55	乡镇
530428201201	大哨村委会	102.172470	23.654211	0	25	70	村庄
530422101005	小湾社区居民委员会	102.966260	24.586380	0	30	58	村庄
530425001012	水桥社区居民委员会	102.168820	24.669880	1	80	94	政府机构
530427201207	大寨村委会	101.807014	24.202541	1	80	100	政府机构
530425002002	柏树社区居民委员会	102.227590	24.818021	0	25	43	乡镇
530424001001	西门社区居民委员会	102.932690	24.198244	0	16	33	乡镇
530427203001	苛苴社区居民委员会	101.685110	24.168531	0	25	47	村庄
530403101215	牛摩村民委员会	102.839122	24.411637	0	25	55	乡镇
530422002009	高西社区居民委员会	102.894220	24.648850	0	25	43	乡镇
530426202204	鱼塘村民委员会	102.090990	24.497420	1	80	100	政府机构
530402007008	赤马社区	102.500911	24.353730	0	50	100	UNKNOWN
530422103203	松元村民委员会	102.942720	24.515970	0	25	55	乡镇
530427101205	胜利村委会	101.670210	23.789700	0	30	72	村庄
530403102205	石河村民委员会	102.711930	24.367790	0	30	72	村庄
530426105202	嘿腻村民委员会	102.159380	24.248691	0	25	70	乡镇
530427102203	东瓜林村委会	101.548831	23.998178	1	80	100	政府机构
530403104001	中坝社区居民委员会	102.846938	24.343258	0	18	40	乡镇
530403101203	大地村民委员会	102.803680	24.431560	0	30	72	村庄
530402202202	把者岱村委会	102.373849	24.281084	0	30	58	村庄
530427101213	小坝多村委会	101.655134	23.915428	1	80	100	政府机构
530426201202	棚租坝村民委员会	102.244090	24.281940	0	25	55	村庄
530427202201	挖窖村委会	101.638759	23.717933	0	16	65	村庄
530428204202	老茶吉村委会	102.284890	23.539801	0	25	43	村庄
530403201201	光山村民委员会	102.679955	24.406014	0	18	49	乡镇
530425001004	中屯社区居民委员会	102.168820	24.669880	1	80	94	政府机构
530427201211	阿宝村委会	101.864600	24.113381	0	25	47	村庄
530424104209	矣甫村民委员会	102.981980	24.435049	0	25	70	乡镇
530426104002	凤凰社区居民委员会	102.202180	24.078090	1	80	92	地产小区
530423103206	二街村委会	102.715916	24.141497	0	20	67	乡镇
530427002004	昌源和社区居民委员会	101.984035	24.070879	1	80	93	政府机构
530402005003	中所社区	102.530040	24.399171	0	25	70	乡镇
530403001004	三街社区居民委员会	102.755583	24.265974	0	18	40	乡镇
530402002007	葫泉社区	102.547970	24.339470	1	80	97	政府机构
530428003003	干坝社区	101.945322	23.692925	0	30	100	村庄
530426001007	石泉社区居民委员会	102.406580	24.176371	0	25	47	乡镇
530402002011	紫艺社区	102.547970	24.339470	1	80	97	政府机构
530424201204	小得勒村民委员会	103.060125	24.315401	0	18	40	乡镇
530402001001	荷花社区居委会	102.548561	24.360948	1	80	100	政府机构
530426002001	小街社区居民委员会	102.454844	24.109589	0	16	38	乡镇
530428002203	莫郎村委会	102.003340	23.594170	1	80	94	政府机构
530427001002	凤凰社区居民委员会	101.983701	24.070670	1	70	88	地产小区
530424102216	矣得村民委员会	103.083303	24.220069	0	18	66	乡镇
530402006005	下赫社区	102.550966	24.390892	0	50	100	UNKNOWN
530425202207	大村村民委员会	102.050320	24.559580	0	30	72	村庄
530423002201	团田村委会	102.691930	24.110810	1	80	97	政府机构
530403103208	矣文村民委员会	102.639065	24.282232	0	18	49	乡镇
530403001012	大营社区居民委员会	102.755583	24.265974	0	18	40	乡镇
530423001006	桑园社区居民委员会	102.765530	24.111475	1	80	94	政府机构
530425204202	甲浦村民委员会	102.133410	24.856560	1	80	100	政府机构
530402005202	波衣村委会	102.530040	24.399171	0	25	47	乡镇
530428001004	大水平社区	101.806780	23.696061	0	30	100	UNKNOWN
530402003010	明珠社区	102.533990	24.359100	0	40	59	道路
530427101209	坡头村委会	101.817300	23.847480	0	30	72	村庄
530403102209	小街村民委员会	102.715879	24.349351	0	18	49	乡镇
530426001206	厂上村民委员会	102.406580	24.176371	0	25	55	乡镇
530425203206	股水村民委员会	102.035310	24.711680	0	25	70	乡镇
530402007004	常里社区	102.460266	24.323088	0	18	66	乡镇
530422002005	养白牛社区居民委员会	102.894220	24.648850	0	25	43	乡镇
530428003202	果洛垤村委会	102.002780	23.695260	0	25	41	乡镇
530403101219	祁家营村民委员会	102.804030	24.457600	0	30	72	UNKNOWN
530427205209	柏枝村委会	101.552220	23.819560	0	25	70	村庄
530422001003	澄波社区居民委员会	102.912390	24.672440	1	80	94	政府机构
530402004002	大营社区	102.551102	24.469711	0	18	66	乡镇
530426001210	高平村民委员会	102.406580	24.176371	0	25	55	乡镇
530422002013	提古社区居民委员会	102.851702	24.740775	1	80	100	政府机构
530424001220	红坡村民委员会	102.973570	24.298410	0	30	72	村庄
530423001010	万家社区居民委员会	102.765530	24.111475	1	80	94	政府机构
530425100202	河尾村民委员会	101.962290	24.674410	0	25	55	乡镇
530424104205	斗居村民委员会	102.981980	24.435049	0	25	70	乡镇
530425001008	江口社区居民委员会	102.168820	24.669880	1	80	94	政府机构
530428002002	玉河社区	102.003340	23.594170	1	80	97	政府机构
530402003006	彩虹社区	102.533990	24.359100	0	40	59	道路
530423002001	九街社区居民委员会	102.691930	24.110810	1	80	93	政府机构
530425001009	方屯社区居民委员会	102.168820	24.669880	1	80	94	政府机构
530428002003	江东社区	102.003340	23.594170	1	80	97	政府机构
530402003007	玉龙社区	102.533990	24.359100	0	40	59	道路
530424001221	茂地村村民委员会	102.957790	24.303490	0	30	72	村庄
530423001011	大树社区居民委员会	102.765530	24.111475	1	80	94	政府机构
530425100203	竹子村民委员会	101.962290	24.674410	0	25	55	乡镇
530424104204	矣马白村民委员会	102.981980	24.435049	0	25	47	乡镇
530426001211	总果村民委员会	102.406580	24.176371	0	25	55	乡镇
530422002012	梁王社区居民委员会	102.894220	24.648850	0	25	47	乡镇
530427205208	富库村委会	101.552220	23.819560	0	25	47	村庄
530422001002	拥晖社区居民委员会	102.912390	24.672440	1	80	94	政府机构
530402004003	夏井社区	102.560270	24.421520	0	30	100	UNKNOWN
530426001207	新村村民委员会	102.333940	24.157460	0	30	72	村庄
530425203207	西山村民委员会	102.091780	24.693660	0	30	72	村庄
530402007005	师旗社区	102.488820	24.330329	0	50	100	UNKNOWN
530422002004	尖山社区居民委员会	102.894220	24.648850	0	25	43	乡镇
530403101218	桐关村民委员会	102.839122	24.411637	0	25	70	乡镇
530428003203	铜厂冲村委会	102.072420	23.872000	0	30	58	村庄
530427101208	双河村委会	101.856020	23.931010	0	30	72	村庄
530403102208	赵官村民委员会	102.715879	24.349351	0	18	49	乡镇
530423001007	城郊社区居民委员会	102.765530	24.111475	1	80	94	政府机构
530425201001	浦贝社区居民委员会	102.200943	24.580619	0	18	40	乡镇
530425204203	罗尹村民委员会	102.135460	24.858420	0	25	70	村庄
530424104212	大母公竜村民委员会	102.981980	24.435049	0	25	70	乡镇
530428001005	桥头社区	102.004280	23.596960	0	25	55	乡镇
530403001013	浪广社区居民委员会	102.755583	24.265974	0	18	40	乡镇
530428002202	南昏村委会	102.003340	23.594170	1	80	93	政府机构
530402006004	任井社区	102.554190	24.385699	0	25	70	乡镇
530424102217	富民村民委员会	103.049750	24.169450	0	30	72	村庄
530427001003	青龙社区居民委员会	101.984522	24.069366	1	80	100	政府机构
530425202206	老吾村民委员会	102.157220	24.498901	0	25	70	乡镇
530424201205	大婆左村民委员会	103.060125	24.315401	0	18	49	乡镇
530402002010	广场社区	102.547970	24.339470	1	80	97	政府机构
530424103001	华溪社区居民委员会	102.902708	24.059189	0	16	38	乡镇
530402002006	灵秀社区	102.547970	24.339470	1	80	97	政府机构
530428003002	甘庄社区	102.003792	23.696195	0	30	100	村庄
530426001006	大白邑社区居民委员会	102.406580	24.176371	0	25	47	乡镇
530402005002	王大户社区	102.529621	24.393703	0	50	100	UNKNOWN
530427002005	他拉社区居民委员会	101.984035	24.070879	1	80	94	政府机构
530403001005	早街社区居民委员会	102.755583	24.265974	0	18	40	乡镇
530427201210	布者村委会	101.695798	24.057847	1	80	100	政府机构
530424104208	山岐村民委员会	102.981980	24.435049	0	25	55	乡镇
530426104003	化念社区居民委员会	102.181534	24.134564	0	16	38	乡镇
530423103207	六街村委会	102.715916	24.141497	0	20	67	乡镇
530427202200	帽合村委会	101.638759	23.717933	0	16	47	村庄
530428201001	安龙社区	102.172470	23.654211	0	25	70	村庄
530428204203	邑慈碑村委会	102.284890	23.539801	0	25	47	村庄
530425001005	罗所社区居民委员会	102.168820	24.669880	1	80	94	政府机构
530402202203	跨喜村委会	102.366728	24.318083	0	18	40	乡镇
530427205204	丫口村委会	101.488374	23.816017	1	80	100	政府机构
530427101212	峨德村委会	101.706440	23.967990	0	30	58	UNKNOWN
530426201203	河外村民委员会	102.199380	24.263849	1	80	100	政府机构
530427102202	跃南村委会	101.546978	24.008936	0	16	47	乡镇
530402009001	高仓社区	102.521380	24.322070	0	50	100	UNKNOWN
530403101202	左卫村民委员会	102.803750	24.413770	1	80	100	政府机构
530423101001	杨广社区居民委员会	102.828495	24.113188	0	18	40	乡镇
530422103202	新村村民委员会	102.942720	24.515970	0	25	55	乡镇
530427101204	团结村委会	101.697899	23.857636	0	30	72	村庄
530426105203	瓦哨宗村民委员会	102.159380	24.248691	0	25	70	乡镇
530403102204	庄子村民委员会	102.715225	24.330182	1	80	100	政府机构
530403101214	明星村民委员会	102.862620	24.498590	1	70	92	UNKNOWN
530422002008	左所社区居民委员会	102.861348	24.635926	0	16	33	乡镇
530426202205	班德村民委员会	102.088395	24.453410	0	16	47	乡镇
530402007009	龙潭社区	102.460266	24.323088	0	18	66	乡镇
530425002003	二街社区居民委员会	102.227590	24.818021	0	25	43	乡镇
530422101004	矣旧社区居民委员会	102.934675	24.652824	0	18	40	乡镇
530423201202	大黑冲村委会	102.785101	24.061130	0	18	40	乡镇
530402006008	玉河社区	102.554190	24.385699	0	25	70	乡镇
530403201001	安化社区居民委员会	102.679955	24.406014	0	18	40	乡镇
530426203204	迭舍莫村民委员会	102.092100	24.309330	0	25	70	乡镇
530427202001	马鹿社区居民委员会	101.638759	23.717933	0	16	38	村庄
530426104202	罗里村民委员会	102.181534	24.134564	0	16	47	乡镇
530403103205	中营村民委员会	102.650460	24.281771	0	30	72	村庄
530427100205	老白甸村委会	102.018357	23.896773	1	80	100	政府机构
530422102203	新街村民委员会	102.993750	24.852900	0	30	72	村庄
530426103206	下营村民委员会	102.241070	24.395210	0	30	72	村庄
530403104201	石岩哨村民委员会	102.846938	24.343258	0	18	49	乡镇
530428101202	农场田村委会	101.835290	23.653649	0	30	58	村庄
530424001217	暮车村民委员会	102.932690	24.198244	0	16	65	乡镇
530427102003	青树社区居民委员会	101.633792	23.955800	1	80	100	政府机构
530423102210	汉邑村委会	102.568860	24.218350	0	25	70	乡镇
530427200207	费贾村委会	101.968610	24.060390	0	25	47	村庄
530426103210	甸尾村民委员会	102.227561	24.404072	0	16	47	乡镇
530428205202	大黑铺村委会	101.849424	23.525193	0	18	35	村庄
530427203201	太和村委会	101.685110	24.168531	0	25	70	村庄
530423102206	解家营村委会	102.568860	24.218350	0	25	70	乡镇
530428102204	伴坤村委会	101.874749	23.421280	0	16	38	乡镇
530422101205	补益村民委员会	102.934675	24.652824	0	18	66	乡镇
530427103203	南达村委会	101.509470	24.144020	0	25	70	乡镇
530425002202	白邑村民委员会	102.235330	24.867890	0	30	72	UNKNOWN
530423202204	代办村委会	102.688353	23.980780	0	18	40	乡镇
530427204205	腰村村委会	101.376392	24.309370	0	16	65	村庄
530403001009	朱家庄社区居民委员会	102.755583	24.265974	0	18	40	乡镇
530427002002	古城社区居民委员会	101.984035	24.070879	1	80	94	政府机构
530402005005	团山社区	102.530040	24.399171	0	25	70	乡镇
530425201207	水唐村民委员会	102.200943	24.580619	0	18	49	乡镇
530403001002	下营社区居民委员会	102.756140	24.290880	0	30	58	UNKNOWN
530402002001	瓦窑社区居委会	102.548632	24.339188	1	80	100	政府机构
530426001001	双江社区居民委员会	102.406580	24.176371	0	25	47	乡镇
530402001011	文化社区	102.544380	24.358900	0	30	51	道路
530428101209	团田村委会	101.693899	23.598707	1	80	100	政府机构
530402001007	朱槿社区	102.544380	24.358900	0	30	58	道路
530424201202	所梅早村民委员会	103.060125	24.315401	0	18	66	乡镇
530426002007	舍郎社区居民委员会	102.454844	24.109589	0	16	38	乡镇
530427001004	太平社区居民委员会	101.984138	24.069555	1	80	94	政府机构
530424102210	平坝村民委员会	103.083303	24.220069	0	18	49	乡镇
530402006003	山头社区	102.554190	24.385699	0	25	70	乡镇
530425202201	十街村民委员会	102.157220	24.498901	0	25	55	乡镇
530424104002	海镜社区居民委员会	102.910080	24.450390	0	30	58	村庄
530425204204	木冲村民委员会	102.056680	24.836030	0	30	72	村庄
530428001002	凤凰社区	102.004280	23.596960	0	25	55	乡镇
530424104215	大村村民委员会	102.986270	24.493740	0	30	72	村庄
530424102007	方那社区居民委员会	103.119610	24.219080	1	80	92	地产小区
530402004012	刺桐关社区	102.551102	24.469711	0	18	49	乡镇
530428003204	撮科村委会	102.002780	23.695260	0	25	47	乡镇
530402007002	杯湖社区	102.501290	24.331329	0	30	100	村庄
530422002003	广龙社区居民委员会	102.862080	24.629540	1	80	92	地产小区
530402004004	东前社区	102.568620	24.417220	1	70	100	UNKNOWN
530427102209	新寨村委会	101.538770	24.111279	0	30	72	村庄
530403101209	侯家沟村民委员会	102.786732	24.385430	1	80	100	政府机构
530425100204	木厂村民委员会	101.962290	24.674410	0	25	55	乡镇
530424104203	紫马龙村民委员会	102.950990	24.448241	0	30	72	村庄
530423002006	元山社区居民委员会	102.691930	24.110810	1	80	94	政府机构
530428002004	红侨社区	102.003340	23.594170	1	80	97	政府机构
530402005009	刘总旗社区	102.516880	24.362550	0	30	100	UNKNOWN
530423202203	普丛村委会	102.688353	23.980780	0	18	40	乡镇
530427204202	者竜村委会	101.364320	24.309870	0	50	73	UNKNOWN
530428202201	戈垤村委会	102.056430	23.438800	0	25	47	村庄
530402008007	秀溪社区	102.496600	24.217122	0	18	66	乡镇
530427103204	旧哈村委会	101.463388	24.122419	1	80	100	政府机构
530423102201	螺髻村委会	102.568860	24.218350	0	25	47	乡镇
530428102203	卡腊村委会	101.874749	23.421280	0	16	38	乡镇
530427101002	龙河社区居民委员会	101.727400	23.841290	0	25	47	乡镇
530427203206	黑查莫村委会	101.715622	24.233113	1	80	100	政府机构
530428205205	甘岔村委会	101.849424	23.525193	0	18	66	村庄
530428203001	那诺社区	102.122627	23.390188	0	18	66	村庄
530427200200	小石缸村委会	101.942723	23.899752	1	80	100	政府机构
530403104206	小凹村民委员会	102.896970	24.405860	1	80	100	政府机构
530423101207	马家湾村委会	102.828495	24.113188	0	18	66	乡镇
530427102004	南蚌社区居民委员会	101.546978	24.008936	0	16	38	乡镇
530424001210	冲麦村民委员会	102.834340	24.214500	0	30	72	UNKNOWN
530428101205	红旗村委会	101.816886	23.635377	0	16	65	乡镇
530403103202	六十亩村民委员会	102.639065	24.282232	0	18	49	乡镇
530426104205	水湾村民委员会	102.181534	24.134564	0	16	47	乡镇
530423103001	七街社区居民委员会	102.715916	24.141497	0	20	41	乡镇
530427100202	赵米克村委会	102.150610	23.920170	0	25	47	乡镇
530422102204	北斗村民委员会	102.984630	24.843740	0	30	72	村庄
530423201205	芭蕉村委会	102.785101	24.061130	0	18	66	乡镇
530426203203	美党村民委员会	102.092100	24.309330	0	25	55	乡镇
530422101003	吉花社区居民委员会	102.934675	24.652824	0	18	40	乡镇
530403202201	窑房村民委员会	102.813160	24.230840	1	80	100	政府机构
530424104219	糯租村民委员会	103.101818	24.480396	0	30	72	村庄
530425002004	茶树社区居民委员会	102.244070	24.885200	0	30	58	UNKNOWN
530402201202	响水村委会	102.656990	24.474790	0	30	72	村庄
530424001007	郭家营社区居民委员会	102.933800	24.170480	0	30	58	UNKNOWN
530426202202	各雪村民委员会	102.088395	24.453410	0	16	65	乡镇
530403101213	三百亩村民委员会	102.839122	24.411637	0	25	55	乡镇
530428003208	路通村委会	102.002780	23.695260	0	25	43	乡镇
530428102002	安定社区	101.874749	23.421280	0	16	65	乡镇
530427101203	鱼塘村委会	101.727400	23.841290	0	25	70	乡镇
530403102203	渔村村民委员会	102.755170	24.333910	0	30	72	UNKNOWN
530426105204	七溪村民委员会	102.159380	24.248691	0	25	55	乡镇
530424001011	马鞍山社区居民委员会	102.932690	24.198244	0	16	33	乡镇
530427102205	大田村委会	101.667599	24.063825	1	80	100	政府机构
530403101205	白家营村民委员会	102.839122	24.411637	0	25	55	乡镇
530427205203	库独木村委会	101.552220	23.819560	0	25	55	村庄
530402202204	法冲村委会	102.366728	24.318083	0	18	66	乡镇
530402004008	皂角社区	102.551102	24.469711	0	18	66	乡镇
530423203202	下村村民委员会	102.726000	24.111600	0	16	30	区县
530426201204	文山村民委员会	102.168260	24.324460	0	30	72	村庄
530428204204	罗垤村委会	102.284890	23.539801	0	25	47	村庄
530425001002	兴文街社区居民委员会	102.165243	24.669123	1	80	100	政府机构
530425100208	棚苴村民委员会	101.962290	24.674410	0	25	70	乡镇
530426104004	念江社区居民委员会	102.181534	24.134564	0	16	38	乡镇
530427100002	大开门社区居民委会	102.150610	23.920170	0	25	47	乡镇
530426104005	党宽社区居民委员会	102.181534	24.134564	0	16	38	乡镇
530423103201	四寨村委会	102.715916	24.141497	0	20	67	乡镇
530428204205	它才吉村委会	102.284890	23.539801	0	25	43	村庄
530425001003	西环路社区居民委员会	102.168820	24.669880	1	80	94	政府机构
530427101214	平安村委会	101.686225	24.035508	1	80	100	政府机构
530428203201	朗树村委会	102.122627	23.390188	0	18	66	村庄
530402202205	双龙村委会	102.338829	24.368621	1	80	100	政府机构
530427205202	仓房村委会	101.519920	23.873820	0	30	72	村庄
530423203203	桃家嘴村民委员会	102.669180	24.139589	1	80	97	UNKNOWN
530402004009	梅园社区	102.551102	24.469711	0	18	66	乡镇
530426201205	安居村民委员会	102.190810	24.319720	0	30	72	村庄
530427102204	发启村委会	101.546978	24.008936	0	16	38	乡镇
530424001010	铁埂社区居民委员会	102.932690	24.198244	0	16	33	乡镇
530403101204	黄营村民委员会	102.784880	24.428810	1	80	100	政府机构
530426103001	甸中社区居民委员会	102.227561	24.404072	0	16	38	乡镇
530422103204	永和村民委员会	102.942720	24.515970	0	25	55	乡镇
530427101202	黎明村委会	101.644140	23.879100	0	30	72	村庄
530423102001	河西社区居民委员会	102.568860	24.218350	0	25	47	乡镇
530426105205	亚尼村民委员会	102.159380	24.248691	0	25	55	乡镇
530403102202	业家山村民委员会	102.744560	24.351110	0	30	72	村庄
530402201203	玉苗村委会	102.647647	24.456968	0	18	40	乡镇
530424001006	王马社区居民委员会	102.932690	24.198244	0	16	33	乡镇
530427102212	腊戛底村委会	101.546978	24.008936	0	16	38	乡镇
530426202203	迭所村民委员会	102.088395	24.453410	0	16	65	乡镇
530428003209	西拉河村委会	102.011131	23.866685	0	50	73	UNKNOWN
530403101212	海门村民委员会	102.810250	24.370720	1	80	100	政府机构
530427201200	甸末村委会	101.864600	24.113381	0	25	47	村庄
530428202001	羊街社区	102.056430	23.438800	0	25	70	村庄
530424104218	禄丰村民委员会	102.981980	24.435049	0	25	55	乡镇
530425002005	旧县社区居民委员会	102.227590	24.818021	0	25	43	乡镇
530422101002	小西社区居民委员会	102.934675	24.652824	0	18	40	乡镇
530423201204	象平村委会	102.785101	24.061130	0	18	40	乡镇
530426203202	塔冲村民委员会	102.105399	24.322944	1	80	97	政府机构
530428201206	阿乃村委会	102.118510	23.605580	0	30	58	UNKNOWN
530403103203	阳山庄村民委员会	102.598026	24.296108	1	80	95	地产小区
530427100203	丁苴村委会	102.150610	23.920170	0	25	47	乡镇
530422102205	净莲寺村民委员会	102.965351	24.836941	0	18	49	乡镇
530423101206	兴义村委会	102.828495	24.113188	0	18	40	乡镇
530424001211	西冲村民委员会	102.932690	24.198244	0	16	47	乡镇
530427102005	平寨社区居民委员会	101.546978	24.008936	0	16	38	乡镇
530428101204	新光村委会	101.789100	23.713900	0	30	72	村庄
530427200201	宁河村委会	101.968610	24.060390	0	25	70	村庄
530423101210	落凤村委会	102.828495	24.113188	0	18	40	乡镇
530427203207	哈科底村委会	101.685110	24.168531	0	25	47	村庄
530428205204	瓦纳村委会	101.885670	23.512750	1	80	100	政府机构
530424001207	吗达村民委员会	102.932690	24.198244	0	16	65	乡镇
530428102202	车垤村委会	101.874749	23.421280	0	16	38	乡镇
530427101003	曼勒社区居民委员会	101.757770	23.833100	1	80	92	地产小区
530402008006	东山社区	102.496600	24.217122	0	18	66	乡镇
530422104001	九村社区居民委员	102.976770	24.691629	0	30	58	村庄
530427103205	拉博村委会	101.501140	24.115451	0	30	58	UNKNOWN
530403202001	雄关社区居民委员会	102.850921	24.255815	0	18	40	村庄
530423202202	五街村委会	102.688353	23.980780	0	18	66	乡镇
530402005008	马桥社区	102.530040	24.399171	0	25	70	乡镇
530427201001	新华社区居民委员会	101.864600	24.113381	0	25	47	村庄
530427204203	渔科村委会	101.376392	24.309370	0	16	38	村庄
530423002007	九龙社区居民委员会	102.691930	24.110810	1	80	94	政府机构
530402003001	郑井社区居委会	102.528620	24.351801	1	80	100	政府机构
530428002005	那整社区	102.003340	23.594170	1	80	97	政府机构
530425100205	龙格利村民委员会	101.962290	24.674410	0	25	47	乡镇
530424104202	落梅村民委员会	102.982070	24.420290	1	80	100	政府机构
530422002014	禄充社区居民委员会	102.840945	24.556787	0	50	73	UNKNOWN
530424103206	大新寨村民委员会	102.869530	24.024160	0	30	72	村庄
530403101208	温泉村民委员会	102.790720	24.398679	0	30	72	村庄
530422001004	揽秀社区居民委员会	102.912390	24.672440	1	80	94	政府机构
530402004005	古城社区	102.551102	24.469711	0	18	66	乡镇
530425203201	铜厂村民委员会	102.035310	24.711680	0	25	55	乡镇
530428003205	阿不都村委会	102.002780	23.695260	0	25	47	乡镇
530402007003	赵桅社区	102.460266	24.323088	0	18	66	乡镇
530422002002	万海社区居民委员会	102.894220	24.648850	0	25	47	乡镇
530426002211	雨来救村民委员会	102.468380	24.069861	0	30	72	UNKNOWN
530402004013	大石板社区	102.551102	24.469711	0	18	66	乡镇
530424102006	大寨社区居民委员会	103.083303	24.220069	0	18	40	乡镇
530425204205	狮子山村民委员会	102.057200	24.859680	1	80	100	政府机构
530403001202	小白坡村民委员会	102.766817	24.241684	1	80	97	政府机构
530423001001	滨湖社区居民委员会	102.765530	24.111475	1	80	94	政府机构
530428001003	兴元社区	102.004280	23.596960	0	25	55	乡镇
530424104003	海关社区居民委员会	102.981980	24.435049	0	25	47	乡镇
530402006002	李棋社区	102.554190	24.385699	0	25	70	乡镇
530424102211	磨沙塘村民委员会	103.088620	24.271810	0	30	72	UNKNOWN
530427001005	亚尼社区居民委员会	101.984138	24.069555	1	80	94	政府机构
530402001006	珊瑚社区居委会	102.538675	24.354578	1	80	100	政府机构
530424201203	山羊母村民委员会	103.060125	24.315401	0	18	49	乡镇
530426002006	永昌社区居民委员会	102.454844	24.109589	0	16	38	乡镇
530428101208	南溪村委会	101.816886	23.635377	0	16	65	乡镇
530402001010	广文社区	102.544380	24.358900	0	30	51	道路
530428003004	青龙厂社区	102.038530	23.757290	0	50	100	UNKNOWN
530402005004	孙井社区	102.544820	24.404270	0	30	100	UNKNOWN
530427002003	纳溪居民委员会	101.984035	24.070879	1	80	94	政府机构
530425201206	草箐村民委员会	102.200943	24.580619	0	18	66	乡镇
530403001003	大街社区居民委员会	102.755583	24.265974	0	18	40	乡镇
