530521102208	源珠村民委员会	99.131200	24.874780	1	80	100	政府机构
530581205209	太和村村民委员会	98.495180	24.714050	0	30	72	村庄
530502202211	阿今村民委员会	99.174403	24.993132	0	18	66	村庄
530502106207	新寨村民委员会	98.827260	25.020610	0	30	72	村庄
530524207208	谷满村民委员会	99.897200	25.082430	0	25	55	乡镇
530502201201	金鸡社区村民委员会	99.291245	25.168687	0	18	49	村庄
530502105217	阿石寨村民委员会	99.262400	25.447600	0	25	55	乡镇
530523207203	老满坡村民委员会	98.822479	24.191887	0	16	47	乡镇
530502206205	洼子田村民委员会	99.340678	25.241073	0	18	49	村庄
530581108205	沙河社区村民委员会	98.541858	25.627668	0	16	47	乡镇
530502101203	小永社区村民委员会	98.871682	25.399441	1	80	97	UNKNOWN
530523103203	沟心寨村民委员会	98.980470	24.325211	1	80	100	政府机构
530502002022	甜子社区居民委员会	99.166480	25.131241	1	80	94	政府机构
530524109202	扁里村民委员会	99.554718	24.678126	0	16	47	乡镇
530523204205	黑山村民委员会	98.823220	24.561810	0	25	55	村庄
530502101215	沙登村民委员会	99.206160	25.160230	1	80	100	政府机构
530502205203	打平村民委员会	99.393943	25.143382	0	16	47	村庄
530581111209	郎蒲社区村民委员会	98.390130	24.907731	0	25	70	乡镇
530581101209	大宽邑社区村民委员会	98.519302	24.981749	0	16	47	乡镇
530523203201	梨树坪社区村民委员会	98.780760	24.726170	0	30	72	村庄
530502106211	石梯社区村民委员会	98.869890	24.967520	0	25	55	乡镇
530523101005	云山社区居民委员会	98.678277	24.587335	1	80	92	地产小区
530523104207	沙子坡村民委员会	98.957600	24.700820	0	30	72	村庄
530524103208	玉地里社区村民委员会	99.509480	24.876920	0	30	72	UNKNOWN
530502105201	瓦窑社区村民委员会	98.872259	25.037571	1	80	97	UNKNOWN
530502204202	新南村民委员会	99.387283	25.023559	0	16	47	村庄
530524108203	二母龙村民委员会	99.420934	24.701273	0	16	47	乡镇
530523101212	麦地社区村民委员会	98.517600	24.622810	0	30	72	UNKNOWN
530502207212	汶上社区村民委员会	98.958802	25.564693	0	16	47	乡镇
530502103204	沈家社区村民委员会	99.181010	25.070980	0	25	55	乡镇
530581106221	界明社区村民委员会	98.687822	25.540865	0	16	65	乡镇
530523102202	淘金河村民委员会	98.888647	24.660121	1	80	97	UNKNOWN
530523201210	弄福村民委员会	98.705906	24.760927	0	18	49	村庄
530524102209	沿江村民委员会	99.665920	24.983260	0	30	72	村庄
530524208201	耈街社区村民委员会	99.809773	24.992595	0	16	65	乡镇
530523105206	坝头社区村民委员会	98.767167	24.372543	0	16	47	乡镇
530502203206	真峰村民委员会	99.321910	24.928640	0	25	70	村庄
530521207209	大寨门村民委员会	99.101979	24.694000	0	18	49	村庄
530581110208	上营社区村民委员会	98.674519	25.018809	0	16	47	乡镇
530502104216	菖蒲塘村民委员会	99.004969	24.964053	0	30	72	村庄
530524206209	打瓦村民委员会	99.515010	24.477580	0	25	55	村庄
530523105210	芹菜塘村民委员会	98.896650	24.472899	0	30	72	村庄
530523201206	上龙村民委员会	98.705906	24.760927	0	18	49	村庄
530502203210	乌马村民委员会	99.348830	24.910861	1	80	100	政府机构
530581204208	联盟社区村民委员会	98.678792	24.868276	0	18	49	村庄
530521103209	陡坡村民委员会	99.270689	24.579103	0	18	49	乡镇
530502204214	叠水村民委员会	99.387283	25.023559	0	16	47	村庄
530523101204	香柏河社区村民委员会	98.693298	24.646359	0	50	82	UNKNOWN
530581109204	高田社区村民委员会	98.359338	25.060831	0	16	47	乡镇
530502002018	荷花社区居民委员会	99.166480	25.131241	1	80	94	政府机构
530502103212	青岗坝村民委员会	99.181010	25.070980	0	25	55	乡镇
530502207204	白岩村民委员会	98.946390	25.587920	0	30	72	村庄
530523102214	镇坪村民委员会	98.820667	24.731317	0	16	47	乡镇
530581101008	观音塘社区居民委员会	98.494619	25.037293	1	75	92	地产小区
530502001008	关楼社区居民委员会	99.162910	25.102711	1	80	94	政府机构
530523206202	小田坝村民委员会	98.916530	24.373321	0	30	72	村庄
530524207204	子堂村民委员会	99.605200	24.827700	0	12	34	区县
530521205202	龙潭村民委员会	99.309610	24.695590	0	30	72	村庄
530581102203	江东社区村民委员会	98.449523	25.315953	0	16	47	乡镇
530581205205	龙洒社区村民委员会	98.480570	24.742552	0	18	49	村庄
530581101213	岗峨社区村民委员会	98.519302	24.981749	0	16	65	乡镇
530521102204	坡脚村民委员会	99.117420	24.881230	1	80	100	政府机构
530581108209	自治社区村民委员会	98.541858	25.627668	0	16	47	乡镇
530581202201	新乐社区村民委员会	98.605653	25.093397	0	18	49	村庄
530581106217	新庄社区村民委员会	98.687822	25.540865	0	16	47	乡镇
530502003015	白衣寺社区居民委员会	99.165500	25.121101	0	14	27	区县
530524107206	湾岗村民委员会	99.540042	25.016242	0	16	47	乡镇
530502208217	喜坪村民委员会	99.062120	25.361230	0	25	70	乡镇
530502206209	海棠社区村民委员会	99.340678	25.241073	0	18	49	村庄
530523204209	绕廊社区村民委员会	98.823220	24.561810	0	25	70	村庄
530502003003	龙泉社区居民委员会	99.152020	25.108370	1	80	100	政府机构
530581106201	界头社区村民委员会	98.687822	25.540865	0	16	47	乡镇
530521105216	乌木村民委员会	98.927450	24.902360	0	25	70	村庄
530502101219	李家寺村民委员会	99.157854	25.240615	0	25	70	旅游景点
530524101002	宝丰社区居民委员会	99.608191	24.816372	1	80	92	地产小区
530581201207	兴龙社区村民委员会	98.457730	25.216373	0	16	47	村庄
530502208201	瓦房社区村民委员会	99.062120	25.361230	0	25	55	乡镇
530524103204	腊邑社区村民委员会	99.474304	24.896646	0	16	65	乡镇
530521101202	菖蒲塘村民委员会	99.159920	24.646141	1	80	100	政府机构
530581206203	向阳村村民委员会	98.601910	24.810280	0	30	72	村庄
530502004007	四方社区居民委员会	99.165500	25.121101	0	14	27	区县
530521102212	四大庄村民委员会	99.086802	24.828752	0	18	40	乡镇
530581101205	沙坝社区村民委员会	98.519302	24.981749	0	16	47	乡镇
530521206204	老麦村民委员会	99.196500	24.858329	0	30	72	UNKNOWN
530581111205	尖山社区村民委员会	98.390130	24.907731	0	25	55	乡镇
530502104220	桤木林村民委员会	99.034139	25.011431	0	16	47	乡镇
530502103208	贾官社区村民委员会	99.181010	25.070980	0	25	70	乡镇
530581105401	云南腾冲经济开发区社区	98.451077	25.017774	0	25	55	乡镇
530581101012	云山社区居民委员会	98.519302	24.981749	0	16	38	乡镇
530524105201	勐统社区村民委员会	99.639760	24.521781	0	25	55	乡镇
530502001012	田心社区居民委员会	99.162910	25.102711	1	80	94	政府机构
530521104217	苏家社区村民委员会	99.205684	24.794673	0	18	49	乡镇
530502002002	红庙社区居民委员会	99.166480	25.131241	1	80	94	政府机构
530502105221	克恭村民委员会	99.262400	25.447600	0	25	70	乡镇
530581110204	马家村社区村民委员会	98.670270	24.952020	0	30	72	村庄
530524205203	下甸村民委员会	99.605200	24.827700	0	12	44	区县
530581204212	金塘社区村民委员会	98.678792	24.868276	0	18	49	村庄
530521207205	李为底村民委员会	99.101979	24.694000	0	18	66	村庄
530502005006	青阳社区居民委员会	99.100131	25.156457	0	16	33	乡镇
530581207202	帕允村村民委员会	98.640620	24.768080	0	30	72	村庄
530524102205	河尾社区村民委员会	99.683107	24.930744	0	16	47	乡镇
530524101203	新华社区村民委员会	99.625275	24.827542	0	16	47	乡镇
530502005010	尹家坝社区居民委员会	99.221220	25.097000	0	30	58	村庄
530521103205	蒜园社区村民委员会	99.201050	24.630629	0	30	72	UNKNOWN
530581204204	老寨村村民委员会	98.617770	24.854150	0	30	72	村庄
530581110212	老桥头社区村民委员会	98.695340	24.948360	0	30	72	UNKNOWN
530502106227	三达地村民委员会	98.869890	24.967520	0	25	55	乡镇
530581103202	腊幸社区村民委员会	98.408480	25.521119	0	16	65	乡镇
530521204203	大山村民委员会	99.173610	24.346580	0	30	72	村庄
530524206205	西米村民委员会	99.515010	24.477580	0	25	55	村庄
530502207208	下里濯村民委员会	99.165500	25.121101	0	14	37	区县
530502101223	苏家村民委员会	99.220450	25.172841	0	25	70	乡镇
530502209216	马田村民委员会	98.946180	25.249290	0	30	72	村庄
530581104206	东村社区村民委员会	98.225331	25.363869	0	16	47	乡镇
530581101004	秀峰社区居民委员会	98.511383	25.020359	1	80	92	地产小区
530521203207	沙子社区村民委员会	99.137400	24.464999	0	25	55	村庄
530523102218	户帕村民委员会	98.820667	24.731317	0	16	47	乡镇
530502002014	学府社区居民委员会	99.166480	25.131241	1	80	94	政府机构
530524106207	下六甲村民委员会	99.657840	24.738240	0	30	72	村庄
530521104201	仁和社区村民委员会	99.205684	24.794673	0	18	49	乡镇
530521101003	团树社区居民委员会	99.192751	24.691623	0	18	40	乡镇
530581107216	清河社区村民委员会	98.617944	25.208937	0	16	47	乡镇
530581109208	大村社区村民委员会	98.384530	25.041881	0	30	72	村庄
530523101208	核桃坪村民委员会	98.692600	24.591120	0	25	55	乡镇
530524106206	大九甲村民委员会	99.692123	24.682109	0	16	47	乡镇
530502002015	双虹社区居民委员会	99.166480	25.131241	1	80	94	政府机构
530521101002	文武社区居民委员会	99.186437	24.725503	0	50	73	地产小区
530581107217	干乍社区村民委员会	98.617944	25.208937	0	16	65	乡镇
530581203201	荆陈社区村民委员会	98.475671	24.937104	0	18	66	村庄
530581109209	新歧社区村民委员会	98.359338	25.060831	0	16	65	乡镇
530523101209	河头社区村民委员会	98.777190	24.570119	0	30	72	UNKNOWN
530502207209	上里濯村民委员会	98.958802	25.564693	0	16	47	乡镇
530502101222	秋山村民委员会	99.220450	25.172841	0	25	55	乡镇
530502209217	河湾村民委员会	98.996590	25.187090	0	25	55	乡镇
530502001005	沙河社区居民委员会	99.162910	25.102711	1	80	94	政府机构
530581104207	轮马社区村民委员会	98.225331	25.363869	0	16	65	乡镇
530581101005	山源社区居民委员会	98.494212	25.015951	1	70	88	地产小区
530521203206	垭口村民委员会	99.060600	24.476130	0	30	72	村庄
530523102219	邦别社区村民委员会	98.820667	24.731317	0	16	47	乡镇
530502106226	石头寨社区村民委员会	99.023650	25.022280	0	30	72	村庄
530502006001	大堡子社区居民委员会	99.165500	25.121101	0	14	27	区县
530581103203	云峰社区村民委员会	98.408480	25.521119	0	16	47	乡镇
530521204202	里戛村民委员会	99.236840	24.422330	0	25	55	村庄
530524206204	田头村民委员会	99.512290	24.506090	0	30	72	村庄
530524101202	勐廷社区村民委员会	99.625275	24.827542	0	16	65	乡镇
530521103204	富阳社区村民委员会	99.270689	24.579103	0	18	49	乡镇
530581204205	那弄村村民委员会	98.599550	24.832180	0	30	72	村庄
530581110213	桥街社区村民委员会	98.674519	25.018809	0	16	47	乡镇
530581207203	曼歧村村民委员会	98.634670	24.743680	0	30	72	村庄
530524102204	明德村民委员会	99.715380	24.838110	0	30	72	村庄
530502105220	六合村民委员会	99.262400	25.447600	0	25	70	乡镇
530581110205	马场社区村民委员会	98.674519	25.018809	0	16	47	乡镇
530524205202	小街子村民委员会	99.358170	24.561860	0	30	72	村庄
530581204213	官田村村民委员会	98.711820	24.915500	0	30	72	村庄
530521207204	王家庄村民委员会	99.090580	24.644360	0	30	72	村庄
530521103212	大岭岗村民委员会	99.270689	24.579103	0	18	49	乡镇
530502005007	董官社区居民委员会	99.100131	25.156457	0	16	33	乡镇
530581107201	曲石社区村民委员会	98.617944	25.208937	0	16	47	乡镇
530521104216	土官社区村民委员会	99.159510	24.789450	0	30	72	UNKNOWN
530524106210	尼诺村民委员会	99.655390	24.615960	0	30	72	UNKNOWN
530502002003	白塔社区居民委员会	99.166480	25.131241	1	80	94	政府机构
530502209201	杨柳社区村民委员会	98.996590	25.187090	0	25	55	乡镇
530521203210	坪子地村民委员会	99.198880	24.453300	0	30	72	UNKNOWN
530581101013	金源社区居民委员会	98.519302	24.981749	0	16	38	乡镇
530502001013	湾子社区居民委员会	99.168974	25.101573	1	80	100	政府机构
530502004006	太平社区居民委员会	99.165500	25.121101	0	14	27	区县
530521102213	躲安村民委员会	99.086802	24.828752	0	18	66	乡镇
530581101204	永乐社区村民委员会	98.519302	24.981749	0	16	47	乡镇
530521206205	茨桶村民委员会	99.216622	24.869243	0	18	66	村庄
530581111204	甘蔗寨社区村民委员会	98.412120	24.987760	0	30	72	村庄
530502104221	红岩脚村民委员会	98.943620	24.918880	0	30	72	UNKNOWN
530524103205	沙坝社区村民委员会	99.474304	24.896646	0	16	47	乡镇
530521101203	袁家村民委员会	99.150470	24.636340	0	30	72	村庄
530581206202	米果社区村民委员会	98.572633	24.733392	0	16	47	村庄
530524104201	卡斯社区村民委员会	99.388853	24.792815	0	16	47	乡镇
530524101003	龙井社区居民委员会	99.611486	24.826860	0	60	80	地产小区
530581201206	和睦社区村民委员会	98.457730	25.216373	0	16	47	村庄
530502003002	南苑社区居民委员会	99.165500	25.121101	0	14	27	区县
530523204208	大硝河村民委员会	98.855048	24.611200	0	50	82	UNKNOWN
530521105217	思腊村民委员会	99.006785	24.792020	0	16	65	乡镇
530521201201	万兴社区村民委员会	99.178330	24.580060	0	25	55	乡镇
530502101218	清水村民委员会	99.163610	25.222225	0	30	72	村庄
530502208216	水源村民委员会	99.029650	25.430240	0	30	72	村庄
530502206208	太元村民委员会	99.340678	25.241073	0	18	49	村庄
530581108208	麻栎社区村民委员会	98.541858	25.627668	0	16	47	乡镇
530521105201	太平社区村民委员会	99.006785	24.792020	0	16	47	乡镇
530581106216	白果社区村民委员会	98.687822	25.540865	0	16	47	乡镇
530502003014	仁寿门社区居民委员会	99.165500	25.121101	0	14	27	区县
530581205204	龙井山社区村民委员会	98.480570	24.742552	0	18	49	村庄
530581101212	盈水社区村民委员会	98.519302	24.981749	0	16	65	乡镇
530521102205	大庄社区村民委员会	99.086802	24.828752	0	18	49	乡镇
530502004010	祝马社区居民委员会	99.165500	25.121101	0	14	29	区县
530524207205	金宝村民委员会	99.897200	25.082430	0	25	55	乡镇
530521205203	哈寨村民委员会	99.303745	24.722487	0	18	49	乡镇
530581102202	爱国社区村民委员会	98.449523	25.315953	0	16	47	乡镇
530502103213	岩箐村民委员会	99.181010	25.070980	0	25	70	乡镇
530502207205	谷米村民委员会	98.958802	25.564693	0	16	47	乡镇
530523102215	镇宝村民委员会	98.820667	24.731317	0	16	65	乡镇
530581101009	东山社区居民委员会	98.519302	24.981749	0	16	38	乡镇
530523206203	河尾社区村民委员会	98.927190	24.350011	0	30	72	UNKNOWN
530502001009	兰花社区居民委员会	99.162910	25.102711	1	80	94	政府机构
530502204215	上庙村民委员会	99.403648	24.972051	0	25	70	旅游景点
530523101205	横山村民委员会	98.645250	24.639300	0	30	72	村庄
530581109205	樊家营社区村民委员会	98.359338	25.060831	0	16	47	乡镇
530502002019	易畴社区居民委员会	99.166480	25.131241	1	80	94	政府机构
530502203211	补麻村民委员会	99.321910	24.928640	0	25	55	村庄
530581204209	整顶社区村民委员会	98.678792	24.868276	0	18	66	村庄
530521103208	河尾村民委员会	99.270689	24.579103	0	18	49	乡镇
530502210201	芒宽社区村民委员会	98.867160	25.445110	0	25	70	乡镇
530502104217	黄泥村民委员会	99.069810	25.033020	0	30	72	村庄
530523105211	迤砂寨村民委员会	98.767167	24.372543	0	16	65	乡镇
530524206208	立达村民委员会	99.515010	24.477580	0	25	55	村庄
530523201207	硝塘社区村民委员会	98.738150	24.749420	0	30	72	村庄
530502203207	鲁图村民委员会	99.321910	24.928640	0	25	70	村庄
530521207208	大坡脚村民委员会	99.125830	24.703140	1	80	100	政府机构
530581110209	郑山社区村民委员会	98.674519	25.018809	0	16	47	乡镇
530502104201	蒲缥社区村民委员会	99.034139	25.011431	0	16	65	乡镇
530524102208	联福村民委员会	99.683107	24.930744	0	16	65	乡镇
530523201211	弄岗社区村民委员会	98.705906	24.760927	0	18	49	村庄
530523105207	朝阳社区村民委员会	98.767167	24.372543	0	16	47	乡镇
530502207213	安邦村民委员会	98.958802	25.564693	0	16	47	乡镇
530502103205	永铸社区村民委员会	99.181010	25.070980	0	25	55	乡镇
530581106220	水箐社区村民委员会	98.625660	25.499471	0	30	72	UNKNOWN
530523102203	八零八社区村民委员会	98.820667	24.731317	0	16	47	乡镇
530502204203	老南村民委员会	99.387283	25.023559	0	16	47	村庄
530524108202	扁木村民委员会	99.420934	24.701273	0	16	65	乡镇
530523101213	芒麦村民委员会	98.692600	24.591120	0	25	55	乡镇
530523101004	赧场社区居民委员会	98.699533	24.595853	1	80	92	地产小区
530523104206	新和村民委员会	98.917130	24.701220	0	30	72	村庄
530524103209	仙岳村民委员会	99.474304	24.896646	0	16	47	乡镇
530581111208	杏塘社区村民委员会	98.390130	24.907731	0	25	55	乡镇
530581101208	马常社区村民委员会	98.519302	24.981749	0	16	47	乡镇
530502106210	香树社区村民委员会	98.840680	24.960980	0	30	72	UNKNOWN
530502202206	胡家社区村民委员会	99.344990	24.862700	0	30	72	村庄
530524109203	明山村民委员会	99.566850	24.698170	0	30	72	村庄
530523204204	茄子山村民委员会	98.806373	24.495172	0	80	72	村庄
530502101214	青莲社区村民委员会	99.220450	25.172841	0	25	55	乡镇
530502205202	荒田村民委员会	99.393943	25.143382	0	16	47	村庄
530523103202	大寨社区村民委员会	99.036641	24.319045	0	16	47	乡镇
530502002023	王家庄社区居民委员会	99.166480	25.131241	1	80	94	政府机构
530581108204	东山社区村民委员会	98.541858	25.627668	0	16	47	乡镇
530502101202	沙坝社区村民委员会	99.220450	25.172841	0	25	55	乡镇
530523207202	鱼塘垭口社区村民委员会	98.822479	24.191887	0	16	47	乡镇
530521104220	五楼社区村民委员会	99.205684	24.794673	0	18	49	乡镇
530502206204	平坡社区村民委员会	99.234430	25.073170	0	30	72	村庄
530523104210	大龙村民委员会	99.010410	24.668629	0	30	72	村庄
530524207209	羊街村民委员会	99.896110	25.131320	1	80	100	政府机构
530502105216	老营社区村民委员会	99.191980	25.315510	0	50	82	UNKNOWN
530521208201	平场子社区村民委员会	99.090410	24.354390	0	30	72	村庄
530521102209	华兴社区村民委员会	99.086802	24.828752	0	18	49	乡镇
530581205208	何家寨村村民委员会	98.462970	24.729020	0	30	72	村庄
530502106206	芒棒社区村民委员会	98.830937	25.044665	0	30	72	村庄
530581102205	顺利社区村民委员会	98.449523	25.315953	0	16	47	乡镇
530524207202	岔河村民委员会	99.918050	25.066050	0	30	72	UNKNOWN
530521205204	大地村民委员会	99.316760	24.748479	0	30	72	村庄
530521102202	由旺社区村民委员会	99.086802	24.828752	0	18	66	乡镇
530581101215	上勐连社区村民委员会	98.519302	24.981749	0	16	47	乡镇
530581205203	龙塘村村民委员会	98.523080	24.778220	0	30	72	村庄
530581106211	中牌社区村民委员会	98.687822	25.540865	0	16	47	乡镇
530521105206	李山村民委员会	99.063220	24.880080	0	30	72	村庄
530502003013	新乐社区居民委员会	99.165500	25.121101	0	14	27	区县
530581202207	盈河村村民委员会	98.564560	25.050160	0	30	72	村庄
530502101209	北汉社区庄村民委员会	99.220450	25.172841	0	25	47	乡镇
530581105201	大庄社区村民委员会	98.451077	25.017774	0	25	55	乡镇
530524104210	大水平社区村民委员会	99.464262	24.814638	1	80	97	政府机构
530502208211	徐掌村民委员会	99.062120	25.361230	0	25	55	乡镇
530521201206	大水村民委员会	99.094890	24.579251	0	30	72	村庄
530502003005	交通社区居民委员会	99.170690	25.116021	1	80	100	政府机构
530521105210	柳树水村民委员会	99.006785	24.792020	0	16	47	乡镇
530581106207	东华社区村民委员会	98.491100	25.020600	0	12	34	区县
530502205209	垭口村民委员会	99.376360	25.214720	0	30	72	村庄
530581201201	保家社区村民委员会	98.457730	25.216373	0	16	47	村庄
530524101004	文昌社区居民委员会	99.610690	24.829809	1	80	92	地产小区
530524104206	兰山社区村民委员会	99.388853	24.792815	0	16	47	乡镇
530502208207	党西村民委员会	99.033970	25.394320	0	30	72	UNKNOWN
530581206205	龙朝社区村民委员会	98.572633	24.733392	0	16	47	村庄
530524103202	大地社区村民委员会	99.474304	24.896646	0	16	47	乡镇
530521101204	五福村民委员会	99.192751	24.691623	0	18	66	乡镇
530502203220	大庄村民委员会	99.247540	24.956580	0	30	72	村庄
530521206202	黄家寨村民委员会	99.216622	24.869243	0	18	49	村庄
530581111203	雨伞社区村民委员会	98.390130	24.907731	0	25	55	乡镇
530502004001	红花社区居民委员会	99.165500	25.121101	0	14	27	区县
530581101203	洞坪社区村民委员会	98.519302	24.981749	0	16	47	乡镇
530521102214	王家寨村民委员会	99.089730	24.844940	1	80	100	政府机构
530502207218	上拉堡村民委员会	98.971280	25.487410	1	80	100	政府机构
530502209206	岩头村民委员会	98.889410	25.157429	0	30	72	村庄
530581101014	砚湖社区居民委员会	98.519302	24.981749	0	16	38	乡镇
530524105207	酒药寨社区村民委员会	99.639760	24.521781	0	25	70	乡镇
530502001014	岱官社区居民委员会	99.162910	25.102711	1	80	94	政府机构
530523102208	大坝社区村民委员会	98.820667	24.731317	0	16	47	乡镇
530502204208	奎阁村民委员会	99.404900	25.014591	0	30	72	UNKNOWN
530521104211	茨菇村民委员会	99.205684	24.794673	0	18	66	乡镇
530581107206	双河社区村民委员会	98.617944	25.208937	0	16	47	乡镇
530502002004	永昌社区居民委员会	99.178412	25.125020	1	80	100	政府机构
530524108209	澡塘社区村民委员会	99.420934	24.701273	0	16	65	乡镇
530524205205	芒回村民委员会	99.424226	24.459687	0	30	72	村庄
530581110202	张家村社区村民委员会	98.686410	24.932470	0	30	72	村庄
530521207203	石头寨村民委员会	99.101979	24.694000	0	18	49	村庄
530502006010	王海社区居民委员会	99.165500	25.121101	0	14	27	区县
530524102203	明华村民委员会	99.683107	24.930744	0	16	47	乡镇
530581207204	弄玲社区村民委员会	98.632211	24.710890	0	18	49	村庄
530581204202	五合社区村民委员会	98.678792	24.868276	0	18	49	村庄
530581110214	大田坡社区村民委员会	98.682080	24.985991	0	30	72	村庄
530521103203	杨美寨村民委员会	99.270689	24.579103	0	18	66	乡镇
530502106221	白花村民委员会	98.869890	24.967520	0	25	55	乡镇
530521204205	芒别社区村民委员会	99.236840	24.422330	0	25	55	村庄
530524206203	米河村民委员会	99.515010	24.477580	0	25	55	村庄
530502006006	方官社区居民委员会	99.165500	25.121101	0	14	29	区县
530581103204	山寨社区村民委员会	98.463400	25.336390	0	30	72	村庄
530502101225	西河村民委员会	99.198120	25.273400	0	30	72	村庄
530502209210	马鞍村民委员会	99.005720	25.125380	0	30	72	村庄
530521203201	酒房社区村民委员会	99.137400	24.464999	0	25	55	村庄
530523206208	章赛村民委员会	98.932030	24.333770	0	25	70	村庄
530502001002	王官社区居民委员会	99.152302	25.090227	1	80	100	政府机构
530581101002	下绮罗社区居民委员会	98.485571	24.990376	1	80	95	UNKNOWN
530581203206	大寨村村民委员会	98.453820	24.927140	0	30	72	村庄
530524106201	温泉社区村民委员会	99.692123	24.682109	0	16	47	乡镇
530521101005	沙坝脚社区居民委员会	99.192751	24.691623	0	18	40	乡镇
530581107210	箐桥社区村民委员会	98.617944	25.208937	0	16	38	乡镇
530521104207	金鸭塘村民委员会	99.205684	24.794673	0	18	49	乡镇
530521208206	永保村民委员会	99.090844	24.927472	0	18	49	村庄
530523203211	半坡村民委员会	98.936060	24.459060	0	30	72	村庄
530502401498	保山工贸园区虚拟社区	99.165500	25.121101	0	14	37	区县
530502106201	莫卡社区村民委员会	98.869890	24.967520	0	25	55	乡镇
530502202217	大官市村民委员会	99.118040	24.996660	0	30	72	村庄
530581102209	小甸社区村民委员会	98.449523	25.315953	0	16	47	乡镇
530502105211	上河湾村民委员会	99.262400	25.447600	0	25	55	乡镇
530523207205	乌木寨村民委员会	98.822479	24.191887	0	16	47	乡镇
530502206203	上江边村民委员会	99.340678	25.241073	0	18	49	村庄
530581108203	中塘社区村民委员会	98.544430	25.457330	0	30	72	村庄
530502101205	卧佛社区村民委员会	99.220450	25.172841	0	25	55	乡镇
530523103205	海头社区村民委员会	99.036641	24.319045	0	16	47	乡镇
530502003009	太保社区居民委员会	99.165500	25.121101	0	14	27	区县
530523204203	蚌渺社区村民委员会	98.823220	24.561810	0	25	70	村庄
530524109204	翁兴村民委员会	99.554718	24.678126	0	16	65	乡镇
530502205205	土官村民委员会	99.393943	25.143382	0	16	47	村庄
530502101213	唐家村民委员会	99.243830	25.180450	0	30	72	村庄
530523203207	碧寨村民委员会	98.987152	24.561061	0	16	65	村庄
530502202201	辛街社区村民委员会	99.178261	25.021005	0	50	82	道路
530502106217	库老村民委员会	98.861840	24.888380	1	80	100	政府机构
530521101208	大寨村民委员会	99.232860	24.721530	0	30	72	村庄
530523104201	腊勐社区村民委员会	98.664650	24.866040	0	30	72	UNKNOWN
530523101003	白塔社区居民委员会	98.688540	24.591081	1	80	92	地产小区
530581206209	坪山社区村民委员会	98.572633	24.733392	0	16	47	村庄
530502105207	毛竹棚社区村民委员会	99.262400	25.447600	0	25	55	乡镇
530502204204	小寨村民委员会	99.461630	25.070681	0	30	72	村庄
530524108205	里文村民委员会	99.605200	24.827700	0	12	34	区县
530502103202	云瑞社区村民委员会	99.181010	25.070980	0	25	55	乡镇
530502207214	秧草村民委员会	98.958802	25.564693	0	16	47	乡镇
530523102204	镇东村民委员会	98.857690	24.699941	0	30	72	村庄
530502001018	知青社区居民委员会	99.162910	25.102711	1	80	94	政府机构
530581106227	周家坡社区村民委员会	98.656880	25.413959	0	30	72	村庄
530502104206	塘子沟社区村民委员会	99.034139	25.011431	0	16	47	乡镇
530502210210	白花林村民委员会	98.799485	25.283005	1	80	97	UNKNOWN
530581207208	后库社区村民委员会	98.632211	24.710890	0	18	49	村庄
530524208207	土皮太村民委员会	99.831510	25.090800	0	30	72	UNKNOWN
530502210206	吾来村民委员会	98.867160	25.445110	0	25	70	乡镇
530502104210	马街社区村民委员会	99.034139	25.011431	0	16	47	乡镇
530581103208	早坡社区村民委员会	98.408480	25.521119	0	16	47	乡镇
530502203216	小羊邑村民委员会	99.260490	24.914649	0	30	72	UNKNOWN
530524101209	达仁社区村民委员会	99.625275	24.827542	0	16	47	乡镇
530502204212	河新村民委员会	99.387283	25.023559	0	16	65	村庄
530581109202	中营社区村民委员会	98.359338	25.060831	0	16	47	乡镇
530523101202	大坪子社区村民委员会	98.796110	24.648351	0	30	72	村庄
530502207202	河东村民委员会	98.998300	25.595480	0	30	72	村庄
530502103214	金竹田村民委员会	99.181010	25.070980	0	25	55	乡镇
530502101229	柴河村民委员会	99.220450	25.172841	0	25	55	乡镇
530523206204	平安社区村民委员会	98.932030	24.333770	0	25	55	村庄
530523102212	回欢社区村民委员会	98.820667	24.731317	0	16	65	乡镇
530502207203	棉戛村民委员会	98.972286	25.601863	0	30	72	村庄
530502101228	罗寨村民委员会	99.220450	25.172841	0	25	55	乡镇
530502103215	庄房村民委员会	99.240530	25.162880	0	30	72	村庄
530523206205	黄连河村民委员会	98.816872	24.341687	0	50	82	UNKNOWN
530523102213	邦迈社区村民委员会	98.820667	24.731317	0	16	65	乡镇
530502204213	白玉村民委员会	99.387283	25.023559	0	16	47	村庄
530581109203	民振社区村民委员会	98.359338	25.060831	0	16	65	乡镇
530523101203	杨梅山村民委员会	98.692600	24.591120	0	25	55	乡镇
530502203217	罗汉村民委员会	99.321910	24.928640	0	25	55	村庄
530524101208	四角田社区村民委员会	99.625275	24.827542	0	16	47	乡镇
530502210207	敢顶社区村民委员会	98.867160	25.445110	0	25	70	乡镇
530502104211	石亩河村民委员会	99.034139	25.011431	0	16	65	乡镇
530581103209	西营社区村民委员会	98.408480	25.521119	0	16	47	乡镇
530523201201	赧等社区村民委员会	98.705906	24.760927	0	18	66	村庄
530521204208	新街村民委员会	99.280390	24.466850	0	30	72	村庄
530502203201	下坝社区村民委员会	99.321910	24.928640	0	25	55	村庄
530502104207	山门口村民委员会	99.024221	25.025256	0	30	72	村庄
530502210211	芒合社区村民委员会	98.867160	25.445110	0	25	70	乡镇
530523105201	象达社区村民委员会	98.767167	24.372543	0	16	65	乡镇
530524208206	打平村民委员会	99.797312	25.050770	0	50	82	UNKNOWN
530502103203	彭海社区村民委员会	99.181010	25.070980	0	25	70	乡镇
530502207215	小河村民委员会	99.010670	25.511699	0	30	72	村庄
530523102205	官岑村民委员会	98.820667	24.731317	0	16	65	乡镇
530581106226	黄家寨社区村民委员会	98.654740	25.325469	0	30	72	村庄
530502204205	阿贡田村民委员会	99.387283	25.023559	0	16	65	村庄
530524108204	珠山村民委员会	99.544010	24.742970	0	30	72	村庄
530521101209	大竹蓬社区村民委员会	99.192751	24.691623	0	18	49	乡镇
530523101002	龙华社区居民委员会	98.696169	24.584541	1	80	92	地产小区
530581206208	大曼别村村民委员会	98.565940	24.747331	0	30	72	村庄
530502105206	木瓜村民委员会	99.210450	25.449830	0	30	72	村庄
530523203206	滥坝寨村民委员会	98.987152	24.561061	0	16	47	村庄
530502106216	新城社区村民委员会	98.869890	24.967520	0	25	55	乡镇
530523204202	荆竹坪村民委员会	98.943670	24.539430	0	30	72	村庄
530502003008	泰龙社区居民委员会	99.171863	25.113024	1	80	100	政府机构
530524109205	阳旺田村民委员会	99.554718	24.678126	0	16	38	乡镇
530502205204	平场子村民委员会	99.393943	25.143382	0	16	47	村庄
530502101212	马王社区村民委员会	99.220450	25.172841	0	25	55	乡镇
530523103204	丛岗村民委员会	99.036641	24.319045	0	16	47	乡镇
530581108202	凤凰社区村民委员会	98.541858	25.627668	0	16	47	乡镇
530502101204	郭里村民委员会	99.220450	25.172841	0	25	55	乡镇
530523207204	花椒村民委员会	98.822479	24.191887	0	16	47	乡镇
530502206202	水寨社区村民委员会	99.340678	25.241073	0	18	49	村庄
530581102208	罗坪社区村民委员会	98.449523	25.315953	0	16	47	乡镇
530502105210	松坡村民委员会	99.246120	25.273750	0	30	72	村庄
530502201206	黄毛社区村民委员会	99.291245	25.168687	0	18	49	村庄
530521208207	大山脚村民委员会	99.074120	24.842059	0	30	72	UNKNOWN
530523203210	新林村民委员会	98.993760	24.481780	0	30	72	村庄
530502202216	马鹿塘村民委员会	99.174403	24.993132	0	18	49	村庄
530521101004	张家社区居民委员会	99.192751	24.691623	0	18	40	乡镇
530581107211	江南社区村民委员会	98.491100	25.020600	0	12	29	区县
530521104206	中和社区村民委员会	99.205684	24.794673	0	18	49	乡镇
530502101224	官坡村民委员会	99.220450	25.172841	0	25	55	乡镇
530502209211	平掌村民委员会	98.996590	25.187090	0	25	70	乡镇
530502001003	栗子园社区居民委员会	99.162910	25.102711	1	80	94	政府机构
530523206209	橄榄寨村民委员会	98.947580	24.268280	0	30	72	村庄
530581101003	天成社区居民委员会	98.497360	25.027241	1	80	92	地产小区
530581104201	下街社区村民委员会	98.225331	25.363869	0	16	47	乡镇
530502106220	赧亢村民委员会	98.849450	24.840840	0	30	72	UNKNOWN
530521204204	李来村民委员会	99.236840	24.422330	0	25	55	村庄
530524206202	木瓜树村民委员会	99.457152	24.602992	0	30	72	村庄
530502006007	大栗树社区居民委员会	99.219518	25.024720	1	80	95	UNKNOWN
530581103205	胜利社区村民委员会	98.408480	25.521119	0	16	47	乡镇
530581204203	鹿山村村民委员会	98.622420	24.877590	0	30	72	村庄
530581110215	窜龙社区村民委员会	98.674519	25.018809	0	16	65	乡镇
530524101204	右文社区村民委员会	99.616740	24.808839	1	80	97	生活服务
530521103202	大乌邑村民委员会	99.270689	24.579103	0	18	49	乡镇
530524102202	老厂社区村民委员会	99.683107	24.930744	0	16	47	乡镇
530502006011	大湾社区居民委员会	99.165500	25.121101	0	14	27	区县
530581207205	小丙弄社区村民委员会	98.632211	24.710890	0	18	49	村庄
530502005001	河村社区居民委员会	99.220390	25.126806	0	30	58	村庄
530524205204	大城村民委员会	99.348982	24.531522	0	25	55	乡镇
530581110203	曼乃社区村民委员会	98.674519	25.018809	0	16	47	乡镇
530521207202	莽王村民委员会	99.101979	24.694000	0	18	66	村庄
530502204209	河西村民委员会	99.383290	25.050819	0	30	72	村庄
530521104210	丛杆村民委员会	99.205684	24.794673	0	18	49	乡镇
530581107207	江苴社区村民委员会	98.491100	25.020600	0	12	34	区县
530502002005	上营社区居民委员会	99.166480	25.131241	1	80	94	政府机构
530524108208	八甲村民委员会	99.420934	24.701273	0	16	65	乡镇
530502207219	下拉堡村民委员会	99.165500	25.121101	0	14	29	区县
530502209207	干田社区村民委员会	98.905209	25.164405	0	30	72	村庄
530502001015	城南社区居民委员会	99.162910	25.102711	1	80	94	政府机构
530524105206	马家田村民委员会	99.587260	24.516470	0	30	72	村庄
530523102209	镇北社区村民委员会	98.820667	24.731317	0	16	47	乡镇
530521206203	杨柳村民委员会	99.172690	24.915440	0	30	72	村庄
530581111202	明郎社区村民委员会	98.390130	24.907731	0	25	70	乡镇
530581101202	朝阳社区村民委员会	98.519302	24.981749	0	16	47	乡镇
530521102215	岚峰村民委员会	99.086802	24.828752	0	18	49	乡镇
530581206204	清河社区村民委员会	98.572633	24.733392	0	16	47	村庄
530524103203	松林村民委员会	99.396030	24.879831	0	30	72	村庄
530521101205	甸头村民委员会	99.192751	24.691623	0	18	49	乡镇
530524101005	达丙社区居民委员会	99.625275	24.827542	0	16	38	乡镇
530524104207	龙潭社区村民委员会	99.388853	24.792815	0	16	47	乡镇
530521401498	水长工业园区虚拟社区	99.188900	24.723100	0	14	32	区县
530502208206	水沟洼村民委员会	99.062120	25.361230	0	25	55	乡镇
530521201207	牛汪塘村民委员会	99.075680	24.556140	0	30	72	村庄
530502003004	马里社区居民委员会	99.165300	25.111271	1	80	100	政府机构
530521105211	等子社区村民委员会	99.006785	24.792020	0	16	47	乡镇
530581106206	早三社区村民委员会	98.648080	25.295819	0	30	72	UNKNOWN
530502205208	安和社区村民委员会	99.393943	25.143382	0	16	47	村庄
530524104211	邑林社区村民委员会	99.388853	24.792815	0	16	65	乡镇
530521202201	摆榔社区村民委员会	99.285707	24.646452	0	18	66	乡镇
530502208210	麦庄村民委员会	99.062120	25.361230	0	25	55	乡镇
530581106210	石墙社区村民委员会	98.687822	25.540865	0	16	47	乡镇
530521105207	椅子山村民委员会	99.006785	24.792020	0	16	47	乡镇
530524107201	大田坝社区村民委员会	99.654580	24.514180	0	30	72	村庄
530502003012	新华社区居民委员会	99.165500	25.121101	0	14	27	区县
530581202206	下村社区村民委员会	98.565400	25.075521	1	80	100	政府机构
530502101208	高海社区村民委员会	99.220450	25.172841	0	25	55	乡镇
530521102203	永福社区村民委员会	99.086802	24.828752	0	18	49	乡镇
530581101214	勐连街社区村民委员会	98.584884	24.891671	0	50	82	UNKNOWN
530581205202	大摆田社区村民委员会	98.688360	25.099011	0	30	72	村庄
530581102204	甸苴社区村民委员会	98.449523	25.315953	0	16	47	乡镇
530524207203	庆美村民委员会	99.897200	25.082430	0	25	70	乡镇
530581206212	户弄村村民委员会	98.488700	24.679370	0	30	72	村庄
530524103001	华侨社区居民委员会	99.423800	24.815460	1	80	92	地产小区
530524106203	联席村民委员会	99.692123	24.682109	0	16	65	乡镇
530581107212	公平社区村民委员会	98.617944	25.208937	0	16	47	乡镇
530521104205	勒平社区村民委员会	99.205684	24.794673	0	18	66	乡镇
530581203204	三家村村民委员会	98.511550	24.975660	0	30	72	村庄
530581104202	永兴社区村民委员会	98.225331	25.363869	0	16	47	乡镇
530521203203	梅子箐村民委员会	99.131220	24.540120	0	30	72	UNKNOWN
530502101227	阿家村民委员会	99.220450	25.172841	0	25	55	乡镇
530502209212	冷水村民委员会	99.022050	25.246490	0	30	72	村庄
530502006004	小堡子社区居民委员会	99.165500	25.121101	0	14	27	区县
530581103206	河西社区村民委员会	98.408480	25.521119	0	16	47	乡镇
530521204207	大田坝村民委员会	99.188434	24.392660	0	16	47	乡镇
530524206201	更戛社区村民委员会	99.515320	24.472260	0	30	72	UNKNOWN
530502106223	江东村民委员会	98.871410	25.037891	0	30	72	村庄
530502210208	空广村民委员会	98.847100	25.310940	0	30	72	UNKNOWN
530524101207	龙泉社区村民委员会	99.625275	24.827542	0	16	47	乡镇
530521103201	姚关社区村民委员会	99.270689	24.579103	0	18	49	乡镇
530581110216	坪地社区村民委员会	98.491100	25.020600	0	12	34	区县
530502203218	党麻村民委员会	99.321910	24.928640	0	25	55	村庄
530581207206	曼哈村村民委员会	98.611140	24.687440	0	30	72	村庄
530524208209	栗木村民委员会	99.809773	24.992595	0	16	47	乡镇
530524102201	漭水社区村民委员会	99.683107	24.930744	0	16	65	乡镇
530502006012	羊邑社区居民委员会	99.165500	25.121101	0	14	29	区县
530502104208	水井村民委员会	99.034139	25.011431	0	16	47	乡镇
530521207201	何元社区村民委员会	99.101979	24.694000	0	18	49	村庄
530502005002	河上村社区居民委员会	99.225400	25.144011	0	30	58	村庄
530502105225	磨房村民委员会	99.262400	25.447600	0	25	55	乡镇
530521104213	交邑村民委员会	99.205684	24.794673	0	18	66	乡镇
530581107204	水平社区村民委员会	98.617944	25.208937	0	16	47	乡镇
530502002006	下村社区居民委员会	99.166480	25.131241	1	80	94	政府机构
530502001016	龚家庄社区居民委员会	99.162910	25.102711	1	80	95	政府机构
530524105205	板家寨村民委员会	99.639760	24.521781	0	25	55	乡镇
530502209204	阿东村民委员会	99.010160	25.219250	0	30	72	村庄
530502101231	长岭岗村民委员会	99.137076	25.190438	0	30	72	村庄
530502106219	筲箕村民委员会	98.851680	24.857190	1	80	100	政府机构
530502004003	沈官社区居民委员会	99.165500	25.121101	0	14	27	区县
530523203209	三家村民委员会	98.987152	24.561061	0	16	47	村庄
530581101201	洞山社区村民委员会	98.519302	24.981749	0	16	47	乡镇
530521102216	大秧田村民委员会	99.086802	24.828752	0	18	49	乡镇
530581111201	肖庄社区村民委员会	98.390130	24.907731	0	25	55	乡镇
530502203222	铺门前村民委员会	99.266100	24.948220	0	30	72	村庄
530502105209	中和村民委员会	99.194820	25.504479	0	30	72	村庄
530521101206	蒋家寨村民委员会	99.213770	24.677640	0	30	72	村庄
530581206207	茅草地村村民委员会	98.548120	24.759730	0	30	72	村庄
530502208205	桂花村民委员会	99.062120	25.361230	0	25	70	乡镇
530524104204	客邑社区村民委员会	99.388853	24.792815	0	16	65	乡镇
530581201203	云华村村民委员会	98.484980	25.152810	0	30	72	村庄
530502003007	黉学社区居民委员会	99.157880	25.120101	1	80	100	政府机构
530521105212	长安村民委员会	99.028860	24.773130	0	30	72	村庄
530581106205	永安社区村民委员会	98.687822	25.540865	0	16	47	乡镇
530521201204	中山村民委员会	99.125500	24.586480	0	30	72	村庄
530502208213	油房村民委员会	98.968580	25.447790	1	80	100	政府机构
530521202202	鸡茨村民委员会	99.285707	24.646452	0	18	66	乡镇
530581105203	十字路社区村民委员会	98.456990	25.008380	0	50	82	道路
530502207220	新民村民委员会	98.937140	25.501190	0	30	72	村庄
530581202205	竹坝村村民委员会	98.653660	25.058819	0	30	72	村庄
530581106213	大园子社区村民委员会	98.514120	25.634530	0	30	72	村庄
530521105204	蒋家村民委员会	99.064930	24.793830	0	30	72	村庄
530524107202	文沧村民委员会	99.540042	25.016242	0	16	65	乡镇
530502003011	下巷街社区居民委员会	99.160161	25.098786	1	80	92	地产小区
530581205201	中心社区村民委员会	98.480570	24.742552	0	18	49	村庄
530581101217	下勐连社区村民委员会	98.567720	24.854541	0	30	72	UNKNOWN
530521208208	大箐脚村民委员会	99.090844	24.927472	0	18	49	村庄
530502501598	保山市高黎贡山管委会虚拟生活区	99.153231	25.107407	0	30	51	村庄
530581206211	坝外社区村民委员会	98.572820	24.665480	0	30	72	UNKNOWN
530581102207	新河社区村民委员会	98.449523	25.315953	0	16	47	乡镇
530523102210	小田坝社区村民委员会	98.916530	24.373321	0	30	72	村庄
530523206206	安乐村民委员会	98.873550	24.289730	0	30	72	村庄
530502103216	灰窑村民委员会	99.181010	25.070980	0	25	55	乡镇
530521104209	杨家山社区村民委员会	99.205684	24.794673	0	18	49	乡镇
530502204210	秀岭村民委员会	99.347410	25.019771	0	30	72	村庄
530502203214	王寨村民委员会	99.288717	24.912805	0	30	72	村庄
530523105214	小米地村民委员会	98.767167	24.372543	0	16	47	乡镇
530524208213	阿干村民委员会	99.801810	24.956880	0	30	72	UNKNOWN
530523201202	邦焕村民委员会	98.705906	24.760927	0	18	66	村庄
530502006008	陶孔社区居民委员会	99.165500	25.121101	0	14	29	区县
530502210204	芒龙村民委员会	98.867160	25.445110	0	25	55	乡镇
530502104212	罗板村民委员会	99.034139	25.011431	0	16	47	乡镇
530502203202	西邑社区村民委员会	99.321910	24.928640	0	25	55	村庄
530523201214	勐外坝村民委员会	98.737620	24.709401	0	30	72	村庄
530524208205	金马村民委员会	99.804650	25.038370	0	30	72	村庄
530523105202	营坡社区村民委员会	98.767167	24.372543	0	16	47	乡镇
530502104204	杨三寨村民委员会	99.030660	24.974780	1	80	100	政府机构
530502210212	大门坎村民委员会	98.867160	25.445110	0	25	55	乡镇
530524105209	刺竹山村民委员会	99.639760	24.521781	0	25	55	乡镇
530523206210	小河村民委员会	98.959680	24.329350	0	30	72	村庄
530581106225	大营社区村民委员会	98.687822	25.540865	0	16	47	乡镇
530523102206	大水沟村民委员会	98.820667	24.731317	0	16	47	乡镇
530502207216	小水井村民委员会	98.976640	25.622020	0	30	72	UNKNOWN
530502209208	鱼和村民委员会	98.996590	25.187090	0	25	70	乡镇
530581107208	大坝社区村民委员会	98.617944	25.208937	0	16	47	乡镇
530524108207	干塘村民委员会	99.537880	24.843960	0	30	72	村庄
530502204206	太和社区村民委员会	99.387283	25.023559	0	16	47	村庄
530502105205	龙舞村民委员会	99.262400	25.447600	0	25	70	乡镇
530523104203	大垭口社区村民委员会	99.057530	24.807800	0	30	72	UNKNOWN
530523101001	龙山社区居民委员会	98.692125	24.587921	1	70	88	地产小区
530502106215	芒旦社区村民委员会	98.869890	24.967520	0	25	55	乡镇
530502202203	大村社区村民委员会	99.168219	25.031738	0	30	72	村庄
530523203205	摆达社区村民委员会	98.998260	24.616630	1	80	97	UNKNOWN
530502101211	世科社区村民委员会	99.220450	25.172841	0	25	55	乡镇
530502205207	浪坝村民委员会	99.393943	25.143382	0	16	47	村庄
530524109206	立桂村民委员会	99.535710	24.633820	0	30	72	UNKNOWN
530581106209	新大街社区村民委员会	98.647380	25.374470	0	25	70	道路
530523204201	龙新社区村民委员会	98.823220	24.561810	0	25	55	村庄
530502208209	白龙井社区村民委员会	99.062120	25.361230	0	25	55	乡镇
530524104208	毛寨村民委员会	99.388853	24.792815	0	16	47	乡镇
530502101207	孟官社区村民委员会	98.880310	25.471460	0	30	72	UNKNOWN
530521105208	兴华村民委员会	98.981460	24.878840	0	30	72	村庄
530581202209	双海社区村民委员会	98.605653	25.093397	0	18	49	村庄
530581108201	顺龙社区村民委员会	98.541858	25.627668	0	16	47	乡镇
530502206201	新路村民委员会	99.333440	25.261090	0	30	72	村庄
530502201205	甫家社区村民委员会	99.291245	25.168687	0	18	49	村庄
530502105213	繁荣村民委员会	99.262400	25.447600	0	25	55	乡镇
530502202215	邵家山村民委员会	99.174403	24.993132	0	18	49	村庄
530502106203	芒柳村民委员会	98.869890	24.967520	0	25	70	乡镇
530521208204	九条沟村民委员会	99.090844	24.927472	0	18	49	村庄
530502202214	水眼村民委员会	99.174403	24.993132	0	18	49	村庄
530502106202	丛岗村民委员会	98.869890	24.967520	0	25	55	乡镇
530523203212	坡头村民委员会	98.918090	24.456920	0	30	72	村庄
530521208205	小官市村民委员会	99.090844	24.927472	0	18	66	村庄
530502201204	东方社区村民委员会	99.291245	25.168687	0	18	49	村庄
530502105212	下河湾社区村民委员会	98.924400	25.270860	0	30	72	村庄
530502205210	平林子村民委员会	99.393943	25.143382	0	16	38	村庄
530502101206	妻贤社区村民委员会	98.880160	25.477360	0	30	72	UNKNOWN
530521105209	东蚌村民委员会	99.006785	24.792020	0	16	47	乡镇
530581202208	富裕社区村民委员会	98.605653	25.093397	0	18	49	村庄
530502208208	浪戛村民委员会	99.062120	25.361230	0	25	55	乡镇
530523103206	田坡社区村民委员会	99.036641	24.319045	0	16	47	乡镇
530524104209	龙洞社区村民委员会	99.388853	24.792815	0	16	47	乡镇
530502101210	乌龙社区村民委员会	99.220450	25.172841	0	25	55	乡镇
530502205206	三坪村民委员会	99.393943	25.143382	0	16	47	村庄
530524109207	立木山村民委员会	99.554718	24.678126	0	16	47	乡镇
530581106208	中坪社区村民委员会	98.614560	24.637590	0	30	72	村庄
530502106214	顿东村民委员会	98.869890	24.967520	0	25	70	乡镇
530502202202	汪宣村民委员会	99.174403	24.993132	0	18	66	村庄
530523203204	中寨村民委员会	99.062490	24.472500	0	30	72	村庄
530502105204	马转弯村民委员会	99.239926	25.429094	1	80	97	UNKNOWN
530523104202	松山村民委员会	98.891210	24.748590	0	30	72	村庄
530581107209	佑土社区村民委员会	98.617944	25.208937	0	16	65	乡镇
530524108206	英韬村民委员会	99.420934	24.701273	0	16	65	乡镇
530502204207	回龙村民委员会	99.437510	25.082319	0	30	72	村庄
530524105208	大河村民委员会	99.607250	24.608790	0	30	72	村庄
530581106224	贡山社区村民委员会	98.687822	25.540865	0	16	47	乡镇
530523102207	镇南社区村民委员会	98.820667	24.731317	0	16	47	乡镇
530502207217	搭板桥村民委员会	98.958802	25.564693	0	16	38	乡镇
530502103201	汉庄社区村民委员会	99.181010	25.070980	0	25	55	乡镇
530502209209	法水村民委员会	98.996590	25.187090	0	25	55	乡镇
530523201215	蕨叶坝村民委员会	98.705906	24.760927	0	18	49	村庄
530524208204	水炉村民委员会	99.804170	24.993389	0	30	72	UNKNOWN
530523105203	甘寨社区村民委员会	98.767167	24.372543	0	16	47	乡镇
530502104205	马家寨村民委员会	99.017830	24.991060	1	80	100	政府机构
530502210213	勐林村民委员会	98.867160	25.445110	0	25	70	乡镇
530502203203	吴山村民委员会	99.328860	24.885400	0	30	72	村庄
530523105215	勐蚌村民委员会	98.767167	24.372543	0	16	65	乡镇
530524208212	新厂村民委员会	99.795160	24.919540	0	30	72	村庄
530502006009	盛家社区居民委员会	99.165500	25.121101	0	14	27	区县
530523201203	大汉坝村民委员会	98.705906	24.760927	0	18	49	村庄
530502210205	新光村民委员会	98.870260	25.461620	0	30	72	村庄
530502104213	平沟村民委员会	99.034139	25.011431	0	16	47	乡镇
530502203215	赵寨村民委员会	99.286526	24.900821	0	30	72	村庄
530581109201	新街社区村民委员会	98.359338	25.060831	0	16	47	乡镇
530523101201	白家寨村民委员会	98.692600	24.591120	0	25	55	乡镇
530524108210	邑等村民委员会	99.518738	24.793946	0	30	72	村庄
530521104208	银滚坡村民委员会	99.205684	24.794673	0	18	40	乡镇
530502204211	稳鱼村民委员会	99.387283	25.023559	0	16	65	村庄
530523102211	芒告村民委员会	98.829761	24.749060	1	80	97	UNKNOWN
530523206207	安庆村民委员会	98.932030	24.333770	0	25	55	村庄
530502103217	蒿子村民委员会	99.181010	25.070980	0	25	70	乡镇
530502207201	瓦马社区村民委员会	98.958802	25.564693	0	16	47	乡镇
530524207201	珠街村民委员会	99.897200	25.082430	0	25	55	乡镇
530581206210	曼朵社区村民委员会	98.572633	24.733392	0	16	65	村庄
530581102206	和平社区村民委员会	98.449523	25.315953	0	16	47	乡镇
530502202218	小田坝村民委员会	99.174403	24.993132	0	18	49	村庄
530521102201	杨家社区村民委员会	99.086802	24.828752	0	18	49	乡镇
530581101216	寸家寨社区村民委员会	98.519302	24.981749	0	16	47	乡镇
530521208209	七〇七社区村民委员会	99.078140	24.922607	0	18	66	村庄
530502207221	岩脚村民委员会	98.958802	25.564693	0	16	47	乡镇
530581202204	双坡村村民委员会	98.648200	25.090450	0	30	72	村庄
530581106212	顺河社区村民委员会	98.687822	25.540865	0	16	47	乡镇
530521105205	地理村民委员会	99.006785	24.792020	0	16	47	乡镇
530502003010	同仁社区居民委员会	99.165500	25.121101	0	14	27	区县
530524107203	华严村民委员会	99.535540	25.050000	0	30	72	村庄
530502208212	大陷坝村民委员会	99.062120	25.361230	0	25	55	乡镇
530521202203	大中村民委员会	99.303612	24.653958	1	80	97	教育
530581105202	水碓社区村民委员会	98.458862	25.010418	1	80	95	地产小区
530502003006	明强社区居民委员会	99.166870	25.114711	1	80	100	政府机构
530521105213	龙洞村民委员会	99.006785	24.792020	0	16	47	乡镇
530581106204	永胜社区村民委员会	98.687822	25.540865	0	16	47	乡镇
530521201205	东安社区村民委员会	99.178330	24.580060	0	25	55	乡镇
530502208204	党东村民委员会	99.062120	25.361230	0	25	55	乡镇
530524104205	广邑社区村民委员会	99.388853	24.792815	0	16	65	乡镇
530581201202	打云社区村民委员会	98.457730	25.216373	0	16	65	村庄
530502105208	横山村民委员会	99.185070	25.491010	0	30	72	村庄
530524103201	柯街社区村民委员会	99.449106	24.872882	0	30	72	道路
530521101207	同邑村民委员会	99.220860	24.701581	1	80	100	政府机构
530581206206	小曼别村村民委员会	98.570720	24.758241	0	30	72	村庄
530502106218	东松村民委员会	99.165500	25.121101	0	14	37	区县
530523203208	天宁社区村民委员会	98.987152	24.561061	0	16	47	村庄
530502004002	打渔社区居民委员会	99.165500	25.121101	0	14	29	区县
530521206201	太和社区村民委员会	99.216622	24.869243	0	18	49	村庄
530581106228	大塘社区村民委员会	98.687822	25.540865	0	16	47	乡镇
530524105204	新庆社区村民委员会	99.639760	24.521781	0	25	55	乡镇
530502001017	新雨社区居民委员会	99.162910	25.102711	1	80	94	政府机构
530502209205	马湾村民委员会	98.883290	25.172550	0	30	72	村庄
530502101230	柳上社区村民委员会	98.864580	25.432521	0	30	72	村庄
530521104212	菠萝登村民委员会	99.205684	24.794673	0	18	49	乡镇
530581107205	红木社区村民委员会	98.409850	25.323699	0	30	72	UNKNOWN
530502002007	中村社区居民委员会	99.166480	25.131241	1	80	94	政府机构
530581110201	芒棒社区村民委员会	98.674519	25.018809	0	16	47	乡镇
530502005003	金竹林社区居民委员会	99.100131	25.156457	0	16	33	乡镇
530502105224	小浪坝村民委员会	99.262400	25.447600	0	25	55	乡镇
530581207207	燕寺社区村民委员会	98.621730	24.649960	0	30	72	村庄
530524208208	阿水村民委员会	99.809773	24.992595	0	16	65	乡镇
530502104209	双桥村民委员会	98.966590	25.050800	0	30	72	村庄
530524101206	九甲社区村民委员会	99.625275	24.827542	0	16	47	乡镇
530581204201	腊勐社区村民委员会	98.664650	24.866040	0	30	72	UNKNOWN
530581110217	坪田社区村民委员会	98.491100	25.020600	0	12	34	区县
530502203219	老吴寨村民委员会	99.321910	24.928640	0	25	55	村庄
530502006005	杨官社区居民委员会	99.165500	25.121101	0	14	27	区县
530581103207	左所社区村民委员会	98.446769	25.453733	0	50	82	UNKNOWN
530521204206	芭蕉林村民委员会	99.236840	24.422330	0	25	55	村庄
530502106222	道街社区村民委员会	98.869890	24.967520	0	25	55	乡镇
530502210209	烫习村民委员会	98.867160	25.445110	0	25	70	乡镇
530581101001	满邑社区居民委员会	98.505407	25.019760	0	60	80	地产小区
530581104203	箐口社区村民委员会	98.225331	25.363869	0	16	47	乡镇
530521203202	摆田社区村民委员会	99.137400	24.464999	0	25	55	村庄
530502101226	下付家村民委员会	99.199900	25.303080	0	30	72	村庄
530502209213	茶花村民委员会	99.019800	25.282289	0	30	72	村庄
530524106202	光山村民委员会	99.692123	24.682109	0	16	47	乡镇
530581107213	秧草塘社区村民委员会	98.566780	25.621481	0	30	72	村庄
530521104204	复兴社区村民委员会	99.205684	24.794673	0	18	49	乡镇
530581203205	良盈社区村民委员会	98.475671	24.937104	0	18	66	村庄
530581104208	胆扎社区村民委员会	98.225331	25.363869	0	16	65	乡镇
530523102216	竹箐村民委员会	98.820667	24.731317	0	16	65	乡镇
530521203209	旧寨村民委员会	99.137400	24.464999	0	25	70	村庄
530502207206	拉攀村民委员会	98.958802	25.564693	0	16	65	乡镇
530502209218	联合村民委员会	98.881560	25.277800	0	30	72	村庄
530524106209	鹿塘村民委员会	99.692810	24.653331	0	30	72	村庄
530523101206	新下寨村民委员会	98.692600	24.591120	0	25	55	乡镇
530581109206	闫家冲社区村民委员会	98.359338	25.060831	0	16	47	乡镇
530502203212	竹林村民委员会	99.321910	24.928640	0	25	55	村庄
530523201204	三台山村民委员会	98.705906	24.760927	0	18	49	村庄
530523105212	坡头田村民委员会	98.767167	24.372543	0	16	47	乡镇
530502210202	勐古村民委员会	98.874020	25.556370	0	30	72	UNKNOWN
530502104214	冷水箐村民委员会	99.090204	24.995993	1	80	97	UNKNOWN
530502005008	化美社区居民委员会	99.100131	25.156457	0	16	33	乡镇
530502203204	红土村民委员会	99.321910	24.928640	0	25	55	村庄
530523105204	棠梨坪社区村民委员会	98.876800	24.208510	0	30	72	村庄
530523201212	邦明村民委员会	98.702960	24.734000	0	30	72	村庄
530524208203	挖沙村民委员会	99.809773	24.992595	0	16	47	乡镇
530502104202	王头寨社区村民委员会	99.034139	25.011431	0	16	47	乡镇
530502210214	打郎村民委员会	98.867160	25.445110	0	25	55	乡镇
530581106223	高黎社区村民委员会	98.687822	25.540865	0	16	47	乡镇
530502207210	掌上村民委员会	99.007150	25.537639	0	30	72	村庄
530524108201	鸡飞村民委员会	99.420934	24.701273	0	16	47	乡镇
530581109210	勐蚌社区村民委员会	98.359338	25.060831	0	16	65	乡镇
530523101210	尹兆场社区村民委员会	98.692600	24.591120	0	25	70	乡镇
530521104219	菠萝社区村民委员会	99.205684	24.794673	0	18	49	乡镇
530502105203	安乐村民委员会	99.262400	25.447600	0	25	70	乡镇
530523104205	中岭岗村民委员会	98.895065	24.692575	0	30	72	村庄
530502202205	杜家社区村民委员会	99.174403	24.993132	0	18	49	村庄
530502106213	邦陇村民委员会	98.869890	24.967520	0	25	55	乡镇
530523203203	杨梅田村民委员会	98.987152	24.561061	0	16	47	村庄
530502004009	马官社区居民委员会	99.165500	25.121101	0	14	27	区县
530502205201	瓦渡社区村民委员会	99.393943	25.143382	0	16	65	村庄
530502101217	双脉村民委员会	99.220450	25.172841	0	25	55	乡镇
530521105218	绿水村民委员会	99.006785	24.792020	0	16	47	乡镇
530523204207	勐冒社区村民委员会	98.823220	24.561810	0	25	70	村庄
530502002020	惠通社区居民委员会	99.166480	25.131241	1	80	94	政府机构
530523103201	勐糯社区村民委员会	99.036641	24.319045	0	16	65	乡镇
530502101201	板桥社区村民委员会	99.220450	25.172841	0	25	55	乡镇
530581108207	东营社区村民委员会	98.541858	25.627668	0	16	47	乡镇
530523204211	菜子地村民委员会	98.823220	24.561810	0	25	55	村庄
530581106219	西山社区村民委员会	98.687822	25.540865	0	16	47	乡镇
530502208219	巴戛村民委员会	99.062120	25.361230	0	25	70	乡镇
530502206207	水沟村民委员会	99.347360	25.215070	0	30	72	村庄
530523207201	木城社区村民委员会	98.822479	24.191887	0	16	47	乡镇
530502105215	下麦庄村民委员会	99.300020	25.497740	0	30	72	村庄
530502201203	育德社区村民委员会	99.291245	25.168687	0	18	49	村庄
530502106205	丙闷社区村民委员会	98.869890	24.967520	0	25	70	乡镇
530502202213	尖山村民委员会	99.210200	24.946930	0	30	72	村庄
530521208202	水长社区村民委员会	99.090844	24.927472	0	18	49	村庄
530581203202	清水社区村民委员会	98.465360	24.945800	1	80	95	地产小区
530524106205	松山村民委员会	99.750200	24.731500	0	30	72	村庄
530502002016	海棠社区居民委员会	99.166480	25.131241	1	80	94	政府机构
530521104203	热水塘社区村民委员会	99.128790	24.929729	0	30	72	村庄
530581107214	双龙社区村民委员会	98.617944	25.208937	0	16	47	乡镇
530521101001	甸阳街道社区居民委员会	99.183611	24.721277	1	80	100	政府机构
530521203205	里强村民委员会	99.137400	24.464999	0	25	55	村庄
530502001006	汉营社区居民委员会	99.160617	25.079912	1	80	95	政府机构
530581104204	上街社区村民委员会	98.225331	25.363869	0	16	47	乡镇
530581101006	上绮罗社区居民委员会	98.494533	25.005210	0	50	73	UNKNOWN
530502101221	左所村民委员会	99.220450	25.172841	0	25	55	乡镇
530502209214	娘咱村民委员会	98.996590	25.187090	0	25	70	乡镇
530521204201	旧城社区村民委员会	99.235350	24.423150	0	40	77	UNKNOWN
530524206207	西桂村民委员会	99.515010	24.477580	0	25	55	村庄
530502006002	团山社区居民委员会	99.165500	25.121101	0	14	27	区县
530523201208	弄玲村民委员会	98.705906	24.760927	0	18	49	村庄
530502106225	登高村民委员会	98.898330	24.945009	0	30	72	村庄
530502104218	茨菇塘村民委员会	99.034139	25.011431	0	16	47	乡镇
530581204206	象山社区村民委员会	98.678792	24.868276	0	18	49	村庄
530581110210	赵营社区村民委员会	98.674519	25.018809	0	16	47	乡镇
530524101201	新城社区村民委员会	99.625275	24.827542	0	16	47	乡镇
530521103207	摆马村民委员会	99.270689	24.579103	0	18	66	乡镇
530524102207	翠华社区村民委员会	99.683107	24.930744	0	16	47	乡镇
530523105208	邦工村民委员会	98.767167	24.372543	0	16	65	乡镇
530524206211	大沙坝村民委员会	99.515010	24.477580	0	25	55	村庄
530521103211	瓦窑村民委员会	99.239410	24.528590	0	30	72	村庄
530502005004	魏家社区居民委员会	99.100131	25.156457	0	16	33	乡镇
530581110206	城河社区村民委员会	98.674519	25.018809	0	16	47	乡镇
530524205201	上甸社区村民委员会	99.348982	24.531522	0	25	55	乡镇
530581204210	腾朗社区村民委员会	98.678792	24.868276	0	18	66	村庄
530521207207	组军门村民委员会	99.090440	24.742610	0	30	72	UNKNOWN
530502203208	集中村民委员会	99.321910	24.928640	0	25	55	村庄
530502105223	大蒿村民委员会	99.215340	25.319030	0	30	72	UNKNOWN
530581107202	高原社区村民委员会	98.617944	25.208937	0	16	47	乡镇
530521104215	保场社区村民委员会	99.205684	24.794673	0	18	66	乡镇
530581101010	侍郎坝社区居民委员会	98.519302	24.981749	0	16	38	乡镇
530502001010	沙滩社区居民委员会	99.162910	25.102711	1	80	95	政府机构
530524105203	小勐统社区村民委员会	99.639760	24.521781	0	25	55	乡镇
530502209202	茶山村民委员会	98.989510	25.173671	0	30	72	村庄
530502104222	核桃村民委员会	98.984800	24.913701	1	80	100	政府机构
530502202209	下庄村民委员会	99.191710	24.997849	0	30	72	村庄
530581205211	官接村村民委员会	98.528300	24.722390	0	30	72	村庄
530521206206	红谷村民委员会	99.216622	24.869243	0	18	49	村庄
530581111207	羡多社区村民委员会	98.390130	24.907731	0	25	70	乡镇
530502004005	廖官社区居民委员会	99.165500	25.121101	0	14	27	区县
530521102210	中村社区村民委员会	99.086802	24.828752	0	18	49	乡镇
530581101207	玉璧社区村民委员会	98.519302	24.981749	0	16	65	乡镇
530581206201	下甲社区村民委员会	98.572633	24.733392	0	16	47	村庄
530523104209	白泥塘社区村民委员会	98.843180	24.746159	0	30	72	村庄
530524207210	从岗社区村民委员会	99.897200	25.082430	0	25	55	乡镇
530524103206	联合村民委员会	99.453610	24.939540	0	30	72	村庄
530502208203	梅兰山村民委员会	99.062120	25.361230	0	25	55	乡镇
530581201205	朝云社区村民委员会	98.457730	25.216373	0	16	47	村庄
530524104202	新谷村民委员会	99.388853	24.792815	0	16	47	乡镇
530521201202	长浪坝村民委员会	99.178330	24.580060	0	25	55	乡镇
530502003001	升阳社区居民委员会	99.176344	25.103819	1	80	100	政府机构
530581106203	清水河社区村民委员会	98.687822	25.540865	0	16	47	乡镇
530521105214	下坝村民委员会	98.998450	24.787840	0	30	72	村庄
530502208215	瓦河村民委员会	99.062120	25.361230	0	25	55	乡镇
530521202204	尖山村民委员会	99.292230	24.614181	0	30	72	村庄
530521105202	田头村民委员会	99.021790	24.856850	0	30	72	村庄
530581106215	沙坝地社区村民委员会	98.693380	25.387220	0	30	72	UNKNOWN
530524107204	清河村民委员会	99.510400	25.013360	0	30	72	村庄
530581202203	打苴社区村民委员会	98.605653	25.093397	0	18	49	村庄
530502106209	坝湾社区村民委员会	98.869890	24.967520	0	25	55	乡镇
530581101211	油灯社区村民委员会	98.519302	24.981749	0	16	65	乡镇
530521102206	银川村民委员会	99.086802	24.828752	0	18	49	乡镇
530581205207	邦户村村民委员会	98.450340	24.749891	0	30	72	村庄
530502105219	阿依寨村民委员会	99.262400	25.447600	0	25	55	乡镇
530581102201	河头村社区民委员会	98.492899	25.344668	0	30	72	村庄
530524103210	扁瓦村民委员会	99.458470	24.827071	0	30	72	UNKNOWN
530524207206	黑马村民委员会	99.897200	25.082430	0	25	55	乡镇
530502105218	旧寨村民委员会	99.262400	25.447600	0	25	70	乡镇
530524103211	芒赖社区村民委员会	99.474304	24.896646	0	16	65	乡镇
530524207207	比此村民委员会	99.897200	25.082430	0	25	55	乡镇
530521205201	木老元社区村民委员会	99.303745	24.722487	0	18	49	乡镇
530502106208	禾木村民委员会	98.869890	24.967520	0	25	55	乡镇
530581101210	凤山社区村民委员会	98.519302	24.981749	0	16	47	乡镇
530521102207	木榔村民委员会	99.086802	24.828752	0	18	49	乡镇
530581111210	汪李社区村民委员会	98.390130	24.907731	0	25	55	乡镇
530581205206	梅子坪社区村民委员会	98.480570	24.742552	0	18	49	村庄
530521105203	莽林社区村民委员会	99.006785	24.792020	0	16	65	乡镇
530581106214	张家营社区村民委员会	98.687822	25.540865	0	16	47	乡镇
530502003016	九龙社区居民委员会	99.165500	25.121101	0	14	27	区县
530524107205	新寨村民委员会	99.534970	24.978220	0	30	72	村庄
530581202202	花园村村民委员会	98.590870	25.133379	0	30	72	村庄
530502208214	保和村民委员会	98.979970	25.427381	0	30	72	UNKNOWN
530521201203	写寨村民委员会	99.178330	24.580060	0	25	55	乡镇
530581106202	新华社区村民委员会	98.687822	25.540865	0	16	47	乡镇
530521105215	大坪子村民委员会	99.108010	24.834001	0	30	72	村庄
530502208202	上寨村民委员会	99.053030	25.361700	0	30	72	村庄
530581201204	兴华社区村民委员会	98.457730	25.216373	0	16	47	村庄
530524104203	大塘村民委员会	99.333770	24.776520	0	30	72	村庄
530524101001	关庙社区居民委员会	99.611682	24.824396	0	50	73	地产小区
530523104208	长箐村民委员会	98.664650	24.866040	0	30	72	UNKNOWN
530524103207	立斯达村民委员会	99.504160	24.890050	1	80	100	政府机构
530521101201	乌邑社区村民委员会	99.192751	24.691623	0	18	66	乡镇
530502104223	秉塞村民委员会	99.034139	25.011431	0	16	65	乡镇
530581205210	新山社区村民委员会	98.480570	24.742552	0	18	49	村庄
530521206207	清河村民委员会	99.243550	24.819890	0	30	72	村庄
530581111206	民团社区村民委员会	98.390130	24.907731	0	25	70	乡镇
530502004004	官田社区居民委员会	99.165500	25.121101	0	14	27	区县
530521102211	常村村民委员会	99.155500	24.855951	0	30	72	村庄
530581101206	黄坡社区村民委员会	98.519302	24.981749	0	16	47	乡镇
530581101011	宝峰社区居民委员会	98.519302	24.981749	0	16	38	乡镇
530524105202	长山村民委员会	99.591570	24.455011	0	30	72	村庄
530502001011	窑湾社区居民委员会	99.162910	25.102711	1	80	94	政府机构
530502209203	一碗水村民委员会	98.956450	25.183360	0	30	72	UNKNOWN
530581107203	平地社区村民委员会	98.491100	25.020600	0	12	34	区县
530521104214	张家社区村民委员会	99.205684	24.794673	0	18	49	乡镇
530502002001	杏花社区居民委员会	99.165930	25.129691	1	80	100	政府机构
530521103210	雷打树村民委员会	99.270689	24.579103	0	18	49	乡镇
530502005005	田坝社区居民委员会	99.100131	25.156457	0	16	33	乡镇
530581110207	红豆树社区村民委员会	98.674519	25.018809	0	16	47	乡镇
530581204211	花寨村村民委员会	98.695310	24.884570	0	30	72	村庄
530521207206	大仆寨村民委员会	99.101979	24.694000	0	18	66	村庄
530502203209	窝角村民委员会	99.321910	24.928640	0	25	70	村庄
530502105222	大浪坝村民委员会	99.282750	25.266940	0	30	72	村庄
530524102206	共裕社区村民委员会	99.683107	24.930744	0	16	47	乡镇
530524206210	小街子村民委员会	99.358170	24.561860	0	30	72	村庄
530523105209	大场村民委员会	98.728020	24.537370	0	30	72	UNKNOWN
530581207201	曼弄社区村民委员会	98.487810	24.752490	0	30	72	UNKNOWN
530581204207	丙弄社区村民委员会	98.666740	24.745610	0	30	72	UNKNOWN
530581110211	大水塘社区村民委员会	98.671780	24.983850	0	30	72	村庄
530521103206	山邑社区村民委员会	99.202550	24.729619	0	30	72	UNKNOWN
530524206206	西河村民委员会	99.461410	24.391630	0	30	72	村庄
530523201209	大新寨村民委员会	98.674920	24.799230	0	30	72	村庄
530502006003	龙潭社区居民委员会	99.165500	25.121101	0	14	27	区县
530581103201	联族社区村民委员会	98.412920	25.520559	1	80	100	政府机构
530502104219	大田村民委员会	98.968070	24.890360	0	30	72	村庄
530502106224	澡塘村民委员会	98.910560	24.961390	1	80	100	政府机构
530521203204	小寨村民委员会	99.111400	24.493360	0	30	72	村庄
530581104205	金家社区村民委员会	98.225331	25.363869	0	16	47	乡镇
530581101007	文星社区居民委员会	98.511849	25.024093	1	80	92	地产小区
530502101220	董达村民委员会	99.220450	25.172841	0	25	55	乡镇
530502209215	鱼塘村民委员会	98.962705	25.132939	0	30	72	村庄
530581203203	驼峰社区村民委员会	98.475671	24.937104	0	18	49	村庄
530502002017	宏光社区居民委员会	99.166480	25.131241	1	80	94	政府机构
530524106204	新河村民委员会	99.754480	24.778750	0	30	72	村庄
530521104202	瓦房社区村民委员会	99.205684	24.794673	0	18	49	乡镇
530581107215	回街社区村民委员会	98.617944	25.208937	0	16	47	乡镇
530502106204	张贡村民委员会	98.869890	24.967520	0	25	70	乡镇
530502202212	龙洞村民委员会	99.122000	24.956560	0	30	72	UNKNOWN
530521208203	兵斗村民委员会	99.090844	24.927472	0	18	66	村庄
530502105214	祝家村民委员会	99.262400	25.447600	0	25	55	乡镇
530502201202	郑官社区村民委员会	99.291245	25.168687	0	18	66	村庄
530502208218	干塘村民委员会	99.062120	25.361230	0	25	55	乡镇
530502206206	棕元村民委员会	99.335380	25.228650	0	30	72	UNKNOWN
530581108206	松园社区村民委员会	98.541858	25.627668	0	16	47	乡镇
530523204210	雪山村民委员会	98.941680	24.513730	0	30	72	UNKNOWN
530581106218	永乐社区村民委员会	98.687822	25.540865	0	16	47	乡镇
530502206210	摆菜村民委员会	99.340678	25.241073	0	18	66	村庄
530502002021	聂家社区居民委员会	99.166480	25.131241	1	80	94	政府机构
530581201208	三联村村民委员会	98.463960	25.249680	0	30	72	村庄
530502101216	郎义社区村民委员会	99.220450	25.172841	0	25	70	乡镇
530523204206	黄草坝社区村民委员会	99.133700	24.499560	0	30	72	村庄
530524109201	翁堵社区村民委员会	99.554718	24.678126	0	16	65	乡镇
530502202204	邹里社区村民委员会	99.174403	24.993132	0	18	66	村庄
530502106212	芒颜村民委员会	98.869890	24.967520	0	25	70	乡镇
530502004008	宋家墩社区居民委员会	99.198230	25.112929	0	30	58	UNKNOWN
530523203202	麦子坪村民委员会	98.987152	24.561061	0	16	47	村庄
530502105202	大寨村民委员会	99.275790	25.402000	0	30	72	村庄
530523104204	长岭岗村民委员会	98.944001	24.701964	0	16	47	乡镇
530581109211	勐新社区村民委员会	98.291160	24.976070	0	30	72	UNKNOWN
530523101211	户孔村民委员会	98.522880	24.596520	0	30	72	UNKNOWN
530521104218	查邑社区村民委员会	99.205684	24.794673	0	18	66	乡镇
530502204201	丙麻社区村民委员会	99.387283	25.023559	0	16	47	村庄
530523102201	镇安社区村民委员会	98.820667	24.731317	0	16	47	乡镇
530581106222	桥头社区村民委员会	98.687822	25.540865	0	16	47	乡镇
530502207211	黑岩洼村民委员会	98.958802	25.564693	0	16	47	乡镇
530523105205	赧洒社区村民委员会	98.767167	24.372543	0	16	65	乡镇
530523201213	新寨村民委员会	98.699010	24.719200	0	30	72	村庄
530524208202	团山村民委员会	99.858590	24.988410	0	30	72	村庄
530502104203	双河社区村民委员会	99.034139	25.011431	0	16	47	乡镇
530502005009	大官庙社区居民委员会	99.254350	25.112320	0	30	58	村庄
530502203205	熊洞村民委员会	99.321910	24.928640	0	25	55	村庄
530523201205	勐柳社区村民委员会	98.705906	24.760927	0	18	66	村庄
530523105213	帕掌河社区村民委员会	98.786331	24.386745	0	50	82	UNKNOWN
530502210203	西亚社区村民委员会	98.867160	25.445110	0	25	55	乡镇
530502104215	两眼井村民委员会	99.034139	25.011431	0	16	47	乡镇
530502203213	石龙村民委员会	99.301880	24.951790	0	30	72	村庄
530524106208	兴文村民委员会	99.692123	24.682109	0	16	47	乡镇
530523101207	董华村民委员会	98.692600	24.591120	0	25	70	乡镇
530581109207	东坪社区村民委员会	98.359338	25.060831	0	16	47	乡镇
530581104209	猴桥社区村民委员会	98.225331	25.363869	0	16	38	乡镇
530523206201	平达社区村民委员会	98.929183	24.339103	1	80	97	政府机构
530523102217	岭干村民委员会	98.814800	24.816820	0	30	72	村庄
530521203208	后寨村民委员会	99.087980	24.433310	0	30	72	村庄
530502207207	山心村民委员会	98.958802	25.564693	0	16	47	乡镇
