530825107204	焕习村委会	100.564468	23.917707	0	16	38	乡镇
530824103203	新寨村村民委员会	100.811370	23.271789	0	30	72	村庄
530821101205	细石头村民委员会	101.038392	23.119988	0	16	65	乡镇
530825104214	木厂村委会	101.362639	24.069459	1	80	100	政府机构
530828213208	南本村委会	99.804290	22.709439	0	25	70	村庄
530828203208	宛卡村委会	99.701850	22.219210	0	25	47	村庄
530822101226	瓦房村委会	101.611820	23.334640	0	30	72	村庄
530823109202	民福村委会	100.687217	24.727449	0	16	65	乡镇
530821206203	岔河村民委员会	101.577120	22.843730	0	30	72	UNKNOWN
530824204205	者行村村民委员会	100.755390	23.138740	0	30	72	村庄
530825103210	平掌村委会	100.798799	24.187261	1	80	100	政府机构
530821105211	竹山村民委员会	101.230620	22.851709	0	30	72	村庄
530823102225	新龙村委会	100.930390	24.299630	0	25	55	乡镇
530828209202	岩因村委会	99.975820	22.445509	0	25	47	乡镇
530824104207	嘎胡村村民委员会	100.490890	23.691230	0	25	47	乡镇
530821106201	民乐村民委员会	101.166300	23.514200	0	30	72	村庄
530823103208	昔掌村委会	100.519337	24.619741	0	16	38	乡镇
530822104209	会昌村委会	101.580270	23.572870	0	25	47	乡镇
530825103206	文来村委会	100.786980	23.909520	0	30	58	UNKNOWN
530821105207	黄寨村民委员会	101.210920	23.043051	0	25	70	乡镇
530825107212	文缅村委会	100.564468	23.917707	0	16	38	乡镇
530821205205	普治村民委员会	101.343300	23.019430	0	25	70	村庄
530821101213	硝井村民委员会	101.065900	23.160530	0	30	72	UNKNOWN
530822101230	新联村委会	101.684260	23.423731	0	25	70	乡镇
530825104202	新庄村委会	101.213430	24.102470	0	30	72	村庄
530821102203	庆明村民委员会	101.154550	23.169360	1	80	100	政府机构
530823109214	旧村村委会	100.592471	24.060535	1	80	100	政府机构
530824105210	南板村村民委员会	100.973090	23.563410	0	30	72	村庄
530824201206	过达村村民委员会	100.458690	22.932290	0	30	72	村庄
530822108206	挖鲁村委会	101.466457	23.131376	0	16	38	乡镇
530821104206	大凹子村民委员会	101.066680	22.962330	0	25	55	乡镇
530825102207	安康村委会	100.890390	23.859160	0	25	70	乡镇
530822105208	绿叶村委会	101.241206	23.846088	0	16	65	乡镇
530824101204	民利村村民委员会	100.684600	23.478330	0	30	72	村庄
530821103202	那迁村民委员会	100.942730	22.947790	0	30	72	UNKNOWN
530825105203	甸坑村委会	101.261700	24.214778	0	18	40	乡镇
530822208204	天普村委会	101.597270	23.087429	0	25	47	村庄
530824102214	新塘村村民委员会	100.223630	23.459000	0	30	72	村庄
530824206202	太平村村民委员会	100.392060	23.106879	0	30	72	村庄
530824205204	班独村村民委员会	100.110410	23.221260	0	30	72	村庄
530823108203	三岔河村委会	100.734010	24.644250	0	25	70	乡镇
530824101212	文朗村村民委员会	100.511840	23.489660	0	30	72	村庄
530828202209	新城村委会	100.193360	22.792890	0	30	72	村庄
530825201203	瓦桥村委会	100.971710	23.694180	0	25	70	村庄
530824102202	团结村村民委员会	100.372380	23.481240	0	30	72	村庄
530802101009	三家村社区居民委员会	100.981040	22.826290	0	30	58	村庄
530825106205	民主村委会	101.024570	23.763630	0	30	72	村庄
530824201210	平掌村村民委员会	100.597410	23.032870	0	30	72	村庄
530823102209	都拉村委会	100.930390	24.299630	0	25	70	乡镇
530823208201	林街村委会	100.610474	24.461394	0	16	38	村庄
530824105206	抱母村村民委员会	100.850110	23.729210	0	30	72	村庄
530828208203	哈卜吗村委会	99.719190	22.912720	0	30	58	UNKNOWN
530825101201	恩乐村委会	101.109880	24.002718	1	80	100	政府机构
530821104210	会连村民委员会	101.066680	22.962330	0	25	70	乡镇
530825102211	文立村委会	100.890390	23.859160	0	25	70	乡镇
530828203204	东勐宋村委会	99.701850	22.219210	0	25	43	村庄
530828213204	云山村委会	99.783920	22.739450	0	30	72	村庄
530824204209	芒迁村村民委员会	100.617060	23.249060	0	30	72	村庄
530823107210	麦地村委会	100.939680	24.497030	0	25	70	乡镇
530824102222	明河村村民委员会	100.213770	23.407209	0	30	72	村庄
530802105206	那棵落村民委员会	100.798031	22.654411	1	80	97	政府机构
530827102201	勐马村委会	99.378500	22.228750	0	25	47	乡镇
530822110207	厄尼村委会	101.993850	23.044150	0	30	58	UNKNOWN
530825107208	小寨村委会	100.648620	23.875700	0	30	72	村庄
530828104202	付腊村委会	100.013813	22.229209	0	16	38	乡镇
530823101002	龙泉社区	100.834991	24.447609	1	80	100	地产小区
530821101209	温泉村民委员会	101.091460	23.047581	0	30	72	村庄
530822107203	涵德村委会	101.416210	23.475119	0	30	58	UNKNOWN
530822102001	新武社区	101.381770	23.292680	0	25	70	乡镇
530802102202	整碗村民委员会	100.863240	22.762280	1	80	100	政府机构
530828103206	响水河村委会	100.269900	22.577789	0	25	70	乡镇
530823103204	五里村委会	100.519337	24.619741	0	16	65	乡镇
530826101202	大新村委会	101.867310	22.580150	1	80	97	购物
530827202203	公信村委会	99.317127	22.314135	0	16	38	村庄
530822203203	孟弄村委会	101.490660	23.692526	0	16	38	乡镇
530828103210	谦迈村委会	100.138329	22.560217	1	80	100	政府机构
530827201205	糯各村委会	99.669630	22.451970	0	25	70	村庄
530828217206	小坝村委会	99.974516	23.181903	1	80	100	政府机构
530828207206	大芒令村委会	99.557910	23.046438	0	16	33	乡镇
530829203201	曼亨村委会	99.405096	22.722520	1	80	95	UNKNOWN
530822104205	竜凯村委会	101.527664	23.608184	1	80	100	政府机构
530822101007	桑田社区居民委员会	101.668210	23.402060	0	30	58	村庄
530823110202	棠梨箐村委会	100.667500	24.319219	0	16	38	乡镇
530827101207	允山村委会	99.576760	22.325130	0	25	47	乡镇
530822103201	石头村委会（农村社区）	101.797160	23.360460	0	30	58	村庄
530829103203	龙坎村委会	99.453617	22.530395	0	16	65	乡镇
530823107206	平掌村委会	100.832000	24.445900	0	12	26	区县
530802201206	大沙坝村民委员会	100.675650	22.615130	0	30	72	村庄
530826202206	嘎勒村委会	101.869990	22.634491	0	25	47	村庄
530823101203	山冲村委会	100.833400	24.450590	0	25	70	乡镇
530826103205	龙塘村委会	102.168400	22.605871	0	30	72	村庄
530822105204	岔河村委会	101.433163	23.913021	1	80	100	政府机构
530828101201	唐胜村委会	99.934580	22.555440	0	25	47	乡镇
530823102213	文光村委会	100.926210	24.331610	0	30	72	村庄
530828206207	勐坎村委会	100.061130	22.690900	0	30	58	UNKNOWN
530802103215	柏木河村民委员会	101.049850	22.742430	0	25	55	乡镇
530822212202	格牙村委会	101.833888	23.150452	0	18	40	村庄
530828102211	下允村委会	99.801390	23.124080	0	30	58	UNKNOWN
530826203207	洛洒村委会	101.879840	22.761700	0	25	47	村庄
530824102218	倮练村村民委员会	100.294760	23.593130	0	30	72	村庄
530823201201	菜户村委会	100.548939	24.280982	0	18	40	村庄
530822101210	勇溪村委会	101.684260	23.423731	0	25	47	乡镇
530828201203	黑山村委会	100.251119	22.361174	0	16	65	乡镇
530825108201	丫口村委会	101.401002	23.955439	1	80	100	政府机构
530823106207	平地村委会	101.054460	24.424659	0	30	72	村庄
530826104201	水城村委会	101.684202	22.733234	0	16	65	乡镇
530829102202	莫窝村委会	99.474978	22.769325	0	18	40	乡镇
530824101208	河东村村民委员会	100.721020	23.532401	0	30	72	村庄
530828202213	小佛房村委会	100.178250	22.894791	0	25	43	乡镇
530802102003	凤凰路社区居民委员会	100.993918	22.760286	1	70	88	地产小区
530822208208	石屏村委会	101.517139	23.221228	1	80	100	政府机构
530829101204	班母村委会	99.624971	22.632697	0	16	38	宾馆
530823105201	文俄村委会	101.109550	24.251711	1	80	100	政府机构
530825106209	建民村委会	101.183520	23.610549	0	30	72	村庄
530828105203	班利村委会	99.826030	22.416453	0	16	38	乡镇
530822111206	落萨村委会	101.758940	23.121910	0	25	47	乡镇
530802101005	五一路社区居民委员会	100.970941	22.781637	1	80	100	政府机构
530802104207	大车树村民委员会	100.394910	22.837549	0	30	72	UNKNOWN
530824205208	芒温村村民委员会	100.206990	23.117270	0	30	72	村庄
530828212205	音同村委会	99.573980	22.485250	0	30	58	道路
530822102216	民兴村委会	101.381770	23.292680	0	25	70	乡镇
530828202205	芒竜村委会	100.178250	22.894791	0	25	47	乡镇
530823205203	东山村委会	100.879720	24.709620	0	30	72	村庄
530823101215	温卜村委会	100.833400	24.450590	0	25	47	乡镇
530828215201	上寨村委会	99.731430	23.198490	0	30	72	村庄
530828205201	大山村委会	100.104961	23.006388	0	30	72	村庄
530826105001	高地社区居民委员会	101.457570	22.599570	0	25	47	乡镇
530823102205	开南村委会	100.906110	24.331991	0	30	58	UNKNOWN
530828102207	南乃村委会	99.638298	22.191145	1	80	100	政府机构
530802103203	永庆村民委员会	101.120530	22.788080	0	30	72	村庄
530827104204	等嘎拉村委会	99.398018	22.399569	0	16	33	乡镇
530822106202	白沙村委会	101.345265	23.640083	0	16	65	乡镇
530823102204	丙必村委会	101.093187	24.292863	1	80	100	政府机构
530828102206	那阮村委会	99.834370	23.041890	0	25	47	乡镇
530827104205	芒冒村委会	99.398018	22.399569	0	16	65	乡镇
530802103202	下寨村民委员会	101.048520	22.803040	0	30	72	村庄
530822106203	平掌村委会	101.692000	23.432001	0	12	26	区县
530823205202	和哨村委会	100.843570	24.706220	0	30	58	UNKNOWN
530823101214	灰窑村委会	100.833400	24.450590	0	25	70	乡镇
530824205209	班赛村村民委员会	100.249040	23.192161	0	30	72	村庄
530828212204	南畔村委会	99.733250	22.539159	0	30	72	村庄
530822102217	丙蚌村委会	101.381770	23.292680	0	25	70	乡镇
530828202204	新寨村委会	100.116740	22.878440	0	30	72	村庄
530829101205	王莫村委会	99.624971	22.632697	0	16	38	宾馆
530826203210	中会村委会	101.879840	22.761700	0	25	47	村庄
530825106208	河西村委会	101.174441	23.622911	1	80	100	政府机构
530828105202	阿永村委会	99.891708	22.510191	1	80	100	政府机构
530822111207	苏卫村委会	101.758940	23.121910	0	25	47	乡镇
530802101004	老街社区居民委员会	100.986069	22.789163	1	80	92	地产小区
530827103201	芒信村委会	99.578090	22.215354	0	16	65	乡镇
530802104206	弯手寨村民委员会	100.495520	22.652716	0	16	65	乡镇
530822101207	快发村委会	101.684260	23.423731	0	25	47	乡镇
530823106206	昆岗村委会	101.061555	24.364428	0	16	65	乡镇
530826101002	西城社区	101.874705	22.572241	1	80	100	地产小区
530829102203	马散村委会	99.474978	22.769325	0	18	40	乡镇
530824101209	龙塘村村民委员会	100.673040	23.623090	0	30	72	村庄
530828202212	麻栗河村委会	100.218544	22.686069	0	50	73	UNKNOWN
530802102002	兰花社区居民委员会	100.967648	22.763281	1	70	88	地产小区
530822112201	座细村委会（农村社区）	101.745969	23.234671	1	80	97	政府机构
530826203206	明子山村委会	101.993391	22.477341	1	80	100	政府机构
530824102219	勐龙村村民委员会	100.309990	23.552550	0	30	72	村庄
530822101211	碧溪村委会（农村社区）	101.684260	23.423731	0	25	55	乡镇
530828201202	勐乃村委会	100.251119	22.361174	0	16	65	乡镇
530823102212	老练村委会	100.942986	24.305608	1	80	100	政府机构
530829202201	力所村委会	99.469986	22.651263	0	18	40	乡镇
530828206206	芒付村委会	99.996760	22.708641	0	25	47	村庄
530822212203	珠街村委会	101.833888	23.150452	0	18	40	村庄
530802103214	踏清河村民委员会	101.272291	22.646457	0	50	82	UNKNOWN
530828216206	多依树村委会	99.865268	23.176238	0	18	66	乡镇
530828102210	竜浪村委会	99.862850	23.079800	0	30	58	UNKNOWN
530823101202	菜户河村委会	100.581339	24.302149	1	80	100	政府机构
530826103204	田心村委会	102.117780	22.555190	0	30	72	村庄
530822105205	复兴村委会	101.208340	23.895421	0	30	72	村庄
530821205208	三丘田村民委员会	101.343300	23.019430	0	25	55	村庄
530827101206	南雅村委会	99.576760	22.325130	0	25	70	乡镇
530829103202	英候村委会	99.453617	22.530395	0	16	38	乡镇
530826105201	营盘山村委会	101.457570	22.599570	0	25	70	乡镇
530823107207	三合村委会	100.939680	24.497030	0	25	70	乡镇
530822104204	新生村委会	101.578260	23.626170	0	30	72	村庄
530822101006	班中社区居民委员会	101.684260	23.423731	0	25	47	乡镇
530823110203	公平村委会	100.667500	24.319219	0	16	65	乡镇
530822203202	胜利村委会	101.575890	23.652810	0	30	72	村庄
530827201204	勐白村委会	99.714910	22.396210	0	30	58	UNKNOWN
530828217207	邦崴村委会	99.990990	23.141275	0	18	66	村庄
530828207207	永广村委会	99.557910	23.046438	0	16	38	乡镇
530828204201	邦敢村委会	100.068790	22.922020	0	25	47	村庄
530822104212	乌勐村委会	101.580270	23.572870	0	25	47	乡镇
530827202202	公良村委会	99.317127	22.314135	0	16	38	村庄
530828214201	富永村委会	99.851866	22.909783	0	16	38	村庄
530822107202	新华村委会	101.380620	23.521480	0	30	72	村庄
530802102203	曼歇坝村民委员会	100.941810	22.687110	1	80	100	政府机构
530828103207	扁担山村委会	100.269900	22.577789	0	25	70	乡镇
530823103205	漫湾村委会	100.519337	24.619741	0	16	65	乡镇
530826101203	朵把村委会	101.867310	22.580150	1	80	94	购物
530829102002	娜妥坝社区	99.474978	22.769325	0	18	66	乡镇
530802105207	嘎里村民委员会	100.798899	22.651330	0	16	47	乡镇
530822110206	出洞村委会	101.928801	23.077552	0	16	38	乡镇
530828101001	佛房社区	99.929655	22.557005	1	80	100	地产小区
530825107209	塘坊村委会	100.564468	23.917707	0	16	65	乡镇
530828104203	芒云村委会	100.042790	22.237719	0	30	58	UNKNOWN
530823104201	大驮村委会	100.585080	24.159110	0	25	47	乡镇
530823101003	玉屏社区	100.836573	24.450379	1	80	100	地产小区
530821101208	新民村民委员会	101.050156	23.064543	0	30	72	村庄
530828203205	坝卡乃村委会	99.701850	22.219210	0	25	43	村庄
530828213205	老炭山村委会	99.804290	22.709439	0	25	70	村庄
530802202201	黄竹林村民委员会	100.692490	22.943910	1	80	100	政府机构
530823107211	大柏村委会	100.939680	24.497030	0	25	70	乡镇
530824204208	石寨村村民委员会	100.587100	23.164900	0	30	72	村庄
530824102223	平江村村民委员会	100.166520	23.424840	0	30	72	村庄
530825102210	罗家村委会	100.909731	24.260203	1	80	100	政府机构
530823102208	者吉村委会	100.930390	24.299630	0	25	47	乡镇
530824201211	文明村村民委员会	100.471700	23.181760	0	30	72	村庄
530824105207	文海村村民委员会	100.834750	23.655221	0	30	72	村庄
530828208202	勐糯村委会	99.646330	23.009355	0	16	38	村庄
530824102203	迁营村村民委员会	100.412220	23.438140	0	30	72	村庄
530802101008	平原社区居民委员会	101.008716	22.841227	0	18	40	乡镇
530825106204	新建村委会	101.084150	23.750101	0	30	72	村庄
530824205205	班卡村村民委员会	100.119620	23.196761	0	30	72	村庄
530823108202	文录村委会	100.734010	24.644250	0	25	47	乡镇
530824101213	香盐村村民委员会	100.664480	23.404680	0	30	72	村庄
530828202208	龙潭村委会	100.203790	22.889730	0	30	72	村庄
530825201202	李家村委会	100.939650	23.762740	0	30	72	村庄
530824102215	新村村村民委员会	100.195280	23.480000	0	30	72	村庄
530824206203	安乐村村民委员会	100.358700	23.085991	0	30	72	村庄
530824101205	江东村村民委员会	100.700770	23.465320	0	30	72	村庄
530821103203	龙树村民委员会	100.933170	23.013309	0	30	72	UNKNOWN
530825105202	勐真村委会	101.261700	24.214778	0	18	40	乡镇
530822208205	木化村委会	101.662420	23.054800	0	30	58	UNKNOWN
530824106201	景谷村村民委员会	100.625300	23.736150	0	30	72	村庄
530821104207	那勐勐村民委员会	101.092380	22.937831	0	30	72	UNKNOWN
530825102206	磨庆村委会	100.890390	23.859160	0	25	47	乡镇
530824105211	平田村村民委员会	100.896470	23.576450	0	30	72	村庄
530824201207	昔本村村民委员会	100.466200	22.874730	0	30	72	村庄
530822108207	玉鲁村委会	101.466457	23.131376	0	16	38	乡镇
530822101231	曼平村委会	101.684260	23.423731	0	25	47	乡镇
530825101001	城关社区	101.105184	24.002831	1	80	100	地产小区
530825104203	新光村委会	101.194650	24.091790	0	30	72	村庄
530821102202	星光村民委员会	101.163160	23.159520	0	30	72	村庄
530823109215	芹河村委会	100.718910	24.774741	0	30	72	村庄
530825107213	长安村委会	100.523870	23.882050	0	30	72	村庄
530821205204	普胜村民委员会	101.343300	23.019430	0	25	55	村庄
530821101212	民安村民委员会	101.062970	23.095180	0	30	72	村庄
530822109206	文武村委会	101.633790	23.019510	0	25	70	乡镇
530822104208	丙令村委会	101.580270	23.572870	0	25	70	乡镇
530825103207	文雷村委会	100.814223	24.184526	1	80	100	政府机构
530821105206	安宁村民委员会	101.210920	23.043051	0	25	55	乡镇
530828209203	税房村委会	99.975820	22.445509	0	25	70	乡镇
530824101004	凤岗社区居民委员会	100.683926	23.490061	0	16	38	乡镇
530824104206	大河边村村民委员会	100.517270	23.765059	0	30	72	村庄
530825103211	大井村委会	100.782790	23.951831	0	30	72	村庄
530821105210	雅鹿村民委员会	101.210920	23.043051	0	25	55	乡镇
530821201206	曼达村民委员会	101.193460	23.420630	0	25	55	村庄
530823102224	挖固村委会	100.890960	24.177060	0	30	58	UNKNOWN
530825104215	樟盆村委会	101.277070	23.998640	0	25	47	乡镇
530828213209	茨竹河村委会	99.740330	22.791879	0	30	58	UNKNOWN
530828203209	阿里村委会	99.701850	22.219210	0	25	70	村庄
530822101227	愧竜村委会	101.684260	23.423731	0	25	47	乡镇
530823109203	河底村委会	100.594820	24.680700	0	30	72	村庄
530821206202	仙人村民委员会	101.465960	22.778340	0	25	55	村庄
530824204204	共和村村民委员会	100.698810	23.233759	0	30	72	村庄
530825107205	文东村委会	101.027075	24.146167	1	80	100	政府机构
530824103202	波云村村民委员会	100.834370	23.201250	0	30	72	村庄
530821101204	化良村民委员会	101.038392	23.119988	0	16	65	乡镇
530802202206	芦山村民委员会	100.697900	22.940050	0	25	55	乡镇
530828213202	攀枝花村委会	99.804290	22.709439	0	25	70	村庄
530828203202	戈的村委会	99.701850	22.219210	0	25	47	村庄
530823109208	青胜村委会	100.687217	24.727449	0	16	38	乡镇
530824102224	富龙村村民委员会	100.162760	23.397050	0	30	72	村庄
530822110201	老彭村委会（农村社区）	101.928801	23.077552	0	16	47	乡镇
530828104204	景迈村委会	100.013813	22.229209	0	16	65	乡镇
530827102207	腊福村委会	99.419994	22.131543	0	30	58	村庄
530824103209	勐乃村村民委员会	100.946890	23.410170	0	30	72	村庄
530823101004	大草地社区	100.801910	24.645760	0	30	100	UNKNOWN
530823104206	榨房村委会	100.585080	24.159110	0	25	70	乡镇
530822107205	赛云村委会	101.400170	23.530830	0	30	58	UNKNOWN
530802102204	南岛河村民委员会	100.995310	22.615159	0	30	72	UNKNOWN
530823103202	安召村委会	100.519337	24.619741	0	16	38	乡镇
530826101204	江边村委会	101.791410	22.560350	0	30	72	村庄
530828214206	邦奈村委会	99.851866	22.909783	0	16	38	村庄
530827202205	广科村委会	99.317127	22.314135	0	16	38	村庄
530828204206	扎布村委会	100.068790	22.922020	0	25	47	村庄
530823110212	勐令村委会	100.713500	24.270631	0	30	72	村庄
530822203205	石龙村委会	101.524260	23.750270	0	30	72	村庄
530827201203	朗勒村委会	99.669630	22.451970	0	25	47	村庄
530802101202	箐门口村民委员会	101.049240	22.821130	0	30	72	UNKNOWN
530822101001	紫金社区	101.671221	23.430661	1	80	100	地产小区
530822104203	百利村委会	101.580270	23.572870	0	25	47	乡镇
530826102202	曼滩村委会	101.507740	22.482030	0	25	47	乡镇
530829104201	中课村委会	99.580584	22.808400	0	30	58	村庄
530823110204	竹箐村委会	100.667500	24.319219	0	16	65	乡镇
530827101201	娜允村委会	99.577139	22.327031	1	80	100	政府机构
530822103207	杩木村委会	101.802510	23.357200	0	25	47	乡镇
530825104208	学堂村委会	101.277070	23.998640	0	25	70	乡镇
530802202210	曼东山村民委员会	100.780710	22.841860	1	80	100	政府机构
530826105206	勐康村委会	101.457570	22.599570	0	25	47	乡镇
530829103205	班岳村委会	99.453617	22.530395	0	16	38	乡镇
530821102209	芭蕉林村民委员会	101.225395	23.208122	0	16	47	乡镇
530825107218	山街村委会	101.109000	24.004600	0	12	29	区县
530823104210	黑蛇村委会	100.648919	24.200921	1	80	100	政府机构
530824101222	钱家村村民委员会	100.862950	23.578910	0	30	72	村庄
530821101219	般海村民委员会	101.002440	23.099780	0	30	72	UNKNOWN
530823205213	扎果村委会	100.893649	24.647121	0	16	65	村庄
530823101205	磨腊村委会	100.833400	24.450590	0	25	47	乡镇
530826103203	拉珠村委会	102.086640	22.605440	0	30	58	UNKNOWN
530828101207	罗八村委会	99.934580	22.555440	0	25	47	乡镇
530822105202	坝干村委会	101.241206	23.846088	0	16	65	乡镇
530823102215	中所村委会	100.930390	24.299630	0	25	70	乡镇
530828216201	小寨村委会	99.934457	23.218502	1	80	100	政府机构
530825103220	马台村委会	100.812130	24.039440	0	25	70	乡镇
530828206201	黄回村委会	99.996760	22.708641	0	25	47	村庄
530802103213	大地山村民委员会	101.293230	22.727000	0	30	72	村庄
530822212204	那苏村委会	101.833888	23.150452	0	18	66	村庄
530826203201	江西村委会	101.882200	22.761710	0	30	72	村庄
530823201207	仓房村委会	100.542900	24.254990	0	30	72	村庄
530824206208	岩脚村村民委员会	100.302830	23.095381	0	30	72	村庄
530823105211	文岗村委会	100.832000	24.445900	0	12	44	区县
530822101216	卧龙村委会	101.684260	23.423731	0	25	70	乡镇
530821103208	顺安村民委员会	100.857089	23.072589	0	16	47	乡镇
530829102204	永帮村委会	99.474978	22.769325	0	18	40	乡镇
530823106201	大街村委会	101.045320	24.353450	0	30	72	村庄
530822112206	南泥湾村委会	101.692000	23.432001	0	12	44	区县
530822102206	曼博村委会	101.381770	23.292680	0	25	47	乡镇
530828202215	平掌村委会	99.856808	23.175012	1	80	100	政府机构
530802102005	工业园社区	100.960720	22.761430	0	25	70	乡镇
530823105207	淇海村委会	100.832000	24.445900	0	12	29	区县
530824102208	迁毛村村民委员会	100.403920	23.320469	0	30	72	村庄
530829101202	里拉村委会	99.624971	22.632697	0	16	47	宾馆
530802104201	橄榄坝村民委员会	100.495520	22.652716	0	16	47	乡镇
530827103206	班顺村委会	99.578090	22.215354	0	16	38	乡镇
530802101003	西园路社区居民委员会	100.985841	22.774473	1	80	92	地产小区
530828105205	南翁村委会	99.826030	22.416453	0	16	38	乡镇
530824101218	课里村村民委员会	100.808210	23.482470	0	30	72	村庄
530823108209	下瓦伟村委会	100.784690	24.673891	0	30	58	UNKNOWN
530828202203	大桥头村委会	99.923099	22.548487	1	80	100	政府机构
530822102210	牛库村委会	101.381770	23.292680	0	25	47	乡镇
530822112210	牙骨村委会	101.692000	23.432001	0	12	29	区县
530828212203	小拉巴村委会	99.617027	23.070571	1	80	100	政府机构
530823101213	黄草岭村委会	100.833400	24.450590	0	25	70	乡镇
530823205205	竹者村委会	100.888127	24.680761	1	80	100	政府机构
530828205207	南美村委会	100.110900	23.006660	0	25	70	村庄
530828101211	布老村委会	99.934580	22.555440	0	25	47	乡镇
530823102203	山心村委会	100.660261	24.161433	1	80	100	政府机构
530802103205	石膏箐村民委员会	101.049850	22.742430	0	25	55	乡镇
530827104202	英沟村委会	99.398018	22.399569	0	16	65	乡镇
530822106204	京平村委会	101.345265	23.640083	0	16	38	乡镇
530828102201	上允村委会	99.834370	23.041890	0	25	47	乡镇
530825107202	文平村委会	100.564468	23.917707	0	16	65	乡镇
530824103205	勐烈村村民委员会	100.966790	23.262660	0	30	72	村庄
530821101203	新平村民委员会	101.040780	23.043860	0	30	72	村庄
530822101220	义勇村委会	101.684260	23.423731	0	25	47	乡镇
530825104212	麦地村委会	101.277070	23.998640	0	25	70	乡镇
530821206205	窑房村民委员会	101.465960	22.778340	0	25	55	村庄
530824204203	大田村村民委员会	100.668770	23.299470	0	30	72	村庄
530824102228	金木村村民委员会	100.201260	23.273910	0	30	72	村庄
530823109204	迤仓村委会	100.687217	24.727449	0	16	38	乡镇
530825103216	新街村委会	100.814230	24.184529	0	30	72	村庄
530821201201	文化村民委员会	101.194310	23.420631	0	30	72	村庄
530823102223	路东村委会	100.924310	24.142180	0	30	72	村庄
530822107209	正龙村委会	101.364009	23.391411	1	80	100	政府机构
530828209204	勐根村委会	99.975820	22.445509	0	25	47	乡镇
530824104201	白象村村民委员会	100.492080	23.692450	0	30	72	村庄
530824101003	白龙社区居民委员会	100.697953	23.501233	1	80	100	政府机构
530823110208	龙山村委会	100.633230	24.263219	0	30	72	村庄
530821105201	和平村民委员会	101.212540	23.041760	0	30	72	村庄
530822109201	丫口村委会（农村社区）	101.401002	23.955439	1	80	97	政府机构
530825107214	秀山村委会	100.421450	23.912150	0	30	72	村庄
530821101215	西萨村民委员会	101.031650	23.226061	0	30	72	餐饮
530821205203	曼芽村民委员会	101.343300	23.019430	0	25	55	村庄
530825104204	者铁村委会	101.277070	23.998640	0	25	47	乡镇
530821102205	上胜村民委员会	101.225395	23.208122	0	16	47	乡镇
530823109212	望福村委会	100.687217	24.727449	0	16	38	乡镇
530823102219	新会村委会	100.930390	24.299630	0	25	70	乡镇
530823101209	斗阁村委会	100.833400	24.450590	0	25	70	乡镇
530824106206	文联村村民委员会	100.652130	23.682880	0	30	72	村庄
530821101002	西城社区居民委员会	101.051023	23.062002	1	80	92	地产小区
530825102201	红星村委会	100.891850	23.821430	0	30	72	村庄
530824101202	威远街村村民委员会	100.706580	23.488930	0	30	72	村庄
530821103204	窝拖村民委员会	100.933650	23.049860	0	30	72	UNKNOWN
530822208202	瓦路村委会	101.405106	23.388236	1	80	100	政府机构
530825105205	文岗村委会	101.406708	23.953978	1	80	100	政府机构
530824206204	八落村村民委员会	100.303550	23.182680	0	30	72	村庄
530824102212	昔俄村村民委员会	100.397800	23.414579	0	25	55	乡镇
530823108205	帮迈村委会	100.734010	24.644250	0	25	47	乡镇
530824101214	永安村村民委员会	100.722180	23.374430	0	30	72	村庄
530824205202	曼伞村村民委员会	100.171710	23.249020	0	30	72	村庄
530825201205	胜利村委会	100.961800	23.667131	0	30	72	村庄
530824102204	费竜村村民委员会	100.366160	23.420321	0	30	72	村庄
530825106203	南京村委会	101.291279	23.588319	1	80	100	政府机构
530824201216	黄草岭村村民委员会	100.480870	22.995680	0	30	72	村庄
530823208207	万龙村委会	100.522100	24.411829	0	30	72	村庄
530828208205	南六村委会	99.646330	23.009355	0	16	65	村庄
530825101207	玻烈村委会	101.102730	23.909380	0	30	58	UNKNOWN
530822106208	那宪村委会	101.345265	23.640083	0	16	38	乡镇
530802103209	鱼塘村民委员会	101.127650	22.612690	0	30	72	村庄
530823205209	戈瓦村委会	100.893649	24.647121	0	16	38	村庄
530823205208	多依树村委会	100.893649	24.647121	0	16	65	村庄
530824105201	芒竜村村民委员会	100.794560	23.675720	0	30	72	村庄
530824201217	兴裕村村民委员会	100.439020	23.069180	0	25	55	村庄
530823208206	箐头村委会	100.698801	24.617347	1	80	100	政府机构
530828208204	拉巴村委会	99.715417	22.600569	1	80	100	政府机构
530825101206	文旧村委会	101.303913	24.047481	1	80	100	政府机构
530822106209	中义村委会	101.345265	23.640083	0	16	38	乡镇
530802103208	竜竜村民委员会	101.049850	22.742430	0	25	70	乡镇
530824102205	芒费村村民委员会	100.403700	23.403770	0	30	72	村庄
530825106202	京联村委会	101.145100	23.718101	0	25	47	乡镇
530823108204	帮崴村委会	100.734010	24.644250	0	25	47	乡镇
530824101215	那卡村村民委员会	100.717930	23.416891	0	30	72	村庄
530824205203	安海村村民委员会	100.147290	23.230250	0	30	72	村庄
530825201204	岔河村委会	100.961245	23.571022	1	80	100	政府机构
530824206205	迁岗村村民委员会	100.288200	23.029510	0	30	72	村庄
530824102213	双龙村村民委员会	100.299420	23.420960	0	30	72	村庄
530824101203	新民村村民委员会	100.710460	23.516160	0	30	72	村庄
530821103205	荒田村民委员会	100.857089	23.072589	0	16	47	乡镇
530823108212	会良河村委会	100.758298	24.649120	0	50	73	UNKNOWN
530822208203	三家村委会	101.586693	23.532337	1	80	100	政府机构
530825105204	果吉村委会	101.261700	24.214778	0	18	40	乡镇
530823101208	前所村委会	100.833400	24.450590	0	25	70	乡镇
530824106207	文召村村民委员会	100.646780	23.662240	0	30	72	村庄
530821104201	同心村民委员会	101.065488	22.962305	0	30	72	村庄
530821101003	东城社区居民委员会	101.048675	23.058623	1	80	92	地产小区
530824201201	勐主村村民委员会	100.449280	23.067890	0	30	72	村庄
530823102218	文会村委会	101.066580	24.304590	0	30	58	村庄
530822108201	景平村委会	101.466457	23.131376	0	16	38	乡镇
530825104205	新村村委会	101.426890	23.943821	1	80	100	政府机构
530821102204	秀柏村民委员会	101.225395	23.208122	0	16	65	乡镇
530823109213	菠萝村委会	100.687217	24.727449	0	16	38	乡镇
530825107215	邦庆村委会	100.564468	23.917707	0	16	38	乡镇
530821101214	谦岗村民委员会	101.063854	23.177693	0	30	72	村庄
530821205202	田头寨村民委员会	101.545610	22.892269	0	30	72	村庄
530825103201	勐统村委会	100.812130	24.039440	0	25	47	乡镇
530823110209	回寺村委会	100.647460	24.301710	0	30	58	村庄
530822107208	山碧村委会	101.361280	23.433249	0	30	72	村庄
530824101002	杧乡社区居民委员会	100.683926	23.490061	0	16	38	乡镇
530821106206	永胜村民委员会	101.067960	23.562960	0	30	72	村庄
530825103217	大山村委会	100.806970	24.154830	0	30	72	村庄
530823102222	文新村委会	100.930390	24.299630	0	25	70	乡镇
530822101221	玉碧村委会	101.684260	23.423731	0	25	47	乡镇
530825104213	凹龙村委会	101.277070	23.998640	0	25	47	乡镇
530821206204	团山村民委员会	101.505890	22.728940	0	30	72	村庄
530824204202	益香村村民委员会	100.623280	23.321620	0	30	72	村庄
530824102229	永兴村村民委员会	100.397800	23.414579	0	25	55	乡镇
530823109205	中仓村委会	100.687217	24.727449	0	16	65	乡镇
530825107203	文索村委会	100.564468	23.917707	0	16	38	乡镇
530825102001	按板社区	100.888721	23.859552	1	80	100	地产小区
530824103204	水平村村民委员会	100.769960	23.293510	0	30	72	村庄
530821101202	太达村民委员会	101.038392	23.119988	0	16	47	乡镇
530823102202	清凉村委会	100.930390	24.299630	0	25	70	乡镇
530827101001	古城社区	99.582858	22.328301	1	80	100	地产小区
530827104203	大曼糯村委会	99.398018	22.399569	0	16	33	乡镇
530802103204	半坡村民委员会	101.395760	22.825820	0	30	72	村庄
530822106205	曼拉村委会	101.345265	23.640083	0	16	65	乡镇
530823101212	景范村委会	100.833400	24.450590	0	25	47	乡镇
530823205204	南岸村委会	100.893649	24.647121	0	16	65	村庄
530828205206	团山村委会	100.013495	23.139633	1	80	100	政府机构
530828101210	包麦地村委会	99.934580	22.555440	0	25	47	乡镇
530824101219	暖里村村民委员会	100.835200	23.415911	0	30	72	村庄
530823108208	瓦罐窑村委会	100.734010	24.644250	0	25	70	乡镇
530828202202	乍乃村委会	100.073770	22.820810	0	30	58	UNKNOWN
530822102211	芒令村委会	101.381770	23.292680	0	25	70	乡镇
530825201208	民强村委会	101.081700	23.608400	0	30	72	村庄
530822112211	南谷村委会	101.692000	23.432001	0	12	26	区县
530828212202	芒东村委会	99.638070	22.508140	0	25	70	村庄
530823105206	芦山村委会	100.832000	24.445900	0	12	44	区县
530824102209	迁糯村村民委员会	100.353430	23.298170	0	30	72	村庄
530829101203	秧洛村委会	99.624971	22.632697	0	16	38	宾馆
530802101002	通商南路社区居民委会	100.985799	22.783701	1	80	92	地产小区
530822101201	癸能村委会	101.684260	23.423731	0	25	47	乡镇
530828105204	回竜村委会	99.826030	22.416453	0	16	65	乡镇
530822111201	千岗村委会（农村社区）	101.758940	23.121910	0	25	43	乡镇
530829102205	永业村委会	99.526675	22.789099	1	80	100	政府机构
530826104206	龙马村委会	101.684202	22.733234	0	16	65	乡镇
530822112207	巴嘎村委会	101.692000	23.432001	0	12	26	区县
530825105208	和平村委会	101.227840	24.242090	0	30	72	村庄
530822102207	公馆村委会	101.429780	23.352910	0	30	72	村庄
530828202214	腊撒村委会	100.319870	22.852460	0	30	58	UNKNOWN
530802102004	曼连社区居民委员会	100.965180	22.754780	0	30	58	UNKNOWN
530823201206	曼等村委会	100.548939	24.280982	0	18	40	村庄
530823105210	卜勺村委会	100.832000	24.445900	0	12	29	区县
530824206209	芒旺村村民委员会	100.356130	23.106040	0	25	55	村庄
530828201204	营盘村委会	100.235200	22.456161	0	30	72	村庄
530822101217	坝洛村委会	101.684260	23.423731	0	25	47	乡镇
530823102214	者孟村委会	100.930390	24.299630	0	25	47	乡镇
530825103221	白水村委会	100.779100	24.253060	0	30	72	村庄
530822212205	牛红村委会	101.821110	23.141560	0	30	58	UNKNOWN
530802103212	平掌村村民委员会	100.977000	22.786800	0	14	32	区县
530829105201	新厂村委会	99.471710	22.851070	0	30	72	村庄
530823205212	垭口村委会	100.915490	24.568850	0	30	72	村庄
530823101204	北屯村委会	100.819480	24.473499	0	30	72	村庄
530826103202	坝伞村委会	102.148919	22.533776	0	16	38	乡镇
530828101206	下谷地村委会	99.934580	22.555440	0	25	47	乡镇
530822105203	那海村委会	101.241206	23.846088	0	16	38	乡镇
530825107219	介牌村委会	100.564468	23.917707	0	16	65	乡镇
530802201201	龙潭村民委员会	100.665600	22.680480	0	30	72	村庄
530823104211	新村村委会	100.628899	24.193557	1	80	100	政府机构
530821101218	民政村民委员会	101.030000	23.108051	0	30	72	村庄
530826202201	么等村委会	101.869990	22.634491	0	25	47	村庄
530822103206	打东村委会	101.765240	23.334190	0	30	58	UNKNOWN
530825104209	新文村委会	101.277070	23.998640	0	25	70	乡镇
530802202211	坝塘村民委员会	100.681130	22.846710	0	30	72	村庄
530826105207	瑶家山村委会	101.457570	22.599570	0	25	43	乡镇
530823107201	大水井村委会	100.661005	24.290767	1	80	100	政府机构
530829103204	班弄村委会	99.453617	22.530395	0	16	38	乡镇
530821102208	把边村民委员会	101.225395	23.208122	0	16	65	乡镇
530802104001	港口社区	100.495520	22.652716	0	16	65	乡镇
530822104202	南汉村委会	101.580270	23.572870	0	25	47	乡镇
530826102203	滑石板村委会	101.507740	22.482030	0	25	70	乡镇
530823110205	金鸡林村委会	100.667500	24.319219	0	16	33	乡镇
530828207201	雪林村委会	99.550290	23.038570	0	30	58	村庄
530822203204	阿洛村委会	101.490660	23.692526	0	16	65	乡镇
530828217201	富东村委会	100.012310	23.132510	0	30	72	村庄
530827201202	景冒村委会	99.669630	22.451970	0	25	47	村庄
530828214207	麻栗坪村委会	99.771110	22.978250	0	30	72	村庄
530827202204	糯董村委会	99.317127	22.314135	0	16	47	村庄
530828204207	硝塘村委会	100.068790	22.922020	0	25	70	村庄
530823110213	虎山村委会	100.685130	24.263740	0	30	72	村庄
530828103201	窑房坝村委会	100.269900	22.577789	0	25	70	乡镇
530822107204	太和村委会	101.310070	23.508950	0	30	72	村庄
530802102205	大开河村民委员会	100.917365	22.747700	0	16	47	乡镇
530823103203	温竹村委会	100.519337	24.619741	0	16	38	乡镇
530826101205	桥头村委会	101.881710	22.538710	0	30	72	村庄
530828104205	芒景村委会	100.016980	22.157550	1	80	100	政府机构
530827102206	双相村委会	99.378500	22.228750	0	25	47	乡镇
530802105201	官房村民委员会	100.798899	22.651330	0	16	47	乡镇
530824103208	通达村村民委员会	100.978880	23.396590	0	30	72	村庄
530823104207	文玉村委会	100.585080	24.159110	0	25	47	乡镇
530802202207	骂木村民委员会	100.780750	22.841060	1	80	100	政府机构
530828213203	东主村委会	99.804290	22.709439	0	25	47	村庄
530828203203	阿木戛村委会	99.701850	22.219210	0	25	43	村庄
530823109209	青联村委会	100.687217	24.727449	0	16	47	乡镇
530824102225	芒帕村村民委员会	100.397800	23.414579	0	25	55	乡镇
530825101209	复兴村委会	101.082260	24.062040	0	30	72	村庄
530828102203	南洼村委会	99.855950	22.995239	0	30	72	村庄
530827101002	城东社区	99.590230	22.329740	1	80	100	地产小区
530802103207	蚌弄村民委员会	101.360060	22.685079	1	80	100	政府机构
530822106206	界牌村委会	101.345265	23.640083	0	16	65	乡镇
530823102201	文井村委会	100.930390	24.299630	0	25	70	乡镇
530828101213	勐朗村民委员会	99.932960	22.562650	1	80	100	政府机构
530828215205	小班坝村委会	99.745460	23.180700	0	25	43	乡镇
530828205205	芒海村委会	100.086083	23.053016	1	80	100	政府机构
530823205207	帮庆村委会	100.893649	24.647121	0	16	38	村庄
530823101211	新民村委会	100.773990	24.431980	0	30	72	村庄
530822112212	南温村委会	101.692000	23.432001	0	12	26	区县
530828212201	塔拉弄村委会	99.638070	22.508140	0	25	47	村庄
530828202201	谦糯村委会	100.178250	22.894791	0	25	47	乡镇
530822102212	活田村委会	101.381770	23.292680	0	25	70	乡镇
530822111202	广丰村委会	101.807290	22.979410	0	30	72	村庄
530827103204	海东村委会	99.578090	22.215354	0	16	65	乡镇
530802104203	莲花塘村民委员会	100.495520	22.652716	0	16	47	乡镇
530802101001	过街楼社区居民委员会	100.976365	22.787163	1	80	100	政府机构
530822101202	章差村委会	101.690710	23.458760	0	30	58	UNKNOWN
530823105205	文岔村委会	100.832000	24.445900	0	12	29	区县
530822102204	大寨村委会	101.408538	23.141182	1	80	100	政府机构
530822112204	密切地村委会	101.652350	23.156559	0	30	58	UNKNOWN
530823106203	塘坊村委会	101.061555	24.364428	0	16	65	乡镇
530826104205	前进村委会	101.660570	22.778519	0	30	72	村庄
530829102206	莫美村委会	99.515120	22.729480	0	30	58	UNKNOWN
530822101214	马路村委会	101.651670	23.631049	0	30	72	村庄
530825108205	那洛村委会	101.405775	23.859387	1	80	100	政府机构
530826203203	李仙村委会	101.916880	22.828501	0	30	58	UNKNOWN
530823201205	瓦窑村委会	100.538590	24.300641	0	30	72	村庄
530822106210	班包村委会	101.333923	23.747046	1	80	95	UNKNOWN
530828206203	勐炳村委会	99.876040	22.740430	0	30	58	UNKNOWN
530802103211	营盘山村民委员会	101.211440	22.685161	0	50	82	UNKNOWN
530828216203	帕赛村委会	99.933420	23.221770	0	30	58	村庄
530825103222	半坡村委会	100.753630	24.193460	0	30	72	村庄
530829202204	佐扩村委会	99.469986	22.651263	0	18	40	乡镇
530823102217	双水井村委会	100.930390	24.299630	0	25	70	乡镇
530828101205	大林窝村委会	99.934580	22.555440	0	25	43	乡镇
530823101207	利月村委会	100.833400	24.450590	0	25	47	乡镇
530826103201	绿满村委会	102.148919	22.533776	0	16	38	乡镇
530829105202	代格拉村委会	99.498588	22.869006	0	18	49	乡镇
530824106208	文山村村民委员会	100.675810	23.717910	0	30	72	村庄
530823205211	小村村委会	100.424587	24.704014	1	80	100	政府机构
530824101220	训岗村村民委员会	100.844500	23.536341	0	30	72	村庄
530826202202	络捷村委会	101.869990	22.634491	0	25	47	村庄
530823104212	菖蒲地村委会	100.585080	24.159110	0	25	47	乡镇
530802201202	老鲁寨村民委员会	100.664090	22.681420	0	25	55	乡镇
530824102230	永和村村民委员会	100.397800	23.414579	0	25	55	乡镇
530826105204	曼克老村委会	101.457570	22.599570	0	25	43	乡镇
530823107202	叶家坡村委会	100.939680	24.497030	0	25	70	乡镇
530802202212	大箐村民委员会	100.697900	22.940050	0	25	55	乡镇
530827101203	芒弄村委会	99.576760	22.325130	0	25	70	乡镇
530822103205	竜巴村委会	101.317605	23.590154	1	80	100	政府机构
530829104203	永不落村委会	99.607646	22.882433	1	80	100	政府机构
530829101001	勐梭社区	99.611057	22.634640	1	80	100	政府机构
530823110206	赵其山村委会	100.667500	24.319219	0	16	33	乡镇
530822101003	回归社区	101.683952	23.429036	1	80	100	地产小区
530822104201	新安村委会（农村社区）	101.579990	23.577500	0	30	58	村庄
530822203207	丙曼村委会	101.462504	23.704199	1	80	100	政府机构
530828217202	桃子树村委会	99.990990	23.141275	0	18	40	村庄
530827201201	回俄村委会	99.669630	22.451970	0	25	47	村庄
530822107211	过者村委会	101.358370	23.480780	0	25	47	乡镇
530828207202	芒登村委会	99.557910	23.046438	0	16	38	乡镇
530823110210	勐片村委会	101.228466	24.069317	1	80	100	政府机构
530828204204	南岱村委会	100.068790	22.922020	0	25	70	村庄
530828214204	平安村委会	99.793680	22.918720	0	30	72	村庄
530825103218	平地村委会	100.849990	24.153441	0	30	72	村庄
530826101206	大寨村委会	101.988270	22.480190	0	30	72	村庄
530822107207	曼兰村委会	101.573869	23.666127	1	80	100	政府机构
530828103202	雅口村委会	100.113640	22.659590	0	30	58	UNKNOWN
530823104204	芹菜塘村委会	100.529280	24.076860	0	30	72	村庄
530827102205	勐阿村委会	99.378500	22.228750	0	25	47	乡镇
530802105202	高览槽村民委员会	100.798899	22.651330	0	16	47	乡镇
530822110203	老朱村委会	101.928801	23.077552	0	16	65	乡镇
530828101004	铅矿社区	99.937223	22.555413	1	80	100	地产小区
530823107214	大起育村委会	100.939680	24.497030	0	25	43	乡镇
530824102226	柳安村村民委员会	100.145610	23.322200	0	30	72	村庄
530802202204	大地村民委员会	100.640400	22.964229	0	30	72	村庄
530825101205	五一村委会	101.107120	24.005410	0	25	70	乡镇
530824201214	窑房村村民委员会	100.445240	23.059940	0	30	72	村庄
530823208205	龙洞村委会	100.610474	24.461394	0	16	65	村庄
530824105202	平寨村村民委员会	100.761840	23.631030	0	30	72	村庄
530825106201	古城村委会	101.145844	23.717078	0	30	72	村庄
530823105209	文明村委会	101.141880	24.295371	0	30	72	村庄
530824102206	芒腊村村民委员会	100.363220	23.364680	0	30	72	村庄
530825201207	联合村委会	101.071400	23.637270	0	30	72	村庄
530823108207	义昌村委会	100.734010	24.644250	0	25	70	乡镇
530824101216	联齐村村民委员会	100.801010	23.334050	0	30	72	村庄
530822101218	连路村委会（农村社区）	101.684260	23.423731	0	25	43	乡镇
530824102210	南谷村村民委员会	100.280340	23.222030	0	30	72	村庄
530823201209	扎结村委会	100.548939	24.280982	0	18	40	村庄
530824206206	芒海村村民委员会	100.304700	22.997791	0	30	72	村庄
530825105207	三台村委会	101.261700	24.214778	0	18	66	乡镇
530822112208	托洛村委会	101.618490	23.241741	0	30	58	UNKNOWN
530822102208	景坝村委会（农村社区）	101.381770	23.292680	0	25	43	乡镇
530823108211	中山村委会	100.797050	24.706900	0	30	72	村庄
530821103206	干田村民委员会	100.857089	23.072589	0	16	47	乡镇
530828101209	看马山村委会	100.106040	22.483210	0	50	73	UNKNOWN
530825102203	杏城村委会	100.890390	23.859160	0	25	47	乡镇
530824106204	文东村村民委员会	100.633830	23.763999	0	30	72	村庄
530821104202	那柯里村民委员会	101.066680	22.962330	0	25	70	乡镇
530822108202	丙礼村委会	101.466457	23.131376	0	16	38	乡镇
530824201202	迁德村村民委员会	100.334810	22.931270	0	30	72	村庄
530826105208	界碑村委会	101.457570	22.599570	0	25	70	乡镇
530823109210	青云村委会	100.654200	24.784860	0	30	72	村庄
530821102207	江西村民委员会	101.328430	23.235310	0	30	72	村庄
530825104206	东洒村委会	101.341548	24.009847	1	75	89	UNKNOWN
530821205201	普义村民委员会	101.343300	23.019430	0	25	55	村庄
530821101217	昆汤村民委员会	101.038392	23.119988	0	16	65	乡镇
530824103211	黄草坝村村民委员会	100.981620	23.524570	0	30	72	村庄
530825107216	黄梨湾村委会	100.564468	23.917707	0	16	38	乡镇
530822109203	曼兴村委会	101.633790	23.019510	0	25	47	乡镇
530821105203	边区村民委员会	101.210920	23.043051	0	25	55	乡镇
530825103202	平和村委会	100.688690	24.061130	0	30	72	村庄
530824104203	芒专村村民委员会	100.480140	23.664091	0	30	72	村庄
530824101001	威远社区居民委员会	100.708757	23.493858	1	80	92	地产小区
530821106205	建设村民委员会	101.074110	23.531830	0	30	72	村庄
530821201203	石中村民委员会	101.193460	23.420630	0	25	55	村庄
530823102221	速南村委会	100.930390	24.299630	0	25	55	乡镇
530825103214	文况村委会	100.923279	23.894691	1	80	100	政府机构
530828214208	佧朗村委会	99.851866	22.909783	0	16	38	村庄
530823109206	外仓村委会	100.687217	24.727449	0	16	38	乡镇
530824204201	中和村村民委员会	100.589130	23.175180	0	30	72	村庄
530825104210	者整村委会	101.277070	23.998640	0	25	47	乡镇
530802202208	挖令村民委员会	100.813180	22.894529	1	80	100	政府机构
530822101222	路水村委会	101.684260	23.423731	0	25	47	乡镇
530824103207	正兴村村民委员会	100.920290	23.327480	0	30	72	地产小区
530821101201	新塘村民委员会	101.066660	23.040180	0	30	72	村庄
530823104208	大村村委会	100.505765	24.102401	1	80	100	政府机构
530824103206	铁厂村村民委员会	101.004890	23.266700	0	30	72	村庄
530823104209	彭家村委会	100.585080	24.159110	0	25	70	乡镇
530825107201	太和村委会	100.663600	23.933861	0	30	72	村庄
530827102208	东乃村委会	99.314751	22.123774	1	80	100	政府机构
530823109207	古德村委会	100.687217	24.727449	0	16	38	乡镇
530821102210	团结村民委员会	101.146040	23.232231	0	30	72	村庄
530821206206	兴乐村民委员会	101.461890	22.876090	0	30	72	村庄
530825104211	马邓村委会	101.277070	23.998640	0	25	70	乡镇
530802202209	大石头村民委员会	100.734180	22.792790	0	30	72	村庄
530822101223	象鼻村委会	101.684260	23.423731	0	25	70	乡镇
530821201202	兰庆村民委员会	101.193460	23.420630	0	25	70	村庄
530823102220	挖萨村委会	100.930390	24.299630	0	25	47	乡镇
530825103215	那敦村委会	100.812130	24.039440	0	25	70	乡镇
530824104202	民乐村村民委员会	100.487250	23.709120	0	30	72	村庄
530821106204	宽裕村民委员会	101.146097	23.511020	0	16	65	乡镇
530821105202	上寺村民委员会	101.210920	23.043051	0	25	55	乡镇
530825103203	桂花甲村委会	100.812130	24.039440	0	25	43	乡镇
530822109202	马甫村委会	101.633790	23.019510	0	25	70	乡镇
530821101216	宽宏村民委员会	101.038392	23.119988	0	16	65	乡镇
530824103210	翁安村村民委员会	100.936140	23.448680	0	30	72	村庄
530825107217	台头村委会	100.564468	23.917707	0	16	65	乡镇
530826105209	两棵树村委会	101.457570	22.599570	0	25	70	乡镇
530823109211	兴旺村委会	100.643300	24.728190	0	30	72	村庄
530821102206	下胜村民委员会	101.225395	23.208122	0	16	65	乡镇
530822103208	曼婆村委会	101.802510	23.357200	0	25	47	乡镇
530825104207	邦海村委会	101.144760	24.187641	0	30	58	UNKNOWN
530822108203	树林村委会	101.466457	23.131376	0	16	65	乡镇
530824201203	光明村村民委员会	100.374110	22.889590	0	30	72	村庄
530828101208	大平掌村委会	100.316431	22.854763	1	80	100	政府机构
530825102202	文腊村委会	100.978571	24.174337	1	80	100	政府机构
530824106205	团山村村民委员会	100.629360	23.716370	0	30	72	村庄
530821104203	漫海村民委员会	100.933200	22.945860	0	30	72	UNKNOWN
530821101001	凤阳社区居民委员会	101.053935	23.064210	1	80	92	地产小区
530825105206	登高村委会	101.195992	24.146406	1	80	100	政府机构
530822112209	徐卡村委会	101.660410	23.267319	0	30	58	UNKNOWN
530822208201	龙潭村委会（农村社区）	101.597463	23.087828	0	30	58	村庄
530822102209	毕库村委会	101.381770	23.292680	0	25	47	乡镇
530824101201	芒冒村村民委员会	100.715780	23.496740	0	30	72	村庄
530823108210	瓦伟村委会	100.784690	24.673891	0	30	58	UNKNOWN
530821103207	星火村民委员会	100.908450	23.095361	0	30	72	村庄
530822101219	班茅村委会	101.684260	23.423731	0	25	47	乡镇
530823201208	排沙村委会	100.548939	24.280982	0	18	66	村庄
530824102211	茂密村村民委员会	100.248260	23.311171	0	30	72	村庄
530824206207	金力村村民委员会	100.239990	23.056531	0	30	72	村庄
530825201206	三合村委会	100.971710	23.694180	0	25	70	村庄
530824205201	半坡村村民委员会	100.183940	23.213571	0	30	72	村庄
530823108206	勐涝村委会	100.734010	24.644250	0	25	47	乡镇
530824101217	新平村村民委员会	100.736230	23.453740	0	30	72	村庄
530823105208	撇罗村委会	101.160960	24.278190	0	30	58	UNKNOWN
530824102207	芒东村村民委员会	100.357490	23.335910	0	30	72	村庄
530828208206	富角村委会	99.646330	23.009355	0	16	38	村庄
530825101204	勤劳村委会	101.051310	24.000369	0	30	72	村庄
530824201215	云中村村民委员会	100.472100	23.052110	0	30	72	村庄
530823208204	丁帕村委会	100.610474	24.461394	0	16	38	村庄
530824105203	柏林村村民委员会	100.726160	23.662511	0	30	72	村庄
530828205208	南德坝村委会	100.110900	23.006660	0	25	43	村庄
530824102227	崴里村村民委员会	100.178900	23.308890	0	30	72	村庄
530828203201	糯福村委会	99.701850	22.219210	0	25	47	村庄
530802202205	干坝村民委员会	100.632700	22.947049	0	30	72	村庄
530828213201	募乃村委会	99.804290	22.709439	0	25	47	村庄
530823104205	别落村委会	100.585080	24.159110	0	25	47	乡镇
530802105203	南邦河村民委员会	100.769347	22.711009	0	50	82	UNKNOWN
530827102204	贺安村委会	99.406849	22.179545	1	80	100	政府机构
530822110202	骂尼村委会	101.928801	23.077552	0	16	38	乡镇
530823103201	安乐村委会	100.474405	24.646805	1	80	100	政府机构
530826101207	牛倮河村委会	101.873830	22.440880	0	30	58	UNKNOWN
530822107206	路思村委会	101.358370	23.480780	0	25	70	乡镇
530828103203	南现村委会	100.269083	22.576637	1	80	93	政府机构
530823110211	岔河村委会	100.854447	24.618127	1	80	100	政府机构
530828204205	东河村委会	100.110625	23.007550	1	80	100	政府机构
530828214205	多依林村委会	99.851866	22.909783	0	16	33	村庄
530827202206	班文村委会	99.317127	22.314135	0	16	38	村庄
530825103219	文卜村委会	100.795560	23.963480	0	30	58	UNKNOWN
530822203206	半坡村委会	101.528400	23.730769	0	30	72	村庄
530828217203	打黑村委会	100.101080	23.052070	0	30	58	UNKNOWN
530822107210	官厅村委会	101.358370	23.480780	0	25	70	乡镇
530828207203	小芒令村委会	99.557910	23.046438	0	16	33	乡镇
530829104202	嘎娄村委会	99.615808	22.814339	0	16	38	乡镇
530823110207	鲁家村委会	100.667500	24.319219	0	16	65	乡镇
530826102201	整董村委会	101.515010	22.478913	1	80	100	政府机构
530802101201	莲花村民委员会	100.943890	22.871860	0	30	72	村庄
530822101002	天溪社区	101.693375	23.426742	0	60	100	地产小区
530826105205	中平村委会	101.457570	22.599570	0	25	70	乡镇
530823107203	嘎仰村委会	100.939680	24.497030	0	25	47	乡镇
530827101202	芒掌村委会	99.577316	22.298460	1	80	100	政府机构
530822103204	大乜多村委会	101.802510	23.357200	0	25	47	乡镇
530824101221	文会村村民委员会	100.853720	23.520450	0	30	72	村庄
530826202203	田房村委会	101.869990	22.634491	0	25	70	村庄
530823104213	苍文村委会	100.585080	24.159110	0	25	47	乡镇
530802201203	平掌寨村民委员会	100.664090	22.681420	0	25	55	乡镇
530822105201	团田村委会（农村社区）	101.241206	23.846088	0	16	47	乡镇
530828101204	富本村委会	99.988890	22.549210	0	30	58	UNKNOWN
530823101206	龙树村委会	100.874595	24.660804	1	80	100	政府机构
530829105203	永广村委会	99.453410	22.918040	0	30	58	UNKNOWN
530824106209	响水村村民委员会	100.626600	23.773910	0	30	72	村庄
530828206202	芒弄村委会	99.996760	22.708641	0	25	70	村庄
530802103210	干海子村民委员会	101.066000	22.719220	0	30	72	村庄
530828216202	邦佑村委会	99.865268	23.176238	0	18	40	乡镇
530825103223	西山村委会	100.756200	24.116370	0	30	72	村庄
530829202205	图地村委会	99.469986	22.651263	0	18	40	乡镇
530823102216	者后村委会	100.930390	24.299630	0	25	47	乡镇
530822101215	南北村委会	101.684260	23.423731	0	25	70	乡镇
530825108204	麻洋村委会	101.423253	23.902043	0	16	38	乡镇
530823105212	秀龙村委会	100.832000	24.445900	0	12	44	区县
530826203202	联合村委会	101.907887	22.726426	1	80	100	政府机构
530823201204	胜岩村委会	100.548939	24.280982	0	18	40	村庄
530822102205	清平村委会	101.413560	23.305510	0	30	72	村庄
530822112205	螺蛳塘村委会	101.692000	23.432001	0	12	44	区县
530823106202	文山村委会	101.025560	24.338501	0	30	72	村庄
530826104204	海明村委会	101.862000	22.585500	0	14	29	区县
530829102207	班哲村委会	99.474978	22.769325	0	18	40	乡镇
530828105206	改新村委会	99.826030	22.416453	0	16	38	乡镇
530822111203	巴豆村委会	101.801142	22.991957	0	30	58	UNKNOWN
530802104202	那澜村民委员会	100.495520	22.652716	0	16	65	乡镇
530827103205	岔河村委会	99.578090	22.215354	0	16	65	乡镇
530822101203	者铁村委会	101.684260	23.423731	0	25	47	乡镇
530829101201	勐梭村委会	99.624971	22.632697	0	16	65	宾馆
530823105204	坡头村委会	101.169820	24.195379	0	30	72	村庄
530822112213	雅邑村委会	101.692000	23.432001	0	12	34	区县
530822102213	荣平村委会	101.381770	23.292680	0	25	47	乡镇
530821101220	政合村民委员会	101.038392	23.119988	0	16	65	乡镇
530828101212	老街村民委员会	100.175985	22.520224	1	80	97	政府机构
530828215204	糯波村委会	99.670660	23.214729	0	30	58	UNKNOWN
530828205204	平田村委会	100.035540	23.041250	0	30	72	村庄
530823205206	新平村委会	100.906440	24.657091	0	30	72	村庄
530823101210	董报村委会	100.802910	24.563820	0	30	58	UNKNOWN
530825101208	大平掌村委会	101.104967	23.819245	1	80	100	政府机构
530828102202	坝老村委会	99.834370	23.041890	0	25	70	乡镇
530827101003	金塔社区	99.582450	22.326067	0	60	100	地产小区
530802103206	菠萝村民委员会	101.049850	22.742430	0	25	55	乡镇
530827104201	信岗村委会	99.398018	22.399569	0	16	38	乡镇
530822106207	车沙村委会	101.379200	23.660670	0	30	58	UNKNOWN
530828208201	邦利村委会	99.646330	23.009355	0	16	38	村庄
530825101203	民江村委会	101.121567	24.004944	1	80	100	政府机构
530828102209	芒角村委会	99.810930	23.063270	0	30	58	UNKNOWN
530824105204	文竹村村民委员会	100.789350	23.715491	0	30	72	村庄
530824201212	河头村村民委员会	100.503490	23.229980	0	30	72	村庄
530823208203	岩头村委会	100.616980	24.461080	0	30	72	村庄
530822111208	干坝村委会	101.758940	23.121910	0	25	70	乡镇
530825106207	桂海村委会	101.145100	23.718101	0	25	47	乡镇
530822101208	赖蚌村委会	101.653442	23.414364	1	80	100	政府机构
530825201201	田坝村委会	100.488511	23.701336	1	80	100	政府机构
530823108201	龙街村委会	100.734010	24.644250	0	25	70	乡镇
530824101210	联合村村民委员会	100.650890	23.590100	0	30	72	村庄
530824205206	蒋家村村民委员会	100.161750	23.176699	0	30	72	村庄
530824102216	钟山村村民委员会	100.397800	23.414579	0	25	55	乡镇
530826203209	南旺村委会	101.879840	22.761700	0	25	70	村庄
530822208206	冲头村委会	101.630072	22.999126	1	80	100	政府机构
530825105201	九甲村委会	101.261700	24.214778	0	18	66	乡镇
530824101206	南景村村民委员会	100.677340	23.437240	0	30	72	村庄
530825102205	联盟村委会	100.995580	23.834230	0	30	72	村庄
530824106202	云盘村村民委员会	100.621670	23.751680	0	30	72	村庄
530821104204	锅底塘村民委员会	101.066680	22.962330	0	25	55	乡镇
530822108204	坝老村委会	101.466457	23.131376	0	16	65	乡镇
530824201204	大寨村村民委员会	100.395030	22.919330	0	30	72	村庄
530824105212	海庆村村民委员会	100.895410	23.590290	0	30	72	村庄
530823109216	沙拉村委会	100.687217	24.727449	0	16	38	乡镇
530821102201	曼见村民委员会	101.225395	23.208122	0	16	47	乡镇
530823107208	花石村委会	100.939680	24.497030	0	25	55	乡镇
530822101232	曼嘎村委会	101.684260	23.423731	0	25	70	乡镇
530827101209	南抗村委会	99.278258	22.155023	1	80	100	政府机构
530821101211	民主村民委员会	101.078580	23.095480	0	30	72	村庄
530821205207	干塘村民委员会	101.350790	22.973089	0	30	72	村庄
530825107210	沙河村委会	100.681370	23.825190	0	30	72	村庄
530828217208	黄藤村委会	99.990990	23.141275	0	18	40	村庄
530822109205	大沟村委会	101.633790	23.019510	0	25	70	乡镇
530821105205	谦乐村民委员会	101.210920	23.043051	0	25	55	乡镇
530824102001	田园社区居民委员会	100.400256	23.420606	1	80	92	地产小区
530825103204	英德村委会	100.812130	24.039440	0	25	47	乡镇
530824104205	大村村村民委员会	100.539260	23.605541	0	30	72	村庄
530821106203	枧河村民委员会	101.146097	23.511020	0	16	65	乡镇
530828103208	竜山村委会	100.269900	22.577789	0	25	70	乡镇
530821201205	永顺村民委员会	101.193460	23.420630	0	25	55	村庄
530825103212	文蒙村委会	100.812130	24.039440	0	25	47	乡镇
530821206201	汪街村民委员会	101.465960	22.778340	0	25	55	村庄
530824204207	和平村村民委员会	100.639780	23.054549	0	30	72	村庄
530822101224	五素村委会	101.684260	23.423731	0	25	43	乡镇
530824103201	景南村村民委员会	100.965750	23.331871	0	30	72	村庄
530821101207	裕和村民委员会	101.039920	23.064870	1	80	100	政府机构
530802105208	竹山河村民委员会	100.906291	22.590060	0	50	82	UNKNOWN
530825107206	文怕村委会	100.767330	23.828030	0	30	58	UNKNOWN
530822110209	大掌村委会	101.928801	23.077552	0	16	65	乡镇
530802103201	大寨村民委员会	101.041490	22.745970	0	30	72	村庄
530828102205	勐佛村委会	99.834370	23.041890	0	25	47	乡镇
530823102207	大营村委会	101.041382	24.127767	1	80	100	政府机构
530824105208	文折村村民委员会	100.893200	23.675180	0	30	72	村庄
530828205203	榨房村委会	100.110900	23.006660	0	25	70	村庄
530828215203	南栅村委会	99.721750	23.147400	0	30	72	村庄
530823205201	小龙街村委会	100.893649	24.647121	0	16	65	村庄
530822102214	安民村委会	101.314630	23.342350	0	30	72	村庄
530828202207	打岗村委会	100.076811	22.831765	1	80	100	政府机构
530822112214	坝利村委会	101.752556	23.232576	1	80	100	政府机构
530802101007	北郊社区居民委员会	100.999425	22.800595	1	80	92	地产小区
530827103202	拉嘎村委会	99.578090	22.215354	0	16	38	乡镇
530802104205	茨竹林村民委员会	100.495520	22.652716	0	16	47	乡镇
530828105201	东岗村委会	99.807670	22.441030	0	30	72	村庄
530822111204	西歧村委会	101.758940	23.121910	0	25	70	乡镇
530823105203	文召村委会	100.832000	24.445900	0	12	29	区县
530829101206	他郎村委会	99.624971	22.632697	0	16	65	宾馆
530822112202	芦山村委会	101.692000	23.432001	0	12	44	区县
530828202211	水源村委会	100.176400	22.755971	0	30	72	村庄
530822102202	永马村委会	101.381770	23.292680	0	25	47	乡镇
530802102001	倒生根社区居民委员会	100.967313	22.759209	1	80	92	地产小区
530823106205	气力村委会	101.098450	24.361400	0	30	58	UNKNOWN
530826104203	板河村委会	101.684202	22.733234	0	16	65	乡镇
530826101001	东城社区	101.870958	22.572845	1	80	100	地产小区
530822101212	克曼村委会	101.684260	23.423731	0	25	47	乡镇
530828201201	发展河村委会	100.183319	22.338073	1	80	100	政府机构
530825108203	那壮村委会	101.423253	23.902043	0	16	38	乡镇
530802101011	福源社区居民委员会	100.995462	22.795945	1	80	92	地产小区
530826203205	平掌村委会	101.879840	22.761700	0	25	70	村庄
530823201203	后河村委会	100.537600	24.343381	0	30	72	村庄
530822108208	大山村委会	101.637364	23.056571	1	80	100	政府机构
530828216205	芒糯村委会	99.865268	23.176238	0	18	66	乡镇
530825103224	文夺村委会	100.812130	24.039440	0	25	47	乡镇
530828206205	谦哲村委会	99.996760	22.708641	0	25	47	村庄
530823102211	文窝村委会	100.930390	24.299630	0	25	47	乡镇
530824201208	漫河村村民委员会	100.562030	22.931580	0	30	72	村庄
530829202202	南亢村委会	99.469986	22.651263	0	18	66	乡镇
530828101203	南甸村委会	100.031837	22.393889	1	80	100	政府机构
530825102209	那布村委会	100.890390	23.859160	0	25	70	乡镇
530822105206	老围村委会	101.241206	23.846088	0	16	65	乡镇
530821104208	马鞍山村民委员会	101.066680	22.962330	0	25	55	乡镇
530829105204	窝羊村委会	99.510090	22.816660	0	30	58	UNKNOWN
530823101201	景川路村委会	100.838550	24.447166	1	80	100	政府机构
530826103207	怒那村委会	102.148919	22.533776	0	16	38	乡镇
530823104214	困嘎村委会	100.606020	24.084590	0	30	58	UNKNOWN
530826202204	和平村委会	101.798450	22.683741	0	30	72	村庄
530802201204	黄草坝村民委员会	100.664090	22.681420	0	25	55	乡镇
530826105202	大树脚村委会	101.252077	22.802701	1	80	100	政府机构
530823107204	岔箐村委会	100.939680	24.497030	0	25	70	乡镇
530829103201	英腊村委会	99.462630	22.505731	0	30	58	UNKNOWN
530827101205	芒街村委会	99.605990	22.372190	1	80	100	政府机构
530822103203	竜宾村委会	101.802510	23.357200	0	25	47	乡镇
530828213210	甘河村委会	99.733900	22.682569	0	30	72	村庄
530829104205	窝笼村委会	99.559440	22.734209	0	30	58	UNKNOWN
530821105209	宣德村民委员会	101.210920	23.043051	0	25	55	乡镇
530822104207	挖岩村委会	101.580270	23.572870	0	25	47	乡镇
530822101005	埔佐社区居民委员会	101.684260	23.423731	0	25	47	乡镇
530825103208	南康村委会	100.812130	24.039440	0	25	70	乡镇
530829203203	班帅村委会	99.363642	22.695734	1	80	95	UNKNOWN
530828207204	南盼村委会	99.557910	23.046438	0	16	33	乡镇
530822203201	富东村委会（农村社区）	101.560166	23.621515	1	80	97	政府机构
530828217204	那东村委会	99.990990	23.141275	0	18	66	村庄
530827202201	班别村委会	99.317127	22.314135	0	16	65	村庄
530828214202	赛罕村委会	99.684977	22.556261	1	80	100	政府机构
530828204202	河边村委会	100.003620	22.900850	0	30	72	村庄
530822104211	布竜村委会	101.580270	23.572870	0	25	47	乡镇
530824104209	兴民村村民委员会	100.490890	23.691230	0	25	55	乡镇
530829102001	勐卡社区	99.459748	22.733457	1	75	100	地产小区
530823103206	保甸村委会	100.524050	24.564890	0	30	72	村庄
530828103204	荒坝河村委会	100.474950	22.501290	0	30	58	UNKNOWN
530822107201	景星村委会（农村社区）	101.358370	23.480780	0	25	43	乡镇
530823104202	曼状村委会	100.585080	24.159110	0	25	70	乡镇
530822110205	长寨村委会	101.935460	23.035810	0	30	72	村庄
530828101002	大水井社区	99.930112	22.554769	1	80	100	地产小区
530827102203	芒海村委会	99.310229	22.210044	1	80	100	政府机构
530802105204	炮掌山村民委员会	100.673280	22.570240	0	30	72	村庄
530824102220	箐门口村村民委员会	100.169440	23.362410	0	30	72	村庄
530823107212	王家村村委会	100.599221	24.395616	1	80	100	政府机构
530828213206	大塘子村委会	99.797394	22.796117	1	80	100	政府机构
530802202202	团山村民委员会	100.760600	23.010300	0	30	72	村庄
530822101228	会亮村委会	101.684260	23.423731	0	25	47	乡镇
530828203206	洛勐村委会	99.701850	22.219210	0	25	47	村庄
530824102221	岔河村村民委员会	100.256350	23.379850	0	30	72	村庄
530823107213	方家箐村委会	100.939680	24.497030	0	25	47	乡镇
530828213207	战马坡村委会	99.766420	22.869040	0	30	58	村庄
530802202203	桃子树村民委员会	100.882450	22.953509	0	30	72	UNKNOWN
530822101229	仁里村委会	101.574500	23.492920	0	30	72	村庄
530828203207	南段村委会	99.701850	22.219210	0	25	70	村庄
530823104203	长发村委会	100.585080	24.159110	0	25	70	乡镇
530823101001	御笔社区	100.834833	24.444439	1	80	100	地产小区
530822110204	联珠村委会	101.899200	23.065130	0	30	72	村庄
530828101003	温泉社区	99.931220	22.552457	1	80	100	地产小区
530828104201	旱谷坪村委会	100.013813	22.229209	0	16	38	乡镇
530802105205	团结村民委员会	100.811420	22.627219	0	30	72	村庄
530827102202	怕亮村委会	99.378500	22.228750	0	25	47	乡镇
530824104208	桃子树村村民委员会	100.393660	23.750250	0	30	72	村庄
530823103207	文冒村委会	100.519337	24.619741	0	16	38	乡镇
530826101201	红疆村委会	101.857245	22.582079	1	80	100	政府机构
530828103205	勐矿村委会	100.269900	22.577789	0	25	47	乡镇
530802102201	三棵桩村民委员会	100.886970	22.814750	1	80	100	政府机构
530828214203	半山村委会	99.838384	23.015028	1	80	100	政府机构
530828204203	大拉巴村委会	99.595874	23.072078	1	80	100	政府机构
530822104210	莫约村委会	101.580270	23.572870	0	25	47	乡镇
530829203202	岳宋村委会	99.377721	22.697368	0	18	40	村庄
530828207205	左都村委会	99.557910	23.046438	0	16	33	乡镇
530828217205	南滇村委会	99.990990	23.141275	0	18	40	村庄
530829104204	班箐村委会	99.586916	22.766380	0	30	58	村庄
530821105208	黑泥箐村民委员会	101.210920	23.043051	0	25	55	乡镇
530823110201	古里村委会	100.620710	24.339410	0	30	72	村庄
530822104206	邓控村委会	101.580270	23.572870	0	25	47	乡镇
530822101004	新发社区	101.674197	23.424067	1	80	100	地产小区
530825103209	库达村委会	100.868480	23.977360	0	30	58	UNKNOWN
530826105203	曼老街村委会	101.457570	22.599570	0	25	55	乡镇
530823107205	大松树村委会	100.939680	24.497030	0	25	70	乡镇
530827101204	景吭村委会	99.576760	22.325130	0	25	47	乡镇
530822103202	勐里村委会	101.802510	23.357200	0	25	55	乡镇
530828213211	军勐村委会	99.804290	22.709439	0	25	47	村庄
530823104215	曼崩村委会	100.585080	24.159110	0	25	70	乡镇
530826202205	哈播村委会	101.869990	22.634491	0	25	70	村庄
530802201205	麻栗坪村民委员会	100.607160	22.820401	0	30	72	村庄
530828101202	勐滨村委会	99.885610	22.511460	0	50	73	UNKNOWN
530825102208	玉河村委会	100.814010	23.842499	0	30	72	村庄
530822105207	新龙村委会	101.190450	23.818940	0	30	72	村庄
530821104209	富强村民委员会	101.101260	22.879400	0	30	72	村庄
530829105205	阿莫村委会	99.498588	22.869006	0	18	66	乡镇
530826103206	高山村委会	102.148919	22.533776	0	16	47	乡镇
530822108209	和平村委会（农村社区）	101.492220	23.158900	0	30	58	村庄
530828216204	水塘村委会	99.905210	23.227810	0	30	72	村庄
530828206204	下南现村委会	99.996760	22.708641	0	25	43	村庄
530802103216	纳吉村民委员会	101.415460	22.607340	1	80	100	政府机构
530822212201	那哈村委会（农村社区）	101.833888	23.150452	0	18	49	村庄
530824201209	边江村村民委员会	100.555250	23.009770	0	30	72	村庄
530823102210	文华村委会	100.930390	24.299630	0	25	70	乡镇
530829202203	王雅村委会	99.494304	22.641798	0	30	58	村庄
530822101213	栖马村委会	101.684260	23.423731	0	25	47	乡镇
530825108202	光山村委会	101.435889	23.918648	1	80	100	政府机构
530802101010	曼窝社区居民委员会	101.008716	22.841227	0	18	40	乡镇
530826203204	巴嘎村委会	101.926860	22.773930	0	30	58	UNKNOWN
530823201202	花地村委会	100.527020	24.370550	0	30	72	村庄
530822112203	下洛甫村委会	101.692000	23.432001	0	12	34	区县
530828202210	和平村委会	100.162000	22.787300	0	30	72	村庄
530822102203	团山村委会	101.334948	23.240457	1	80	100	政府机构
530829102201	西盟村委会	99.474978	22.769325	0	18	66	乡镇
530823106204	勺么村委会	101.061555	24.364428	0	16	38	乡镇
530826104202	良马河村委会	101.606401	22.648290	0	50	73	UNKNOWN
530802101006	滇运社区居民委员会	100.973070	22.788410	1	75	92	地产小区
530802104204	凉水箐村民委员会	100.544750	22.738531	0	30	72	UNKNOWN
530827103203	芒卡村委会	99.578090	22.215354	0	16	65	乡镇
530822111205	田房村委会	101.608345	23.579997	1	80	100	政府机构
530823105202	营盘村委会	100.810395	24.560346	1	80	100	政府机构
530822102215	回龙村委会	101.475700	23.311649	0	30	72	村庄
530828202206	田坝村委会	100.178250	22.894791	0	25	70	乡镇
530828212206	南列村委会	99.847666	22.226755	1	80	100	政府机构
530828205202	半坡村委会	100.013055	23.131729	1	80	100	政府机构
530828215202	安康村委会	99.745460	23.180700	0	25	70	乡镇
530822106201	新塘村委会（农村社区）	101.295470	23.625119	0	30	58	村庄
530828102204	曼蚌村委会	99.834370	23.041890	0	25	70	乡镇
530823102206	竹篷村委会	100.930390	24.299630	0	25	47	乡镇
530824105209	顺南村村民委员会	100.919770	23.626130	0	30	72	村庄
530821101206	曼连村民委员会	101.038392	23.119988	0	16	47	乡镇
530825107207	兴隆村委会	100.648780	23.899110	0	30	72	村庄
530822110208	哈布孔村委会	101.928801	23.077552	0	16	38	乡镇
530824204206	塘房村村民委员会	100.663890	23.166040	0	30	72	村庄
530823109201	鼠街村委会	100.687217	24.727449	0	16	38	乡镇
530822101225	高寨村委会	101.651721	23.563156	1	80	100	政府机构
530821201204	恩永村民委员会	101.193460	23.420630	0	25	70	村庄
530825103213	仰里村委会	100.827990	23.915500	0	30	58	UNKNOWN
530824104204	翁孔村村民委员会	100.487820	23.580720	0	30	72	村庄
530821106202	民胜村民委员会	101.046000	23.048300	0	12	44	区县
530828103209	落水洞村委会	100.269900	22.577789	0	25	70	乡镇
530828209201	酒房村委会	99.975820	22.445509	0	25	70	乡镇
530821105204	先胜村民委员会	101.196155	23.076809	0	30	72	村庄
530825103205	文开村委会	100.812130	24.039440	0	25	47	乡镇
530822109204	安益村委会	101.692000	23.432001	0	12	26	区县
530821101210	金鸡村民委员会	101.081020	23.063681	0	30	72	村庄
530821205206	端金村民委员会	101.343300	23.019430	0	25	70	村庄
530825107211	文兴村委会	100.564468	23.917707	0	16	65	乡镇
530823107209	沾牛村委会	101.012670	24.417680	0	30	58	UNKNOWN
530825104201	者东村委会	101.341548	24.009847	1	75	92	UNKNOWN
530827101208	洪安村委会	99.576760	22.325130	0	25	70	乡镇
530828206208	麻栗村委会	99.996760	22.708641	0	25	47	村庄
530822108205	花山村委会	101.508410	23.074150	0	30	72	村庄
530824201205	芒景村村民委员会	100.385780	22.959940	0	30	72	村庄
530825102204	宣河村委会	100.890390	23.859160	0	25	47	乡镇
530824106203	文杏村村民委员会	100.646070	23.742340	0	30	72	村庄
530821104205	石膏井村民委员会	101.066680	22.962330	0	25	55	乡镇
530822208207	梁子村委会	101.711696	23.152651	1	80	100	政府机构
530823106208	三营村委会	101.061555	24.364428	0	16	65	乡镇
530824101207	公榔村村民委员会	100.663070	23.434830	0	30	72	村庄
530821103201	勐泗村民委员会	100.857089	23.072589	0	16	65	乡镇
530824206201	勐班村村民委员会	100.363730	23.116060	0	30	72	村庄
530824102217	兴华村村民委员会	100.210600	23.583090	0	30	72	村庄
530826203208	隔界村委会	101.879840	22.761700	0	25	70	村庄
530824101211	云海村村民委员会	100.617730	23.508870	0	30	72	村庄
530824205207	芒傣村村民委员会	100.175700	23.189260	0	30	72	村庄
530825106206	文广村委会	101.145100	23.718101	0	25	47	乡镇
530822101209	碧连村委会	101.684260	23.423731	0	25	47	乡镇
530824102201	勐嘎村村民委员会	100.397800	23.414579	0	25	55	乡镇
530825101202	团结村委会	101.127080	23.962146	1	80	100	政府机构
530828102208	翁板村委会	99.834370	23.041890	0	25	47	乡镇
530821102001	城镇社区居民委员会	101.225395	23.208122	0	16	38	乡镇
530824105205	文绍村村民委员会	100.774510	23.759190	0	30	72	村庄
530824201213	上寨村村民委员会	100.445660	23.083440	0	30	72	村庄
530823208202	清河村委会	100.569940	24.492450	0	30	72	村庄
530825102212	文牍村委会	100.789770	23.783270	0	30	58	UNKNOWN
