540233100001	下司马社区居民委员会	88.907200	27.481960	0	25	47	乡镇
540222209202	夏吾村	89.219100	28.577957	0	16	65	乡镇
540224100202	夏尔巴村	88.022260	28.905060	0	30	100	村庄
540236200203	亚卡亚村	84.514610	29.240320	0	30	100	村庄
540225203203	旁达村	88.083660	29.362090	0	30	100	村庄
540228200209	那嘎村	89.145990	29.171940	0	25	100	地产小区
540232206202	夏达村	83.519190	30.383010	0	25	70	村庄
540221215202	则嘎村	89.153680	29.885110	0	30	100	村庄
540224207204	加布玉村	88.272940	29.029210	0	30	100	村庄
540221205202	江玛坚村	89.469740	29.374890	0	30	100	村庄
540202206209	罗布林村	89.066009	29.300782	0	18	66	地产小区
540232201206	德嘎村	84.273200	29.867840	0	25	70	乡镇
540221212206	普堆村	89.109660	29.954109	0	30	100	村庄
540223101224	乃琼村	86.619750	28.576260	0	25	70	乡镇
540232211206	隆国村	84.129160	31.303709	0	25	70	乡镇
540221202206	娘木村	89.041180	29.599390	0	30	100	村庄
540202205219	江森村	88.835710	29.355040	0	25	70	地产小区
540236100201	加普村	85.232420	29.341380	0	30	100	村庄
540223100209	玛辖村	87.123890	28.659750	0	25	70	乡镇
540202208201	恰桑村	89.445160	29.317731	0	25	100	地产小区
540225100207	拉曲村	87.637700	29.088411	0	25	100	地产小区
540226101209	居仓村	86.982930	29.682650	0	30	100	村庄
540221202210	昌普村	89.062660	29.531360	0	25	70	村庄
540225207201	乃村	87.635270	28.961261	0	30	100	村庄
540236204201	萨拉村	84.999720	29.511920	0	30	100	村庄
540226100224	欧村	87.183140	29.269180	0	25	70	乡镇
540224203206	东嘎普村	87.984300	28.904179	0	25	55	乡镇
540237200206	亚欧村	88.309460	28.201000	0	30	100	村庄
540223204209	嘎白村	87.360760	28.601860	0	30	100	村庄
540225200205	加当村	87.784170	29.284740	0	30	100	村庄
540233201203	嘎林岗村	88.961440	27.507981	0	30	100	村庄
540221206204	江嘎村	89.322860	29.471080	0	30	100	村庄
540224204202	扯休村	88.427180	29.157781	0	30	100	村庄
540227208202	切勤村	87.981160	30.231869	0	30	100	村庄
540221205214	贡西村	89.451530	29.432101	0	30	100	村庄
540224207212	贡麦村	88.394730	28.988659	0	25	70	乡镇
540237100204	西嘎村	88.477290	28.213591	0	25	70	乡镇
540232203201	次扎村	84.502570	30.200949	0	30	100	村庄
540223205208	嘎布村	87.531310	28.600861	0	30	100	村庄
540221210201	热让村	89.269200	29.742111	0	30	100	村庄
540202002002	彭确曲美社区居民委员会	88.896500	29.249501	0	12	26	区县
540226209210	色米村	86.418430	29.214160	0	30	100	村庄
540224202207	夏布堆村	88.405260	29.014060	0	30	100	村庄
540221200201	空朗村	89.237580	29.703059	0	25	70	村庄
540226100208	帕嘎村	87.477640	29.215340	0	30	100	村庄
540223208206	奴龙村	86.619350	28.718660	0	30	100	村庄
540228208204	吾久村	88.982390	28.552630	0	30	100	村庄
540202205223	曲木宗村	88.896500	29.249501	0	12	34	区县
540225101206	琼嘎村	87.656340	29.137230	0	30	100	村庄
540225205210	堆康村	88.050410	29.094630	0	30	100	村庄
540221100203	岗巴村	89.099100	29.682200	0	12	44	区县
540224206213	曲洛村	88.563400	28.893170	0	30	58	UNKNOWN
540221204215	松东村	89.209357	29.444238	0	16	65	村庄
540227209203	陈将村	87.650200	30.159311	0	30	100	村庄
540224205203	尺达村	88.785418	28.894606	0	16	47	村庄
540221207205	嘎孜村	89.542520	29.623529	0	30	100	村庄
540233200202	切玛村	88.930110	27.425930	0	25	70	乡镇
540236202204	玛奇村	84.786750	29.576620	0	30	100	村庄
540225201204	藏村	87.845650	29.345820	0	30	100	村庄
540221204203	夏麦村	89.271200	29.454421	0	30	100	村庄
540224206205	章吉村	88.525790	28.904280	0	30	100	村庄
540221214203	格桑村	89.765140	29.694920	0	30	100	村庄
540232207203	普琼村	83.136430	30.113841	0	30	100	村庄
540225202202	普松村	88.084300	29.372650	0	30	100	村庄
540228201208	果堆村	89.081850	28.973571	0	30	100	村庄
540236201202	嘎康村	84.953870	29.363110	0	30	100	村庄
540233203204	曲堆村	88.907000	27.484900	0	12	44	区县
540226212221	龙木其村	87.580230	29.403980	0	30	100	村庄
540224101203	江色村	88.021700	28.899200	0	12	34	区县
540223200227	嘎当村	87.024740	28.418559	0	25	100	地产小区
540222208203	达龙村	89.838840	28.772300	0	30	100	村庄
540225201212	塘嘎村	87.737600	29.272819	0	25	70	村庄
540226209206	雅隆村	86.529630	29.263559	0	30	100	村庄
540224202211	吉隆村	88.427270	29.056560	0	25	70	村庄
540223101208	云琼村	86.560670	28.516320	0	30	100	村庄
540225208208	加噶村	87.583540	29.105941	0	25	70	村庄
540223208210	欧木都村	86.802010	28.742601	0	30	100	村庄
540223100225	玛仓娃村	87.123890	28.659750	0	25	55	乡镇
540224201201	白拉村	87.857360	28.667569	0	25	100	地产小区
540226214208	钦达村	87.687970	29.647610	0	30	100	村庄
540237202201	孔玛村	88.633120	28.471259	0	25	70	村庄
540202001004	教武场社区居民委员会	88.896500	29.249501	0	12	29	区县
540222212209	热定新村	89.605500	28.911700	0	12	34	区县
540202209216	差吾庆村	89.555760	29.301621	0	25	70	村庄
540231201209	拉贵村	87.874080	28.462371	0	30	100	村庄
540225205206	宗贝村	88.051390	29.097390	0	25	70	村庄
540236206206	赤姆村	86.164110	29.163720	0	25	70	村庄
540222202209	卡吾村	89.574672	29.094667	0	18	66	村庄
540225101210	白列村	87.675500	29.160549	0	30	100	村庄
540202207208	龙桑村	89.245990	29.334160	0	25	100	地产小区
540228200205	觉杰村	89.145990	29.171940	0	25	100	地产小区
540202201201	多仁村	88.725930	29.143461	0	25	70	村庄
540223210207	果热村	87.253090	28.777829	0	25	70	地产小区
540235201201	嘎琼村	86.401100	28.903680	0	30	100	村庄
540224207208	贡堆村	88.394730	28.988659	0	25	70	乡镇
540226212201	桑珠村	87.422070	29.359000	0	30	100	村庄
540229204202	甲村	89.946070	29.182390	0	25	70	村庄
540223200207	托桑林村	87.024740	28.418559	0	25	55	地产小区
540226202201	热欧村	86.849551	30.321840	0	14	64	乡镇
540222207210	吉仲麦村	89.453427	28.980459	0	18	66	地产小区
540231100206	江嘎村	88.057110	28.706290	0	30	58	UNKNOWN
540202202211	盘孔村	88.789250	29.328041	0	25	55	乡镇
540228100207	帮岗村	89.305590	29.125690	0	30	100	村庄
540202205215	同热村	88.835710	29.355040	0	25	70	地产小区
540223100205	查那村	87.078580	28.773440	0	30	100	村庄
540222213204	纳如村	89.472830	28.811969	0	30	100	村庄
540234202202	汝村	84.709920	28.700800	0	30	100	村庄
540227211202	乃能村	88.261600	29.432400	0	12	34	区县
540228207201	珍木则村	89.024670	28.899801	0	30	100	村庄
540222203204	杂吾村	89.583237	28.998030	0	18	49	村庄
540227201202	乃国村	88.346750	29.708630	0	25	55	村庄
540202206205	孔布林村	89.066009	29.300782	0	18	100	地产小区
540226101213	西果村	86.725850	29.416830	0	25	70	乡镇
540229203206	玛日村	90.113250	29.113291	0	30	100	村庄
540230204203	琼桂村	89.474020	28.217689	0	30	100	村庄
540223207203	切村	87.086150	28.552600	0	30	100	村庄
540226205205	过纳村	86.448830	29.858280	0	30	100	村庄
540227202204	德布具村	88.532960	29.808370	0	30	100	村庄
540202205203	卡多村	88.933610	29.375599	0	30	100	村庄
540228100211	雪布村	89.275130	29.110540	0	30	100	村庄
540222200202	萨玛村	89.618380	29.139711	0	25	70	村庄
540227212204	初村	88.361360	29.338501	0	30	100	村庄
540231203202	扎林村	88.297520	28.481050	0	30	100	村庄
540228204207	杜琼村	89.250100	29.031200	0	25	70	村庄
540234201204	恰门巴村	84.891068	28.969095	0	14	64	乡镇
540222210202	孜庆努村	89.534643	28.910636	0	18	66	村庄
540226206203	路丰村	85.923760	30.220710	0	25	70	村庄
540223204205	班久岗村	87.318400	28.599109	0	30	100	村庄
540223100213	加隆村	86.962810	28.699939	0	30	100	村庄
540230100203	白龙村	89.681300	28.554421	0	25	70	乡镇
540226101205	亚宁村	86.586470	29.469060	0	30	100	村庄
540202201217	卡堆村	88.632960	29.136520	0	30	100	村庄
540234101206	朗曲村	85.330900	28.392719	0	25	70	乡镇
540228200213	拉东村	89.145990	29.171940	0	25	100	地产小区
540223200211	白列村	86.888080	28.385250	0	30	100	村庄
540229100202	奴日村	89.896670	29.109049	0	30	100	村庄
540237100208	雪村	88.520920	28.270230	0	30	100	村庄
540232208206	达若村	83.743945	30.819909	0	14	64	乡镇
540226212217	杰村	87.527200	29.368680	0	30	100	村庄
540202202207	康萨村	88.789250	29.328041	0	25	70	乡镇
540222207206	央白村	89.453427	28.980459	0	18	100	地产小区
540228203203	桑林村	89.174890	29.025499	0	30	100	村庄
540231204206	仲康村	88.048860	28.522420	0	30	100	村庄
540222217206	比龙村	90.061400	28.893130	0	30	100	村庄
540223203201	嘎热果吉村	87.478810	28.492290	0	30	100	村庄
540230200201	曲热村	89.681700	28.555601	0	12	34	区县
540229207204	明村	89.857350	29.229591	0	30	100	村庄
540226100204	帕热村	87.396120	29.116480	0	30	100	村庄
540226214212	康萨村	87.665110	29.674670	0	25	70	村庄
540202207212	雷贵村	89.300750	29.346519	0	25	70	乡镇
540228208208	多巴村	89.032850	28.427620	0	30	100	村庄
540235204202	培孜村	85.764370	28.657838	0	14	64	乡镇
540229201201	夺索村	90.133065	29.229780	0	18	49	村庄
540230206204	白墩村	89.875980	28.639590	0	30	100	村庄
540223101212	古龙村	86.569210	28.482591	0	30	100	村庄
540223205204	通来村	87.510860	28.613890	0	30	100	村庄
540226207202	仲都村	86.017750	30.437991	0	30	100	村庄
540222211203	班觉伦布村	89.577220	28.899750	0	25	70	村庄
540234200205	唐果村	85.656380	29.167660	0	30	100	村庄
540231202203	曲热村	87.765800	28.364101	0	12	44	区县
540227213205	拉旺孜村	88.136400	29.365390	0	30	100	村庄
540228205206	白岗村	89.387230	29.119291	0	30	100	村庄
540228101210	扎西村	89.134700	29.203660	0	30	100	村庄
540222201203	加比村	89.463300	29.185920	0	30	100	村庄
540202204202	索东村	88.704000	29.071580	0	25	70	村庄
540235203206	古措村	86.339300	28.782910	0	30	100	村庄
540221207209	欧布堆村	89.583440	29.698630	0	30	100	村庄
540226210206	荣努村	86.806410	29.177411	0	25	70	村庄
540229206205	苦龙达村	89.702980	29.322450	0	30	100	村庄
540222216207	车仁村	89.696800	28.860270	0	30	100	村庄
540228202202	夏麦村	89.152360	28.827120	0	30	100	村庄
540225201208	坚达村	87.690000	29.220330	0	30	100	村庄
540231205207	塔嘎拓村	88.010910	28.211011	0	25	55	村庄
540227214201	查卡村	88.703910	29.707210	0	30	100	村庄
540222206207	孜吾村	89.382580	29.026031	0	30	100	村庄
540227204201	马尔地村	88.697000	30.052000	0	25	55	村庄
540202203206	乃林村	88.935990	29.184290	0	25	70	地产小区
540224208201	达江村	88.792070	28.769381	0	30	100	村庄
540235101002	雪布岗社区居民委员会	86.021956	28.006535	0	16	38	乡镇
540227217211	罗林村	88.571730	29.490929	0	30	100	村庄
540231102201	果玛村	87.684120	28.008259	0	25	70	乡镇
540221209201	热拉村	89.651310	29.350569	0	30	100	村庄
540223202216	扎村	87.350340	28.214890	0	30	100	村庄
540226210210	谢村	86.853020	29.203190	0	30	100	村庄
540202203210	奴杰村	88.935990	29.184290	0	25	100	地产小区
540231205211	东热村	88.045880	28.229270	0	30	100	村庄
540227100201	卡嘎村	88.238960	29.445521	0	30	100	村庄
540224206209	达普村	88.476740	28.859000	0	30	100	村庄
540229205203	杰雄村	89.751284	29.397316	0	16	65	村庄
540233203208	古汝村	89.278670	28.091350	0	30	100	村庄
540222205201	加那村	89.469570	29.047650	0	30	100	村庄
540228201204	吉定村	89.109280	28.979229	0	25	70	村庄
540227217207	萨村	88.609510	29.575061	0	30	100	村庄
540231206201	扎西岗村	87.775080	28.183880	0	30	100	村庄
540222215201	榜孜村	89.289311	28.908539	0	18	49	村庄
540226204204	夏隆村	86.547310	29.981930	0	30	100	村庄
540202001008	卡热社区居民委员会	88.905140	29.236901	0	30	58	UNKNOWN
540223206202	亚白村	87.692540	28.581810	0	30	100	村庄
540226214204	给龙多村	87.665110	29.674670	0	25	55	村庄
540230205202	伦村	89.858600	28.490720	0	30	100	村庄
540223100229	翁嘎村	87.033510	28.690230	0	30	100	村庄
540226100212	谢欧村	87.188390	29.405650	0	30	100	村庄
540227200203	琼达村	87.707080	29.942811	0	30	100	村庄
540202207204	噶藏村	89.300750	29.346519	0	25	55	乡镇
540222202205	吾聂村	89.574672	29.094667	0	18	49	村庄
540227210203	亚龙村	87.421860	29.840520	0	25	70	村庄
540231201205	春阿村	87.923690	28.465439	0	30	100	村庄
540234203203	郭巴村	85.826590	29.124950	0	30	72	UNKNOWN
540222212205	懂布村	89.657690	28.889079	0	30	100	村庄
540235100202	江东村	86.028200	28.284651	0	30	100	地产小区
540223101204	龙江村	86.554089	28.493906	0	14	64	乡镇
540225208204	明玛村	87.431130	28.963669	0	30	100	村庄
540228101206	亚欧村	89.184800	29.208840	0	25	70	乡镇
540222100001	宗堆社区居民委员会	89.620117	28.906855	0	18	40	乡镇
540235100203	江岗村	85.982200	28.155100	0	12	44	区县
540223101205	曲龙贡达村	86.650600	28.491010	0	30	100	村庄
540225208205	吉觉村	87.583540	29.105941	0	25	70	村庄
540228101207	阿亚村	89.141030	29.232831	0	30	100	村庄
540226204205	唐琼村	86.364780	30.113110	0	30	100	村庄
540223206203	辖措村	87.662070	28.567400	0	30	100	村庄
540229202206	萨达村	90.252140	29.277419	0	25	70	村庄
540223100228	鲁鲁辖村	87.123890	28.659750	0	25	55	乡镇
540226214205	纳萨村	87.665110	29.674670	0	25	70	村庄
540230205203	乃龙村	89.851940	28.521360	0	25	70	乡镇
540226100213	德吉林村	87.175950	29.437230	0	30	100	村庄
540202207205	雄卓村	89.336470	29.264940	0	30	100	村庄
540227200202	德来村	87.664220	29.954600	0	30	100	村庄
540222202204	萨拉村	89.574672	29.094667	0	18	66	村庄
540227210202	玛雄嘎多村	87.421860	29.840520	0	25	70	村庄
540231201204	莎拉岗村	87.943670	28.489171	0	30	100	村庄
540228206201	普奴村	89.165956	28.725430	0	18	66	村庄
540234203202	崩巴村	85.826590	29.124950	0	30	72	UNKNOWN
540222212204	榜果村	89.660480	28.898999	0	30	100	村庄
540226203201	普扎村	86.912160	29.463160	0	30	100	村庄
540226213201	桑嘎村	87.699730	29.415950	0	30	100	村庄
540224206208	帮村	88.454760	28.856000	0	30	100	村庄
540229205202	扎西林村	89.816430	29.313890	0	30	100	村庄
540235200201	亚来村	86.115360	28.399390	0	25	100	地产小区
540202200201	坚孜村	88.875860	29.190689	0	25	55	乡镇
540228201205	旺学村	89.109280	28.979229	0	25	55	村庄
540227217206	吴伦村	88.563609	29.499333	0	16	65	乡镇
540223202217	帕新村	87.292570	28.159820	0	30	100	地产小区
540226210211	多白村	86.808070	29.178011	0	30	100	村庄
540202203211	塔杰村	88.935990	29.184290	0	25	70	地产小区
540231101206	比塘村	87.417670	27.864140	0	25	70	乡镇
540231205210	库字村	88.010910	28.211011	0	25	70	村庄
540235101003	帮市区居民委员会	86.021956	28.006535	0	16	38	乡镇
540227217210	驻勤村	88.558330	29.525470	0	30	100	村庄
540234100206	沃玛村	85.297160	28.852000	0	25	70	乡镇
540235203207	普日村	86.265140	28.807010	0	30	100	地产小区
540221207208	桑木林村	89.583960	29.650150	0	30	100	村庄
540230201201	朗巴村	89.641030	28.695800	0	25	100	地产小区
540226210207	亚多村	86.910880	29.167490	0	30	100	村庄
540229206204	吉村	89.749510	29.288840	0	30	100	村庄
540223202201	卡达普村	87.229770	28.077510	0	30	100	村庄
540222216206	加堆村	89.675730	28.871000	0	30	100	村庄
540228202203	武日村	89.132320	28.868320	0	30	100	村庄
540225201209	藏洛村	87.755250	29.335340	0	30	100	村庄
540231205206	乃莎村	87.914890	28.201519	0	30	100	村庄
540222206206	努康村	89.446540	29.035091	0	30	100	村庄
540202203207	联卓村	88.935990	29.184290	0	25	100	地产小区
540235204203	寺龙村	85.827510	28.655340	0	30	100	村庄
540223101213	夏多堆村	86.583870	28.453230	0	30	100	村庄
540230206205	那堆村	89.932730	28.683311	0	30	100	村庄
540223205205	班久村	87.505050	28.625960	0	30	100	村庄
540226207203	果芒村	86.217790	30.450360	0	30	100	村庄
540222211202	江热村	89.574520	28.900220	0	30	100	村庄
540234200204	孔木村	85.860030	29.073624	0	14	64	乡镇
540231202202	定结村	88.090737	28.344000	0	16	65	村庄
540227213204	卡布仁村	88.188440	29.399881	0	30	100	村庄
540228205207	吉定村	89.339402	29.102154	0	18	66	村庄
540228101211	查热村	89.184800	29.208840	0	25	70	乡镇
540222201202	杰麦村	89.478330	29.110180	0	30	100	村庄
540202204203	孜村	88.675540	29.069760	0	30	100	村庄
540226100205	列村	87.183140	29.269180	0	25	70	乡镇
540226214213	许如村	87.531950	29.653511	0	30	100	村庄
540202207213	康果村	89.300750	29.346519	0	25	70	乡镇
540202202206	加庆孜村	88.789250	29.328041	0	25	55	乡镇
540227205201	查若村	87.812290	29.687110	0	30	100	村庄
540222207207	番琼村	89.494480	28.990800	0	30	100	地产小区
540228203202	思布村	89.262300	29.105701	0	14	37	区县
540227215201	嘎如冲村	88.586710	29.346610	0	30	100	村庄
540222217207	马玉村	90.102550	28.916401	0	30	100	村庄
540226201206	次如村	87.036130	30.875560	0	30	100	村庄
540226211206	鲁玛村	86.224670	29.450170	0	30	100	村庄
540229207205	江嘎达村	89.801680	29.252840	0	30	100	村庄
540234101207	冲色村	85.368460	28.369751	0	30	100	村庄
540202201216	边荣村	88.725930	29.143461	0	25	55	村庄
540222100201	东郊村	89.620117	28.906855	0	18	66	乡镇
540228200212	彭仓村	89.145990	29.171940	0	25	100	地产小区
540223200210	云加村	87.024740	28.418559	0	25	100	地产小区
540229100203	吉雄村	89.852430	29.175230	0	30	100	村庄
540232208207	夏吉村	83.841400	31.197079	0	30	100	村庄
540226212216	亚曲村	87.465190	29.374011	0	25	70	村庄
540230100202	嘎江村	89.640960	28.455370	0	30	100	村庄
540226101204	阿布列村	86.617310	29.434730	0	30	100	村庄
540202205202	尺村	88.835710	29.355040	0	25	70	地产小区
540228100210	聂普村	89.250660	29.124460	0	25	70	乡镇
540222200203	恰曲村	89.618380	29.139711	0	25	70	村庄
540227212205	雄村	88.446520	29.346530	0	30	100	村庄
540231203203	多布扎村	88.222890	28.460030	0	25	70	乡镇
540228204206	多旦村	89.291540	28.991289	0	30	100	村庄
540234201205	芒杂村	85.139510	29.125030	0	30	100	村庄
540222210203	卡热村	89.549070	28.939500	0	30	100	村庄
540226206202	纳那村	86.022580	30.246461	0	30	100	村庄
540223204204	措昂村	87.389010	28.581510	0	30	100	村庄
540229200201	陈村	90.014100	29.309600	0	30	100	村庄
540223100212	恰布村	87.007650	28.699780	0	30	100	村庄
540230207204	色热龙村	89.370600	28.473920	0	30	100	村庄
540222213205	岗古村	89.488220	28.817780	0	30	100	村庄
540234202203	樟村	84.957010	28.738990	0	30	100	村庄
540227211203	久如村	88.261600	29.432400	0	12	34	区县
540222203205	楚古村	89.543980	28.974750	0	30	100	村庄
540202206204	塔玛村	89.066009	29.300782	0	18	100	地产小区
540227201203	列村	88.376621	29.715573	0	16	65	乡镇
540226101212	洛布村	86.740050	29.396911	0	30	100	村庄
540229203207	卓村	90.129530	29.128539	0	25	70	村庄
540230204202	嘎拉奴村	89.386990	28.260421	0	25	70	地产小区
540223207202	樟村	87.130790	28.574280	0	30	100	村庄
540226205204	热果村	86.319930	29.683831	0	30	100	村庄
540228100206	唐觉村	89.327400	29.070121	0	30	100	村庄
540202205214	雪村	88.827310	29.433520	0	30	100	村庄
540223100204	波村	87.085480	28.718440	0	30	100	村庄
540222207211	鲁顶村	89.453427	28.980459	0	18	66	地产小区
540202202210	冲堆村	88.827370	29.331160	0	30	100	村庄
540221208201	恰萨村	89.628840	29.556980	0	30	100	村庄
540222214201	岗坡村	89.307170	28.838030	0	30	100	村庄
540228200204	金嘎村	89.145990	29.171940	0	25	100	地产小区
540231207201	康孔村	87.469270	28.320130	0	30	100	村庄
540222204201	卡尔村	89.741760	28.923901	0	30	100	村庄
540223210206	括帮村	87.291490	28.667040	0	30	100	村庄
540224207209	江雄村	88.396580	29.013810	0	30	100	村庄
540229204203	吉米村	89.965070	29.152420	0	30	100	村庄
540223200206	仁白拉新村	87.650330	29.040671	0	30	58	UNKNOWN
540223208211	乃古林村	86.743214	28.784993	0	14	46	村庄
540221203206	敏国普村	89.016480	29.627821	0	25	55	村庄
540226214209	皮西村	87.571150	29.661890	0	30	100	村庄
540223100224	江东村	87.088720	28.741980	0	30	100	村庄
540202001005	扎西吉彩社区居民委员会	88.896500	29.249501	0	12	29	区县
540222212208	诺玛村	89.605500	28.911700	0	12	34	区县
540231201208	确布村	88.004910	28.506140	0	30	100	村庄
540225205207	恰西村	88.051390	29.097390	0	25	70	村庄
540222202208	聂布村	89.574672	29.094667	0	18	66	村庄
540233204201	色热查村	89.051940	28.175189	0	25	70	村庄
540202207209	甲玛卡村	89.245990	29.334160	0	25	70	地产小区
540223101209	萨拉村	86.573020	28.536810	0	30	100	村庄
540226209207	古如村	86.538410	29.225819	0	30	100	村庄
540224202210	申格孜村	88.427270	29.056560	0	25	55	村庄
540225208209	森格隆村	87.583540	29.105941	0	25	70	村庄
540232100204	达热村	83.614110	30.166960	0	30	100	村庄
540226212220	曲古伦布村	87.236000	29.294800	0	10	28	区县
540223200226	藏普村	86.807900	28.334661	0	30	100	村庄
540224101202	曲嘎村	88.359980	29.209501	0	25	70	乡镇
540233101001	一社区居民委员会	89.154950	27.718210	0	25	47	地产小区
540222208202	加热村	89.825140	28.848150	0	30	100	村庄
540221204202	奴堆村	89.236240	29.443309	0	30	100	村庄
540224206204	卡玉村	88.573740	28.915379	0	30	100	村庄
540221214202	亚木热村	89.679310	29.689491	0	25	70	村庄
540232207202	贡桑村	83.327600	30.128591	0	25	70	乡镇
540225202203	孜江村	88.006470	29.375610	0	25	55	乡镇
540228201209	测麦村	89.109280	28.979229	0	25	55	村庄
540236201203	唐如村	84.771870	29.391260	0	30	100	村庄
540233203205	尚堆村	89.385010	28.010971	0	30	100	村庄
540232204204	南木拉村	83.608040	29.752710	0	25	55	村庄
540224101214	可赤布村	88.359980	29.209501	0	25	55	乡镇
540223200230	热杂村	86.990570	28.305861	0	30	100	村庄
540224205202	帕都村	88.785418	28.894606	0	16	65	村庄
540221207204	宁布村	89.596540	29.742940	0	30	100	村庄
540236202205	溪果村	84.621400	29.541080	0	25	100	地产小区
540225201205	昌达村	87.804380	29.335280	0	30	100	村庄
540221100202	雪堆村	89.118170	29.681429	0	30	100	村庄
540224206212	多杂村	88.573600	28.915439	0	25	70	村庄
540221204214	德村	89.159600	29.434830	0	30	100	村庄
540227209202	切荣村	87.667650	30.149270	0	30	100	村庄
540223208207	云东村	86.702340	28.783940	0	30	100	村庄
540226100209	多旦村	87.183140	29.269180	0	25	70	乡镇
540228208205	曲松村	89.003980	28.518830	0	30	100	村庄
540202205222	普奴村	88.671470	29.374191	0	30	100	村庄
540225101207	萨龙村	87.820086	29.171800	0	16	65	乡镇
540202209201	塔布村	89.555760	29.301621	0	25	70	村庄
540233100201	春丕村	88.907000	27.484900	0	12	44	区县
540202002003	岗多社区居民委员会	88.896500	29.249501	0	12	29	区县
540223205209	强嘎村	87.545310	28.608960	0	30	100	村庄
540226209211	日吾其村	86.619320	29.188070	0	30	100	村庄
540224202206	琼孜村	88.530310	29.012470	0	30	100	村庄
540236205201	旦嘎村	85.851130	29.235240	0	25	70	村庄
540225206201	吉布村	87.817073	29.048514	0	16	65	地产小区
540237100205	贡巴村	88.477290	28.213591	0	25	70	乡镇
540225200204	乃萨村	87.826130	29.317940	0	30	100	村庄
540236203204	察让村	85.079020	29.658280	0	30	100	村庄
540233201202	岗古村	88.941340	27.513090	0	30	100	村庄
540221206205	恰热村	89.373890	29.388180	0	30	100	村庄
540224204203	乃夏村	88.454140	29.156419	0	30	100	村庄
540226100225	措松村	87.060960	29.428840	0	30	100	村庄
540221201201	鲁古冻村	89.106733	29.489905	0	30	100	村庄
540224203207	次多村	87.903840	29.016080	0	30	100	村庄
540221211201	普村	89.758300	30.016780	0	30	100	村庄
540237200207	林嘎村	88.318180	28.197660	0	25	70	村庄
540223204208	吉雄村	87.284040	28.607201	0	30	100	村庄
540232202201	里孜村	84.031600	29.770000	0	10	33	区县
540225100206	乃萨村	87.637700	29.088411	0	25	70	地产小区
540226101208	嘎日村	86.857260	29.384841	0	30	100	地产小区
540202205218	嘎吾村	88.835710	29.355040	0	25	55	地产小区
540223100208	帕来村	87.096090	28.655181	0	30	100	村庄
540226208206	尼果村	86.153810	30.753750	0	25	70	村庄
540202206208	甲根村	89.066009	29.300782	0	18	66	地产小区
540232201207	康琼村	84.106150	29.938191	0	30	100	村庄
540237203201	北村	88.589620	28.334820	0	25	70	村庄
540224200201	曲堆村	88.021700	28.899200	0	12	34	区县
540223101225	恩巴村	86.554089	28.493906	0	14	64	乡镇
540221202207	冲萨村	89.062660	29.531360	0	25	70	村庄
540236200202	古郁村	84.511456	29.149825	0	14	64	乡镇
540225203202	玉托村	88.130360	29.245340	0	30	100	村庄
540228200208	玉堆村	89.145990	29.171940	0	25	100	地产小区
540232206203	革庆村	83.519190	30.383010	0	25	55	村庄
540221215203	采村	89.198007	29.844599	0	16	65	乡镇
540224207205	松多村	88.021700	28.899200	0	12	44	区县
540221205203	白莎村	89.572540	29.616840	0	30	100	村庄
540222209203	多根村	89.219100	28.577957	0	16	65	乡镇
540224100203	宗果村	88.021980	28.903060	0	25	70	乡镇
540202201207	德村	88.725930	29.143461	0	25	70	村庄
540222214206	拉沙村	89.327980	28.796611	0	25	70	村庄
540231207206	乃村	87.562500	28.369809	0	30	100	村庄
540225203209	苏村	88.277690	29.287669	0	30	100	村庄
540228200203	冲堆村	89.145990	29.171940	0	25	100	地产小区
540223200201	扎西岗村	87.024740	28.418559	0	25	70	地产小区
540221215208	果拉村	89.189090	29.843800	0	30	100	村庄
540226202207	底热村	86.809890	30.455550	0	30	100	村庄
540221205208	门嘎村	89.449890	29.416041	0	30	100	村庄
540235201207	哲列村	86.430220	28.770680	0	30	100	村庄
540223210201	门当岗村	87.177150	28.770950	0	30	100	村庄
540229204204	邦青村	89.946070	29.182390	0	25	70	村庄
540226212207	席村	87.282790	29.390411	0	30	100	村庄
540230203201	冲堆村	89.623880	28.448630	0	30	100	村庄
540221208206	嘎布村	89.631640	29.594301	0	30	100	村庄
540228100201	觉如村	89.251780	29.124490	0	30	100	村庄
540202205213	兰木尺村	88.835710	29.355040	0	25	55	地产小区
540229200210	贡巴能村	90.079310	29.279080	0	25	55	村庄
540223100203	乃村	87.123890	28.659750	0	25	70	乡镇
540222203202	藏改村	89.523470	28.995940	0	30	100	村庄
540227201204	炯龙村	88.478710	29.702630	0	30	100	村庄
540202206203	普巴村	89.066009	29.300782	0	18	100	地产小区
540234202204	康北村	84.765620	28.752140	0	25	70	村庄
540222213202	卓帕村	89.498210	28.884341	0	25	70	村庄
540228207207	曲姆村	88.963820	28.935081	0	25	70	村庄
540227211204	普村	88.299880	29.424690	0	30	100	村庄
540223207205	加龙村	86.920850	28.586551	0	25	100	地产小区
540226205203	山仓村	86.236060	29.664489	0	30	100	村庄
540226101215	梅多村	86.725850	29.416830	0	25	70	乡镇
540228204201	东普村	89.251720	29.002110	0	30	100	村庄
540231203204	洛巴村	88.222890	28.460030	0	25	70	乡镇
540227212202	吴坚村	88.432922	29.363334	0	18	66	村庄
540222210204	香普村	89.534643	28.910636	0	18	66	村庄
540234201202	桑旦林村	85.258580	29.258810	0	30	100	村庄
540227202202	罗堆村	88.695120	29.860899	0	30	100	村庄
540202205205	达龙普村	88.917210	29.429590	0	30	100	村庄
540222200204	日括村	89.638710	29.128930	0	30	100	村庄
540230207203	雄村	89.341910	28.502560	0	30	100	村庄
540223100215	曲洛村	86.947640	28.696580	0	30	100	村庄
540229200206	年拉村	90.079310	29.279080	0	25	70	村庄
540226206205	查琼村	86.020440	30.028971	0	30	100	村庄
540223204203	木队村	87.355520	28.592170	0	25	70	村庄
540226101203	窝列村	86.725850	29.416830	0	25	55	乡镇
540230100205	康玛村	89.681700	28.555601	0	12	44	区县
540202201211	仁青林村	88.716560	29.205441	0	30	100	村庄
540226212211	查布村	87.544310	29.383410	0	30	100	村庄
540229100204	强钦村	89.842090	29.230970	0	30	100	村庄
540223200217	斯美村	87.024740	28.418559	0	25	70	地产小区
540227215206	扎西顶村	88.575690	29.391209	0	30	100	村庄
540228203205	麦措村	89.223510	29.032130	0	30	100	村庄
540227205206	夏木村	87.989050	29.919110	0	30	100	村庄
540202202201	德日村	88.789180	29.328091	0	30	100	村庄
540229207202	行夏村	89.818370	29.264870	0	25	55	村庄
540224204208	桑培村	88.521523	29.185042	0	16	65	村庄
540226211201	帕灯村	86.031410	29.478481	0	25	55	村庄
540235202201	乃龙村	86.395280	28.657990	0	30	100	村庄
540226201201	孜热村	87.018870	30.617789	0	30	100	村庄
540223203207	野江村	87.123200	28.657700	0	12	34	区县
540226100202	萨律村	87.183140	29.269180	0	25	70	乡镇
540226214214	同色村	87.619240	29.716278	0	14	64	乡镇
540202207214	郭加村	89.245990	29.334160	0	25	70	地产小区
540223205202	古荣村	87.528380	28.642670	0	30	100	村庄
540226207204	纳那村	86.022580	30.246461	0	30	100	村庄
540235204204	白玛曲林村	85.745820	28.855670	0	30	100	村庄
540230206202	天坝村	89.941730	28.710990	0	30	100	村庄
540223101214	乃龙村	86.714010	28.479139	0	30	100	村庄
540229201207	那仁村	90.115970	29.225850	0	30	100	村庄
540222201205	玉村	89.509460	29.150481	0	30	100	村庄
540227203203	夏桑村	88.900390	29.820801	0	25	70	村庄
540202204204	纳杂村	88.704000	29.071580	0	25	70	村庄
540234200203	干布村	86.091590	29.160291	0	30	100	村庄
540222211205	热旦岗村	89.598530	28.894850	0	30	100	村庄
540227213203	仲村	88.132180	29.389290	0	30	100	村庄
540231202205	杂兴村	88.090737	28.344000	0	16	47	村庄
540223202206	仁青林村	87.343180	28.122940	0	30	100	村庄
540229206203	司马村	89.707250	29.264791	0	18	66	乡镇
540222206201	帮日村	89.366430	29.064620	0	30	100	村庄
540222216201	热定村	89.759771	28.825128	0	18	49	村庄
540231205201	姆村	88.010910	28.211011	0	25	70	村庄
540228202204	思堆村	89.262300	29.105701	0	14	46	区县
540235101004	立新社区居民委员会	86.021956	28.006535	0	16	38	乡镇
540221100209	米如村	89.091790	29.662041	0	30	100	村庄
540232209201	郭地村	84.366060	30.711269	0	30	100	村庄
540226213210	纳古村	87.589040	29.394501	0	30	100	村庄
540202200210	加卡村	88.918000	29.027980	0	30	100	村庄
540234100201	普拉村	85.260440	28.876650	0	30	100	村庄
540226210216	玛多村	86.969890	29.160040	0	30	100	村庄
540221209207	扎雄村	89.631700	29.477111	0	30	100	村庄
540223202210	杂杂村	87.256270	28.185699	0	30	100	村庄
540224101209	查贡村	88.359980	29.209501	0	25	70	乡镇
540222208209	卓庆村	89.898460	29.013399	0	30	100	村庄
540227100207	吉定村	88.288574	29.464919	0	16	65	乡镇
540202203216	琼孜村	88.935990	29.184290	0	25	70	地产小区
540231101201	莎列村	87.392710	27.889650	0	30	100	村庄
540229205205	奴达村	89.700290	29.351480	0	30	100	村庄
540226213206	江嘎村	87.786990	29.418970	0	30	100	村庄
540235200206	如甲村	86.115360	28.399390	0	25	100	地产小区
540221204209	阿荣村	89.161920	29.446710	0	30	100	村庄
540231206207	郭庆村	87.713723	28.189933	0	16	65	乡镇
540227217201	国木德村	88.563609	29.499333	0	16	47	乡镇
540228201202	厅卓村	89.109280	28.979229	0	25	55	村庄
540222215207	杂达村	89.274950	28.895350	0	30	100	村庄
540227207201	纳强村	88.386350	30.025640	0	30	100	村庄
540202200206	顶村	88.875860	29.190689	0	25	70	乡镇
540222205207	达比村	89.457890	29.081060	0	30	100	村庄
540230205204	色休村	89.849820	28.569830	0	30	100	村庄
540226214202	支荣村	87.665050	29.674720	0	30	100	村庄
540229202201	普村	90.252140	29.277419	0	25	70	村庄
540226100214	结迈村	87.096950	29.432580	0	30	100	村庄
540226204202	加布庆村	86.491330	30.043470	0	30	100	村庄
540223206204	奴措村	87.656040	28.556610	0	30	100	村庄
540231201203	克阿村	87.981370	28.496590	0	25	70	村庄
540222212203	曲乃村	89.605500	28.911700	0	12	44	区县
540234203205	色琼村	85.826590	29.124950	0	30	72	UNKNOWN
540227200205	朗玛村	87.607200	30.033060	0	30	100	村庄
540202207202	曲夏村	88.896500	29.249501	0	12	34	区县
540222202203	白定村	89.543840	29.116959	0	30	100	村庄
540223101202	热久村	86.619750	28.576260	0	25	70	乡镇
540235100204	扎西宗村	86.031750	28.306070	0	30	100	地产小区
540234101001	吉隆社区居民委员会	85.330900	28.392719	0	25	47	乡镇
540225208202	达尔村	87.619410	29.114639	0	30	100	村庄
540224204212	岗坚村	88.521523	29.185042	0	16	47	村庄
540224100204	索西村	88.031930	28.933999	0	30	100	村庄
540225203205	顿珠顶村	88.135040	29.311320	0	30	100	村庄
540224207202	拉热村	88.235620	28.971200	0	30	100	村庄
540229204208	查巴村	89.946310	29.182370	0	30	100	村庄
540221205204	东普村	89.478770	29.526569	0	30	100	村庄
540221215204	唐巴村	89.198007	29.844599	0	16	65	乡镇
540225204201	孜龙村	88.255950	29.212290	0	30	100	村庄
540223101222	孔目村	86.619750	28.576260	0	25	70	乡镇
540224200206	嘎白村	87.957033	28.608873	0	16	65	乡镇
540237203206	查那村	88.589620	28.334820	0	25	70	村庄
540226208201	坚定村	86.095220	30.735790	0	30	100	村庄
540225100201	曲下村	87.637700	29.088411	0	25	100	地产小区
540202208207	普奴村	89.532500	29.254919	0	30	100	村庄
540223209201	其仓村	87.058770	29.113660	0	30	100	村庄
540222200208	日贡布多村	89.717730	29.063579	0	30	100	村庄
540202205209	德孔村	88.835710	29.355040	0	25	70	地产小区
540225207207	秋古村	87.567510	28.906340	0	30	100	村庄
540221201206	康玛村	89.110470	29.599580	0	30	100	村庄
540226100222	卓日村	87.188220	29.142040	0	30	100	村庄
540223100219	白坝村	87.173430	28.631730	0	30	100	村庄
540236203203	卡库村	84.914530	29.592349	0	30	100	村庄
540228203209	团结新村	89.026126	28.988377	0	16	65	乡镇
540225200203	扎西宗村	87.903760	29.338040	0	30	100	村庄
540232205202	广东村	83.477320	29.851360	0	25	70	村庄
540221206202	确龙村	89.376950	29.401290	0	30	100	村庄
540224204204	巴定村	88.505070	29.228750	0	30	100	村庄
540202203220	岗村	89.066490	29.168030	0	30	100	村庄
540229100208	当雄村	89.856853	29.112176	0	16	65	乡镇
540221205212	玛格达村	89.470340	29.391820	0	25	70	乡镇
540237100202	琼修村	88.438340	28.249100	0	30	100	村庄
540223101218	查孜村	86.619750	28.576260	0	25	70	乡镇
540224202201	吉堆村	88.437630	29.048230	0	30	100	村庄
540235204208	扎青村	85.792090	28.750461	0	25	100	地产小区
540221210207	孜布村	89.391050	29.740621	0	30	100	村庄
540237201201	索白村	88.414340	28.476480	0	25	55	村庄
540202002004	米日社区居民委员会	88.896500	29.249501	0	12	29	区县
540225206206	荣白村	87.817073	29.048514	0	16	65	地产小区
540222211209	加堆村	89.675730	28.871000	0	30	100	村庄
540202204208	巴纳村	88.661730	29.069080	0	30	100	村庄
540222201209	嘎益村	89.489870	29.165450	0	30	100	村庄
540226214218	石布村	87.634540	29.784021	0	30	100	村庄
540202209206	赤雄村	89.555760	29.301621	0	25	70	村庄
540202205225	拉古村	88.857469	29.476286	0	14	64	乡镇
540228208202	乃至村	89.121110	28.647390	0	25	70	村庄
540224206215	达那村	88.397620	28.875340	0	30	100	村庄
540221204213	山巴村	89.096060	29.406510	0	30	100	地产小区
540221100205	岗嘎村	89.099100	29.682200	0	12	44	区县
540227209205	锐村	87.315950	30.233340	0	30	100	村庄
540224205205	帕宁村	88.830490	28.935490	0	30	100	村庄
540221207203	白萨村	89.563560	29.632861	0	25	70	村庄
540232204203	色青村	83.608040	29.752710	0	25	70	村庄
540224101213	吉定村	88.359980	29.209501	0	25	70	乡镇
540228202208	秋麦村	89.205990	28.964671	0	30	100	村庄
540225201202	贡康村	87.737600	29.272819	0	25	55	村庄
540236202202	亚曲村	84.605680	29.382340	0	30	100	村庄
540221214205	宗当村	89.665050	29.650930	0	30	100	村庄
540221204205	龙琼村	89.200020	29.423031	0	30	100	村庄
540224206203	觉村	88.555340	28.854780	0	30	100	村庄
540236201204	麻亚村	85.034940	29.358180	0	30	100	村庄
540233203202	多庆村	89.304790	28.145340	0	30	100	村庄
540225202204	谢曲村	88.006470	29.375610	0	25	70	乡镇
540224101205	楚达村	88.359980	29.209501	0	25	70	乡镇
540223200221	热普村	87.013280	28.277359	0	30	100	村庄
540232100203	罗康村	83.467050	30.034940	0	25	100	地产小区
540222208205	宗卓村	89.933700	28.823281	0	30	100	村庄
540221210211	萨玛村	89.385943	29.739360	0	16	65	村庄
540225206210	增村	87.817073	29.048514	0	16	100	地产小区
540221213201	吉吾村	89.106210	30.077530	0	30	100	村庄
540202001002	德勒社区居民委员会	88.896500	29.249501	0	12	29	区县
540232200201	马永村	84.031970	29.765270	0	25	70	乡镇
540221203201	乃萨村	89.016480	29.627821	0	25	70	村庄
540226100218	卡嘎村	87.185290	29.271490	0	30	100	村庄
540223100223	热拉木村	87.096720	28.732420	0	30	100	村庄
540224201207	怕列村	87.857360	28.667569	0	25	70	地产小区
540232210201	夏吉村	83.552150	31.299490	0	25	70	村庄
540230205208	日果村	89.851940	28.521360	0	25	70	乡镇
540202209210	普奴村	89.532500	29.254919	0	30	100	村庄
540202001003	帮佳孔社区居民委员会	88.896500	29.249501	0	12	29	区县
540226100219	江嘎村	87.236000	29.294800	0	10	33	区县
540224201206	普玛村	87.857360	28.667569	0	25	100	地产小区
540223100222	乃桑村	87.123890	28.659750	0	25	55	乡镇
540236206201	夏如村	86.164290	29.164100	0	30	100	村庄
540225205201	强公村	88.041690	29.138440	0	30	100	村庄
540202209211	同拉村	89.542900	29.268049	0	30	100	村庄
540221210210	嘎典村	89.324030	29.726340	0	30	100	村庄
540226209201	达夏村	86.619390	29.188000	0	25	70	乡镇
540225206211	锡钦村	87.817073	29.048514	0	16	100	地产小区
540223200220	曲下村	87.650330	29.040671	0	30	58	UNKNOWN
540224101204	培庆村	88.359980	29.209501	0	25	55	乡镇
540232100202	岗久村	84.031600	29.770000	0	10	33	区县
540222208204	卓热村	89.940910	28.855180	0	25	70	村庄
540221214204	朗空村	89.798260	29.656931	0	30	100	村庄
540232207204	扎次村	83.386710	30.114501	0	30	100	村庄
540221100212	达龙村	89.193600	29.692680	0	30	100	村庄
540221204204	拉布遵村	89.274020	29.439520	0	30	100	村庄
540224206202	曲桑村	88.563400	28.893170	0	30	58	UNKNOWN
540229205208	普纳村	89.751284	29.397316	0	16	65	村庄
540236201205	孜康村	84.838100	29.252310	0	30	100	村庄
540233203203	唐布村	89.404340	28.059160	0	30	100	村庄
540225202205	查达村	87.923354	29.434726	0	16	65	乡镇
540224205204	帮白村	88.745010	28.900010	0	30	100	村庄
540221207202	巴相村	89.564040	29.589650	0	30	100	村庄
540232204202	巴雄村	83.608040	29.752710	0	25	70	村庄
540224101212	白色村	88.387840	29.263030	0	30	100	村庄
540228202209	秋堆村	89.189190	28.943240	0	30	100	村庄
540225201203	娃隆村	87.737600	29.272819	0	25	70	村庄
540236202203	门曲村	84.632354	29.539358	0	14	64	乡镇
540224206214	初祖村	88.573600	28.915439	0	25	70	村庄
540221204212	夏嘎村	89.112570	29.387490	0	30	100	村庄
540221100204	恰娃村	89.101190	29.684980	0	25	70	乡镇
540227209204	结国布村	87.502605	30.201552	0	14	64	乡镇
540226214219	杰村	87.665110	29.674670	0	25	70	村庄
540223208201	帕措村	86.618490	28.691660	0	30	100	村庄
540202209207	柳吾村	89.555760	29.301621	0	25	70	村庄
540202205224	楚贵村	88.835710	29.355040	0	25	70	地产小区
540228208203	普久村	89.112720	28.626519	0	30	100	村庄
540225101201	拉孜村	87.694880	29.150830	0	30	100	村庄
540223101219	行日村	86.458510	28.550780	0	30	100	村庄
540202002005	波姆庆社区居民委员会	88.896500	29.249501	0	12	29	区县
540221210206	凯热村	89.458680	29.702100	0	30	100	村庄
540225206207	夏鲁村	87.817073	29.048514	0	16	100	地产小区
540222211208	帕贵村	89.577220	28.899750	0	25	55	村庄
540202204209	安布村	88.704000	29.071580	0	25	70	村庄
540222201208	普夏村	89.475658	29.153858	0	18	66	村庄
540202203221	夏鲁村	88.994450	29.123460	0	30	100	村庄
540225203212	燕卓村	87.984300	28.904179	0	25	70	乡镇
540229100209	卡若村	89.790740	29.106200	0	30	100	村庄
540221205213	夏如村	89.481150	29.406489	0	30	100	村庄
540237100203	扎定村	88.456450	28.242380	0	30	100	村庄
540236203202	贡热村	84.912850	29.584949	0	25	70	村庄
540228203208	金确村	89.142310	29.078520	0	30	100	村庄
540225200202	杂村	87.921990	29.329399	0	30	100	村庄
540232205203	布荣村	83.532310	29.836439	0	30	100	村庄
540221206203	白嘎村	89.312570	29.419160	0	30	100	村庄
540224204205	生玛村	88.585340	29.153640	0	30	100	村庄
540222200209	吐如雄村	89.618380	29.139711	0	25	55	村庄
540202205208	藏东村	88.835710	29.355040	0	25	70	地产小区
540225207206	张木加村	87.764410	28.900080	0	30	100	村庄
540237200201	铁布公村	88.232980	28.195100	0	30	100	村庄
540226100223	日吾村	87.377290	29.836979	0	30	100	村庄
540221201207	聂仓村	89.062430	29.616359	0	30	100	村庄
540224203201	玉萨村	87.984300	28.904179	0	25	55	乡镇
540223100218	朗嘎村	87.202300	28.700269	0	30	100	村庄
540202208206	普夏村	89.445160	29.317731	0	25	100	地产小区
540202208210	罗林村	89.445160	29.317731	0	25	70	地产小区
540232211201	查日村	84.129160	31.303709	0	25	70	乡镇
540224200207	曲瓦村	88.021700	28.899200	0	12	34	区县
540223101223	协嘎村	86.594430	28.544000	0	30	100	村庄
540221202201	冲堆村	89.080890	29.439251	0	30	100	村庄
540232201201	热珠村	84.460490	29.789580	0	30	100	村庄
540221212201	朗龙村	89.055140	29.875159	0	30	100	村庄
540237203207	色康村	88.564670	28.328850	0	30	100	村庄
540223207208	查嘎村	86.995510	28.567380	0	30	100	村庄
540225203204	乃琼村	88.123130	29.299151	0	30	100	村庄
540233202202	下康布村	88.907000	27.484900	0	12	34	区县
540236200204	日拉村	84.511456	29.149825	0	14	64	乡镇
540224207203	尼康村	88.200690	29.026830	0	30	100	村庄
540229204209	玉拉村	89.963440	29.167020	0	30	100	村庄
540221205205	差那村	89.485825	29.484989	0	16	65	乡镇
540221215205	加热村	89.237950	29.772509	0	30	100	村庄
540224100205	多夏村	88.093540	28.919829	0	30	100	村庄
540223101203	辖龙村	86.716820	28.523210	0	30	100	村庄
540235100205	塔杰林村	86.042650	28.315780	0	30	100	地产小区
540222211212	帕贵新村	89.584200	28.871360	0	30	100	地产小区
540225208203	森坚村	87.583540	29.105941	0	25	70	村庄
540228101201	玛义村	89.184800	29.208840	0	25	70	乡镇
540230205205	达凯村	89.851940	28.521360	0	25	70	乡镇
540226214203	给龙普村	87.665110	29.674670	0	25	55	村庄
540226100215	布玛村	87.161338	29.337133	0	14	64	乡镇
540226204203	纳德村	86.455850	30.075370	0	25	70	村庄
540223206205	宗措村	87.649430	28.581141	0	25	70	村庄
540231201202	拉隆村	87.981370	28.496590	0	25	70	村庄
540227210204	普村	87.534790	29.912980	0	30	100	村庄
540222212202	达热村	89.660500	28.912279	0	30	100	村庄
540234203204	拉比村	85.826590	29.124950	0	30	72	UNKNOWN
540202207203	培热村	89.300750	29.346519	0	25	55	乡镇
540227200204	聂孜村	87.615140	29.982589	0	30	100	村庄
540222202202	卡央村	89.574672	29.094667	0	18	66	村庄
540229205204	宗嘎曲奴村	89.751284	29.397316	0	16	47	村庄
540230202201	库青村	89.490960	28.618720	0	25	70	村庄
540226213207	柱村	87.740370	29.411100	0	30	100	村庄
540221204208	柳果村	89.209357	29.444238	0	16	65	村庄
540221214208	堪珠村	89.711060	29.716309	0	30	100	村庄
540223201201	陈塘村	86.288460	28.038280	0	30	100	村庄
540231206206	普圭村	87.745700	28.190240	0	25	70	村庄
540228201203	土故村	89.262300	29.105701	0	14	37	区县
540222215206	卡吾村	89.289311	28.908539	0	18	66	村庄
540202200207	洛曲村	88.912250	29.115091	0	30	100	村庄
540222205206	德吉村	89.451732	29.070152	0	18	66	村庄
540226210217	楚龙村	86.806410	29.177411	0	25	70	村庄
540224101208	加木村	88.363940	29.233020	0	30	100	村庄
540221209206	牛果村	89.643942	29.454105	0	16	65	村庄
540223202211	雪达村	87.356050	28.128890	0	30	100	村庄
540227100206	强布村	88.324640	29.493660	0	30	100	村庄
540222208208	最康村	89.878750	28.990710	0	30	100	村庄
540202203217	塔康村	88.935990	29.184290	0	25	55	地产小区
540224208206	查玛村	88.812650	28.811769	0	30	100	村庄
540221100208	孔阿村	89.067650	29.641490	0	30	100	村庄
540226213211	谢如村	87.583580	29.366541	0	30	100	村庄
540202200211	查玛村	88.875860	29.190689	0	25	70	乡镇
540223202207	扎西岗村	87.345300	28.131991	0	30	100	村庄
540226200201	其日村	86.938710	30.068380	0	30	100	村庄
540235203201	查松村	86.160300	28.748820	0	25	70	地产小区
540229206202	详巴村	89.707250	29.264791	0	18	66	乡镇
540226210201	查村	87.194500	29.114460	0	30	100	村庄
540202203201	斯玛村	88.935990	29.184290	0	25	70	地产小区
540227214206	冲当村	88.687220	29.694410	0	30	100	村庄
540228202205	桑巴村	89.154590	28.885370	0	30	100	村庄
540223205203	茶江村	87.509600	28.621460	0	30	100	村庄
540235204205	波木村	85.851860	28.832011	0	30	100	村庄
540223101215	东巴村	87.667430	29.091229	0	30	58	UNKNOWN
540230206203	都督村	89.968360	28.715080	0	30	100	村庄
540229201206	娘德村	90.196800	29.263950	0	30	100	村庄
540222201204	康比村	89.492920	29.148090	0	30	100	村庄
540202204205	德庆村	88.673480	29.029940	0	30	100	村庄
540227203202	仲村	88.900390	29.820801	0	25	70	村庄
540234200202	乃龙村	85.984100	29.161240	0	30	100	村庄
540222211204	亚吾村	89.577220	28.899750	0	25	70	村庄
540228205201	扎西普村	89.333080	29.085290	0	30	100	村庄
540227213202	坚白村	88.202680	29.431920	0	30	100	村庄
540231202204	拉强村	88.090737	28.344000	0	16	65	村庄
540226100203	通门村	87.336300	29.372111	0	30	100	村庄
540226214215	朗孜村	87.651350	29.764801	0	30	100	村庄
540202207215	汤麦村	89.314552	29.275808	0	16	65	乡镇
540202205228	帕热村	88.835710	29.355040	0	25	100	地产小区
540231204201	普村	88.155080	28.577429	0	30	100	村庄
540228203204	奴麻村	89.209200	29.042801	0	30	100	村庄
540222217201	比萨村	90.047110	28.821931	0	25	70	地产小区
540227205207	章巴村	88.020350	29.848130	0	30	100	村庄
540222207201	塔杰村	89.453427	28.980459	0	18	100	地产小区
540229207203	察米村	89.818370	29.264870	0	25	55	村庄
540224204209	乃村	88.454120	29.156459	0	30	100	村庄
540223203206	吉定村	87.500880	28.485020	0	30	100	村庄
540234101201	热玛村	85.226540	28.455880	0	30	100	村庄
540202201210	切白村	88.685690	29.128800	0	30	100	村庄
540232208201	娜久村	83.743945	30.819909	0	14	64	乡镇
540226212210	尼布村	87.566910	29.389300	0	30	100	村庄
540229100205	德吉林村	89.871650	29.191980	0	30	100	村庄
540223200216	乃仓村	87.024740	28.418559	0	25	70	地产小区
540226101202	仲多村	86.652960	29.485009	0	30	100	村庄
540230100204	克列村	89.662100	28.512379	0	30	100	村庄
540231203205	扎西孜村	88.176280	28.418061	0	30	100	村庄
540227212203	荣玛村	88.432922	29.363334	0	18	66	村庄
540222210205	嘎西村	89.534643	28.910636	0	18	66	村庄
540234201203	麦玛村	85.116680	29.102260	0	30	100	村庄
540202205204	达龙达村	88.934470	29.374369	0	30	100	村庄
540227202203	帮炯作果村	88.522900	29.754020	0	30	100	村庄
540222200205	楚龙村	89.618380	29.139711	0	25	70	村庄
540223100214	冲萨村	87.000410	28.695150	0	30	100	村庄
540230207202	昆章村	89.369670	28.559490	0	30	100	村庄
540229200207	茶村	90.079310	29.279080	0	25	70	村庄
540226206204	松多村	85.876010	30.032689	0	30	100	村庄
540223204202	热木青村	87.290880	28.601411	0	30	100	村庄
540222203203	达尔村	89.557370	29.021850	0	30	100	村庄
540202206202	普奴村	89.066009	29.300782	0	18	66	地产小区
540227201205	美热村	88.400220	29.647129	0	30	100	村庄
540222213203	卓普村	89.391560	28.892391	0	30	100	村庄
540228207206	普村	88.963820	28.935081	0	25	70	村庄
540223207204	扎果村	86.920850	28.586551	0	25	100	地产小区
540226205202	欧木村	86.274100	29.646570	0	30	100	村庄
540226101214	番巴村	86.960600	29.291359	0	30	100	村庄
540230204204	克村	89.184120	28.234860	0	30	100	村庄
540229203201	空江村	90.129530	29.128539	0	25	70	村庄
540234100001	宗嘎社区居民委员会	85.297160	28.852000	0	25	47	乡镇
540202205212	曲龙村	88.896500	29.249501	0	12	34	区县
540229200211	则拉村	90.079310	29.279080	0	25	70	村庄
540223100202	曲下村	87.123600	28.660700	0	30	100	村庄
540231100201	达那村	87.771220	28.363711	0	25	70	乡镇
540202202216	帕冲村	88.789250	29.328041	0	25	70	乡镇
540228203212	彭嘎村	89.160400	29.069100	0	30	100	村庄
540221208207	康吉村	89.666200	29.600380	0	30	100	村庄
540202201206	宗村	88.725930	29.143461	0	25	70	村庄
540227206201	尼列村	88.152830	29.717529	0	25	70	村庄
540222214207	曲参村	89.605500	28.911700	0	12	44	区县
540227216201	南木切村	88.269819	29.576739	0	16	65	乡镇
540225203208	宁日村	88.235080	29.260840	0	30	100	村庄
540228200202	巴扎村	89.145990	29.171940	0	25	100	地产小区
540221215209	拉龙村	89.240310	29.809719	0	30	100	村庄
540226202206	林久村	87.000810	30.237430	0	30	100	村庄
540221205209	曲龙村	89.099100	29.682200	0	12	34	区县
540235201206	排嘎村	86.438630	28.857700	0	30	100	村庄
540229204205	吴米村	89.946070	29.182390	0	25	70	村庄
540226212206	帕孜村	87.289260	29.389311	0	30	100	村庄
540202204210	芝萨村	88.704000	29.071580	0	25	55	村庄
540228101202	吉雄村	89.179430	29.191070	0	30	100	村庄
540222201211	亚杰村	89.475658	29.153858	0	18	66	村庄
540222211211	拉鲁村	89.577220	28.899750	0	25	70	村庄
540235100206	充堆村	85.979380	28.157190	0	25	70	乡镇
540222202201	增麻村	89.568670	29.134580	0	30	100	村庄
540228206204	楚松村	89.160040	28.789350	0	30	100	村庄
540231201201	吉堆村	87.981370	28.496590	0	25	70	村庄
540222212201	杂益村	89.645950	28.908160	0	30	100	村庄
540234203207	卡帮村	85.826590	29.124950	0	30	72	UNKNOWN
540223206206	雪龙村	87.638800	28.610251	0	30	100	村庄
540230205206	贡巴村	89.851940	28.521360	0	25	70	乡镇
540229202203	孔培村	90.252140	29.277419	0	25	70	村庄
540226100216	曲充村	87.183140	29.269180	0	25	70	乡镇
540202200204	岗西村	88.834760	29.173100	0	30	100	村庄
540222205205	仁钦岗村	89.451732	29.070152	0	18	66	村庄
540231206205	普如村	87.737860	28.245970	0	30	100	村庄
540227217203	夏麦村	88.563609	29.499333	0	16	65	乡镇
540222215205	楚米村	89.289311	28.908539	0	18	66	村庄
540226203204	居仓村	87.236000	29.294800	0	10	33	区县
540223201202	达仓村	86.424870	28.142030	0	30	100	村庄
540229205207	宗嘎曲夏村	89.751284	29.397316	0	16	47	村庄
540230202202	白加村	89.490960	28.618720	0	25	70	村庄
540226213204	克吾村	87.651050	29.539221	0	25	70	村庄
540235200204	欧热村	86.115360	28.399390	0	25	70	地产小区
540202203214	联阿村	88.935990	29.184290	0	25	70	地产小区
540231101203	雪雄玛村	87.379350	27.902219	0	30	100	村庄
540228202210	巴金村	89.155780	28.822130	0	30	100	村庄
540227100205	库热孜村	88.278890	29.440869	0	30	100	村庄
540223202212	恰普村	87.342320	28.106300	0	25	70	村庄
540221209205	奴玛村	89.643942	29.454105	0	16	65	村庄
540226210214	措布龙村	86.742550	29.161591	0	30	100	村庄
540231102205	日屋村	87.765800	28.364101	0	12	44	区县
540234100203	贡村	85.297160	28.852000	0	25	70	乡镇
540202200212	聂康村	88.875860	29.190689	0	25	70	乡镇
540226213212	粗村	87.645510	29.567351	0	30	100	村庄
540232209203	扎江村	84.362570	30.795750	0	25	70	村庄
540224208205	拉顿村	88.875250	28.792420	0	30	100	村庄
540222216203	扎西林村	89.685050	28.856181	0	30	100	村庄
540227214205	布如村	88.609360	29.620210	0	30	100	村庄
540231205203	羌姆村	88.010910	28.211011	0	25	70	村庄
540228202206	比尼村	89.171480	28.929869	0	30	100	村庄
540222206203	德林村	89.395900	29.055240	0	30	100	村庄
540202203202	占堆村	88.935990	29.184290	0	25	70	地产小区
540227204205	卡嘎村	88.599000	30.068021	0	30	100	村庄
540235203202	孔措村	86.160300	28.748820	0	25	70	地产小区
540229206201	苦龙普村	89.682090	29.307381	0	30	100	村庄
540226210202	日果村	86.806410	29.177411	0	25	70	村庄
540230201204	达修村	89.641030	28.695800	0	25	70	地产小区
540223202204	优洛村	87.329220	28.079110	0	30	100	村庄
540226200202	查庆村	86.967720	30.030080	0	25	70	村庄
540234200201	差那村	85.887360	29.178770	0	25	70	村庄
540222211207	扎雄村	89.612570	28.881510	0	30	100	村庄
540228205202	亚龙村	89.351750	29.085139	0	30	100	村庄
540225206208	格白村	87.817073	29.048514	0	16	65	地产小区
540227213201	通门村	88.203010	29.414850	0	30	100	村庄
540222201207	麻恰村	89.475658	29.153858	0	18	49	村庄
540228101214	帕嘎村	89.128240	29.197700	0	30	100	村庄
540202204206	杂龙村	88.704000	29.071580	0	25	70	村庄
540227203201	则许村	88.928990	29.890719	0	30	100	村庄
540235204206	云多村	85.919010	28.811800	0	30	100	村庄
540223101216	参木达村	86.502310	28.595790	0	30	100	村庄
540229201205	钦布村	90.133065	29.229780	0	18	66	村庄
540221210209	尼堆村	89.384130	29.756531	0	30	100	村庄
540202209208	珠西村	89.555760	29.301621	0	25	70	村庄
540226214216	切普村	87.711270	29.645090	0	30	100	村庄
540226201203	松多村	87.034220	30.711091	0	14	64	乡镇
540223203205	美朵村	87.488660	28.487230	0	30	100	村庄
540230200205	楚嘎村	89.642070	28.780188	0	16	100	地产小区
540226211203	帕瓦村	85.942480	29.523040	0	30	100	村庄
540202202203	木村	88.789250	29.328041	0	25	70	乡镇
540227205204	郎阿村	88.018122	29.824022	0	14	64	乡镇
540222207202	玉堆村	89.453427	28.980459	0	18	100	地产小区
540231204202	白玛村	88.140800	28.546820	0	30	100	村庄
540227215204	让炯村	88.584810	29.360639	0	30	100	村庄
540228203207	如康村	89.189350	29.073540	0	30	100	村庄
540222217202	曲堆村	90.047110	28.821931	0	25	70	地产小区
540229100206	塔杰村	89.897960	29.137209	0	30	100	村庄
540223200215	娘玛村	87.187050	28.415170	0	30	100	村庄
540226212213	培村	87.465190	29.374011	0	25	70	村庄
540232208202	萨如村	83.743945	30.819909	0	14	46	乡镇
540234101202	扎村	85.330900	28.392719	0	25	70	乡镇
540202201213	帕伦村	88.813770	29.179190	0	30	100	村庄
540230100207	朗达村	89.674030	28.578010	0	30	100	村庄
540226101201	达仓村	86.660450	29.415170	0	30	100	村庄
540202208209	德吉村	89.445160	29.317731	0	25	70	地产小区
540223204201	左措村	87.354620	28.580440	0	30	100	村庄
540223100217	加布村	87.083680	28.799270	0	30	100	村庄
540230207201	青卓村	89.364590	28.614050	0	25	70	村庄
540229200204	康雄村	90.079310	29.279080	0	25	70	村庄
540221201208	古确普村	89.134244	29.539195	0	16	65	乡镇
540202205207	加吾村	88.835710	29.355040	0	25	70	地产小区
540222200206	仲措村	89.618380	29.139711	0	25	70	村庄
540228100215	彭国村	89.250660	29.124460	0	25	70	乡镇
540228204203	来强村	89.265690	29.033671	0	30	100	村庄
540231203206	那仁村	88.256090	28.365720	0	30	100	村庄
540222210206	努堆村	89.534643	28.910636	0	18	49	村庄
540229203202	然巴村	90.129510	29.128599	0	30	100	村庄
540223207207	春木色村	87.005310	28.599730	0	30	100	村庄
540237203208	当嗄村	88.589620	28.334820	0	25	70	村庄
540226205201	甭那村	86.264420	29.702891	0	30	100	村庄
540228207205	热玛村	88.963820	28.935081	0	25	70	村庄
540202206201	普夏村	89.066009	29.300782	0	18	66	地产小区
540229200212	帕夏村	90.087250	29.317150	0	30	100	村庄
540223100201	林嘎萨巴村	87.124060	28.651670	0	30	100	村庄
540228100203	恰嘎村	89.259270	29.075230	0	30	100	村庄
540222200210	吐如岗村	89.609250	29.146100	0	30	100	村庄
540202205211	加木切村	88.835710	29.355040	0	25	70	地产小区
540221208204	达孜村	89.621470	29.598111	0	30	100	村庄
540228203211	甲村	89.201030	29.086921	0	30	100	村庄
540231100202	荣贡村	87.758670	28.419410	0	30	100	村庄
540202202215	国央村	88.669709	29.273219	0	16	65	乡镇
540235201205	卡久村	86.428110	28.967690	0	30	100	村庄
540223210203	比布村	87.253090	28.777829	0	25	100	地产小区
540229204206	岗堆村	89.904800	29.195360	0	30	100	村庄
540226212205	上白玛村	87.605280	29.419730	0	30	100	村庄
540230203203	萨玛达村	89.603126	28.332194	0	16	47	乡镇
540223200203	加村	87.163920	28.456141	0	30	100	村庄
540226202205	亚朗村	86.964880	30.414320	0	30	100	村庄
540222214204	角白村	89.326380	28.796901	0	30	100	村庄
540227216202	车多村	88.269819	29.576739	0	16	65	乡镇
540231207204	白堆村	87.663110	28.390980	0	30	100	村庄
540228200201	查吾冲村	89.145990	29.171940	0	25	55	地产小区
540222204204	纳如村	89.806349	28.957105	0	16	65	村庄
540202201205	那塘村	88.725930	29.143461	0	25	70	村庄
540227206202	康巴洛村	88.193460	29.607900	0	30	100	村庄
540225205202	萨麦村	88.051390	29.097390	0	25	70	村庄
540202209212	达其村	89.555760	29.301621	0	25	70	村庄
540236206202	岗拉村	86.164110	29.163720	0	25	70	村庄
540221203203	敏国多村	89.016480	29.627821	0	25	70	村庄
540223208214	康萨村	86.686910	28.733391	0	30	100	村庄
540224201205	秋雪村	87.878480	28.765410	0	30	100	村庄
540232210203	康玛村	83.654130	31.546389	0	30	100	村庄
540223100221	除西村	87.215330	28.593960	0	30	100	村庄
540221213203	洛扎村	89.222920	30.137210	0	30	100	村庄
540232200203	珠珠村	84.031970	29.765270	0	25	70	乡镇
540226209202	央确村	86.702920	29.207330	0	30	100	村庄
540222208207	西堆村	89.941530	28.855490	0	30	100	村庄
540233101004	四社区居民委员会	89.154950	27.718210	0	25	70	地产小区
540202203218	卡堆村	89.048930	29.177470	0	30	100	村庄
540232100201	聂康村	83.467050	30.034940	0	25	100	地产小区
540226210218	赤嘎村	86.806410	29.177411	0	25	70	村庄
540223200223	拉龙村	86.963960	28.291160	0	30	100	村庄
540224101207	德丹村	88.359980	29.209501	0	25	70	乡镇
540231206209	合隆村	87.745700	28.190240	0	25	70	村庄
540225202206	萨卓村	88.006470	29.375610	0	25	70	乡镇
540236201206	卓巴布村	84.963060	29.344850	0	30	100	村庄
540222205209	恰久村	89.414870	29.072400	0	30	100	村庄
540202200208	查奴村	88.875860	29.190689	0	25	70	乡镇
540221204207	吉雄村	89.158210	29.410940	0	30	100	村庄
540224206201	塔村	88.520050	28.796440	0	30	100	村庄
540226213208	珠吾村	87.651050	29.539221	0	25	55	村庄
540221214207	石木村	89.682780	29.689391	0	30	100	村庄
540221100211	吉龙村	89.154960	29.736580	0	30	100	村庄
540232204201	多平村	83.627360	29.722861	0	30	100	村庄
540224101211	桑珠岗村	88.405860	29.292620	0	30	100	村庄
540223202208	琼达村	87.336870	28.138450	0	30	100	村庄
540224205207	西贡村	88.786030	28.852941	0	30	100	村庄
540221207201	德确村	89.563560	29.632861	0	25	70	村庄
540221100207	嘎布村	89.075950	29.693170	0	30	100	村庄
540221204211	德庆村	89.122760	29.356640	0	30	100	村庄
540202205227	唐白村	88.835710	29.355040	0	25	70	地产小区
540225101202	永泽村	87.665790	29.177460	0	30	100	村庄
540202209204	恰果村	89.639850	29.324350	0	30	100	村庄
540223208202	林下村	86.663460	28.677320	0	30	100	村庄
540225206204	扎宗村	87.817073	29.048514	0	16	100	地产小区
540202002006	幸福社区居民委员会	88.896500	29.249501	0	12	29	区县
540221210205	吉吾村	89.401330	29.702060	0	30	100	村庄
540237201203	杰龙村	88.473550	28.400540	0	30	100	村庄
540224202203	加木堆村	88.427270	29.056560	0	25	70	村庄
540226209214	西嘎村	86.619390	29.188000	0	25	70	乡镇
540221205210	连竹村	89.485825	29.484989	0	16	65	乡镇
540223200219	冲嘎村	86.950740	28.468669	0	30	100	村庄
540221215210	藏叶村	89.166720	29.861719	0	30	100	村庄
540225203211	响卓村	88.107240	29.285550	0	30	100	村庄
540202203222	普奴村	88.978800	29.086920	0	30	100	村庄
540224204206	朗巴吉村	88.498520	29.161100	0	30	100	村庄
540225200201	扎西林村	87.937440	29.334230	0	30	100	村庄
540236203201	嘎琼村	84.849888	29.771652	0	14	64	乡镇
540226100220	热隆村	87.183140	29.269180	0	25	70	乡镇
540221201204	墨星村	89.121750	29.581190	0	30	100	村庄
540229200208	司村	90.079310	29.279080	0	25	70	村庄
540224203202	查麻村	87.984300	28.904179	0	25	55	乡镇
540237200202	普村	88.318180	28.197660	0	25	70	村庄
540221211204	列那村	89.321350	29.843080	0	30	100	村庄
540225207205	那拉赤村	87.721860	28.900360	0	30	100	村庄
540236204205	热嘎村	85.116070	29.490880	0	25	70	乡镇
540223209203	龙嘎村	86.787890	29.093620	0	30	100	村庄
540202208205	曲嘎村	88.896500	29.249501	0	12	34	区县
540225100203	土林村	87.667680	29.106850	0	30	100	地产小区
540226214220	亚木村	87.665090	29.762150	0	30	100	村庄
540226208203	夏卡村	86.341100	30.556900	0	30	100	村庄
540236100205	达桑村	85.827300	29.415390	0	30	100	地产小区
540232201202	聂罗村	84.020928	29.948211	0	14	64	乡镇
540221212202	米龙村	89.009860	29.965960	0	30	100	村庄
540237203204	塔杰村	88.498250	28.324510	0	30	100	村庄
540232211202	顿来村	83.932676	31.440356	0	12	63	乡镇
540224200204	雄麦村	87.957033	28.608873	0	16	65	乡镇
540223101220	朗果村	86.486720	28.513850	0	30	100	村庄
540221202202	洞祖村	89.083450	29.456011	0	30	100	村庄
540225204203	春门村	87.637100	29.081601	0	12	44	区县
540226202209	欧荣村	86.849551	30.321840	0	14	64	乡镇
540221215206	白甲村	89.198007	29.844599	0	16	65	乡镇
540226212209	拉萨布村	87.465190	29.374011	0	25	55	村庄
540221205206	顶普村	89.470340	29.391820	0	25	55	乡镇
540233202201	上康布村	88.990350	27.775119	0	30	100	村庄
540202201209	达措村	88.748070	29.113290	0	30	100	村庄
540225203207	朵门村	88.211710	29.324400	0	30	100	村庄
540222214208	拉瓦村	89.326140	28.811911	0	30	100	村庄
540224100206	咔吾村	88.021980	28.903060	0	25	70	乡镇
540224204210	陈村	88.557910	29.214520	0	30	100	村庄
540224204211	吉雄村	88.481870	29.180411	0	30	100	村庄
540226202208	丁仁村	86.757000	30.211310	0	30	100	村庄
540221215207	拉亚村	89.236110	29.798089	0	30	100	村庄
540226212208	下白玛村	87.605280	29.419730	0	30	100	村庄
540224207201	拉雄村	88.239480	28.934101	0	30	100	村庄
540235201208	查益村	86.425880	28.830690	0	30	100	村庄
540221205207	夏雪村	89.470340	29.391820	0	25	70	乡镇
540202201208	曲美村	88.728220	29.143671	0	30	100	村庄
540225203206	吉荣村	88.153860	29.307779	0	30	100	村庄
540232201203	曲夏村	84.270890	29.866170	0	30	100	村庄
540221212203	西嘎村	89.078270	29.886621	0	30	100	村庄
540237203205	欧孜村	88.474750	28.324660	0	30	100	村庄
540223101221	古热村	86.496980	28.479140	0	30	100	村庄
540232211203	如嘎村	84.129160	31.303709	0	25	55	乡镇
540224200205	玉琼村	87.924400	28.610200	0	30	100	村庄
540221202203	多角村	89.062660	29.531360	0	25	70	村庄
540225204202	西嘎村	88.230740	29.163746	0	16	65	村庄
540226208202	萨纳村	86.153810	30.753750	0	25	70	村庄
540236100204	提吾卓那村	85.006850	29.339551	0	30	100	村庄
540223209202	盆吉村	86.975330	29.088250	0	30	100	村庄
540202208204	吉木雄村	89.445160	29.317731	0	25	100	地产小区
540225100202	吉如村	87.646410	29.084861	0	30	100	地产小区
540221201205	卡孜村	89.076530	29.569731	0	25	70	村庄
540226100221	唐嘎村	87.183140	29.269180	0	25	70	乡镇
540229200209	阿村	90.162740	29.267151	0	30	100	村庄
540224203203	扎西岗村	87.984020	28.904329	0	30	100	村庄
540237200203	乃村	88.318180	28.197660	0	25	70	村庄
540221211205	采琼村	89.482860	29.923609	0	30	100	村庄
540225207204	公琼村	87.763160	28.954921	0	30	100	村庄
540236204204	萨嘎村	85.115890	29.490840	0	30	100	地产小区
540221206201	森丁村	89.400880	29.456780	0	30	100	村庄
540224204207	赛贵村	88.566490	29.153370	0	30	100	村庄
540232205201	热苏村	83.475810	29.852550	0	30	100	村庄
540221205211	岗嘎村	89.501390	29.430750	0	30	100	村庄
540237100201	门德村	88.411540	28.256210	0	30	100	村庄
540223200218	拉木堆村	87.024740	28.418559	0	25	100	地产小区
540225203210	若措村	87.984300	28.904179	0	25	70	乡镇
540202203223	普夏村	88.935990	29.184290	0	25	100	地产小区
540225206205	朵玛村	87.817073	29.048514	0	16	65	地产小区
540221210204	珠布加村	89.385943	29.739360	0	16	65	村庄
540237201202	乃村	88.410290	28.476850	0	30	100	村庄
540202002007	丹真桑曲社区居民委员会	88.896500	29.249501	0	12	29	区县
540224202202	旺堆村	88.423230	29.090691	0	30	100	村庄
540221200204	唐果村	89.237580	29.703059	0	25	70	村庄
540202205226	巴油村	88.835710	29.355040	0	25	70	地产小区
540228208201	强日村	89.121110	28.647390	0	25	70	村庄
540225101203	孜果村	87.902450	29.188250	0	30	100	村庄
540202209205	觉仲村	89.620380	29.333231	0	30	100	村庄
540223208203	克玛村	86.673960	28.684550	0	30	100	村庄
540221100206	雪麦村	89.101190	29.684980	0	25	70	乡镇
540221204210	拉布村	89.145360	29.364171	0	30	100	村庄
540236202201	久嘎村	84.471830	29.544580	0	30	100	村庄
540225201201	曲玛村	87.637100	29.081601	0	12	44	区县
540222208210	龙马村	89.957970	28.853399	0	30	100	村庄
540223202209	帕仁村	87.314250	28.152429	0	30	100	村庄
540224101210	米村	88.354300	29.311641	0	30	100	村庄
540224205206	夏吾村	88.693500	28.961980	0	30	100	村庄
540222215208	央嘎村	89.289311	28.908539	0	18	66	村庄
540231206208	夺姆村	87.745700	28.190240	0	25	70	村庄
540225202207	那嘎村	87.892200	29.458120	0	30	100	村庄
540222205208	达孜堆村	89.438590	29.065651	0	30	100	村庄
540202200209	加堆村	88.916240	29.090020	0	30	100	村庄
540233203201	堆纳村	89.234070	27.975559	0	30	100	村庄
540221204206	恰热村	89.209357	29.444238	0	16	65	村庄
540226213209	帮玉村	87.651050	29.539221	0	25	70	村庄
540221214206	杂热村	89.690700	29.643431	0	30	100	村庄
540221100210	白玛当村	89.136860	29.688530	0	30	100	村庄
540227100208	夏角村	88.293200	29.456590	0	30	100	村庄
540222208206	萨拉村	89.940910	28.855180	0	25	70	村庄
540202203219	塔巴村	89.085670	29.088991	0	30	100	村庄
540224101206	卡桑村	88.359980	29.209501	0	25	70	乡镇
540221209208	塔冲村	89.643942	29.454105	0	16	65	村庄
540223200222	普坚村	87.024740	28.418559	0	25	100	地产小区
540226209203	措嘎村	86.469074	29.186219	0	16	65	乡镇
540221210212	白多村	89.385943	29.739360	0	16	65	村庄
540202209213	帕索村	89.561760	29.278691	0	30	100	村庄
540225205203	杰村	88.050660	29.172560	0	30	100	村庄
540236206203	达孜村	86.242700	29.203819	0	30	100	村庄
540221203202	别晋村	89.016480	29.627821	0	25	55	村庄
540223208215	帮布村	86.825190	28.776550	0	30	100	村庄
540223100220	其尺村	87.117120	28.675090	0	30	100	村庄
540224201204	拉东村	87.857360	28.667569	0	25	100	地产小区
540232210202	兴沙村	83.186560	31.271820	0	30	100	村庄
540221213202	普拉村	89.101430	30.172890	0	30	100	村庄
540202001001	曲夏社区居民委员会	88.924330	29.387190	0	30	58	UNKNOWN
540232200202	康西村	84.031970	29.765270	0	25	70	乡镇
540235201204	阿桑村	86.392170	29.020011	0	30	100	村庄
540223210202	皮久村	87.178640	28.815640	0	30	100	村庄
540229204207	贡热村	89.946070	29.182390	0	25	70	村庄
540226212204	当通村	87.465190	29.374011	0	25	70	村庄
540230203202	萨鲁村	89.601330	28.446699	0	30	100	村庄
540223200202	扎西宗村	87.024740	28.418559	0	25	100	地产小区
540226202204	甭那村	86.921110	30.298581	0	30	100	村庄
540222214205	拉康村	89.341110	28.784870	0	30	100	村庄
540231207205	切村	87.594270	28.365360	0	25	70	村庄
540227206203	荣村	88.114200	29.657267	0	16	65	乡镇
540202201204	夏瑞村	88.725930	29.143461	0	25	70	村庄
540221208205	康玛村	89.647690	29.611099	0	30	100	村庄
540228203210	萨嘎村	89.198430	29.060081	0	25	70	村庄
540231100203	曲米村	87.771220	28.363711	0	25	70	乡镇
540202202214	强林村	88.531210	29.331200	0	30	100	村庄
540228100202	洛江村	89.250660	29.124460	0	25	70	乡镇
540202205210	喀达村	88.835710	29.355040	0	25	70	地产小区
540229203203	卓达村	90.174440	29.128630	0	30	100	村庄
540223207206	梅木村	86.839920	28.587399	0	30	100	村庄
540222213201	查龙村	89.498610	28.882811	0	30	100	村庄
540228207204	聂仓村	89.018410	28.886141	0	30	100	村庄
540222203201	亚益村	89.501500	29.008091	0	30	100	村庄
540223100216	卡娃辖村	87.188270	28.668010	0	30	100	村庄
540229200205	帕加村	90.079310	29.279080	0	25	70	村庄
540221201209	夏角村	89.127720	29.579810	0	30	100	村庄
540227202201	春哲村	88.569910	29.831709	0	30	100	村庄
540202205206	达龙帕村	88.835710	29.355040	0	25	55	地产小区
540222200207	恰巴村	89.701380	29.083900	0	30	100	村庄
540228100214	扎林村	89.347450	29.066430	0	30	100	村庄
540228204202	帕措村	89.266200	29.036651	0	30	100	村庄
540227212201	龙夏村	88.492170	29.371130	0	30	100	村庄
540222210207	帮玉村	89.543980	28.907509	0	30	100	村庄
540234201201	达木村	85.393100	29.221869	0	30	100	村庄
540230100206	格龙村	89.661890	28.482870	0	30	100	村庄
540202208208	当古村	89.445160	29.317731	0	25	100	地产小区
540229100207	那休村	89.871690	29.191910	0	25	70	乡镇
540223200214	班定村	87.024740	28.418559	0	25	100	地产小区
540226212212	拉日孜村	87.498860	29.377999	0	30	100	村庄
540232208203	吉贡村	83.743945	30.819909	0	14	64	乡镇
540202201212	热旦林村	88.725930	29.143461	0	25	55	村庄
540234101203	吉甫村	85.334900	28.370920	0	30	100	村庄
540226201202	孜果村	87.031630	30.696160	0	30	100	村庄
540223203204	吉翁村	87.500170	28.483020	0	30	100	村庄
540229207201	日龙布村	89.818370	29.264870	0	25	55	村庄
540230200204	藏扎村	89.651670	28.748349	0	30	100	地产小区
540226211202	曲尔木村	87.795310	29.186959	0	30	58	UNKNOWN
540235202202	达曲村	86.436400	28.650150	0	30	100	村庄
540227205205	布堆村	88.075890	29.894270	0	30	100	村庄
540202202202	格地村	88.789250	29.328041	0	25	70	乡镇
540222207203	吉仲堆村	89.453427	28.980459	0	18	66	地产小区
540231204203	古热村	88.120840	28.523390	0	30	100	村庄
540227215205	许贵村	88.549220	29.437590	0	30	100	村庄
540228203206	达玉村	89.167810	29.085730	0	30	100	村庄
540222217203	果琼村	90.047110	28.821931	0	25	100	地产小区
540202209209	拉孜贡村	89.555760	29.301621	0	25	55	村庄
540226100201	布热村	87.183140	29.269180	0	25	70	乡镇
540226214217	哲宗村	87.665110	29.674670	0	25	55	村庄
540222211206	让康村	89.577220	28.899750	0	25	55	村庄
540228205203	夏吉村	89.363310	29.087879	0	30	100	村庄
540225206209	夏拉苏村	87.817073	29.048514	0	16	65	地产小区
540231202206	姆隆村	88.090737	28.344000	0	16	65	村庄
540222201206	朗嘎村	89.475658	29.153858	0	18	66	村庄
540202204207	玉扎村	88.704000	29.071580	0	25	70	村庄
540235204207	罗布村	85.656230	28.894861	0	30	100	村庄
540230206201	达巴村	89.942360	28.711890	0	25	70	乡镇
540223101217	地东村	86.547610	28.599830	0	30	100	村庄
540229201204	咸阿村	90.162740	29.267151	0	30	100	村庄
540221210208	乃果村	89.385943	29.739360	0	16	65	村庄
540223205201	森嘎村	87.517620	28.627640	0	25	70	村庄
540222216202	吉瓦村	89.671920	28.872960	0	30	100	村庄
540227214204	拉嘎村	88.628230	29.666249	0	30	100	村庄
540231205202	楚纳村	88.010910	28.211011	0	25	70	村庄
540228202207	雪麦村	89.176410	28.945860	0	30	100	村庄
540222206202	乃萨村	89.386830	29.056090	0	30	100	村庄
540227204204	果祥村	88.868650	30.050810	0	30	100	村庄
540202203203	加木堆村	89.023586	29.140906	0	16	65	乡镇
540235203203	年多村	86.174940	28.719244	0	14	64	乡镇
540226210203	玛措村	87.138770	29.110889	0	30	100	村庄
540223202205	曲当村	87.123200	28.657700	0	12	34	区县
540226200203	夏拉村	86.748500	29.842831	0	30	100	村庄
540231102204	德吉村	87.684120	28.008259	0	25	70	乡镇
540202200213	普夏村	88.912880	29.128291	0	30	100	村庄
540234100202	加木村	85.319750	28.834320	0	30	100	村庄
540226213213	其索村	87.705480	29.449181	0	30	100	村庄
540232209202	久贡村	84.496290	30.855859	0	30	100	村庄
540224208204	培玛村	88.844160	28.816471	0	30	100	村庄
540202203215	下强久村	88.896500	29.249501	0	12	34	区县
540231101202	沃雪村	87.417670	27.864140	0	25	70	乡镇
540227100204	陈木则村	88.288574	29.464919	0	16	65	乡镇
540223202213	差村	87.330390	28.324490	0	30	100	村庄
540221209204	普阿村	89.620840	29.524280	0	30	100	村庄
540226210215	仁青林村	87.236000	29.294800	0	10	33	区县
540227207202	凯仁村	88.349560	29.974840	0	30	100	村庄
540202200205	康萨村	88.875860	29.190689	0	25	70	乡镇
540222205204	达孜麦村	89.441040	29.069351	0	30	100	村庄
540231206204	拉康村	87.743630	28.188809	0	30	100	村庄
540227217202	仁钦则村	88.510940	29.480630	0	30	100	村庄
540228201201	门康村	89.109280	28.979229	0	25	70	村庄
540222215204	白林村	89.284030	28.907710	0	30	100	村庄
540223201203	仓木坚村	86.344510	28.053060	0	30	100	村庄
540229205206	切娃村	89.751284	29.397316	0	16	65	村庄
540230202203	库曲村	89.490960	28.618720	0	25	70	村庄
540226213205	赤纳村	87.651050	29.539221	0	25	70	村庄
540235200205	柯亚村	85.959240	28.438751	0	30	100	村庄
540227200206	嘎堆村	87.707130	29.942721	0	25	70	乡镇
540202207201	江当村	89.327510	29.296621	0	30	100	村庄
540228206205	玛岗村	89.165956	28.725430	0	18	66	村庄
540234203206	占岗村	85.826590	29.124950	0	30	72	UNKNOWN
540226204201	查孜村	86.457320	30.076540	0	30	100	村庄
540223206207	孔美村	87.646830	28.595191	0	30	100	村庄
540230205207	直村	89.681700	28.555601	0	12	44	区县
540226214201	曲康普村	87.236000	29.294800	0	10	33	区县
540224201208	普村	87.818790	28.784361	0	30	100	村庄
540229202202	康阿村	90.252140	29.277419	0	25	70	村庄
540226100217	雪村	87.183140	29.269180	0	25	70	乡镇
540234101002	帮兴社区居民委员会	85.366283	28.443411	0	14	37	乡镇
540225208201	查务村	87.586950	29.106031	0	30	100	村庄
540228101203	拉玉村	89.217490	29.167820	0	30	100	村庄
540222201210	那吾村	89.499920	29.181200	0	30	100	村庄
540222211210	仁庆林村	89.541580	28.827240	0	30	100	村庄
540235100207	扎西岗村	86.026000	28.248121	0	30	100	村庄
540223101201	岗嘎村	87.667430	29.091229	0	30	58	UNKNOWN
540236206204	拉亚村	86.076590	29.176401	0	30	100	村庄
540233204202	增古村	89.051940	28.175189	0	25	70	村庄
540225205204	久瓦村	88.051390	29.097390	0	25	55	村庄
540202209214	布热村	89.560280	29.255570	0	30	100	村庄
540202001006	吉培社区居民委员会	88.896500	29.249501	0	12	29	区县
540237202203	乃庆村	88.633120	28.471259	0	25	70	村庄
540221203205	藏东村	89.016480	29.627821	0	25	70	村庄
540223208212	西普村	86.880490	28.768510	0	30	100	村庄
540232210205	布松村	83.552150	31.299490	0	25	70	村庄
540224201203	麻布加村	87.857360	28.667569	0	25	100	地产小区
540223100227	恰来村	87.194210	28.598329	0	30	100	村庄
540228101208	吉久村	89.184800	29.208840	0	25	70	乡镇
540226209204	日苏村	86.609870	29.148700	0	30	100	村庄
540233101002	二社区居民委员会	89.154950	27.718210	0	25	47	地产小区
540222208201	强旺村	89.940910	28.855180	0	25	55	村庄
540225201210	达布村	87.753180	29.298530	0	30	100	村庄
540223200225	加盆村	86.939810	28.322760	0	30	100	村庄
540223202218	参木达村	87.376500	28.253670	0	30	100	村庄
540224101201	帕定村	88.389170	29.128480	0	30	100	村庄
540226212223	秋窝村	87.465190	29.374011	0	25	70	村庄
540233203206	莱贵村	89.234550	27.975669	0	25	55	村庄
540227217209	南木加岗村	88.586430	29.561670	0	30	100	村庄
540221214201	江欧村	89.870530	29.744041	0	30	100	村庄
540232207201	玉列村	83.228520	30.159910	0	30	100	村庄
540221204201	达夏村	89.247590	29.408370	0	30	100	村庄
540224206207	加布村	88.408740	28.854430	0	30	100	村庄
540231205209	德卡村	88.010910	28.211011	0	25	70	村庄
540225201206	昌庆村	87.737600	29.272819	0	25	70	村庄
540202203208	聪堆村	88.935990	29.184290	0	25	55	地产小区
540224205201	嘎果村	88.804510	28.843350	0	30	100	村庄
540226210208	宁嘎村	87.236000	29.294800	0	10	33	区县
540221207207	查嘎村	89.563560	29.632861	0	25	70	村庄
540235203208	门卡麦村	86.305210	28.810480	0	30	100	村庄
540227209201	查若村	87.326710	30.249750	0	30	100	村庄
540224206211	德庆村	88.573600	28.915439	0	25	70	村庄
540221100201	仁欧村	89.096730	29.681850	0	30	100	村庄
540202209202	达竹村	89.578533	29.270196	0	16	65	乡镇
540233100202	珠居村	88.907000	27.484900	0	12	34	区县
540228208206	比木村	89.126690	28.505800	0	30	100	村庄
540202205221	普夏村	88.744040	29.370350	0	30	100	村庄
540225101204	下杂村	87.820086	29.171800	0	16	47	乡镇
540223208204	曲珠村	87.123200	28.657700	0	12	34	区县
540225206202	岗西村	87.817073	29.048514	0	16	100	地产小区
540236205202	萨当村	85.851130	29.235240	0	25	70	村庄
540224202205	德庆孜村	88.453320	29.052209	0	30	100	村庄
540226209212	果纳村	86.505820	29.211221	0	30	100	村庄
540221200203	达那村	89.238680	29.706679	0	30	100	村庄
540232203203	扎西古坚村	84.530270	30.170401	0	25	55	村庄
540221210203	达吉村	89.385943	29.739360	0	16	65	村庄
540237100206	吉汝村	88.581950	28.193099	0	30	100	村庄
540224207210	夏嘎村	88.394730	28.988659	0	25	70	乡镇
540226212219	南木加村	87.474420	29.367750	0	30	100	村庄
540232208208	角村	83.817530	31.184700	0	30	100	村庄
540234101208	乃村	85.330900	28.392719	0	25	70	乡镇
540221206206	拉龙村	89.313730	29.428221	0	30	100	村庄
540222207208	恰古村	89.453427	28.980459	0	18	100	地产小区
540233201201	如丙岗村	89.026446	27.581050	0	16	47	乡镇
540202202209	楚松村	88.669709	29.273219	0	16	65	乡镇
540221211202	白村	89.538580	30.124300	0	30	100	村庄
540237200204	纳加村	88.318180	28.197660	0	25	70	村庄
540232202202	格玛村	84.031600	29.770000	0	10	43	区县
540221201202	孜拉村	89.118080	29.513320	0	30	100	村庄
540224203204	江堆村	87.918790	28.987140	0	30	100	村庄
540236204203	巴顿村	85.116070	29.490880	0	25	70	乡镇
540228204209	久布村	89.264850	29.044571	0	30	100	村庄
540225207203	达龙村	87.643390	28.994750	0	30	100	村庄
540223209205	德久村	86.723240	29.073739	0	30	100	村庄
540225100205	桑珠村	87.655990	29.021860	0	30	100	村庄
540202208203	普嘎村	89.445160	29.317731	0	25	70	地产小区
540226208205	门庆村	86.153810	30.753750	0	25	55	村庄
540236100203	达琼村	85.499980	29.383380	0	30	100	村庄
540228100209	则嘎村	89.250660	29.124460	0	25	70	乡镇
540224200202	嘎布且村	87.957033	28.608873	0	16	47	乡镇
540232211204	夏若村	84.524140	31.097001	0	30	100	村庄
540223101226	目琼村	86.619750	28.576260	0	25	70	乡镇
540229203208	嘎珠村	90.129530	29.128539	0	25	70	村庄
540221202204	央村	89.079470	29.489300	0	30	100	村庄
540232201204	东玛村	84.020928	29.948211	0	14	64	乡镇
540237203202	龙中村	88.589620	28.334820	0	25	70	村庄
540221212204	普当村	89.104980	29.894940	0	30	100	村庄
540225204205	柳村	88.202160	29.146800	0	30	100	村庄
540224207206	曲多村	88.021700	28.899200	0	12	44	区县
540223200209	娘木达村	87.024740	28.418559	0	25	100	地产小区
540225203201	扎西岗村	87.984020	28.904329	0	30	100	村庄
540236200201	昌果村	84.436840	29.295019	0	30	100	村庄
540222100003	加日郊社区居民委员会	89.620117	28.906855	0	18	40	乡镇
540225208206	杰地村	87.587840	29.130281	0	30	100	村庄
540228101204	白雪村	89.184800	29.208840	0	25	70	乡镇
540226209208	热村	86.521240	29.215740	0	30	100	村庄
540223101206	贡达普村	86.619750	28.576260	0	25	70	乡镇
540223205210	玉白村	87.532710	28.611190	0	30	100	村庄
540225205208	查沃村	88.051390	29.097390	0	25	70	村庄
540227210201	多康村	87.583290	29.929451	0	30	100	村庄
540231201207	楚古村	87.981370	28.496590	0	25	70	村庄
540228206202	嘎普村	89.099120	28.750940	0	30	100	村庄
540234203201	萨勒村	85.826590	29.124950	0	30	72	UNKNOWN
540222212207	索盖村	89.647520	28.883290	0	30	100	村庄
540202207206	扎宗村	89.300750	29.346519	0	25	70	乡镇
540227200201	林加村	87.651580	29.953060	0	30	100	村庄
540222202207	宇卓村	89.574672	29.094667	0	18	49	村庄
540229202205	切村	90.250520	29.276099	0	30	100	村庄
540226214206	准唐村	87.665110	29.674670	0	25	55	村庄
540226100210	如多村	87.158480	29.388210	0	30	100	村庄
540228201206	桑顿村	89.148720	28.992521	0	30	100	村庄
540227217205	拉岗村	88.578610	29.488649	0	30	100	村庄
540231206203	萨尔雪村	87.745700	28.190240	0	25	55	村庄
540222215203	察布村	89.289311	28.908539	0	18	66	村庄
540202200202	白久伦布村	88.875860	29.190689	0	25	70	乡镇
540222205203	吉才村	89.451732	29.070152	0	18	66	村庄
540226213202	局村	87.651050	29.539221	0	25	70	村庄
540230202204	边琼村	89.490960	28.618720	0	25	70	村庄
540229205201	嘎布久嘎村	89.751284	29.397316	0	16	65	村庄
540235200202	来新村	86.140150	28.417161	0	30	100	地产小区
540226203202	多隆村	87.047890	29.593860	0	30	100	村庄
540227100203	查仓村	88.264960	29.451700	0	30	100	村庄
540202203212	地那村	88.935990	29.184290	0	25	70	地产小区
540231101205	那塘村	87.451780	27.850730	0	30	100	村庄
540226210212	德夏村	86.797060	29.147620	0	30	100	村庄
540223202214	赤村	87.464280	28.353240	0	30	100	村庄
540221209203	卡仓村	89.643942	29.454105	0	16	65	村庄
540223200229	嘎热村	86.926380	28.476431	0	30	100	村庄
540231102203	吉勒村	87.684120	28.008259	0	25	70	乡镇
540234100205	夏村	85.240490	28.576781	0	30	100	村庄
540202200214	仁嘎村	88.875860	29.190689	0	25	70	乡镇
540228201210	普能村	89.229120	28.972289	0	30	100	村庄
540224208203	亚国村	88.820090	28.812220	0	25	70	村庄
540226213214	多洛村	87.711700	29.400280	0	30	100	村庄
540232209205	美嘎村	84.362570	30.795750	0	25	55	村庄
540222206205	贡斯村	89.438480	29.038011	0	30	100	村庄
540202203204	比杂村	88.935990	29.184290	0	25	70	地产小区
540227204203	果索村	88.831220	30.045101	0	30	100	村庄
540222216205	加麦村	89.684410	28.865901	0	30	100	村庄
540231205205	哲圭村	88.010910	28.211011	0	25	70	村庄
540227214203	彭冲村	88.662930	29.673450	0	30	100	村庄
540223202202	伦珠林村	87.284670	28.137509	0	14	64	乡镇
540226200204	强玛村	86.809650	29.895661	0	30	100	村庄
540235203204	西木村	86.239790	28.791000	0	30	100	地产小区
540230201202	少岗村	89.640530	28.695980	0	30	100	地产小区
540226210204	仁青顶村	87.236000	29.294800	0	10	33	区县
540228101212	帮康村	89.039240	29.241050	0	30	100	村庄
540222201201	塘麦村	89.477850	29.097169	0	30	100	村庄
540222211201	扎西岗村	89.575380	28.899080	0	30	100	村庄
540231202201	布洛村	88.090737	28.344000	0	16	65	村庄
540228205204	当嘎村	89.383470	29.088131	0	30	100	村庄
540223205206	嘎旦村	87.517620	28.627640	0	25	70	村庄
540229201203	白中村	90.133065	29.229780	0	18	66	村庄
540223101210	贡萨村	86.554089	28.493906	0	14	64	乡镇
540224202209	江嘎村	88.434110	29.028360	0	30	100	村庄
540225101208	拉龙村	87.814040	29.156230	0	30	100	村庄
540222202211	长堆村	89.605500	28.911700	0	12	34	区县
540202207210	弄日村	89.300750	29.346519	0	25	70	乡镇
540226100206	布嘎村	87.478260	29.109770	0	30	100	村庄
540223208208	次日村	86.755910	28.812390	0	30	100	村庄
540226214210	沙达村	87.656620	29.636280	0	30	100	村庄
540226211205	切多村	86.271620	29.503811	0	30	100	村庄
540230200203	南尼村	89.642070	28.780188	0	16	65	地产小区
540229207206	仁布村	89.812830	29.263520	0	30	100	村庄
540226201205	色聂村	87.018150	30.617659	0	25	70	乡镇
540223203203	塘日村	87.477510	28.489510	0	25	70	村庄
540228203201	昂嘎村	89.198740	29.059911	0	30	100	村庄
540227215202	如贵村	88.587980	29.354790	0	30	100	地产小区
540231204204	奴夏村	87.903581	28.868829	0	16	47	乡镇
540222217204	罗布岗村	90.093518	28.867656	0	16	65	乡镇
540202202205	贡村	88.734730	29.271950	0	30	100	村庄
540227205202	聂日村	87.927010	29.727510	0	30	100	村庄
540222207204	康庆村	89.453427	28.980459	0	18	100	地产小区
540226212215	洛孔村	87.465190	29.374011	0	25	70	村庄
540232208204	隆嘎村	84.003070	31.038480	0	30	100	村庄
540223200213	巴松村	86.953720	28.373309	0	30	100	村庄
540222100202	江嘎村	89.605500	28.911700	0	12	44	区县
540228200211	恰仓村	89.145990	29.171940	0	25	100	地产小区
540234101204	冲堆村	85.330900	28.392719	0	25	70	乡镇
540202201215	拉琼村	88.781650	29.173580	0	30	100	村庄
540226101207	那仁村	86.725850	29.416830	0	25	70	乡镇
540230100201	查那村	89.674650	28.614970	0	30	100	地产小区
540225100209	鲁如村	87.637700	29.088411	0	25	100	地产小区
540229200202	麦措村	90.079310	29.279080	0	25	70	村庄
540223100211	乃色姆村	87.123890	28.659750	0	25	70	乡镇
540224203208	达布仁村	87.913180	28.979519	0	30	100	村庄
540226206201	路唐村	85.923760	30.220710	0	25	70	村庄
540223204207	仁果村	87.370510	28.618350	0	30	100	村庄
540227212206	东嘎村	88.406890	29.342050	0	30	100	村庄
540228204205	差强村	89.278880	29.014310	0	30	100	村庄
540234201206	洛麦村	85.435310	29.143380	0	30	100	村庄
540202205201	曲瓦村	88.896500	29.249501	0	12	34	区县
540228100213	康萨村	89.262300	29.105701	0	14	37	区县
540223207201	帮来村	87.050610	28.560581	0	30	100	村庄
540221202208	扎西孜村	89.013270	29.564830	0	30	100	村庄
540226101211	贡琼村	86.725850	29.416830	0	25	70	乡镇
540229203204	德米村	90.146380	29.114700	0	30	100	村庄
540230204201	嘎拉夏村	89.386990	28.260421	0	25	100	地产小区
540222203206	夏尔岗村	89.561320	28.956531	0	30	100	村庄
540202206207	林村	89.066009	29.300782	0	18	100	地产小区
540222213206	吉定村	89.483820	28.806310	0	30	100	村庄
540228207203	宗村	88.982260	28.934370	0	30	100	村庄
540223100207	多杰村	87.130410	28.641119	0	30	100	村庄
540228100205	罗林村	89.315690	29.073421	0	30	100	村庄
540202205217	通列村	88.835710	29.355040	0	25	55	地产小区
540221208202	空欧村	89.624730	29.577231	0	30	100	村庄
540231100204	芒热村	87.869500	28.268020	0	30	100	村庄
540202202213	珠村	88.789250	29.328041	0	25	70	乡镇
540223200205	岗绒村	87.024740	28.418559	0	25	70	地产小区
540226202203	地沙布村	86.878730	30.373980	0	30	100	村庄
540223210205	拉布龙村	87.227740	28.827370	0	30	72	UNKNOWN
540235201203	南木萨林村	85.982200	28.155100	0	12	34	区县
540230203205	列定村	89.603126	28.332194	0	16	65	乡镇
540226212203	康萨村	87.465190	29.374011	0	25	70	村庄
540222204202	措堆村	89.806349	28.957105	0	16	65	村庄
540202201203	桑珠普村	88.824140	29.240049	0	30	100	村庄
540222214202	久村	89.289530	28.831890	0	30	100	村庄
540228200207	乃琼村	89.145990	29.171940	0	25	70	地产小区
540231207202	准贡村	87.594270	28.365360	0	25	55	村庄
540223200204	现琼村	87.143150	28.387790	0	30	100	村庄
540226202202	贡琼村	87.152390	30.501090	0	30	100	村庄
540223210204	加布村	87.083680	28.799270	0	30	100	村庄
540235201202	加本村	86.292040	28.945090	0	30	100	村庄
540230203204	孟则村	89.603126	28.332194	0	16	65	乡镇
540226212202	阿木加村	87.401000	29.316831	0	30	100	村庄
540229204201	曲参村	89.842100	29.230900	0	14	46	区县
540222204203	措麦村	89.806349	28.957105	0	16	65	村庄
540202201202	拉贵村	88.716677	29.144730	0	16	65	乡镇
540222214203	嘎西村	89.306860	28.784220	0	30	100	村庄
540228200206	扎西村	89.145990	29.171940	0	25	100	地产小区
540231207203	楚卡村	87.594270	28.365360	0	25	55	村庄
540221208203	日琼村	89.614230	29.597230	0	30	100	村庄
540231100205	古娃村	87.900740	28.308740	0	30	100	村庄
540202202212	扎西岗村	88.838580	29.324631	0	30	100	村庄
540223100206	秋来村	87.097400	28.717870	0	30	100	村庄
540228100204	拉贵村	89.338360	29.067250	0	30	100	村庄
540202205216	雪冲村	88.835710	29.355040	0	25	70	地产小区
540226205206	江木巴村	86.261480	29.711211	0	25	55	乡镇
540226101210	玉松村	86.725850	29.416830	0	25	70	乡镇
540221202209	康萨村	89.062660	29.531360	0	25	70	村庄
540229203205	孜松村	90.177190	29.110260	0	30	100	村庄
540222203207	其吾村	89.600630	28.981229	0	30	100	村庄
540227201201	查布村	88.396130	29.766649	0	30	100	村庄
540202206206	扎西岗村	89.066009	29.300782	0	18	100	地产小区
540222213207	康麦村	89.430980	28.896980	0	30	100	村庄
540234202201	贡当村	84.767160	28.753330	0	30	100	村庄
540227211201	卡如村	88.277380	29.363590	0	30	100	村庄
540228207202	那堆村	88.963820	28.935081	0	25	70	村庄
540229200203	塔热村	90.004642	29.290311	0	16	65	乡镇
540223100210	嘎旦村	87.123890	28.659750	0	25	70	乡镇
540223204206	措娃村	87.442670	28.606189	0	30	100	村庄
540231203201	聂孜村	88.222890	28.460030	0	25	70	乡镇
540228204204	普拉村	89.283510	29.020290	0	30	100	村庄
540222210201	孜庆夏村	89.534643	28.910636	0	18	49	村庄
540228100212	宗下村	89.285790	29.098580	0	30	100	村庄
540222200201	桑顶村	89.591650	29.137700	0	30	100	村庄
540226101206	拉聂村	86.529410	29.481279	0	30	100	地产小区
540202206210	加娃村	89.066009	29.300782	0	18	66	地产小区
540225100208	木村	87.637700	29.088411	0	25	100	地产小区
540226212214	杂岗村	87.465190	29.374011	0	25	70	村庄
540232208205	芝如村	83.743945	30.819909	0	14	46	乡镇
540223200212	娘木村	86.917960	28.358811	0	30	100	村庄
540229100201	艾玛村	89.871690	29.191910	0	25	70	乡镇
540222100203	西郊村	89.620117	28.906855	0	18	66	乡镇
540228200210	堆村	89.145990	29.171940	0	25	70	地产小区
540202201214	加日村	88.669370	29.146001	0	30	100	村庄
540234101205	江村	85.337340	28.310699	0	30	100	村庄
540226211204	次如村	86.216250	29.396920	0	30	100	村庄
540230200202	曲夏村	89.681700	28.555601	0	12	34	区县
540229207207	白林村	89.818370	29.264870	0	25	70	村庄
540226201204	甲内村	87.000270	30.581790	0	30	100	村庄
540223203202	雪珠村	87.477980	28.489950	0	30	100	村庄
540227215203	顶嘎村	88.569710	29.412230	0	30	100	村庄
540231204205	扎西岗村	87.345300	28.131991	0	30	100	村庄
540222217205	夏雄村	90.047110	28.821931	0	25	100	地产小区
540227205203	布美村	88.018122	29.824022	0	14	64	乡镇
540202202204	年雄村	88.446520	29.346530	0	30	100	村庄
540222207205	日定村	89.453427	28.980459	0	18	49	地产小区
540222202210	嘎雪村	89.576120	29.120030	0	30	100	村庄
540225101209	齐加村	87.687590	29.103320	0	30	100	村庄
540202207211	雪琼村	89.245990	29.334160	0	25	70	地产小区
540223208209	南木加村	86.743214	28.784993	0	14	64	村庄
540226100207	聂木昌村	87.485980	29.199390	0	30	100	地产小区
540226214211	江仁村	87.620930	29.654880	0	30	100	村庄
540228101213	嘎夏琼村	89.160590	29.212290	0	30	100	村庄
540202204201	帕冲村	88.703930	29.071620	0	30	100	村庄
540234200206	卡龙村	85.887360	29.178770	0	25	70	村庄
540227213206	初古村	88.186730	29.380871	0	30	100	村庄
540228205205	洁白村	89.339402	29.102154	0	18	66	村庄
540223205207	杂村	87.533250	28.549720	0	30	100	村庄
540226207201	平孜村	86.244330	30.457330	0	25	55	村庄
540235204201	夏嘎村	85.792090	28.750461	0	25	100	地产小区
540229201202	果措村	90.133065	29.229780	0	18	66	村庄
540224202208	强库村	88.427270	29.056560	0	25	55	村庄
540223101211	沃嘎村	86.554089	28.493906	0	14	64	乡镇
540222206204	春琼村	89.431660	29.045370	0	30	100	村庄
540227204202	欧若村	88.697000	30.052000	0	25	70	村庄
540202203205	桑阿林村	88.935990	29.184290	0	25	70	地产小区
540222216204	论巴村	89.759771	28.825128	0	18	66	村庄
540228202201	雪村	89.158750	28.869890	0	30	100	村庄
540231205204	朗玛村	87.920830	28.171160	0	30	100	村庄
540227214202	聂布村	88.628310	29.666159	0	25	70	乡镇
540223202203	亚曲村	87.336500	28.099560	0	30	100	村庄
540235203205	昌加村	86.227290	28.782390	0	30	100	地产小区
540230201203	满参村	89.641030	28.695800	0	25	70	地产小区
540226210205	荣夏村	87.039910	29.175241	0	30	100	村庄
540229206206	江新村	89.707250	29.264791	0	18	66	乡镇
540231102202	鲁热村	87.687980	28.068100	0	30	100	村庄
540202200215	边玛村	88.875070	29.175759	0	30	100	村庄
540234100204	扎龙村	85.362370	28.674981	0	30	100	村庄
540228201211	普西村	89.109280	28.979229	0	25	70	村庄
540224208202	木拉村	88.822670	28.813390	0	30	100	村庄
540235101001	樟木社区居民委员会	86.021956	28.006535	0	16	38	乡镇
540226213215	伦定村	87.571150	29.370860	0	30	100	村庄
540232209204	南木措村	84.362570	30.795750	0	25	55	村庄
540227100202	曲奴村	88.225230	29.445770	0	30	100	村庄
540202203213	上强久村	88.935990	29.184290	0	25	55	地产小区
540231101204	藏嘎村	87.424390	27.862210	0	30	100	村庄
540226210213	叶村	86.743910	29.186990	0	30	100	村庄
540223200228	卡龙村	87.024740	28.418559	0	25	100	地产小区
540223202215	通门村	87.376040	28.304839	0	30	100	村庄
540221209202	通嘎村	89.634820	29.403610	0	30	100	村庄
540228201207	索康村	89.108170	28.982130	0	30	100	村庄
540227217204	南木顶村	88.489200	29.500860	0	30	100	村庄
540231206202	强布村	87.716950	28.157110	0	30	100	村庄
540222215202	塔巴村	89.230390	28.934689	0	30	100	村庄
540202200203	塔杰村	88.875860	29.190689	0	25	70	乡镇
540222205202	古拉村	89.450020	29.026821	0	30	100	地产小区
540226213203	通村	87.671080	29.531809	0	30	100	村庄
540230202205	列康村	89.490960	28.618720	0	25	70	村庄
540235200203	土龙村	86.115360	28.399390	0	25	100	地产小区
540226203203	杂日村	87.043550	29.620300	0	25	70	村庄
540225205209	热玛村	88.167420	29.021480	0	30	100	村庄
540231201206	麦卡村	87.981370	28.496590	0	25	70	村庄
540228206203	塔叶村	89.162230	28.722350	0	30	100	村庄
540222212206	卓萨村	89.655040	28.884819	0	30	100	村庄
540202207207	拉康村	89.323490	29.257860	0	30	100	村庄
540222202206	加措村	89.536400	29.107599	0	30	100	村庄
540229202204	萨嘎村	90.210950	29.337200	0	30	100	村庄
540226214207	龙玛村	87.623320	29.817070	0	30	100	村庄
540230205201	达日村	89.851940	28.521360	0	25	70	乡镇
540226100211	卡尔琼村	87.156060	29.397870	0	30	100	村庄
540223206201	辖龙村	87.718140	28.630810	0	30	100	村庄
540222100002	拉则社区居民委员会	89.620117	28.906855	0	18	40	乡镇
540225208207	乃西村	87.583540	29.105941	0	25	70	村庄
540228101205	贵热村	89.198140	29.193271	0	30	100	村庄
540223101207	西北村	86.573330	28.550140	0	30	100	村庄
540226209209	聂锐村	86.619390	29.188000	0	25	70	乡镇
540235100201	宗塔村	86.004780	28.226149	0	30	100	村庄
540224100201	萨木林村	88.021980	28.903060	0	25	70	乡镇
540222209201	强村	89.210620	28.634790	0	30	100	村庄
540224207207	帕林村	88.348930	28.981780	0	30	100	村庄
540221205201	朗布村	89.485825	29.484989	0	16	65	乡镇
540232206201	最仁村	83.519190	30.383010	0	25	70	村庄
540221215201	甲措雪村	89.145680	29.875441	0	30	100	村庄
540223200208	琼那村	87.024740	28.418559	0	25	70	地产小区
540224200203	杂果村	87.853330	28.572629	0	30	100	村庄
540232211205	夏布村	84.129160	31.303709	0	25	70	乡镇
540229203209	日聂村	90.129530	29.128539	0	25	55	村庄
540221202205	仲康村	89.051680	29.582569	0	30	100	村庄
540232201205	仁玛村	84.210830	29.862270	0	30	100	村庄
540237203203	国措村	88.589620	28.334820	0	25	70	村庄
540221212205	娘热村	89.109150	29.948579	0	25	70	村庄
540225204204	吾木村	88.230740	29.163746	0	16	65	村庄
540226208204	夏尔嘎村	86.153810	30.753750	0	25	70	村庄
540236100202	杰村	85.612616	29.560257	0	14	64	乡镇
540228100208	门措村	89.315167	29.042847	0	16	65	乡镇
540223209204	恰巴村	86.689340	29.027511	0	30	100	村庄
540225100204	德林村	87.652730	29.009140	0	30	100	村庄
540202208202	胡达村	89.445160	29.317731	0	25	100	地产小区
540221211203	东娘村	89.384030	29.862331	0	30	100	村庄
540237200205	雪布让村	88.352640	28.228040	0	30	100	村庄
540232202203	达务村	84.086450	29.520550	0	25	70	村庄
540221201203	普章岗村	89.093990	29.512980	0	30	100	地产小区
540224203205	查吾村	87.903581	28.868829	0	16	65	乡镇
540236204202	鲁嘎村	84.984590	29.476350	0	30	100	村庄
540228204208	党精村	89.262300	29.105701	0	14	37	区县
540225207202	普村	87.818790	28.784361	0	30	100	村庄
540224204201	东纳村	88.521523	29.185042	0	16	65	村庄
540222207209	白沙村	89.453427	28.980459	0	18	100	地产小区
540202202208	加列村	88.789250	29.328041	0	25	70	乡镇
540225200206	旁吉村	87.860200	29.327560	0	30	100	村庄
540224207211	具麦村	88.394730	28.988659	0	25	55	乡镇
540226212218	邦布村	87.465190	29.374011	0	25	70	村庄
540237100207	加达村	88.463290	28.232600	0	30	100	村庄
540234101209	玛嘎村	85.246460	28.436341	0	30	100	村庄
540202201218	曲冲村	88.896500	29.249501	0	12	34	区县
540227208201	切琼村	87.953420	30.093041	0	30	100	村庄
540225206203	仁达村	87.817073	29.048514	0	16	100	地产小区
540236205203	坚巴奴村	85.851130	29.235240	0	25	70	村庄
540224202204	雄玛村	88.477760	29.066031	0	30	100	村庄
540226209213	布热村	86.619390	29.188000	0	25	70	乡镇
540221200202	塔冲村	89.237580	29.703059	0	25	70	村庄
540232203202	那江村	84.530270	30.170401	0	25	70	村庄
540221210202	切扎村	89.362570	29.722890	0	30	100	村庄
540202002001	江洛康萨社区居民委员会	88.881050	29.273930	1	80	92	地产小区
540202209203	卓村	89.596520	29.329929	0	30	100	村庄
540228208207	思古龙村	89.262300	29.105701	0	14	37	区县
540202205220	色定村	88.835710	29.355040	0	25	70	地产小区
540225101205	措布村	87.718700	29.141730	0	30	100	村庄
540223208205	林努村	86.743214	28.784993	0	14	64	村庄
540224206210	色瓦村	88.498670	28.869920	0	30	100	村庄
540221204216	孜东雪村	89.209357	29.444238	0	16	47	村庄
540231205208	琼孜村	88.010910	28.211011	0	25	70	村庄
540225201207	斯伦村	87.737600	29.272819	0	25	70	村庄
540222216208	玉西村	89.744870	28.843141	0	30	100	村庄
540202203209	聪雄村	88.935990	29.184290	0	25	55	地产小区
540233200201	仁青岗村	88.930110	27.425930	0	25	70	乡镇
540226210209	拉定村	86.872100	29.229531	0	30	100	村庄
540221207206	白龙村	89.563460	29.632781	0	30	100	村庄
540235203209	春都村	86.365940	28.767880	0	30	100	村庄
540236201201	布扎村	84.877740	29.353010	0	30	100	村庄
540233203207	曲麦村	88.907000	27.484900	0	12	44	区县
540227217208	伦珠孜村	88.578910	29.573860	0	30	100	村庄
540225202201	彭措林村	88.004560	29.368160	0	30	100	村庄
540224206206	鲁定村	88.573600	28.915439	0	25	70	村庄
540233101003	三社区居民委员会	89.154950	27.718210	0	25	47	地产小区
540225201211	措娃村	87.630470	29.249990	0	30	100	村庄
540223202219	优帕村	87.310970	28.074120	0	30	100	村庄
540223200224	曲宗村	87.650330	29.040671	0	30	58	UNKNOWN
540221207210	亚木村	89.563560	29.632861	0	25	70	村庄
540226212222	森格村	87.465190	29.374011	0	25	70	村庄
540228101209	热旦康萨村	89.184800	29.208840	0	25	55	乡镇
540224202212	德萨村	88.427270	29.056560	0	25	70	村庄
540226209205	普夏村	86.619390	29.188000	0	25	70	乡镇
540236206205	坚巴夏村	86.164110	29.163720	0	25	55	村庄
540233204203	曲旦查村	88.907000	27.484900	0	12	34	区县
540202209215	其林村	89.555760	29.301621	0	25	70	村庄
540225205205	拉荣村	88.012730	29.074841	0	30	100	村庄
540237202202	德庆村	88.633120	28.471259	0	25	70	村庄
540202001007	嘎玉林社区居民委员会	88.896500	29.249501	0	12	26	区县
540221203204	扭西村	88.934700	29.660800	0	30	100	村庄
540223208213	新木德村	86.708420	28.680820	0	30	100	村庄
540223100226	乃娃村	87.041700	28.663214	0	16	65	乡镇
540232210204	国确村	83.552150	31.299490	0	25	70	村庄
540224201202	白色村	87.857360	28.667569	0	25	100	地产小区
