540623210209	曲擦村	92.302200	32.107599	0	12	44	区县
540622100218	培瓦村	93.679400	31.480499	0	12	44	区县
540625203201	查卡村	88.710000	30.930400	0	10	43	区县
540627216208	羌都村	90.010300	31.392499	0	10	33	区县
540623203219	那日村	92.302200	32.107599	0	12	44	区县
540629209202	吴嘎尔村	87.236900	31.784700	0	10	43	区县
540629219202	左林村	87.236900	31.784700	0	10	43	区县
540621201214	依嘎村	93.232300	30.640800	0	12	44	区县
540626208205	拉囊塘村	93.785600	31.886700	0	12	44	区县
540628100209	顿次卡村	94.053400	31.918500	0	12	44	区县
540624210202	萨太尔村	91.682500	32.265000	0	0	35	区县
540621202204	央隆村	93.232300	30.640800	0	12	44	区县
540628101224	梅帕塘村	94.053400	31.918500	0	12	44	区县
540602100220	措查村	92.053400	31.469899	0	12	44	区县
540625204205	查日村	88.710000	30.930400	0	10	43	区县
540621201202	浪沃村	93.232300	30.640800	0	12	44	区县
540624213204	纳那查村	91.682500	32.265000	0	0	35	区县
540628204209	达麦村	94.053400	31.918500	0	12	44	区县
540625207203	彭康村	88.710000	30.930400	0	10	43	区县
540625204213	娘仓村	88.710000	30.930400	0	10	43	区县
540625100205	永珠沃玛村	88.740624	31.195445	0	25	55	乡镇
540622201221	麦庆村	93.679400	31.480499	0	12	44	区县
540624103206	欧布东村	91.682500	32.265000	0	0	24	区县
540621206206	央热村	93.232300	30.640800	0	12	44	区县
540626201209	乡孜卡村	93.785600	31.886700	0	12	34	区县
540602202209	吉龙村	92.053400	31.469899	0	12	44	区县
540622207208	朗切村	93.679400	31.480499	0	12	44	区县
540625101204	曲志德吉新村	88.710000	30.930400	0	10	28	区县
540602209202	路堆村	92.050900	31.476199	0	0	24	城市
540624100001	帕那居委会	91.682500	32.265000	0	0	24	区县
540621203213	亩迟勤村	93.232300	30.640800	0	12	44	区县
540623208204	瓦培色库村	92.302200	32.107599	0	12	44	区县
540625206202	东热村	88.710000	30.930400	0	10	43	区县
540621210203	董琼多村	93.232300	30.640800	0	12	44	区县
540624212205	龙那村	91.682500	32.265000	0	0	35	区县
540624202205	杂那村	91.682500	32.265000	0	0	35	区县
540626209212	普贡塘村	93.785600	31.886700	0	12	44	区县
540602203208	东布村	92.053400	31.469899	0	12	44	区县
540622208217	嘎当村	93.679400	31.480499	0	12	44	区县
540602213208	桑日塘村	92.053400	31.469899	0	12	34	区县
540625201206	德仁村	88.710000	30.930400	0	10	43	区县
540621207207	凯热村	93.232300	30.640800	0	12	44	区县
540624205201	昂青村	91.682500	32.265000	0	0	35	区县
540627209201	青龙村	90.010300	31.392499	0	10	43	区县
540624102207	尼玛龙村	91.682500	32.265000	0	0	35	区县
540623203223	朗青村	92.302200	32.107599	0	12	44	区县
540621100201	阿扎村	93.232300	30.640800	0	12	44	区县
540622208201	丁嘎村	93.679400	31.480499	0	12	44	区县
540621207211	董乃提吾村	93.232300	30.640800	0	12	44	区县
540629208203	宗吉杰村	87.236900	31.784700	0	10	43	区县
540624101201	吉扎布卡村	91.682485	32.260996	0	25	55	乡镇
540622101219	仲拉村	93.679400	31.480499	0	12	34	区县
540621204201	坡尔仓村	93.232300	30.640800	0	12	44	区县
540623211208	索康那加村	92.302200	32.107599	0	12	34	区县
540623201208	玛尔库村	92.302200	32.107599	0	12	44	区县
540628100225	瓦琼村	94.053400	31.918500	0	12	44	区县
540624201203	嘠日色纳尼村	91.682500	32.265000	0	0	35	区县
540621203205	岗嘎竹角村	93.232300	30.640800	0	12	44	区县
540624211203	巴姆多宗村	91.682500	32.265000	0	0	35	区县
540628101208	玛斯松多村	94.053400	31.918500	0	12	44	区县
540626209204	达萨卡村	93.785600	31.886700	0	12	44	区县
540623203215	措马村	92.302200	32.107599	0	12	44	区县
540627101202	拉庆多村	90.010300	31.392499	0	10	43	区县
540622207212	朵给村	93.679400	31.480499	0	12	44	区县
540623210205	唐加村	92.302200	32.107599	0	12	44	区县
540626202203	嘎米卡村	93.785600	31.886700	0	12	44	区县
540627216204	路干村	90.010300	31.392499	0	10	43	区县
540622100214	孟庆村	93.679400	31.480499	0	12	44	区县
540602211203	多索村	92.053400	31.469899	0	12	44	区县
540622208221	帮切村	93.679400	31.480499	0	12	34	区县
540628210207	吉中卡村	94.053400	31.918500	0	12	44	区县
540622204202	察夺村	93.679400	31.480499	0	12	44	区县
540629203204	曲参村	87.236900	31.784700	0	10	43	区县
540630204201	仲鲁玛村	88.836900	33.187600	0	0	35	区县
540626101211	普松普村	93.785600	31.886700	0	12	44	区县
540626205207	南巴村	93.785600	31.886700	0	12	44	区县
540623207201	水木村	92.302200	32.107599	0	12	44	区县
540625204209	达龙村	88.710000	30.930400	0	10	43	区县
540602102211	巴荣朵村	92.053400	31.469899	0	12	34	区县
540622203206	那村	93.679400	31.480499	0	12	44	区县
540623100207	色康村	92.302200	32.107599	0	12	44	区县
540622101002	伯托居委会	93.679400	31.480499	0	12	44	区县
540602101201	西热村	92.053400	31.469899	0	12	44	区县
540622210216	昂永村	93.679400	31.480499	0	12	44	区县
540628100205	古庆普村	94.053400	31.918500	0	12	44	区县
540626205211	帕尔肖村	93.785600	31.886700	0	12	44	区县
540626101207	同日达村	93.785600	31.886700	0	12	44	区县
540627100002	格色居委会	90.010300	31.392499	0	10	33	区县
540602102207	拉玛村	92.053400	31.469899	0	12	44	区县
540626206201	尼木村	93.785600	31.886700	0	12	44	区县
540628100213	珠确达村	94.053400	31.918500	0	12	44	区县
540602205201	果夹村	92.053400	31.469899	0	12	44	区县
540628204205	直汝村	94.053400	31.918500	0	12	34	区县
540623203203	木地村	92.302200	32.107599	0	12	44	区县
540626201205	察瓦卡村	93.785600	31.886700	0	12	44	区县
540630200203	奇那嘎巴村	88.836900	33.187600	0	0	35	区县
540629207206	康琼村	87.236900	31.784700	0	10	43	区县
540622207204	羊秀村	93.679400	31.480499	0	12	44	区县
540627205202	杂空村	90.010300	31.392499	0	10	43	区县
540602202205	朗玛雪村	92.053400	31.469899	0	12	44	区县
540627215202	俄如松多村	89.483629	32.090842	0	30	100	村庄
540624209202	曲桑尼都村	91.682500	32.265000	0	0	18	区县
540623210213	贡墨米村	92.302200	32.107599	0	12	44	区县
540627102204	乡那村	90.010300	31.392499	0	10	33	区县
540602100001	塔恰拉姆居委会	92.053400	31.469899	0	12	44	区县
540622100202	察隆村	93.679400	31.480499	0	12	44	区县
540628205204	杂日尼瓦村	94.053400	31.918500	0	12	44	区县
540602100216	苦若村	92.053400	31.469899	0	12	34	区县
540628101212	杂德改村	94.053400	31.918500	0	12	44	区县
540622201201	喜江村	93.679400	31.480499	0	12	44	区县
540629201203	来差村	87.236900	31.784700	0	10	43	区县
540629211203	东隆村	87.236900	31.784700	0	10	43	区县
540623205206	康绰村	92.302200	32.107599	0	12	44	区县
540628206214	拉迦村	94.053400	31.918500	0	12	44	区县
540622202211	达孜村	93.679400	31.480499	0	12	44	区县
540625101208	江雄村	88.710000	30.930400	0	10	33	区县
540628102202	公随村	94.053400	31.918500	0	12	44	区县
540626100206	江青村	93.785600	31.886700	0	12	34	区县
540622101203	扎热村	93.679400	31.480499	0	12	44	区县
540628201210	坡荣塘村	94.053400	31.918500	0	12	44	区县
540627103205	热卡下玛村	90.010300	31.392499	0	10	33	区县
540628211210	米相松多村	94.053400	31.918500	0	12	44	区县
540602200214	当里村	92.053400	31.469899	0	12	44	区县
540623201212	永曲村	92.302200	32.107599	0	12	44	区县
540602213204	泽布村	92.053400	31.469899	0	12	44	区县
540602203204	哈多村	92.053400	31.469899	0	12	44	区县
540630201202	雅尼曲隆村	88.836900	33.187600	0	0	24	区县
540626210204	嘎木旺村	93.785600	31.886700	0	12	44	区县
540623212202	夏聂村	92.302200	32.107599	0	12	44	区县
540627207205	隆嘎村	90.010300	31.392499	0	10	43	区县
540602200202	擦多村	92.053400	31.469899	0	12	44	区县
540628211206	色木村	94.053400	31.918500	0	12	44	区县
540628201206	贡钦村	94.053400	31.918500	0	12	44	区县
540622101215	茶迁村	93.679400	31.480499	0	12	34	区县
540602210202	那布村	92.053400	31.469899	0	12	44	区县
540623201204	铜龙村	92.302200	32.107599	0	12	44	区县
540626203202	赤雄村	93.785600	31.886700	0	12	44	区县
540623211204	色拉俄玛村	92.302200	32.107599	0	12	34	区县
540629205201	贡玛村	87.236900	31.784700	0	10	43	区县
540627100203	杰订村	90.010300	31.392499	0	10	43	区县
540628202216	改迦卡村	94.053400	31.918500	0	12	44	区县
540621209203	萨囊村	93.232300	30.640800	0	12	44	区县
540622201217	扎西隆村	93.679400	31.480499	0	12	44	区县
540628101204	查斯囊村	94.053400	31.918500	0	12	44	区县
540622100003	图嘎居委会	93.679400	31.480499	0	12	44	区县
540623205210	绰雄村	92.302200	32.107599	0	12	44	区县
540629100001	木嘠热色居委会	87.236900	31.784700	0	10	28	区县
540626209208	龙通达村	93.785600	31.886700	0	12	44	区县
540628102214	昌玛卡村	94.053400	31.918500	0	12	44	区县
540622202207	列玛村	93.679400	31.480499	0	12	44	区县
540602217206	东琼村	92.053400	31.469899	0	12	44	区县
540628206202	拉玛囊村	94.053400	31.918500	0	12	44	区县
540629212205	尼隆村	87.236900	31.784700	0	10	43	区县
540626100210	羌波多村	93.785600	31.886700	0	12	44	区县
540621203209	洒如朵村	93.232300	30.640800	0	12	44	区县
540628102215	加古格村	94.053400	31.918500	0	12	44	区县
540622202206	朗钦村	93.679400	31.480499	0	12	44	区县
540602217207	德姆村	92.053400	31.469899	0	12	44	区县
540628206203	格拉村	94.053400	31.918500	0	12	44	区县
540623206201	日入格觉村	92.302200	32.107599	0	12	44	区县
540629212204	砂来村	87.236900	31.784700	0	10	43	区县
540621203208	勒央恰村	93.232300	30.640800	0	12	44	区县
540626100211	切珠村	93.785600	31.886700	0	12	44	区县
540630205201	达威村	88.836900	33.187600	0	0	35	区县
540622201216	巴尔瓦村	93.679400	31.480499	0	12	44	区县
540628101205	莲乃塘村	94.053400	31.918500	0	12	44	区县
540602100201	甘丹康桑村	92.053400	31.469899	0	12	44	区县
540622100002	色康居委会	93.679400	31.480499	0	12	34	区县
540626209209	苏炯村	93.785600	31.886700	0	12	44	区县
540627100202	老县村	90.010300	31.392499	0	10	43	区县
540628202217	杂钦达村	94.053400	31.918500	0	12	44	区县
540621209202	森土库村	93.232300	30.640800	0	12	34	区县
540602200203	措查村	92.053400	31.469899	0	12	44	区县
540627207204	扎嘎村	90.010300	31.392499	0	10	43	区县
540628211207	延莫村	94.053400	31.918500	0	12	34	区县
540628201207	古汝卡村	94.053400	31.918500	0	12	44	区县
540602210203	帕村	91.906502	31.493225	0	30	100	村庄
540622101214	擦曲松果村	93.679400	31.480499	0	12	34	区县
540623201205	加雄村	92.302200	32.107599	0	12	44	区县
540626203203	塘兴村	93.785600	31.886700	0	12	44	区县
540623211205	玛布村	92.302200	32.107599	0	12	44	区县
540628202201	格庆改村	94.053400	31.918500	0	12	44	区县
540602213205	浙龙村	92.053400	31.469899	0	12	44	区县
540602203205	察夏村	92.053400	31.469899	0	12	44	区县
540630201203	确尔村	88.836900	33.187600	0	0	35	区县
540626210205	内西村	93.785600	31.886700	0	12	44	区县
540629206206	谢那村	87.236900	31.784700	0	10	43	区县
540623212203	索格村	92.302200	32.107599	0	12	44	区县
540622101202	扎勒村	93.679400	31.480499	0	12	44	区县
540628201211	索日亚那村	94.053400	31.918500	0	12	44	区县
540627103204	热卡努玛村	90.010300	31.392499	0	10	33	区县
540602200215	松扣村	92.053400	31.469899	0	12	44	区县
540623201213	格色村	92.302200	32.107599	0	12	44	区县
540628206215	吉隆郭村	94.053400	31.918500	0	12	44	区县
540625101209	通村	88.710000	30.930400	0	10	43	区县
540622202210	夏普库村	93.679400	31.480499	0	12	44	区县
540628102203	夏卓格村	94.053400	31.918500	0	12	44	区县
540626100207	超父塘村	93.785600	31.886700	0	12	44	区县
540630101201	克那村	88.836900	33.187600	0	0	35	区县
540628205205	热赤雄村	94.053400	31.918500	0	12	44	区县
540602100217	欧玛亭嘎村	92.053400	31.469899	0	12	34	区县
540628101213	曲藏卡村	94.053400	31.918500	0	12	34	区县
540629201202	格玛村	87.236900	31.784700	0	10	43	区县
540629211202	达热村	87.236900	31.784700	0	10	43	区县
540623205207	措扎村	92.302200	32.107599	0	12	44	区县
540629100201	鲁根村	87.236900	31.784700	0	10	43	区县
540626202214	布德村	93.785600	31.886700	0	12	44	区县
540624209203	改巴村	91.682500	32.265000	0	0	35	区县
540623210212	多珍俄玛村	92.302200	32.107599	0	12	44	区县
540627102205	南措村	90.010300	31.392499	0	10	33	区县
540622100203	央然村	93.679400	31.480499	0	12	34	区县
540623203202	色确村	92.302200	32.107599	0	12	44	区县
540626201204	霍德卡村	93.785600	31.886700	0	12	44	区县
540630200202	昂白底布村	88.836900	33.187600	0	0	35	区县
540622207205	耐达村	93.679400	31.480499	0	12	44	区县
540602202204	晓琼村	92.053400	31.469899	0	12	44	区县
540627205203	达果村	90.010300	31.392499	0	10	43	区县
540627215203	热孜村	90.010300	31.392499	0	10	43	区县
540623100210	拉根村	92.302200	32.107599	0	12	44	区县
540628100212	拉西塘村	94.053400	31.918500	0	12	44	区县
540622210201	日普村	93.679400	31.480499	0	12	44	区县
540628204204	多吉塘村	94.053400	31.918500	0	12	44	区县
540626205210	帕亚村	93.785600	31.886700	0	12	44	区县
540626101206	岗达村	93.785600	31.886700	0	12	34	区县
540602102206	俄玛村	92.053400	31.469899	0	12	44	区县
540623100206	果娘村	92.302200	32.107599	0	12	44	区县
540628100204	古庆达村	94.053400	31.918500	0	12	44	区县
540626101210	那峨长村	93.785600	31.886700	0	12	44	区县
540626205206	查夏尔村	93.785600	31.886700	0	12	44	区县
540627211201	吾荣村	90.010300	31.392499	0	10	43	区县
540625204208	确曲村	88.710000	30.930400	0	10	43	区县
540602102210	木托村	92.053400	31.469899	0	12	44	区县
540629204201	藏曲村	87.236900	31.784700	0	10	43	区县
540623210204	奎如村	92.302200	32.107599	0	12	34	区县
540626202202	莫囊村	93.785600	31.886700	0	12	44	区县
540602211202	扎西东栏村	92.053400	31.469899	0	12	44	区县
540622100215	莫瓦塘村	93.679400	31.480499	0	12	44	区县
540627216205	曲森村	90.010300	31.392499	0	10	33	区县
540622208220	色空村	93.679400	31.480499	0	12	44	区县
540628210206	达杂囊村	94.053400	31.918500	0	12	44	区县
540622204203	扎拉村	93.679400	31.480499	0	12	44	区县
540623203214	曲热布村	92.302200	32.107599	0	12	34	区县
540627101203	措俄口村	90.010300	31.392499	0	10	43	区县
540602202212	色吉村	92.053400	31.469899	0	12	44	区县
540622207213	瓦宁村	93.679400	31.480499	0	12	34	区县
540628101209	真达村	94.053400	31.918500	0	12	44	区县
540626209205	普热卡村	93.785600	31.886700	0	12	34	区县
540628100224	热囊村	94.053400	31.918500	0	12	44	区县
540624201202	西恰曲超超贡玛村	91.682500	32.265000	0	0	18	区县
540621203204	尼玛隆村	93.232300	30.640800	0	12	44	区县
540624211202	桑果村	91.682500	32.265000	0	0	35	区县
540625202201	普巴村	88.710000	30.930400	0	10	43	区县
540622101218	娘热村	93.679400	31.480499	0	12	34	区县
540623211209	龙年玛村	92.302200	32.107599	0	12	44	区县
540623201209	巴龙村	92.302200	32.107599	0	12	44	区县
540621207210	玛布尔村	93.232300	30.640800	0	12	44	区县
540629208202	多木热村	87.236900	31.784700	0	10	43	区县
540623203222	达龙村	92.302200	32.107599	0	12	44	区县
540624102206	热塔村	91.682500	32.265000	0	0	35	区县
540602203209	那么切村	92.053400	31.469899	0	12	44	区县
540622208216	吉瓦村	93.679400	31.480499	0	12	44	区县
540602213209	行木扣村	92.053400	31.469899	0	12	34	区县
540621207206	那林嘎村	93.232300	30.640800	0	12	44	区县
540625206203	扎琼村	88.710000	30.930400	0	10	43	区县
540621210202	口嘎改村	93.232300	30.640800	0	12	34	区县
540624212204	加秀玛村	91.682500	32.265000	0	0	24	区县
540624202204	如来村	91.682500	32.265000	0	0	35	区县
540626209213	那那达村	93.785600	31.886700	0	12	44	区县
540625101205	贡琼村	88.710000	30.930400	0	10	43	区县
540602209203	尼玛龙村	92.050900	31.476199	0	0	24	城市
540621203212	嘎当村	93.232300	30.640800	0	12	44	区县
540623208205	巴让村	92.302200	32.107599	0	12	44	区县
540621206207	仓康村	93.232300	30.640800	0	12	44	区县
540626201208	若达村	93.785600	31.886700	0	12	44	区县
540602202208	杰多村	92.053400	31.469899	0	12	44	区县
540622207209	久隆村	93.679400	31.480499	0	12	44	区县
540621101201	扭热朵村	93.232300	30.640800	0	12	44	区县
540624103207	布卡日达村	91.682500	32.265000	0	0	35	区县
540624101001	强玛居委会	91.682485	32.260996	0	25	55	乡镇
540625204212	如卡村	88.710000	30.930400	0	10	43	区县
540622201220	欧阔村	93.679400	31.480499	0	12	44	区县
540625100204	曲布村	88.740624	31.195445	0	25	70	乡镇
540621201203	扎西岗村	93.232300	30.640800	0	12	44	区县
540624213205	嘠尔冉日隆村	91.682500	32.265000	0	0	24	区县
540628204208	索楚库村	94.053400	31.918500	0	12	44	区县
540625207202	江扎村	88.710000	30.930400	0	10	43	区县
540624210203	泡曲塔村	91.682500	32.265000	0	0	35	区县
540621202205	昂仓村	93.232300	30.640800	0	12	44	区县
540628101225	拉普玛塘村	94.053400	31.918500	0	12	44	区县
540602100221	普索村	92.053400	31.469899	0	12	44	区县
540625204204	朗泽村	88.710000	30.930400	0	10	43	区县
540621100001	团结新村居委会	93.232300	30.640800	0	12	34	区县
540626208204	白庆村	93.785600	31.886700	0	12	44	区县
540628100208	江聂改村	94.053400	31.918500	0	12	34	区县
540623203218	江苍村	92.302200	32.107599	0	12	44	区县
540624100201	扎烈金村	91.682500	32.265000	0	0	24	区县
540629209203	俄索村	87.236900	31.784700	0	10	43	区县
540629219203	色来村	87.236900	31.784700	0	10	43	区县
540622209201	萨玛村	93.679400	31.480499	0	12	44	区县
540623210208	松庆村	92.302200	32.107599	0	12	34	区县
540627216209	羌梅村	90.010300	31.392499	0	10	33	区县
540623203213	东吉昂村	92.302200	32.107599	0	12	44	区县
540626100001	赞丹雪第一居委会	93.785600	31.886700	0	12	44	区县
540622207214	亚贡村	93.679400	31.480499	0	12	44	区县
540627101204	镇荣村	90.010300	31.392499	0	10	33	区县
540626202205	雪村	93.785600	31.886700	0	12	44	区县
540629100210	德布俄日村	87.236900	31.784700	0	10	43	区县
540630203203	才玛荣村	88.836900	33.187600	0	0	35	区县
540623210203	拔卓村	92.302200	32.107599	0	12	44	区县
540628210201	尤庆村	94.053400	31.918500	0	12	44	区县
540622204204	美日村	93.679400	31.480499	0	12	44	区县
540627216202	路布村	90.010300	31.392499	0	10	43	区县
540622100212	夏尔耐村	93.679400	31.480499	0	12	34	区县
540602211205	嘎坚村	92.053400	31.469899	0	12	44	区县
540626205201	热布村	93.785600	31.886700	0	12	44	区县
540623207207	巴果村	92.302200	32.107599	0	12	44	区县
540629203202	空隆村	87.236900	31.784700	0	10	43	区县
540626101217	强巴村	93.785600	31.886700	0	12	44	区县
540626206211	奖定村	93.785600	31.886700	0	12	44	区县
540623100201	促巴村	92.302200	32.107599	0	12	44	区县
540628100203	古琼囊村	94.053400	31.918500	0	12	44	区县
540602101207	森森村	92.053400	31.469899	0	12	44	区县
540622210210	优隆村	93.679400	31.480499	0	12	44	区县
540626101201	结隆塘村	93.785600	31.886700	0	12	44	区县
540623207211	康切村	92.302200	32.107599	0	12	44	区县
540602102201	萨措村	92.053400	31.469899	0	12	44	区县
540621201208	忠玉村	93.232300	30.640800	0	12	44	区县
540626206207	努普村	93.785600	31.886700	0	12	44	区县
540602101211	获汤村	92.053400	31.469899	0	12	44	区县
540622210206	拉沃村	93.679400	31.480499	0	12	44	区县
540628204203	米次卡村	94.053400	31.918500	0	12	44	区县
540628100215	勒直跟村	94.053400	31.918500	0	12	44	区县
540602205207	米如村	92.053400	31.469899	0	12	44	区县
540630200205	祖姆村	88.836900	33.187600	0	0	35	区县
540623203205	巴热村	92.302200	32.107599	0	12	44	区县
540626201203	旦特卡村	93.785600	31.886700	0	12	44	区县
540627101212	布龙村	90.010300	31.392499	0	10	43	区县
540627215204	那拉玛村	90.010300	31.392499	0	10	43	区县
540622207202	索雄村	93.679400	31.480499	0	12	44	区县
540627205204	塞龙村	90.010300	31.392499	0	10	33	区县
540602202203	拉姆庆村	92.053400	31.469899	0	12	44	区县
540629100206	措木曲村	87.236900	31.784700	0	10	43	区县
540626202213	达雄村	93.785600	31.886700	0	12	44	区县
540624209204	曲桑勒玛那欧村	91.682500	32.265000	0	0	18	区县
540602100007	仁毛居委会	92.053400	31.469899	0	12	34	区县
540627102202	那色村	90.010300	31.392499	0	10	43	区县
540622100204	巴贡村	93.679400	31.480499	0	12	44	区县
540622201207	杂亚村	93.679400	31.480499	0	12	44	区县
540628101214	许秀达村	94.053400	31.918500	0	12	44	区县
540628205202	色雄改村	94.053400	31.918500	0	12	44	区县
540602100210	曲果仁毛村	92.053400	31.469899	0	12	44	区县
540629211205	折乡村	87.236900	31.784700	0	10	43	区县
540621210209	西吾隆村	93.232300	30.640800	0	12	44	区县
540626209218	隆姆库村	93.785600	31.886700	0	12	44	区县
540629201205	赛那村	87.236900	31.784700	0	10	43	区县
540628102204	约雄村	94.053400	31.918500	0	12	44	区县
540622202217	拉嘎村	93.679400	31.480499	0	12	44	区县
540602209208	擦勒村	92.050900	31.476199	0	0	24	城市
540628206212	贡庆村	94.053400	31.918500	0	12	44	区县
540623206210	那空村	92.302200	32.107599	0	12	44	区县
540630101206	佳隆村	88.836900	33.187600	0	0	35	区县
540602200212	那卡玛日村	92.053400	31.469899	0	12	29	区县
540628201216	夏汝卡多村	94.053400	31.918500	0	12	44	区县
540622101205	改乃村	93.679400	31.480499	0	12	44	区县
540627103203	那高查村	90.010300	31.392499	0	10	43	区县
540623201214	尼玛龙村	92.302200	32.107599	0	12	44	区县
540602203202	多朋热卡村	92.053400	31.469899	0	12	44	区县
540602213202	尼玛龙村	92.053400	31.469899	0	12	44	区县
540628202206	热钦达村	94.053400	31.918500	0	12	44	区县
540629206201	抗达村	87.236900	31.784700	0	10	33	区县
540626210202	翁昂村	93.785600	31.886700	0	12	44	区县
540630201204	渡日村	88.836900	33.187600	0	0	35	区县
540623212204	纽雄村	92.302200	32.107599	0	12	44	区县
540622101213	热布村	93.679400	31.480499	0	12	44	区县
540602210204	杂拉村	92.053400	31.469899	0	12	44	区县
540627207203	热她村	90.010300	31.392499	0	10	43	区县
540602200204	帕玉村	92.053400	31.469899	0	12	44	区县
540623211202	加龙村	92.302200	32.107599	0	12	44	区县
540629205207	日玛村	87.236900	31.784700	0	10	43	区县
540630202202	瓦日香琼村	88.836900	33.187600	0	0	35	区县
540623201202	卓青村	92.302200	32.107599	0	12	44	区县
540626203204	达岗村	93.785600	31.886700	0	12	44	区县
540627100205	雄杜村	90.010300	31.392499	0	10	33	区县
540628202210	岗琼达村	94.053400	31.918500	0	12	44	区县
540621209205	玉隆松多村	93.232300	30.640800	0	12	44	区县
540602100206	堆孔村	92.053400	31.469899	0	12	34	区县
540622100005	嘎叶居委会	93.679400	31.480499	0	12	34	区县
540628101202	堆姆达村	94.053400	31.918500	0	12	44	区县
540622201211	亚阔村	93.679400	31.480499	0	12	44	区县
540628206204	休秀贡玛村	94.053400	31.918500	0	12	44	区县
540622202201	玛擦村	93.679400	31.480499	0	12	44	区县
540628102212	杂木嘠村	94.053400	31.918500	0	12	34	区县
540623206206	江勒村	92.302200	32.107599	0	12	44	区县
540629212203	尼玛隆村	87.236900	31.784700	0	10	43	区县
540621101210	郭若咔村	93.232300	30.640800	0	12	44	区县
540626202209	威巴村	93.785600	31.886700	0	12	44	区县
540602211209	龙玛村	92.053400	31.469899	0	12	44	区县
540625203207	帕帐沃玛村	88.710000	30.930400	0	10	33	区县
540622204208	雄塘村	93.679400	31.480499	0	12	44	区县
540629219204	鲁康村	87.236900	31.784700	0	10	43	区县
540629209204	马迁村	87.236900	31.784700	0	10	43	区县
540627101208	恰列村	90.010300	31.392499	0	10	43	区县
540622209206	提阔村	93.679400	31.480499	0	12	44	区县
540622207218	嘎囊村	93.679400	31.480499	0	12	44	区县
540621201212	白雄村	93.232300	30.640800	0	12	44	区县
540626208203	热热村	93.785600	31.886700	0	12	44	区县
540622202221	优囊村	93.679400	31.480499	0	12	44	区县
540621202202	那查村	93.232300	30.640800	0	12	44	区县
540624210204	康色梅张日村	91.682500	32.265000	0	0	35	区县
540625204203	多琼村	88.710000	30.930400	0	10	43	区县
540628101222	底庆达村	94.053400	31.918500	0	12	34	区县
540624213202	当果岗尼村	91.682500	32.265000	0	0	35	区县
540621201204	凯咔村	93.232300	30.640800	0	12	44	区县
540628100219	察瑞岗村	94.053400	31.918500	0	12	44	区县
540625207205	泽典村	88.710000	30.930400	0	10	43	区县
540625100203	姜戎村	88.740624	31.195445	0	25	70	乡镇
540621101206	切塘村	93.232300	30.640800	0	12	44	区县
540622100208	瓦乃村	93.679400	31.480499	0	12	44	区县
540623203209	其波村	92.302200	32.107599	0	12	44	区县
540627205208	沙吉村	90.010300	31.392499	0	10	43	区县
540627215208	古嘎村	90.010300	31.392499	0	10	43	区县
540622209210	查库勒村	93.679400	31.480499	0	12	44	区县
540602209204	江扣村	92.050900	31.476199	0	0	24	城市
540625101202	达果村	88.710000	30.930400	0	10	33	区县
540628102208	央堆村	94.053400	31.918500	0	12	44	区县
540621203215	杂鲁勒村	93.232300	30.640800	0	12	44	区县
540623208202	提玛村	92.302200	32.107599	0	12	44	区县
540625206204	果芒村	88.710000	30.930400	0	10	43	区县
540628101218	吾松松多村	94.053400	31.918500	0	12	44	区县
540626101221	阔尔塔达村	93.785600	31.886700	0	12	44	区县
540624202203	罗台村	91.682500	32.265000	0	0	35	区县
540626209214	朵崩库村	93.785600	31.886700	0	12	44	区县
540621210205	错隆村	93.232300	30.640800	0	12	44	区县
540624212203	古瓦曲美村	91.682500	32.265000	0	0	35	区县
540622208211	贺塔村	93.679400	31.480499	0	12	44	区县
540621207201	棍次尔铅姆村	93.232300	30.640800	0	12	44	区县
540623212208	夏杰村	92.302200	32.107599	0	12	44	区县
540627209207	夺纳村	90.010300	31.392499	0	10	43	区县
540622101209	勒根村	93.679400	31.480499	0	12	44	区县
540621204211	多拉村	93.232300	30.640800	0	12	44	区县
540624102201	麦龙村	91.682500	32.265000	0	0	35	区县
540623201218	俄东村	92.302200	32.107599	0	12	44	区县
540623203225	楚口村	92.302200	32.107599	0	12	34	区县
540621100207	叶朵村	93.232300	30.640800	0	12	44	区县
540625100002	融塞多居委会	88.740624	31.195445	0	25	47	乡镇
540622208207	培巴村	93.679400	31.480499	0	12	44	区县
540629208205	鲁仁村	87.236900	31.784700	0	10	43	区县
540621209209	董罗岗村	93.232300	30.640800	0	12	44	区县
540621207217	乌铅村	93.232300	30.640800	0	12	44	区县
540602200208	查角村	92.053400	31.469899	0	12	44	区县
540602210208	志龙村	92.053400	31.469899	0	12	44	区县
540625202206	曲松普村	88.710000	30.930400	0	10	43	区县
540626203208	若宗卡村	93.785600	31.886700	0	12	44	区县
540621204207	甲仁村	93.232300	30.640800	0	12	44	区县
540628100223	隆用囊村	94.053400	31.918500	0	12	44	区县
540628206208	央培村	94.053400	31.918500	0	12	44	区县
540624201205	多尔嘎恰荣村	91.682500	32.265000	0	0	35	区县
540621203203	弄竹角村	93.232300	30.640800	0	12	44	区县
540624103001	雁石坪居委会	91.682500	32.265000	0	0	24	区县
540626209202	丘门村	93.785600	31.886700	0	12	44	区县
540626209203	贡达塘村	93.785600	31.886700	0	12	44	区县
540628100222	巴嘎囊村	94.053400	31.918500	0	12	34	区县
540628206209	德崩村	94.053400	31.918500	0	12	44	区县
540624211204	玛毛许那村	91.682500	32.265000	0	0	18	区县
540624201204	嘠尔扎仁村	91.682500	32.265000	0	0	35	区县
540621203202	扎纳村	93.232300	30.640800	0	12	44	区县
540602200209	加龙村	92.053400	31.469899	0	12	44	区县
540626203209	宗巴卡村	93.785600	31.886700	0	12	44	区县
540621100210	斯定咔村	93.232300	30.640800	0	12	44	区县
540621204206	垂铅村	93.232300	30.640800	0	12	44	区县
540622208206	色雄村	93.679400	31.480499	0	12	44	区县
540627100208	丁强玛村	90.010300	31.392499	0	10	43	区县
540629208204	亚卡村	87.236900	31.784700	0	10	43	区县
540621209208	江多村	93.232300	30.640800	0	12	44	区县
540621207216	乌琼村	93.232300	30.640800	0	12	44	区县
540622101208	色娘村	93.679400	31.480499	0	12	44	区县
540627209206	加岗村	90.010300	31.392499	0	10	43	区县
540621204210	垂琼村	93.232300	30.640800	0	12	44	区县
540623203224	彭青村	92.302200	32.107599	0	12	44	区县
540623201219	尼龙村	92.302200	32.107599	0	12	44	区县
540621100206	苏日达村	93.232300	30.640800	0	12	44	区县
540622208210	央巴村	93.679400	31.480499	0	12	44	区县
540625201201	宗斯村	88.710000	30.930400	0	10	43	区县
540623212209	帮来嘎布村	92.302200	32.107599	0	12	34	区县
540625206205	鲁久村	88.710000	30.930400	0	10	43	区县
540628101219	格庆达村	94.053400	31.918500	0	12	44	区县
540626101220	央卓村	93.785600	31.886700	0	12	44	区县
540624202202	康塔克切村	91.682500	32.265000	0	0	35	区县
540626209215	秀索卡村	93.785600	31.886700	0	12	44	区县
540621210204	宗多村	93.232300	30.640800	0	12	44	区县
540624212202	活龙下日村	91.682500	32.265000	0	0	24	区县
540602209205	干觉村	92.050900	31.476199	0	0	24	城市
540625101203	许隆村	88.710000	30.930400	0	10	43	区县
540628102209	恰沃卡村	94.053400	31.918500	0	12	44	区县
540621203214	古塘村	93.232300	30.640800	0	12	44	区县
540623208203	拉中村	92.302200	32.107599	0	12	44	区县
540623203208	嘎姆则亚村	92.302200	32.107599	0	12	34	区县
540621206201	恰查村	93.232300	30.640800	0	12	44	区县
540627215209	果村	90.010300	31.392499	0	10	43	区县
540622209211	热如村	93.679400	31.480499	0	12	44	区县
540621101207	玛塘村	93.232300	30.640800	0	12	44	区县
540624103201	朱扣玛村	91.682500	32.265000	0	0	35	区县
540622100209	吉琼村	93.679400	31.480499	0	12	44	区县
540625100202	罗布村	88.710000	30.930400	0	10	43	区县
540625204214	金东村	88.710000	30.930400	0	10	43	区县
540624213203	尼玛隆村	91.682500	32.265000	0	0	35	区县
540621201205	仲匝村	93.232300	30.640800	0	12	34	区县
540628100218	察定康村	94.053400	31.918500	0	12	44	区县
540625207204	贝嘎村	88.710000	30.930400	0	10	43	区县
540621202203	嘎尔当村	93.232300	30.640800	0	12	44	区县
540625204202	江姆村	88.710000	30.930400	0	10	43	区县
540628101223	卡会达村	94.053400	31.918500	0	12	44	区县
540621201213	孜布村	93.232300	30.640800	0	12	44	区县
540626208202	朗多村	93.785600	31.886700	0	12	44	区县
540624102001	纳色居委会	91.682500	32.265000	0	0	24	区县
540622202220	杰朵村	93.679400	31.480499	0	12	44	区县
540629219205	德那村	87.236900	31.784700	0	10	43	区县
540622209207	栋多村	93.679400	31.480499	0	12	63	区县
540627101209	查仓村	90.010300	31.392499	0	10	43	区县
540624207201	果仓村	91.682500	32.265000	0	0	35	区县
540626202208	瓦拉村	93.785600	31.886700	0	12	44	区县
540621101211	帮布村	93.232300	30.640800	0	12	44	区县
540625203206	色尼村	88.710000	30.930400	0	10	43	区县
540602211208	吉措村	92.053400	31.469899	0	12	44	区县
540622204209	勒仲村	93.679400	31.480499	0	12	44	区县
540628206205	沃庆村	94.053400	31.918500	0	12	44	区县
540602217201	达仙村	92.053400	31.469899	0	12	44	区县
540628102213	白曲卡村	94.053400	31.918500	0	12	44	区县
540629202202	洁热村	87.236900	31.784700	0	10	33	区县
540623206207	巴果村	92.302200	32.107599	0	12	44	区县
540629212202	鲁玛那荣村	87.236900	31.784700	0	10	43	区县
540602100207	迪色村	92.053400	31.469899	0	12	34	区县
540622100004	吉查居委会	93.679400	31.480499	0	12	44	区县
540628101203	扎孔果村	94.053400	31.918500	0	12	44	区县
540622201210	欧泽村	93.679400	31.480499	0	12	34	区县
540627100204	多尔格村	90.010300	31.392499	0	10	43	区县
540628202211	岗庆达村	94.053400	31.918500	0	12	44	区县
540621209204	叶隆村	93.232300	30.640800	0	12	44	区县
540602210205	果庆村	92.053400	31.469899	0	12	44	区县
540622101212	克玛村	93.679400	31.480499	0	12	44	区县
540628201201	玛钦格村	94.053400	31.918500	0	12	44	区县
540628211201	察岗卡村	94.053400	31.918500	0	12	44	区县
540602200205	卓龙村	92.053400	31.469899	0	12	44	区县
540627207202	路日村	90.010300	31.392499	0	10	43	区县
540623211203	波青村	92.302200	32.107599	0	12	44	区县
540629205206	乃仁当果村	87.236900	31.784700	0	10	33	区县
540623201203	龙玛尔村	92.302200	32.107599	0	12	44	区县
540626203205	达囊村	93.785600	31.886700	0	12	44	区县
540602203203	贡德熊村	92.053400	31.469899	0	12	34	区县
540602213203	热扣村	92.053400	31.469899	0	12	44	区县
540628202207	帮玉囊村	94.053400	31.918500	0	12	44	区县
540626210203	博罗村	93.785600	31.886700	0	12	44	区县
540623212205	康绰村	92.302200	32.107599	0	12	44	区县
540602200213	萨多村	92.053400	31.469899	0	12	44	区县
540622101204	瓦塘村	93.679400	31.480499	0	12	44	区县
540627103202	央木布村	90.010300	31.392499	0	10	43	区县
540623201215	先培卓库村	92.302200	32.107599	0	12	44	区县
540623203228	帕玉村	92.302200	32.107599	0	12	44	区县
540623100001	塔杰居委会	92.302200	32.107599	0	12	34	区县
540628102205	琼仓纳村	94.053400	31.918500	0	12	44	区县
540622202216	波庆村	93.679400	31.480499	0	12	44	区县
540602209209	旁南村	92.050900	31.476199	0	0	24	城市
540628206213	切塘村	94.053400	31.918500	0	12	44	区县
540630101207	空隆村	88.836900	33.187600	0	0	35	区县
540623206211	曲布日村	92.302200	32.107599	0	12	44	区县
540626100201	强雄村	93.785600	31.886700	0	12	44	区县
540622201206	夏日村	93.679400	31.480499	0	12	44	区县
540628101215	夺加村	94.053400	31.918500	0	12	44	区县
540628205203	栋雄郭村	94.053400	31.918500	0	12	44	区县
540602100211	多木曲村	92.053400	31.469899	0	12	44	区县
540629211204	曲米村	87.236900	31.784700	0	10	33	区县
540621210208	学孔玛村	93.232300	30.640800	0	12	44	区县
540623205201	玛扎村	92.302200	32.107599	0	12	44	区县
540629201204	卡果村	87.236900	31.784700	0	10	43	区县
540621207220	查仓村	93.232300	30.640800	0	12	44	区县
540623210214	桑果村	92.302200	32.107599	0	12	44	区县
540629100207	俄永村	87.236900	31.784700	0	10	43	区县
540626202212	嘎达村	93.785600	31.886700	0	12	44	区县
540602100006	德吉居委会	92.053400	31.469899	0	12	34	区县
540627102203	加龙村	90.010300	31.392499	0	10	43	区县
540622100205	尼囊村	93.679400	31.480499	0	12	34	区县
540629207201	嘎青村	87.236900	31.784700	0	10	43	区县
540630200204	鲁玛扎村	88.836900	33.187600	0	0	35	区县
540623203204	玉日村	92.302200	32.107599	0	12	44	区县
540626201202	崩达村	93.785600	31.886700	0	12	44	区县
540627215205	桑姆村	90.010300	31.392499	0	10	43	区县
540622207203	中宗村	93.679400	31.480499	0	12	44	区县
540602202202	东热龙村	92.053400	31.469899	0	12	44	区县
540627205205	下地村	90.010300	31.392499	0	10	43	区县
540621201209	堆巴村	93.232300	30.640800	0	12	44	区县
540626206206	岗定卡村	93.785600	31.886700	0	12	44	区县
540622210207	塔果村	93.679400	31.480499	0	12	44	区县
540602101210	曲果嘎姆村	92.053400	31.469899	0	12	44	区县
540628204202	聂钦村	94.053400	31.918500	0	12	44	区县
540628100214	夺布村	94.053400	31.918500	0	12	44	区县
540602205206	东俄玛村	92.053400	31.469899	0	12	44	区县
540623207210	嘎格朗村	92.302200	32.107599	0	12	44	区县
540626206210	秀乃村	93.785600	31.886700	0	12	34	区县
540602205210	自日多嘎村	92.053400	31.469899	0	12	44	区县
540628100202	那布随村	94.053400	31.918500	0	12	44	区县
540622210211	日吾庆夺村	93.679400	31.480499	0	12	44	区县
540602101206	哈热村	92.053400	31.469899	0	12	44	区县
540623207206	查组村	92.302200	32.107599	0	12	34	区县
540629203203	扎欧茶翁村	87.236900	31.784700	0	10	28	区县
540626101216	秋嘎村	93.785600	31.886700	0	12	44	区县
540622203201	孔玛夺村	93.679400	31.480499	0	12	34	区县
540626202204	色库村	93.785600	31.886700	0	12	44	区县
540630203202	挪贵措果村	88.836900	33.187600	0	0	24	区县
540623210202	雪龙村	92.302200	32.107599	0	12	44	区县
540622204205	昂秀村	93.679400	31.480499	0	12	44	区县
540602211204	布玛村	92.053400	31.469899	0	12	44	区县
540622100213	杂达村	93.679400	31.480499	0	12	44	区县
540627216203	诺地村	90.010300	31.392499	0	10	43	区县
540623203212	其那村	92.302200	32.107599	0	12	44	区县
540622207215	察普村	93.679400	31.480499	0	12	44	区县
540627101205	那宗村	90.010300	31.392499	0	10	43	区县
540623206204	康荣村	92.302200	32.107599	0	12	44	区县
540629212201	谷寨村	87.236900	31.784700	0	10	43	区县
540626100214	亚安登村	93.785600	31.886700	0	12	44	区县
540630205204	拉玛布村	88.836900	33.187600	0	0	35	区县
540629202201	多玛村	87.236900	31.784700	0	10	43	区县
540622202203	卡孜琼村	93.679400	31.480499	0	12	34	区县
540628102210	帮庆囊村	94.053400	31.918500	0	12	44	区县
540628206206	沃琼村	94.053400	31.918500	0	12	44	区县
540602217202	巴热村	92.053400	31.469899	0	12	44	区县
540622201213	偌托村	93.679400	31.480499	0	12	44	区县
540602100204	玛庆村	92.053400	31.469899	0	12	44	区县
540627102001	那高查居委会	90.010300	31.392499	0	10	43	区县
540621209207	曲桑朵村	93.232300	30.640800	0	12	34	区县
540621207219	错查村	93.232300	30.640800	0	12	44	区县
540623212210	阿玛那促村	92.302200	32.107599	0	12	29	区县
540627100207	那拉玛村	90.010300	31.392499	0	10	43	区县
540622208209	帕列村	93.679400	31.480499	0	12	44	区县
540628202212	扎贡达村	94.053400	31.918500	0	12	44	区县
540626203206	定巴卡村	93.785600	31.886700	0	12	44	区县
540621204209	甲给村	93.232300	30.640800	0	12	44	区县
540629205205	那来村	87.236900	31.784700	0	10	43	区县
540628211202	改莫囊村	94.053400	31.918500	0	12	34	区县
540602200206	桑德村	92.053400	31.469899	0	12	44	区县
540627207201	加日村	90.010300	31.392499	0	10	43	区县
540602210206	贡玛村	92.053400	31.469899	0	12	44	区县
540622101211	布龙村	93.679400	31.480499	0	12	34	区县
540628201202	察曲松多村	94.053400	31.918500	0	12	44	区县
540629206203	多康巴村	87.236900	31.784700	0	10	43	区县
540623212206	索普村	92.302200	32.107599	0	12	44	区县
540621209211	森布库村	93.232300	30.640800	0	12	34	区县
540628202204	隆庆村	94.053400	31.918500	0	12	44	区县
540623100002	团结居委会	92.302200	32.107599	0	12	44	区县
540621100209	雀隆村	93.232300	30.640800	0	12	44	区县
540623201216	森卡村	92.302200	32.107599	0	12	44	区县
540628201214	帕布达村	94.053400	31.918500	0	12	44	区县
540627209209	加苏村	90.010300	31.392499	0	10	43	区县
540622101207	热萨村	93.679400	31.480499	0	12	44	区县
540627103201	多地村	90.010300	31.392499	0	10	43	区县
540602200210	巴林村	92.053400	31.469899	0	12	44	区县
540626100202	永纳库村	93.785600	31.886700	0	12	44	区县
540630101204	罗玛尼直村	88.836900	33.187600	0	0	24	区县
540623206212	恰青雄村	92.302200	32.107599	0	12	44	区县
540628206210	伦布雄村	94.053400	31.918500	0	12	44	区县
540628102206	那觉改村	94.053400	31.918500	0	12	44	区县
540622202215	玛热村	93.679400	31.480499	0	12	44	区县
540629211207	吉松村	87.236900	31.784700	0	10	43	区县
540623205202	多康巴村	92.302200	32.107599	0	12	44	区县
540602100212	拉托村	92.053400	31.469899	0	12	44	区县
540622201205	鲁卡村	93.679400	31.480499	0	12	44	区县
540628101216	格加村	94.053400	31.918500	0	12	44	区县
540628101001	改玛塘居委会	94.053400	31.918500	0	12	34	区县
540602100005	林廓居委会	92.053400	31.469899	0	12	63	区县
540622100206	玉贡村	93.679400	31.480499	0	12	44	区县
540629100204	吉姆村	87.236900	31.784700	0	10	43	区县
540626202211	几荣村	93.785600	31.886700	0	12	44	区县
540621101208	亚塘村	93.232300	30.640800	0	12	44	区县
540602202201	多尼村	92.053400	31.469899	0	12	44	区县
540627205206	琼果村	90.010300	31.392499	0	10	43	区县
540627101210	边前村	90.010300	31.392499	0	10	43	区县
540627215206	嘎穷村	90.010300	31.392499	0	10	43	区县
540623203207	西江松果村	92.302200	32.107599	0	12	44	区县
540626201201	索卡村	93.785600	31.886700	0	12	44	区县
540629207202	石康村	87.236900	31.784700	0	10	43	区县
540628100217	勒玛塘村	94.053400	31.918500	0	12	34	区县
540602205205	卡索村	92.053400	31.469899	0	12	44	区县
540622210204	达勒村	93.679400	31.480499	0	12	44	区县
540602101213	普拉村	92.053400	31.469899	0	12	44	区县
540628204201	察荣塘村	94.053400	31.918500	0	12	44	区县
540626206205	达亥村	93.785600	31.886700	0	12	44	区县
540602102203	当桑村	92.053400	31.469899	0	12	44	区县
540623207213	央日俄玛村	92.302200	32.107599	0	12	44	区县
540626101203	恰达卡村	93.785600	31.886700	0	12	44	区县
540622210212	玛库村	93.679400	31.480499	0	12	44	区县
540602101205	姆才村	92.053400	31.469899	0	12	44	区县
540628100201	扎勒卡村	94.053400	31.918500	0	12	44	区县
540623100203	卡莫村	92.302200	32.107599	0	12	44	区县
540627211204	卡我尼亚村	90.010300	31.392499	0	10	43	区县
540622203202	帕玛夺村	93.679400	31.480499	0	12	34	区县
540630204205	嘠喀玛村	88.836900	33.187600	0	0	35	区县
540626101215	括罗达村	93.785600	31.886700	0	12	44	区县
540626205203	如庆塘村	93.785600	31.886700	0	12	44	区县
540623207205	果庆村	92.302200	32.107599	0	12	44	区县
540602211207	扣热村	92.053400	31.469899	0	12	44	区县
540622100210	吉庆村	93.679400	31.480499	0	12	44	区县
540628210203	曲丹卡村	94.053400	31.918500	0	12	44	区县
540622204206	孔热村	93.679400	31.480499	0	12	44	区县
540630203201	查仓村	88.836900	33.187600	0	0	35	区县
540623210201	玛岗村	92.302200	32.107599	0	12	44	区县
540626202207	帕俄贡村	93.785600	31.886700	0	12	44	区县
540627215210	宗隆村	90.010300	31.392499	0	10	43	区县
540627101206	拉龙村	90.010300	31.392499	0	10	43	区县
540622209208	格康村	93.679400	31.480499	0	12	44	区县
540622207216	达德村	93.679400	31.480499	0	12	44	区县
540623203211	玛容村	92.302200	32.107599	0	12	44	区县
540602100208	噶庆村	92.053400	31.469899	0	12	34	区县
540624201207	古西东村	91.682500	32.265000	0	0	35	区县
540621203201	热须村	93.232300	30.640800	0	12	44	区县
540623206208	噶玛娘村	92.302200	32.107599	0	12	34	区县
540628100221	贡加久村	94.053400	31.918500	0	12	44	区县
540621204205	门塘库村	93.232300	30.640800	0	12	34	区县
540625202204	上仓贡玛村	88.710000	30.930400	0	10	43	区县
540621207215	那朗村	93.232300	30.640800	0	12	44	区县
540624101205	巴格村	91.682500	32.265000	0	0	24	区县
540622208205	亚扎村	93.679400	31.480499	0	12	44	区县
540623203227	尼斜村	92.302200	32.107599	0	12	44	区县
540624102203	拉姆措村	91.682500	32.265000	0	0	35	区县
540621100205	门门改村	93.232300	30.640800	0	12	44	区县
540621204213	夏玛村	93.232300	30.640800	0	12	44	区县
540627209205	嘎雄村	90.010300	31.392499	0	10	43	区县
540621207203	达董村	93.232300	30.640800	0	12	44	区县
540622208213	玛热村	93.679400	31.480499	0	12	44	区县
540628202208	多布囊村	94.053400	31.918500	0	12	44	区县
540625201202	下过村	88.710000	30.930400	0	10	33	区县
540621210207	阿托库村	93.232300	30.640800	0	12	44	区县
540624212201	措亚玛村	91.682500	32.265000	0	0	35	区县
540626101223	瓦多改村	93.785600	31.886700	0	12	44	区县
540626209216	童摸囊村	93.785600	31.886700	0	12	44	区县
540624202201	占木拉村	91.682500	32.265000	0	0	35	区县
540622201209	雅安朵村	93.679400	31.480499	0	12	44	区县
540630101208	加吾村	88.836900	33.187600	0	0	35	区县
540622202219	杰囊村	93.679400	31.480499	0	12	44	区县
540602209206	夏毕村	92.050900	31.476199	0	0	24	城市
540622209212	朵卡村	93.679400	31.480499	0	12	44	区县
540621206202	沃索村	93.232300	30.640800	0	12	44	区县
540621101204	奔达村	93.232300	30.640800	0	12	44	区县
540624103202	那前玛村	91.682500	32.265000	0	0	35	区县
540629100208	障乃村	87.236900	31.784700	0	10	43	区县
540625100201	那查村	88.740624	31.195445	0	25	70	乡镇
540622210208	多硕卡村	93.679400	31.480499	0	12	44	区县
540602205209	曲多村	92.053400	31.469899	0	12	44	区县
540621201206	东业村	93.232300	30.640800	0	12	44	区县
540626206209	措白卡村	93.785600	31.886700	0	12	44	区县
540628101220	拉隆达村	94.053400	31.918500	0	12	44	区县
540625204201	贡西村	88.710000	30.930400	0	10	43	区县
540623207209	康果村	92.302200	32.107599	0	12	44	区县
540626101219	拉色村	93.785600	31.886700	0	12	44	区县
540622202223	宗朋村	93.679400	31.480499	0	12	44	区县
540602101209	朵布村	92.053400	31.469899	0	12	44	区县
540621201210	崩达村	93.232300	30.640800	0	12	44	区县
540626208201	央达村	93.785600	31.886700	0	12	44	区县
540622209204	吉日村	93.679400	31.480499	0	12	44	区县
540623201220	阿或来村	92.302200	32.107599	0	12	44	区县
540629219206	卡觉村	87.236900	31.784700	0	10	43	区县
540625203205	几那村	88.710000	30.930400	0	10	43	区县
540621101212	普叶村	93.232300	30.640800	0	12	44	区县
540624207202	多卓如村	91.682500	32.265000	0	0	35	区县
540625203204	美朵雷村	88.710000	30.930400	0	10	33	区县
540621101213	亚庆村	93.232300	30.640800	0	12	44	区县
540624207203	藏占村	91.877555	32.692396	0	30	100	村庄
540622209205	嘎达村	93.679400	31.480499	0	12	44	区县
540623201221	布地加村	92.302200	32.107599	0	12	44	区县
540629219207	玛来村	87.236900	31.784700	0	10	43	区县
540622202222	达宗村	93.679400	31.480499	0	12	44	区县
540602101208	其色村	92.053400	31.469899	0	12	44	区县
540621201211	萨旺村	93.232300	30.640800	0	12	44	区县
540628101221	嘎隆达村	94.053400	31.918500	0	12	44	区县
540623207208	伟微村	92.302200	32.107599	0	12	34	区县
540621202201	美巴尔村	93.232300	30.640800	0	12	44	区县
540626101218	帕达村	93.785600	31.886700	0	12	44	区县
540625207206	普宗村	88.710000	30.930400	0	10	43	区县
540622210209	乌通村	93.679400	31.480499	0	12	44	区县
540602205208	萨尼普村	92.053400	31.469899	0	12	44	区县
540621201207	恰玉村	93.232300	30.640800	0	12	44	区县
540624213201	隆木村	91.682500	32.265000	0	0	35	区县
540626206208	江达村	93.785600	31.886700	0	12	44	区县
540621101205	萨钦隆村	93.232300	30.640800	0	12	44	区县
540624103203	布玛代村	91.682500	32.265000	0	0	35	区县
540629100209	曲巴村	87.236900	31.784700	0	10	43	区县
540622209213	扎桑村	93.679400	31.480499	0	12	44	区县
540621206203	林堤村	93.232300	30.640800	0	12	44	区县
540623208201	央庆布吉卡村	92.302200	32.107599	0	12	44	区县
540625101201	色宗村	88.710000	30.930400	0	10	43	区县
540622202218	耐普村	93.679400	31.480499	0	12	44	区县
540602209207	宗琼村	92.050900	31.476199	0	0	24	城市
540621210206	达日朵村	93.232300	30.640800	0	12	44	区县
540626101222	贡米村	93.785600	31.886700	0	12	44	区县
540626209217	弯入达村	93.785600	31.886700	0	12	44	区县
540622201208	斯达村	93.679400	31.480499	0	12	44	区县
540621207202	居隆村	93.232300	30.640800	0	12	34	区县
540622208212	旺宗村	93.679400	31.480499	0	12	44	区县
540628202209	查苏村	94.053400	31.918500	0	12	44	区县
540625201203	那宗村	88.710000	30.930400	0	10	43	区县
540624102202	再松村	91.682500	32.265000	0	0	35	区县
540623203226	帕玛村	92.302200	32.107599	0	12	44	区县
540621100204	达孜村	93.232300	30.640800	0	12	44	区县
540621204212	乃仓村	93.232300	30.640800	0	12	44	区县
540627209204	东嘎村	90.010300	31.392499	0	10	43	区县
540621207214	帕热村	93.232300	30.640800	0	12	44	区县
540629208206	那巴村	87.236900	31.784700	0	10	43	区县
540624101204	觉毛村	91.682485	32.260996	0	25	55	乡镇
540622208204	贡许村	93.679400	31.480499	0	12	44	区县
540625100001	嘎桑多居委会	88.710000	30.930400	0	10	33	区县
540629205208	卡公村	87.236900	31.784700	0	10	43	区县
540621204204	阿寨库村	93.232300	30.640800	0	12	44	区县
540625202205	强欧贡玛村	88.710000	30.930400	0	10	43	区县
540624201206	扣木扎庆村	91.682500	32.265000	0	0	18	区县
540623206209	其布村	92.302200	32.107599	0	12	44	区县
540628100220	佐雪圭村	94.053400	31.918500	0	12	44	区县
540626209201	旁嘎村	93.785600	31.886700	0	12	44	区县
540602100209	顿琼村	92.053400	31.469899	0	12	44	区县
540627215211	知荣村	90.010300	31.392499	0	10	43	区县
540622209209	热木塘村	93.679400	31.480499	0	12	34	区县
540627101207	热多村	90.010300	31.392499	0	10	43	区县
540622207217	帕荣村	93.679400	31.480499	0	12	44	区县
540626100002	赞丹雪第二居委会	93.785600	31.886700	0	12	44	区县
540623203210	斜嘎村	92.302200	32.107599	0	12	44	区县
540627216201	扣求村	90.010300	31.392499	0	10	43	区县
540622100211	迦然村	93.679400	31.480499	0	12	34	区县
540602211206	当布村	92.053400	31.469899	0	12	44	区县
540628210202	江亭贡村	94.053400	31.918500	0	12	44	区县
540622204207	刚夺村	93.679400	31.480499	0	12	44	区县
540626202206	当达村	93.785600	31.886700	0	12	44	区县
540627211205	贡曲村	90.010300	31.392499	0	10	43	区县
540622203203	察隆夺村	93.679400	31.480499	0	12	44	区县
540630204204	拉加鲁玛村	88.836900	33.187600	0	0	35	区县
540629203201	亚荣村	87.236900	31.784700	0	10	43	区县
540626101214	斯东卡村	93.785600	31.886700	0	12	34	区县
540626205202	如囊村	93.785600	31.886700	0	12	44	区县
540623207204	别仓村	92.302200	32.107599	0	12	44	区县
540602101204	凯玛村	92.053400	31.469899	0	12	44	区县
540622210213	肥塘村	93.679400	31.480499	0	12	44	区县
540627103001	多尔查居委会	90.010300	31.392499	0	10	33	区县
540623100202	查荣村	92.302200	32.107599	0	12	44	区县
540602102202	那卡角村	92.053400	31.469899	0	12	44	区县
540623207212	央日巴玛村	92.302200	32.107599	0	12	44	区县
540626101202	玉雄村	93.785600	31.886700	0	12	44	区县
540628100216	玛觉达村	94.053400	31.918500	0	12	44	区县
540602205204	乃琼村	92.053400	31.469899	0	12	44	区县
540602101212	那格村	92.053400	31.469899	0	12	44	区县
540622210205	郭那村	93.679400	31.480499	0	12	44	区县
540626206204	赤秀村	93.785600	31.886700	0	12	44	区县
540622207201	吾雄村	93.679400	31.480499	0	12	44	区县
540627205207	尼德村	90.010300	31.392499	0	10	43	区县
540627101211	场角村	90.010300	31.392499	0	10	43	区县
540627215207	俄桑扎那村	90.010300	31.392499	0	10	43	区县
540623203206	布曲村	92.302200	32.107599	0	12	44	区县
540629207203	白尔瓦村	87.236900	31.784700	0	10	33	区县
540629202001	鲁玛俄布居委会	87.236900	31.784700	0	10	28	区县
540602100004	色尼居委会	92.053400	31.469899	0	12	44	区县
540627102201	亚零村	90.010300	31.392499	0	10	43	区县
540622100207	切玛村	93.679400	31.480499	0	12	44	区县
540602211210	多雄村	92.053400	31.469899	0	12	44	区县
540629100205	布岗村	87.236900	31.784700	0	10	43	区县
540621101209	约青村	93.232300	30.640800	0	12	44	区县
540626202210	贡塔雪村	93.785600	31.886700	0	12	44	区县
540629201206	果迁村	87.236900	31.784700	0	10	33	区县
540629211206	载那村	87.236900	31.784700	0	10	33	区县
540623205203	格日村	92.302200	32.107599	0	12	44	区县
540628205201	玛紫村	94.053400	31.918500	0	12	44	区县
540602100213	路让村	92.053400	31.469899	0	12	34	区县
540622201204	达钦村	93.679400	31.480499	0	12	44	区县
540628101217	拉普亚唐村	94.053400	31.918500	0	12	34	区县
540626100203	杂色村	93.785600	31.886700	0	12	44	区县
540623206213	多赤雄村	92.302200	32.107599	0	12	44	区县
540630101205	曾康村	88.836900	33.187600	0	0	35	区县
540628206211	亭瓦达村	94.053400	31.918500	0	12	34	区县
540628102207	格夏贡村	94.053400	31.918500	0	12	44	区县
540622202214	喇嘛隆村	93.679400	31.480499	0	12	44	区县
540623100003	扎西居委会	92.302200	32.107599	0	12	44	区县
540621100208	扯仓村	93.232300	30.640800	0	12	44	区县
540623201217	古龙村	92.302200	32.107599	0	12	44	区县
540628201215	帕觉央日村	94.053400	31.918500	0	12	44	区县
540622101206	勒加库村	93.679400	31.480499	0	12	44	区县
540627209208	啊雄村	90.010300	31.392499	0	10	43	区县
540602200211	央扣村	92.053400	31.469899	0	12	44	区县
540628100001	棍郭居委会	94.053400	31.918500	0	12	44	区县
540629206202	土那村	87.236900	31.784700	0	10	33	区县
540626210201	加岗村	93.785600	31.886700	0	12	44	区县
540623212207	加日尼瓦村	92.302200	32.107599	0	12	44	区县
540621209210	隆那多村	93.232300	30.640800	0	12	44	区县
540602213201	扎西亚塘村	92.053400	31.469899	0	12	44	区县
540628202205	曲仲村	94.053400	31.918500	0	12	34	区县
540602203201	宗热格村	92.053400	31.469899	0	12	44	区县
540623201201	色龙村	92.302200	32.107599	0	12	44	区县
540626203207	德央雪村	93.785600	31.886700	0	12	44	区县
540623211201	格仓村	92.302200	32.107599	0	12	44	区县
540621204208	塔孔村	93.232300	30.640800	0	12	44	区县
540629205204	央龙曲帕村	87.236900	31.784700	0	10	28	区县
540630202201	玛威荣那村	88.836900	33.187600	0	0	35	区县
540628211203	改莫达村	94.053400	31.918500	0	12	44	区县
540602200207	阿达村	92.053400	31.469899	0	12	44	区县
540622101210	诺美尼村	93.679400	31.480499	0	12	44	区县
540602210207	姜垌村	92.053400	31.469899	0	12	44	区县
540628201203	门普地亚村	94.053400	31.918500	0	12	44	区县
540621209206	它悟切村	93.232300	30.640800	0	12	44	区县
540621207218	玛杂村	93.232300	30.640800	0	12	44	区县
540623212211	朵那村	92.302200	32.107599	0	12	44	区县
540622208208	亚东村	93.679400	31.480499	0	12	44	区县
540627100206	热前村	90.010300	31.392499	0	10	43	区县
540628202213	杂钦普村	94.053400	31.918500	0	12	44	区县
540628101201	夺昌村	94.053400	31.918500	0	12	44	区县
540622201212	列瓦村	93.679400	31.480499	0	12	44	区县
540602100205	楚布村	92.053400	31.469899	0	12	44	区县
540623206205	白嘎村	92.302200	32.107599	0	12	44	区县
540626100215	果巴塘村	93.785600	31.886700	0	12	44	区县
540622202202	玛隆村	93.679400	31.480499	0	12	44	区县
540628102211	帮琼囊村	94.053400	31.918500	0	12	44	区县
540628206207	卡吉松多村	94.053400	31.918500	0	12	34	区县
540602217203	俄色村	92.053400	31.469899	0	12	44	区县
540626209206	热庆囊村	93.785600	31.886700	0	12	44	区县
540622201219	墨荣村	93.679400	31.480499	0	12	34	区县
540624211201	美接岗村	91.682500	32.265000	0	0	24	区县
540624201201	东日村	91.682500	32.265000	0	0	35	区县
540621203207	杂姆拉布村	93.232300	30.640800	0	12	44	区县
540625101210	尼查村	88.710000	30.930400	0	10	33	区县
540622202209	森塘村	93.679400	31.480499	0	12	44	区县
540621204203	朗庆村	93.232300	30.640800	0	12	44	区县
540628211208	其康瓦玛村	94.053400	31.918500	0	12	44	区县
540625202202	普玛村	88.710000	30.930400	0	10	43	区县
540628201208	其木库村	94.053400	31.918500	0	12	44	区县
540629208201	过交村	87.236900	31.784700	0	10	43	区县
540624101203	酿心村	91.682500	32.265000	0	0	35	区县
540621207213	错董村	93.232300	30.640800	0	12	44	区县
540628202218	曲古村	94.053400	31.918500	0	12	44	区县
540622208203	达加村	93.679400	31.480499	0	12	44	区县
540623203221	楚布布村	92.302200	32.107599	0	12	44	区县
540624102205	措沟洛玛村	91.682500	32.265000	0	0	24	区县
540621100203	巴达村	93.232300	30.640800	0	12	44	区县
540627209203	啊古村	90.010300	31.392499	0	10	43	区县
540621207205	勒根村	93.232300	30.640800	0	12	44	区县
540624205203	隆嘠村	91.682500	32.265000	0	0	35	区县
540622208215	仲耐村	93.679400	31.480499	0	12	44	区县
540625201204	扎热罗玛村	88.710000	30.930400	0	10	43	区县
540626209210	美龙囊村	93.785600	31.886700	0	12	44	区县
540623205208	绰穷村	92.302200	32.107599	0	12	44	区县
540621210201	贡西顶村	93.232300	30.640800	0	12	44	区县
540602100218	罗岗村	92.053400	31.469899	0	12	44	区县
540623208206	杂龙那曲村	92.302200	32.107599	0	12	44	区县
540621203211	那布村	92.567414	30.466475	0	30	100	村庄
540626100208	卡玛村	93.785600	31.886700	0	12	44	区县
540625101206	多绕村	88.710000	30.930400	0	10	43	区县
540621206204	江久村	93.232300	30.640800	0	12	44	区县
540621101202	阿琼村	93.232300	30.640800	0	12	44	区县
540624103204	门列桑玛村	91.682500	32.265000	0	0	35	区县
540622201223	热若村	93.679400	31.480499	0	12	44	区县
540625204211	隆桑村	88.710000	30.930400	0	10	43	区县
540602102209	格托村	92.053400	31.469899	0	12	44	区县
540626101209	帕荣达村	93.785600	31.886700	0	12	44	区县
540625207201	门唐村	88.710000	30.930400	0	10	43	区县
540624213206	多玛米日贡欧村	91.682500	32.265000	0	0	35	区县
540625204207	色地村	88.710000	30.930400	0	10	43	区县
540628101226	岗巴塘村	94.053400	31.918500	0	12	34	区县
540621202206	处角玛村	93.232300	30.640800	0	12	44	区县
540626205209	达宗村	93.785600	31.886700	0	12	44	区县
540623100209	格那村	92.302200	32.107599	0	12	44	区县
540622209202	帕拉村	93.679400	31.480499	0	12	44	区县
540624100202	土若村	91.682500	32.265000	0	0	35	区县
540625203203	那切村	88.710000	30.930400	0	10	43	区县
540628210209	改恰卡村	94.053400	31.918500	0	12	44	区县
540624207204	曲日下玛村	91.682500	32.265000	0	0	57	区县
540621101214	东多村	93.232300	30.640800	0	12	44	区县
540626100212	优纳村	93.785600	31.886700	0	12	44	区县
540630205202	麦相村	88.836900	33.187600	0	0	35	区县
540623206202	娘玛村	92.302200	32.107599	0	12	44	区县
540602217204	白让村	92.053400	31.469899	0	12	44	区县
540628102216	贡庆达村	94.053400	31.918500	0	12	44	区县
540622202205	阿秀村	93.679400	31.480499	0	12	44	区县
540602100202	色尼雄塔村	92.053400	31.469899	0	12	44	区县
540622100001	其达居委会	93.679400	31.480499	0	12	34	区县
540622201215	昌帕村	93.679400	31.480499	0	12	34	区县
540628101206	热惹塘村	94.053400	31.918500	0	12	44	区县
540621209201	秋赤库村	93.232300	30.640800	0	12	44	区县
540627100201	岗果村	90.010300	31.392499	0	10	33	区县
540628202214	杂如卡村	94.053400	31.918500	0	12	44	区县
540602203210	东木玛布村	92.053400	31.469899	0	12	34	区县
540623211206	嘎方村	92.302200	32.107599	0	12	34	区县
540629205203	夏隆村	87.236900	31.784700	0	10	43	区县
540623201206	热达村	92.302200	32.107599	0	12	44	区县
540629210001	南居委会	87.236900	31.784700	0	10	43	区县
540628201204	桑雄底玛村	94.053400	31.918500	0	12	34	区县
540622101217	托那莫布村	93.679400	31.480499	0	12	44	区县
540627207207	加南村	90.010300	31.392499	0	10	43	区县
540628211204	曲格囊村	94.053400	31.918500	0	12	44	区县
540626210206	拉延村	93.785600	31.886700	0	12	44	区县
540629206205	东赛村	87.236900	31.784700	0	10	43	区县
540621207209	亚查村	93.232300	30.640800	0	12	44	区县
540602203206	康托村	92.053400	31.469899	0	12	44	区县
540628202202	扎若改村	94.053400	31.918500	0	12	44	区县
540602213206	亚里村	92.053400	31.469899	0	12	44	区县
540622208219	努玛村	93.679400	31.480499	0	12	44	区县
540624102209	欧赤村	91.682500	32.265000	0	0	35	区县
540623201210	索琼村	92.302200	32.107599	0	12	44	区县
540622101201	玉纳村	93.679400	31.480499	0	12	44	区县
540628201212	尼普庆村	94.053400	31.918500	0	12	44	区县
540630101202	申亚扎地村	88.836900	33.187600	0	0	35	区县
540623206214	尼玛隆村	92.302200	32.107599	0	12	44	区县
540626100204	乡庆达村	93.785600	31.886700	0	12	44	区县
540622202213	童莫村	93.679400	31.480499	0	12	34	区县
540628206216	莎嘎库村	94.053400	31.918500	0	12	44	区县
540627101001	玛荣刚地居委会	90.010300	31.392499	0	10	33	区县
540629211201	过扎村	87.236900	31.784700	0	10	43	区县
540623205204	加龙村	92.302200	32.107599	0	12	44	区县
540629201201	松多村	87.236900	31.784700	0	10	43	区县
540628101210	郭雄帕村	94.053400	31.918500	0	12	44	区县
540622201203	童达村	93.679400	31.480499	0	12	44	区县
540602100214	聂那村	92.053400	31.469899	0	12	44	区县
540627102206	南美村	90.010300	31.392499	0	10	43	区县
540602100003	罗布热地居委会	92.053400	31.469899	0	12	29	区县
540623210211	列玛村	92.302200	32.107599	0	12	44	区县
540629100202	玉加村	87.236900	31.784700	0	10	43	区县
540622207206	奇达村	93.679400	31.480499	0	12	44	区县
540602202207	嘎角村	92.053400	31.469899	0	12	44	区县
540630200201	达吾玛宗村	88.836900	33.187600	0	0	24	区县
540629207204	格玛罗玛村	87.236900	31.784700	0	10	33	区县
540623203201	曲美多东村	92.302200	32.107599	0	12	34	区县
540626201207	嘎瓦卡村	93.785600	31.886700	0	12	34	区县
540622210202	耐秀村	93.679400	31.480499	0	12	34	区县
540628204207	沃斯村	94.053400	31.918500	0	12	44	区县
540628100211	玉宗根村	94.053400	31.918500	0	12	44	区县
540602205203	察曲村	92.053400	31.469899	0	12	44	区县
540626206203	迪书卡村	93.785600	31.886700	0	12	44	区县
540602102205	彭让村	92.053400	31.469899	0	12	44	区县
540626101205	岗嘎村	93.785600	31.886700	0	12	34	区县
540628100207	瓦庆村	94.053400	31.918500	0	12	44	区县
540628204211	崩钦村	94.053400	31.918500	0	12	44	区县
540622210214	嘎塘村	93.679400	31.480499	0	12	44	区县
540602101203	达崩村	92.053400	31.469899	0	12	44	区县
540623100205	帮果村	92.302200	32.107599	0	12	44	区县
540622203204	曲荣夺村	93.679400	31.480499	0	12	34	区县
540627211202	嘎穷村	90.010300	31.392499	0	10	43	区县
540626205205	色昌卡村	93.785600	31.886700	0	12	34	区县
540623207203	帕曲通村	92.302200	32.107599	0	12	44	区县
540630204203	萨那沃村	88.836900	33.187600	0	0	35	区县
540626101213	拉朵塘村	93.785600	31.886700	0	12	44	区县
540628210205	秀直玛村	94.053400	31.918500	0	12	44	区县
540602211201	嘎堆巴热村	92.053400	31.469899	0	12	44	区县
540622100216	塘定村	93.679400	31.480499	0	12	44	区县
540627216206	杂那村	90.010300	31.392499	0	10	43	区县
540626202201	叶麦村	93.785600	31.886700	0	12	44	区县
540629204202	加玲加东村	87.236900	31.784700	0	10	33	区县
540623210207	多那村	92.302200	32.107599	0	12	44	区县
540628102001	普古格居委会	94.053400	31.918500	0	12	34	区县
540622207210	贡宁村	93.679400	31.480499	0	12	34	区县
540623203217	崩杰村	92.302200	32.107599	0	12	44	区县
540622207211	吉仁村	93.679400	31.480499	0	12	44	区县
540627101201	其龙村	90.010300	31.392499	0	10	43	区县
540623203216	来波村	92.302200	32.107599	0	12	44	区县
540628210204	杂隆塘村	94.053400	31.918500	0	12	44	区县
540622204201	桑布村	93.679400	31.480499	0	12	44	区县
540627216207	古嘎村	90.010300	31.392499	0	10	43	区县
540622100217	珠德村	93.679400	31.480499	0	12	44	区县
540623210206	玛地村	92.302200	32.107599	0	12	44	区县
540622203205	底吾达村	93.679400	31.480499	0	12	44	区县
540627211203	赛那村	90.010300	31.392499	0	10	43	区县
540626205204	强根卡村	93.785600	31.886700	0	12	34	区县
540623207202	查庆村	92.302200	32.107599	0	12	44	区县
540630204202	果根擦曲村	88.836900	33.187600	0	0	35	区县
540626101212	吉若塘村	93.785600	31.886700	0	12	44	区县
540628100206	仲格村	94.053400	31.918500	0	12	44	区县
540628204210	白让塘村	94.053400	31.918500	0	12	44	区县
540622101001	夏曲卡居委会	93.679400	31.480499	0	12	29	区县
540602101202	加贡村	92.053400	31.469899	0	12	44	区县
540622210215	萨塘村	93.679400	31.480499	0	12	44	区县
540623100204	罗普村	92.302200	32.107599	0	12	44	区县
540627100001	杰布多居委会	90.010300	31.392499	0	10	33	区县
540602102204	果科村	92.053400	31.469899	0	12	44	区县
540626101204	酷玉村	93.785600	31.886700	0	12	44	区县
540623207214	西合村	92.302200	32.107599	0	12	44	区县
540602101214	鸟曲村	92.053400	31.469899	0	12	44	区县
540622210203	法若村	93.679400	31.480499	0	12	34	区县
540628204206	布通村	94.053400	31.918500	0	12	44	区县
540628100210	达热村	94.053400	31.918500	0	12	44	区县
540602205202	岗拉村	92.053400	31.469899	0	12	44	区县
540626206202	克定村	93.785600	31.886700	0	12	44	区县
540629210201	北村	87.236900	31.784700	0	10	43	区县
540627215201	加隆村	90.010300	31.392499	0	10	43	区县
540622207207	迟塔村	93.679400	31.480499	0	12	44	区县
540627205201	吾前村	90.010300	31.392499	0	10	43	区县
540602202206	民庆格村	92.053400	31.469899	0	12	44	区县
540629207205	甲隆村	87.236900	31.784700	0	10	43	区县
540626201206	斯定卡村	93.785600	31.886700	0	12	44	区县
540627102207	保雄村	90.010300	31.392499	0	10	33	区县
540602100002	冲新居委会	92.053400	31.469899	0	12	44	区县
540622100201	美日村	93.679400	31.480499	0	12	44	区县
540623210210	帕格村	92.302200	32.107599	0	12	44	区县
540629100203	塘鲁村	87.236900	31.784700	0	10	43	区县
540624209201	夏杰欧切玛村	91.682500	32.265000	0	0	35	区县
540623205205	亚龙村	92.302200	32.107599	0	12	44	区县
540628101211	塔隆塘村	94.053400	31.918500	0	12	44	区县
540622201202	叮色村	93.679400	31.480499	0	12	44	区县
540602100215	达嘎多村	92.053400	31.469899	0	12	44	区县
540623206215	措崩村	92.302200	32.107599	0	12	44	区县
540630101203	牛维改栋村	88.836900	33.187600	0	0	24	区县
540626100205	巴格朵村	93.785600	31.886700	0	12	34	区县
540622202212	阿帮村	93.679400	31.480499	0	12	44	区县
540628102201	荣嘎村	94.053400	31.918500	0	12	44	区县
540623201211	玛尔杂村	92.302200	32.107599	0	12	44	区县
540624102208	擦高工玛村	91.682500	32.265000	0	0	35	区县
540628201213	玛尼央嘎村	94.053400	31.918500	0	12	44	区县
540630201201	依根索村	88.836900	33.187600	0	0	24	区县
540629206204	来无据村	87.236900	31.784700	0	10	43	区县
540623212201	康库村	92.302200	32.107599	0	12	44	区县
540621207208	改仁村	93.232300	30.640800	0	12	44	区县
540602203207	德色村	92.053400	31.469899	0	12	44	区县
540628202203	格隆改村	94.053400	31.918500	0	12	44	区县
540602213207	扎那村	92.053400	31.469899	0	12	44	区县
540622208218	旺耐村	93.679400	31.480499	0	12	44	区县
540623211207	色古龙巴村	92.302200	32.107599	0	12	34	区县
540629205202	索俄布村	87.236900	31.784700	0	10	33	区县
540623201207	查仓村	92.302200	32.107599	0	12	44	区县
540626203201	库巴村	93.785600	31.886700	0	12	44	区县
540628201205	多崩塘村	94.053400	31.918500	0	12	44	区县
540622101216	永嘎勒村	93.679400	31.480499	0	12	34	区县
540602210201	祖曲村	92.053400	31.469899	0	12	44	区县
540627207206	地如村	90.010300	31.392499	0	10	43	区县
540602200201	那若村	92.053400	31.469899	0	12	44	区县
540628211205	曲仲村	94.053400	31.918500	0	12	44	区县
540628202215	坡钦村	94.053400	31.918500	0	12	34	区县
540602100203	普仓村	92.053400	31.469899	0	12	44	区县
540622201214	吉仲村	93.679400	31.480499	0	12	44	区县
540628101207	格如塘村	94.053400	31.918500	0	12	34	区县
540626100213	色热塘村	93.785600	31.886700	0	12	34	区县
540630205203	格拉俄栋村	88.836900	33.187600	0	0	35	区县
540623206203	桑玉村	92.302200	32.107599	0	12	44	区县
540602217205	东庆村	92.053400	31.469899	0	12	44	区县
540628206201	纳贡村	94.053400	31.918500	0	12	44	区县
540628102217	雅安卡村	94.053400	31.918500	0	12	44	区县
540622202204	卡孜庆村	93.679400	31.480499	0	12	44	区县
540625203202	几地沃玛村	88.710000	30.930400	0	10	33	区县
540628210208	巴索过村	94.053400	31.918500	0	12	44	区县
540624207205	桑天曲果村	91.682500	32.265000	0	0	35	区县
540621101215	拉日村	93.232300	30.640800	0	12	44	区县
540622209203	娘达村	93.679400	31.480499	0	12	44	区县
540629219201	热日村	87.236900	31.784700	0	10	43	区县
540624100203	申格卡岗村	91.682500	32.265000	0	0	24	区县
540629209201	退雄加村	87.236900	31.784700	0	10	43	区县
540622202224	塘连村	93.679400	31.480499	0	12	44	区县
540626208206	瓦热村	93.785600	31.886700	0	12	44	区县
540623100208	嘎青村	92.302200	32.107599	0	12	44	区县
540625204206	格玛村	88.710000	30.930400	0	10	43	区县
540621202207	浪阿库村	93.232300	30.640800	0	12	44	区县
540624210201	纳青美追果村	91.682500	32.265000	0	0	35	区县
540626205208	亚冲村	93.785600	31.886700	0	12	44	区县
540624213207	多卓加江村	91.682500	32.265000	0	0	35	区县
540621201201	宁中岗村	93.232300	30.640800	0	12	34	区县
540625100206	仁那多村	88.710000	30.930400	0	10	43	区县
540622201222	贡定村	93.679400	31.480499	0	12	44	区县
540625204210	杂日村	88.710000	30.930400	0	10	43	区县
540602102208	幸仁村	92.053400	31.469899	0	12	34	区县
540626101208	翁达卡村	93.785600	31.886700	0	12	44	区县
540621101203	日瓦朵村	93.232300	30.640800	0	12	63	区县
540624103205	龙亚玛村	91.682500	32.265000	0	0	35	区县
540622101220	边塘村	93.679400	31.480499	0	12	44	区县
540621206205	帕隆巴村	93.232300	30.640800	0	12	44	区县
540626100209	叶口村	93.785600	31.886700	0	12	44	区县
540623208207	格布村	92.302200	32.107599	0	12	44	区县
540621203210	错果村	93.232300	30.640800	0	12	44	区县
540602209201	曲水贡玛村	92.050900	31.476199	0	0	24	城市
540625101207	玉拉村	88.710000	30.930400	0	10	43	区县
540626209211	尼朵塘村	93.785600	31.886700	0	12	44	区县
540624202206	玛索日村	91.682500	32.265000	0	0	35	区县
540623205209	达龙村	92.302200	32.107599	0	12	44	区县
540624212206	加布村	91.682500	32.265000	0	0	35	区县
540602100219	古帕村	92.053400	31.469899	0	12	44	区县
540625206201	亚色村	88.710000	30.930400	0	10	43	区县
540621207204	推郭布如村	93.232300	30.640800	0	12	44	区县
540624205202	龙仁村	91.682500	32.265000	0	0	35	区县
540622208214	那热村	93.679400	31.480499	0	12	44	区县
540625201205	白仓村	88.710000	30.930400	0	10	43	区县
540624102204	果加村	91.682500	32.265000	0	0	35	区县
540623203220	羽毛雄村	92.302200	32.107599	0	12	44	区县
540621100202	静莫村	93.232300	30.640800	0	12	34	区县
540627209202	巴嘎村	90.010300	31.392499	0	10	43	区县
540624101202	热卡村	91.682485	32.260996	0	25	70	乡镇
540621207212	错乃村	93.232300	30.640800	0	12	44	区县
540622208202	日新村	93.679400	31.480499	0	12	44	区县
540621204202	贡西村	93.232300	30.640800	0	12	44	区县
540628211209	玛琼村	94.053400	31.918500	0	12	44	区县
540625202203	德朗村	88.710000	30.930400	0	10	43	区县
540628201209	门热达村	94.053400	31.918500	0	12	44	区县
540621203206	多奇吾村	93.232300	30.640800	0	12	44	区县
540622202208	拉硅村	93.679400	31.480499	0	12	44	区县
540626209207	克杂达村	93.785600	31.886700	0	12	44	区县
540622201218	塘巴村	93.679400	31.480499	0	12	44	区县
