620102022001	排洪沟社区居委会	103.865568	36.035156	0	30	72	村庄
620123205202	马坡村委会	104.005580	35.779439	0	25	70	村庄
620122106203	大横村委会	103.827998	36.666943	1	80	100	政府机构
620104002010	山丹街东路社区居民委员会	103.623620	36.090559	0	30	51	道路
620105008009	桃林社区居委会	103.671996	36.137304	0	25	70	乡镇
620123102204	新窑坡村委会	104.279620	35.769270	0	30	58	村庄
620121109213	长川村委会	103.438520	36.618050	0	30	72	村庄
620102018002	和政东街社区居委会	103.844019	36.040802	0	40	77	道路
620121110209	童家窑村委会	103.388308	36.480793	0	18	40	乡镇
620123100002	一悟路居委会	104.113660	35.844728	0	40	77	道路
620103100201	马泉村民委员会	103.849483	35.888464	0	18	49	乡镇
620102008002	詹家拐子社区居委会	103.837440	36.046161	1	80	100	政府机构
620102025005	北面滩村社区居委会	103.817890	36.059719	1	80	95	购物
620104006004	临洮街后街社区居民委员会	103.603000	36.102851	0	40	59	道路
620121103219	大利村委会	103.171640	36.882470	0	25	70	乡镇
620123202206	郭家营村委会	104.120434	35.788785	0	18	66	乡镇
620123106210	东滩村委会	104.246020	36.344200	0	30	72	村庄
620105002003	万里社区居委会	103.730101	36.104672	0	25	70	乡镇
620103103211	西津村民委员会	103.752561	35.969329	0	18	49	乡镇
620123212206	金营村委会	104.479500	36.357989	0	30	72	村庄
620104005002	西固巷社区居民委员会	103.617730	36.103860	0	40	65	道路
620121204209	岢岱村委会	103.047340	36.513589	0	25	47	村庄
620105001005	培黎社区居委会	103.745118	36.101860	1	80	100	政府机构
620122102201	忠和村委会	103.822123	36.186994	1	80	100	政府机构
620111104200	旋子村民委员会	102.911338	36.322245	0	30	72	村庄
620111101002	大通路社区居民委员会	102.869940	36.339800	1	80	95	政府机构
620103103207	上果园村民委员会	103.752561	35.969329	0	18	49	乡镇
620123106206	红岘村委会	104.188720	36.327439	0	25	47	乡镇
620123202210	红寺村委会	104.183840	35.769479	0	30	72	村庄
620123108218	石头沟村委会	104.076505	35.884507	1	80	100	政府机构
620122105205	燕儿坪村委会	103.852350	36.306790	0	25	47	乡镇
620171102219	薛家铺村委会	103.598997	36.656424	1	80	100	政府机构
620111103204	张家寺村民委员会	103.288202	36.163306	1	80	97	政府机构
620103101001	八里窑社区居委会	103.805907	36.047253	1	80	95	地产小区
620103104203	张家岭村民委员会	103.728964	35.972696	1	80	97	政府机构
620121202220	宽沟村委会	102.890737	36.831400	1	80	100	政府机构
620123101202	太平堡村委会	104.170603	35.971532	1	80	100	政府机构
620123205214	旧庄沟村委会	104.005580	35.779439	0	25	47	村庄
620104002006	三姓庄社区居民委员会	103.639470	36.092589	0	25	47	乡镇
620102021007	亭子村社区居委会	103.840870	36.067261	0	30	72	村庄
620171101209	陈家井村委会	103.586106	36.591546	1	80	100	政府机构
620102024205	青石湾村民委员会	103.924555	36.063191	0	80	72	村庄
620121109205	泉水沟村委会	103.364574	36.592082	1	80	100	政府机构
620105006001	农大社区居委会	103.710781	36.094900	0	30	72	乡镇
620123107207	安家营村委会	104.113000	35.843099	0	14	37	区县
620103102206	西坪村民委员会	103.724350	36.066331	0	30	72	村庄
620121103223	石家滩村委会	103.038774	36.869642	0	16	38	乡镇
620123200201	火家店村委会	104.034917	36.039847	1	80	100	政府机构
620123210201	高窑沟村委会	104.404000	36.024460	0	30	72	村庄
620104004003	西固中路北社区居民委员会	103.635481	36.098168	0	30	51	道路
620122100210	丰水村委会	103.983938	36.455659	1	80	100	政府机构
620104001201	范坪村民委员会	103.671590	36.079581	0	30	72	村庄
620123207205	清水村委会	104.237070	35.872619	0	30	72	村庄
620123103213	大耳朵村委会	104.146605	36.061286	0	16	38	乡镇
620103004008	西津社区居委会	103.751558	36.076808	0	30	58	乡镇
620102020006	定西路社区居委会	103.861610	36.041379	0	40	77	道路
620104003007	庄浪西路社区居民委员会	103.623530	36.095799	0	40	65	道路
620123110203	大坪屲村委会	104.360880	36.075969	0	30	58	UNKNOWN
620123100203	杨家庄村委会	104.107300	35.834789	0	30	72	村庄
620111102205	河嘴村民委员会	103.122339	36.274725	0	16	47	乡镇
620122104204	高山村委会	103.698119	36.318420	1	80	100	政府机构
620103009006	大滩社区居委会	103.676225	36.084404	1	80	100	政府机构
620123103205	齐家坪村委会	104.146605	36.061286	0	16	65	乡镇
620123207213	王家湾村委会	104.259410	35.836121	0	30	72	村庄
620104003011	福利西路社区居民委员会	103.618320	36.095320	0	30	58	道路
620111104001	红古社区居民委员会	103.002066	36.277825	0	18	49	乡镇
620123214203	柳树村委会	104.322907	36.208288	1	80	100	政府机构
620105004006	黄河家园社区	103.755921	36.088519	0	60	100	地产小区
620123204203	打磨沟村委会	103.903841	35.821060	1	80	100	政府机构
620103201202	柳树湾村民委员会	103.840600	35.930021	1	80	100	政府机构
620104005203	光月山村民委员会	103.632060	36.043029	1	80	97	UNKNOWN
620103102210	任家庄村民委员会	103.723410	36.044501	1	80	100	政府机构
620123107211	水岔沟村委会	103.993380	35.911309	0	30	58	村庄
620105003002	元台子社区居委会	103.649567	36.139539	1	80	95	地产小区
620104007005	古浪路社区居民委员会	103.617252	36.125821	1	80	100	政府机构
620102009003	广后街社区居委会	103.810239	36.049464	1	80	100	政府机构
620123104201	和平村委会	103.974480	36.000050	0	30	72	村庄
620121111208	杏花村委会	103.545878	36.255940	1	80	100	政府机构
620102019003	西村社区居委会	103.835040	36.038791	0	40	58	乡镇
620121101208	凤山村委会	103.391630	36.415949	0	30	72	村庄
620122100206	豆家庄村委会	103.967460	36.276079	1	80	100	政府机构
620171101213	红玉村委会	103.666930	36.532929	0	60	76	UNKNOWN
620123102208	裴家岔村委会	104.314100	35.746760	0	30	58	UNKNOWN
620104100206	青石台村民委员会	103.466960	36.143960	0	30	72	UNKNOWN
620105008005	东门社区居委会	103.687564	36.130967	1	80	100	政府机构
620171102203	尹家庄村委会	103.559040	36.667790	0	30	72	村庄
620103006003	中院社区居委会	103.766362	36.049868	1	80	100	政府机构
620102012004	亚太社区居委会	103.830181	36.085010	0	30	58	乡镇
620111001004	新村社区居民委员会	102.913046	36.438472	0	20	41	乡镇
620102002004	曹家厅社区居委会	103.828672	36.055551	1	70	92	UNKNOWN
620121104211	主卜村委会	102.864280	36.425889	1	80	95	UNKNOWN
620103001007	五星坪社区居委会	103.786553	36.056378	1	80	100	政府机构
620102010202	头营村民委员会	103.845070	36.012491	0	30	72	村庄
620121103215	马荒村委会	103.171640	36.882470	0	25	70	乡镇
620123108202	麻家寺村委会	104.035153	35.882401	1	80	100	政府机构
620121110205	水槽沟村委会	103.390474	36.480096	1	80	100	政府机构
620121100205	五渠村委会	103.243230	36.712010	0	18	66	乡镇
620104104204	岸门村民委员会	103.590215	36.115952	0	25	55	乡镇
620121103203	新民村委会	103.078760	36.893240	0	30	72	村庄
620123108214	张家坪村委会	104.070396	35.910787	0	16	65	乡镇
620121113203	涧沟村委会	103.387040	36.722371	0	16	65	乡镇
620103002001	理工大社区居委会	103.786000	36.065901	0	16	33	区县
620102003204	沙洼河村民委员会	103.878445	36.059936	0	50	82	UNKNOWN
620102006006	五泉村社区	103.827690	36.038180	0	30	100	村庄
620121110213	大涝池村委会	103.388308	36.480793	0	18	66	乡镇
620121204205	地沟村委会	103.047340	36.513589	0	25	70	村庄
620102016006	天水南路社区居委会	103.854469	36.044101	0	40	77	道路
620102024209	青山村民委员会	103.971860	36.086880	0	30	72	村庄
620171101205	尖山庙村委会	103.636530	36.564679	0	30	58	村庄
620103005005	三角线社区居委会	103.759825	36.066382	0	30	72	乡镇
620102001002	张家园社区居委会	103.833942	36.045991	1	70	92	地产小区
620111002002	新跃社区居民委员会	102.886902	36.396014	0	20	41	道路
620121109209	青寺村委会	103.382827	36.531891	0	25	55	旅游景点
620102011002	金城关社区居委会	103.802010	36.070590	1	80	100	政府机构
620111103208	岗子村民委员会	103.329059	36.148534	0	30	72	村庄
620171102215	西昌村委会	103.666930	36.532929	0	60	87	UNKNOWN
620121104207	蒋家坪村委会	102.863910	36.498330	0	30	72	村庄
620121114207	临坪村委会	103.118133	36.688251	1	80	100	政府机构
620121112202	红井槽村委会	103.634200	36.700289	0	30	58	UNKNOWN
620121102202	汪家湾村委会	103.204116	36.847588	0	18	66	乡镇
620121201210	英鸽咀村委会	103.355120	36.965021	0	25	43	村庄
620102400401	高新区南面滩社区	103.898124	36.049199	0	50	100	UNKNOWN
620121100004	西街居委会	103.243230	36.712010	0	18	66	乡镇
620104102201	河口村民委员会	103.441130	36.173810	0	30	72	村庄
620121105206	永和村委会	102.837509	36.575825	1	80	100	政府机构
620122104208	三坪村委会	103.631970	36.258759	0	25	70	乡镇
620171103214	赵家铺村委会	103.747762	36.474352	1	80	100	政府机构
620102015201	长洼山村民委员会	103.934615	36.038804	0	25	55	乡镇
620102010003	杨家沟社区居委会	103.810131	36.055968	1	80	100	政府机构
620111003003	山根社区居民委员会	102.901034	36.417968	0	30	51	道路
620123207209	建家营村委会	104.200689	35.806490	1	80	100	政府机构
620102003005	张苏滩社区居委会	103.876016	36.054223	0	40	77	UNKNOWN
620121201206	歇地沟村委会	103.355120	36.965021	0	25	47	村庄
620102013005	红西村社区居委会	103.844640	36.033363	0	30	72	村庄
620171103202	岘子村委会	103.844461	36.423189	1	80	100	政府机构
620103007002	龚家坪西路社区居委会	103.736059	36.050730	0	40	77	道路
620123103209	寺隆沟村委会	104.071139	36.030631	1	80	100	政府机构
620121202216	黑龙村委会	102.938770	36.749620	0	25	70	村庄
620123209201	李家坪村委会	104.388260	35.808821	0	30	72	村庄
620121101204	华家山村委会	103.392420	36.459009	0	25	70	乡镇
620121111204	毛茨村委会	103.592530	36.311730	0	25	47	乡镇
620123109203	祁家河村委会	104.136088	35.683262	0	16	65	乡镇
620102004001	木塔巷社区居委会	103.819011	36.061108	0	50	82	道路
620121112214	东昌村委会	103.629771	36.721679	0	25	70	乡镇
620102014001	拱星墩后街社区居委会	103.892520	36.040410	0	50	82	道路
620123109202	黄坪村委会	104.136088	35.683262	0	16	65	乡镇
620121112215	天山村委会	103.649090	36.711480	0	30	72	村庄
620121101205	野泉村委会	103.392420	36.459009	0	25	47	乡镇
620121111205	哈家咀村委会	103.592530	36.311730	0	25	47	乡镇
620121106201	周家庄村委会	103.433600	36.272260	0	25	70	乡镇
620104101206	龙爪山村民委员会	103.510620	36.107929	0	30	72	村庄
620123103208	窦家营村委会	104.146605	36.061286	0	16	38	乡镇
620121202217	大湾村委会	102.841081	36.795135	1	80	100	政府机构
620102003004	沙洼河社区居委会	103.878445	36.059936	0	50	82	UNKNOWN
620102013004	红三村社区居委会	103.857830	36.031320	1	80	100	政府机构
620121201207	横沟村委会	103.349660	36.866250	0	30	72	村庄
620171103203	团庄村委会	103.829036	36.436684	1	80	100	政府机构
620103007003	龚家坪东路社区居委会	103.746482	36.055630	0	40	77	道路
620102010002	前街社区居委会	103.851223	36.013131	0	18	66	乡镇
620121202201	细沟村委会	102.905590	36.592260	0	30	58	村庄
620111003002	下街社区居民委员会	102.901034	36.417968	0	30	51	道路
620123207208	苏家堡村委会	104.235510	35.870299	0	25	70	乡镇
620103004005	任家庄街东社区居委会	103.766510	36.071439	0	40	77	道路
620121201211	井儿沟村委会	103.355120	36.965021	0	25	70	村庄
620102400400	高新区均家滩社区	103.892115	36.055568	0	50	100	UNKNOWN
620121105207	明家庄村委会	102.866723	36.553646	1	80	100	政府机构
620122104209	朱家井村委会	103.690831	36.164444	1	80	100	政府机构
620171103215	窝窝井村委会	103.766553	36.435491	1	80	100	政府机构
620111102208	湟兴村民委员会	103.177090	36.183561	0	30	72	村庄
620121112203	砂梁墩村委会	103.675790	36.696215	1	80	100	政府机构
620121102203	塘土湾村委会	103.215457	36.785304	1	80	100	政府机构
620102017006	平凉路社区居委会	103.849240	36.046620	1	80	100	政府机构
620103003001	建兰路社区居委会	103.773360	36.073201	0	40	77	道路
620111103209	河湾村民委员会	103.279892	36.190884	0	18	49	乡镇
620171102214	建新村委会	103.586250	36.680869	0	30	72	地产小区
620121104206	乐山村委会	102.877290	36.475360	0	30	72	村庄
620104103201	岔路村民委员会	103.369844	36.177708	0	18	49	乡镇
620121114206	青岭村委会	103.087403	36.621737	0	16	38	乡镇
620171101204	何家梁村委会	103.658098	36.537744	1	80	100	政府机构
620102024208	马家沟村民委员会	103.934790	36.119699	0	30	72	村庄
620103005004	西客站社区居委会	103.759825	36.066382	0	30	72	乡镇
620102001003	中街子社区居委会	103.828617	36.052653	1	80	100	政府机构
620111002003	二坪台社区居民委员会	102.886902	36.396014	0	20	36	道路
620121109208	新农村村委会	103.381191	36.538377	1	80	100	政府机构
620102011003	白塔山社区居委会	103.810766	36.074467	0	30	72	村庄
620121110212	官路沟村委会	103.388308	36.480793	0	18	66	乡镇
620121204204	苏家峡村委会	103.102821	36.356948	0	50	73	UNKNOWN
620103001010	文化宫社区居委会	103.798708	36.057682	0	30	72	乡镇
620121103202	富强堡村委会	103.146620	36.922506	1	80	100	政府机构
620123108215	魏家沟村委会	104.070396	35.910787	0	16	65	乡镇
620104104205	漫坡头村民委员会	103.590215	36.115952	0	25	47	乡镇
620121113202	牌路村委会	103.387040	36.722371	0	16	65	乡镇
620121110204	龙泉村委会	103.388448	36.491469	1	80	100	政府机构
620121100204	高家湾村委会	103.260290	36.709690	1	80	100	政府机构
620103001006	柏树巷社区居委会	103.798708	36.057682	0	30	58	乡镇
620102015001	桃树坪社区居委会	103.932080	36.036070	1	80	100	政府机构
620102010203	二营村民委员会	103.851223	36.013131	0	18	49	乡镇
620121113214	教场村委会	103.317530	36.791030	0	30	72	UNKNOWN
620102005001	小雁滩村社区居委会	103.873530	36.065439	1	80	100	政府机构
620121103214	兰草村委会	103.171640	36.882470	0	25	70	乡镇
620123108203	秦启营村委会	104.042309	35.873768	1	80	100	政府机构
620171102202	炮台村委会	103.576930	36.681619	0	30	72	村庄
620103006002	晏家坪铁路院社区居委会	103.769267	36.049113	0	30	72	村庄
620102012005	大砂坪社区居委会	103.832802	36.077863	0	40	77	商圈
620121114210	涝池村委会	103.087403	36.621737	0	16	65	乡镇
620102002005	大众巷社区居委会	103.822207	36.061340	1	80	100	政府机构
620121104210	敖塔村委会	102.886130	36.499881	0	25	47	乡镇
620171101212	宗家梁村委会	103.666930	36.532929	0	60	74	UNKNOWN
620123208201	水家坡村委会	104.252040	35.627038	0	18	35	村庄
620123102209	树梓沟村委会	104.264520	35.727131	0	30	58	村庄
620121102002	金城居委会	103.224999	36.790340	1	80	100	政府机构
620105008004	红艺社区居委会	103.671996	36.137304	0	25	55	乡镇
620102009002	南城根社区居委会	103.842180	36.055181	1	80	100	政府机构
620103101201	岘口子村民委员会	103.868173	35.937633	0	80	72	村庄
620102019002	居安社区居委会	103.834630	36.037811	1	80	100	政府机构
620121101209	玉山村委会	103.384790	36.446560	0	30	72	村庄
620122100207	文山村委会	103.976737	36.245775	1	80	100	政府机构
620123213206	黑虎子村委会	104.382144	36.222956	0	16	33	乡镇
620105003003	沙井驿社区居委会	103.613241	36.150362	0	20	50	乡镇
620123107210	矿湾村委会	103.999073	35.953453	0	18	40	乡镇
620104007004	月牙桥社区居民委员会	103.615163	36.116250	0	40	51	乡镇
620123214202	仁和村委会	104.329180	36.164844	0	30	72	村庄
620123100214	分豁岔村委会	104.090608	35.846386	0	18	40	乡镇
620123204202	孙家湾村委会	103.892850	35.826370	0	30	72	村庄
620103201203	龙池村民委员会	103.814210	35.924219	0	30	72	村庄
620102023001	焦家湾东社区居委会	103.894815	36.036565	0	40	77	商圈
620123103204	梁家湾村委会	104.126519	36.002955	1	80	100	政府机构
620123207212	红坪村委会	104.235510	35.870299	0	25	70	乡镇
620104003010	兰化二十二街区社区居民委员会	103.616172	36.092558	1	80	92	地产小区
620122102001	盐池社区	103.801650	36.228320	0	25	70	乡镇
620111101202	虎头崖村民委员会	102.887450	36.338121	1	80	100	政府机构
620123110202	吕家岘村委会	104.384680	36.068168	0	16	38	乡镇
620123100202	南坡湾村委会	104.097020	35.824310	0	30	58	村庄
620103100001	大水子社区居委会	103.843830	35.901721	0	60	87	UNKNOWN
620111102204	北山村民委员会	103.092610	36.233299	0	30	72	村庄
620122104205	钱家窑村委会	103.683991	36.269497	1	80	100	政府机构
620103009007	郑家庄中心坪社区居委会	103.715095	36.081351	0	30	72	道路
620123207204	岘坪村委会	104.235510	35.870299	0	25	47	乡镇
620105007001	刘家堡社区居委会	103.694486	36.099272	0	50	82	UNKNOWN
620123103212	大涝池村委会	104.146605	36.061286	0	16	65	乡镇
620104003006	红星社区居民委员会	103.629813	36.093524	1	80	92	地产小区
620121103222	缸子沟村委会	103.031716	36.852102	1	80	100	政府机构
620122100211	阳洼窑村委会	104.017485	36.402808	0	16	33	乡镇
620104004002	兰棉厂社区居民委员会	103.637128	36.095206	0	50	68	UNKNOWN
620123107206	猪咀岭村委会	103.999073	35.953453	0	18	40	乡镇
620122103201	上车村委会	104.001754	36.155590	1	80	100	政府机构
620104002007	庄浪东路西社区居民委员会	103.646920	36.088080	0	30	51	道路
620102021006	草场街村社区居委会	103.826340	36.075259	0	30	72	村庄
620103005008	建西东路社区居委会	103.768903	36.062370	0	40	77	道路
620102024204	碱水沟村民委员会	103.913955	36.069862	0	80	72	村庄
620171101208	廖家槽村委会	103.666930	36.532929	0	60	76	UNKNOWN
620121109204	南同村委会	103.349070	36.615280	0	25	70	乡镇
620122105204	水阜村委会	103.852350	36.306790	0	25	47	乡镇
620171102218	龙西村委会	103.560995	36.647039	1	80	100	政府机构
620111103205	夹滩村民委员会	103.279892	36.190884	0	18	49	乡镇
620103104202	蒋家湾村民委员会	103.727460	35.965471	0	30	72	村庄
620121202221	小有村委会	102.938770	36.749620	0	25	47	村庄
620123101203	夏官营村委会	104.215023	36.026904	0	16	65	乡镇
620123205215	阳屲村委会	104.121360	35.878999	0	30	58	UNKNOWN
620111104201	王家口村民委员会	102.947950	36.295821	0	30	72	村庄
620111101003	西苑社区居民委员会	102.884765	36.349405	0	18	40	乡镇
620103103206	堡子村民委员会	103.741390	35.953300	0	30	72	村庄
620123106207	改地村委会	104.188720	36.327439	0	25	47	乡镇
620123202211	永红村委会	104.120434	35.788785	0	18	66	乡镇
620104005003	桃园社区居民委员会	103.623245	36.048301	0	20	41	乡镇
620121204208	雄湾村委会	103.124660	36.508071	0	30	58	村庄
620105001004	甘铝社区居委会	103.738438	36.119670	0	25	70	道路
620123201201	周前村委会	104.132020	35.856820	0	30	72	村庄
620102025004	刘家滩村社区居委会	103.894377	36.056340	1	80	100	政府机构
620104006005	临洮街中街社区居民委员会	103.603000	36.102851	0	40	59	道路
620121103218	旅顺村委会	103.171640	36.882470	0	25	47	乡镇
620123202207	李家营村委会	104.120434	35.788785	0	18	66	乡镇
620105002002	费家营社区居委会	103.720122	36.106035	1	80	100	政府机构
620123106211	红湾村委会	104.247419	36.342333	1	80	100	政府机构
620103103210	王家坪村民委员会	103.777330	36.006170	0	30	72	村庄
620102018003	铁路新村社区居委会	103.844581	36.038913	0	40	72	乡镇
620121110208	费家湾村委会	103.388308	36.480793	0	18	66	乡镇
620123105201	三墩营村委会	104.279760	35.822980	0	30	58	UNKNOWN
620123100003	栖云北路居委会	104.112840	35.850819	1	80	100	政府机构
620102008003	王家庄社区居委会	103.837440	36.046161	1	80	100	政府机构
620104002011	兰平玻璃厂西区社区居民委员会	103.639470	36.092589	0	25	40	乡镇
620122106202	白坡村委会	103.878059	36.786254	1	80	100	政府机构
620105008008	河涝坡社区居委会	103.682332	36.124063	0	30	72	村庄
620123102205	马家集村委会	104.273228	35.709116	0	18	40	乡镇
620121109212	跌马沟村委会	103.401236	36.622010	1	80	100	政府机构
620104001001	西固中路社区居民委员会	103.635481	36.098168	0	30	58	道路
620123205203	窑沟村委会	103.998190	35.794799	0	30	72	村庄
620105005006	科苑社区居委会	103.724357	36.097997	1	80	100	政府机构
620171101215	平岘村委会	104.019740	36.337341	0	30	47	UNKNOWN
620122106209	中窑村委会	103.931954	36.408896	1	80	100	政府机构
620105008003	南门社区居委会	103.671996	36.137304	0	25	70	乡镇
620123208206	花寨子村委会	103.851394	35.975914	1	80	100	政府机构
620103006005	西院社区居委会	103.769267	36.049113	0	30	58	村庄
620171102205	保家窑村委会	103.711470	36.563280	0	30	47	UNKNOWN
620123205208	张家寺村委会	104.005580	35.779439	0	25	70	村庄
620102002002	山字石社区居委会	103.829230	36.056900	1	80	100	政府机构
620102012002	庙滩子社区居委会	103.829135	36.069793	0	30	72	村庄
620111001002	团结社区居民委员会	102.913046	36.438472	0	20	41	乡镇
620111004200	下海石村民委员会	102.859000	36.345699	0	14	32	区县
620103001001	下西园社区居委会	103.802090	36.060450	0	40	77	道路
620121103213	兑角村委会	103.171640	36.882470	0	25	47	乡镇
620123108204	朱家沟村委会	104.055340	35.878039	0	30	72	村庄
620102010204	三营村民委员会	103.851223	36.013131	0	18	66	乡镇
620102015006	店子街村社区居委会	103.916703	36.041022	0	30	72	村庄
620121113213	红沙川村委会	103.353590	36.784020	0	30	58	UNKNOWN
620121105001	铁家台居委会	102.817090	36.606330	0	30	72	UNKNOWN
620121100203	百灵观村委会	103.243230	36.712010	0	18	40	乡镇
620121110203	胡家湾村委会	103.388258	36.492724	1	80	100	政府机构
620121113205	营儿村委会	103.387040	36.722371	0	16	65	乡镇
620104104202	东坪村民委员会	103.587540	36.099889	0	30	72	村庄
620121103205	霍家湾村委会	103.171640	36.882470	0	25	70	乡镇
620123108212	金家营村委会	104.070396	35.910787	0	16	65	乡镇
620103002007	小西湖西街社区居委会	103.786010	36.067502	0	40	77	道路
620121110215	碱柴井村委会	103.388308	36.480793	0	18	35	乡镇
620121204203	官川村委会	103.047340	36.513589	0	25	70	村庄
620102003202	滩尖子村民委员会	103.858938	36.065857	0	30	72	村庄
620103005003	西站西路社区居委会	103.765970	36.066378	1	80	100	政府机构
620171101203	周家梁村委会	103.625190	36.537429	0	30	58	UNKNOWN
620111002004	沙窝社区居民委员会	102.886902	36.396014	0	20	41	道路
620123208210	庙咀村委会	104.274227	35.641766	0	30	72	村庄
620102011004	朝阳村社区居委会	103.811848	36.076587	0	30	58	乡镇
620102001004	南稍门社区居委会	103.830965	36.052785	1	80	100	政府机构
620171102213	新园村委会	103.608560	36.636011	0	30	72	村庄
620123101208	郝家湾村委会	104.215023	36.026904	0	16	65	乡镇
620121114201	牌楼村委会	103.029590	36.644939	0	30	72	村庄
620103104209	邵家洼村民委员会	103.636620	35.961899	1	80	100	政府机构
620121104201	河桥村委会	102.881817	36.529003	1	80	100	政府机构
620102007001	安定门社区居委会	103.818640	36.051369	1	80	100	政府机构
620102017001	农民巷东社区居委会	103.853869	36.052881	0	40	77	道路
620111004001	华龙社区居民委员会	102.859000	36.345699	0	14	32	区县
620103003006	兰石社区居委会	103.770652	36.075234	1	80	100	政府机构
620104004009	清水桥社区居民委员会	103.622704	36.117440	0	30	51	乡镇
620104100001	河口南社区居民委员会	103.458787	36.149038	0	16	33	乡镇
620121102204	中堡村委会	103.204116	36.847588	0	18	66	乡镇
620123109213	新营村委会	104.184030	35.705859	0	30	72	村庄
620121112204	甘露池村委会	103.679824	36.736521	1	80	100	政府机构
620104102207	张家台村民委员会	103.408850	36.146869	0	30	72	UNKNOWN
620123110209	套岔岘村委会	104.268040	36.156161	0	30	51	UNKNOWN
620121100002	北街居委会	103.243230	36.712010	0	18	66	乡镇
620123100209	金家圈村委会	104.090608	35.846386	0	18	66	乡镇
620171103212	中川村委会	103.666930	36.532929	0	60	87	UNKNOWN
620121106210	下新沟村委会	103.433600	36.272260	0	25	47	乡镇
620121202206	柏杨村委会	102.960470	36.687920	0	30	72	村庄
620103004002	郑家庄社区居委会	103.761100	36.080536	0	30	72	村庄
620104103400	达川社区居民委员会	103.369844	36.177708	0	18	40	乡镇
620102013003	红二村社区居委会	103.850481	36.030936	0	30	58	乡镇
620103201208	绿化村民委员会	103.788959	35.995741	0	30	72	村庄
620102003003	大雁滩社区居委会	103.868927	36.057802	1	90	95	地产小区
620103007004	龚家坪北路社区居委会	103.746160	36.057658	0	40	77	道路
620171103204	漫湾村委会	103.666930	36.532929	0	60	87	UNKNOWN
620121202210	清泉村委会	102.938770	36.749620	0	25	70	村庄
620123209207	孙家岔村委会	104.398980	35.863730	0	30	58	UNKNOWN
620104101201	下车村民委员会	103.533279	36.137530	0	18	49	乡镇
620121106206	沙湾村委会	103.433600	36.272260	0	25	70	乡镇
620121111202	上滩村委会	103.499380	36.378950	0	30	72	村庄
620121101202	永安村委会	103.396190	36.454199	0	30	72	村庄
620121112212	上古山村委会	103.629771	36.721679	0	25	70	乡镇
620105003008	焦家庄社区居委会	103.613241	36.150362	0	20	67	乡镇
620102014007	五里铺村社区居委会	103.872800	36.052199	0	30	72	村庄
620123109205	红土坡村委会	104.136088	35.683262	0	16	65	乡镇
620102004007	绣河沿社区居委会	103.818420	36.055999	1	80	100	政府机构
620171101002	彩虹城经十路居民委员会	103.670567	36.487338	0	50	73	地产小区
620104001006	新滩社区居民委员会	103.660334	36.072220	0	25	47	乡镇
620171102209	源太村委会	103.666930	36.532929	0	60	76	UNKNOWN
620105005001	廖家庄社区居委会	103.731192	36.098222	0	30	58	乡镇
620123205204	哈班岔村委会	104.005580	35.779439	0	25	47	村庄
620122106205	黑石村委会	103.895180	36.504780	0	25	70	乡镇
620171101219	北坪村委会	104.019740	36.337341	0	30	47	UNKNOWN
620123102202	关门口村委会	104.273228	35.709116	0	18	66	乡镇
620103102001	彭家坪社区居委会	103.702740	36.054119	0	30	72	村庄
620111102002	白土路社区居民委员会	103.085400	36.230168	0	50	73	道路
620123100004	文成路居委会	104.115530	35.841139	0	40	77	道路
620123105206	钱家坪村委会	104.319393	35.791020	0	18	66	乡镇
620103100207	阿干村民委员会	103.849400	35.915421	1	80	100	政府机构
620102008004	榆中街社区居委会	103.844059	36.050522	0	50	82	道路
620123201210	敬家山村委会	104.214400	35.866190	0	30	58	村庄
620102018004	何家庄社区居委会	103.846110	36.038261	1	80	100	政府机构
620104006002	清水街社区居民委员会	103.608845	36.104172	0	40	65	道路
620102025003	雁东社区居委会	103.825000	36.057099	0	16	30	区县
620105002005	阳光社区居委会	103.716096	36.114572	1	80	100	政府机构
620123108208	乔家营村委会	104.070396	35.910787	0	16	65	乡镇
620104005004	古城社区居民委员会	103.623245	36.048301	0	20	41	乡镇
620123201206	大兴营村委会	104.183668	35.890767	0	18	35	乡镇
620105001003	西北师大社区居委会	103.731209	36.098114	0	60	87	UNKNOWN
620123105210	克涝村委会	104.319393	35.791020	0	18	40	乡镇
620111104206	红古村民委员会	103.002066	36.277825	0	18	66	乡镇
620122102207	罗官村委会	103.801650	36.228320	0	25	47	乡镇
620123202216	范家山村委会	104.120434	35.788785	0	18	66	乡镇
620121103209	火家台村委会	103.171640	36.882470	0	25	43	乡镇
620103103201	上岭村民委员会	103.752561	35.969329	0	18	49	乡镇
620121113209	康家井村委会	103.387040	36.722371	0	16	38	乡镇
620111103202	上滩村民委员会	103.259860	36.166610	0	30	72	村庄
620103008001	河湾堡社区居委会	103.731207	36.077057	0	30	58	乡镇
620122100001	城中社区	104.017485	36.402808	0	16	65	乡镇
620104001010	福利东路南社区居民委员会	103.653150	36.083571	0	30	51	道路
620122105203	砂岗村委会	103.852350	36.306790	0	25	47	乡镇
620123205212	上庄村委会	104.005580	35.779439	0	25	55	村庄
620103104205	中庄村民委员会	103.711650	35.986500	0	30	72	村庄
620123101204	红柳沟村委会	104.215023	36.026904	0	16	65	乡镇
620102024203	石沟村村民委员会	103.898000	36.111531	0	30	72	村庄
620102021001	穆柯寨社区居委会	103.846706	36.071375	0	30	72	村庄
620104007202	柴家台村民委员会	103.615163	36.116250	0	40	58	乡镇
620102011008	西李家湾社区居委会	103.826144	36.074242	0	80	72	村庄
620121109203	北同村委会	103.349070	36.615280	0	25	43	乡镇
620105006007	宝兴庄社区居委会	103.710781	36.094900	0	30	58	乡镇
620123107201	歇家咀村委会	103.999073	35.953453	0	18	35	乡镇
620121112208	祁联村委会	103.629771	36.721679	0	25	47	乡镇
620121102208	何家营村委会	103.204116	36.847588	0	18	66	乡镇
620122103206	下泥湾村委会	104.067356	36.171940	0	16	65	乡镇
620123104211	直沟门村委会	103.888303	35.949797	1	80	100	政府机构
620123210207	中庄窠村委会	104.384296	36.126256	0	30	51	村庄
620103101210	五里铺村民委员会	103.833381	35.997660	0	18	66	乡镇
620123200207	桑园子村委会	103.969956	36.053790	1	80	100	政府机构
620104004005	玉门街北社区居民委员会	103.630956	36.100014	0	30	51	道路
620105007006	邹家庄社区居委会	103.691090	36.104609	0	30	72	村庄
620123207203	天池峡村委会	104.242780	35.903041	1	80	95	UNKNOWN
620104003001	公园路西社区居民委员会	103.629040	36.089949	0	40	59	道路
620123100205	东湾村委会	104.145720	35.824351	0	30	72	村庄
620103100006	民意社区居民委员会	103.849483	35.888464	0	18	40	乡镇
620123110205	地湾村委会	104.384680	36.068168	0	16	65	乡镇
620122104202	九合村委会	103.631970	36.258759	0	25	70	乡镇
620111102203	青土坡村民委员会	103.097590	36.224884	0	80	72	村庄
620123207215	杨家山村委会	104.235510	35.870299	0	25	70	乡镇
620123103203	古城村委会	104.120081	36.006404	1	80	100	政府机构
620123204205	小水子村委会	103.892940	35.809146	0	18	40	村庄
620103201204	白家岘村民委员会	103.791047	35.914323	1	80	97	政府机构
620123214205	纪尔村委会	104.329310	36.164961	0	25	47	村庄
620123100213	朱家湾村委会	104.090608	35.846386	0	18	66	乡镇
620171103208	段家川村委会	103.666930	36.532929	0	60	87	UNKNOWN
620123109209	杨家营村委会	104.136088	35.683262	0	16	65	乡镇
620123213201	百禄村委会	104.381229	36.170380	1	80	100	政府机构
620105003004	西沙社区居委会	103.613241	36.150362	0	20	50	乡镇
620102024002	诺丁山社区	103.897005	36.100599	0	18	66	乡镇
620104007003	化工街社区居民委员会	103.607220	36.115041	0	40	65	道路
620102019005	牟家庄北社区居委会	103.839122	36.035669	0	30	58	村庄
620123210211	黄蒿湾村委会	104.416380	36.023279	0	25	70	乡镇
620103101206	二十里铺村民委员会	103.836050	35.992070	0	60	87	UNKNOWN
620102009005	大教梁社区居委会	103.844411	36.059268	0	60	87	UNKNOWN
620123104207	范家营村委会	103.931742	35.971061	0	18	66	乡镇
620102019004	牟家庄东社区居委会	103.839122	36.035669	0	30	72	村庄
620123200210	冯家湾村委会	104.008085	36.045160	0	18	66	乡镇
620102009004	新华巷社区居委会	103.835610	36.058050	1	80	100	政府机构
620103101207	崖头村民委员会	103.825123	36.002424	1	80	97	UNKNOWN
620123210210	垲坪村委会	104.416380	36.023279	0	25	47	乡镇
620123104206	菜籽山村委会	103.931742	35.971061	0	18	66	乡镇
620111103002	张家寺社区居民委员会	103.288202	36.163306	1	80	95	政府机构
620122100201	庄子坪村委会	104.017485	36.402808	0	16	38	乡镇
620123109208	窝子湾村委会	104.136088	35.683262	0	16	38	乡镇
620105003005	沙井驿涉农社区居委会	103.650426	36.142839	0	30	72	商圈
620102021201	石门沟村民委员会	103.850380	36.103001	0	30	72	村庄
620104007002	西柳沟社区居民委员会	103.610325	36.109951	0	40	65	商圈
620123204204	茨坪村委会	103.892940	35.809146	0	18	40	村庄
620103201205	海家岭村民委员会	103.811983	35.949938	0	18	49	村庄
620123214204	杨岘村委会	104.302635	36.251954	1	80	100	政府机构
620123100212	上蒲家村委会	104.090608	35.846386	0	18	66	乡镇
620105004001	桥头社区委会	103.765395	36.095334	0	20	50	乡镇
620171103209	五墩村委会	103.697138	36.609061	1	80	100	政府机构
620123207214	稠泥河村委会	104.258040	35.845482	1	80	100	政府机构
620103103001	晏家坪社区居委会	103.769267	36.049113	0	30	72	村庄
620123103202	永丰村委会	104.106110	36.012269	0	30	72	村庄
620123100204	南关村委会	104.090608	35.846386	0	18	66	乡镇
620123110204	石台村委会	104.384680	36.068168	0	16	65	乡镇
620122104203	兰沟村委会	103.636662	36.280926	1	80	100	政府机构
620103009001	秀川社区居委会	103.711861	36.077013	1	80	100	政府机构
620111102202	柳家村民委员会	103.093300	36.212949	0	30	72	村庄
620105007007	马家庄社区居委会	103.684952	36.110314	1	75	95	餐饮
620123103214	瓦子岘村委会	104.146605	36.061286	0	16	33	乡镇
620123207202	太子营村委会	104.235510	35.870299	0	25	47	乡镇
620102020001	南河新村社区居委会	103.870303	36.054000	1	80	95	地产小区
620123104210	邵家泉村委会	103.931742	35.971061	0	18	40	乡镇
620123210206	鞑靼窑村委会	104.416380	36.023279	0	25	47	乡镇
620123200206	大水洞村委会	104.008085	36.045160	0	18	66	乡镇
620104004004	西固中路南社区居民委员会	103.635481	36.098168	0	30	51	道路
620121112209	苗联村委会	103.629771	36.721679	0	25	47	乡镇
620103102201	贾家山村民委员会	103.685410	36.022869	0	30	72	村庄
620121102209	鲁家庄村委会	103.204116	36.847588	0	18	66	乡镇
620122103207	河口村委会	104.020410	36.198321	0	30	72	村庄
620102024202	上坪村村民委员会	103.885850	36.083670	0	30	72	村庄
620104002001	文化社区居民委员会	103.639470	36.092589	0	25	47	乡镇
620105006006	前庄社区居委会	103.710781	36.094900	0	30	58	乡镇
620121109202	郭家墩村委会	103.325779	36.640793	1	80	100	政府机构
620111103203	中和村民委员会	103.264730	36.155529	0	30	72	村庄
620122105202	涝池村委会	103.808005	36.361694	1	80	100	政府机构
620104001011	天庆新城社区居民委员会	103.660334	36.072220	0	25	43	乡镇
620123205213	白家堡村委会	104.005580	35.779439	0	25	47	村庄
620103104204	陶家沟村民委员会	103.714070	35.981534	1	80	97	政府机构
620123101205	中河堡村委会	104.215023	36.026904	0	16	33	乡镇
620111104207	新庄村民委员会	103.036229	36.246500	0	30	72	村庄
620122102206	盐池村委会	103.744610	36.138909	0	30	72	村庄
620123202217	徐家峡村委会	104.120434	35.788785	0	18	40	乡镇
620121103208	黑林村委会	103.171640	36.882470	0	25	70	乡镇
620121113208	李家湾村委会	103.268220	36.692869	0	30	72	村庄
620123106201	青城村委会	104.188720	36.327439	0	25	70	乡镇
620104005005	四季青社区居民委员会	103.623245	36.048301	0	20	41	乡镇
620123201207	高墩营村委会	104.183668	35.890767	0	18	35	乡镇
620123105211	蔡家沟村委会	104.319393	35.791020	0	18	66	乡镇
620105001002	向阳村社区居委会	103.748754	36.098552	1	80	100	政府机构
620104006003	临洮街北街社区居民委员会	103.603000	36.102851	0	40	59	道路
620102025002	雁滨社区居委会	103.825000	36.057099	0	16	38	区县
620105002004	兰飞社区居委会	103.719000	36.103900	0	18	49	区县
620123212201	万羊村委会	104.437520	36.254931	0	25	47	乡镇
620123108209	麻启营村委会	104.070396	35.910787	0	16	38	乡镇
620123202201	王保营村委会	104.120434	35.788785	0	18	49	乡镇
620102403498	甘肃监狱企业集团公司虚拟居委会	103.832160	36.056340	1	80	97	UNKNOWN
620123105207	咸水岔村委会	104.334900	35.759530	0	30	72	村庄
620102008005	周家庄社区居委会	103.840516	36.048368	0	40	72	乡镇
620103100206	大水子村民委员会	103.843830	35.901721	0	60	87	UNKNOWN
620123201211	双店子村委会	104.196359	35.894418	1	80	100	政府机构
620122106204	三和村委会	103.860086	36.543640	1	80	100	政府机构
620171101218	倒水塘村委会	103.666930	36.532929	0	60	76	UNKNOWN
620123102203	高崖村委会	104.273228	35.709116	0	18	66	乡镇
620104001007	小坪社区居民委员会	103.642070	36.075909	1	80	95	政府机构
620171102208	六墩村委会	103.666930	36.532929	0	60	87	UNKNOWN
620102022006	嘉峪关西路社区居委会	103.876200	36.038099	0	40	77	道路
620123205205	羊上村委会	104.005580	35.779439	0	25	47	村庄
620121112213	下古山村委会	103.629771	36.721679	0	25	70	乡镇
620102014006	五里铺东社区居委会	103.875849	36.044261	0	30	72	商圈
620123109204	八门寺村委会	104.105502	35.716678	0	25	55	旅游景点
620102004006	雷坛河社区居委会	103.808486	36.058310	0	50	82	UNKNOWN
620121111203	刘家湾村委会	103.606509	36.402581	0	30	72	村庄
620121104001	南关居委会	102.886130	36.499881	0	25	70	乡镇
620121101203	徐家磨村委会	103.398087	36.428504	1	80	100	政府机构
620121202211	红岭村委会	102.995780	36.734541	0	30	72	村庄
620123209206	全家岔村委会	104.360210	35.895309	0	30	58	UNKNOWN
620121106207	大路村委会	103.432790	36.268510	0	30	72	村庄
620102013002	红山根社区居委会	103.858944	36.030277	0	40	77	UNKNOWN
620121201201	长山河村委会	103.278278	36.903321	0	16	38	乡镇
620102003002	滩尖子社区居委会	103.858938	36.065857	0	30	72	村庄
620123204208	大滩村委会	103.892940	35.809146	0	18	66	村庄
620103007005	民乐路社区居委会	103.752830	36.058619	0	40	77	道路
620171103205	陈家井村委会	103.797735	36.484185	1	80	100	政府机构
620121106211	上新沟村委会	103.433600	36.272260	0	25	47	乡镇
620121202207	八岭村委会	102.938770	36.749620	0	25	70	村庄
620111003004	下窑社区居民委员会	102.865108	36.415357	0	30	58	商圈
620103004003	任家庄街西社区居委会	103.766510	36.071439	0	40	65	道路
620123110208	佐堤村委会	104.384680	36.068168	0	16	38	乡镇
620121105201	浪排村委会	102.858268	36.579164	1	80	100	政府机构
620104102206	八盘村民委员会	103.419408	36.181233	0	18	49	乡镇
620121100003	东街居委会	103.265359	36.734884	1	80	100	政府机构
620123100208	北关村委会	104.129870	35.856710	0	30	72	村庄
620171103213	山字墩村委会	103.697680	36.712169	0	30	47	UNKNOWN
620121102205	清水河村委会	103.204552	36.836332	1	80	100	政府机构
620123109212	谢家营村委会	104.136088	35.683262	0	16	65	乡镇
620102014010	拱星墩村社区居委会	103.897260	36.044870	0	30	72	村庄
620121112205	达家梁村委会	103.635660	36.773239	0	30	58	UNKNOWN
620111001202	上街村民委员会	102.876010	36.432120	0	30	72	村庄
620104004008	玉门街南社区居民委员会	103.630956	36.100014	0	30	51	道路
620171102212	振兴村委会	103.613092	36.655651	1	80	100	政府机构
620103104208	赵李家洼村民委员会	103.679572	35.993913	0	30	72	村庄
620103005002	西站东路社区居委会	103.786000	36.065901	0	16	33	区县
620171101202	兔墩村委会	103.666930	36.532929	0	60	87	UNKNOWN
620104204201	小金沟村民委员会	103.671700	36.029540	0	30	72	村庄
620102011005	靖远路社区居委会	103.828840	36.069629	0	40	77	道路
620123208211	杨家咀村委会	104.252040	35.627038	0	18	66	村庄
620102001005	杨家园社区居委会	103.830916	36.049794	0	40	72	乡镇
620103002006	小西湖东街社区居委会	103.792040	36.066540	0	50	82	道路
620121110214	土门川村委会	103.482787	36.482736	1	80	100	政府机构
620102016001	团结新村社区居委会	103.859417	36.038630	0	40	72	乡镇
620121204202	庞沟村委会	103.047340	36.513589	0	25	70	村庄
620102006001	禄家巷社区居委会	103.824970	36.042360	0	50	82	道路
620102003203	大雁滩村民委员会	103.864794	36.059306	0	50	82	UNKNOWN
620121113204	柳树村委会	103.387040	36.722371	0	16	65	乡镇
620104101001	东川社区居民委员会	103.533279	36.137530	0	18	40	乡镇
620121103204	聂家湾村委会	103.171640	36.882470	0	25	70	乡镇
620123108213	胡家营村委会	104.070396	35.910787	0	16	65	乡镇
620104104203	西坪村民委员会	103.578970	36.101689	0	30	72	村庄
620121100202	北街村委会	103.243230	36.712010	0	18	66	乡镇
620121110202	瑞芝村委会	103.386830	36.511549	0	30	72	村庄
620121103212	向阳村委会	103.067125	36.837892	1	80	100	政府机构
620123108205	薛家营村委会	104.070396	35.910787	0	16	38	乡镇
620102010205	民族村民委员会	103.851223	36.013131	0	18	49	乡镇
620102015007	东岗镇村社区居委会	103.927264	36.045737	0	25	70	商圈
620105002008	交大社区居委会	103.730101	36.104672	0	25	55	乡镇
620121113212	清水村委会	103.396820	36.748569	0	30	72	村庄
620103006004	晏家坪南院社区居委会	103.763074	36.049311	1	80	100	政府机构
620171102204	西小川村委会	103.553950	36.636760	0	30	58	UNKNOWN
620102002003	贡元巷社区居委会	103.829230	36.056900	1	80	100	政府机构
620123205209	太平沟村委会	103.953210	35.818120	0	30	72	村庄
620102012003	砂坪村社区居委会	103.835542	36.076133	0	30	72	村庄
620111001003	滨河社区居民委员会	102.913046	36.438472	0	20	41	乡镇
620104102400	河口社区居民委员会	103.419408	36.181233	0	18	40	乡镇
620171101214	芦井水村委会	103.666930	36.532929	0	60	80	UNKNOWN
620122106208	白崖村委会	103.930581	36.441374	1	80	100	政府机构
620105008002	黄家滩社区居委会	103.672835	36.121587	1	80	100	政府机构
620104100201	新联村民委员会	103.481980	36.167931	0	30	72	村庄
620123208207	武家庄村委会	104.287370	35.623249	0	30	72	村庄
620123109207	桦岭村委会	104.136088	35.683262	0	16	38	乡镇
620121102210	邢家湾村委会	103.204116	36.847588	0	18	66	乡镇
620102004005	西城巷社区居委会	103.813870	36.059270	0	40	58	乡镇
620121112210	涝池滩村委会	103.548821	36.737977	1	80	100	政府机构
620102014005	东岗东路社区居委会	103.904890	36.037991	0	30	72	道路
620121104002	连铝居委会	102.886130	36.499881	0	25	70	乡镇
620123104209	豆家山村委会	103.931742	35.971061	0	18	66	乡镇
620103101208	后五泉村民委员会	103.813780	36.021519	1	80	100	政府机构
620121106204	苦水街村委会	103.433600	36.272260	0	25	47	乡镇
620104101203	东河湾村民委员会	103.503880	36.142958	0	30	72	村庄
620123209205	黄家岔村委会	104.407115	35.884819	0	18	66	村庄
620121202212	南沟村委会	102.970690	36.720839	0	30	72	村庄
620103007006	武山路社区居委会	103.751540	36.054218	0	40	77	道路
620171103206	西岔村委会	103.760395	36.525638	1	80	100	政府机构
620102003001	雁宁路社区居委会	103.855629	36.062950	0	40	77	道路
620102013001	车站社区居委会	103.850481	36.030936	0	30	72	乡镇
620121201202	白土咀村委会	103.355120	36.965021	0	25	70	村庄
620121202204	卜洞村委会	102.938770	36.749620	0	25	47	村庄
620105007008	刘家堡涉农社区居委会	103.694486	36.099272	0	50	82	UNKNOWN
620121106212	新屯川村委会	103.409179	36.346241	1	80	100	政府机构
620171103210	四墩村委会	103.666930	36.532929	0	60	87	UNKNOWN
620121105202	连城村委会	102.847910	36.586489	0	25	47	乡镇
620104102205	咸水村民委员会	103.419408	36.181233	0	18	49	乡镇
620122103208	打磨沟村委会	103.960349	36.125588	1	80	100	政府机构
620121112206	四泉村委会	103.629771	36.721679	0	25	43	乡镇
620104100003	新维街社区居民委员会	103.458787	36.149038	0	16	38	乡镇
620123109211	寨子村委会	104.216880	35.671740	0	30	72	村庄
620121102206	罗城滩村委会	103.204116	36.847588	0	18	35	乡镇
620103003004	吴家园社区居委会	103.778530	36.074831	0	50	82	地产小区
620102017003	天水路社区居委会	103.861832	36.072163	0	30	72	道路
620123210209	陡泉湾村委会	104.471948	36.122248	1	80	100	政府机构
620111001201	大砂村民委员会	102.913046	36.438472	0	20	67	乡镇
620102007003	甘家巷社区居委会	103.821288	36.050660	0	40	58	乡镇
620123200209	骆驼巷村委会	104.008085	36.045160	0	18	66	乡镇
620121104203	马莲滩村委会	102.886130	36.499881	0	25	70	乡镇
620104103204	吊庄村民委员会	103.385680	36.131448	1	80	97	政府机构
620121114203	上坪村委会	103.087403	36.621737	0	16	65	乡镇
620171102211	小横路村委会	103.679090	36.663040	0	30	72	村庄
620105006009	银滩路社区居委会	103.708451	36.105267	0	40	77	道路
620102011006	九州大道社区居委会	103.813951	36.083458	0	25	70	道路
620104204202	马家山村民委员会	103.653721	36.044163	1	80	97	政府机构
620123208212	洞口村委会	104.322270	35.660941	0	30	72	村庄
620103005001	机车厂社区居委会	103.752126	36.052119	1	80	97	UNKNOWN
620171101201	西槽村委会	103.666930	36.532929	0	60	87	UNKNOWN
620102006002	闵家桥社区居委会	103.832682	36.044453	0	40	77	道路
620123201208	詹家营村委会	104.166881	35.903703	1	80	100	政府机构
620102016002	天平街社区居委会	103.851030	36.042891	1	80	100	政府机构
620121204201	长沟村委会	103.060415	36.573308	1	80	100	政府机构
620103002005	建工中街社区居委会	103.783100	36.064302	0	50	82	道路
620123108210	连搭村委会	104.070396	35.910787	0	16	38	乡镇
620121103207	石门砚村委会	103.171640	36.882470	0	25	43	乡镇
620121113207	山岑村委会	103.387040	36.722371	0	16	65	乡镇
620103100209	大沟村民委员会	103.887450	35.920399	0	30	72	村庄
620123105208	车道岭村委会	104.319393	35.791020	0	18	66	乡镇
620121110201	福山村委会	103.392190	36.521779	0	30	72	村庄
620121100201	南街村委会	103.243230	36.712010	0	18	49	乡镇
620102010206	卓家沟村民委员会	103.851223	36.013131	0	18	49	乡镇
620102015004	雁儿湾社区居委会	103.912720	36.047441	0	30	72	村庄
620121113211	孙家井村委会	103.454690	36.755619	0	30	58	UNKNOWN
620102005004	宋家滩村社区居委会	103.869920	36.071719	1	80	100	政府机构
620123108206	孙家坡村委会	104.031471	35.914570	1	80	100	政府机构
620121103211	金嘴村委会	103.171640	36.882470	0	25	47	乡镇
620103001003	工林路社区居委会	103.803971	36.051079	0	40	77	道路
620104001008	东湾社区居民委员会	103.661434	36.090902	1	80	92	地产小区
620171102207	胜利村委会	103.653660	36.626290	0	30	72	村庄
620123208204	李家岔村委会	104.232620	35.591439	0	30	72	村庄
620105008001	桃林路社区居委会	103.695420	36.114639	0	40	77	道路
620104100202	下川村民委员会	103.495140	36.161820	0	30	72	村庄
620171101217	陈家梁村委会	104.215530	35.794170	0	30	58	UNKNOWN
620122100202	东湾村委会	103.954190	36.335410	0	30	72	村庄
620111103001	平安台社区居民委员会	103.216771	36.184919	0	30	58	UNKNOWN
620103101204	侯家峪村民委员会	103.858840	35.965880	0	30	72	村庄
620123104205	高营村委会	103.931742	35.971061	0	18	66	乡镇
620104007001	上坎社区居民委员会	103.615163	36.116250	0	40	51	乡镇
620123213203	平湾村委会	104.370779	36.260375	1	80	100	政府机构
620102014009	范家湾村社区居委会	103.905730	36.039681	0	30	72	村庄
620105003006	河湾社区居委会	103.613241	36.150362	0	20	67	乡镇
620102023004	嘉峪关东路社区居委会	103.885020	36.036068	0	50	82	道路
620123214207	宣家岔村委会	104.329310	36.164961	0	25	43	村庄
620123100211	李家庄村委会	104.080720	35.850600	0	30	72	村庄
620105004002	南街社区居委会	103.765395	36.095334	0	20	67	乡镇
620123204207	旋马滩村委会	103.892940	35.809146	0	18	49	村庄
620103201206	晏家洼村民委员会	103.811983	35.949938	0	18	49	村庄
620103103002	南站社区居民委员会	103.752561	35.969329	0	18	40	乡镇
620123103201	金崖村委会	104.098365	36.019272	1	80	100	政府机构
620121106208	胡家坝村委会	103.433600	36.272260	0	25	70	乡镇
620111102201	洞子村民委员会	103.071130	36.223221	0	30	72	村庄
620103009002	穴崖子社区居委会	103.714100	36.072440	1	80	100	政府机构
620123110207	崖头岭村委会	104.369409	36.031857	1	80	100	政府机构
620123100207	城关村委会	104.090608	35.846386	0	18	66	乡镇
620103100004	中街社区居委会	103.849483	35.888464	0	18	66	乡镇
620102020002	南昌路社区居委会	103.858120	36.054000	0	30	72	道路
620104003003	山丹街社区居民委员会	103.623620	36.090559	0	30	58	道路
620123207201	东古城村委会	104.222523	35.904537	1	80	100	政府机构
620105007004	吴家庄社区居委会	103.695024	36.101931	1	80	100	政府机构
620121202208	玉泉村委会	102.938770	36.749620	0	25	70	村庄
620104004007	合水北路社区居民委员会	103.626615	36.114717	0	30	58	道路
620123200205	西坪村委会	104.008085	36.045160	0	18	66	乡镇
620123104213	路口村委会	103.931742	35.971061	0	18	66	乡镇
620123210205	野韭川村委会	104.442870	36.022441	0	30	58	UNKNOWN
620122103204	北庄村委会	104.007510	36.164399	0	30	72	村庄
620123107203	定远村委会	104.113000	35.843099	0	14	32	区县
620103102202	石板山村民委员会	103.684850	36.012399	0	30	72	村庄
620105006005	上庄社区居委会	103.710781	36.094900	0	30	72	乡镇
620121109201	王家坪村委会	103.349070	36.615280	0	25	70	乡镇
620104002002	公园路东社区居民委员会	103.629040	36.089949	0	40	59	道路
620122106211	新地村委会	103.895180	36.504780	0	25	70	乡镇
620102024201	白道坪村村民委员会	103.906389	36.071621	0	50	68	UNKNOWN
620102021003	盐场堡社区居委会	103.853734	36.074838	0	40	77	商圈
620103104207	宋家沟村民委员会	103.697820	36.001509	0	30	72	村庄
620123101206	高家崖村委会	104.215023	36.026904	0	16	65	乡镇
620123205210	尖山村委会	104.115360	35.732759	0	30	72	村庄
620103008003	兰通社区居委会	103.731207	36.077057	0	30	72	乡镇
620122100003	三川口社区	104.017485	36.402808	0	16	65	乡镇
620122105201	彬草村委会	103.852350	36.306790	0	25	47	乡镇
620111103200	平安村民委员会	103.215870	36.171309	0	30	72	村庄
620103103203	袁家湾村民委员会	103.752561	35.969329	0	18	49	乡镇
620123106202	苇茨湾村委会	104.188720	36.327439	0	25	43	乡镇
620123202214	浪街村委会	104.120434	35.788785	0	18	40	乡镇
620122102205	六合村委会	103.801650	36.228320	0	25	70	乡镇
620111104204	水车湾村民委员会	102.989123	36.277459	1	80	97	政府机构
620123105212	郭家湾村委会	104.245170	35.783619	0	30	72	村庄
620105001001	建宁路社区居委会	103.731741	36.096976	0	40	77	道路
620123201204	龚家屲村委会	104.126100	35.893719	0	30	58	UNKNOWN
620104005006	福源小镇社区居民委员会	103.615722	36.089464	0	50	73	地产小区
620103002009	瓜州路社区居民委员会	103.775780	36.072001	0	40	65	道路
620123202202	上彭家营村委会	104.120434	35.788785	0	18	49	乡镇
620105002007	长风社区居委会	103.706799	36.109200	0	50	82	UNKNOWN
620123106214	三合村委会	104.188720	36.327439	0	25	70	乡镇
620123212202	青碾村委会	104.437520	36.254931	0	25	47	乡镇
620102015008	欣欣嘉园社区居委会	103.906290	36.047511	0	60	87	地产小区
620102025001	中河社区居委会	103.825000	36.057099	0	16	33	区县
620123201212	接驾咀村委会	104.183668	35.890767	0	18	40	乡镇
620123105204	果园村委会	104.294660	35.770989	0	30	72	村庄
620102008006	耿家庄社区居委会	103.845699	36.046731	0	30	72	村庄
620103100205	马场村民委员会	103.879020	35.891879	0	30	72	UNKNOWN
620123208208	银川村委会	104.264367	35.619844	1	80	100	政府机构
620122106207	星湾村委会	103.895180	36.504780	0	25	47	乡镇
620123205206	羊下村委会	104.005580	35.779439	0	25	47	村庄
620105005003	孔家崖社区居委会	103.723704	36.098587	0	40	77	商圈
620103104211	鲁家村民委员会	103.661180	35.929241	0	30	72	村庄
620102022005	嘉峪关北路社区居委会	103.882710	36.039669	0	40	77	道路
620104001004	福利东路社区居民委员会	103.648635	36.086129	1	80	95	政府机构
620123205207	后沟村委会	103.963809	35.812501	0	30	72	村庄
620105005002	刘家庄社区居委会	103.721720	36.095801	0	30	72	村庄
620103104210	王家庄村民委员会	103.655440	35.950121	0	30	72	村庄
620102022004	嘉峪关路社区居委会	103.882945	36.039922	0	30	72	道路
620104001005	陈官营社区居民委员会	103.652830	36.090940	1	75	92	地产小区
620123102201	砂河村委会	104.273228	35.709116	0	18	66	乡镇
620123208209	水泉湾村委会	104.252040	35.627038	0	18	66	村庄
620103102002	龚家湾新社区居委会	103.745230	36.053149	0	40	65	商圈
620122106206	和平村委会	103.943090	36.469877	1	80	100	政府机构
620123201213	下彭家营村委会	104.113000	35.843099	0	14	37	区县
620123105205	项家堡村委会	104.276820	35.778870	0	30	58	UNKNOWN
620103100204	深沟掌村民委员会	103.886910	35.879880	0	30	72	UNKNOWN
620111102001	花庄社区居民委员会	103.122339	36.274725	0	16	38	乡镇
620123202203	洪亮营村委会	104.120434	35.788785	0	18	35	乡镇
620105002006	枣林路社区居委会	103.699430	36.110889	0	40	77	道路
620103103214	湖滩村民委员会	103.667680	35.925811	0	30	72	UNKNOWN
620123212203	小岔村委会	104.439251	36.256524	1	80	100	政府机构
620104006001	康乐路社区居民委员会	103.612506	36.108585	1	80	100	政府机构
620123105213	好地岔村委会	104.272320	35.789420	0	30	58	UNKNOWN
620123201205	化家营村委会	104.183668	35.890767	0	18	35	乡镇
620104005007	马耳山社区居民委员会	103.623245	36.048301	0	20	41	乡镇
620103002008	西津桥社区居委会	103.785522	36.066011	0	30	72	乡镇
620103103202	青岗村民委员会	103.765230	35.949160	0	30	72	村庄
620123106203	城河村委会	104.188720	36.327439	0	25	70	乡镇
620123202215	深沟子村委会	104.129950	35.806770	1	80	100	政府机构
620122102204	平岘村委会	103.822123	36.186994	1	80	93	政府机构
620111104205	新建村民委员会	103.004790	36.274141	0	30	72	村庄
620103104206	王官营村民委员会	103.677188	35.964146	0	18	49	乡镇
620103101004	西园社区居委会	103.833381	35.997660	0	18	66	乡镇
620123101207	彭家湾村委会	104.215023	36.026904	0	16	65	乡镇
620123205211	马莲滩村委会	104.088003	35.727030	1	80	100	政府机构
620103008002	土门墩社区居委会	103.737237	36.074470	0	30	72	商圈
620122100002	城北社区	104.017485	36.402808	0	16	65	乡镇
620111103201	若连村民委员会	103.279892	36.190884	0	18	66	乡镇
620105006004	乱庄社区居委会	103.710781	36.094900	0	30	58	乡镇
620122106210	红柳村委会	103.895180	36.504780	0	25	70	乡镇
620104002003	幸福社区居民委员会	103.639470	36.092589	0	25	47	乡镇
620104007201	张家大坪村民委员会	103.615163	36.116250	0	40	58	乡镇
620102021002	小沟坪社区居委会	103.839820	36.074840	1	80	100	政府机构
620122103205	上泥湾村委会	103.987339	36.170592	1	80	100	政府机构
620123107202	董家湾村委会	104.007510	35.943160	0	30	72	村庄
620103102203	彭家坪村民委员会	103.702740	36.054119	0	30	72	村庄
620104004006	合水中路社区居民委员会	103.622704	36.117440	0	30	47	乡镇
620123200204	东坪村委会	104.011385	36.054779	1	80	100	政府机构
620123104212	陈家庄村委会	103.931742	35.971061	0	18	66	乡镇
620123210204	中连川村委会	104.418541	36.022066	0	60	80	UNKNOWN
620102020003	宁卧庄社区居委会	103.863969	36.048463	0	30	51	乡镇
620104003002	兰铝社区居民委员会	103.618162	36.096860	0	30	51	乡镇
620105007005	崔家庄社区居委会	103.684074	36.108460	0	30	72	村庄
620121202209	西川村委会	102.938770	36.749620	0	25	70	村庄
620111102200	王家庄村民委员会	103.067655	36.237031	0	30	72	村庄
620122104201	中心村委会	103.644660	36.253619	0	30	72	村庄
620103009003	郑家庄新社区居委会	103.715095	36.081351	0	30	58	道路
620123110206	古坝村委会	104.448021	36.075650	1	80	100	政府机构
620104102208	大滩村民委员会	103.419408	36.181233	0	18	49	乡镇
620123100206	下汉村委会	104.090608	35.846386	0	18	66	乡镇
620103100005	烂泥沟社区居委会	103.860460	35.923200	0	30	72	村庄
620123207216	孟家山村委会	104.235510	35.870299	0	25	70	乡镇
620121106209	十里铺村委会	103.429752	36.291472	1	80	100	政府机构
620123214206	张湾村委会	104.250320	36.223900	0	30	72	村庄
620105004003	保安堡社区居委会	103.757097	36.092352	0	60	87	UNKNOWN
620123100210	大营村委会	104.098887	35.873002	1	80	100	政府机构
620123204206	斜路屲村委会	103.892940	35.809146	0	18	40	村庄
620103201207	沈家岭村民委员会	103.800390	36.013000	0	30	72	村庄
620102024001	天麓山社区	103.897005	36.100599	0	18	66	乡镇
620102014008	段家滩村社区居委会	103.880240	36.049339	1	80	100	政府机构
620123213202	上花岔村委会	104.382144	36.222956	0	16	38	乡镇
620105003007	南坡坪社区居委会	103.603878	36.141045	1	75	95	地产小区
620122100203	中堡村委会	104.017485	36.402808	0	16	65	乡镇
620123210212	高家渠村委会	104.416380	36.023279	0	25	70	乡镇
620103101205	花寨子村民委员会	103.851394	35.975914	0	80	72	村庄
620102009006	民勤街社区居委会	103.836540	36.055870	0	50	82	道路
620123104204	祁家坡村委会	103.931742	35.971061	0	18	40	乡镇
620102019006	牟家庄南社区居委会	103.837606	36.035369	1	80	100	政府机构
620123208205	骡子滩村委会	104.264770	35.579601	0	30	72	村庄
620104100203	园艺村民委员会	103.458787	36.149038	0	16	47	乡镇
620171101216	方家坡村委会	103.666930	36.532929	0	60	87	UNKNOWN
620102012001	五一山社区居委会	103.826590	36.083539	0	30	72	村庄
620111001001	和平社区居民委员会	102.913046	36.438472	0	20	41	乡镇
620102002001	陇西路社区居委会	103.822531	36.058789	0	50	82	道路
620104001009	兰馨花园社区居民委员会	103.644088	36.086375	0	60	80	地产小区
620171102206	上华家井村委会	103.657337	36.604871	1	80	100	政府机构
620102015005	深沟桥社区居委会	103.934615	36.038804	0	25	55	乡镇
620121113210	韩家井村委会	103.456075	36.715953	1	80	100	政府机构
620102005005	雁西路社区居委会	103.871730	36.064499	0	30	72	道路
620123108207	魏家营村委会	104.070396	35.910787	0	16	65	乡镇
620121103210	烧炭沟村委会	103.171640	36.882470	0	25	70	乡镇
620103001002	上西园社区居委会	103.792300	36.057871	0	40	77	道路
620103100208	坪岭村民委员会	103.786000	36.065901	0	16	38	区县
620123105209	唐家岔村委会	104.364720	35.814379	0	30	58	UNKNOWN
620104104201	中坪村民委员会	103.590215	36.115952	0	25	55	乡镇
620123108211	朱典营村委会	104.070396	35.910787	0	16	38	乡镇
620121103206	道顺村委会	103.171640	36.882470	0	25	47	乡镇
620121113206	黑城村委会	103.387040	36.722371	0	16	65	乡镇
620122102208	水源村委会	103.880140	36.139899	0	30	72	村庄
620123201209	孙家营村委会	104.183668	35.890767	0	18	66	乡镇
620102006003	力行新村社区居委会	103.824290	36.043477	1	70	92	地产小区
620102003201	张苏滩村民委员会	103.876016	36.054223	0	40	77	UNKNOWN
620121110216	深沟村委会	103.388308	36.480793	0	18	66	乡镇
620102016003	红星巷社区居委会	103.863850	36.036629	0	40	77	道路
620103002004	梁家庄社区居委会	103.788091	36.063856	0	30	72	村庄
620105006008	李家庄社区居委会	103.710781	36.094900	0	30	72	乡镇
620102011007	九州中路社区居委会	103.807591	36.087358	0	40	77	道路
620104204203	杨家咀村民委员会	103.646307	36.013632	0	20	50	村庄
620104103205	幸福村民委员会	103.366330	36.134411	0	30	72	村庄
620121104202	南关村委会	102.883747	36.523909	1	80	100	政府机构
620121114202	晓林村委会	102.977891	36.582236	1	80	100	政府机构
620171102210	石门沟村委会	103.666930	36.532929	0	60	87	UNKNOWN
620103003005	吴家园西街社区居委会	103.766576	36.081972	1	80	100	政府机构
620123210208	刘家岘村委会	104.416380	36.023279	0	25	47	乡镇
620102017002	农民巷西社区居委会	103.853869	36.052881	0	40	65	道路
620111001200	红山村民委员会	102.873610	36.451150	0	30	72	村庄
620111004002	复兴社区居民委员会	102.859000	36.345699	0	14	32	区县
620123200208	方家泉村委会	103.961763	36.034740	1	80	100	政府机构
620102007002	正宁路社区居委会	103.822471	36.050369	0	50	82	道路
620122103209	接官亭村委会	104.022473	36.150148	1	80	100	政府机构
620121112207	古联村委会	103.573969	36.747766	1	80	100	政府机构
620104100002	新城街社区居民委员会	103.484259	36.167701	0	50	73	道路
620123109210	罗景村委会	104.136088	35.683262	0	16	38	乡镇
620121102207	大营湾村委会	103.204116	36.847588	0	18	40	乡镇
620171103211	火家湾村委会	103.062220	36.741731	0	30	58	村庄
620104102204	岗镇村民委员会	103.419408	36.181233	0	18	66	乡镇
620121105203	东河沿村委会	102.847910	36.586489	0	25	70	乡镇
620121100001	南街居委会	103.256492	36.730355	1	80	100	政府机构
620103004001	金港城社区居委会	103.743124	36.081278	0	50	82	地产小区
620121202205	铁丰村委会	102.923617	36.709714	1	80	100	政府机构
620171103207	铧尖村委会	103.666930	36.532929	0	60	87	UNKNOWN
620121201203	满塘村委会	103.459460	36.945489	0	30	72	村庄
620104101202	马泉村民委员会	103.496190	36.143350	0	30	72	村庄
620121106205	转轮寺村委会	103.433600	36.272260	0	25	47	乡镇
620123209204	武家窑村委会	104.407115	35.884819	0	18	66	村庄
620121202213	漫水村委会	102.973183	36.748200	1	80	100	政府机构
620121101201	宁朔村委会	103.392420	36.459009	0	25	47	乡镇
620121111201	树屏村委会	103.592530	36.311730	0	25	47	乡镇
620123104208	马家山村委会	103.931742	35.971061	0	18	66	乡镇
620103101209	八里窑村民委员会	103.808100	36.034499	1	80	100	政府机构
620171101001	中川社区居委会	104.019740	36.337341	0	30	72	UNKNOWN
620123109206	刘家湾村委会	104.163520	35.723350	0	30	72	村庄
620102004004	桥门社区居委会	103.813870	36.059270	0	40	58	乡镇
620121112211	五联村委会	103.629771	36.721679	0	25	70	乡镇
620102014004	段家滩西社区居委会	103.881211	36.048053	0	40	65	商圈
620122100204	魏家庄村委会	103.960430	36.313490	0	30	72	村庄
620102019001	和政西街社区居委会	103.834220	36.041171	1	80	100	政府机构
620102009001	黄河沿社区居委会	103.836298	36.060783	0	60	87	UNKNOWN
620103101202	东果园村民委员会	103.786000	36.065901	0	16	33	区县
620123104203	沈家河村委会	103.949680	35.977640	1	80	100	政府机构
620123213205	大岔村委会	104.334437	36.315549	1	80	100	政府机构
620102023002	焦家湾社区居委会	103.897030	36.038320	1	80	100	政府机构
620104005201	杏胡台村民委员会	103.606440	36.074341	0	30	72	UNKNOWN
620122104210	曹家湾村委会	103.714100	36.159221	0	30	72	村庄
620123204201	高家湾村委会	103.859294	35.843746	1	80	100	政府机构
620121201208	高家湾村委会	103.332710	36.872809	0	30	72	村庄
620123214201	哈岘村委会	104.341885	36.142281	1	80	100	政府机构
620105004004	园艺社区居委会	103.751126	36.092466	1	80	100	政府机构
620171102221	榆川村委会	103.666930	36.532929	0	60	76	UNKNOWN
620123207211	柳树湾村委会	103.840581	35.929905	1	80	100	政府机构
620121202218	井滩村委会	102.938770	36.749620	0	25	47	村庄
620123103207	张家湾村委会	104.077987	36.012495	1	80	100	政府机构
620122104206	头沟村委会	103.631970	36.258759	0	25	70	乡镇
620103009004	马滩社区居委会	103.727980	36.081341	0	40	77	UNKNOWN
620111102207	花庄村民委员会	103.149980	36.197139	0	30	72	村庄
620123100201	兴隆山村委会	104.090608	35.846386	0	18	66	乡镇
620102402598	甘肃农垦集团虚拟居委会	103.822704	36.063180	1	80	97	UNKNOWN
620103100002	石门沟社区居委会	103.848550	35.904901	0	30	72	村庄
620121105208	牛站村委会	102.847910	36.586489	0	25	70	乡镇
620123110201	贡马井村委会	104.412227	36.073419	1	80	95	UNKNOWN
620104003005	兰化二十五街区社区居民委员会	103.622915	36.090226	1	75	92	地产小区
620102020004	兰州大学社区居委会	103.857658	36.045806	0	40	77	UNKNOWN
620105007002	福星路社区居委会	103.686839	36.102473	0	30	58	乡镇
620123103211	豆家岘村委会	104.175393	36.108334	1	80	95	UNKNOWN
620123207207	杨河村委会	104.216103	35.821463	1	80	100	政府机构
620104004001	牌坊路社区居民委员会	103.640090	36.091799	0	40	65	道路
620123210203	撒拉沟村委会	104.438910	36.003031	0	30	58	村庄
620121103221	三庄村委会	103.026761	36.853658	1	80	100	政府机构
620123200203	黄家庄村委会	104.059485	36.034554	1	80	100	政府机构
620122103202	长坡村委会	104.014250	36.154161	1	80	100	政府机构
620123107205	蒋家营村委会	104.023594	35.990804	1	80	100	政府机构
620103102204	蒋家坪村民委员会	103.717674	36.042776	0	30	72	村庄
620105006003	葛家巷道社区居委会	103.710781	36.094900	0	30	51	乡镇
620121109207	安山村委会	103.379420	36.554960	0	30	72	村庄
620123102210	马家咀村委会	104.273228	35.709116	0	18	66	乡镇
620102021005	上川村社区居委会	103.852940	36.074610	1	80	100	政府机构
620102024207	大浪沟村民委员会	103.925700	36.091719	0	30	72	村庄
620104002004	东苑社区居民委员会	103.639470	36.092589	0	25	47	乡镇
620121104209	四渠村委会	102.886130	36.499881	0	25	70	乡镇
620103101003	华林路社区居委会	103.801885	36.058420	0	30	72	道路
620121202222	安仁村委会	102.938770	36.749620	0	25	70	村庄
620103104201	尖山村民委员会	103.708490	35.948540	0	30	72	村庄
620121114209	张坪村委会	103.087403	36.621737	0	16	65	乡镇
620111103206	复兴村民委员会	103.296660	36.163250	0	30	72	村庄
620103008005	西津西路社区居委会	103.713440	36.074450	0	25	70	道路
620122105207	老鹳村委会	103.852350	36.306790	0	25	47	乡镇
620123202212	窑坡村委会	104.120434	35.788785	0	18	66	乡镇
620103103205	草原村民委员会	103.752561	35.969329	0	18	66	乡镇
620123106204	新民村委会	104.194030	36.328660	0	30	72	村庄
620111104202	米家台村民委员会	102.951213	36.313844	1	80	97	UNKNOWN
620122102203	丰登村委会	103.801650	36.228320	0	25	70	乡镇
620123201202	三角城村委会	104.148881	35.881541	1	80	100	政府机构
620105002001	水挂庄社区居委会	103.727519	36.101970	1	80	95	地产小区
620123106212	大园子村委会	104.188720	36.327439	0	25	70	乡镇
620123212204	柏木村委会	104.437520	36.254931	0	25	70	乡镇
620123202204	刘家营村委会	104.182267	35.854956	1	80	100	政府机构
620104006006	临洮街前街社区居民委员会	103.603000	36.102851	0	40	59	道路
620103001009	华林坪社区居委会	103.802668	36.053998	0	50	82	商圈
620123105202	西村村委会	104.319393	35.791020	0	18	49	乡镇
620121109211	保家湾村委会	103.349070	36.615280	0	25	70	乡镇
620123102206	小营子村委会	104.298900	35.724239	0	30	72	村庄
620104002012	兰平玻璃厂东区社区居民委员会	103.639470	36.092589	0	25	40	乡镇
620122106201	石青村委会	103.744228	36.739460	1	80	100	政府机构
620105005005	水挂庄社区居委会	103.727519	36.101970	1	80	95	地产小区
620111103210	新安村民委员会	103.279892	36.190884	0	18	49	乡镇
620102022003	五里铺社区居委会	103.871202	36.030277	0	30	72	乡镇
620102014003	段家滩东社区居委会	103.881211	36.048053	0	40	77	商圈
620102011201	徐家湾村村民委员会	103.802620	36.071150	0	30	72	村庄
620123109201	清水沟村委会	104.136088	35.683262	0	16	65	乡镇
620102004003	静安门社区居委会	103.813281	36.055906	1	80	97	UNKNOWN
620122100208	涧沟村委会	104.017485	36.402808	0	16	65	乡镇
620121111206	东沟村委会	103.645560	36.306770	0	30	72	村庄
620121101206	下河村委会	103.392420	36.459009	0	25	70	乡镇
620123209203	郭家沟村委会	104.368830	35.847250	0	30	72	村庄
620121202214	中川村委会	102.938770	36.749620	0	25	70	村庄
620121106202	大沙沟村委会	103.434296	36.239175	0	30	72	村庄
620104101205	梁家湾村民委员会	103.534865	36.121333	0	30	72	村庄
620121201204	中塘村委会	103.420990	36.944111	0	30	72	村庄
620102003007	南河社区居委会	103.871108	36.056939	0	30	72	乡镇
620103004006	光华街社区居委会	103.751558	36.076808	0	30	72	乡镇
620104003009	福利路社区居民委员会	103.618162	36.096860	0	30	51	乡镇
620102010001	后街社区居委会	103.810260	36.049369	1	80	100	政府机构
620121202202	普贯村委会	102.938770	36.749620	0	25	47	村庄
620111003001	滩子社区居民委员会	102.901034	36.417968	0	30	51	道路
620103009008	银滩花园社区	103.722021	36.085639	0	60	100	地产小区
620121105204	淌沟村委会	102.847910	36.586489	0	25	47	乡镇
620104102203	石圈村民委员会	103.419408	36.181233	0	18	49	乡镇
620121201212	三岔村委会	103.355120	36.965021	0	25	70	村庄
620103102208	土门墩村民委员会	103.737237	36.074470	0	30	72	商圈
620123107209	陈家沟村委会	103.960550	35.909811	0	30	72	村庄
620103003002	王家堡社区居委会	103.776859	36.072807	0	50	82	UNKNOWN
620102007005	徐家巷社区居委会	103.821586	36.050533	0	50	82	道路
620102017005	东岗西路社区居委会	103.856659	36.050020	0	30	72	道路
620121114205	团庄村委会	103.035489	36.707201	1	80	100	政府机构
620121104205	马军村委会	102.882477	36.490690	1	80	100	政府机构
620104103202	上车村民委员会	103.369844	36.177708	0	18	49	乡镇
620171102217	红星村委会	103.629090	36.630529	0	30	72	村庄
620104204204	熊子湾村民委员会	103.633168	36.012372	1	80	97	政府机构
620104002008	庄浪东路东社区居民委员会	103.646920	36.088080	0	30	51	道路
620171101207	华家井村委会	103.666930	36.532929	0	60	87	UNKNOWN
620103005007	小西坪社区居委会	103.759825	36.066382	0	30	58	乡镇
620121110211	长涝池村委会	103.260000	36.736400	0	12	34	区县
620102016004	定西二支路社区居委会	103.860180	36.040750	1	80	100	政府机构
620121204207	鱼盆村委会	103.150280	36.497919	0	30	58	UNKNOWN
620102006004	兰山村社区居委会	103.834328	36.034514	0	30	72	村庄
620103002003	骆驼巷社区居委会	103.788686	36.058682	1	80	100	政府机构
620123106208	上坪村委会	103.885857	36.083731	1	80	100	政府机构
620121113201	复兴村委会	103.278920	36.705329	0	30	72	村庄
620103103209	柴家河村民委员会	103.778661	35.997804	1	75	95	UNKNOWN
620123108216	寇家沟村委会	104.078959	35.900349	1	80	100	政府机构
620121103201	武胜驿村委会	103.168164	36.884969	1	80	100	政府机构
620121110207	杨家营村委会	103.377576	36.488647	1	80	100	政府机构
620102005002	雁滩大桥社区居委会	103.878842	36.059849	0	40	77	商圈
620123202208	翟家湾村委会	104.120434	35.788785	0	18	66	乡镇
620121103217	长丰村委会	103.138980	36.762120	0	30	72	村庄
620102015002	新兴社区居委会	103.927080	36.044479	1	80	100	政府机构
620105008400	兰州经济技术开发区高新技术产业园居委会	103.671996	36.137304	0	25	47	乡镇
620103001005	雷坛河西街社区居民委员会	103.798708	36.057682	0	30	47	乡镇
620102002006	金塔巷社区居委会	103.822500	36.055779	0	50	82	道路
620102012006	草场街社区居委会	103.830181	36.085010	0	30	72	乡镇
620171102201	五道岘村委会	103.666930	36.532929	0	60	74	UNKNOWN
620103006001	晏家坪北院社区居委会	103.769267	36.049113	0	30	58	村庄
620121102001	北坪台居委会	103.204116	36.847588	0	18	49	乡镇
620105008007	东街社区居委会	103.671996	36.137304	0	25	70	乡镇
620104100204	新合村民委员会	103.468080	36.167210	0	30	72	村庄
620123208202	张家窑村委会	104.252040	35.627038	0	18	66	村庄
620171101211	史喇口村委会	103.607433	36.539584	1	80	100	政府机构
620104100205	青春村民委员会	103.446020	36.163380	0	30	72	村庄
620105008006	西街社区居委会	103.671996	36.137304	0	25	70	乡镇
620123208203	大坪村委会	104.228520	35.627139	0	30	72	村庄
620171101210	赖家坡村委会	103.591318	36.571549	1	80	100	政府机构
620123202209	南北关村委会	104.120434	35.788785	0	18	49	乡镇
620102005003	雁滩路社区居委会	103.901140	36.055161	0	40	77	道路
620123108201	马家洼村委会	104.070396	35.910787	0	16	65	乡镇
620121103216	五段村委会	103.171640	36.882470	0	25	70	乡镇
620102015003	振兴社区居委会	103.927080	36.044479	1	80	100	政府机构
620102010201	红沟村民委员会	103.876110	35.987499	0	30	72	村庄
620103001004	林家庄社区居委会	103.752865	36.078083	1	70	92	地产小区
620121100206	满城村委会	103.243230	36.712010	0	18	40	乡镇
620104400498	新安路虚拟社区居民委员会	103.493844	36.146222	0	40	59	道路
620121110206	河西村委会	103.383290	36.467950	0	30	72	村庄
620123106209	下坪村委会	104.188720	36.327439	0	25	70	乡镇
620103103208	西果园村民委员会	103.766950	35.973450	1	80	100	政府机构
620123108217	肖家咀村委会	104.070396	35.910787	0	16	65	乡镇
620121110210	花园村委会	103.388308	36.480793	0	18	49	乡镇
620121204206	前山村委会	103.170640	36.437830	0	30	72	村庄
620102016005	定西南路社区居委会	103.862440	36.039039	0	40	77	道路
620102006005	和平新村社区居委会	103.825972	36.041926	0	30	72	乡镇
620103002002	兰工坪北街社区居委会	103.780710	36.061042	0	50	82	道路
620111002001	跃进社区居民委员会	102.886902	36.396014	0	20	41	道路
620102011001	徐家湾社区居委会	103.793080	36.073071	1	80	100	政府机构
620102001001	畅家巷社区居委会	103.833500	36.049770	1	80	100	政府机构
620104002009	省建四公司社区居民委员会	103.639470	36.092589	0	25	55	乡镇
620171101206	元山村委会	103.660610	36.563261	0	30	72	村庄
620103005006	武威路社区居委会	103.766735	36.063141	1	80	100	政府机构
620121114204	边岭村委会	103.087403	36.621737	0	16	65	乡镇
620104103203	河咀村民委员会	103.369844	36.177708	0	18	49	乡镇
620121104204	团结村委会	102.875037	36.503114	1	80	100	政府机构
620171102216	东川村委会	103.645573	36.683687	1	80	100	政府机构
620103003003	健康路社区居民委员会	103.777650	36.075950	0	30	51	道路
620102007004	西北新村社区居委会	103.817740	36.051089	1	80	100	政府机构
620102017004	一只船社区居委会	103.851393	36.052448	0	30	58	乡镇
620121102201	五里墩村委会	103.204116	36.847588	0	18	66	乡镇
620104100004	新冶路社区居民委员会	103.466340	36.160340	0	40	65	道路
620103102209	王家堡村民委员会	103.708689	36.046096	0	20	50	乡镇
620121112201	黄茨滩村委会	103.628118	36.723268	1	80	100	政府机构
620123107208	邓家营村委会	103.999073	35.953453	0	18	66	乡镇
620104102202	青杨村民委员会	103.419408	36.181233	0	18	49	乡镇
620121105205	丰乐村委会	102.847910	36.586489	0	25	70	乡镇
620121201213	小沙沟村委会	103.355120	36.965021	0	25	55	村庄
620102400402	高新区骆驼滩社区	103.903436	36.054796	0	50	100	UNKNOWN
620103004007	柳家营社区居委会	103.767677	36.069359	1	80	95	地产小区
620104003008	天鹅湖社区居民委员会	103.618162	36.096860	0	30	51	乡镇
620102015202	大洼山村民委员会	103.934615	36.038804	0	25	55	乡镇
620121202203	前庄村委会	102.923130	36.655169	0	30	72	村庄
620103007001	丽苑社区居委会	103.747467	36.051700	0	30	72	乡镇
620121201205	坪城村委会	103.355120	36.965021	0	25	47	村庄
620102013006	红山根东路社区居委会	103.864882	36.029437	0	30	72	道路
620102003006	天庆嘉园社区	103.883127	36.057193	0	60	100	地产小区
620123209202	韦家营村委会	104.407115	35.884819	0	18	40	村庄
620121202215	先锋村委会	102.858940	36.752399	0	30	72	村庄
620121103001	屯沟湾居委会	103.196380	36.871810	0	30	72	村庄
620104101204	坡底下村民委员会	103.515859	36.137884	0	30	72	村庄
620121106203	寺滩村委会	103.433600	36.272260	0	25	47	乡镇
620122100209	明星村委会	103.961285	36.405472	1	80	100	政府机构
620121111207	崖头村委会	103.592530	36.311730	0	25	70	乡镇
620121101207	进化村委会	103.395570	36.404159	0	30	72	村庄
620102014002	五里铺西社区居委会	103.875849	36.044261	0	30	58	商圈
620102004002	付家巷社区居委会	103.812251	36.057439	1	80	100	政府机构
620105005004	王家庄社区居委会	103.731192	36.098222	0	30	72	乡镇
620123205201	河湾村委会	104.010376	35.778171	1	80	100	政府机构
620104001003	西固东路社区居民委员会	103.655679	36.090561	0	40	65	道路
620102022002	排洪沟南路社区居委会	103.865568	36.035156	0	30	72	村庄
620121109210	贾家场村委会	103.349070	36.615280	0	25	70	乡镇
620123102207	李家磨村委会	104.291479	35.750046	1	80	100	政府机构
620104002013	花园小区社区居民委员会	103.639470	36.092589	0	25	47	乡镇
620123105203	东村村委会	104.319393	35.791020	0	18	49	乡镇
620123100001	兴隆路居委会	104.105750	35.839709	0	30	72	道路
620103100202	琅峪村民委员会	103.849483	35.888464	0	18	66	乡镇
620102008001	郑家台社区居委会	103.840220	36.047381	1	80	97	政府机构
620102018001	铁路东村社区居委会	103.842517	36.036525	0	30	72	村庄
620123106213	建亭村委会	104.188720	36.327439	0	25	47	乡镇
620103103212	周家山村民委员会	103.753521	36.017139	0	30	72	村庄
620123212205	大岘村委会	104.388730	36.322601	0	30	58	UNKNOWN
620123202205	孟家庄村委会	104.186410	35.816910	0	30	72	村庄
620104006007	寺儿沟社区居民委员会	103.610679	36.097612	0	30	58	村庄
620103001008	华林山社区居委会	103.802061	36.058260	1	75	95	地产小区
620102025006	高滩村社区居委会	103.910610	36.054611	0	30	72	村庄
620123201203	丁官营村委会	104.183668	35.890767	0	18	66	乡镇
620104005001	合水南路社区居民委员会	103.623921	36.103489	0	40	65	道路
620123202213	小康营村委会	104.120434	35.788785	0	18	66	乡镇
620103103204	鹞子岭村民委员会	103.752561	35.969329	0	18	49	乡镇
620123106205	瓦窑村委会	104.203713	36.333172	1	80	100	政府机构
620111104203	薛家村民委员会	102.970481	36.300719	0	30	72	村庄
620111101001	火车站社区居民委员会	102.884765	36.349405	0	18	40	乡镇
620122102202	崖川村委会	103.801650	36.228320	0	25	47	乡镇
620121104208	七里村委会	102.886130	36.499881	0	25	70	乡镇
620102009201	光辉村民委员会	103.839741	36.058784	0	40	72	乡镇
620103101002	岘口子社区居委会	103.868173	35.937633	0	80	72	村庄
620121202223	下川村委会	102.910783	36.769340	1	80	100	政府机构
620121114208	捷岭村委会	103.162037	36.697007	1	80	100	政府机构
620123101201	过店子村委会	104.150920	35.985483	1	80	100	政府机构
620111103207	仁和村民委员会	103.314130	36.158820	0	30	72	村庄
620103008004	建西西路社区居委会	103.745200	36.066279	0	40	77	道路
620122105206	长川村委会	103.921620	36.259910	0	30	72	村庄
620122100004	城南社区	104.017485	36.402808	0	16	65	乡镇
620121109206	高岑村委会	103.349070	36.615280	0	25	70	乡镇
620123102211	湖滩村委会	104.273228	35.709116	0	18	66	乡镇
620105006002	石磊庄社区居委会	103.712216	36.101934	0	30	72	村庄
620102021004	盐场堡村社区居委会	103.853270	36.074370	0	30	72	村庄
620102024206	杨家湾村民委员会	103.935532	36.059536	0	80	72	村庄
620104002005	南山社区居民委员会	103.639470	36.092589	0	25	47	乡镇
620122103203	南庄村委会	104.015010	36.161560	0	30	72	村庄
620123107204	张老营村委会	103.999073	35.953453	0	18	66	乡镇
620103102205	牟家坪村民委员会	103.693576	36.057618	0	80	72	村庄
620104001202	孟家山村民委员会	103.660334	36.072220	0	25	55	乡镇
620123210202	大湾村委会	104.409670	35.976519	0	30	72	村庄
620121103220	奖俊埠村委会	103.032161	36.840360	1	80	100	政府机构
620123200202	郭家庄村委会	104.008085	36.045160	0	18	66	乡镇
620104003004	兰化二十六街区社区居民委员会	103.625172	36.087758	0	60	80	地产小区
620102020005	科技街社区居委会	103.867730	36.049618	0	40	77	道路
620123103210	邴家湾村委会	104.083115	36.023096	1	80	100	政府机构
620105007003	赵家庄社区居委会	103.695252	36.097915	1	80	100	政府机构
620123207206	赵家岔村委会	104.223260	35.850000	0	30	58	UNKNOWN
620122104207	李家沟村委会	103.645470	36.216950	0	30	72	村庄
620103009005	崔家崖社区居委会	103.703090	36.076919	1	80	100	政府机构
620111102206	苏家寺村民委员会	103.122339	36.274725	0	16	47	乡镇
620103100003	高林沟社区居委会	103.847570	35.907581	0	30	72	村庄
620171102220	新昌村委会	103.666930	36.532929	0	60	87	UNKNOWN
620111101200	海石村民委员会	102.884765	36.349405	0	18	49	乡镇
620123207210	方家沟村委会	104.235510	35.870299	0	25	70	乡镇
620121202219	绽龙村委会	102.938770	36.749620	0	25	47	村庄
620123103206	陆家崖村委会	104.103850	35.999090	0	60	80	UNKNOWN
620102023003	焦家湾南路社区居委会	103.894815	36.036565	0	40	77	商圈
620122104211	金沙村委会	103.631970	36.258759	0	25	70	乡镇
620103201201	小山口村民委员会	103.811983	35.949938	0	18	49	村庄
620121201209	火石洞村委会	103.355120	36.965021	0	25	47	村庄
620105004005	和平社区居委会	103.746321	36.090540	1	80	100	政府机构
620123213204	王湾村委会	104.361883	36.283438	0	30	72	村庄
620123107212	转嘴子村委会	103.999073	35.953453	0	18	40	乡镇
620105003001	齿轮厂社区居委会	103.655603	36.134265	1	75	95	地产小区
620122100205	蔡河村委会	104.017485	36.402808	0	16	65	乡镇
620103101203	清水营村民委员会	103.864130	35.956179	1	80	100	政府机构
620123104202	袁家营村委会	103.931742	35.971061	0	18	66	乡镇
