622924202207	克那村委会	103.670933	35.462666	1	80	100	政府机构
622921200201	龙卧村委会	102.965425	35.570949	0	18	66	村庄
622921210201	井沟村委会	103.094967	35.591653	0	25	70	乡镇
622921220208	三大湾村委会	103.066113	35.560570	0	18	66	村庄
622926100208	毛毛村委会	103.395370	35.664559	0	25	47	乡镇
622923208206	杨塔村委会	103.108991	35.838933	0	18	66	村庄
622925100102	龙泉社区	103.337412	35.408376	0	20	67	乡镇
622921107207	堡子村委会	103.185630	35.588675	1	80	100	政府机构
622924100003	广河县城关镇滨河社区居民委员会	103.585457	35.481509	0	18	40	乡镇
622924105201	邓家湾村委会	103.827224	35.500572	0	18	66	乡镇
622901102206	张王村委会	103.239458	35.575507	0	30	72	村庄
622925205210	槐庄村民委员会	103.368540	35.397961	0	30	72	村庄
622925101206	石虎家村民委员会	103.368245	35.462449	1	80	97	政府机构
622923100008	川北居委会	103.337990	35.974531	0	20	67	乡镇
622921100203	磨川村委会	102.999900	35.488180	0	30	58	UNKNOWN
622924102205	孙家村委会	103.669851	35.509109	0	18	66	乡镇
622927209203	中咀岭村委会	102.873777	35.632127	0	18	40	乡镇
622925106202	孟家村民委员会	103.301440	35.472301	0	30	72	村庄
622923108204	湾子村委会	103.041590	35.882579	0	30	72	村庄
622924101215	南山村委会	103.772730	35.530420	0	30	72	村庄
622901004008	西郊社区居委会	103.206085	35.594956	0	50	72	乡镇
622926220203	仓房村委会	103.467930	35.738979	0	30	72	村庄
622921214203	江川村委会	103.168287	35.721861	0	20	41	村庄
622924102213	果园山村委会	103.680700	35.541560	0	30	58	村庄
622921204203	大庄村委会	102.953650	35.472561	0	30	72	村庄
622926223205	三岭村委会	103.451840	35.846989	0	25	70	村庄
622924101203	东关村委会	103.739170	35.547011	0	16	65	乡镇
622921103205	曙光村委会	103.109140	35.742140	0	30	72	村庄
622925105204	科托村民委员会	103.369790	35.389891	0	30	72	UNKNOWN
622922208203	下庄村委会	103.669314	35.327744	1	80	100	政府机构
622926219206	乔鲁村委会	103.530215	35.731723	0	18	40	村庄
622921104201	夹塘村委会	103.066931	35.498081	0	30	72	村庄
622926209206	牛沟村委会	103.544294	35.558559	0	18	66	村庄
622923101208	党川村委会	103.284300	36.072440	0	25	47	乡镇
622925102200	南阳山村民委员会	103.298430	35.434470	0	30	72	村庄
622901102210	罗家湾村委会	103.263930	35.629520	1	80	100	政府机构
622926204208	双树村委会	103.400540	35.597380	0	18	66	村庄
622922212209	朱家村委会	103.699420	35.174119	0	25	70	村庄
622925205206	腰套村民委员会	103.366705	35.363533	1	80	97	政府机构
622925104205	民主村民委员会	103.238580	35.361070	0	30	72	村庄
622921102204	柴墩岭村委会	102.961595	35.445601	0	18	49	乡镇
622924100202	马家村委会	103.574500	35.490949	0	30	72	村庄
622925203203	拉里洼村民委员会	103.288553	35.408580	0	20	50	乡镇
622926222204	八十个村委会	103.336070	35.838909	0	18	35	村庄
622921215202	前韩村委会	103.203114	35.712814	0	20	67	村庄
622924103212	司家坪村委会	103.474030	35.376310	0	25	47	乡镇
622922203208	老树沟村委会	103.559829	35.383056	0	18	66	村庄
622921202206	大坪村委会	102.899031	35.523354	1	80	100	政府机构
622921106210	多支坝村委会	102.999650	35.422751	0	18	40	乡镇
622926205209	达柴坪村委会	103.338800	35.558709	0	30	51	UNKNOWN
622925103201	张湾村民委员会	103.228040	35.437080	0	30	72	村庄
622921100002	万惠社区居委会	103.003530	35.489401	0	25	70	乡镇
622901100201	堡子村委会	103.188270	35.584081	0	30	72	村庄
622925100207	三谷村民委员会	103.322110	35.395420	0	30	72	村庄
622901103207	甘费村委会	103.248700	35.625611	1	80	100	政府机构
622921106206	尕沟村委会	103.006347	35.425862	1	80	100	政府机构
622926101209	红庄村委会	103.595540	35.750990	0	30	72	村庄
622921202210	韩家门村委会	102.880145	35.524815	0	18	66	乡镇
622927202208	樊家沟村委会	102.858041	35.774157	0	18	66	村庄
622925207201	李家坪村民委员会	103.366430	35.440201	0	30	72	村庄
622927212208	柏杨树村委会	103.073680	35.679570	0	25	70	村庄
622924203206	沙地沟村委会	103.462345	35.400180	0	18	66	村庄
622925200205	山坪村民委员会	103.396380	35.476759	0	30	72	村庄
622921216204	马家村委会	103.234347	35.708984	0	30	72	村庄
622923109205	树湾村委会	103.090800	35.923249	0	30	58	村庄
622924204202	古城村委会	103.504269	35.479228	1	80	100	政府机构
622925107203	九山村民委员会	103.168089	35.373020	0	18	49	乡镇
622927208202	仙家村委会	102.976551	35.640798	1	80	100	政府机构
622924103204	红星村委会	103.478610	35.386710	0	30	72	村庄
622921101202	尹王村委会	103.165733	35.650318	0	20	67	乡镇
622926100204	白家村委会	103.395370	35.664559	0	25	70	乡镇
622923102202	大川村委会	103.256690	35.975490	0	30	72	村庄
622927101001	大河社区居委会	102.756476	35.815860	0	18	66	乡镇
622926103214	大树村委会	103.438960	35.544112	0	18	66	乡镇
622923101212	朱王村委会	103.284300	36.072440	0	25	70	乡镇
622922201203	二十铺村委会	103.784317	35.411819	1	80	100	政府机构
622927203205	赵家湾村委会	102.956340	35.794520	0	30	72	村庄
622921220204	陈姚村委会	103.066113	35.560570	0	18	66	村庄
622922211203	达洼河村委会	103.672640	35.221951	0	30	58	UNKNOWN
622926200206	大房村委会	103.307517	35.751714	0	30	72	村庄
622926104210	塔石沟村委会	103.510040	35.835409	0	30	58	村庄
622922206207	东沟门村委会	103.551859	35.271622	0	18	66	村庄
622927204201	高关村委会	102.922553	35.735602	1	80	100	政府机构
622901004004	新兴社区居委会	103.197424	35.586810	1	80	100	政府机构
622924102209	朱家坪村委会	103.666640	35.514685	1	80	100	政府机构
622926107200	老庄村委会	103.417660	35.757281	0	30	72	村庄
622923105206	马路塬村民委员会	103.297930	35.914720	0	30	72	UNKNOWN
622923100004	川西路居委会	103.319301	35.939530	0	50	82	道路
622927103207	杨家岭村委会	102.946411	35.601172	0	20	67	乡镇
622922101201	古洞沟村委会	103.598136	35.354699	0	18	66	乡镇
622926104206	唐家村委会	103.536280	35.796820	0	30	72	村庄
622921209201	联合村委会	103.123704	35.459334	1	80	100	政府机构
622922102207	庄头村委会	103.704385	35.278295	1	80	100	政府机构
622927100201	方家村委会	102.860783	35.716168	0	25	70	乡镇
622925105208	桦林村民委员会	103.426950	35.381481	0	30	72	UNKNOWN
622921224206	尹家湾村委会	103.194387	35.533905	0	25	70	村庄
622925108206	山城村民委员会	103.276960	35.363869	0	30	72	村庄
622901007002	毛园社区村民委员会	103.243000	35.604101	0	16	30	区县
622926223209	大山村委会	103.395170	35.870619	0	30	72	村庄
622922205201	魏家寨村委会	103.495763	35.309228	0	18	66	村庄
622926214204	丁家村委会	103.601421	35.622715	0	18	66	村庄
622926100212	巴苏池村委会	103.396490	35.626559	0	30	72	村庄
622926204204	南关村委会	103.400540	35.597380	0	18	66	村庄
622923206202	三湾村委会	103.026750	36.044049	0	25	70	村庄
622927210203	小关村委会	102.895120	35.585550	0	25	70	村庄
622921223202	刘家山村委会	103.268825	35.547409	0	18	66	村庄
622922212205	汪滩村委会	103.699420	35.174119	0	25	70	村庄
622927200203	阳洼村委会	102.808961	35.786115	0	30	72	村庄
622922202205	菜子沟村委会	103.664119	35.427192	0	20	67	村庄
622923101204	抚河村委会	103.284300	36.072440	0	25	47	乡镇
622926103202	三甲村委会	103.460508	35.538590	1	80	100	政府机构
622922100001	新集居委会	103.703650	35.369119	0	25	70	乡镇
622927206206	瓦窑沟村委会	102.850050	35.690559	0	30	72	村庄
622901006003	红园社区居委会	103.199840	35.597650	0	25	70	UNKNOWN
622923200207	石台子村委会	103.587045	35.986635	0	18	66	村庄
622926202201	塔山村委会	103.275176	35.671870	0	30	72	村庄
622926212201	和平村委会	103.457030	35.674489	0	30	72	村庄
622923104211	刘家塬村委会	103.201570	35.891250	0	30	72	村庄
622927101200	大河家村委会	102.760444	35.835332	1	80	100	政府机构
622922103206	秦家河村委会	103.698660	35.121779	1	80	100	政府机构
622921102208	长坡沿村委会	103.008689	35.453941	1	80	100	政府机构
622926105207	奴拉芒村委会	103.640659	35.557753	0	18	40	乡镇
622923107201	地泉村委会	102.976460	35.930359	1	80	95	UNKNOWN
622922104202	河口村委会	103.738900	35.072190	0	30	72	村庄
622926102203	尕常村委会	103.198596	35.772350	0	18	40	乡镇
622923100205	城北新村村民委员会	103.337990	35.974531	0	20	50	乡镇
622922203204	苏丰村委会	103.559829	35.383056	0	18	40	村庄
622927201202	刘安村委会	102.845440	35.798670	0	25	70	村庄
622927211202	湫池村委会	103.023060	35.614466	0	18	40	村庄
622923207203	旭坪村委会	102.983274	35.873542	0	18	40	村庄
622926205205	大岭村委会	103.339214	35.563933	0	18	66	乡镇
622921108202	郭吴家村委会	103.230840	35.529799	0	20	50	乡镇
622927212204	阳坡村委会	103.059030	35.682040	0	30	72	村庄
622927202204	柳沟村委会	102.850930	35.759239	0	30	72	村庄
622922200202	段家坪村委会	103.668214	35.372810	1	80	100	政府机构
622926216203	洒勒村委会	103.544590	35.710661	0	30	58	UNKNOWN
622926206203	草滩村委会	103.331618	35.521143	0	20	67	村庄
622923103203	红城村委会	103.209290	36.163499	0	25	70	乡镇
622926101205	拱北滩村委会	103.654210	35.702820	0	30	72	村庄
622922100200	高林湾村委会	103.736900	35.336760	0	30	58	村庄
622927102206	业卜湾村委会	102.905132	35.648137	0	30	58	村庄
622927206210	候家坪村委会	102.894080	35.679510	0	25	47	乡镇
622923104207	海塬村委会	103.286000	35.957400	0	14	29	区县
622926106201	高家村委会	103.487180	35.618991	0	30	72	村庄
622924103208	大庄村委会	103.457625	35.349952	1	80	100	政府机构
622927205200	红坪村委会	103.007820	35.743731	0	25	70	村庄
622922207206	芦子沟村委会	103.594680	35.287986	0	18	66	村庄
622923109209	朱山村委会	103.117490	35.927141	0	30	72	村庄
622921216208	常家村委会	103.234347	35.708984	0	30	72	村庄
622901005004	王寺社区居委会	103.206389	35.588368	0	40	65	道路
622927205201	杨家湾村委会	103.007820	35.743731	0	25	70	村庄
622922207207	斜路坡村委会	103.565320	35.242969	0	30	58	村庄
622926105210	杨王家村委会	103.640659	35.557753	0	18	40	乡镇
622923109208	王塬村委会	103.097686	35.963584	0	18	66	乡镇
622926201206	八洋沟村委会	103.263503	35.751437	0	16	33	村庄
622921216209	李家村委会	103.216217	35.723932	1	80	100	政府机构
622922100201	高丰村委会	103.703650	35.369119	0	25	70	乡镇
622927102207	强滩村委会	102.924104	35.643645	0	20	41	乡镇
622923104206	胥塬村委会	103.205350	35.890599	0	25	47	乡镇
622926106200	咀头村委会	103.516468	35.633744	0	18	66	乡镇
622924103209	牙和村委会	103.474030	35.376310	0	25	47	乡镇
622927100001	滨河社区居委会	102.860783	35.716168	0	25	70	乡镇
622923103202	二房村委会	103.209290	36.163499	0	25	70	乡镇
622926101204	甘家村委会	103.679950	35.670000	0	30	72	村庄
622927212205	胡李村委会	103.074978	35.698132	1	80	100	政府机构
622927202205	马家村委会	102.859080	35.769439	0	30	72	村庄
622922200203	杨家台村委会	103.639717	35.365472	1	80	100	政府机构
622926216202	中庄村委会	103.622220	35.670980	0	30	72	村庄
622926206202	上王家村委会	103.346990	35.527120	0	30	72	村庄
622922203205	孙家掌村委会	103.559829	35.383056	0	18	40	村庄
622927201203	秦阴村委会	102.845440	35.798670	0	25	47	村庄
622927211203	铺川村委会	103.023060	35.614466	0	18	40	村庄
622923207202	大路村委会	102.966140	35.898059	0	30	72	村庄
622926205204	何闫家村委会	103.342428	35.564124	0	30	72	村庄
622921108203	十五里铺村委会	103.230840	35.529799	0	20	67	乡镇
622926215204	段岭村委会	103.693164	35.619028	0	18	66	乡镇
622922104203	莲花山村委会	103.756308	35.009919	0	18	66	乡镇
622926102202	屯地村委会	103.254503	35.715890	1	80	100	政府机构
622923100204	罗川村委会	103.337990	35.974531	0	20	41	乡镇
622925104208	两关集村民委员会	103.247490	35.355541	0	30	72	UNKNOWN
622927101201	康吊村委会	102.756476	35.815860	0	18	40	乡镇
622922103207	王家沟村委会	103.677820	35.109320	0	30	72	村庄
622921208201	漫路村委会	103.108585	35.408982	0	18	40	村庄
622921102209	庙山村委会	103.021420	35.470800	0	30	72	村庄
622926105206	宗罗村委会	103.640659	35.557753	0	18	40	乡镇
622921218201	贾家沟村委会	103.127389	35.721092	0	18	66	村庄
622927206207	尕马家村委会	102.876374	35.691106	1	80	100	政府机构
622901006002	河湾社区居委会	103.199824	35.597153	0	30	72	乡镇
622923200206	朱家岭村委会	103.587045	35.986635	0	18	66	村庄
622926202200	东塬村委会	103.304442	35.639159	0	18	66	村庄
622926212200	大沿村委会	103.445189	35.652368	0	18	40	村庄
622923101205	小茨村委会	103.284300	36.072440	0	25	47	乡镇
622926103203	瓦房村委会	103.463636	35.531608	1	80	100	政府机构
622926214205	岭村村委会	103.601421	35.622715	0	18	66	村庄
622926100213	团结村委会	103.429839	35.643941	0	30	72	村庄
622926204205	结沟村委会	103.377670	35.618030	0	30	58	村庄
622923206203	中塔村委会	103.026750	36.044049	0	25	70	村庄
622927210202	大寺村委会	102.887265	35.590992	1	80	100	政府机构
622922212204	汪家沟村委会	103.699420	35.174119	0	25	70	村庄
622921223203	大杨家村委会	103.268825	35.547409	0	18	66	村庄
622927200202	高李村委会	102.791100	35.788329	0	30	72	村庄
622922202204	清水村委会	103.710930	35.439080	0	30	72	村庄
622921224207	民丰村委会	103.220170	35.530809	0	30	72	村庄
622901007003	陈方社区村民委员会	103.243000	35.604101	0	16	30	区县
622925108207	大沟村民委员会	103.315200	35.367480	0	30	72	村庄
622926223208	祁家村委会	103.321450	35.897480	0	30	72	村庄
622927207206	满陈家村委会	102.996408	35.668860	0	20	36	村庄
622922205200	龚家庄村委会	103.517489	35.317516	1	80	100	政府机构
622923106201	东风村委会	103.520330	36.078549	0	30	72	村庄
622926104207	胡浪村委会	103.502671	35.826995	0	18	40	乡镇
622922102206	杨家沟村委会	103.688360	35.295769	0	30	72	村庄
622927100200	林坪村委会	102.860783	35.716168	0	25	70	乡镇
622924102208	田家村委会	103.684682	35.524984	1	80	100	政府机构
622926107201	天桥村委会	103.444763	35.781031	0	18	66	乡镇
622927103206	甘藏沟村委会	102.952260	35.599631	1	80	100	政府机构
622922101200	丰台村委会	103.588585	35.345676	1	80	100	政府机构
622923202201	青和村委会	103.447242	35.959114	1	80	100	政府机构
622926200207	周家村委会	103.336729	35.723340	0	18	66	村庄
622926104211	白咀村委会	103.502671	35.826995	0	18	40	乡镇
622922206206	大东沟村委会	103.551859	35.271622	0	18	66	村庄
622927204200	胡林家村委会	102.944499	35.721642	0	18	49	乡镇
622901004005	新桥社区居委会	103.206085	35.594956	0	50	72	乡镇
622922102210	八龙村委会	103.707003	35.288461	0	18	66	乡镇
622923101213	陈家村委会	103.284300	36.072440	0	25	47	乡镇
622922201202	吴坪村委会	103.746024	35.399681	1	80	100	政府机构
622927203204	白家沟村委会	102.925098	35.783542	0	18	66	乡镇
622922211202	车长沟村委会	103.659630	35.215371	0	25	47	村庄
622921220205	新城集村委会	103.049180	35.554080	1	80	100	政府机构
622926100205	苜叶里村委会	103.395370	35.664559	0	25	43	乡镇
622923102203	上古村委会	103.230432	35.977441	0	16	65	乡镇
622925107202	庙洼村民委员会	103.168089	35.373020	0	18	49	乡镇
622927208203	徐扈家村委会	102.953607	35.663946	1	80	100	政府机构
622924103205	庄窠集村委会	103.474030	35.376310	0	25	43	乡镇
622921101203	重台塬村委会	103.165733	35.650318	0	20	36	乡镇
622925200204	友好村民委员会	103.363200	35.476741	0	30	72	村庄
622921216205	尕庄村委会	103.278661	35.337717	1	80	100	政府机构
622923109204	金塬村委会	103.097686	35.963584	0	18	40	乡镇
622924204203	大户赵家村委会	103.495320	35.476870	0	30	72	村庄
622925207200	郑家坪村民委员会	103.389209	35.410125	0	20	50	村庄
622927212209	鲁家湾村委会	103.073680	35.679570	0	25	70	村庄
622921201201	曹家坡村委会	102.964247	35.528369	0	18	66	乡镇
622924203207	阳洼庄村委会	103.462345	35.400180	0	18	40	村庄
622925100206	龙泉村民委员会	103.349390	35.429480	0	30	72	村庄
622901103206	折桥社区村民委员会	103.241411	35.628862	0	25	55	乡镇
622924104201	王家村委会	103.429789	35.427113	0	18	66	乡镇
622921106207	友好村委会	102.996953	35.435851	1	80	100	政府机构
622921202211	中路村委会	102.917717	35.501950	1	80	100	政府机构
622926101208	红柳村委会	103.598790	35.744873	1	80	100	政府机构
622925103200	马家集村民委员会	103.186441	35.460256	0	18	49	乡镇
622921100003	光明社区居委会	103.003530	35.489401	0	25	70	乡镇
622921105201	咀头村委会	103.063960	35.472151	0	25	70	乡镇
622925100210	咀头村民委员会	103.337412	35.408376	0	20	50	乡镇
622922203209	熊家寨村委会	103.559829	35.383056	0	18	66	村庄
622921202207	卧龙村委会	102.880145	35.524815	0	18	66	乡镇
622926205208	丁赵家村委会	103.339214	35.563933	0	18	49	乡镇
622921106211	围场村委会	102.999650	35.422751	0	18	66	乡镇
622925203202	甘沟村民委员会	103.288553	35.408580	0	20	50	乡镇
622926222205	当土村委会	103.363530	35.772071	0	30	58	UNKNOWN
622921215203	卢马村委会	103.203114	35.712814	0	20	41	村庄
622925104204	团结村民委员会	103.251730	35.373730	0	30	72	村庄
622921102205	马集村委会	102.994133	35.447519	0	30	72	村庄
622924100203	火红村委会	103.585457	35.481509	0	18	40	乡镇
622901102211	马家庄村委会	103.232160	35.584590	1	80	100	政府机构
622926204209	免古池村委会	103.400540	35.597380	0	18	49	村庄
622922212208	元树村委会	103.699420	35.174119	0	25	70	村庄
622925205207	中良村民委员会	103.344811	35.328888	0	18	49	村庄
622901101201	后杨村委会	103.140538	35.557403	0	18	66	乡镇
622926219207	杨家村委会	103.530215	35.731723	0	18	66	村庄
622923101209	盐集村委会	103.284300	36.072440	0	25	47	乡镇
622924202210	草滩村委会	103.722930	35.466791	0	25	70	村庄
622926209207	马阴村委会	103.544294	35.558559	0	18	40	村庄
622925102201	洒麻浪村民委员会	103.254978	35.456449	0	18	40	乡镇
622924101202	陈家村委会	103.672610	35.517690	0	30	58	村庄
622921103204	贾家村委会	103.108104	35.742050	1	80	100	政府机构
622925105205	车巴村民委员会	103.408330	35.275030	0	25	55	乡镇
622922208202	老庄村委会	103.664500	35.320801	0	30	72	村庄
622924102212	何家湾村委会	103.669851	35.509109	0	18	66	乡镇
622921214202	大梁村委会	103.168287	35.721861	0	20	67	村庄
622921204202	何家村委会	102.949030	35.468531	0	25	70	乡镇
622926223204	长巴村委会	103.451840	35.846989	0	25	47	村庄
622923108205	幸美村委会	103.039379	35.853602	0	18	40	乡镇
622924101214	小洼沟村委会	103.739170	35.547011	0	16	33	乡镇
622921217204	北小塬村委会	103.259360	35.677870	0	30	72	村庄
622926220202	范家村委会	103.426149	35.751281	0	30	72	村庄
622923100009	新东社区居委会	103.337990	35.974531	0	20	67	乡镇
622921100202	姚川村委会	103.003530	35.489401	0	25	47	乡镇
622924102204	祁家集村委会	103.669851	35.509109	0	18	40	乡镇
622927209202	庙岭村委会	102.888670	35.626701	0	30	72	村庄
622925106203	陈家集村民委员会	103.351274	35.503332	1	80	97	政府机构
622923208207	赵山村委会	103.111753	35.857253	1	80	100	政府机构
622926100209	张王家村委会	103.395370	35.664559	0	25	70	乡镇
622921107206	朱潘村委会	103.194373	35.621365	0	18	40	乡镇
622925100103	南关社区	103.337412	35.408376	0	20	67	乡镇
622924100002	河北社区居民委员会	103.585457	35.481509	0	18	40	乡镇
622901102207	王闵家社区村民委员会	103.243218	35.591213	0	18	40	乡镇
622925205211	关滩沟村民委员会	103.344811	35.328888	0	18	49	村庄
622924202206	阎子村委会	103.722930	35.466791	0	25	47	村庄
622921220209	卜家台村委会	103.028360	35.559299	1	80	100	政府机构
622927203208	张谢家村委会	102.942672	35.756119	0	30	72	村庄
622926100202	巴牙村委会	103.395370	35.664559	0	25	70	乡镇
622923102204	下古村委会	103.230432	35.977441	0	16	65	乡镇
622926103212	和和土村委会	103.438960	35.544112	0	18	35	乡镇
622923101214	福川村委会	103.284300	36.072440	0	25	47	乡镇
622921220202	拦坪村委会	103.066113	35.560570	0	18	40	村庄
622922211205	巨那村委会	103.637106	35.211711	1	80	100	政府机构
622922201205	高集村委会	103.758663	35.420963	0	30	72	村庄
622927203203	李家山村委会	102.925098	35.783542	0	18	66	乡镇
622923106210	陈井村委会	103.444607	36.058042	0	18	66	乡镇
622923202206	大地坪村	103.420365	35.947819	0	18	66	乡镇
622926200200	大庄村委会	103.351330	35.689310	0	30	72	村庄
622901004002	华寺社区居委会	103.206085	35.594956	0	50	58	乡镇
622922206201	哈鹿村委会	103.551859	35.271622	0	18	40	村庄
622927204207	何家村委会	102.944499	35.721642	0	18	66	乡镇
622926107206	北庄湾村委会	103.444763	35.781031	0	18	40	乡镇
622923100002	古城路居委会	103.337990	35.974531	0	20	67	乡镇
622927103201	纳莫沟村委会	102.946411	35.601172	0	20	36	乡镇
622922101207	周家沟村委会	103.598136	35.354699	0	18	66	乡镇
622921209207	泉家岭村委会	103.141724	35.490684	0	18	35	村庄
622924101209	甘坪村委会	103.739170	35.547011	0	16	38	乡镇
622923106206	仁和村委会	103.437090	36.054320	0	30	72	村庄
622926104200	上城门村委会	103.502671	35.826995	0	18	66	乡镇
622922102201	大庄村委会	103.720670	35.334531	0	30	72	村庄
622922208209	三条沟村委会	103.641171	35.280689	0	18	66	村庄
622926107210	苏黑村委会	103.444763	35.781031	0	18	40	乡镇
622927207201	郭干村委会	102.996408	35.668860	0	20	41	村庄
622922205207	南山村委会	103.526639	35.295723	1	80	100	政府机构
622925108200	寺营村民委员会	103.257509	35.298661	0	18	66	乡镇
622901007004	大慈社区村民委员会	103.243000	35.604101	0	16	30	区县
622926204202	大坡村委会	103.383420	35.578179	0	30	72	村庄
622923206204	崖头村委会	103.016110	36.048951	1	80	100	政府机构
622926214202	上沟村委会	103.603910	35.613211	0	30	72	村庄
622927200205	崔家村委会	102.767353	35.773783	1	80	100	政府机构
622922202203	范家村委会	103.700280	35.440549	0	30	72	村庄
622927210205	五家堡村委会	102.895120	35.585550	0	25	47	村庄
622921223204	永胜村委会	103.267860	35.510999	0	30	72	村庄
622922212203	丁滩村委会	103.692529	35.154977	1	80	100	政府机构
622923101202	下铨村委会	103.284300	36.072440	0	25	47	乡镇
622926103204	黑庄村委会	103.597230	35.632845	1	80	100	政府机构
622927102001	居集社区居委会	102.924104	35.643645	0	20	67	乡镇
622901006005	环城北路社区居委会	103.209501	35.613398	0	30	72	道路
622927206200	曹姚村委会	102.903980	35.668409	1	80	100	政府机构
622923200201	青山村委会	103.587045	35.986635	0	18	49	村庄
622921215208	张梁村委会	103.203114	35.712814	0	20	67	村庄
622926202207	张家村委会	103.316350	35.628550	0	30	72	村庄
622927101206	陈家村委会	102.756476	35.815860	0	18	40	乡镇
622922103200	阿姑山村委会	103.736430	35.118540	0	30	58	村庄
622927205210	辉光村委会	103.007820	35.743731	0	25	47	村庄
622921218206	尕塬村委会	103.127389	35.721092	0	18	40	村庄
622926105201	陈何村委会	103.640659	35.557753	0	18	66	乡镇
622923203211	北山村委会	102.952000	36.145570	0	30	72	村庄
622921208206	麻莲村委会	103.108585	35.408982	0	18	40	村庄
622924100208	十里墩村委会	103.585457	35.481509	0	18	66	乡镇
622922104204	蛇路村委会	103.815195	34.990002	0	30	58	道路
622926102205	汪胡村委会	103.198596	35.772350	0	18	66	乡镇
622923100203	刘家峡村委会	103.307080	35.936341	0	30	72	村庄
622901001001	青年社区居民委员会	103.212985	35.597974	0	40	51	乡镇
622927211204	上庄村委会	103.045790	35.623670	0	30	72	村庄
622922203202	新庄村委会	103.536381	35.392836	1	80	100	政府机构
622927201204	宋家沟村委会	102.856911	35.826829	0	30	72	村庄
622926215203	水家村委会	103.693164	35.619028	0	18	66	乡镇
622921108204	红崖村委会	103.232837	35.534431	1	80	100	政府机构
622923207205	小岭村委会	102.983274	35.873542	0	18	66	村庄
622926205203	新同村委会	103.348629	35.571581	1	80	100	政府机构
622927202202	袁家山村委会	102.858041	35.774157	0	18	66	村庄
622922200204	头岔村委会	103.661811	35.387086	0	20	67	村庄
622927212202	刘王村委会	103.073680	35.679570	0	25	70	村庄
622901002007	东营房社区居委会	103.210620	35.608416	0	40	77	道路
622926206205	胭脂村委会	103.361550	35.531811	0	30	58	UNKNOWN
622923103205	沈王村委会	103.209290	36.163499	0	25	70	乡镇
622926101203	崔家村委会	103.683691	35.668890	1	80	100	政府机构
622925107209	大坪村民委员会	103.240750	35.425791	0	30	72	村庄
622922100206	磨羌村委会	103.684025	35.342636	1	80	100	政府机构
622927102200	深沟村委会	102.924104	35.643645	0	20	67	乡镇
622921101208	曾家村委会	103.165733	35.650318	0	20	67	乡镇
622923101003	第三居委会	103.284300	36.072440	0	25	70	乡镇
622923104201	下塬村委会	103.245849	35.937021	0	30	58	UNKNOWN
622926106207	对坡村委会	103.520558	35.644436	1	80	100	政府机构
622927205206	苟家山村委会	103.007820	35.743731	0	25	70	村庄
622922207200	麻湾村委会	103.624267	35.337050	1	80	100	政府机构
622901005003	坝口社区居委会	103.206389	35.588368	0	40	77	道路
622926201201	柳树村委会	103.263503	35.751437	0	16	65	村庄
622921208210	唐家外村委会	103.108585	35.408982	0	18	35	村庄
622921218210	张王村委会	103.157110	35.743649	0	30	72	村庄
622901101210	拜家社区村民委员会	103.141089	35.548083	0	30	72	村庄
622921210207	白杨树村委会	103.094967	35.591653	0	25	70	乡镇
622924202201	新庄村委会	103.759900	35.470459	0	30	72	村庄
622921200207	大荒地村委会	102.965425	35.570949	0	18	66	村庄
622922201209	贾家沟村委会	103.749878	35.396681	0	18	66	村庄
622925102210	阴山村民委员会	103.217330	35.510599	0	30	72	村庄
622922211209	槐沟村委会	103.659630	35.215371	0	25	70	村庄
622921107201	上石村委会	103.194373	35.621365	0	18	66	乡镇
622924105207	排子坪村委会	103.827224	35.500572	0	18	35	乡镇
622924100005	广河县城关镇西街社区居民委员会	103.585457	35.481509	0	18	40	乡镇
622925101200	杨家村民委员会	103.407240	35.463210	0	30	72	村庄
622921100205	阳洼山村委会	103.003530	35.489401	0	25	47	乡镇
622924102203	徐牟家村委会	103.650660	35.497850	0	30	58	村庄
622925106204	王录山村民委员会	103.287820	35.490260	0	30	72	村庄
622927209205	大山村委会	102.948460	35.623641	0	30	72	村庄
622923108202	塔坪村委会	103.039379	35.853602	0	18	66	乡镇
622921217203	安家坡村委会	103.244990	35.679741	0	25	70	乡镇
622924101213	黑山村委会	103.739170	35.547011	0	16	65	乡镇
622926220205	大湾头村委会	103.492835	35.752828	1	80	100	政府机构
622922208213	九子沟村委会	103.622870	35.246420	0	30	58	村庄
622921204205	台塔村委会	102.949030	35.468531	0	25	47	乡镇
622921214205	朱墩村委会	103.168287	35.721861	0	20	67	村庄
622924102215	陈家湾村委会	103.669851	35.509109	0	18	66	乡镇
622926223203	苏尚村委会	103.448071	35.821819	1	80	100	政府机构
622924101205	上集村委会	103.739170	35.547011	0	16	65	乡镇
622921103203	鲁家村委会	103.118191	35.761613	0	20	67	乡镇
622922208205	加木沟村委会	103.641171	35.280689	0	18	40	村庄
622925105202	中心村民委员会	103.408330	35.275030	0	25	70	乡镇
622926103208	巴哈松村委会	103.438960	35.544112	0	18	35	乡镇
622926209200	上庄村委会	103.556630	35.558940	0	30	72	村庄
622901101206	罗家堡村委会	103.179130	35.566090	1	80	100	政府机构
622921210211	谢家村委会	103.111480	35.616630	0	30	72	村庄
622926219200	大树村委会	103.530215	35.731723	0	18	66	村庄
622921104207	赵牌村委会	103.067538	35.517895	0	18	40	乡镇
622925102206	三十里铺村民委员会	103.254978	35.456449	0	18	49	乡镇
622921213201	塬堡村委会	103.128051	35.664662	0	25	47	村庄
622924105211	魏家咀村委会	103.827224	35.500572	0	18	66	乡镇
622925205200	榆木村民委员会	103.357433	35.299842	1	80	97	政府机构
622925104203	寨子沟村民委员会	103.256760	35.375230	0	25	55	乡镇
622921102202	杨台村委会	103.206864	35.445189	1	80	100	政府机构
622924100204	李家河村委会	103.585457	35.481509	0	18	66	乡镇
622926222202	河西村委会	103.333190	35.838919	0	30	72	村庄
622925203205	吊湾村民委员会	103.288553	35.408580	0	20	50	乡镇
622921215204	赵官村委会	103.203114	35.712814	0	20	67	村庄
622924104210	蔡家窑村委会	103.429789	35.427113	0	18	40	乡镇
622921108208	鲁家村委会	103.230840	35.529799	0	20	67	乡镇
622925103207	小河村民委员会	103.183690	35.488571	0	30	72	村庄
622922104208	线家湾村委会	103.734897	35.007519	0	30	58	村庄
622921105206	马九川村委会	103.112813	35.507863	1	80	100	政府机构
622926208201	墙头村委会	103.508090	35.548269	0	30	72	村庄
622926102209	祁杨村委会	103.197036	35.795490	1	80	100	政府机构
622925100201	洒拉崖村民委员会	103.337412	35.408376	0	20	41	乡镇
622923103209	瓦房村委会	103.172016	36.160779	0	16	47	乡镇
622924104206	李家寺村委会	103.411420	35.453900	1	80	100	政府机构
622901103201	后古村委会	103.222400	35.612759	1	80	100	政府机构
622921201206	白土窑村委会	102.964247	35.528369	0	18	40	乡镇
622921105210	新兴村委会	103.049179	35.423762	1	80	100	政府机构
622925200203	杨仲家村民委员会	103.423740	35.522075	1	80	97	政府机构
622924204204	兰家村委会	103.464740	35.465659	0	30	72	村庄
622921216202	何家村委会	103.234347	35.708984	0	30	72	村庄
622924100212	赵家村委会	103.585457	35.481509	0	18	66	乡镇
622923109203	黄刘村委会	103.097686	35.963584	0	18	66	乡镇
622927208204	长家寺村委会	102.956716	35.685372	0	25	55	旅游景点
622925107205	小滩村民委员会	103.174060	35.395959	1	80	97	政府机构
622924103202	钱家村委会	103.523540	35.419789	0	30	72	村庄
622921101204	大鲁家村委会	103.165733	35.650318	0	20	67	乡镇
622927208205	乔干村委会	102.945595	35.662814	0	25	47	乡镇
622925107204	联合村民委员会	103.174800	35.428750	0	30	72	村庄
622924103203	中寨村委会	103.492686	35.401108	1	80	100	政府机构
622921101205	曹家村委会	102.816515	35.776331	1	80	100	政府机构
622925200202	大马家村民委员会	103.404980	35.511710	0	30	72	UNKNOWN
622924204205	阿力麻土村委会	103.492129	35.482542	0	20	36	乡镇
622924100213	大杨家村委会	103.535341	35.474925	1	80	100	政府机构
622921216203	张家村委会	103.234347	35.708984	0	30	72	村庄
622923109202	红泉村委会	103.097686	35.963584	0	18	66	乡镇
622925207206	达浪村民委员会	103.389209	35.410125	0	20	50	村庄
622921201207	关巴村委会	102.964247	35.528369	0	18	40	乡镇
622924203201	河滩村委会	103.462345	35.400180	0	18	66	村庄
622926206208	和岘村委会	103.287793	35.527311	0	30	72	村庄
622921105211	大滩村委会	103.154359	35.388451	1	80	100	政府机构
622925100200	杜家河村民委员会	103.337740	35.410359	1	80	100	政府机构
622923103208	周家村委会	103.209290	36.163499	0	25	70	乡镇
622924104207	武家坪村委会	103.429789	35.427113	0	18	66	乡镇
622921106201	龙泉村委会	103.051568	35.448534	1	80	100	政府机构
622925103206	台子村民委员会	103.175870	35.467811	0	30	72	村庄
622922104209	斜角滩村委会	103.756308	35.009919	0	18	35	乡镇
622921105207	老虎山村委会	103.063960	35.472151	0	25	70	乡镇
622926208200	赵家村委会	103.525820	35.554639	0	30	72	村庄
622926102208	东干村委会	103.198596	35.772350	0	18	66	乡镇
622924104211	上王家村委会	103.429789	35.427113	0	18	66	乡镇
622921108209	阴山村委会	103.217330	35.510599	0	30	72	村庄
622921202201	寺坡村委会	102.949780	35.503031	0	30	72	村庄
622926222203	岘子村委会	103.336070	35.838909	0	18	66	村庄
622925203204	前坪村民委员会	103.308509	35.405731	0	30	72	村庄
622921215205	鳌头村委会	103.203114	35.712814	0	20	67	村庄
622925104202	买家集村民委员会	103.256760	35.375230	0	25	55	乡镇
622921102203	新农村委会	102.980880	35.440287	1	80	100	政府机构
622924100205	潘家村委会	103.585457	35.481509	0	18	66	乡镇
622924105210	红庄村委会	103.774550	35.453830	0	30	72	村庄
622925205201	前进村民委员会	103.334490	35.322379	0	30	72	村庄
622926103209	黄牟家村委会	103.438960	35.544112	0	18	49	乡镇
622926209201	下庄村委会	103.559230	35.553960	0	30	72	村庄
622921210210	芦家岭村委会	103.108306	35.623182	1	80	100	政府机构
622901101207	马彦庄村委会	103.171510	35.584760	0	30	58	村庄
622921104206	赵山村委会	103.076920	35.529240	0	30	72	村庄
622926219201	米家村委会	103.530215	35.731723	0	18	66	村庄
622925102207	马牧沟村民委员会	103.254978	35.456449	0	18	49	乡镇
622924101204	镇沙家村委会	103.750864	35.564071	1	80	100	政府机构
622921103202	焦张村委会	103.118191	35.761613	0	20	41	乡镇
622922208204	东沟村委会	103.676520	35.307090	0	30	72	村庄
622925105203	大山庄村民委员会	103.408330	35.275030	0	25	55	乡镇
622921204204	前川村委会	102.949030	35.468531	0	25	70	乡镇
622924102214	黄家沟村委会	103.660071	35.472013	0	30	72	村庄
622921214204	周家寺村委会	103.168287	35.721861	0	20	41	村庄
622926223202	董家沟村委会	103.443490	35.841680	0	30	72	村庄
622923108203	王台村委会	103.039379	35.853602	0	18	66	乡镇
622924101212	五户村委会	103.739170	35.547011	0	16	38	乡镇
622921217202	史楼村委会	103.244990	35.679741	0	25	70	乡镇
622926220204	巴苏池村委会	103.494070	35.739040	0	30	72	村庄
622922208212	瓜梁村委会	103.641171	35.280689	0	18	40	村庄
622921100204	沙楞沟村委会	103.003530	35.489401	0	25	43	乡镇
622924102202	黄赵家村委会	103.669851	35.509109	0	18	49	乡镇
622925106205	王泉村民委员会	103.280540	35.466919	0	30	72	UNKNOWN
622927209204	梳木村委会	102.873777	35.632127	0	18	40	乡镇
622901102201	高邓家村委会	103.170371	35.549612	1	80	100	政府机构
622924105206	园子坪村委会	103.827224	35.500572	0	18	40	乡镇
622924100004	广河县城关镇东街社区居民委员会	103.585457	35.481509	0	18	40	乡镇
622925101201	虎家村民委员会	103.399690	35.462819	0	30	72	村庄
622921210206	马家大庄村委会	103.094967	35.591653	0	25	47	乡镇
622901101211	江牌村委会	103.243000	35.604101	0	16	30	区县
622921200206	朱沟村委会	102.965425	35.570949	0	18	66	村庄
622925102211	碑滩村民委员会	103.254978	35.456449	0	18	66	乡镇
622922201208	哇吓村委会	103.749878	35.396681	0	18	40	村庄
622922211208	墩湾村委会	103.659630	35.215371	0	25	70	村庄
622927205207	风林村委会	103.006580	35.757071	0	30	72	村庄
622922207201	叶素村委会	103.627718	35.308845	0	30	58	村庄
622926201200	马百户村委会	103.263503	35.751437	0	16	47	村庄
622921208211	红泥泉村委会	103.138336	35.433246	1	80	100	政府机构
622921218211	小寨村委会	103.153800	35.731299	0	30	72	村庄
622925107208	裴家台村民委员会	103.196385	35.423747	1	80	97	政府机构
622922100207	松树沟村委会	103.703650	35.369119	0	25	70	乡镇
622927102201	田家村委会	102.924104	35.643645	0	20	67	乡镇
622926202210	刘牙村委会	103.305290	35.613511	0	30	58	UNKNOWN
622923101002	第二居委会	103.284300	36.072440	0	25	70	乡镇
622926106206	沙黑池村委会	103.545959	35.627561	0	30	58	村庄
622923103204	陈家湾村委会	103.209290	36.163499	0	25	70	乡镇
622926101202	下科妥村委会	103.695640	35.661627	1	80	100	政府机构
622927202203	阳山村委会	102.825631	35.734627	1	80	100	政府机构
622922200205	温家村委会	103.661811	35.387086	0	20	67	村庄
622927212203	张家村委会	103.038810	35.680469	0	30	72	村庄
622901002006	东郊社区居委会	103.210620	35.608416	0	40	77	道路
622926206204	叶家村委会	103.331618	35.521143	0	20	67	村庄
622926216204	布楞沟村委会	103.595392	35.686822	0	18	35	村庄
622927211205	下庄村委会	103.055851	35.630636	1	80	100	政府机构
622922203203	徐家沟村委会	103.516692	35.372726	1	80	100	政府机构
622927201205	石塬村委会	102.845440	35.798670	0	25	47	村庄
622921108205	程家川村委会	103.239360	35.530401	0	30	58	UNKNOWN
622926215202	大湾村委会	103.666469	35.642591	0	30	72	村庄
622923207204	土门村委会	102.983274	35.873542	0	18	66	村庄
622926205202	杜家村委会	103.380510	35.556540	0	30	72	村庄
622927103001	旧城社区居委会	102.946411	35.601172	0	20	50	乡镇
622922104205	寺址村委会	103.756308	35.009919	0	18	40	乡镇
622926102204	韩杨村委会	103.231920	35.748760	0	30	58	UNKNOWN
622923100202	红柳台村委会	103.345780	35.946019	0	30	58	UNKNOWN
622927101207	周家村委会	102.756476	35.815860	0	18	66	乡镇
622922103201	安龙村委会	103.683276	35.113032	0	18	66	乡镇
622926105200	娄子村委会	103.640659	35.557753	0	18	40	乡镇
622921218207	张河西村委会	103.178610	35.719431	0	30	72	村庄
622923107206	下岭村委会	102.994816	35.958295	0	18	66	乡镇
622924100209	李家坪村委会	103.566990	35.455579	0	30	72	村庄
622921208207	高家沟村委会	103.092420	35.405479	0	30	72	村庄
622901006004	西门社区居委会	103.199637	35.600797	1	80	100	政府机构
622927206201	麻沟村委会	102.889220	35.668921	0	30	72	村庄
622921215209	何堡村委会	103.203114	35.712814	0	20	41	村庄
622926202206	牛家村委会	103.304442	35.639159	0	18	66	村庄
622923101203	上车村委会	103.284300	36.072440	0	25	70	乡镇
622926103205	杨家沟村委会	103.443600	35.511209	0	30	72	村庄
622922211212	苏河村委会	103.631748	35.241388	1	80	100	政府机构
622926204203	三社村委会	103.400540	35.597380	0	18	66	村庄
622926214203	南岭村委会	103.575990	35.598479	0	30	72	村庄
622927200204	刘集村委会	102.747661	35.748996	0	18	66	村庄
622922202202	苏家村委会	103.664119	35.427192	0	20	67	村庄
622927210204	唐藏村委会	102.895120	35.585550	0	25	47	村庄
622922212202	丁家沟村委会	103.699420	35.174119	0	25	70	村庄
622921223205	牟家村委会	103.268825	35.547409	0	18	66	村庄
622921214208	冯唐村委会	103.166472	35.708900	1	80	100	政府机构
622923201201	国庆村委会	103.538410	36.067251	0	30	72	村庄
622926107211	大岭村委会	103.444763	35.781031	0	18	66	乡镇
622927207200	徐家村委会	102.996408	35.668860	0	20	67	村庄
622922205206	新庄村委会	103.505883	35.307470	1	80	100	政府机构
622921224201	李家坪村委会	103.217400	35.561539	0	30	72	村庄
622901007005	李孟社区村民委员会	103.243000	35.604101	0	16	30	区县
622925108201	炭市村民委员会	103.257509	35.298661	0	18	66	乡镇
622924101208	头家村委会	103.714169	35.545422	1	80	100	政府机构
622921209206	榆丰村委会	103.141724	35.490684	0	18	40	村庄
622923106207	张家沟村委会	103.442520	36.022330	0	30	72	村庄
622926104201	马巷村委会	103.566350	35.799239	0	30	72	村庄
622922102200	唐哈村委会	103.707003	35.288461	0	18	66	乡镇
622927100206	后阳洼村委会	102.887247	35.724833	0	30	72	村庄
622922208208	乔家村委会	103.641171	35.280689	0	18	66	村庄
622926107207	何汪村委会	103.444763	35.781031	0	18	40	乡镇
622923100003	黄河路居委会	103.337990	35.974531	0	20	67	乡镇
622923105201	岘塬村委会	103.291919	35.908553	0	18	40	乡镇
622921100208	下阴洼村委会	103.003530	35.489401	0	25	47	乡镇
622927103200	红星村委会	102.919420	35.596919	0	30	72	村庄
622922101206	苏集村委会	103.598136	35.354699	0	18	66	乡镇
622923106211	木厂村委会	103.444607	36.058042	0	18	66	乡镇
622926200201	阳洼村委会	103.336729	35.723340	0	18	49	村庄
622901004003	拱北社区居委会	103.191506	35.585492	1	80	100	政府机构
622922206200	郭家庄村委会	103.551859	35.271622	0	18	66	村庄
622927204206	张豆家村委会	102.944499	35.721642	0	18	49	乡镇
622926103213	李牙村委会	103.438960	35.544112	0	18	40	乡镇
622922211204	多乐村委会	103.659630	35.215371	0	25	70	村庄
622921220203	卢家庄村委会	103.066113	35.560570	0	18	66	村庄
622922201204	关北村委会	103.749878	35.396681	0	18	40	村庄
622927203202	杓家村委会	102.925098	35.783542	0	18	40	乡镇
622926100203	伊哈池村委会	103.395370	35.664559	0	25	47	乡镇
622923102205	四沟村委会	103.278410	35.978559	1	80	100	政府机构
622926201203	寨子村委会	103.313060	35.709241	0	30	72	村庄
622921208212	牟家河村委会	103.175518	35.463403	0	50	73	UNKNOWN
622901005001	前河沿社区居委会	103.210867	35.587541	0	40	77	UNKNOWN
622927205204	红路岭村委会	103.026670	35.757519	0	30	58	村庄
622922207202	线家村委会	103.594680	35.287986	0	18	40	村庄
622923101001	第一居委会	103.284300	36.072440	0	25	70	乡镇
622923104203	塬中村委会	103.222820	35.890379	0	30	58	村庄
622926106205	盐沟村委会	103.534880	35.615951	0	30	58	村庄
622922100204	新集村委会	103.703650	35.369119	0	25	70	乡镇
622927102202	居集村委会	102.924104	35.643645	0	20	41	乡镇
622921108210	黄泥湾村委会	103.230840	35.529799	0	20	67	乡镇
622923103207	滩子村委会	103.209290	36.163499	0	25	70	乡镇
622926101201	上科妥村委会	103.714058	35.657884	1	80	100	政府机构
622924104208	曹家坡村委会	103.429789	35.427113	0	18	66	乡镇
622926206207	梅滩村委会	103.331618	35.521143	0	20	67	村庄
622922104210	扎那山村委会	103.756308	35.009919	0	18	40	乡镇
622927212200	新庄村委会	103.060360	35.640411	0	30	72	村庄
622901002005	民主社区居委会	103.210620	35.608416	0	40	77	道路
622927202200	斜套村委会	102.848270	35.735629	0	30	58	UNKNOWN
622922200206	田家沟村委会	103.661811	35.387086	0	20	67	村庄
622926205201	刘家村委会	103.364470	35.535771	0	30	72	村庄
622921108206	五一村委会	103.230840	35.529799	0	20	67	乡镇
622923103211	司家村委会	103.209290	36.163499	0	25	70	乡镇
622926215201	马脊梁村委会	103.693164	35.619028	0	18	40	乡镇
622922203200	冯马家村委会	103.601108	35.423072	1	80	100	政府机构
622927201206	苟家村委会	102.845440	35.798670	0	25	70	村庄
622901001003	新华社区居委会	103.212985	35.597974	0	40	72	乡镇
622927211206	张巴村委会	103.027655	35.645663	1	80	100	政府机构
622921105208	新寨村委会	103.061730	35.436321	0	30	72	村庄
622926102207	河东村委会	103.211710	35.770529	0	30	72	村庄
622923100201	大庄村委会	103.313890	35.944661	0	30	72	村庄
622922104206	枉子沟村委会	103.756308	35.009919	0	18	40	乡镇
622921208204	周家岭村委会	103.108585	35.408982	0	18	66	村庄
622926100001	锁南居委会	103.395370	35.664559	0	25	55	乡镇
622926105203	果园村委会	103.689000	35.561409	0	30	72	村庄
622921218204	源泉村委会	103.127389	35.721092	0	18	66	村庄
622923107205	汪家村委会	102.994816	35.958295	0	18	66	乡镇
622927101204	大墩村委会	102.733037	35.809802	1	80	100	政府机构
622922103202	八字沟村委会	103.683276	35.113032	0	18	66	乡镇
622923200203	红光村委会	103.604768	35.977275	0	30	72	村庄
622926202205	赵家村委会	103.348421	35.642300	0	30	72	村庄
622927206202	东坪寺村委会	102.855863	35.670552	0	25	55	旅游景点
622922211211	普巴村委会	103.659630	35.215371	0	25	47	村庄
622925102208	闵家村民委员会	103.254978	35.456449	0	18	49	乡镇
622926103206	上哈力村委会	103.438960	35.544112	0	18	35	乡镇
622921104209	杨坪村委会	103.067538	35.517895	0	18	66	乡镇
622901101208	铜匠庄村委会	103.155390	35.574329	1	80	100	政府机构
622922212201	打门村委会	103.699420	35.174119	0	25	47	村庄
622927200207	河崖村委会	102.747661	35.748996	0	18	66	村庄
622922202201	古城村委会	103.641884	35.433965	1	80	100	政府机构
622926214200	陈二甲村委会	103.601421	35.622715	0	18	35	村庄
622926204200	韩则岭村委会	103.400540	35.597380	0	18	35	村庄
622901007006	三易社区居民委员会	103.243000	35.604101	0	16	28	区县
622925108202	河沿村民委员会	103.257509	35.298661	0	18	49	乡镇
622921224202	孙家坪村委会	103.194387	35.533905	0	25	70	村庄
622927207203	王家村委会	103.007980	35.651041	0	30	72	村庄
622922205205	八松村委会	103.495763	35.309228	0	18	35	村庄
622926107212	周杨村委会	103.444763	35.781031	0	18	66	乡镇
622923201202	中林村委会	103.545094	36.055907	1	80	100	政府机构
622922102203	马集村委会	103.709050	35.291420	0	30	72	村庄
622927100205	前岭村委会	102.860783	35.716168	0	25	70	乡镇
622923106204	秀岭村委会	103.444607	36.058042	0	18	66	乡镇
622926104202	张家村委会	103.556346	35.795724	1	80	100	政府机构
622921209205	榆林村委会	103.158200	35.505349	0	30	72	村庄
622927103203	旧城村委会	102.946411	35.601172	0	20	67	乡镇
622922101205	关扎村委会	103.598136	35.354699	0	18	40	乡镇
622926107204	马场村委会	103.444763	35.781031	0	18	49	乡镇
622923105202	刘家村委会	103.280760	35.894469	0	30	72	村庄
622922206203	洼滩村委会	103.551859	35.271622	0	18	40	村庄
622927204205	娄子湾村委会	102.944499	35.721642	0	18	35	乡镇
622923202204	三条岘村	103.384158	35.981564	0	30	100	村庄
622926200202	和岘村委会	103.332610	35.680739	0	30	72	村庄
622923106212	瞿家庄村委会	103.444607	36.058042	0	18	66	乡镇
622922201207	三十铺村委会	103.749878	35.396681	0	18	66	村庄
622927203201	宁家村委会	102.899040	35.752340	0	30	72	村庄
622922211207	那那沟村委会	103.659630	35.215371	0	25	43	村庄
622901003004	二社社区居委会	103.217191	35.591126	0	40	58	乡镇
622921210209	何王村委会	103.094967	35.591653	0	25	70	乡镇
622926103210	郭泥沟村委会	103.438960	35.544112	0	18	49	乡镇
622924105209	周家山村委会	103.827224	35.500572	0	18	66	乡镇
622923206210	段岭村委会	103.026750	36.044049	0	25	70	村庄
622926100200	锁南村委会	103.392458	35.661785	1	80	100	政府机构
622923102206	白川村委会	103.236913	35.958738	0	30	72	村庄
622921101206	辛付村委会	103.181763	35.641108	1	80	100	政府机构
622926106209	何家村委会	103.516468	35.633744	0	18	66	乡镇
622925107207	三岔沟村民委员会	103.168140	35.355120	0	30	72	村庄
622922100208	马家咀村委会	103.676520	35.362690	1	80	100	政府机构
622924100210	双泉村委会	103.580080	35.477369	0	30	72	村庄
622923109201	董山村委会	103.097686	35.963584	0	18	66	乡镇
622924204206	巴家村委会	103.492129	35.482542	0	20	67	乡镇
622927205208	风光村委会	102.983620	35.748849	0	30	72	村庄
622925200201	梁家寺村民委员会	103.399700	35.508359	0	25	55	乡镇
622921105212	卡家滩村委会	103.063960	35.472151	0	25	43	乡镇
622921201204	尕巴山村委会	102.967550	35.514029	0	30	58	村庄
622924203202	石磊村委会	103.473800	35.431691	0	30	72	村庄
622925207205	杜家崖村民委员会	103.389209	35.410125	0	20	50	村庄
622901103203	陈马村委会	103.241411	35.628862	0	25	70	乡镇
622924104204	买家巷村委会	103.429789	35.427113	0	18	40	乡镇
622921106202	转咀村委会	102.999650	35.422751	0	18	66	乡镇
622921202214	扎麻村委会	102.880145	35.524815	0	18	40	乡镇
622925100203	南关村民委员会	103.337412	35.408376	0	20	50	乡镇
622926208203	甘土沟村委会	103.511141	35.525789	0	30	72	村庄
622921105204	涧上村委会	103.094460	35.496984	1	80	100	政府机构
622901100205	木厂村委会	103.228623	35.594676	0	25	70	乡镇
622925103205	马家村民委员会	103.171750	35.460640	0	30	72	村庄
622921202202	赵家村委会	102.936923	35.507981	1	80	100	政府机构
622926202209	满散村委会	103.304442	35.639159	0	18	66	村庄
622921215206	徐马村委会	103.203114	35.712814	0	20	41	村庄
622926222200	三塬村委会	103.336070	35.838909	0	18	40	村庄
622921218208	谢家坡村委会	103.127389	35.721092	0	18	66	村庄
622921208208	龙虎湾村委会	103.108585	35.408982	0	18	66	村庄
622924100206	马力庄村委会	103.602310	35.486950	0	30	58	村庄
622927101208	四堡子村委会	102.756476	35.815860	0	18	49	乡镇
622925104201	古鲁山村民委员会	103.256760	35.375230	0	25	55	乡镇
622925205202	草滩村民委员会	103.317550	35.301710	0	30	72	村庄
622921213203	坡头村委会	103.137970	35.641700	0	30	72	村庄
622925102204	包侯家村民委员会	103.259070	35.420380	0	30	72	村庄
622921210213	大路村委会	103.094354	35.591267	0	30	72	村庄
622901101204	石头洼村委会	103.156736	35.551069	1	80	100	政府机构
622921104205	苏山村委会	103.091460	35.540149	0	30	72	村庄
622926219202	红泉村委会	103.530215	35.731723	0	18	66	村庄
622926209202	卡家村委会	103.532780	35.552351	1	80	100	政府机构
622925105200	狼土泉村民委员会	103.408330	35.275030	0	25	47	乡镇
622922208207	马巴村委会	103.610493	35.263319	1	80	100	政府机构
622924101207	宗家村委会	103.739170	35.547011	0	16	65	乡镇
622921103201	莲城村委会	103.118191	35.761613	0	20	67	乡镇
622923106208	年家湾村委会	103.444607	36.058042	0	18	66	乡镇
622922205209	塔庄村委会	103.495763	35.309228	0	18	66	村庄
622926223201	董家岭村委会	103.451840	35.846989	0	25	70	村庄
622921214207	尕金村委会	103.168287	35.721861	0	20	41	村庄
622922208211	上寨村委会	103.639410	35.267179	0	30	72	村庄
622924101211	康家村委会	103.739170	35.547011	0	16	65	乡镇
622921217201	中寨村委会	103.244990	35.679741	0	25	70	乡镇
622925106206	陈家沟村民委员会	103.309410	35.498651	0	30	72	村庄
622926107208	荒山村委会	103.403470	35.807899	0	30	72	村庄
622921100207	上阴洼村委会	103.003530	35.489401	0	25	47	乡镇
622924102201	寺后子村委会	103.669851	35.509109	0	18	35	乡镇
622925101202	周刘家村民委员会	103.358490	35.447761	1	80	100	政府机构
622923208202	砂宗村委会	103.108991	35.838933	0	18	40	村庄
622921107203	前石村委会	103.192640	35.612801	1	80	100	政府机构
622901102202	单子庄村委会	103.186250	35.558091	0	30	58	村庄
622924105205	马家湾村委会	103.827224	35.500572	0	18	66	乡镇
622925102212	陈家咀村民委员会	103.243370	35.476151	0	30	72	UNKNOWN
622924202203	水泉村委会	103.729780	35.475100	0	30	72	村庄
622921200205	营滩村委会	102.965425	35.570949	0	18	40	村庄
622921210205	张家沟村委会	103.061030	35.586171	0	30	72	村庄
622901101212	王坪社区村民委员会	103.140538	35.557403	0	18	49	乡镇
622925102213	大坪村民委员会	103.240750	35.425791	0	30	72	村庄
622924202202	张家村委会	103.742330	35.474050	0	30	72	村庄
622921200204	右旗村委会	102.965425	35.570949	0	18	40	村庄
622921210204	西南庄村委会	103.094967	35.591653	0	25	70	乡镇
622925101203	前山村民委员会	103.341680	35.444059	0	30	72	村庄
622923208203	胜利村委会	103.082820	35.823150	0	30	72	村庄
622921107202	松树村委会	103.194373	35.621365	0	18	66	乡镇
622924105204	黄家湾村委会	103.826186	35.506539	1	80	100	政府机构
622901102203	尕杨家村委会	103.243218	35.591213	0	18	40	乡镇
622922101208	半坡村委会	103.608990	35.354381	0	30	72	村庄
622925106207	宋家沟村民委员会	103.339710	35.480069	0	30	72	村庄
622926107209	拱北湾村委会	103.376790	35.770990	0	30	72	村庄
622921100206	韩集村委会	103.003530	35.489401	0	25	70	乡镇
622922208210	沙楞村委会	103.644660	35.358180	0	30	58	UNKNOWN
622927204208	山庄村委会	102.932440	35.707730	0	30	72	村庄
622923108201	永乐村委会	103.056080	35.853001	0	30	72	村庄
622924101210	小沟村委会	103.739170	35.547011	0	16	65	乡镇
622922205208	那尼头村委会	103.495763	35.309228	0	18	35	村庄
622926223200	赵家山村委会	103.256160	35.562820	1	80	100	政府机构
622921214206	新庄窠村委会	103.168287	35.721861	0	20	67	村庄
622924102216	李家湾村委会	103.708755	35.493292	1	80	100	政府机构
622921204206	姬家村委会	102.949030	35.468531	0	25	70	乡镇
622925105201	吊滩村民委员会	103.408330	35.275030	0	25	55	乡镇
622922208206	兰家村委会	103.612580	35.281571	0	30	72	村庄
622924101206	白庄头村委会	103.704385	35.278295	1	80	100	政府机构
622921209208	东沟村委会	103.108400	35.472380	0	30	72	村庄
622923106209	大岭村委会	103.444607	36.058042	0	18	66	乡镇
622925102205	马家河村民委员会	103.254480	35.445230	0	30	72	村庄
622901101205	聂家村委会	103.162358	35.559693	1	80	100	政府机构
622921210212	崖头村委会	103.094967	35.591653	0	25	70	乡镇
622926219203	郑家村委会	103.470960	35.700370	0	30	72	村庄
622921104204	苗家村委会	103.067538	35.517895	0	18	66	乡镇
622926209203	努土坪村委会	103.530316	35.571160	1	80	100	政府机构
622925205203	将台村民委员会	103.344811	35.328888	0	18	49	村庄
622921213202	寨子村委会	103.139564	35.641242	0	30	72	村庄
622924105212	王家沟村委会	103.786719	35.511811	0	30	72	村庄
622921218209	陈黄村委会	103.127389	35.721092	0	18	66	村庄
622921102201	关门村委会	102.961595	35.445601	0	18	66	乡镇
622924100207	牟家窑村委会	103.585457	35.481509	0	18	66	乡镇
622921208209	小岭村委会	103.108585	35.408982	0	18	66	村庄
622927101209	克新民村委会	102.756476	35.815860	0	18	49	乡镇
622925104200	尕后庄村民委员会	103.266510	35.386540	0	30	72	村庄
622926202208	牙胡村委会	103.304442	35.639159	0	18	40	村庄
622921215207	大徐村委会	103.203114	35.712814	0	20	67	村庄
622925203206	卜家庄村民委员会	103.288553	35.408580	0	20	50	乡镇
622926222201	坡根村委会	103.336070	35.838909	0	18	66	村庄
622925107210	罗家集村民委员会	103.168089	35.373020	0	18	49	乡镇
622921202203	唐尕村委会	102.880145	35.524815	0	18	40	乡镇
622926208202	白家村委会	103.506392	35.539041	0	20	67	村庄
622921105205	韩赵家村委会	103.063960	35.472151	0	25	70	乡镇
622901100204	肖家社区村民委员会	103.228623	35.594676	0	25	55	乡镇
622925103204	中庄村民委员会	103.199650	35.472830	0	30	72	村庄
622924104205	曾家村委会	103.437525	35.452488	1	80	100	政府机构
622901103202	慈王社区村民委员会	103.241411	35.628862	0	25	70	乡镇
622921106203	别尕村委会	102.999650	35.422751	0	18	40	乡镇
622925100202	教场村民委员会	103.343110	35.433420	0	30	72	UNKNOWN
622921105213	新发村委会	103.074160	35.369781	0	30	72	村庄
622921201205	达沙村委会	102.964247	35.528369	0	18	40	乡镇
622924203203	官坊村委会	103.462345	35.400180	0	18	66	村庄
622901002008	东校场社区居委会	103.210620	35.608416	0	40	65	道路
622925207204	大庄村民委员会	103.386040	35.422109	0	30	72	村庄
622921216201	桥窝村委会	103.234347	35.708984	0	30	72	村庄
622923203208	罗山村委会	103.150333	36.058902	1	80	100	政府机构
622924100211	西关村委会	103.585457	35.481509	0	18	66	乡镇
622927205209	前进村委会	102.967760	35.748539	0	30	72	村庄
622925200200	大何家村民委员会	103.379200	35.502270	0	30	72	村庄
622924103201	对康村委会	103.550060	35.443655	1	80	100	政府机构
622921101207	三角村委会	103.170560	35.642810	1	80	100	政府机构
622926106208	瓦子岭村委会	103.516468	35.633744	0	18	66	乡镇
622925107206	大滩村民委员会	103.154359	35.388451	1	80	97	政府机构
622922100209	刘家庙村委会	103.638263	35.358354	1	80	100	政府机构
622923206211	王年沟村委会	103.026750	36.044049	0	25	43	村庄
622924105208	黄家村委会	103.827224	35.500572	0	18	66	乡镇
622926100201	王家村委会	103.395370	35.664559	0	25	70	乡镇
622923102207	孔寺村委会	103.230432	35.977441	0	16	38	乡镇
622922201206	关丰村委会	103.723595	35.393388	1	80	100	政府机构
622927203200	何家村委会	102.925098	35.783542	0	18	66	乡镇
622921220201	红水沟村委会	103.102496	35.561554	1	80	100	政府机构
622901003005	木场社区居民委员会	103.243000	35.604101	0	16	33	区县
622922211206	拉麻山村委会	103.659630	35.215371	0	25	47	村庄
622921210208	红土坡村委会	103.094967	35.591653	0	25	70	乡镇
622926103211	祖祖村委会	103.438960	35.544112	0	18	40	乡镇
622921200208	标山村委会	102.965425	35.570949	0	18	40	村庄
622922206202	胡麻沟村委会	103.565060	35.307010	0	30	72	村庄
622927204204	大庄村委会	102.983650	35.715479	0	30	72	村庄
622923202205	红岘子村委会	103.420365	35.947819	0	18	40	乡镇
622926200203	龙甫村委会	103.336729	35.723340	0	18	40	村庄
622927103202	学文村委会	102.946411	35.601172	0	20	41	乡镇
622922101204	塔关村委会	103.598136	35.354699	0	18	40	乡镇
622926107205	那楞沟村委会	103.444763	35.781031	0	18	35	乡镇
622923100001	化工路居委会	103.337990	35.974531	0	20	67	乡镇
622923105203	姬川村委会	103.291919	35.908553	0	18	40	乡镇
622922102202	郭家麻村委会	103.694830	35.257539	0	30	58	UNKNOWN
622927100204	石家坟村委会	102.849275	35.725477	1	80	100	政府机构
622923106205	中山村委会	103.396940	36.040139	0	30	72	村庄
622926104203	舀水村委会	103.502671	35.826995	0	18	40	乡镇
622921209204	窑湾村委会	103.157750	35.490719	0	30	72	村庄
622925108203	大庄村民委员会	103.277220	35.315619	0	30	72	村庄
622901007007	和谐社区居民委员会	103.243000	35.604101	0	16	28	区县
622921224203	五星村委会	103.200419	35.543555	1	80	100	政府机构
622927207202	酸李树村委会	102.996408	35.668860	0	20	50	村庄
622922205204	纳沟村委会	103.485920	35.265771	0	30	58	村庄
622926107213	中岭村委会	103.444763	35.781031	0	18	66	乡镇
622923201203	三联村委会	103.519644	36.009301	1	80	100	政府机构
622922212200	蔡家村委会	103.699420	35.174119	0	25	70	村庄
622927200206	肖家村委会	102.778983	35.753897	1	80	100	政府机构
622922202200	团结村委会	103.616950	35.426420	0	30	72	村庄
622926214201	池滩村委会	103.601421	35.622715	0	18	40	村庄
622926204201	罗家村委会	103.400540	35.597380	0	18	66	村庄
622922211210	牟家窑村委会	103.630424	35.223148	1	80	100	政府机构
622925102209	大路村民委员会	103.258450	35.468600	0	30	72	村庄
622923101201	上铨村委会	103.290930	36.064918	0	30	58	村庄
622926103207	达板空村委会	103.438960	35.544112	0	18	35	乡镇
622921104208	寺湾村委会	103.067538	35.517895	0	18	66	乡镇
622901101209	青寺村委会	103.140538	35.557403	0	18	40	乡镇
622923200202	红楼村委会	103.587045	35.986635	0	18	66	村庄
622926202204	包家村委会	103.311129	35.642600	0	30	72	村庄
622926212204	毛柴子村委会	103.460168	35.618812	1	80	100	政府机构
622927206203	地合村委会	102.894080	35.679510	0	25	47	乡镇
622901006006	西营房社区居民委员会	103.199824	35.597153	0	30	51	乡镇
622921208205	单岭村委会	103.108585	35.408982	0	18	40	村庄
622923203212	祁山村委会	103.040500	36.160699	0	25	70	村庄
622921218205	江家寨村委会	103.127389	35.721092	0	18	40	村庄
622926105202	红庄村委会	103.699689	35.560560	1	80	100	政府机构
622923107204	冯山村委会	103.020070	35.970780	0	30	72	村庄
622927101205	韩陕家村委会	102.756476	35.815860	0	18	40	乡镇
622922103203	坟湾村委会	103.683276	35.113032	0	18	66	乡镇
622921105209	大滩涧村委会	103.103610	35.462799	0	30	51	UNKNOWN
622926102206	团结村委会	103.210540	35.759989	0	30	72	村庄
622925103208	团咀村民委员会	103.199600	35.496300	0	30	72	UNKNOWN
622922104207	下扎村委会	103.756308	35.009919	0	18	40	乡镇
622923207206	沟滩村委会	102.975130	35.878019	1	80	95	UNKNOWN
622926205200	百和岘村委会	103.356470	35.555931	0	30	72	村庄
622926215200	车家湾村委会	103.693164	35.619028	0	18	66	乡镇
622921108207	王家村委会	103.230840	35.529799	0	20	67	乡镇
622923103210	黄新村委会	103.209290	36.163499	0	25	70	乡镇
622922203201	白王村委会	103.559829	35.383056	0	18	66	村庄
622927201207	三二家村委会	102.845440	35.798670	0	25	43	村庄
622901001002	庆胜社区居委会	103.212985	35.597974	0	40	58	乡镇
622926102210	大塬村委会	103.198596	35.772350	0	18	40	乡镇
622926206206	关卜岭村委会	103.389000	35.663599	0	14	46	区县
622927212201	工匠村委会	103.067253	35.654559	1	80	100	政府机构
622922104211	足古川村委会	103.756308	35.009919	0	18	49	乡镇
622901002004	生产社区居委会	103.210620	35.608416	0	40	77	道路
622927202201	尕集村委会	102.856120	35.742059	1	80	100	政府机构
622922200207	何家沟村委会	103.661811	35.387086	0	20	67	村庄
622923103206	红庄湾村委会	103.209290	36.163499	0	25	47	乡镇
622926101200	达板村委会	103.618543	35.724360	0	16	38	乡镇
622924104209	董家河村委会	103.430480	35.408870	0	30	72	村庄
622923104202	新建村委会	103.232340	35.901190	0	30	72	村庄
622926106204	马家村委会	103.521840	35.599639	0	30	72	村庄
622922100205	石王村委会	103.703650	35.369119	0	25	70	乡镇
622927102203	茨滩村委会	102.924104	35.643645	0	20	67	乡镇
622926201202	红庄村委会	103.287167	35.700981	0	30	72	村庄
622923203204	坪沟村委会	103.040500	36.160699	0	25	47	村庄
622927205205	三坪村委会	103.007820	35.743731	0	25	70	村庄
622922207203	李子堡村委会	103.594680	35.287986	0	18	40	村庄
622923104209	向阳村委会	103.147180	35.816779	0	30	72	村庄
622924103206	新民村委会	103.442260	35.345390	0	30	72	村庄
622927102208	劳动村委会	102.924104	35.643645	0	20	67	乡镇
622927208200	五十里铺村委会	102.953699	35.652100	1	80	100	政府机构
622925107201	李家山村民委员会	103.211560	35.428959	0	30	72	村庄
622921216206	大庄村委会	103.234352	35.706730	1	80	100	政府机构
622923109207	滩子村委会	103.097686	35.963584	0	18	66	乡镇
622925200207	大干沟村民委员会	103.399700	35.508359	0	25	55	乡镇
622921201202	王家湾村委会	102.978850	35.504009	0	30	72	村庄
622924203204	槐沟村委会	103.462345	35.400180	0	18	66	村庄
622925207203	仲马家村民委员会	103.389209	35.410125	0	20	41	村庄
622921202212	郭东山村委会	102.930847	35.482743	1	80	100	政府机构
622901103205	大庄村委会	103.244750	35.643511	0	30	72	村庄
622924104202	张家山村委会	103.429789	35.427113	0	18	66	乡镇
622921106204	兰达村委会	103.020019	35.452775	1	80	100	政府机构
622925100205	后寨子村民委员会	103.331610	35.414469	1	80	100	政府机构
622921105202	尹集村委会	103.063960	35.472151	0	25	70	乡镇
622901100203	祁家村委会	103.189920	35.576741	1	80	100	政府机构
622926208205	克什间村委会	103.506392	35.539041	0	20	41	村庄
622925103203	脖项村民委员会	103.186441	35.460256	0	18	66	乡镇
622921106212	大沟村委会	102.999650	35.422751	0	18	66	乡镇
622921202204	马角岭村委会	102.880145	35.524815	0	18	49	乡镇
622924103210	宋家山村委会	103.474030	35.376310	0	25	70	乡镇
622927206208	善家村委会	102.905919	35.685852	0	30	58	村庄
622925203201	白杨沟村民委员会	103.326860	35.426029	0	30	72	村庄
622921102206	多木寺村委会	102.961595	35.445601	0	18	35	乡镇
622921216210	塔张村委会	103.234347	35.708984	0	30	51	村庄
622926105209	石山村委会	103.634600	35.544749	0	30	72	村庄
622925104207	石咀村民委员会	103.204460	35.331580	0	30	72	村庄
622922103208	温家河村委会	103.683276	35.113032	0	18	66	乡镇
622925205204	光明村民委员会	103.376180	35.326060	0	30	72	村庄
622921213205	冯魏村委会	103.128051	35.664662	0	25	47	村庄
622925102202	张家沟村民委员会	103.246420	35.503001	0	30	72	村庄
622926209204	塔户村委会	103.544294	35.558559	0	18	40	村庄
622901101202	马家庄村委会	103.232160	35.584590	0	30	72	村庄
622921101001	土桥居委会	103.165733	35.650318	0	20	67	乡镇
622921104203	古城村委会	103.101780	35.519599	0	30	72	村庄
622926219204	关卜村委会	103.530215	35.731723	0	18	40	村庄
622922208201	麻池村委会	103.641171	35.280689	0	18	66	村庄
622922102209	晏家村委会	103.673703	35.267282	1	80	100	政府机构
622925105206	扁坡村民委员会	103.408900	35.326400	0	30	72	村庄
622926104208	河沿村委会	103.502671	35.826995	0	18	66	乡镇
622924101201	水家村委会	103.739170	35.547011	0	16	65	乡镇
622925108208	三坪村民委员会	103.257509	35.298661	0	18	49	乡镇
622926223207	高咀村委会	103.451840	35.846989	0	25	70	村庄
622921204201	阳洼村委会	102.969050	35.470499	0	30	72	村庄
622924102211	蔡王家村委会	103.625230	35.503189	1	80	100	政府机构
622921214201	大刘村委会	103.187118	35.689196	0	30	72	村庄
622926220201	宋家村委会	103.437848	35.746144	0	30	72	村庄
622926200208	石家沟村委会	103.303260	35.789311	0	30	72	村庄
622923108206	阳山村委会	103.035660	35.900399	0	30	72	村庄
622925106200	贾百户村民委员会	103.338400	35.502189	0	30	72	UNKNOWN
622927209201	金场寺村委会	102.873777	35.632127	0	18	35	乡镇
622927103209	桥头村委会	102.982096	35.624586	1	80	100	政府机构
622921100201	双城村委会	103.003530	35.489401	0	25	70	乡镇
622924102207	景家村委会	103.669851	35.509109	0	18	66	乡镇
622925101204	二甲村民委员会	103.353932	35.453556	0	20	50	乡镇
622925205212	金场沟村民委员会	103.312960	35.342031	0	30	72	村庄
622921107205	钱家村委会	103.220400	35.634185	1	80	100	政府机构
622901102204	南川村委会	103.219640	35.575569	1	80	100	政府机构
622924105203	新民滩村委会	103.827224	35.500572	0	18	35	乡镇
622923208204	松树湾村委会	103.108991	35.838933	0	18	66	村庄
622921210203	果园山村委会	103.122080	35.592841	0	30	58	村庄
622924202205	康坪村委会	103.722930	35.466791	0	25	70	村庄
622921200203	沙泥锅村委会	102.965425	35.570949	0	18	35	村庄
622926201205	大山村委会	103.256200	35.773210	0	30	72	村庄
622927205202	安家湾村委会	103.007820	35.743731	0	25	70	村庄
622922207204	黄家庄村委会	103.594680	35.287986	0	18	66	村庄
622923104205	两合村委会	103.205350	35.890599	0	25	70	乡镇
622926106203	池沟村委会	103.516468	35.633744	0	18	66	乡镇
622922100202	中元村委会	103.703650	35.369119	0	25	70	乡镇
622927102204	甘藏村委会	102.924104	35.643645	0	20	41	乡镇
622926205211	康家坪村委会	103.339214	35.563933	0	18	66	乡镇
622921106208	杨家庄村委会	102.981021	35.428000	0	30	72	村庄
622901103209	祁牟村委会	103.255905	35.643866	0	30	58	村庄
622923103201	白川村委会	103.104580	36.204729	0	30	72	村庄
622926101207	舀水村委会	103.618543	35.724360	0	16	38	乡镇
622925100209	张家庄村民委员会	103.345170	35.420870	0	30	72	村庄
622927100002	广场社区居委会	102.860783	35.716168	0	25	70	乡镇
622926206201	波罗村委会	103.295630	35.502441	0	30	72	村庄
622926216201	岔巴村委会	103.595392	35.686822	0	18	40	村庄
622927202206	张郭家村委会	102.887340	35.802151	0	30	72	村庄
622922200200	辛雍家村委会	103.703610	35.385589	0	30	72	村庄
622927212206	银河村委会	103.087680	35.729019	0	30	72	村庄
622901002003	天华社区居民委员会	103.210620	35.608416	0	40	59	道路
622921202208	三台村委会	102.880145	35.524815	0	18	66	乡镇
622923207201	朵坪村委会	102.983274	35.873542	0	18	40	村庄
622926205207	王家川村委会	103.339214	35.563933	0	18	66	乡镇
622927211200	戴家山村委会	103.023060	35.614466	0	18	66	村庄
622922203206	陡坡村委会	103.559829	35.383056	0	18	66	村庄
622927201200	肖红坪村委会	102.845440	35.798670	0	25	55	村庄
622926102201	小庄村委会	103.262240	35.711130	0	30	72	村庄
622927212210	龙光村委会	103.073680	35.679570	0	25	70	村庄
622922104200	大山沟村委会	103.756308	35.009919	0	18	66	乡镇
622926105205	李坪村委会	103.640659	35.557753	0	18	66	乡镇
622921218202	韩沟村委会	103.127389	35.721092	0	18	66	村庄
622923107203	上王村委会	102.958113	35.923297	0	30	72	村庄
622921208202	小沟门村委会	103.108585	35.408982	0	18	66	村庄
622927101202	甘河滩村委会	102.756476	35.815860	0	18	40	乡镇
622922103204	景古村委会	103.683276	35.113032	0	18	40	乡镇
622926212203	红崖村委会	103.232837	35.534431	1	80	100	政府机构
622923200205	徐家湾村委会	103.567305	36.002353	1	80	100	政府机构
622926202203	毛沟村委会	103.304442	35.639159	0	18	66	村庄
622901006001	大西关社区居委会	103.199824	35.597153	0	30	72	乡镇
622927206204	寨子沟村委会	102.892910	35.680331	1	80	100	政府机构
622921220210	姚河村委会	103.066113	35.560570	0	18	66	村庄
622926219208	黄家村委会	103.530215	35.731723	0	18	66	村庄
622926209208	马场村委会	103.555180	35.525540	0	30	72	UNKNOWN
622923101206	焦家村委会	103.284300	36.072440	0	25	70	乡镇
622926103200	那勒寺村委会	103.438960	35.544112	0	18	35	乡镇
622927200201	团结村委会	102.784527	35.794779	1	80	100	政府机构
622922202207	甘沟村委会	103.664119	35.427192	0	20	67	村庄
622925205208	峡门村民委员会	103.344811	35.328888	0	18	49	村庄
622927210201	大茨滩村委会	102.895120	35.585550	0	25	47	村庄
622922212207	吓窑村委会	103.699420	35.174119	0	25	47	村庄
622926204206	坪庄村委会	103.371890	35.596118	1	80	100	政府机构
622926214206	那斜户村委会	103.601421	35.622715	0	18	35	村庄
622926100210	桥文村委会	103.395370	35.664559	0	25	47	乡镇
622927207205	海家村委会	102.996408	35.668860	0	20	41	村庄
622922205203	烈洼村委会	103.495763	35.309228	0	18	40	村庄
622925108204	尕庄村民委员会	103.278661	35.337717	1	80	97	政府机构
622921224204	明光村委会	103.178362	35.521094	1	80	100	政府机构
622923201204	徐家沟村委会	103.533132	36.016493	0	18	66	村庄
622923100010	新西社区居委会	103.337990	35.974531	0	20	67	乡镇
622926107214	坪庄村委会	103.371890	35.596118	1	80	100	政府机构
622922102205	西坡村委会	103.707003	35.288461	0	18	66	乡镇
622927100203	后沟村委会	102.860783	35.716168	0	25	70	乡镇
622901004010	红园新村社区居委会	103.199440	35.596390	0	30	72	地产小区
622921209203	榆河村委会	103.141724	35.490684	0	18	40	村庄
622923106202	高峰村委会	103.495811	36.076383	0	30	72	村庄
622926104204	下城门村委会	103.502671	35.826995	0	18	66	乡镇
622927103205	麻坝村委会	102.956460	35.606450	1	80	100	政府机构
622922101203	马寨村委会	103.545846	35.331217	1	80	100	政府机构
622926107202	卧妥村委会	103.341820	35.775609	0	30	58	UNKNOWN
622923105204	光辉村委会	103.291919	35.908553	0	18	66	乡镇
622923100006	川东路居委会	103.322191	35.938690	0	50	82	道路
622922206205	拔字沟村委会	103.551859	35.271622	0	18	40	村庄
622927204203	吊坪村委会	102.955981	35.720188	1	80	100	政府机构
622923202202	塔什堡村委会	103.420365	35.947819	0	18	40	乡镇
622926200204	陈家村委会	103.327700	35.775289	0	30	58	村庄
622922211201	草滩村委会	103.659630	35.215371	0	25	70	村庄
622921220206	马家沟村委会	103.029620	35.535389	0	30	72	村庄
622901003002	水泉社区居委会	103.221423	35.588441	1	80	100	政府机构
622922201201	吓沟村委会	103.749878	35.396681	0	18	40	村庄
622927203207	关集村委会	102.925098	35.783542	0	18	40	乡镇
622923101210	方台村委会	103.284300	36.072440	0	25	47	乡镇
622924202209	老庄村委会	103.615000	35.447780	0	30	72	村庄
622926100206	高门村委会	103.395370	35.664559	0	25	70	乡镇
622901102208	杨家村委会	103.243218	35.591213	0	18	66	乡镇
622926100207	苦改力村委会	103.395370	35.664559	0	25	47	乡镇
622923102201	中庄村委会	103.268220	35.961299	0	30	72	村庄
622901102209	妥家村委会	103.243218	35.591213	0	18	40	乡镇
622921107208	娄高祁村委会	103.228080	35.644580	0	30	58	UNKNOWN
622921220207	王堡村委会	103.014840	35.532190	0	30	72	村庄
622901003003	河滩关社区居民委员会	103.212680	35.582859	0	50	73	UNKNOWN
622922211200	才子沟村委会	103.605139	35.212321	0	30	58	村庄
622922201200	上沟村委会	103.757550	35.361609	0	30	72	村庄
622927203206	芦家庄村委会	102.925098	35.783542	0	18	66	乡镇
622924202208	牛康家村委会	103.627414	35.453377	1	80	100	政府机构
622923101211	新塬村委会	103.293076	36.099031	1	80	100	政府机构
622922206204	鸣关村委会	103.551859	35.271622	0	18	40	村庄
622927204202	左家村委会	102.944499	35.721642	0	18	66	乡镇
622923202203	下庄村委会	103.440690	35.957990	0	30	72	村庄
622926200205	北庄村委会	103.331940	35.730159	0	30	72	村庄
622927103204	阴洼滩村委会	102.946411	35.601172	0	20	36	乡镇
622922101202	高楼子村委会	103.557579	35.339054	1	80	100	政府机构
622926107203	杨家村委会	103.444763	35.781031	0	18	66	乡镇
622923105205	尤塬村委会	103.291919	35.908553	0	18	40	乡镇
622923100007	川南路居委会	103.320591	35.934790	0	40	77	道路
622922102204	蒲家村委会	103.707003	35.288461	0	18	66	乡镇
622927100202	前庄村委会	102.856444	35.702376	1	80	100	政府机构
622921209202	夏家湾村委会	103.141724	35.490684	0	18	66	村庄
622926104205	汪家村委会	103.502671	35.826995	0	18	66	乡镇
622927207204	大杨家村委会	102.996408	35.668860	0	20	67	村庄
622922205202	岔路村委会	103.483490	35.307141	1	80	100	政府机构
622925108205	闫蔡坪村民委员会	103.257509	35.298661	0	18	40	乡镇
622901007001	南园社区村民委员会	103.243000	35.604101	0	16	30	区县
622921224205	邓家村委会	103.194387	35.533905	0	25	70	村庄
622923201205	久长沟村委会	103.511470	35.972019	0	30	58	村庄
622927200200	陶家村委会	102.783497	35.805943	1	80	100	政府机构
622922202206	二甲村委会	103.664119	35.427192	0	20	67	村庄
622925205209	奋斗村民委员会	103.361080	35.333731	0	30	72	村庄
622927210200	尕阴洼村委会	102.880440	35.605670	0	30	58	UNKNOWN
622921223201	联丰村委会	103.258990	35.550890	0	30	72	村庄
622922212206	五户村委会	103.699420	35.174119	0	25	47	村庄
622926204207	五麦寺村委会	103.400540	35.597380	0	18	35	村庄
622923206201	后坪村委会	102.944300	36.049661	0	30	72	村庄
622926214207	格鲁沟村委会	103.601421	35.622715	0	18	35	村庄
622926100211	马场村委会	103.395370	35.664559	0	25	55	乡镇
622926219209	塔拉务村委会	103.530215	35.731723	0	18	35	村庄
622923101207	黄茨村委会	103.284300	36.072440	0	25	47	乡镇
622926209209	五家沟村委会	103.544294	35.558559	0	18	66	村庄
622926103201	南门村委会	103.483060	35.551171	0	30	72	村庄
622926212202	新星村委会	103.442650	35.656600	0	30	72	村庄
622923200204	南堡村委会	103.591050	35.998420	0	30	72	村庄
622926202202	林家村委会	103.268550	35.653979	0	30	72	村庄
622927206205	阳洼庄村委会	102.853670	35.677439	0	30	58	村庄
622921218203	定坪村委会	103.124718	35.681392	1	80	100	政府机构
622926105204	石拉泉村委会	103.640659	35.557753	0	18	40	乡镇
622923107202	川城村委会	102.994816	35.958295	0	18	40	乡镇
622921208203	张家湾村委会	103.086010	35.443690	0	30	72	村庄
622927101203	梅坡村委会	102.750037	35.797466	1	80	100	政府机构
622922103205	牟家沟村委会	103.683276	35.113032	0	18	66	乡镇
622926102200	苏孟村委会	103.228470	35.736899	0	30	72	村庄
622922104201	地寺坪村委会	103.756308	35.009919	0	18	40	乡镇
622927212211	银川村委会	103.073680	35.679570	0	25	70	村庄
622926101210	黑石山村委会	103.618543	35.724360	0	16	38	乡镇
622921202209	关滩村委会	102.864007	35.527924	1	80	100	政府机构
622921108201	振华村委会	103.230840	35.529799	0	20	41	乡镇
622926205206	赵家沟村委会	103.300380	35.563111	0	30	72	村庄
622927211201	元林村委会	103.023060	35.614466	0	18	66	村庄
622922203207	山庄村委会	103.544450	35.383351	0	30	72	村庄
622927201201	沈家坪村委会	102.845440	35.798670	0	25	70	村庄
622926206200	漫坪村委会	103.331618	35.521143	0	20	41	村庄
622926216200	庙尔岭村委会	103.595392	35.686822	0	18	40	村庄
622927202207	上坪村委会	102.858041	35.774157	0	18	66	村庄
622922200201	道家村委会	103.682660	35.375140	0	30	72	村庄
622927212207	水陈村委会	103.073680	35.679570	0	25	47	村庄
622901002002	风林社区居委会	103.210620	35.608416	0	40	65	道路
622921106209	多麻村委会	102.999650	35.422751	0	18	40	乡镇
622926205210	石头湾村委会	103.339214	35.563933	0	18	66	乡镇
622926101206	陈家村委会	103.618543	35.724360	0	16	38	乡镇
622925100208	麻藏村民委员会	103.288082	35.398194	1	80	97	政府机构
622927100003	团结社区居委会	102.860783	35.716168	0	25	70	乡镇
622923104204	高白村委会	103.205350	35.890599	0	25	47	乡镇
622926106202	包家村委会	103.496440	35.599550	0	30	72	村庄
622922100203	斜路村委会	103.703650	35.369119	0	25	70	乡镇
622927102205	红崖村委会	102.924104	35.643645	0	20	67	乡镇
622926201204	仲家山村委会	103.263503	35.751437	0	16	65	村庄
622927205203	钭家山村委会	103.007820	35.743731	0	25	55	村庄
622922207205	吊庄村委会	103.594680	35.287986	0	18	66	村庄
622901005006	蝴蝶楼社区居委会	103.203296	35.586473	1	70	92	旅游景点
622921210202	大塬顶村委会	103.094967	35.591653	0	25	47	乡镇
622924202204	排套村委会	103.722930	35.466791	0	25	47	村庄
622921200202	小沟村委会	102.965425	35.570949	0	18	66	村庄
622925101205	尕新庄村民委员会	103.311580	35.481401	0	30	72	村庄
622925100101	西关社区	103.337412	35.408376	0	20	67	乡镇
622921107204	崔家村委会	102.767353	35.773783	1	80	100	政府机构
622924105202	上马家村委会	103.827224	35.500572	0	18	66	乡镇
622901102205	四家咀村委会	103.243218	35.591213	0	18	40	乡镇
622923208205	徐湾村委会	103.108991	35.838933	0	18	66	村庄
622926223210	土坝塬村委会	103.451840	35.846989	0	25	43	村庄
622925106201	上王家村民委员会	103.293810	35.465430	0	30	72	村庄
622927209200	马家咀村委会	102.873777	35.632127	0	18	66	乡镇
622927103208	吊地洼村委会	102.977360	35.619969	1	80	100	政府机构
622924102206	高家村委会	103.701250	35.520209	0	30	72	村庄
622926220200	前进村委会	103.432850	35.721391	0	30	72	村庄
622922206208	八才沟村委会	103.551859	35.271622	0	18	35	村庄
622926223206	周家塬村委会	103.451840	35.846989	0	25	47	村庄
622924102210	谢家村委会	103.657430	35.508681	0	30	72	村庄
622922208200	上湾村委会	103.622870	35.285560	0	30	72	村庄
622922102208	塄干村委会	103.749200	35.317959	0	30	58	UNKNOWN
622925105207	新集村民委员会	103.401950	35.364190	0	30	72	村庄
622926104209	照壁山村委会	103.530354	35.821386	1	80	100	政府机构
622925102203	祁家沟村民委员会	103.254978	35.456449	0	18	49	乡镇
622926209205	尹家村委会	103.544294	35.558559	0	18	66	村庄
622901101203	街子村委会	103.139060	35.533270	1	80	100	政府机构
622926219205	南阳洼村委会	103.521693	35.695526	0	30	72	村庄
622921104202	新集村委会	103.067538	35.517895	0	18	66	乡镇
622925205205	何马家村民委员会	103.367500	35.382821	0	30	72	村庄
622921213204	冉坪村委会	103.128051	35.664662	0	25	47	村庄
622921102207	寨子村委会	102.989950	35.471400	0	30	72	村庄
622924100201	石那奴村委会	103.566631	35.487703	1	80	100	政府机构
622926105208	王山村委会	103.619700	35.527060	0	30	72	村庄
622925104206	牙塘村民委员会	103.256760	35.375230	0	25	55	乡镇
622922103209	线家滩村委会	103.683276	35.113032	0	18	35	乡镇
622921215201	丁韩村委会	103.203114	35.712814	0	20	41	村庄
622924103211	西坪村委会	103.474030	35.376310	0	25	70	乡镇
622927206209	磨沟村委会	102.894080	35.679510	0	25	70	乡镇
622925203200	松树村民委员会	103.279790	35.415079	0	30	72	UNKNOWN
622921202205	麻尼寺沟村委会	102.915550	35.515879	1	80	100	政府机构
622921100001	韩集居委会	103.003530	35.489401	0	25	55	乡镇
622921105203	麻莲滩村委会	103.063960	35.472151	0	25	70	乡镇
622901100202	瓦窑村委会	103.196695	35.595651	0	30	72	村庄
622926208204	石头沟村委会	103.506392	35.539041	0	20	67	村庄
622925103202	杨台村民委员会	103.206864	35.445189	1	80	97	政府机构
622921202213	寺庄村委会	102.880145	35.524815	0	18	66	乡镇
622924104203	马家嘴村委会	103.429789	35.427113	0	18	66	乡镇
622901103204	苟家村委会	103.240510	35.632671	1	80	100	政府机构
622925101100	鸿瑞社区	103.353932	35.453556	0	20	67	乡镇
622921106205	铁家村委会	102.999650	35.422751	0	18	66	乡镇
622925100204	西关村民委员会	103.345500	35.422340	0	30	72	村庄
622921201203	中光村委会	102.982890	35.518799	0	30	72	村庄
622924203205	山庄村委会	103.471317	35.394340	1	80	100	政府机构
622925207202	杨马族村民委员会	103.395830	35.394769	0	30	72	UNKNOWN
622924204201	贾家村委会	103.529490	35.487930	0	30	72	村庄
622921216207	杨家村委会	103.011303	35.628664	1	80	100	政府机构
622923109206	他崖村委会	103.097686	35.963584	0	18	40	乡镇
622925200206	赵家沟村民委员会	103.421990	35.490551	0	30	72	村庄
622923104208	东风村委会	103.161566	35.841621	1	80	100	政府机构
622924103207	马浪村委会	103.432770	35.322240	0	30	58	UNKNOWN
622921101201	侯段村委会	103.188362	35.671848	1	80	100	政府机构
622927208201	周家村委会	102.945595	35.662814	0	25	70	乡镇
622925107200	张家山村民委员会	103.171120	35.408280	0	30	72	村庄
