650121100205	东梁村委会	87.529140	43.449851	0	30	72	村庄
650109104208	二道坝村委会	87.664083	44.090230	0	18	40	乡镇
650102006010	南郊客运站社区居委会	87.609132	43.761703	1	70	92	长途汽车站
650102401011	后泉路北社区居委会	87.626205	43.780224	1	80	100	政府机构
650102402001	延安大道社区居委会	87.635067	43.769786	0	30	58	村庄
650104200204	百园路新村村委会	87.539670	43.913230	0	30	58	道路
650121207203	赵家庄子村委会	87.262260	43.462170	0	25	70	乡镇
650106003001	王家沟储运新村社区居委会	87.394734	43.883750	0	25	47	乡镇
650103001007	冷库社区居委会	87.591399	43.788512	0	40	72	乡镇
650109005002	园艺社区居委会	87.641672	43.953543	0	30	72	乡镇
650104006008	乌东站社区居委会	87.586129	43.903643	1	80	95	地产小区
650102012004	建工大院社区居委会	87.640958	43.810465	0	30	58	乡镇
650103006003	农大社区居委会	87.562347	43.812727	1	80	100	政府机构
650109002006	金河社区居民委员会	87.673873	43.945057	0	30	51	乡镇
650105008005	和居社区居委会	87.656470	43.878000	1	80	97	政府机构
650104100206	西村村委会	87.520053	43.987161	0	18	49	乡镇
650172002007	万盛社区居委会	87.577646	43.871576	0	50	67	工业园区
650103006015	古城南社区	87.570370	43.803610	1	80	100	政府机构
650172001001	天津南路社区居民委员会	87.577921	43.870166	1	80	100	政府机构
650104201004	小地窝堡东街社区	87.486490	43.920669	0	30	100	道路
650102011002	西河坝社区居委会	87.611820	43.795870	0	30	58	乡镇
650121213201	乌什城村委会	87.667690	43.462899	1	80	100	政府机构
650105008013	文源社区居委会	87.656470	43.878000	1	80	97	政府机构
650103015005	仓郁社区	87.538840	43.743260	0	30	51	村庄
650103005005	军区医院社区居委会	87.589691	43.835540	0	40	58	乡镇
650104203202	六十户村委会	87.461934	44.050740	0	18	66	村庄
650105001009	风景社区居委会	87.655061	43.837354	1	80	100	政府机构
650102401007	二道湾北社区居委会	87.647302	43.778413	1	80	100	政府机构
650102006006	三桥社区居委会	87.607938	43.775399	0	30	72	乡镇
650103012001	林榆台社区	87.598300	43.801000	0	16	38	区县
650109006004	常乐社区居委会	87.639034	43.935404	1	80	100	政府机构
650103002001	建机社区居委会	87.598094	43.780427	0	30	72	乡镇
650105002019	红星社区居委会	87.632450	43.829541	1	80	97	政府机构
650121103203	下寺村委会	87.303750	43.572147	0	16	65	乡镇
650103004004	石油学院社区居委会	87.591819	43.819510	0	30	58	乡镇
650103018027	汇南社区	87.598300	43.801000	0	16	33	区县
650103008027	平川路社区居委会	87.552451	43.811989	0	40	77	道路
650171009202	马家庄子村委会	87.610103	43.794341	1	80	97	政府机构
650104200005	唐山路东社区	87.569690	43.901081	0	40	77	道路
650102010003	东风路社区居委会	87.631131	43.799446	0	40	77	道路
650103007014	双和社区居民委员会	87.459865	43.689227	0	16	38	乡镇
650109003011	华兴社区居委会	87.624424	43.925644	0	25	70	乡镇
650102003013	边瑞社区居委会	87.620167	43.763500	0	30	58	乡镇
650102013013	青年路东社区居委会	87.638259	43.806482	0	30	72	道路
650106002016	乾园社区居委会	87.424588	43.869837	0	40	59	商圈
650103010010	天海社区居委会	87.566899	43.830981	0	25	55	乡镇
650105001025	秀泉社区居委会	87.656849	43.835206	1	80	97	政府机构
650102014017	虹湾巷社区居委会	87.644429	43.766542	0	50	82	道路
650106001006	新村街社区居委会	87.427900	43.876899	0	16	44	区县
650109007005	华裕社区工作委员会	87.619240	43.919609	0	40	56	道路
650105010008	观园路北社区居委会	87.713349	43.809671	0	30	58	道路
650102400006	双庆巷社区居委会	87.618261	43.783778	0	50	82	道路
650104202203	天山村委会	87.541720	44.032930	0	30	72	村庄
650102017007	翠泉路西社区居委会	87.649720	43.789382	0	40	65	道路
650109004003	南苑社区居委会	87.662830	43.963011	0	30	72	乡镇
650104017009	迎宾路北社区居委会	87.513754	43.899772	1	80	95	政府机构
650171008002	瑞昌街社区居委会	87.531914	43.881133	0	50	67	工业园区
650102004001	领馆巷北社区居委会	87.613140	43.776429	0	50	73	道路
650106001010	西域社区居委会	87.427900	43.876899	0	16	33	区县
650105002023	斜井西社区居委会	87.635941	43.833350	1	80	100	政府机构
650102007011	国际城社区居委会	87.633233	43.784362	0	30	72	乡镇
650171002008	南彩门社区居民委员会	87.530859	43.878826	1	80	93	政府机构
650103007002	和平桥社区居委会	87.459865	43.689227	0	16	65	乡镇
650102013005	碱泉东社区居委会	87.646172	43.802517	0	40	77	商圈
650102404004	广电社区居委会	87.634140	43.770271	0	40	77	道路
650107001003	新街社区居委会	87.557931	42.990289	0	30	72	道路
650105002003	德裕社区居委会	87.632450	43.829541	1	80	95	政府机构
650105012003	新纺社区居委会	87.642299	43.832401	0	18	32	区县
650104006004	四平路社区居委会	87.605071	43.893433	0	25	70	乡镇
650106503501	一连	87.304795	43.901441	0	20	67	乡镇
650103501507	二连	87.478632	43.827971	1	80	100	UNKNOWN
650102008002	南大街社区居委会	87.623420	43.796903	0	40	58	乡镇
650171004001	泰山街社区居委会	87.516565	43.862912	0	50	41	工业园区
650105001013	温泉社区居委会	87.656849	43.835206	1	80	97	政府机构
650109104204	头道坝村委会	87.627970	44.088350	0	30	58	村庄
650103010026	康悦社区居委会	87.566899	43.830981	0	25	55	乡镇
650105006017	绿荫社区居委会	87.607410	43.829010	1	80	95	政府机构
650109103200	牛庄子村委会	87.656652	44.171061	0	18	40	乡镇
650103017022	骑马山路西社区居委会	87.540900	43.808500	0	40	65	道路
650104002010	江苏东路社区居委会	87.567340	43.874680	0	40	77	道路
650103007022	茶街社区	87.459865	43.689227	0	16	65	乡镇
650102012008	红山路南社区居委会	87.627430	43.810410	0	30	58	道路
650105005007	新城社区居委会	87.617070	43.810829	1	80	97	政府机构
650102002008	青水社区居委会	87.598319	43.738405	1	80	100	政府机构
650109100210	团结村委会	87.682030	44.012720	0	30	72	村庄
650105015007	山润社区居委会	87.653820	43.892021	0	30	58	道路
650105006001	克东路北社区居委会	87.607410	43.829010	1	80	95	政府机构
650104012006	兴奥社区居委会	87.564435	43.885315	0	30	72	乡镇
650103005009	利民社区居委会	87.589691	43.835540	0	40	72	乡镇
650103015009	仓祥社区	87.538840	43.743260	0	30	51	村庄
650109100206	太平渠村委会	87.626502	44.005623	1	80	95	UNKNOWN
650105005011	新民社区居委会	87.617070	43.810829	1	80	97	政府机构
650103016019	西山东街南社区	87.550651	43.799469	0	60	76	道路
650105002015	六道湾社区居委会	87.632450	43.829541	1	80	97	政府机构
650103501511	育肥羊场	87.571744	43.848182	1	80	94	政府机构
650109104212	西阴沟村委会	87.664083	44.090230	0	18	40	乡镇
650109200204	玉西布早村委会	87.892274	43.954672	0	25	47	乡镇
650103502501	一连	87.403297	43.582785	1	80	100	UNKNOWN
650104015002	抚顺街社区居委会	87.590590	43.958822	0	30	47	道路
650107202200	阿克苏村村委会	88.496190	43.524000	1	80	100	政府机构
650104005002	三友社区居委会	87.502350	43.889735	1	80	100	政府机构
650109006008	金安社区居委会	87.655500	43.973500	0	12	44	区县
650103009006	青峰社区居委会	87.528549	43.782900	0	18	66	道路
650171001002	文苑社区居委会	87.523017	43.881524	1	80	100	政府机构
650109101207	大草滩村委会	87.773821	43.957807	0	16	65	乡镇
650103004008	虹桥北社区居委会	87.591819	43.819510	0	30	58	乡镇
650109102217	二湾村委会	87.605058	44.087230	0	18	66	乡镇
650106501506	三坪五连	87.347019	43.914981	0	30	72	村庄
650104014003	通安南路社区居委会	87.539670	43.913230	0	30	51	道路
650102009015	幸福园社区居委会	87.682702	43.799209	0	18	49	乡镇
650105010004	学府社区居委会	87.712179	43.784911	0	30	51	村庄
650106502516	牛场	87.416098	44.002313	0	18	66	乡镇
650171006006	红岩社区	87.531914	43.881133	0	50	36	工业园区
650105003014	立井西社区居委会	87.647763	43.857603	1	80	94	政府机构
650121208206	小渠子村委会	87.109279	43.548101	0	30	58	村庄
650106501510	三坪十连	87.347019	43.914981	0	30	72	村庄
650104004015	景宁社区居委会	87.535051	43.847494	0	25	55	乡镇
650105010012	安东社区居委会	87.712179	43.784911	0	30	51	村庄
650102009003	天福花园社区居委会	87.632664	43.792354	1	75	95	地产小区
650104017005	永泰社区	87.513754	43.899772	1	80	97	政府机构
650107200207	苇兰社区村委会	88.496531	43.424340	0	16	38	村庄
650105013002	斜井东社区居委会	87.641769	43.845021	0	40	56	道路
650104010001	鲤鱼山社区居委会	87.588527	43.856604	1	80	100	政府机构
650103009010	光明社区居委会	87.528549	43.782900	0	18	66	道路
650105014006	康宁社区居委会	87.620780	43.857029	0	30	51	道路
650102404008	南湾街南社区居委会	87.634140	43.770271	0	40	65	道路
650102003009	羊毛湖社区居委会	87.620167	43.763500	0	30	58	乡镇
650105004006	九道湾路社区居委会	87.676522	43.872946	1	80	97	政府机构
650102013009	方圆社区居委会	87.645490	43.800571	0	25	55	乡镇
650107100205	洛宾社区村委会	88.307850	43.356911	0	25	47	乡镇
650109102201	硷梁村委会	87.605058	44.087230	0	18	40	乡镇
650105007016	碧园社区居委会	87.604107	43.863872	1	80	97	政府机构
650171002004	白石桥社区居民委员会	87.536992	43.881387	1	80	100	政府机构
650107100204	达坂城社区村委会	88.307850	43.356911	0	25	55	乡镇
650109102200	马场湖村委会	87.605058	44.087230	0	18	66	乡镇
650105007017	王家梁北社区居委会	87.604107	43.863872	1	80	94	政府机构
650171002005	广州街社区居委会	87.530859	43.878826	1	80	97	政府机构
650103009011	冷库山社区居委会	87.582062	43.791228	1	80	95	地产小区
650105014007	龙盛街北社区居委会	87.620780	43.857029	0	30	47	道路
650102404009	南湾街北社区居委会	87.632550	43.774088	1	80	100	政府机构
650102013008	月光小区社区居委会	87.644521	43.807251	0	50	82	地产小区
650104017004	永睦社区居委会	87.513754	43.899772	1	80	97	政府机构
650106502501	一连	87.416098	44.002313	0	18	66	乡镇
650107200206	高崖子村村委会	88.560507	43.449421	1	80	100	政府机构
650105013003	斜井南社区居委会	87.641769	43.845021	0	40	54	道路
650105003003	新光社区居委会	87.647763	43.857603	1	80	97	政府机构
650106501511	三坪十一连	87.347019	43.914981	0	30	72	村庄
650105010013	瑞景社区居委会	87.712179	43.784911	0	30	47	村庄
650102009002	幸福集社区居委会	87.638688	43.786744	0	50	82	UNKNOWN
650171005001	绿谷社区	87.531914	43.881133	0	50	50	工业园区
650121208207	天山村委会	87.097140	43.556531	0	30	72	村庄
650104004002	阿勒泰路社区居委会	87.566290	43.844380	0	30	72	道路
650106501507	三坪六连	87.347019	43.914981	0	30	72	村庄
650104014002	唐山路社区居委会	87.539670	43.913230	0	30	47	道路
650102009014	幸福城市花园社区居委会	87.655124	43.775814	0	50	82	地产小区
650105010005	观园路社区居委会	87.713349	43.809671	0	30	72	道路
650103004009	金色花苑社区居委会	87.593470	43.813741	1	80	95	地产小区
650104200008	湖州路东社区	87.569410	43.922010	0	30	72	道路
650105007001	河滩社区居委会	87.604107	43.863872	1	80	97	政府机构
650109102216	新庄子村委会	87.605058	44.087230	0	18	66	乡镇
650103009007	铁西社区居委会	87.528549	43.782900	0	18	66	道路
650171001003	上海路社区居委会	87.525660	43.885203	1	80	100	政府机构
650109101206	石化新村村委会	87.715382	43.947735	1	80	100	政府机构
650109104213	四道坝村委会	87.664083	44.090230	0	18	40	乡镇
650109200205	阿合阿德尔村委会	87.892274	43.954672	0	25	43	乡镇
650104015003	正扬社区居委会	87.592383	43.937385	1	80	100	政府机构
650107202201	黑沟村村委会	88.495730	43.523130	0	25	70	乡镇
650104005003	友谊路社区居委会	87.518632	43.903068	1	80	100	政府机构
650105002014	双拥社区居委会	87.632450	43.829541	1	80	97	政府机构
650109100207	西工村委会	87.655944	44.002584	0	16	65	乡镇
650105005010	成功社区居委会	87.623844	43.809273	1	80	100	政府机构
650103018006	阿勒泰路社区居委会	87.566290	43.844380	0	30	72	道路
650104001017	呈祥社区居委会	87.568300	43.852090	0	30	58	乡镇
650103016018	华南巷社区	87.550651	43.799469	0	60	76	道路
650104012007	杭州东街社区居委会	87.566590	43.891910	0	30	72	道路
650103005008	石家园子社区居委会	87.594320	43.827673	1	80	100	政府机构
650103015008	仓荣社区	87.538840	43.743260	0	30	51	村庄
650105005006	红山路社区居委会	87.617070	43.810829	1	80	97	政府机构
650102002009	三泰路社区居委会	87.598360	43.751161	0	40	77	道路
650109100211	东工村委会	87.655944	44.002584	0	16	65	乡镇
650105015006	翼翔社区居委会	87.653820	43.892021	0	30	47	道路
650103008010	骑马山社区居委会	87.598300	43.801000	0	16	38	区县
650104001001	北京路口社区居委会	87.568300	43.852090	0	30	58	乡镇
650104011001	青海路社区居委会	87.556443	43.859466	1	80	100	政府机构
650105006016	南湖南路西社区居委会	87.607410	43.829010	1	80	95	政府机构
650109103201	红雁湖村委会	87.656652	44.171061	0	18	49	乡镇
650103017023	西盛社区居委会	87.598300	43.801000	0	16	30	区县
650104002011	河南东路社区居委会	87.578370	43.874971	0	30	72	道路
650103007023	和悦社区	87.459865	43.689227	0	16	65	乡镇
650102008003	和平北路社区居委会	87.628943	43.789052	1	80	100	政府机构
650105001012	众泰社区居委会	87.656849	43.835206	1	80	95	政府机构
650109104205	新庄子村委会	87.664083	44.090230	0	18	66	乡镇
650121100208	东湾村委会	87.505050	43.471000	0	30	72	村庄
650103010027	新乐社区居委会	87.566899	43.830981	0	25	70	乡镇
650109008001	瑞园社区居委会	87.610103	43.794341	1	80	95	政府机构
650105002002	西虹东路社区居委会	87.627816	43.824445	1	80	100	政府机构
650105012002	团结社区居委会	87.650452	43.835647	1	80	100	政府机构
650104006005	汇园社区居委会	87.605071	43.893433	0	25	55	乡镇
650103017003	儿童村社区居委会	87.555286	43.818231	0	70	72	村庄
650109003006	文化路社区居委会	87.630837	43.924230	1	80	100	政府机构
650103007003	炉院北街社区居委会	87.591719	43.779020	1	75	95	地产小区
650102013004	向阳社区居委会	87.645490	43.800571	0	25	70	乡镇
650102003004	河坝巷社区居委会	87.620167	43.763500	0	30	58	乡镇
650102404005	昌乐园社区居委会	87.636960	43.768655	0	50	82	地产小区
650107001002	七一平峒社区居委会	87.557931	42.990289	0	30	51	道路
650171002009	青水湾社区居委会	87.547104	43.870113	0	60	87	地产小区
650104004018	明山社区	87.535051	43.847494	0	25	70	乡镇
650106001011	东干渠社区	87.427900	43.876899	0	16	38	区县
650105002022	青玉社区居委会	87.632450	43.829541	1	80	95	政府机构
650102007010	东菜园社区居委会	87.633233	43.784362	0	30	72	乡镇
650103010007	嘉和园社区居委会	87.569486	43.836530	0	50	82	地产小区
650109004002	北苑社区居委会	87.661657	43.965881	1	80	100	政府机构
650104017008	地窝堡社区居委会	87.509197	43.889777	1	80	100	政府机构
650106002001	车辆段路东社区居委会	87.424588	43.869837	0	40	65	商圈
650102403001	大湾南社区居委会	87.631900	43.794300	0	16	33	区县
650171008003	丰北社区居委会	87.531914	43.881133	0	50	50	工业园区
650121213001	苜蓿台社区	87.660130	43.418608	0	25	100	旅游景点
650103003001	人民公园社区居委会	87.604686	43.798002	0	50	82	旅游景点
650109007004	华成社区工作委员会	87.619240	43.919609	0	40	56	道路
650103013001	弘泰社区	87.598300	43.801000	0	16	33	区县
650105010009	榆树沟社区居委会	87.712179	43.784911	0	30	51	村庄
650102400007	跃进街社区居委会	87.632590	43.783820	0	40	77	道路
650102007006	体育馆路社区居委会	87.633630	43.788131	0	40	77	道路
650104202202	联合村委会	87.542220	44.016700	0	30	72	村庄
650102017006	碱泉一街南社区居委会	87.646099	43.798042	0	40	65	道路
650103010011	泰秀社区居委会	87.598300	43.801000	0	16	47	区县
650121102203	板房沟村委会	87.395114	43.460032	0	30	58	村庄
650102004016	文新社区居委会	87.633154	43.769430	0	30	72	乡镇
650105001024	水磨社区居委会	87.656849	43.835206	1	80	97	政府机构
650102014016	中湾街北社区居委会	87.640220	43.770001	0	30	58	道路
650103007015	仓房沟中路西社区	87.562660	43.747789	0	30	72	道路
650102003012	新东街社区居委会	87.620167	43.763500	0	30	72	乡镇
650102013012	日光小区社区居委会	87.622784	43.802318	1	80	95	地产小区
650103004005	西北路北社区居委会	87.591819	43.819510	0	30	47	乡镇
650171009203	大泉村委会	87.610103	43.794341	1	80	97	政府机构
650102015200	乌拉泊村委会	87.647661	43.740502	1	80	94	政府机构
650104200004	金华路社区	87.573989	43.902411	0	50	100	道路
650102010002	东后南街社区居委会	87.631131	43.799446	0	40	65	道路
650105002018	沁园社区居委会	87.632450	43.829541	1	80	97	政府机构
650121103202	上寺村委会	87.338400	43.552251	0	30	72	村庄
650103001010	奇台北路社区	87.591399	43.788512	0	40	58	乡镇
650104203203	八段村委会	87.461934	44.050740	0	18	66	村庄
650102401006	金银路社区居委会	87.626890	43.782880	0	30	72	道路
650102006007	西河坝前街社区居委会	87.610680	43.788319	1	80	100	政府机构
650107004001	福利路社区居委会	87.720170	43.589460	0	25	55	乡镇
650109006005	小水渠社区居委会	87.633007	43.923167	1	70	92	UNKNOWN
650102011003	西河街南社区居委会	87.607060	43.797139	0	50	73	道路
650121213200	白碱沟村委会	87.660410	43.462940	0	25	55	村庄
650103015004	仓泊社区	87.538840	43.743260	0	30	51	村庄
650109001001	中兴社区居委会	87.686736	43.955124	1	80	100	政府机构
650103005004	八楼社区居委会	87.589691	43.835540	0	40	58	乡镇
650103006014	南昌北路社区居委会	87.576919	43.816261	0	40	77	道路
650121102002	天峡社区	87.324970	43.338913	0	14	64	乡镇
650104100207	广东庄子村委会	87.552372	43.968499	0	30	58	村庄
650105008004	会展社区居委会	87.656470	43.878000	1	80	95	政府机构
650172002006	海宝社区居委会	87.577646	43.871576	0	50	50	工业园区
650102002005	红雁池社区居委会	87.590263	43.724480	0	18	66	乡镇
650102012005	五星路西社区居委会	87.640958	43.810465	0	30	58	乡镇
650106004004	沙坪路社区居委会	87.400180	43.918461	1	80	100	政府机构
650103006002	瑞安社区居委会	87.580549	43.807429	1	80	100	政府机构
650109002007	健民社区居民委员会	87.673873	43.945057	0	30	51	乡镇
650103016002	中泰社区居委会	87.561559	43.801320	0	50	82	地产小区
650102015001	东大梁社区居委会	87.647661	43.740502	1	80	95	政府机构
650103001006	碾子沟社区居委会	87.596375	43.795032	0	30	72	村庄
650109005003	八方社区居委会	87.645672	43.960260	1	80	100	政府机构
650104006009	文轩社区居委会	87.591854	43.897801	1	80	100	政府机构
650121100204	方家庄子村委会	87.502144	43.486847	0	30	58	村庄
650109104209	上三道坝村委会	87.664083	44.090230	0	18	35	乡镇
650102401010	大湾北路东社区居委会	87.647400	43.785802	0	40	77	道路
650105003023	龙盛街南社区居委会	87.647763	43.857603	1	80	95	政府机构
650105012005	清泉社区居委会	87.642299	43.832401	0	18	35	区县
650105002005	克拉玛依东路社区居委	87.632450	43.829541	1	80	97	政府机构
650107201200	沙梁子村村委会	88.388930	43.475959	0	30	58	村庄
650104016002	东风社区居委会	87.569400	43.855400	0	16	38	区县
650103501501	牧一场	87.598300	43.801000	0	16	38	区县
650104006002	五建社区居委会	87.605071	43.893433	0	25	55	乡镇
650109104202	西村村委会	87.664083	44.090230	0	18	49	乡镇
650102008004	天山路社区居委会	87.623420	43.796903	0	40	72	乡镇
650105001015	沿河北社区居委会	87.656849	43.835206	1	80	95	政府机构
650109008006	瑞康社区工作委员会	87.610103	43.794341	1	80	95	政府机构
650103010020	西环中路东社区	87.598300	43.801000	0	16	33	区县
650121208001	菊花台社区	87.125534	43.458446	0	25	100	旅游景点
650109103206	东方村委会	87.656652	44.171061	0	18	66	乡镇
650105006011	南湖广场社区居委会	87.615144	43.819034	1	80	100	政府机构
650103017024	西源社区	87.598300	43.801000	0	16	33	区县
650104002016	新体社区居委会	87.566135	43.878130	1	80	100	政府机构
650105015001	春祥社区居委会	87.653820	43.892021	0	30	58	道路
650109201002	金戈壁社区居民委员会	87.679140	43.955839	0	25	43	乡镇
650105005001	新民西街社区居委会	87.617070	43.810829	1	80	97	政府机构
650103006009	新北社区居委会	87.575361	43.814588	0	30	72	乡镇
650104011006	太原路社区居委会	87.551670	43.865518	0	50	82	道路
650104001006	蜘蛛山社区居委会	87.558210	43.852409	0	30	72	村庄
650102011008	建设路社区居委会	87.616366	43.802013	1	80	100	政府机构
650105008019	会展中心社区居委会	87.656470	43.878000	1	80	95	政府机构
650109103210	新建村委会	87.598060	44.183490	0	30	72	村庄
650105005017	兴惠社区居委会	87.617070	43.810829	1	80	95	政府机构
650109100200	上沙河村委会	87.655944	44.002584	0	16	65	乡镇
650104011010	北纬一路社区居委会	87.552470	43.874672	1	80	100	政府机构
650103018001	平顶山社区居委会	87.563111	43.824202	1	80	100	政府机构
650105002013	北山坡社区居委会	87.638398	43.819306	1	80	100	政府机构
650171007001	九华山街社区	87.610103	43.794341	1	80	95	政府机构
650106001020	顺河北路社区居委会	87.427900	43.876899	0	16	33	区县
650109200202	柏杨河村委会	87.894550	43.954891	0	30	72	村庄
650109104214	杜家庄村委会	87.623130	44.131579	0	30	72	村庄
650104005004	新明社区居委会	87.500507	43.899262	0	30	58	乡镇
650104015004	金滕社区居委会	87.590590	43.958822	0	30	58	道路
650103502507	七连	87.393624	43.683256	1	80	100	UNKNOWN
650107202206	鹰舞社区村委会	88.495730	43.523130	0	25	47	乡镇
650104010011	天山花园社区居委会	87.597900	43.840826	0	50	82	地产小区
650109101201	八家户村委会	87.773821	43.957807	0	16	65	乡镇
650171001004	北彩门社区居委会	87.522939	43.881420	1	80	95	政府机构
650104013001	府友路社区居委会	87.569400	43.855400	0	16	38	区县
650104003001	和平桥社区居委会	87.534635	43.897219	1	80	100	政府机构
650109102211	土梁村委会	87.605058	44.087230	0	18	40	乡镇
650102010009	前进西路社区居委会	87.631131	43.799446	0	40	65	道路
650105010002	温泉南社区居委会	87.712179	43.784911	0	30	45	村庄
650106502510	十连	87.416098	44.002313	0	18	66	乡镇
650121208200	白杨沟村委会	87.176350	43.513970	0	25	70	村庄
650105003012	立井北社区居委会	87.647763	43.857603	1	80	94	政府机构
650104004013	锦峰社区居委会	87.535051	43.847494	0	25	55	乡镇
650171005006	荣泰社区	87.531914	43.881133	0	50	50	工业园区
650102009005	北三巷社区居委会	87.682702	43.799209	0	18	49	乡镇
650109100001	佳乐社区居委会	87.655944	44.002584	0	16	47	乡镇
650105010014	宜丰社区居委会	87.712179	43.784911	0	30	47	村庄
650109004009	丰源社区工作委员会	87.662830	43.963011	0	30	58	乡镇
650104017003	永盛社区居委会	87.513754	43.899772	1	80	97	政府机构
650107200201	王家庄村村委会	88.487586	43.446090	0	30	58	村庄
650106502506	六连	87.416098	44.002313	0	18	66	乡镇
650105003004	昌盛祥社区居委会	87.647763	43.857603	1	80	95	政府机构
650105013004	昆仑东街社区居委会	87.641769	43.845021	0	40	59	道路
650103009016	宝山路西社区	87.588869	43.797732	0	30	72	道路
650103007008	棉花南街社区居委会	87.590532	43.784460	1	75	95	地产小区
650105011202	涝坝沟村委会	87.642299	43.832401	0	18	35	区县
650107100203	红山嘴子村委会	88.307850	43.356911	0	25	55	乡镇
650104003017	北京北路社区居委会	87.560339	43.911526	0	20	67	乡镇
650105007010	王家梁东社区居委会	87.604107	43.863872	1	80	95	政府机构
650171002002	中亚南路社区居委会	87.532197	43.880360	1	80	100	政府机构
650109102207	解放村村委会	87.569275	44.049505	1	80	100	政府机构
650121100203	水西沟村委会	87.477670	43.466500	0	25	70	乡镇
650103002011	河滩南路西社区	87.605160	43.773859	0	30	72	道路
650105012009	怡和社区居委	87.642299	43.832401	0	18	32	区县
650107400001	管委会社区	88.078197	43.644302	0	14	64	乡镇
650102402007	希望街北社区居委会	87.647589	43.750082	0	40	65	道路
650109005004	新园社区居委会	87.641672	43.953543	0	30	72	乡镇
650103011001	二道泉子社区	87.598300	43.801000	0	16	38	区县
650103001001	经一路社区居委会	87.597680	43.785090	1	80	100	政府机构
650102012002	新民路西社区居委会	87.618500	43.809439	0	40	65	道路
650102002002	燕儿窝南社区居委会	87.590263	43.724480	0	18	40	乡镇
650103016005	环卫路社区居委会	87.559002	43.795710	1	80	100	政府机构
650106004003	楼兰社区居委会	87.343394	43.986302	0	20	50	乡镇
650103006005	邮政社区居委会	87.575361	43.814588	0	30	72	乡镇
650102011012	春风巷社区居委会	87.618341	43.798508	0	50	82	道路
650105008003	关爱社区居委会	87.656470	43.878000	1	80	95	政府机构
650104100200	安宁渠村委会	87.501274	43.981352	0	40	65	商圈
650172002001	长春北路社区居民委员会	87.571094	43.905987	0	50	73	道路
650172001007	长沙路社区居委会	87.577646	43.871576	0	50	67	工业园区
650103006013	南昌路社区居委会	87.580309	43.814991	0	40	77	道路
650105008015	七道湾北社区居委会	87.656470	43.878000	1	80	95	政府机构
650102011004	红旗路社区居委会	87.616831	43.795048	0	50	82	道路
650103005003	师大社区居委会	87.589691	43.835540	0	40	72	乡镇
650172002017	新和社区居委会	87.573736	43.877529	1	80	100	政府机构
650103015003	仓泉社区	87.538840	43.743260	0	30	51	村庄
650109001006	奋进社区居委会	87.697054	43.962656	0	25	55	乡镇
650102401001	黑甲山前街社区居委会	87.636460	43.778860	0	30	72	村庄
650107004006	同心路南社区居委会	87.719620	43.588470	0	40	65	道路
650104203204	大梁村委会	87.480682	44.010585	1	80	100	政府机构
650103002007	东二街社区居委会	87.598094	43.780427	0	30	58	乡镇
650104005008	迎宾路西社区居委会	87.488791	43.895459	0	25	55	道路
650109006002	同心社区居委会	87.655500	43.973500	0	12	44	区县
650102005010	天池路社区居委会	87.614631	43.781608	0	50	82	道路
650121103205	永新村委会	87.347300	43.610291	0	30	72	地产小区
650109005012	汇祥社区居委会	87.641672	43.953543	0	30	58	乡镇
650103004002	明园有色社区居委会	87.593147	43.818241	1	70	88	地产小区
650103018021	南苑社区	87.598300	43.801000	0	16	33	区县
650102010005	五星南路社区居委会	87.633560	43.801190	0	40	77	道路
650107400200	白杨沟村委会	88.078197	43.644302	0	14	64	乡镇
650171009204	阿合乔克村	87.610103	43.794341	1	80	95	政府机构
650103007012	乌拉泊社区居委会	87.581103	43.676482	0	50	82	地产小区
650171001008	桥东社区	87.522939	43.881420	1	80	95	政府机构
650102013015	青年路南社区居委会	87.638259	43.806482	0	30	58	道路
650121100002	南河路社区	87.432250	43.473699	0	40	100	道路
650102003015	新华南路东社区居委会	87.611111	43.776958	0	30	72	道路
650103010016	西城街西社区	87.559061	43.835618	0	30	72	道路
650104009007	新慧社区	87.594866	43.878826	1	80	95	地产小区
650105001023	景泉社区居委会	87.656849	43.835206	1	80	95	政府机构
650102014011	吉顺路东社区居委会	87.649599	43.763542	0	40	77	道路
650104100001	宁华社区居委会	87.501274	43.981352	0	40	65	商圈
650121102204	七工村委会	87.324970	43.338913	0	14	37	乡镇
650102403010	榆园路北社区居委会	87.618551	43.735789	0	30	58	道路
650104004009	商运司社区居委会	87.534321	43.869541	0	50	82	UNKNOWN
650109007003	华丰社区工作委员会	87.619240	43.919609	0	40	56	道路
650103013006	薛家槽西社区	87.598300	43.801000	0	16	30	区县
650103003006	揽秀园社区居委会	87.600212	43.805680	1	70	92	UNKNOWN
650102017001	翠泉南路社区居委会	87.649549	43.806596	0	50	82	UNKNOWN
650106002006	东林街社区居委会	87.438040	43.872109	1	80	100	政府机构
650109004005	益民社区居委会	87.669028	43.959061	1	80	100	政府机构
650102004007	瓷厂社区居委会	87.633154	43.769430	0	30	72	乡镇
650102403006	水上乐园社区居委会	87.614164	43.755268	0	40	77	旅游景点
650171008004	兴丰社区	87.531914	43.881133	0	50	67	工业园区
650107006001	盐湖社区居委会	88.151910	43.400819	1	80	95	政府机构
650105013008	芙蓉社区居委会	87.641769	43.845021	0	40	59	道路
650102014007	晨光社区居委会	87.639951	43.750509	0	30	72	乡镇
650103003010	黑龙江路社区居委会	87.597564	43.800085	0	30	58	乡镇
650106001016	柯坪路西社区居委会	87.289579	43.862292	0	40	65	道路
650102009009	中环路北社区居委会	87.643887	43.783258	0	30	58	道路
650103016029	芙蓉巷社区居委会	87.550651	43.799469	0	60	74	道路
650103007004	炉院东街社区居委会	87.596750	43.775671	0	50	82	道路
650106005002	北站路北社区居委会	87.470085	43.880234	1	80	100	政府机构
650109003001	育林社区居委会	87.624424	43.925644	0	25	55	乡镇
650102404002	夏玛勒巴克巷社区居委会	87.634140	43.770271	0	40	77	道路
650102003003	南梁社区居委会	87.620167	43.763500	0	30	58	乡镇
650103007005	长征新村社区居委会	87.589219	43.761011	1	80	95	地产小区
650106005003	丝路社区居委会	87.482359	43.871780	1	80	100	政府机构
650102404003	波斯坦巷社区居委会	87.634140	43.770271	0	40	77	道路
650102003002	胜利路社区居委会	87.620167	43.763500	0	30	72	乡镇
650102010012	东环路西社区居委会	87.631131	43.799446	0	40	65	道路
650103003011	汇月社区居民委员会	87.597564	43.800085	0	30	51	乡镇
650106001017	滨河社区居委会	87.427900	43.876899	0	16	38	区县
650102009008	建国南路南社区居委会	87.682702	43.799209	0	18	40	乡镇
650106002007	沟西路社区居委会	87.418160	43.876940	1	80	100	政府机构
650104009010	鲤鱼山南路社区居委会	87.594866	43.878826	1	80	92	地产小区
650109004004	祥和社区居委会	87.662830	43.963011	0	30	72	乡镇
650102004006	皇城社区居委会	87.633154	43.769430	0	30	72	乡镇
650102403007	榆园路社区居委会	87.618551	43.735789	0	30	72	道路
650105013009	苇湖庄西社区居委会	87.645759	43.871021	0	30	51	UNKNOWN
650102014006	团结东路社区居委会	87.639951	43.750509	0	30	72	乡镇
650104201202	宣仁墩村委会	87.472569	43.917241	0	30	72	村庄
650109002200	卡子湾村委会	87.673873	43.945057	0	30	51	乡镇
650104004008	九家湾社区居委会	87.547530	43.828339	0	30	72	地产小区
650109007002	华瑞社区居委会	87.619240	43.919609	0	40	56	道路
650103013007	薛家槽南社区	87.598300	43.801000	0	16	30	区县
650106001001	魏户滩路社区居委会	87.289779	43.846181	1	80	100	政府机构
650103003007	孔雀社区居委会	87.597564	43.800085	0	30	72	乡镇
650102400001	二道桥社区居委会	87.617150	43.781319	0	25	70	道路
650103010017	西城街北社区	87.559061	43.835618	0	30	72	道路
650104009006	鸿阳社区	87.594866	43.878826	1	80	92	地产小区
650102014010	西域轻工社区居委会	87.639951	43.750509	0	30	51	乡镇
650121102205	八家户村委会	87.324970	43.338913	0	14	64	乡镇
650102403011	水上乐园南社区居委会	87.614164	43.755268	0	40	65	旅游景点
650103007013	后峡社区居民委员会	87.459865	43.689227	0	16	38	乡镇
650102013014	翠泉路东社区居委会	87.649720	43.789382	0	40	77	道路
650121100003	南滩路社区	87.461048	43.489270	0	30	100	道路
650102003014	湖源巷西社区居委会	87.620218	43.761881	0	50	73	道路
650103004003	明园石油社区居委会	87.595328	43.816292	1	75	95	加油站
650102010004	东后北街社区居委会	87.631131	43.799446	0	40	65	道路
650104200002	京轩社区居委会	87.544410	43.940366	0	18	49	村庄
650107400201	兴睦社区村委会	88.078197	43.644302	0	14	37	乡镇
650121103204	永丰村委会	87.359830	43.576160	0	30	72	村庄
650109005013	汇和社区工作委员会	87.641672	43.953543	0	30	58	乡镇
650102006001	南公园社区居委会	87.606512	43.766496	0	50	82	旅游景点
650107004007	窝尔图社区居委会	87.720170	43.589460	0	25	70	乡镇
650104203205	哈族新村村委会	87.470551	44.073028	1	80	100	政府机构
650102016001	翠青社区居委会	87.631900	43.794300	0	16	38	区县
650103002006	东一街社区居委会	87.598094	43.780427	0	30	58	乡镇
650109006003	众和社区居委会	87.647122	43.937356	1	80	100	政府机构
650105008014	文汇社区居委会	87.656470	43.878000	1	80	97	政府机构
650102011005	西河街北社区居委会	87.607060	43.797139	0	50	73	道路
650103005002	友好新村西社区居委会	87.589691	43.835540	0	40	51	乡镇
650172002016	天津路社区居委会	87.577646	43.871576	0	50	67	工业园区
650103015002	仓欣社区	87.538840	43.743260	0	30	51	村庄
650109001007	佳瑞社区居委会	87.695313	43.965377	1	80	100	政府机构
650172001006	美林社区居委会	87.577646	43.871576	0	50	50	工业园区
650103006012	博物馆社区居委会	87.575361	43.814588	0	30	58	乡镇
650102011013	中山路社区居委会	87.618891	43.794198	0	40	77	道路
650104100201	北大路村委会	87.501274	43.981352	0	40	65	商圈
650105008002	龙盛街社区居委会	87.656470	43.878000	1	80	95	政府机构
650102012003	新民路东社区居委会	87.618500	43.809439	0	40	77	道路
650109002001	东山社区居委会	87.673873	43.945057	0	30	72	乡镇
650103016004	新运社区居委会	87.550651	43.799469	0	60	76	道路
650106004002	孝感路社区居委会	87.345527	43.995029	1	80	100	政府机构
650103006004	电信社区居委会	87.575361	43.814588	0	30	58	乡镇
650172001010	苏州路社区居委会	87.577646	43.871576	0	50	67	工业园区
650121207204	萨尔乔克村委会	87.277564	43.476442	1	70	88	UNKNOWN
650104200203	三工村委会	87.564250	43.923540	0	30	58	UNKNOWN
650105012008	水塔山社区居委会	87.642299	43.832401	0	18	32	区县
650102005007	山西巷社区居委会	87.619995	43.785649	0	40	77	道路
650102402006	新翠社区居委会	87.635067	43.769786	0	30	58	村庄
650109005005	安居社区居委会	87.641672	43.953543	0	30	72	乡镇
650121100202	大庙村委会	87.491760	43.456019	0	30	72	村庄
650104003016	新联路社区居委会	87.543240	43.890450	0	40	77	道路
650107100202	八家户村委会	88.307850	43.356911	0	25	70	乡镇
650105007011	宏瑞社区居委会	87.604107	43.863872	1	80	95	政府机构
650171002003	浦东街社区居委会	87.530859	43.878826	1	80	97	政府机构
650109102206	上梁头村委会	87.576425	44.036968	1	80	95	UNKNOWN
650103009017	新雅社区	87.528549	43.782900	0	18	66	道路
650104010006	小红桥社区居委会	87.587213	43.855952	0	30	58	道路
650103007009	仓房沟南路社区居委会	87.514949	43.737571	0	30	72	道路
650105004001	丰华社区居委会	87.676522	43.872946	1	80	97	政府机构
650105014001	远大社区居委会	87.620780	43.857029	0	30	51	道路
650109004008	祥瑞社区居委会	87.666852	43.969636	1	80	100	政府机构
650104017002	永昌社区居委会	87.513754	43.899772	1	80	97	政府机构
650107200200	苇子村村委会	88.471570	43.425820	1	80	100	政府机构
650106502507	七连	87.416098	44.002313	0	18	66	乡镇
650105003005	安居乐社区居委会	87.647763	43.857603	1	80	95	政府机构
650105013005	昆仑东街北社区居委会	87.641769	43.845021	0	40	56	道路
650104004012	九家湾路北社区居委会	87.547530	43.828339	0	30	72	地产小区
650171005007	锦霞社区	87.531914	43.881133	0	50	50	工业园区
650102009004	四道巷社区居委会	87.682702	43.799209	0	18	49	乡镇
650106502511	十一连	87.416098	44.002313	0	18	66	乡镇
650121208201	前进村委会	87.176750	43.508170	0	30	72	村庄
650121102209	东湾村委会	87.370721	43.513209	0	30	72	村庄
650171006001	馨园社区	87.531914	43.881133	0	50	41	工业园区
650105003013	立井东社区居委会	87.647763	43.857603	1	80	95	政府机构
650106501501	三坪一连	87.347019	43.914981	0	30	72	村庄
650104014004	友兴街南社区	87.556029	43.904689	0	50	82	道路
650104004004	工运司社区居委会	87.535070	43.862850	1	80	95	地产小区
650105010003	水磨园社区居委会	87.712179	43.784911	0	30	45	村庄
650109201202	人民庄子村委会	87.679140	43.955839	0	25	47	乡镇
650109102210	六户地村委会	87.605058	44.087230	0	18	40	乡镇
650102010008	前进东路社区居委会	87.631131	43.799446	0	40	77	道路
650105007007	王家梁社区居委会	87.604107	43.863872	1	80	95	政府机构
650104010010	汇展园社区居委会	87.585188	43.844873	0	50	82	UNKNOWN
650103009001	青年社区居委会	87.528549	43.782900	0	18	66	道路
650109101200	天山村委会	87.834029	43.915771	0	30	72	村庄
650171001005	喀什西路社区居民委员会	87.522939	43.881420	1	80	95	政府机构
650109200203	独山子村委会	87.892274	43.954672	0	25	70	乡镇
650109104215	韩家庄村委会	87.664083	44.090230	0	18	66	乡镇
650105011002	蝴蝶谷社区居委会	87.642299	43.832401	0	18	32	区县
650121002002	硫磺沟社区	87.031310	43.517420	0	30	58	村庄
650104005005	迎宾北一路社区居委会	87.491531	43.900618	0	40	77	道路
650104015005	东站北社区	87.590590	43.958822	0	30	47	道路
650103502506	六连	87.382608	43.719695	1	80	100	UNKNOWN
650106001021	平安社区居委会	87.288288	43.850014	1	80	100	政府机构
650105005016	祥泰社区居委会	87.617070	43.810829	1	80	97	政府机构
650109100201	大破城村委会	87.594147	43.983379	0	60	80	UNKNOWN
650104011011	北纬三路社区居委会	87.550380	43.875609	0	40	77	道路
650105006006	林科院社区居委会	87.613701	43.821249	0	40	56	道路
650102011009	小西门社区居委会	87.611820	43.795870	0	30	58	乡镇
650109103211	柳树庄村委会	87.656652	44.171061	0	18	66	乡镇
650104012001	金谷社区居委会	87.574928	43.893412	1	80	100	政府机构
650109201003	东苑社区工作委员会	87.679140	43.955839	0	25	55	乡镇
650103006008	锦华苑社区居委会	87.575361	43.814588	0	30	72	乡镇
650104011007	北一路社区居委会	87.551747	43.868946	1	80	100	政府机构
650103016008	建陶社区居委会	87.550651	43.799469	0	60	80	道路
650103008016	马料地街西社区居委会	87.554655	43.810475	1	80	100	政府机构
650109103207	卧龙岗村委会	87.656652	44.171061	0	18	66	乡镇
650105006010	绿苑社区委会	87.607410	43.829010	1	80	95	政府机构
650103017025	水库街社区居委会	87.548780	43.817782	1	80	100	政府机构
650104002017	北京中路社区居委会	87.592724	43.882409	0	25	70	乡镇
650109101001	铁厂沟社区居委会	87.766820	43.947491	0	30	72	村庄
650109104203	东村村委会	87.664083	44.090230	0	18	49	乡镇
650171004006	融南社区居委会	87.516565	43.862912	0	50	36	工业园区
650102008005	青年路社区居委会	87.623420	43.796903	0	40	72	乡镇
650105001014	康居社区居委会	87.656849	43.835206	1	80	97	政府机构
650109008007	瑞盛社区工作委员会	87.610103	43.794341	1	80	95	政府机构
650105012004	温泉西路社区居委会	87.647809	43.834281	0	30	72	道路
650105002004	南湖花苑社区居委会	87.632450	43.829541	1	80	97	政府机构
650107201201	水磨村村委会	88.371030	43.461761	0	25	70	村庄
650106503506	园艺场	87.304795	43.901441	0	20	67	乡镇
650104016003	安新社区居委会	87.569400	43.855400	0	16	33	区县
650109005009	佳和社区居委会	87.641672	43.953543	0	30	72	乡镇
650104006003	新兴社区居委会	87.605071	43.893433	0	25	70	乡镇
650109102205	万家梁村委会	87.565290	44.021157	1	80	95	UNKNOWN
650104003015	汇轩园社区居委会	87.549085	43.897968	0	50	82	地产小区
650107100201	达坂村村委会	88.305856	43.356910	0	30	58	村庄
650105014002	苏州路立交桥居委会	87.599190	43.859931	0	40	77	道路
650105011200	石人子沟村委会	87.642299	43.832401	0	18	30	区县
650105004002	绿洲社区居委会	87.676522	43.872946	1	80	97	政府机构
650109200001	和瑞社区居委会	87.892274	43.954672	0	25	70	乡镇
650104010005	上八家户社区居委会	87.587213	43.855952	0	30	51	道路
650103009014	西虹社区居委会	87.528549	43.782900	0	18	66	道路
650105013006	美丰社区居委会	87.641769	43.845021	0	40	56	道路
650102403008	十七户路东社区居委会	87.622151	43.746419	0	40	77	道路
650105003006	融合社区居委会	87.646350	43.861674	1	80	100	政府机构
650102014009	富泉街北社区居委会	87.642239	43.765112	0	40	65	道路
650106002008	西园街社区居委会	87.424588	43.869837	0	40	65	商圈
650104017001	迎宾北路社区居民委员会	87.513754	43.899772	1	80	95	政府机构
650107200203	方家沟村村委会	88.496531	43.424340	0	16	65	村庄
650106502504	四连	87.416098	44.002313	0	18	66	乡镇
650171005004	澎湖路社区	87.515499	43.842242	0	40	100	道路
650102009007	职大社区居委会	87.649511	43.783990	0	50	82	UNKNOWN
650171006002	祥云社区	87.531914	43.881133	0	50	36	工业园区
650121208202	东风村委会	87.176940	43.525550	0	30	72	村庄
650103010018	福地社区	87.566899	43.830981	0	25	70	乡镇
650106502512	酒花一连	87.419321	43.987000	1	80	100	UNKNOWN
650104009009	河滩北路西社区居委会	87.594866	43.878826	1	80	90	地产小区
650102009011	湖东社区居委会	87.682702	43.799209	0	18	66	乡镇
650109201201	芦草沟村委会	87.746977	43.900135	1	80	100	政府机构
650103013008	薛家槽北社区	87.598300	43.801000	0	16	30	区县
650104004007	红庙社区居委会	87.537888	43.859101	1	80	100	政府机构
650103003008	腾威社区居委会	87.597280	43.801340	1	80	100	政府机构
650106501502	三坪二连	87.347019	43.914981	0	30	72	村庄
650105007004	宏怡社区居委会	87.604107	43.863872	1	80	95	政府机构
650106502400	场部	87.416850	43.988260	1	80	100	UNKNOWN
650109102213	大庄子村委会	87.605058	44.087230	0	18	66	乡镇
650104003003	祥和社区居委会	87.560339	43.911526	0	20	67	乡镇
650104013003	贵州东路社区居委会	87.571273	43.849847	1	80	100	政府机构
650171001006	迎宾桥社区居民委员会	87.526013	43.890360	1	80	100	政府机构
650109101203	铁厂沟西村村委会	87.766820	43.947491	0	30	58	村庄
650109104001	碱泉子社区工作委员会	87.689740	44.109400	0	30	72	村庄
650103009002	校园社区居委会	87.528549	43.782900	0	18	49	道路
650104010013	泉州街社区居委会	87.592490	43.856202	0	40	77	道路
650103502505	五连	87.379433	43.670581	1	80	100	UNKNOWN
650107202204	牧业一队	88.588300	43.524150	0	30	100	村庄
650103002009	珠江路北社区	87.602710	43.771010	0	40	77	道路
650121002001	谢家沟社区	87.031310	43.517420	0	30	72	村庄
650109104216	皇工村委会	87.664083	44.090230	0	18	40	乡镇
650105011001	葛家沟西社区居委会	87.747125	43.805252	0	30	58	村庄
650109200200	梧桐窝子村委会	87.892274	43.954672	0	25	47	乡镇
650103501515	七连	87.423161	43.702438	1	80	100	政府机构
650106001022	顺河路西社区	87.285479	43.856311	0	40	77	道路
650171007003	火山南社区	87.610103	43.794341	1	80	95	政府机构
650104011012	河南西路社区	87.552040	43.867538	0	40	100	道路
650103018003	北园春社区居委会	87.575953	43.824654	1	75	95	地产小区
650109100202	小破城村委会	87.655944	44.002584	0	16	33	乡镇
650105005015	成功东社区居委会	87.617070	43.810829	1	80	95	政府机构
650104012002	秀林园社区居委会	87.564435	43.885315	0	30	58	乡镇
650172002019	长治路社区居委会	87.579085	43.879213	1	80	100	政府机构
650104002002	天津北路社区居民委员会	87.558471	43.896649	0	30	58	道路
650109001008	佳祥社区居委会	87.697054	43.962656	0	25	55	乡镇
650109103212	蒋家湾村委会	87.600460	44.223060	0	30	72	村庄
650105006005	华祥社区居委会	87.607410	43.829010	1	80	95	政府机构
650103008015	永平巷社区居委会	87.598300	43.801000	0	16	38	区县
650104001004	北京南路社区居委会	87.568640	43.855390	0	30	72	道路
650103018015	汇嘉园社区居委会	87.567966	43.826958	0	50	82	地产小区
650104011004	南三路社区居委会	87.560270	43.869519	0	40	77	道路
650105005003	金海岸社区居委会	87.617070	43.810829	1	80	97	政府机构
650105015003	振安街北社区居委会	87.653820	43.892021	0	30	47	道路
650103017026	兴荣巷社区居委会	87.598300	43.801000	0	16	30	区县
650105006013	宁苑社区居委会	87.604151	43.830559	1	80	100	政府机构
650109103204	陕西工村委会	87.656652	44.171061	0	18	35	乡镇
650104005010	兰亭社区	87.500507	43.899262	0	30	72	乡镇
650109008004	瑞兴社区工作委员会	87.610103	43.794341	1	80	95	政府机构
650171004005	融北社区居委会	87.516565	43.862912	0	50	41	工业园区
650102008006	广场社区居委会	87.621110	43.800559	0	40	65	道路
650109104200	塔桥湾村委会	87.622350	44.027969	0	30	58	村庄
650107201202	泉泉湖村村委会	88.369141	43.458041	1	80	100	政府机构
650106503505	五连	87.304795	43.901441	0	20	67	乡镇
650103501503	牧三场	87.598300	43.801000	0	16	38	区县
650102402009	花儿沟社区居委会	87.635067	43.769786	0	30	58	村庄
650102005008	新市路社区居委会	87.616743	43.784665	0	40	72	乡镇
650105012007	团结北社区居委会	87.642299	43.832401	0	18	32	区县
650102003001	三甬碑社区居委会	87.620167	43.763500	0	30	51	乡镇
650109003003	利民社区居委会	87.624424	43.925644	0	25	70	乡镇
650103007006	变电站社区居委会	87.459865	43.689227	0	16	38	乡镇
650102010011	光华路社区居委会	87.631131	43.799446	0	40	65	道路
650109102209	湖南村村委会	87.538121	44.069023	1	80	100	政府机构
650171005008	绿岭社区	87.531914	43.881133	0	50	67	工业园区
650103003012	宝山东社区	87.597564	43.800085	0	30	58	乡镇
650106001014	新风路社区居委会	87.293579	43.853811	1	80	100	政府机构
650104201201	小地窝堡村委会	87.450885	43.919967	0	50	73	地产小区
650102403004	十七户社区居委会	87.609693	43.754840	1	80	97	UNKNOWN
650107006003	盐湖北社区居委会	88.151910	43.400819	1	80	95	政府机构
650109004007	振兴社区居委会	87.675568	43.967781	1	80	100	政府机构
650106502508	八连	87.416098	44.002313	0	18	66	乡镇
650106002004	中枢路社区居委会	87.424588	43.869837	0	40	65	商圈
650102007003	二道湾社区居委会	87.641804	43.780247	0	30	72	村庄
650102400002	大巴扎社区居委会	87.618362	43.779302	0	50	82	UNKNOWN
650102017003	东泉路中社区居委会	87.658830	43.803861	0	30	47	道路
650109007001	华强社区居委会	87.619240	43.919609	0	40	59	道路
650103013004	安泰社区	87.598300	43.801000	0	16	33	区县
650104100003	安泰社区	87.501274	43.981352	0	40	65	商圈
650121102206	中梁村委会	87.324970	43.338913	0	14	64	乡镇
650102403012	赛马场北社区居委会	87.631900	43.794300	0	16	28	区县
650102014013	中湾街南社区居委会	87.640220	43.770001	0	30	58	道路
650106002012	景明社区居委会	87.424588	43.869837	0	40	65	商圈
650103007010	仓房沟北路社区居委会	87.595379	43.771491	0	30	72	道路
650107400202	柴源村委会	88.078197	43.644302	0	14	64	乡镇
650109005010	乐业社区居委会	87.644615	43.952917	1	80	100	政府机构
650102005012	龙泉社区居委会	87.616743	43.784665	0	40	72	乡镇
650103002005	水利社区居委会	87.598094	43.780427	0	30	72	乡镇
650103502509	九连	87.375724	43.690417	1	80	100	UNKNOWN
650102016002	翠林社区居委会	87.631900	43.794300	0	16	30	区县
650102006002	北国春城社区居委会	87.606249	43.771749	1	75	95	地产小区
650102401003	二道湾东社区居委会	87.636460	43.778860	0	30	72	村庄
650103015001	仓盛社区	87.538840	43.743260	0	30	47	村庄
650109001004	光明社区居委会	87.699932	43.962124	1	80	100	政府机构
650103005001	友好新村东社区居委会	87.589691	43.835540	0	40	58	乡镇
650102011006	民主西路社区居委会	87.611820	43.795870	0	30	72	乡镇
650105006009	友谊社区居委会	87.607410	43.829010	1	80	97	政府机构
650103016011	大浦沟社区居民委员会	87.550651	43.799469	0	60	72	道路
650106198200	河南庄村委会	87.444870	43.876220	0	30	72	村庄
650103006011	老满城社区居委会	87.580480	43.812531	0	30	72	UNKNOWN
650172002003	新盛社区居委会	87.577646	43.871576	0	50	67	工业园区
650104100202	东戈壁村委会	87.520053	43.987161	0	18	66	乡镇
650105008001	新兴社区居委会	87.656470	43.878000	1	80	97	政府机构
650109103208	西庄子村委会	87.656652	44.171061	0	18	66	乡镇
650102011010	光明路南社区居委会	87.611820	43.795870	0	30	58	乡镇
650106004001	永红社区居委会	87.343394	43.986302	0	20	67	乡镇
650103006007	金阳社区居委会	87.575361	43.814588	0	30	72	乡镇
650109002002	碱沟社区居委会	87.683920	43.938989	0	30	72	村庄
650103008019	西山东街北社区居委会	87.562500	43.804009	0	40	65	道路
650103016007	四道岔社区居委会	87.506697	43.796764	1	80	100	政府机构
650103001003	经二路社区居委会	87.596079	43.788941	0	40	77	道路
650109005006	明珠社区居委会	87.641672	43.953543	0	30	72	乡镇
650103011003	泉台子社区	87.598300	43.801000	0	16	38	区县
650102005004	永和巷社区居委会	87.616743	43.784665	0	40	58	乡镇
650102402005	延安东路社区居委会	87.635067	43.769786	0	30	58	村庄
650102015004	红雁池北社区居委会	87.647661	43.740502	1	80	94	政府机构
650121100201	小东沟村委会	87.596180	43.457260	1	80	100	政府机构
650171004009	庐山街社区	87.516565	43.862912	0	50	50	工业园区
650121100200	平西梁村委会	87.477670	43.466500	0	25	55	乡镇
650106003004	百园社区	87.394734	43.883750	0	25	70	乡镇
650103001002	伊宁路社区居委会	87.586709	43.786411	0	40	77	道路
650109005007	西营社区居委会	87.625670	43.964510	0	30	58	道路
650103011002	二十里店社区	87.598300	43.801000	0	16	38	区县
650102402004	明华街社区居委会	87.645143	43.755177	1	80	100	政府机构
650103006006	农科院社区居委会	87.575361	43.814588	0	30	72	乡镇
650109002003	大洪沟社区居委会	87.676302	43.955665	1	80	100	政府机构
650102012001	光明路北社区居委会	87.611150	43.803678	1	80	100	政府机构
650104100203	河西村委会	87.520053	43.987161	0	18	49	乡镇
650109103209	留子庙村委会	87.656652	44.171061	0	18	40	乡镇
650102011011	文化路社区居委会	87.611820	43.795870	0	30	72	乡镇
650172001004	新洲社区居民委员会	87.577646	43.871576	0	50	41	工业园区
650103006010	哈密西路社区居委会	87.584530	43.812742	0	50	82	道路
650105005018	鸿升社区居委会	87.617070	43.810829	1	80	97	政府机构
650109001005	老指挥部社区居委会	87.697054	43.962656	0	25	47	乡镇
650102011007	建设西路社区居委会	87.611820	43.795870	0	30	72	乡镇
650104201001	宣仁墩北街社区	87.524760	43.914371	0	30	72	UNKNOWN
650105006008	劳动街社区居委会	87.607410	43.829010	1	80	95	政府机构
650105008016	新丰社区居委会	87.656470	43.878000	1	80	97	政府机构
650109006001	龙泉社区居委会	87.639037	43.935411	1	80	100	政府机构
650103002004	公安社区居委会	87.598094	43.780427	0	30	58	乡镇
650103502508	八连	87.379470	43.701798	1	80	97	UNKNOWN
650102016003	翠园社区居委会	87.631900	43.794300	0	16	33	区县
650102006003	五桥社区居委会	87.607938	43.775399	0	30	58	乡镇
650102401002	黑甲山后街社区居委会	87.636460	43.778860	0	30	72	村庄
650109005011	永兴社区居委会	87.641672	43.953543	0	30	72	乡镇
650102005013	马市小区社区居委会	87.617684	43.788466	1	75	95	地产小区
650105007009	顺和社区居委会	87.603163	43.841143	1	80	100	政府机构
650102010006	西后街社区居委会	87.631131	43.799446	0	40	77	道路
650103018022	春熙街南社区	87.576830	43.825571	0	40	77	道路
650103004001	友好社区居委会	87.591819	43.819510	0	30	72	乡镇
650121100001	溪水社区	87.477670	43.466500	0	25	70	乡镇
650103007011	天山建材社区居委会	87.459865	43.689227	0	16	47	乡镇
650104100002	安馨社区居委会	87.501274	43.981352	0	40	65	商圈
650121102207	合胜村委会	87.324970	43.338913	0	14	64	乡镇
650102014012	富泉街社区居委会	87.642239	43.765112	0	40	77	道路
650102400003	新市路南社区居委会	87.620541	43.787128	0	50	73	道路
650102017002	翠泉北路社区居委会	87.649549	43.806596	0	50	82	UNKNOWN
650106001003	洛克伦街社区居委会	87.427900	43.876899	0	16	33	区县
650103003005	新华社区居委会	87.597564	43.800085	0	30	72	乡镇
650103013005	薛家槽东社区	87.598300	43.801000	0	16	30	区县
650102403005	赛马场东社区居委会	87.631900	43.794300	0	16	30	区县
650107006002	柴窝堡社区居委会	88.151910	43.400819	1	80	95	政府机构
650109004006	永乐社区居委会	87.670695	43.961287	1	80	100	政府机构
650106502509	九连	87.416098	44.002313	0	18	66	乡镇
650103003013	扬子江路东社区	87.598609	43.800810	0	40	77	道路
650106001015	八一路社区居委会	87.427900	43.876899	0	16	38	区县
650102010010	建国北路社区居委会	87.631873	43.799641	1	80	100	政府机构
650109102208	黑水村委会	87.605058	44.087230	0	18	66	乡镇
650102404001	延安路社区居委会	87.634140	43.770271	0	40	77	道路
650109003002	佳园社区居委会	87.624424	43.925644	0	25	70	乡镇
650103007007	棉花北街社区居委会	87.592189	43.783568	1	80	100	政府机构
650104010008	锦苑社区居委会	87.587213	43.855952	0	30	72	道路
650106005001	北站路社区居委会	87.472692	43.874520	1	80	97	政府机构
650104006001	铁桥社区居委会	87.605071	43.893433	0	25	55	乡镇
650107201203	陈麻子村村委会	88.361197	43.423925	1	80	100	政府机构
650106503504	四连	87.304795	43.901441	0	20	67	乡镇
650104016001	飞机场社区居委会	87.569400	43.855400	0	16	38	区县
650103501502	牧二场	87.598300	43.801000	0	16	38	区县
650102402008	金悦巷社区居委会	87.646189	43.759142	0	50	82	道路
650102005009	育才巷社区居委会	87.619070	43.789429	1	80	97	政府机构
650105012006	南山社区居委会	87.655495	43.835127	1	80	100	政府机构
650103010023	金地社区居委会	87.566899	43.830981	0	25	70	乡镇
650109008005	瑞成社区工作委员会	87.610103	43.794341	1	80	95	政府机构
650103502512	蔬菜连	87.379470	43.701798	1	80	95	UNKNOWN
650171004004	紫阳湖社区居委会	87.516565	43.862912	0	50	36	工业园区
650102008007	健康路社区居委会	87.623420	43.796903	0	40	72	乡镇
650105001016	温泉北社区居委会	87.656849	43.835206	1	80	94	政府机构
650109104201	天生沟村委会	87.664083	44.090230	0	18	35	乡镇
650104002015	小西沟社区居委会	87.577740	43.866399	0	30	72	村庄
650105006012	南湖西路社区居委会	87.607410	43.829010	1	80	97	政府机构
650109103205	雷家塘村委会	87.656652	44.171061	0	18	66	乡镇
650103008014	永乐一巷社区居委会	87.556511	43.810028	0	50	82	道路
650104001005	中营工社区居委会	87.568104	43.849758	1	80	100	政府机构
650103018014	锦福苑社区居委会	87.572094	43.825746	0	60	87	地产小区
650104011005	北二路社区居委会	87.555599	43.874181	1	80	100	政府机构
650109201001	集镇区社区居委会	87.679464	43.955637	1	80	100	政府机构
650105005002	红塔社区居委会	87.611402	43.810299	1	80	100	政府机构
650103502400	场部	87.386030	43.687980	1	80	100	UNKNOWN
650105015002	振安街南社区居委会	87.653820	43.892021	0	30	47	道路
650109100215	菜园子村委会	87.655944	44.002584	0	16	65	乡镇
650105010200	水磨沟村委会	87.712179	43.784911	0	30	51	村庄
650104012003	振兴社区居委会	87.564435	43.885315	0	30	72	乡镇
650172002018	长河社区居委会	87.577646	43.871576	0	50	67	工业园区
650106503400	场部	87.316950	43.894319	0	60	87	UNKNOWN
650105006004	安居社区居委会	87.607410	43.829010	1	80	97	政府机构
650104011013	锦江社区	87.555702	43.867418	0	30	72	乡镇
650103018002	克西路社区居委会	87.566679	43.819289	0	30	72	道路
650172001008	长春南路社区居委会	87.577646	43.871576	0	50	67	工业园区
650109100203	锅底坑村委会	87.655944	44.002584	0	16	65	乡镇
650105005014	爱心北社区居委会	87.617070	43.810829	1	80	94	政府机构
650103501514	养禽场	87.571744	43.848182	1	80	95	政府机构
650105012010	苇湖庄社区居委会	87.645759	43.871021	0	30	72	UNKNOWN
650171007002	东山坡社区	87.610103	43.794341	1	80	97	政府机构
650103502504	四连	87.377936	43.641096	1	80	100	UNKNOWN
650107202205	牧业二队	88.580851	43.524139	0	30	100	村庄
650103002008	黄河社区居委会	87.598094	43.780427	0	30	72	乡镇
650109200201	红柳村委会	87.892274	43.954672	0	25	70	乡镇
650171001007	尚北社区	87.522939	43.881420	1	80	97	政府机构
650109101202	铁厂沟东村村委会	87.766820	43.947491	0	30	58	村庄
650103009003	铁东社区居委会	87.528549	43.782900	0	18	66	道路
650104010012	华源社区居委会	87.587213	43.855952	0	30	58	道路
650105007005	友好花园西居委会	87.602277	43.852475	0	50	73	地产小区
650109102212	高家湖村委会	87.605058	44.087230	0	18	66	乡镇
650104003002	百园路社区居委会	87.538533	43.905454	1	80	100	政府机构
650104013002	新医社区居委会	87.578300	43.840521	1	80	100	政府机构
650102009010	宏大社区居委会	87.682702	43.799209	0	18	49	乡镇
650105010001	温泉东路社区居委会	87.683826	43.829106	0	30	72	道路
650103003009	十月社区居委会	87.597564	43.800085	0	30	58	乡镇
650171006003	金桥社区	87.531914	43.881133	0	50	36	工业园区
650105003011	立井南社区居委会	87.647763	43.857603	1	80	97	政府机构
650121208203	团结村委会	87.189441	43.572069	0	30	72	村庄
650103010019	新居社区	87.566899	43.830981	0	25	70	乡镇
650106502513	酒花二连	87.408724	43.994216	1	80	100	UNKNOWN
650104009008	八家户社区居委会	87.594866	43.878826	1	80	90	地产小区
650109100002	泰和社区居委会	87.655944	44.002584	0	16	65	乡镇
650171005005	玄武湖社区居委会	87.531914	43.881133	0	50	41	工业园区
650102009006	百信花园社区居委会	87.646970	43.787581	1	80	100	政府机构
650106001019	新村东街社区居委会	87.427900	43.876899	0	16	33	区县
650104004010	外运司社区居委会	87.535005	43.870653	0	50	82	UNKNOWN
650105013007	运成社区居委会	87.641769	43.845021	0	40	56	道路
650102403009	巴哈尔路南社区居委会	87.614371	43.761428	0	50	73	道路
650102014008	东湾社区居委会	87.647734	43.773669	1	80	100	政府机构
650106002009	机务段路西社区居委会	87.409220	43.879371	1	80	100	政府机构
650107200202	兰洲湾村村委会	88.496531	43.424340	0	16	38	村庄
650106502505	五连	87.416098	44.002313	0	18	66	乡镇
650105008020	和锦社区居委会	87.656470	43.878000	1	80	97	政府机构
650105014003	新跃社区居委会	87.606658	43.862726	1	80	100	政府机构
650105011201	葛家沟村委会	87.642299	43.832401	0	18	35	区县
650105004003	新建社区居委会	87.676522	43.872946	1	80	97	政府机构
650104010004	西八家户社区居委会	87.594303	43.840761	1	80	100	政府机构
650103009015	南梁坡社区居委会	87.580835	43.804510	1	80	100	政府机构
650109102204	吴家梁村委会	87.605058	44.087230	0	18	66	乡镇
650105007013	康和社区居委会	87.604107	43.863872	1	80	95	政府机构
650171002001	海滨社区居委会	87.530859	43.878826	1	80	97	政府机构
650104003014	景苑社区居委会	87.542201	43.888864	1	80	100	政府机构
650102003007	湖源巷社区居委会	87.617029	43.763957	1	80	100	政府机构
650102404006	中环路南社区居委会	87.636294	43.765356	1	80	100	政府机构
650107001001	工人新村社区居委会	87.557931	42.990289	0	30	72	道路
650105014008	康辉社区居委会	87.620780	43.857029	0	30	51	道路
650102013007	碱泉西社区居委会	87.645490	43.800571	0	25	55	乡镇
650109003005	创业社区居委会	87.624424	43.925644	0	25	70	乡镇
650105007018	南湖北路东社区居委会	87.604107	43.863872	1	80	97	政府机构
650103004010	鸿雁社区居委会	87.591819	43.819510	0	30	72	乡镇
650102007013	人民路南社区居委会	87.618861	43.791238	0	40	65	道路
650105002021	青翠社区居委会	87.632450	43.829541	1	80	95	政府机构
650106001012	顺河路社区居委会	87.284909	43.850541	1	80	100	政府机构
650102403002	红旗社区居委会	87.631900	43.794300	0	16	38	区县
650102004003	八户梁社区居委会	87.633154	43.769430	0	30	58	乡镇
650106002002	三十五户路社区居委会	87.432690	43.868779	1	80	100	政府机构
650109004001	新星社区居委会	87.662830	43.963011	0	30	72	乡镇
650102017005	翠泉中社区居委会	87.649549	43.806596	0	50	73	UNKNOWN
650104202201	青格达湖村委会	87.540895	44.039903	0	20	33	乡镇
650102400004	宽北巷社区居委会	87.620861	43.786798	0	50	82	道路
650102007005	三山社区居委会	87.633233	43.784362	0	30	72	乡镇
650103013002	惠达社区	87.598300	43.801000	0	16	33	区县
650103003002	青松苑社区居委会	87.597564	43.800085	0	30	58	乡镇
650106501508	三坪七连	87.347019	43.914981	0	30	72	村庄
650102014015	吉顺路北社区居委会	87.649746	43.767847	1	80	100	政府机构
650121102200	白杨沟村委会	87.324970	43.338913	0	14	64	乡镇
650102004015	领馆巷南社区居委会	87.613140	43.776429	0	50	73	道路
650103010012	汇珊园社区居委会	87.562071	43.846048	0	60	87	地产小区
650104009003	建新社区居委会	87.594866	43.878826	1	80	92	地产小区
650102003011	新疆大学社区居委会	87.622476	43.763884	0	40	77	UNKNOWN
650109003013	华盛社区工作委员会	87.624424	43.925644	0	25	55	乡镇
650103009008	秀园社区居委会	87.528549	43.782900	0	18	49	道路
650103007016	珠江路南社区	87.602710	43.771010	0	40	77	道路
650104200007	湖州路西社区	87.569410	43.922010	0	30	72	道路
650102010001	建国南路北社区居委会	87.631131	43.799446	0	40	59	道路
650171009200	东南沟村委会	87.610103	43.794341	1	80	97	政府机构
650103018025	金沙江路西社区	87.574590	43.823571	0	40	77	道路
650103004006	西北路南社区居委会	87.591819	43.819510	0	30	47	乡镇
650121103201	公盛村委会	87.303750	43.572147	0	16	38	乡镇
650103002003	交通社区居委会	87.598094	43.780427	0	30	72	乡镇
650109006006	虹桥社区居委会	87.655500	43.973500	0	12	44	区县
650102401005	富康街社区居委会	87.639291	43.773640	1	80	100	政府机构
650102006004	团结西路社区居委会	87.607938	43.775399	0	30	72	乡镇
650107004002	同心路东社区居委会	87.719620	43.588470	0	40	77	道路
650104203200	星火村委会	87.436300	44.013919	0	30	72	村庄
650103005007	宝地社区居委会	87.589691	43.835540	0	40	72	乡镇
650103015007	仓谷社区	87.538840	43.743260	0	30	47	村庄
650109001002	朝阳社区居委会	87.695178	43.956675	1	80	100	政府机构
650121213203	乌拉泊村委会	87.713889	43.589042	0	40	65	商圈
650104201006	小地窝堡西街社区	87.460489	43.911792	0	30	100	道路
650172001003	桂林路社区居民委员会	87.573403	43.852812	1	80	100	政府机构
650103016017	环卫路南社区	87.550651	43.799469	0	60	76	道路
650103008009	新标社区居委会	87.469421	43.811493	1	80	100	政府机构
650104001018	阳光社区居委会	87.568300	43.852090	0	30	72	乡镇
650109100208	园艺村委会	87.655944	44.002584	0	16	65	乡镇
650103005011	巴州北路社区居委会	87.589691	43.835540	0	40	58	乡镇
650172002005	锦程社区居委会	87.577646	43.871576	0	50	67	工业园区
650105006019	宁峰社区居委会	87.607410	43.829010	1	80	95	政府机构
650121102001	琴苑社区	87.324970	43.338913	0	14	64	乡镇
650104100204	保昌堡村委会	87.501274	43.981352	0	40	56	商圈
650109002004	芦草沟社区居委会	87.673873	43.945057	0	30	58	乡镇
650103016001	马料地社区居委会	87.550531	43.808519	0	30	72	UNKNOWN
650103006001	国道社区居委会	87.575361	43.814588	0	30	58	乡镇
650105005009	银河社区居委会	87.616580	43.812449	1	80	100	政府机构
650102012006	五星路东社区居委会	87.634320	43.813731	0	30	72	道路
650102002006	燕儿窝北路西社区居委会	87.590263	43.724480	0	18	40	乡镇
650106003003	西坪社区	87.394734	43.883750	0	25	70	乡镇
650103501509	畜牧连	87.571744	43.848182	1	80	95	政府机构
650103001005	长江北路社区居委会	87.595371	43.790962	1	80	100	政府机构
650102015002	乌拉泊社区居委会	87.647661	43.740502	1	80	95	政府机构
650102402003	延安新村社区居委会	87.646097	43.753795	0	60	87	地产小区
650103010028	福星社区居委会	87.566899	43.830981	0	25	70	乡镇
650121100207	闸滩村委会	87.459700	43.477491	1	80	100	政府机构
650102401013	北湾街北社区居委会	87.636290	43.775761	0	40	65	道路
650171002006	卫星路社区居民委员会	87.541412	43.875384	1	80	100	政府机构
650109102203	吉三泉村委会	87.605058	44.087230	0	18	35	乡镇
650104003013	经环社区居委会	87.550043	43.905230	1	80	100	政府机构
650105004004	八道湾东社区居委会	87.676522	43.872946	1	80	97	政府机构
650106501400	场部	87.343723	43.943195	0	50	82	UNKNOWN
650105014004	八家户社区居委会	87.594662	43.838612	1	70	92	地产小区
650103009012	雪莲社区居委会	87.581589	43.796689	1	80	95	地产小区
650104010003	银川路社区居委会	87.587213	43.855952	0	30	72	道路
650103010008	新通社区居委会	87.566899	43.830981	0	25	55	乡镇
650104017007	澳华社区居委会	87.513754	43.899772	1	80	97	政府机构
650106502502	二连	87.416098	44.002313	0	18	66	乡镇
650107200205	月牙湾村村委会	88.496531	43.424340	0	16	65	村庄
650102009001	幸福路社区居委会	87.646639	43.784912	0	30	72	道路
650171005002	香山街社区	87.531914	43.881133	0	50	50	工业园区
650105010010	温康社区居委会	87.712179	43.784911	0	30	58	村庄
650104004017	锦域社区	87.535051	43.847494	0	25	70	乡镇
650121208204	高潮村委会	87.121490	43.516070	0	30	72	村庄
650102004019	中泉街南社区居委会	87.624131	43.778359	0	40	65	道路
650106502514	酒花三连	87.406598	43.989311	1	80	100	UNKNOWN
650106002018	西林社区	87.424588	43.869837	0	40	65	商圈
650102400008	药王庙社区居委会	87.617150	43.781319	0	25	55	道路
650105010006	安平社区居委会	87.712179	43.784911	0	30	51	村庄
650106501504	三坪三连	87.347019	43.914981	0	30	72	村庄
650106001008	新立社区居委会	87.427900	43.876899	0	16	38	区县
650104014001	兴安社区居委会	87.539670	43.913230	0	30	51	道路
650104004001	石油新村社区居委会	87.523409	43.871611	1	80	100	政府机构
650109102215	土窑子村委会	87.605058	44.087230	0	18	66	乡镇
650171002010	铁路花园社区居委会	87.530859	43.878826	1	80	95	政府机构
650104003005	花都社区居委会	87.550730	43.899531	1	80	100	政府机构
650109101205	曙光下村村委会	87.748684	43.960001	1	80	100	政府机构
650104010015	西八家户路东社区居委会	87.594200	43.842231	0	30	72	道路
650103009004	南站社区居委会	87.528549	43.782900	0	18	66	道路
650103502503	三连	87.383948	43.617788	1	80	100	UNKNOWN
650107202202	黄渠泉村村委会	88.495730	43.523130	0	25	47	乡镇
650105001007	沿河路社区居委会	87.656849	43.835206	1	80	97	政府机构
650109104210	河南村委会	87.629700	44.109220	0	30	72	村庄
650102006008	西河坝后街社区居委会	87.607938	43.775399	0	30	58	乡镇
650102401009	富康街南社区居委会	87.643869	43.771372	0	30	58	道路
650105002017	融鑫社区居委会	87.632450	43.829541	1	80	97	政府机构
650103018005	头宫社区居委会	87.578968	43.827767	0	25	70	旅游景点
650105005013	南大湖社区居委会	87.617070	43.810829	0	80	95	政府机构
650109100204	下沙河村委会	87.655944	44.002584	0	16	65	乡镇
650104012004	河北西路社区居委会	87.547400	43.877769	0	40	77	道路
650105006003	旭东社区居委会	87.607410	43.829010	1	80	97	政府机构
650104011002	南一路社区居委会	87.555702	43.867418	0	30	72	乡镇
650103008013	永康一巷东社区居委会	87.556391	43.810968	0	50	82	道路
650109002008	东瑞北路社区居委会	87.692090	43.946440	0	30	72	道路
650109100212	振兴村委会	87.685540	43.974540	0	30	72	村庄
650105015005	鸿园南路东社区居委会	87.662170	43.886120	0	40	77	道路
650105005005	爱心社区居委会	87.617070	43.810829	1	80	95	政府机构
650104002012	长青社区居委会	87.572001	43.869696	1	80	100	政府机构
650109103202	协标工村委会	87.656652	44.171061	0	18	40	乡镇
650105006015	宁安社区居委会	87.607410	43.829010	1	80	97	政府机构
650109008002	瑞华社区工作委员会	87.610103	43.794341	1	80	95	政府机构
650109104206	东滩村委会	87.641299	44.102141	0	30	72	村庄
650171004003	西湖社区居委会	87.516565	43.862912	0	50	41	工业园区
650105001011	田园社区居委会	87.656849	43.835206	1	80	97	政府机构
650106503503	三连	87.304795	43.901441	0	20	67	乡镇
650107201204	雷家沟村村委会	88.327491	43.511589	0	30	58	村庄
650103001009	新兴巷社区居委会	87.591399	43.788512	0	40	58	乡镇
650121001001	清水泉社区	87.610103	43.794341	1	80	95	政府机构
650104006006	喀什东路社区居委会	87.585575	43.902556	1	80	95	地产小区
650105012001	花苑社区居委会	87.642299	43.832401	0	18	35	区县
650105002001	五星北路社区居委会	87.639853	43.825520	1	80	100	政府机构
650106503502	二连	87.304795	43.901441	0	20	67	乡镇
650107201205	桦树林社区村委会	88.371030	43.461761	0	25	47	村庄
650103001008	牛奶巷社区居委会	87.595367	43.790965	1	80	100	政府机构
650103501504	四连	87.473715	43.786630	1	80	100	UNKNOWN
650104006007	晨光社区居委会	87.578530	43.899117	1	80	100	政府机构
650109008003	瑞泰社区工作委员会	87.610103	43.794341	1	80	95	政府机构
650109104207	大庄子村委会	87.664083	44.090230	0	18	66	乡镇
650171004002	黄山街社区居委会	87.516565	43.862912	0	50	41	工业园区
650103007021	双龙社区	87.459865	43.689227	0	16	65	乡镇
650104002013	科学北路社区居委会	87.592724	43.882409	0	25	70	乡镇
650109103203	羊毛工村委会	87.656652	44.171061	0	18	35	乡镇
650105006014	华清社区居委会	87.607410	43.829010	1	80	97	政府机构
650104011003	南二路社区居委会	87.561502	43.872350	0	30	72	道路
650103008012	马料地街南社区居委会	87.554811	43.808779	0	40	65	道路
650109002009	东盛社区居委会	87.673873	43.945057	0	30	72	乡镇
650104001003	联建社区居委会	87.568300	43.852090	0	30	58	乡镇
650109100213	下大草滩村委会	87.655944	44.002584	0	16	47	乡镇
650105015004	七道湾东街北社区居委会	87.653820	43.892021	0	30	47	道路
650105005004	新希望社区居委会	87.617070	43.810829	1	80	95	政府机构
650104002005	新科社区居委会	87.592724	43.882409	0	25	55	乡镇
650104012005	崇文社区居委会	87.573108	43.889775	1	80	100	政府机构
650105006002	安居北路社区居委会	87.607410	43.829010	1	80	97	政府机构
650103501400	团部	87.571744	43.848182	1	80	95	政府机构
650103018004	公交社区居委会	87.598300	43.801000	0	16	30	区县
650105005012	新大地社区居委会	87.630504	43.819117	1	75	95	地产小区
650109100205	西二渠村委会	87.626570	44.006550	0	30	58	UNKNOWN
650103014498	火车南站片区虚拟社区	87.587259	43.781941	0	60	87	火车站
650104006011	京疆路社区	87.597430	43.897090	0	40	100	道路
650103501512	六连	87.446384	43.726093	1	80	100	政府机构
650105002016	天平社区居委会	87.632450	43.829541	1	80	95	政府机构
650104005001	迎宾北二路社区居委会	87.496811	43.893318	0	40	77	道路
650103502502	二连	87.414375	43.619785	1	80	100	UNKNOWN
650104015001	冬融街社区居委会	87.601260	43.938890	0	40	77	道路
650107202203	大河沿村村委会	88.495730	43.523130	0	25	70	乡镇
650105001006	北山社区居委会	87.656849	43.835206	1	80	97	政府机构
650109104211	三道坝村委会	87.664083	44.090230	0	18	40	乡镇
650102006009	河滩南路东社区居委会	87.605160	43.773859	0	30	72	道路
650102401008	北湾街社区居委会	87.636290	43.775761	0	40	77	道路
650109101204	曙光上村村委会	87.775610	43.944601	0	30	58	村庄
650171001001	科技园路社区居民委员会	87.522939	43.881420	1	80	95	政府机构
650103009005	泰裕社区居委会	87.528549	43.782900	0	18	49	道路
650109102214	三个庄村委会	87.605058	44.087230	0	18	40	乡镇
650104013004	京都小区社区居委会	87.577879	43.843072	0	60	87	地产小区
650104003004	三工社区居委会	87.564250	43.923540	0	30	72	UNKNOWN
650102400009	固原巷社区居委会	87.620575	43.780248	1	80	100	政府机构
650105010007	和奕社区居委会	87.712179	43.784911	0	30	58	村庄
650102009016	幸福路南社区居委会	87.646639	43.784912	0	30	58	道路
650106501505	三坪四连	87.347019	43.914981	0	30	72	村庄
650106001009	柯坪路北社区居委会	87.288004	43.863252	1	80	100	政府机构
650121208205	土圈村委会	87.176350	43.513970	0	25	70	村庄
650102014018	富北社区居委会	87.639951	43.750509	0	30	58	乡镇
650171006005	城缘社区	87.531914	43.881133	0	50	41	工业园区
650106002019	北站五路社区	87.449250	43.863390	0	40	100	道路
650171005003	天鹅湖社区居委会	87.531914	43.881133	0	50	50	工业园区
650105010011	雪莲山社区居委会	87.712179	43.784911	0	30	47	村庄
650104004016	锦山社区居委会	87.535051	43.847494	0	25	70	乡镇
650105003001	发源社区居委会	87.647763	43.857603	1	80	95	政府机构
650105013001	和谐园社区居委会	87.639897	43.843877	1	80	100	政府机构
650103010009	金泰社区居委会	87.566899	43.830981	0	25	55	乡镇
650104017006	迎亚社区居委会	87.513754	43.899772	1	80	97	政府机构
650106502503	三连	87.416098	44.002313	0	18	66	乡镇
650107200204	东湖村村委会	88.485479	43.398714	1	80	100	政府机构
650105004005	八道湾西社区居委会	87.676522	43.872946	1	80	95	政府机构
650105014005	红光山南社区居委会	87.620780	43.857029	0	30	45	道路
650103009013	宝山社区居委会	87.589937	43.802914	1	80	100	政府机构
650105007015	百万庄社区居委会	87.604107	43.863872	1	80	97	政府机构
650171002007	团结新村社区居民委员会	87.530859	43.878826	1	80	94	政府机构
650109102202	梁东村委会	87.605058	44.087230	0	18	66	乡镇
650103016020	辛福屯社区	87.550651	43.799469	0	60	76	道路
650105003021	融睦社区居委会	87.647763	43.857603	1	80	97	政府机构
650121100206	庙尔沟村委会	87.477670	43.466500	0	25	70	乡镇
650102401012	跃进街南社区居委会	87.629185	43.783409	1	80	100	政府机构
650109005001	新华社区居委会	87.649436	43.970152	1	80	100	政府机构
650103011004	西梁社区	87.598300	43.801000	0	16	38	区县
650106003002	王家沟新园社区居委会	87.394734	43.883750	0	25	55	乡镇
650103501508	九连	87.598300	43.801000	0	16	38	区县
650103001004	长江南路社区居委会	87.598360	43.789460	1	80	100	政府机构
650102015003	红雁池东社区居委会	87.647661	43.740502	1	80	95	政府机构
650102402002	盐化社区居委会	87.635067	43.769786	0	30	72	村庄
650102005003	建中路社区居委会	87.620471	43.788958	0	50	82	道路
650109002005	小红沟社区居委会	87.673873	43.945057	0	30	58	乡镇
650105005008	荣惠社区居委会	87.617070	43.810829	1	80	95	政府机构
650105015008	青润社区居委会	87.653820	43.892021	0	30	58	道路
650102002007	燕儿窝北路东社区居委会	87.590263	43.724480	0	18	49	乡镇
650103015010	明月社区居委会	87.538840	43.743260	0	30	47	村庄
650103005010	泰华社区居委会	87.589691	43.835540	0	40	72	乡镇
650172002004	锦秀社区居委会	87.577646	43.871576	0	50	50	工业园区
650105006018	昆仑路南社区居委会	87.607410	43.829010	1	80	95	政府机构
650105008006	红光社区居委会	87.656470	43.878000	1	80	97	政府机构
650104100205	东村村委会	87.559560	43.988859	0	30	72	村庄
650103006016	古城北社区	87.575361	43.814588	0	30	58	乡镇
650172001002	昆明路社区居民委员会	87.577646	43.871576	0	50	50	工业园区
650104001019	锦海巷社区	87.564250	43.852799	0	50	100	道路
650109100209	皇渠沿村委会	87.689295	43.979217	0	30	51	村庄
650103005006	友谊社区居委会	87.579530	43.830011	1	80	100	政府机构
650103015006	仓园社区	87.538840	43.743260	0	30	47	村庄
650109001003	安和社区居委会	87.697054	43.962656	0	25	55	乡镇
650171008200	丰田村委会	87.479040	43.910820	0	30	72	村庄
650121213202	羊圈沟村委会	87.660410	43.462940	0	25	70	村庄
650104201007	宣仁墩南街社区	87.527440	43.913482	0	40	100	道路
650102011001	人民路社区居委会	87.618861	43.791238	0	40	77	道路
650103002002	和田街社区居委会	87.603764	43.787267	1	80	100	政府机构
650103012002	苏家庄社区	87.472341	43.746699	0	30	100	村庄
650109006007	兴业社区居委会	87.644002	43.932664	1	80	100	政府机构
650102401004	大湾北路西社区居委会	87.647400	43.785802	0	40	65	道路
650102006005	四桥社区居委会	87.609140	43.781949	1	80	100	政府机构
650107004003	同心路西社区居委会	87.719620	43.588470	0	40	65	道路
650104203201	三宫梁村委会	87.461934	44.050740	0	18	35	村庄
650121103200	永盛村委会	87.264430	43.573490	1	80	100	政府机构
650121207001	雪莲谷社区	87.262260	43.462170	0	25	55	乡镇
650104200006	宁波街社区	87.570680	43.914461	0	30	100	道路
650109102218	下梁头村委会	87.605058	44.087230	0	18	66	乡镇
650171009201	萨尔达坂村委会	87.610103	43.794341	1	80	94	政府机构
650103018024	清河路社区	87.568255	43.820871	0	50	100	道路
650103004007	虹桥南社区居委会	87.591819	43.819510	0	30	51	乡镇
650102013010	红桥社区居委会	87.651781	43.813261	1	80	100	政府机构
650102003010	多斯鲁克社区居委会	87.614946	43.771139	1	80	100	政府机构
650109003012	卡子湾社区居委会	87.610470	43.918569	0	30	72	村庄
650103009009	古丽斯坦社区居委会	87.528549	43.782900	0	18	66	道路
650102014014	富康街北社区居委会	87.643869	43.771372	0	30	58	道路
650121102201	灯草沟村委会	87.324970	43.338913	0	14	64	乡镇
650102004014	后泉路社区居委会	87.625591	43.780319	0	40	77	道路
650103010013	汇芙园社区居委会	87.564955	43.844113	0	60	87	地产小区
650104009002	东方社区居委会	87.594866	43.878826	1	80	92	地产小区
650106002015	秀丽社区居委会	87.424588	43.869837	0	40	59	商圈
650102017004	天府社区居委会	87.645490	43.800571	1	80	100	政府机构
650104202200	新联村委会	87.530750	44.015811	0	30	72	村庄
650102400005	福寿巷社区居委会	87.617150	43.781319	0	25	55	道路
650102007004	康泰社区居委会	87.633233	43.784362	0	30	72	乡镇
650103013003	荣泽社区	87.598300	43.801000	0	16	33	区县
650103003003	扬子江社区居委会	87.597564	43.800085	0	30	58	乡镇
650106501509	三坪八连	87.347019	43.914981	0	30	72	村庄
650171008001	北站二路社区居委会	87.488001	43.872619	0	40	77	道路
650102403003	赛马场西社区居委会	87.631900	43.794300	0	16	28	区县
650102004002	团结社区居委会	87.650452	43.835647	1	80	100	政府机构
650102007012	新湾社区居委会	87.633233	43.784362	0	30	58	乡镇
650105002020	康苑社区居委会	87.632450	43.829541	1	80	97	政府机构
650121103001	亚新社区	87.303750	43.572147	0	16	65	乡镇
650102404007	大湾北社区居委会	87.634140	43.770271	0	40	65	道路
650102013006	碱泉中社区居委会	87.646172	43.802517	0	40	65	商圈
650103007001	炉院街社区居委会	87.592710	43.774331	0	40	77	道路
650109003004	象新社区居委会	87.624424	43.925644	0	25	55	乡镇
