654026101202	克乌克加尔村民委员会	81.576474	42.580888	0	12	63	乡镇
654002102202	六七段村村委会	81.124377	43.939754	1	80	100	政府机构
654027100007	阿热勒居委会	81.845150	43.212140	1	80	100	政府机构
654028103206	阿克加尔村	82.903669	43.529701	0	30	100	村庄
654025405502	农一队	82.530030	43.507360	0	30	100	村庄
654023204202	上三宫村委会	80.826020	44.140800	0	25	43	乡镇
654003201203	高疙瘩泉村委会	85.196270	44.424060	0	25	43	乡镇
654026206204	塔什布拉克村民委员会	80.632036	42.832130	0	16	47	乡镇
654028204200	科蒙村	82.643140	43.791200	0	25	70	乡镇
654022200205	托布村	80.941800	43.771760	0	30	100	村庄
654024204209	琼巴格村委会	82.145790	43.470880	0	25	47	乡镇
654026201200	乌尊布拉克村民委员会	81.360107	43.145224	0	50	82	UNKNOWN
654024400206	牧业队	82.171581	43.457775	0	18	100	UNKNOWN
654027101211	阿河西村委会	81.865807	42.914912	0	14	46	乡镇
654022207201	玉奇吐格曼村	81.413199	43.737091	0	30	100	村庄
654002202200	阿依墩村村委会	81.336093	43.875609	0	30	72	乡镇
654002009002	苹果社区	81.270148	43.934225	0	50	100	地产小区
654022403598	机关虚拟社区	81.229995	43.867794	1	80	97	UNKNOWN
654023104200	拜斯铁烈克村委会	81.040629	44.210541	0	25	47	乡镇
654023101002	城南社区	80.810406	44.179193	0	16	65	乡镇
654023508508	八连	80.659233	44.063113	1	80	100	UNKNOWN
654027102201	希勒吐别克村委会	82.101019	43.228964	1	80	100	政府机构
654003510004	绿莹里居委会	84.905023	44.442524	0	50	82	UNKNOWN
654026100002	工矿路社区居民委员会	81.133191	43.162168	0	40	65	道路
654022103201	博孜墩村	81.125250	43.891810	0	30	100	村庄
654027101207	砍土曼托别村委会	81.865807	42.914912	0	14	37	乡镇
654023200200	双渠村委会	80.913200	44.058121	0	30	72	村庄
654022502507	八连	80.756313	43.799045	1	80	97	政府机构
654021205209	皇宫村委会	81.584814	43.889593	0	16	38	乡镇
654004004002	苏新社区	80.420700	44.229199	0	14	46	区县
654028200202	套苏布台村	82.120230	43.986031	0	30	100	村庄
654026514506	七连	80.619379	42.743472	0	16	65	乡镇
654024403200	实验队	82.225569	43.473260	1	80	100	政府机构
654027517505	五连	81.880203	43.185215	1	80	97	政府机构
654026513502	二连	80.387185	42.796760	1	80	100	政府机构
654021100009	杏苑社区居委会	81.532539	43.975579	0	18	49	乡镇
654023100202	韩家庄子村委会	80.898485	44.095520	0	18	66	乡镇
654026102204	下克孜勒莫依纳克村民委员会	81.614970	43.082049	0	30	72	UNKNOWN
654025406504	农三队	82.692839	43.431562	1	80	100	政府机构
654028100200	加勒克孜铁勒克村	82.553710	43.782051	0	30	100	村庄
654022104205	巴合提村	81.151400	43.840700	0	12	26	区县
654002101204	皮里其村村委会	81.409485	43.996813	0	18	35	乡镇
654027103001	森塔斯居委会	81.664550	43.204330	0	25	55	乡镇
654024402201	农田二队	82.304559	43.496219	1	80	100	政府机构
654025108201	阔克托别村委会	83.260599	43.429801	0	12	24	区县
654028201203	克什喀拉苏村	82.146551	43.921520	0	30	100	村庄
654026515507	七连	80.712829	42.996056	1	80	100	政府机构
654023507501	一连	80.878900	44.056000	0	14	46	区县
654023201201	大柳树村委会	80.764210	44.070790	0	30	72	村庄
654022503506	六连	80.887357	43.892583	1	80	100	UNKNOWN
654022102200	阿帕尔村	81.070070	43.834559	0	30	100	村庄
654026104201	别斯喀拉盖村民委员会	81.131001	43.157299	0	12	34	区县
654021209206	克什拉克塔木村委会	81.822025	43.770119	0	18	35	乡镇
654002100205	干沟村村委会	81.256879	43.962969	0	25	70	乡镇
654022100006	新城区社区	81.146832	43.848761	0	18	66	乡镇
654028101201	托格金村	83.152512	43.812509	0	50	82	UNKNOWN
654025407505	三队	83.559293	43.422460	0	80	72	村庄
654026103205	墩克尔曼村民委员会	80.892138	42.803348	0	14	64	乡镇
654023101203	双沟一村委会	80.694719	44.161486	0	30	51	村庄
654027200204	喀拉萨依牧业村委会	81.894460	43.228089	0	25	55	乡镇
654002202001	唐乡社区	81.336093	43.875609	0	30	72	乡镇
654022504502	二连	81.426038	43.798837	0	18	66	乡镇
654027203202	霍斯托别村委会	81.641300	42.963721	0	25	47	乡镇
654004001001	卡拉苏社区	80.420700	44.229199	0	14	46	区县
654026207205	喀塔尔托别村民委员会	80.897444	42.607373	0	14	46	乡镇
654023205203	切得克苏村委会	80.775310	44.320149	0	25	47	乡镇
654023101215	二宫新村委会	80.701887	44.186369	1	80	97	政府机构
654025404503	农场二队	83.460900	43.510328	1	80	95	UNKNOWN
654027104204	音加尔村委会	82.169551	43.145978	0	16	33	乡镇
654002103203	下苏拉宫村村委会	81.367270	44.010719	0	30	58	村庄
654022504514	五连	81.426038	43.798837	0	18	66	乡镇
654024100008	提尔曼居委会	82.232228	43.487991	0	25	70	乡镇
654023102205	乌拉斯台村委会	80.855970	44.238991	0	25	70	乡镇
654026100203	加曼台村民委员会	81.119543	43.155071	0	30	58	乡镇
654028100001	第一社区	82.562959	43.772512	0	18	66	乡镇
654026515511	十连	80.564578	43.017332	0	16	65	乡镇
654023509509	六十六团九连	81.046999	43.950771	1	80	97	UNKNOWN
654027103200	阿克奇村委会	81.664550	43.204330	0	25	70	乡镇
654022503510	十连	81.054080	43.873600	1	80	97	UNKNOWN
654023100003	团结居委会	80.898485	44.095520	0	18	66	乡镇
654002008003	库都克买里社区居委会	81.324390	43.938630	1	80	95	政府机构
654002203201	英阿亚提村村委会	81.427212	43.898443	0	18	66	乡镇
654022206200	坎村	81.570740	43.637230	0	30	100	村庄
654028202205	阔克阿尕什村	82.393670	43.855669	0	30	100	村庄
654026516501	一连	80.923672	42.999462	1	80	100	政府机构
654004506509	十连	80.589117	44.237608	1	80	100	政府机构
654021105211	阿热吾斯坦村委会	81.551917	43.794909	0	18	40	乡镇
654025511506	六连	83.234076	43.510415	1	80	100	政府机构
654002003004	胡木丹买里社区居委会	81.316041	43.905359	1	80	94	政府机构
654025103210	萨尔喀木斯村委会	83.062870	43.419919	0	25	47	乡镇
654022200209	布尔哈茂村	80.954475	43.833488	0	18	49	乡镇
654021106201	下萨木于孜村委会	81.527299	43.977101	0	12	24	区县
654024104207	塔依吐罕村委会	82.402928	43.452641	0	16	38	乡镇
654025100200	别斯托别村委会	83.269643	43.449922	1	80	100	政府机构
654025105002	高潮社区居民委员会	82.952140	43.452190	0	25	47	乡镇
654002007010	英阿亚提北路社区居委会	81.338957	43.921742	1	80	100	政府机构
654024103203	奥依塔木村委会	82.263590	43.457980	0	25	47	乡镇
654028518506	一连	83.220053	43.698652	0	14	64	乡镇
654021205213	阿不拉什村委会	81.584814	43.889593	0	16	33	乡镇
654023508504	四连	80.652957	44.140654	1	80	100	UNKNOWN
654024204205	喀拉巴克村委会	82.096550	43.432539	0	30	58	村庄
654025200202	恰普河加嘎村委会	83.257634	43.436687	0	50	68	UNKNOWN
654021205205	买买亚村委会	81.584814	43.889593	0	16	38	乡镇
654028404201	蜂业队	83.399255	43.749456	0	18	49	乡镇
654002007006	环城北路社区居委会	81.331090	43.919920	1	80	95	政府机构
654021215205	下皮芽子村委会	81.654543	43.970323	0	16	33	乡镇
654023508512	十二连	80.878900	44.056000	0	14	46	区县
654003003001	康乐园居委会	84.912631	44.422659	1	80	97	休闲娱乐
654021102203	包尔其村委会	81.672782	43.748881	0	16	38	乡镇
654025104202	塔依阿苏村委会	83.929240	43.300281	0	50	73	UNKNOWN
654026102208	苏勒萨依村民委员会	81.365841	43.059470	0	16	47	乡镇
654023508400	团部	80.878900	44.056000	0	14	46	区县
654026208200	喀塔尔托别村民委员会	80.530301	42.556132	0	14	46	乡镇
654025511510	焦化厂生活区	83.269494	43.497637	0	18	66	乡镇
654021100005	桥西居委会	81.532539	43.975579	0	18	49	乡镇
654021105207	喀尔墩村委会	81.551917	43.794909	0	18	40	乡镇
654025103206	加尔吾特克勒村委会	83.062870	43.419919	0	25	47	乡镇
654025406508	羊队	83.260599	43.429801	0	12	44	区县
654021202201	吉尔格郎村委会	81.528420	44.028536	1	80	95	UNKNOWN
654002402201	奶牛场二连	81.273510	43.868960	0	50	100	UNKNOWN
654021212201	协合买里村委会	81.939180	43.856031	0	25	47	村庄
654003004005	闻莺园居委会	84.871510	44.432271	0	30	58	道路
654025100001	新源县幸福路居委会	83.262889	43.418201	0	25	70	乡镇
654025105203	喀克村委会	82.952140	43.452190	0	25	47	乡镇
654003001010	喀拉尕什居委会	84.897735	44.425926	1	70	92	UNKNOWN
654022208204	托普亚尕奇村	81.313001	43.589339	0	30	100	村庄
654021103202	奥尔曼村委会	81.527299	43.977101	0	12	26	区县
654024101204	唐努尔村委会	81.766021	43.502925	0	16	33	乡镇
654024510502	二连	81.959253	43.529795	0	16	65	乡镇
654004505503	三连	80.558690	44.251551	0	60	87	UNKNOWN
654023509513	六十六团十三连	81.046999	43.950771	1	80	97	UNKNOWN
654002006007	英阿亚提社区居委会	81.352250	43.903041	1	80	95	政府机构
654021214204	托逊村委会	81.695750	43.931710	0	25	47	乡镇
654003005004	万科里居委会	84.913872	44.408956	0	50	82	地产小区
654025200003	别斯托别新村社区居民委员会	83.270129	43.443701	0	30	58	地产小区
654002001003	天马社区居委会	81.311891	43.922339	1	80	97	政府机构
654021213200	温亚尔村委会	81.787100	43.849739	0	50	73	UNKNOWN
654021203200	莫洛托乎提于孜村委会	81.574770	43.954660	0	30	58	UNKNOWN
654025407509	付业队	83.559293	43.422460	0	80	100	村庄
654003508506	七连	85.011996	44.392024	1	80	100	UNKNOWN
654021104206	萨克于孜村委会	81.732009	43.680024	0	16	33	乡镇
654027104208	柯尔干布拉克村委会	82.169551	43.145978	0	16	33	乡镇
654028208203	哈特乌孜尔村	82.745940	43.811770	0	30	100	村庄
654023102209	西宁庄子村委会	80.855970	44.238991	0	25	55	乡镇
654024100004	乔勒潘居委会	82.232228	43.487991	0	25	55	乡镇
654024105206	阿克巴斯陶村委会	81.950510	43.433996	0	16	38	乡镇
654021107200	图地于孜村委会	81.527299	43.977101	0	12	29	区县
654003508510	十一连	85.017538	44.421491	1	80	100	UNKNOWN
654002002005	协海尔依其社区居委会	81.314451	43.918049	1	80	95	政府机构
654021104210	下萨克于孜村委会	81.732009	43.680024	0	16	30	乡镇
654004506505	六连	80.504214	44.155446	1	80	100	UNKNOWN
654021501502	三连	81.529517	43.849734	0	18	66	乡镇
654003001006	飞鸿里居委会	84.899012	44.430039	0	40	51	乡镇
654026404202	鱼尔突站村委会	81.002149	43.087617	0	16	38	乡镇
654023509505	六十六团五连	81.046999	43.950771	1	80	97	UNKNOWN
654004505515	园林五连	80.558690	44.251551	0	60	80	UNKNOWN
654025106205	阿克奥依村委会	82.601639	43.373168	0	16	30	乡镇
654002006011	喀尔墩社区居委会	81.352250	43.903041	1	80	95	政府机构
654024102202	塔克尔吐别克村委会	82.749585	43.271775	0	30	58	村庄
654021100204	上肉孜买提于孜村委会	81.509668	43.978296	1	80	100	政府机构
654004505514	园林四连	80.558690	44.251551	0	60	80	UNKNOWN
654023509504	六十六团四连	81.046999	43.950771	1	80	97	UNKNOWN
654025106204	阿克托汗村委会	82.601639	43.373168	0	16	38	乡镇
654024102203	塔斯布拉克村委会	82.679740	43.277600	0	25	47	乡镇
654021100205	下肉孜买提于孜村委会	81.532539	43.975579	0	18	35	乡镇
654021501503	四连	81.529517	43.849734	0	18	66	乡镇
654004506504	五连	80.464001	44.137771	1	80	100	UNKNOWN
654003001007	曙光里居委会	84.899012	44.430039	0	40	58	乡镇
654004200204	喀拉塔斯村委会	80.420700	44.229199	0	14	32	区县
654002402001	奶牛场居委会	81.273510	43.868960	0	50	82	UNKNOWN
654003508511	十二连	84.988643	44.421193	1	80	100	UNKNOWN
654002002004	萨依巴格社区居委会	81.314451	43.918049	1	80	97	政府机构
654021104211	热万村委会	81.732009	43.680024	0	16	38	乡镇
654025101200	则克台村委会	83.280720	43.536790	0	25	47	乡镇
654028208202	玉什阔灭依村	82.723790	43.803001	0	30	100	村庄
654023102208	东庄村委会	80.826430	44.268180	0	30	72	村庄
654024100005	托乎其玉孜居委会	82.232228	43.487991	0	25	70	乡镇
654002001014	花园社区	81.311891	43.922339	1	80	97	政府机构
654024105207	塔勒德村委会	81.950510	43.433996	0	16	38	乡镇
654025200501	农业局良种繁育基地支部生活区	83.262529	43.445071	0	25	41	乡镇
654021107201	赛皮尔村委会	81.527299	43.977101	0	12	29	区县
654025407508	基建队	83.559293	43.422460	0	80	100	村庄
654003508507	八连	84.978200	44.429309	0	30	100	UNKNOWN
654021104207	茶依其温村委会	81.732009	43.680024	0	16	33	乡镇
654023509400	团部	81.046999	43.950771	1	80	95	UNKNOWN
654025200002	则新路社区	83.265459	43.460081	0	25	100	道路
654021213201	下温亚尔村委会	81.787100	43.849739	0	50	73	UNKNOWN
654002001002	萨依布依社区居委会	81.311891	43.922339	1	80	94	政府机构
654004506400	团部	80.420700	44.229199	0	14	64	区县
654021203201	巴热提买里村委会	81.581802	43.974384	0	18	40	乡镇
654024510503	三连	82.084077	43.573573	1	80	100	政府机构
654003002001	东绣苑居委会	84.964717	44.403979	0	18	40	乡镇
654023509512	六十六团十二连	81.046999	43.950771	1	80	97	UNKNOWN
654004505502	二连	80.558690	44.251551	0	60	87	UNKNOWN
654003001011	海纳尔居委会	84.890969	44.427162	0	50	82	地产小区
654025105202	克孜勒金格勒村委会	82.952140	43.452190	0	25	47	乡镇
654022208205	乌尔坦村	81.392440	43.536510	0	30	100	村庄
654004506512	园林一连	80.480846	44.145926	0	16	47	乡镇
654021501515	七十团十八连	81.529517	43.849734	0	18	40	乡镇
654021103203	喀尕勒克村委会	81.527299	43.977101	0	12	29	区县
654024101205	阔尔吉勒尕村委会	81.766021	43.502925	0	16	30	乡镇
654021202200	喀赞其村委会	81.633814	44.051806	1	80	95	UNKNOWN
654021212200	麻扎村委会	81.939170	43.853721	0	30	72	村庄
654002402200	奶牛场一连	81.296020	43.870280	1	80	100	UNKNOWN
654025512501	一连	82.752018	43.484633	0	16	65	乡镇
654003004004	五公里居委会	84.871510	44.432271	0	30	47	道路
654026102209	塔勒德萨依一村民委员会	81.365841	43.059470	0	16	47	乡镇
654026208201	托孙托力哈村民委员会	80.530301	42.556132	0	14	37	乡镇
654021100004	东二区居委会	81.532539	43.975579	0	18	66	乡镇
654025400598	种羊场虚拟生活区	83.260599	43.429801	0	12	44	区县
654021105206	布拉克贝希村委会	81.551917	43.794909	0	18	66	乡镇
654025103207	恰普河村委会	83.257634	43.436687	0	50	73	UNKNOWN
654003510009	天北新区工业园区社区	84.907995	44.439681	0	25	55	UNKNOWN
654021102202	阿克塔木村委会	81.672782	43.748881	0	16	65	乡镇
654025101001	则克台街社区	83.280720	43.536790	0	25	55	乡镇
654025104203	那拉提村委会	84.012480	43.325107	0	50	73	UNKNOWN
654021205204	下拜什温村委会	81.589700	43.907242	0	30	58	村庄
654028404200	农业队	83.439759	43.734681	0	30	100	村庄
654021215204	皮芽子村委会	81.654543	43.970323	0	16	33	乡镇
654002007007	湟渠社区居委会	81.331090	43.919920	1	80	97	政府机构
654023508513	十三连	80.878900	44.056000	0	14	46	区县
654002004001	伊毛社区居委会	81.324480	43.912420	1	80	95	政府机构
654024204204	塔斯托别村委会	82.186210	43.484341	0	30	58	UNKNOWN
654025200203	江尔森村委会	83.262529	43.445071	0	25	47	乡镇
654024103202	红光村委会	82.263590	43.457980	0	25	70	乡镇
654002007011	天山街社区居委会	81.331090	43.919920	1	80	97	政府机构
654028518507	四连	83.220053	43.698652	0	14	64	乡镇
654021205212	上阿不拉什村委会	81.584814	43.889593	0	16	33	乡镇
654025107205	阿克其村委会	83.522390	43.425070	0	25	70	乡镇
654023508505	五连	80.963247	43.932710	1	80	100	政府机构
654021106200	萨木于孜村委会	81.527299	43.977101	0	12	24	区县
654024104206	二道湾村委会	82.367839	43.463052	1	80	100	政府机构
654025100201	托海村委会	83.262889	43.418201	0	25	47	乡镇
654021105210	吐格曼比西村委会	81.551917	43.794909	0	18	35	乡镇
654025511507	七连	83.269494	43.497637	0	18	66	乡镇
654002003005	九号小区社区居委会	81.316041	43.905359	1	80	95	政府机构
654022200208	巴音村	80.952201	43.825959	0	30	100	村庄
654026402206	牧业二队村委会	81.207734	43.217129	0	16	65	UNKNOWN
654025103211	喀尔哈勒村委会	83.062870	43.419919	0	25	43	乡镇
654002203200	巴依库勒村村委会	81.343879	43.932271	0	30	58	村庄
654022206201	齐格勒克村	81.544320	43.687140	0	25	55	村庄
654028202204	库克拜村	83.152920	43.813751	0	25	70	乡镇
654004506508	九连	80.445734	44.112214	1	80	100	UNKNOWN
654026515510	十二连	80.637320	43.013650	0	30	100	UNKNOWN
654023509508	六十六团八连	81.046999	43.950771	1	80	97	UNKNOWN
654027103201	齐勒乌泽克村委会	81.664550	43.204330	0	25	47	乡镇
654022503511	十一连	80.984327	43.874173	1	80	100	UNKNOWN
654023100002	南关居委会	80.898485	44.095520	0	18	66	乡镇
654002008002	飞机场路社区居委会	81.324390	43.938630	1	80	97	政府机构
654025404502	农场一队	83.460900	43.510328	1	80	95	UNKNOWN
654028102206	塔尔克特村	82.508960	43.830589	0	30	100	村庄
654002103202	达达木图村村委会	81.360512	43.989608	1	80	100	政府机构
654027104205	阿克托海牧业村委会	82.169551	43.145978	0	16	47	乡镇
654023102204	牧业村委会	80.855970	44.238991	0	25	70	乡镇
654026100202	乔伦木图村民委员会	81.119543	43.155071	0	30	72	乡镇
654027203203	莫因台牧业村委会	81.641300	42.963721	0	25	55	乡镇
654026207204	玛热勒特村民委员会	80.897444	42.607373	0	14	64	乡镇
654002002008	公园街社区居委会	81.314451	43.918049	1	80	97	政府机构
654023205202	苜蓿台子村委会	80.775310	44.320149	0	25	55	乡镇
654023101214	可克达拉牧业村委会	80.810406	44.179193	0	16	47	乡镇
654028206206	阿依纳巴斯陶村	82.246420	43.663681	0	30	100	村庄
654027200205	库尔乌泽克牧业村委会	81.894460	43.228089	0	25	55	乡镇
654022504503	三连	81.438142	43.784324	1	80	100	政府机构
654002100204	铁厂沟村村委会	81.248279	43.983381	1	80	100	政府机构
654022100007	宁古齐社区	81.146832	43.848761	0	18	66	乡镇
654028101200	巴音沟村	83.152512	43.812509	0	50	68	UNKNOWN
654025407504	二队	83.559293	43.422460	0	80	72	村庄
654026103204	阿尔帕克尔曼村民委员会	80.892138	42.803348	0	14	64	乡镇
654023101202	二道河村委会	80.810406	44.179193	0	16	65	乡镇
654024401210	克孜勒齐勒克队	82.361721	43.486508	0	25	43	乡镇
654022102201	孙扎齐牛录村	81.071030	43.833989	0	30	100	村庄
654026104200	吐格勒勤村民委员会	81.131001	43.157299	0	12	26	区县
654025108200	哈萨克买里村委会	83.868307	43.377748	0	30	58	村庄
654024402200	农田一队	82.286145	43.482423	1	80	100	政府机构
654026515506	六连	80.641467	42.903887	1	80	100	政府机构
654028201202	喀拉苏村	82.204230	43.871840	0	30	100	村庄
654023201200	塔尔吉村委会	80.771863	44.044058	0	18	35	乡镇
654022503507	七连	81.089495	43.875574	1	80	100	UNKNOWN
654026203206	苏吾克托海村民委员会	81.181390	42.829780	0	25	47	乡镇
654021100008	美郡社区居委会	81.532539	43.975579	0	18	49	乡镇
654023100203	团结村委会	80.939820	44.138090	0	30	72	村庄
654026102205	喀拉巴斯陶村民委员会	81.365841	43.059470	0	16	47	乡镇
654025406505	农四队	82.511850	43.489359	0	30	100	村庄
654028100201	萨热买里村	82.546869	43.780881	0	30	100	村庄
654022104204	努拉洪布拉克村	81.134969	43.509789	0	30	100	村庄
654002101205	英阿瓦提村村委会	81.409485	43.996813	0	18	66	乡镇
654027517504	四连	81.882262	43.189804	1	80	100	UNKNOWN
654002203001	东城花苑社区	81.427212	43.898443	0	18	49	乡镇
654026513503	三连	80.290720	42.773744	1	80	100	政府机构
654023200201	如先巴克村委会	80.869279	44.051481	0	25	43	村庄
654022502506	六连	80.756313	43.799045	1	80	97	政府机构
654021205208	阿勒推村委会	81.584814	43.889593	0	16	33	乡镇
654004004003	拱宸社区	80.420700	44.229199	0	14	46	区县
654028200203	博尔博松村	82.046050	44.049120	0	30	100	村庄
654024403201	良种队	82.223901	43.471422	1	80	100	UNKNOWN
654003510005	绿波里居委会	84.904001	44.434964	0	60	87	地产小区
654026100003	解放街社区居民委员会	81.119543	43.155071	0	30	51	乡镇
654022103200	绰霍尔村	81.148240	43.871280	0	30	100	村庄
654027101206	科孜勒阔拉村委会	81.865807	42.914912	0	14	37	乡镇
654002009003	江南社区	81.277700	43.909401	0	14	37	区县
654023104201	开赞喀拉村委会	81.040629	44.210541	0	25	43	乡镇
654023101003	城西社区	80.810406	44.179193	0	16	65	乡镇
654022502510	园林站生活区	81.151400	43.840700	0	12	34	区县
654023508509	九连	80.683459	44.123452	1	80	100	UNKNOWN
654027102200	库木托别村委会	82.101577	42.952157	0	14	37	乡镇
654024204208	古丽巴格村委会	82.145790	43.470880	0	25	47	乡镇
654026201201	喀勒喀特村民委员会	81.430680	43.152229	0	25	55	乡镇
654027101210	阿克铁热克村委会	81.865807	42.914912	0	14	37	乡镇
654027517400	团部	81.836200	43.218000	0	12	44	区县
654022207200	阔洪奇村	81.415882	43.759842	0	30	100	村庄
654002202201	科克其勒克村村委会	81.336093	43.875609	0	30	51	乡镇
654023204203	东湾村委会	80.854580	44.155821	0	30	72	村庄
654026206205	新乌松村民委员会	80.632036	42.832130	0	16	65	乡镇
654003201202	别列克齐村委会	85.196270	44.424060	0	25	47	乡镇
654028204201	喀什村	82.644230	43.784570	0	30	100	村庄
654022200204	伊车村	80.918890	43.824601	0	30	100	村庄
654026101203	别迭村民委员会	81.576474	42.580888	0	12	63	乡镇
654023103205	河巷村委会	80.968810	43.991635	0	16	38	乡镇
654002102203	界梁子村村委会	81.098316	43.939128	1	80	100	政府机构
654027100006	阔布居委会	81.814908	43.201967	0	18	66	乡镇
654028103207	农业村	83.001950	43.524830	0	30	100	村庄
654025405503	农二队	82.657658	43.292894	1	80	100	政府机构
654021201201	中吐鲁番于孜村委会	81.477171	43.996358	0	18	32	乡镇
654002003002	纳格尔其社区居委会	81.316041	43.905359	1	80	94	政府机构
654026402201	农业二队村委会	81.207734	43.217129	0	16	65	UNKNOWN
654021106207	克其克布拉克村委会	81.527299	43.977101	0	12	26	区县
654025512510	十一连	82.864625	43.503788	1	80	100	政府机构
654024104201	别斯沙拉村委会	82.402928	43.452641	0	16	33	乡镇
654025405508	马队	82.528185	43.105568	1	80	100	UNKNOWN
654025100206	玉什布拉克村委会	83.262889	43.418201	0	25	47	乡镇
654021205215	上愉群翁村委会	81.584814	43.889593	0	16	38	乡镇
654002009008	旭成社区	81.279653	43.937162	0	30	72	乡镇
654021101203	托海村委会	81.925437	43.819934	1	80	95	UNKNOWN
654002007016	文苑社区	81.331090	43.919920	1	80	97	政府机构
654024103205	公尚村委会	82.263590	43.457980	0	25	47	乡镇
654023508502	二连	81.261920	43.873799	0	30	100	UNKNOWN
654003003011	叶林桃居委会	84.903965	44.424545	1	80	95	政府机构
654025107202	铁勒喀拉村委会	83.524430	43.446110	0	30	58	UNKNOWN
654024204203	阔那塔木村委会	82.145790	43.470880	0	25	43	乡镇
654002004006	托特度康社区居委会	81.327943	43.900039	1	80	100	政府机构
654025200204	别斯托别村委会	83.269643	43.449922	1	80	100	政府机构
654021215203	吾日勒克村委会	81.654543	43.970323	0	16	38	乡镇
654021205203	拜什温村委会	81.589700	43.907242	0	30	58	村庄
654003003007	迎宾园居委会	84.903965	44.424545	1	80	97	政府机构
654023508514	十四连	80.878900	44.056000	0	14	46	区县
654021102205	托万克温村委会	81.672782	43.748881	0	16	33	乡镇
654025104204	音塔勒村委会	84.003920	43.328440	0	25	43	乡镇
654028402500	场部	82.511401	43.798799	0	10	62	区县
654025200212	喀木斯特村委会	83.262529	43.445071	0	25	47	乡镇
654021105201	阿勒台温村委会	81.551917	43.794909	0	18	35	乡镇
654021100003	西二区居委会	81.532539	43.975579	0	18	49	乡镇
654026208206	喀拉克米尔村民委员会	80.530301	42.556132	0	14	37	乡镇
654025103200	阿克其村委会	83.062870	43.419919	0	25	70	乡镇
654002402207	奶牛场八连	81.273510	43.868960	0	50	82	UNKNOWN
654025512506	七连	82.598589	43.479641	1	80	100	政府机构
654023403201	第二村委会	80.802856	44.092813	0	25	47	乡镇
654026513508	畜牧中心生活区	80.289913	42.573085	0	14	46	乡镇
654025204206	阿克科尔卡村委会	83.406572	43.578013	0	16	38	乡镇
654021501512	七十团十四连	81.529517	43.849734	0	18	40	乡镇
654022208202	琼布拉克村	81.337400	43.726721	0	30	100	村庄
654025105205	克热格塔斯村委会	82.952140	43.452190	0	25	47	乡镇
654021103204	阔坦塔木村委会	81.527299	43.977101	0	12	24	区县
654024101202	齐那尔村委会	81.766021	43.502925	0	16	38	乡镇
654002005011	红旗社区居委会	81.347232	43.893075	0	30	58	乡镇
654004505505	五连	80.558690	44.251551	0	60	87	UNKNOWN
654023509515	六十六团十五连	81.046999	43.950771	1	80	97	UNKNOWN
654024510504	五连	82.169259	43.575517	1	80	100	政府机构
654003002006	东轩苑居委会	84.964717	44.403979	0	18	49	乡镇
654022401203	牧业连	81.202302	43.830334	1	80	95	UNKNOWN
654002006001	阿恰勒社区居委会	81.352250	43.903041	1	80	95	政府机构
654021214202	库鲁斯台村委会	81.789081	43.982016	1	80	100	政府机构
654003005002	康泰园居委会	84.908712	44.404686	1	80	100	政府机构
654021501400	团部	81.529517	43.849734	0	18	66	乡镇
654024201200	阔克尔森村委会	82.549670	43.278101	0	25	43	乡镇
654022504508	十二连	81.505844	43.760320	1	80	100	UNKNOWN
654002001005	吾斯塘布依社区居委会	81.311891	43.922339	1	80	94	政府机构
654021213206	多浪村委会	81.836819	43.843592	0	18	66	乡镇
654003508500	一连	84.877899	44.481179	1	80	100	UNKNOWN
654025102201	哈拉西克村委会	83.766340	43.412119	0	25	47	乡镇
654023101209	城西三村委会	80.810406	44.179193	0	16	38	乡镇
654021104200	塔依尔于孜村委会	81.732009	43.680024	0	16	38	乡镇
654025101207	阿西勒村委会	83.325114	43.422413	1	80	100	政府机构
654028208205	吉仁台村	82.744910	43.832320	0	30	100	村庄
654024105200	阔克阿尕什村委会	81.950510	43.433996	0	16	38	乡镇
654002001013	清泉里社区	81.311891	43.922339	1	80	97	政府机构
654024100002	库里旦居委会	82.232228	43.487991	0	25	55	乡镇
654021107206	托提温村委会	81.936841	43.722229	0	30	58	村庄
654003508516	十七连	84.908883	44.498452	1	80	100	UNKNOWN
654002002003	玛勒巴扎社区居委会	81.314451	43.918049	1	80	94	政府机构
654024510400	团部	82.231700	43.482500	0	12	44	区县
654004506503	四连	80.435829	44.136331	1	80	100	UNKNOWN
654002005007	十号小区社区居委会	81.347232	43.893075	0	30	51	乡镇
654004200203	柳树渠村委会	80.420700	44.229199	0	14	46	区县
654003002010	乌尔迈克南居委会	84.964717	44.403979	0	18	40	乡镇
654025106203	克孜勒塔勒村委会	82.492450	43.358611	0	30	58	UNKNOWN
654025103001	塔勒德社区居民委员会	82.477045	43.263677	1	80	95	UNKNOWN
654023509503	六十六团三连	81.046999	43.950771	1	80	97	UNKNOWN
654004505513	园林三连	80.558690	44.251551	0	60	80	UNKNOWN
654024102204	阔克巴克村委会	82.839160	43.289161	0	25	47	UNKNOWN
654002008009	塔勒克社区居委会	81.318354	43.937690	1	80	100	政府机构
654023100009	阿扎克居委会	80.898485	44.095520	0	18	49	乡镇
654026101204	森木塔斯村民委员会	81.576474	42.580888	0	12	34	乡镇
654023103202	央不拉克村委会	80.968810	43.991635	0	16	33	乡镇
654027517515	六连	81.880203	43.185215	1	80	97	政府机构
654028103200	木斯村	83.127551	43.416364	0	30	100	村庄
654025405504	农三队	82.692839	43.431562	1	80	100	政府机构
654027100001	古勒巴格居委会	81.814908	43.201967	0	18	49	乡镇
654002102204	界梁子牧业村村委会	81.062983	43.970460	0	30	72	村庄
654023204204	牧业村	80.830630	44.143080	0	30	100	村庄
654026206202	霍图格尔村民委员会	80.632036	42.832130	0	16	38	乡镇
654002205202	阿热买里村村委会	81.429425	43.946395	1	80	100	政府机构
654028204206	库热村	82.676230	43.795990	0	30	100	村庄
654026513400	团部	81.131001	43.157299	0	12	44	区县
654022207207	阿尔墩村	81.399030	43.589401	0	30	100	村庄
654024400200	一队	82.201290	43.435850	0	30	100	UNKNOWN
654025200208	昂达斯村委会	83.262529	43.445071	0	25	43	乡镇
654024103209	克孜勒布拉克村委会	82.263590	43.457980	0	25	47	乡镇
654023200210	和平村委会	80.869279	44.051481	0	25	55	村庄
654002009004	芳草湖社区	81.277700	43.909401	0	14	46	区县
654023101004	城北社区	80.810406	44.179193	0	16	65	乡镇
654023104206	乔勒潘村委会	81.040629	44.210541	0	25	47	乡镇
654027102207	琼库什台村委会	82.101577	42.952157	0	14	29	乡镇
654022100201	安定村	81.146832	43.848761	0	18	66	乡镇
654026100004	老街社区居民委员会	81.119543	43.155071	0	30	51	乡镇
654003510002	毓秀里居委会	84.907963	44.440190	0	50	82	地产小区
654027101201	阿特恰比斯村委会	81.843690	43.142210	0	30	58	UNKNOWN
654025104208	喀拉苏村委会	84.003920	43.328440	0	25	70	乡镇
654023104210	农田村委会	81.040629	44.210541	0	25	70	乡镇
654022502501	一连	80.789229	43.547662	1	80	100	UNKNOWN
654023200206	光明村委会	80.858200	44.051141	0	30	72	村庄
654021401200	农一队	81.636090	43.764210	0	25	70	UNKNOWN
654023508518	十八连	80.728321	43.982119	1	80	100	UNKNOWN
654027102211	喀拉干德村委会	82.101577	42.952157	0	14	37	乡镇
654002201200	墩买里村村委会	81.250909	43.932320	0	18	66	村庄
654022204201	查干布拉克村	81.251140	43.805449	0	25	55	乡镇
654027517503	三连	81.932460	43.205687	1	80	100	UNKNOWN
654004401203	莫乎尔牧业村委会	80.658647	44.280187	0	16	47	UNKNOWN
654028207200	喀尔沃依村	82.702770	43.736660	0	30	100	村庄
654003508520	二十一连	85.050419	44.585246	0	14	64	乡镇
654026513504	四连	80.285559	42.733780	1	80	100	政府机构
654026102202	上克孜勒莫依纳克村民委员会	81.542494	43.037045	1	80	97	UNKNOWN
654022104203	阿克亚尔村	81.229939	43.570541	0	30	100	村庄
654002101202	下潘津村村委会	81.377414	43.974605	1	80	100	政府机构
654025406502	农一队	82.530030	43.507360	0	30	100	村庄
654022205200	米粮泉村	81.349400	43.832381	0	30	100	村庄
654023507507	十连	81.053749	43.921612	1	80	100	政府机构
654024510508	八连	82.064297	43.587250	1	80	100	政府机构
654023509519	六十六团十九连	81.046999	43.950771	1	80	97	UNKNOWN
654004505509	九连	80.558690	44.251551	0	60	87	UNKNOWN
654028201205	加林郭勒村	82.262520	43.925230	0	30	100	村庄
654026515501	一连	80.564578	43.017332	0	16	65	乡镇
654021400201	农二队	81.701039	43.887391	0	30	100	村庄
654026203201	莫音仓村民委员会	81.181390	42.829780	0	25	47	乡镇
654002008013	泰和社区	81.324390	43.938630	1	80	97	政府机构
654027100200	阿克塔斯牧业村委会	81.814908	43.201967	0	18	49	乡镇
654021209200	维吾尔玉其温村委会	81.822025	43.770119	0	18	35	乡镇
654021103208	盖买村委会	81.495715	43.900634	1	80	95	UNKNOWN
654026104207	阿克塔斯村民委员会	81.247300	43.334289	0	30	72	UNKNOWN
654025407503	一队	83.559293	43.422460	0	80	72	村庄
654002100203	三段村村委会	81.219555	43.963465	1	80	100	政府机构
654022105202	克其克博拉村	80.882360	43.525200	0	30	100	村庄
654026103203	阿亚克喀拉苏村民委员会	80.892138	42.803348	0	14	46	乡镇
654023101205	双沟三村委会	80.694719	44.161486	0	30	51	村庄
654004400202	喀拉奥依村委会	80.556925	44.543161	0	14	64	乡镇
654004002001	祥和社区	80.420700	44.229199	0	14	46	区县
654028206201	克令村	82.408590	43.808980	0	30	100	村庄
654002001009	丽园社区居委会	81.311891	43.922339	1	80	97	政府机构
654022504504	六连	81.408045	43.818307	1	80	100	政府机构
654002201001	二毛社区	81.250909	43.932320	0	18	66	村庄
654002204203	喀拉也尔村村委会	81.457426	43.882810	0	80	95	UNKNOWN
654027203204	查干萨依村委会	81.641300	42.963721	0	25	43	乡镇
654023101213	可克达拉农田村委会	80.810406	44.179193	0	16	47	乡镇
654026207203	阔斯托别村民委员会	80.897444	42.607373	0	14	46	乡镇
654023205205	新村委会	80.775310	44.320149	0	25	70	乡镇
654027104202	铁热克提村委会	82.169551	43.145978	0	16	38	乡镇
654002103205	新路村	81.277700	43.909401	0	14	37	区县
654025404505	农场四队	83.460900	43.510328	1	80	95	UNKNOWN
654028102201	兰干买里村	82.490620	43.797461	0	30	100	村庄
654023102203	别什阿尕什村委会	80.855970	44.238991	0	25	47	乡镇
654022101200	乌珠牛录村	80.795280	43.800261	0	30	100	村庄
654027103206	阿腾套牧业村委会	81.664550	43.204330	0	25	55	乡镇
654024402211	良繁队	82.274165	43.484900	1	80	100	政府机构
654023507511	十四连	80.878900	44.056000	0	14	46	区县
654023100005	朝北居委会	80.898485	44.095520	0	18	49	乡镇
654002008005	科切提扎尔勒克社区居委会	81.324390	43.938630	1	80	97	政府机构
654028202203	套乌拉斯台村	82.336280	43.922989	0	30	100	村庄
654023508522	二十二连	80.878900	44.056000	0	14	37	区县
654021501508	九连	81.529517	43.849734	0	18	66	乡镇
654022504400	团部	81.151400	43.840700	0	12	44	区县
654026516506	五连	80.849069	43.044270	0	16	65	乡镇
654028202202	胡吉尔台村	83.152920	43.813751	0	25	70	乡镇
654021501509	十连	81.517473	43.874408	1	80	100	政府机构
654023508523	霍尔果斯种子站生活区	80.420700	44.229199	0	14	46	区县
654022206207	苏阿苏村	81.535050	43.551651	0	30	100	村庄
654022101201	依拉齐牛录村	80.800647	43.800182	0	30	100	村庄
654027103207	苏阿苏牧业村委会	81.568729	43.257930	1	80	97	UNKNOWN
654023507510	十三连	80.878900	44.056000	0	14	46	区县
654028100006	第六社区	82.562959	43.772512	0	18	66	乡镇
654023100004	朝南居委会	80.898485	44.095520	0	18	66	乡镇
654002008004	解放路社区居委会	81.324390	43.938630	1	80	97	政府机构
654027101001	乔拉克铁热克居委会	81.788130	43.068230	0	30	72	UNKNOWN
654027104203	库木托别村委会	82.169551	43.145978	0	16	38	乡镇
654025404504	农场三队	83.460900	43.510328	1	80	95	UNKNOWN
654028208208	阿克塔斯村	82.748318	43.765252	0	30	100	村庄
654028102200	江阿买里村	82.511401	43.798799	0	10	33	区县
654023102202	四宫村委会	80.919571	44.274568	0	30	58	村庄
654027203205	萨尔阔布农业村委会	81.641300	42.963721	0	25	43	乡镇
654002204202	萨依托格拉克村	81.419857	43.861749	0	18	66	地产小区
654023101212	清水河村委会	80.810406	44.179193	0	16	65	乡镇
654026207202	达布呼尔村民委员会	80.897444	42.607373	0	14	46	乡镇
654023205204	麻子沟村委会	80.775310	44.320149	0	25	70	乡镇
654027200203	库热村委会	81.894460	43.228089	0	25	47	乡镇
654004400203	格干牧业村委会	80.556925	44.543161	0	14	46	乡镇
654028206200	黑山头村	82.142460	43.616750	0	30	100	村庄
654002001008	协尔克买里社区居委会	81.311891	43.922339	1	80	97	政府机构
654022504505	七连	81.512396	43.841516	1	80	100	政府机构
654028101206	阿尔斯郎村	83.152512	43.812509	0	50	82	UNKNOWN
654025407502	改良场	83.561183	43.423258	1	70	100	UNKNOWN
654002100202	墩巴扎村村委会	81.244720	43.970370	0	30	58	村庄
654022100001	果尔敏东街社区	81.146832	43.848761	0	18	49	乡镇
654022105203	墩买里村	80.994765	43.536487	0	30	72	村庄
654026103202	巴斯喀拉苏村民委员会	80.859712	42.856537	0	50	68	UNKNOWN
654023101204	双沟二村委会	80.694719	44.161486	0	30	51	村庄
654027100201	博斯坦农业村委会	81.840449	43.212696	0	50	68	UNKNOWN
654021209201	上阿山于孜村委会	81.821679	43.789341	0	30	58	UNKNOWN
654021103209	博孜村委会	81.395339	43.897024	1	80	100	政府机构
654022205201	克米其买里村	81.351990	43.855391	0	30	100	村庄
654023507506	六连	81.164270	43.900298	1	80	100	UNKNOWN
654004505508	八连	80.558690	44.251551	0	60	87	UNKNOWN
654023509518	六十六团十八连	81.046999	43.950771	1	80	97	UNKNOWN
654028201204	库孜巴斯村	82.221980	43.893459	0	30	100	村庄
654021400200	农一队	81.728942	43.902190	0	18	66	UNKNOWN
654022503501	一连	81.049167	43.842657	1	80	100	UNKNOWN
654026203200	萨尔阔布村民委员会	81.180538	42.832195	1	80	97	政府机构
654002008012	北苑新区社区	81.324390	43.938630	1	80	97	政府机构
654026102203	中克孜勒莫依纳克村民委员会	81.509380	43.018560	0	30	72	UNKNOWN
654022104202	上加尕斯台村	81.216001	43.565936	0	30	100	村庄
654002101203	英买里村村委会	81.409485	43.996813	0	18	66	乡镇
654025406503	农二队	82.657658	43.292894	1	80	100	政府机构
654027517502	二连	81.881462	43.189621	1	80	100	UNKNOWN
654004003001	索伦社区	80.420700	44.229199	0	14	37	区县
654004401202	卡拉巴克村委会	80.658647	44.280187	0	16	38	UNKNOWN
654026513505	五连	80.289913	42.573085	0	14	64	乡镇
654028207201	萨依博依村	82.630190	43.746329	0	30	100	村庄
654027201202	阿克仓村委会	81.980180	43.218900	0	25	43	乡镇
654023200207	梁三宫村委会	80.869279	44.051481	0	25	47	村庄
654026514501	一连	80.625423	42.789480	1	80	100	政府机构
654021401201	农二队	81.636090	43.764210	0	25	70	UNKNOWN
654023508519	十九连	80.656941	43.935176	1	80	100	UNKNOWN
654027102210	喀因德库什台村委会	82.101577	42.952157	0	14	29	乡镇
654002201201	发展乡村村委会	81.285200	43.910561	0	30	58	村庄
654022204200	扎库齐牛录村	81.248490	43.803869	0	30	100	村庄
654026100005	阿克乔克社区居民委员会	81.685600	42.946590	1	80	95	UNKNOWN
654021102208	木拉提村委会	81.672782	43.748881	0	16	38	乡镇
654003510003	天香里居委会	84.906720	44.434689	0	60	87	地产小区
654027101200	孟布拉克村委会	81.811070	43.170330	0	30	58	UNKNOWN
654025104209	阔尔布拉克村委会	84.003920	43.328440	0	25	47	乡镇
654024103208	琼艾依拉村委会	82.263590	43.457980	0	25	41	乡镇
654002009005	汉宾公园社区	81.255376	43.934184	0	50	100	旅游景点
654023101005	阳光社区	80.810406	44.179193	0	16	65	乡镇
654023104207	齐巴拉嘎西村委会	81.040629	44.210541	0	25	47	乡镇
654027102206	布里坎村委会	82.101577	42.952157	0	14	32	乡镇
654022100200	宁古齐牛录村	81.162297	43.835124	0	30	100	村庄
654023509522	六十六团二十二连	81.046999	43.950771	1	80	97	UNKNOWN
654024400201	二队	82.171581	43.457775	0	18	66	UNKNOWN
654026206203	达力图村民委员会	80.632036	42.832130	0	16	38	乡镇
654003201204	梧桐树村委会	85.196270	44.424060	0	25	70	乡镇
654022200202	舍里木克村	80.856685	43.833568	0	30	100	村庄
654028204207	奇仁托海村	82.643140	43.791200	0	25	70	乡镇
654023103203	新城村委会	80.909252	44.001580	0	30	72	村庄
654028103201	乌图村	82.511401	43.798799	0	10	43	区县
654025405505	农四队	82.511850	43.489359	0	30	100	村庄
654025106202	开买阿吾孜村委会	82.601639	43.373168	0	16	38	乡镇
654023509502	六十六团二连	81.046999	43.950771	1	80	97	UNKNOWN
654024102205	阔克塔力村委会	82.839160	43.289161	0	25	47	UNKNOWN
654021100203	墩买里村委会	81.532539	43.975579	0	18	66	乡镇
654002008008	六星街社区居委会	81.324390	43.938630	1	80	95	政府机构
654023100008	奇宁巴克居委会	80.898485	44.095520	0	18	40	乡镇
654003001001	风华里居委会	84.911320	44.432845	1	70	92	UNKNOWN
654021501505	六连	81.528358	43.848127	1	80	100	政府机构
654004506502	三连	80.453623	44.192920	1	80	100	UNKNOWN
654002005006	昆其买里社区居委会	81.347232	43.893075	0	30	51	乡镇
654004200202	赤哲尕善村委会	80.420700	44.229199	0	14	37	区县
654003508517	畜牧连	85.050419	44.585246	0	14	64	乡镇
654002002002	墩买里社区居委会	81.314451	43.918049	1	80	95	政府机构
654004505400	团部	80.420700	44.229199	0	14	64	区县
654025101206	阿克其村委会	83.280720	43.536790	0	25	70	乡镇
654028208204	乌兰布鲁克村	82.801400	43.830650	0	30	100	村庄
654002001012	西桥社区居委会	81.311891	43.922339	1	80	97	政府机构
654024105201	提克阿热克村委会	81.950510	43.433996	0	16	38	乡镇
654024100003	哈萨克买里居委会	82.224940	43.483430	0	30	72	村庄
654021107207	加尔苏村委会	81.527299	43.977101	0	12	44	区县
654003508501	二连	84.860600	44.531729	0	30	100	UNKNOWN
654024405598	林场虚拟生活区	82.231700	43.482500	0	12	44	区县
654025102200	沙哈吾特克勒村委会	83.698610	43.419580	0	30	58	UNKNOWN
654023101208	城西二村委会	80.810406	44.179193	0	16	38	乡镇
654021104201	下塔依尔于孜村委会	81.732009	43.680024	0	16	38	乡镇
654003005003	劲松园居委会	84.873722	44.401474	0	25	47	乡镇
654024201201	阿勒玛勒村委会	82.549670	43.278101	0	25	47	乡镇
654022504509	水管所生活区	81.428551	43.789390	1	80	97	政府机构
654002001004	阿合买提江路北社区居委会	81.311891	43.922339	1	80	93	政府机构
654023509514	六十六团十四连	81.046999	43.950771	1	80	97	UNKNOWN
654004505504	四连	80.558690	44.251551	0	60	87	UNKNOWN
654024510505	六连	82.127901	43.576977	1	80	100	政府机构
654003002007	东亭苑居委会	84.964717	44.403979	0	18	40	乡镇
654022401202	农三连	81.202302	43.830334	1	80	97	UNKNOWN
654021214203	哈萨克布力开村委会	81.866908	43.904086	1	80	95	UNKNOWN
654021501513	七十团十五连	81.529517	43.849734	0	18	40	乡镇
654022208203	切吉村	81.319620	43.731189	0	30	100	村庄
654025105204	洪土拜村委会	82.952140	43.452190	0	25	43	乡镇
654025100006	恰普河阿吾孜社区居民委员会	83.257634	43.436687	0	50	68	UNKNOWN
654021103205	博斯坦村委会	81.490730	43.923419	0	30	58	村庄
654002005010	塔合提云社区居委会	81.347232	43.893075	0	30	72	乡镇
654024101203	喀拉奥依村委会	81.766021	43.502925	0	16	65	乡镇
654021212206	下博尔博村松委会	81.939180	43.856031	0	25	43	村庄
654002402206	奶牛场七连	81.201140	43.905670	0	30	100	UNKNOWN
654025512507	八连	82.752018	43.484633	0	16	65	乡镇
654003004002	绿洲居委会	84.871510	44.432271	0	30	51	道路
654023403200	第一村委会	80.802856	44.092813	0	25	70	乡镇
654021105200	古库热提曼村委会	81.551917	43.794909	0	18	40	乡镇
654021100002	东一区居委会	81.532539	43.975579	0	18	49	乡镇
654026208207	阿克塔斯村民委员会	80.530301	42.556132	0	14	46	乡镇
654025103201	依尔肯德村委会	83.062870	43.419919	0	25	47	乡镇
654021102204	包尔其玉其温村委会	81.672782	43.748881	0	16	38	乡镇
654025104205	英加尔村委会	84.003920	43.328440	0	25	47	乡镇
654028402501	农业队	83.439759	43.734681	0	30	100	村庄
654025200213	铁勒哈拉村委会	83.262529	43.445071	0	25	55	乡镇
654021215202	尤喀克塔木村委会	81.654543	43.970323	0	16	33	乡镇
654002007001	艾兰木巴格社区居委会	81.327144	43.925332	1	80	100	政府机构
654021205202	托库孜塔拉村委会	81.584814	43.889593	0	16	33	乡镇
654003003006	阿乐腾肯特居委会	84.903965	44.424545	1	80	95	政府机构
654023508515	十五连	80.878900	44.056000	0	14	46	区县
654024204202	英塔木村委会	82.044817	43.541158	1	80	100	政府机构
654002004007	博斯坦社区居委会	81.324480	43.912420	1	80	97	政府机构
654025200205	喀拉哈西特村委会	83.262529	43.445071	0	25	41	乡镇
654028518501	二连	83.220053	43.698652	0	14	64	乡镇
654002009009	福安社区	81.277700	43.909401	0	14	37	区县
654021205214	下阿不拉什村委会	81.527299	43.977101	0	12	26	区县
654021101202	阿孜尕勒村委会	81.884639	43.815966	0	20	36	乡镇
654024103204	大营盘村委会	82.271310	43.476559	0	30	72	村庄
654002007017	中苑社区	81.331090	43.919920	1	80	97	政府机构
654023508503	三连	80.656091	44.159452	1	80	100	UNKNOWN
654025107203	塔克尔布拉克村委会	83.522390	43.425070	0	25	47	乡镇
654003003010	西华园居委会	84.903965	44.424545	1	80	95	政府机构
654025102001	红星社区	83.766340	43.412119	0	25	70	乡镇
654025403598	公安农场虚拟生活区	82.754678	43.444264	1	80	95	UNKNOWN
654021106206	艾西热普村委会	81.527299	43.977101	0	12	24	区县
654025512511	十二连	82.826891	43.520129	1	80	100	UNKNOWN
654024104200	阿尕尔森村委会	82.402928	43.452641	0	16	38	乡镇
654026516208	九连	80.849069	43.044270	0	16	65	乡镇
654025405509	吉尔格朗队	83.260599	43.429801	0	12	29	区县
654021201200	上吐鲁番于孜村委会	81.477171	43.996358	0	18	32	乡镇
654025511501	一连	83.348600	43.459900	1	80	100	政府机构
654002003003	巴依阔恰社区居委会	81.316041	43.905359	1	80	97	政府机构
654026402200	农业一队村委会	81.207734	43.217129	0	16	65	UNKNOWN
654024102206	阿热勒村委会	82.679740	43.277600	0	25	70	乡镇
654002006015	民生小区社区居委会	81.352250	43.903041	1	80	95	政府机构
654021100200	和田买里村委会	81.532539	43.975579	0	18	35	乡镇
654023509501	六十六团一连	81.037887	43.952854	1	80	100	UNKNOWN
654027103208	吾尔塔米斯牧业村委会	81.500806	43.223066	1	80	97	UNKNOWN
654025106201	昆托别村委会	82.596960	43.464231	0	30	58	UNKNOWN
654004200201	伊车嘎善村委会	80.420700	44.229199	0	14	29	区县
654002005005	都来提巴格社区居委会	81.347232	43.893075	0	30	72	乡镇
654021501506	七连	81.512396	43.841516	1	80	100	政府机构
654004506501	一连	80.451091	44.167318	1	80	100	UNKNOWN
654026516509	十连	80.849069	43.044270	0	16	65	乡镇
654003001002	龙溪里居委会	84.899012	44.430039	0	40	51	乡镇
654002002001	友好街社区居委会	81.314451	43.918049	1	80	95	政府机构
654003508514	十五连	85.041544	44.455480	1	80	100	UNKNOWN
654002001011	十户街社区居委会	81.311891	43.922339	1	80	95	政府机构
654024105202	小莫因古则尔村委会	81.950510	43.433996	0	16	33	乡镇
654021107204	拜石墩村委会	81.527299	43.977101	0	12	34	区县
654028208207	直属村	82.705010	43.793840	0	25	70	乡镇
654021104202	其格勒克麻扎村委会	81.740730	43.646179	0	30	72	村庄
654025107001	阿勒玛勒社区居民委员会	83.522390	43.425070	0	25	47	乡镇
654025102203	喀拉布拉克村委会	83.801374	43.431354	1	80	95	UNKNOWN
654003508502	三连	84.913411	44.463774	1	80	100	UNKNOWN
654021213204	伊地力于孜村委会	81.759588	43.823525	1	80	95	UNKNOWN
654002001007	斯大林街社区居委会	81.311891	43.922339	1	80	97	政府机构
654024201202	喀拉吐木斯克村委会	82.231700	43.482500	0	12	24	区县
654023402202	牧业村委会	80.938620	44.316850	0	25	70	UNKNOWN
654022401201	农二连	81.202302	43.830334	1	80	95	UNKNOWN
654021214200	阿乌利亚村委会	81.695750	43.931710	0	25	47	乡镇
654002006003	团结社区居委会	81.352250	43.903041	1	80	97	政府机构
654021204200	萨地克于孜村委会	81.544072	43.922609	0	25	47	乡镇
654024510506	七连	82.042259	43.581771	1	80	100	政府机构
654023507509	十二连	81.015192	43.961365	1	80	100	政府机构
654003002004	湖兰布拉克居委会	84.964717	44.403979	0	18	66	乡镇
654023509517	六十六团十七连	81.046999	43.950771	1	80	97	UNKNOWN
654004505507	七连	80.558690	44.251551	0	60	87	UNKNOWN
654021103206	他郡村委会	81.505510	43.919300	0	30	58	UNKNOWN
654024101200	旱田村委会	81.766021	43.502925	0	16	65	乡镇
654026104209	乌鲁昆盖村民委员会	81.131001	43.157299	0	12	29	区县
654025100005	东城社区居民委员会	83.262889	43.418201	0	25	47	乡镇
654022208200	海努克村	81.316702	43.726456	0	30	100	村庄
654025204204	哈拉苏村委会	83.406572	43.578013	0	16	38	乡镇
654003004001	金波园居委会	84.888080	44.427051	1	80	95	地产小区
654023403203	第四村委会	80.802856	44.092813	0	25	47	乡镇
654021202205	奥依曼布拉克村委会	81.476220	44.057610	0	25	47	乡镇
654021212205	上博尔博松村委会	81.985310	43.988540	0	30	58	UNKNOWN
654002402205	奶牛场六连	81.157570	43.898311	0	30	100	UNKNOWN
654025512504	四连	82.752018	43.484633	0	16	65	乡镇
654025103202	塔勒德村委会	83.062870	43.419919	0	25	47	乡镇
654026208204	阔斯托别村民委员会	80.530301	42.556132	0	14	46	乡镇
654021105203	托万克村委会	81.551917	43.794909	0	18	40	乡镇
654021100001	西一区居委会	81.532539	43.975579	0	18	49	乡镇
654025200210	阿什勒布拉克村委会	83.262529	43.445071	0	25	47	乡镇
654028402502	牧一队	82.840275	43.534733	1	80	100	政府机构
654021102207	托万克塔木村委会	81.672782	43.748881	0	16	33	乡镇
654023508516	十六连	80.668123	43.961338	1	80	100	UNKNOWN
654003003005	怡沁里居委会	84.903965	44.424545	1	80	95	政府机构
654021205201	托乎其于孜村委会	81.584814	43.889593	0	16	38	乡镇
654025102501	良繁场	83.376674	43.474309	1	80	100	UNKNOWN
654023200208	其宁巴克村委会	80.869279	44.051481	0	25	43	村庄
654021215201	赛买里村委会	81.654543	43.970323	0	16	38	乡镇
654002007002	巴依库勒社区居委会	81.331090	43.919920	1	80	95	政府机构
654025512400	团部	82.969180	43.451311	1	80	100	UNKNOWN
654025104210	恰勒阔德村委会	84.003920	43.328440	0	25	47	乡镇
654025200206	别斯托别新村委会	83.262529	43.445071	0	25	55	乡镇
654002004004	阿依墩社区居委会	81.324480	43.912420	1	80	95	政府机构
654024204201	巴哈拜村委会	82.145790	43.470880	0	25	43	乡镇
654025107200	阿勒玛勒村委会	83.522390	43.425070	0	25	47	乡镇
654027102209	喀布萨朗村委会	82.101577	42.952157	0	14	37	乡镇
654021101201	阿热买里村委会	81.884639	43.815966	0	20	67	乡镇
654024103207	莫因古则村委会	82.263590	43.457980	0	25	47	乡镇
654002007014	萨依买里社区居委会	81.331090	43.919920	1	80	95	政府机构
654023104208	上莫家庄子村委会	81.040629	44.210541	0	25	41	乡镇
654028518502	三连	83.220053	43.698652	0	14	64	乡镇
654025100204	库尔赛村委会	83.262889	43.418201	0	25	43	乡镇
654021106205	英阿瓦提村委会	81.527299	43.977101	0	12	34	区县
654025512512	十三连	82.947063	43.477319	1	80	100	政府机构
654024104203	达尔特村委会	82.402928	43.452641	0	16	38	乡镇
654026402203	农业四队村委会	81.196901	43.148067	1	80	95	政府机构
654028204208	于许吐别村	82.643140	43.791200	0	25	70	乡镇
654025511502	二连	83.322139	43.478587	1	80	100	政府机构
654021201203	克伯克于孜村委会	81.477171	43.996358	0	18	32	乡镇
654002005009	果园街社区居委会	81.332881	43.896798	1	80	100	政府机构
654022206204	杏花村	81.544320	43.687140	0	25	70	村庄
654026516505	六连	80.849069	43.044270	0	16	65	乡镇
654028202201	库斯仁村	83.152920	43.813751	0	25	70	乡镇
654023508520	二十连	80.699811	43.970578	1	80	100	UNKNOWN
654024401203	新农二队	82.361721	43.486508	0	25	55	乡镇
654023100007	拜什克来木居委会	80.898485	44.095520	0	18	66	乡镇
654002008007	赛里木社区居委会	81.309097	43.937660	1	80	100	政府机构
654023507513	十六连	80.671545	43.963579	1	80	100	政府机构
654028100005	第五社区	82.562959	43.772512	0	18	66	乡镇
654022101202	安巴帖村	81.151400	43.840700	0	12	29	区县
654024402213	牛队	82.313292	43.539482	0	18	66	UNKNOWN
654027103204	巴喀勒克村委会	81.836200	43.218000	0	12	26	区县
654023102201	元宝山村委会	80.855970	44.238991	0	25	70	乡镇
654028102203	阔勒迭能阔切村	82.524400	43.838479	0	30	100	村庄
654026403598	林场虚拟第一村	80.910250	42.921110	1	75	92	UNKNOWN
654027101002	齐巴尔托布里格居委会	81.776454	43.098252	1	80	100	政府机构
654002103207	下诺改图村	81.277700	43.909401	0	14	29	区县
654027104200	阿克卓勒村委会	82.169551	43.145978	0	16	38	乡镇
654026207201	新尼孙下村民委员会	80.897444	42.607373	0	14	64	乡镇
654023101211	清泉村委会	80.810406	44.179193	0	16	65	乡镇
654027203206	阿克乔克牧业村委会	81.685600	42.946590	1	80	97	UNKNOWN
654002204201	托格拉克村村委会	81.419857	43.861749	0	18	66	地产小区
654003508518	十八连	85.056807	44.495354	1	80	100	UNKNOWN
654022504506	九连	81.393926	43.840471	1	80	100	政府机构
654004002003	亚欧社区	80.420700	44.229199	0	14	46	区县
654004400200	库鲁斯村委会	80.556925	44.543161	0	14	37	乡镇
654028206203	克孜勒吐木斯克村	82.356710	43.808761	0	25	70	村庄
654027200200	多勒肯村委会	81.894460	43.228089	0	25	47	乡镇
654026103201	塔斯阿尔纳村民委员会	80.892138	42.803348	0	14	37	乡镇
654023101207	城西一村委会	80.810406	44.179193	0	16	38	乡镇
654002100201	巴彦岱村村委会	81.254547	43.959503	0	30	58	村庄
654022100002	果尔敏西街社区	81.144264	43.837452	0	50	100	道路
654022105200	琼博拉村	80.994765	43.536487	0	30	100	村庄
654028101205	直属村	83.152512	43.812509	0	50	100	UNKNOWN
654026104205	开斯克村民委员会	81.065805	43.039087	0	50	82	UNKNOWN
654023103001	金梁子居委会	80.968810	43.991635	0	16	47	乡镇
654021209202	阿山于孜村委会	81.821679	43.789341	0	30	58	UNKNOWN
654027100202	霍斯库勒农业村委会	81.814908	43.201967	0	18	35	乡镇
654022102204	切提布拉克村	81.055889	43.813314	0	30	100	村庄
654002008011	欧尔曼社区	81.324390	43.938630	1	80	97	政府机构
654022503502	二连	81.010604	43.873462	1	80	100	UNKNOWN
654026203203	克尔托干村民委员会	81.234380	42.862120	0	30	72	UNKNOWN
654024402205	良种牛队	82.298435	43.521214	1	80	100	政府机构
654026515503	三连	80.750320	42.988361	0	30	100	UNKNOWN
654028201207	吐普辛村	82.165740	43.965210	0	30	100	村庄
654021400203	农四队	81.730254	43.872755	1	80	100	政府机构
654003002008	苏瓦特居委会	84.964717	44.403979	0	18	66	乡镇
654022205202	阿顿巴村	81.322550	43.862470	0	30	100	村庄
654023507505	五连	80.963247	43.932710	1	80	100	政府机构
654022104201	加尕斯台村	81.229280	43.586631	0	30	100	村庄
654002101200	潘津村村委会	81.414513	43.999042	1	80	100	政府机构
654027405598	林场虚拟生活区	81.957906	43.214741	1	80	95	UNKNOWN
654026102200	阿克达拉村民委员会	81.365841	43.059470	0	16	47	乡镇
654002203004	景苑社区	81.427212	43.898443	0	18	66	乡镇
654027201201	提克卓勒村委会	81.980180	43.218900	0	25	47	乡镇
654025405510	阿拉善队	83.260599	43.429801	0	12	34	区县
654004401201	赛克散于孜村委会	80.658647	44.280187	0	16	33	UNKNOWN
654004003002	可克达拉社区	80.420700	44.229199	0	14	37	区县
654026513506	六连	80.289913	42.573085	0	14	64	乡镇
654028207202	塔斯卓勒村	82.639240	43.746489	0	30	100	村庄
654025512508	九连	82.752018	43.484633	0	16	65	乡镇
654027517501	一连	81.907826	43.183126	1	80	100	UNKNOWN
654002201202	巴什库瑞克村村委会	81.250909	43.932320	0	18	35	村庄
654003003009	穗丰园居委会	84.903965	44.424545	1	80	97	政府机构
654022204203	铁尔曼布拉克村	81.259840	43.805319	0	30	100	村庄
654026514502	二连	80.663573	42.769017	1	80	100	政府机构
654021401202	农三队	81.630522	43.772312	1	80	100	政府机构
654024403204	农三队	82.223901	43.471422	1	80	97	UNKNOWN
654022502503	三连	80.699667	43.746865	1	80	100	UNKNOWN
654023200204	新荣村委会	80.852310	44.050790	0	30	72	村庄
654002009010	金茂社区	81.277700	43.909401	0	14	37	区县
654027101203	乔拉克铁热克村委会	81.786667	43.068581	1	80	100	政府机构
654027102205	加郎村委会	82.101577	42.952157	0	14	64	乡镇
654002009006	宁远社区	81.277700	43.909401	0	14	37	区县
654023104204	巴依地响村委会	81.040339	44.210890	1	80	93	政府机构
654002007018	北大营社区	81.331090	43.919920	1	80	97	政府机构
654023509521	六十六团二十一连	81.046999	43.950771	1	80	97	UNKNOWN
654024400202	三队	82.192259	43.439641	0	30	100	UNKNOWN
654022207205	吾日勒克村	81.416060	43.756610	0	25	70	乡镇
654002202204	吉格代力克村村委会	81.336093	43.875609	0	30	72	乡镇
654002004008	光明街社区居委会	81.324480	43.912420	1	80	97	政府机构
654026201204	加尔买里村民委员会	81.430680	43.152229	0	25	70	乡镇
654028204204	吉仁台村	82.643140	43.791200	0	25	70	乡镇
654022200201	佛营村	80.921439	43.838901	0	30	100	村庄
654002205200	团结村村委会	81.326520	43.995840	0	30	58	村庄
654026206200	塔什尔纳村民委员会	80.632036	42.832130	0	16	65	乡镇
654027100003	霍斯库勒居委会	81.814908	43.201967	0	18	66	乡镇
654028103202	洪尔阿德尔村	82.817400	43.547129	0	30	100	村庄
654025405506	羊队	82.653970	43.432050	0	30	100	UNKNOWN
654022404598	林场虚拟（场机关）	81.151400	43.840700	0	12	44	区县
654023103200	湟渠村委会	80.968810	43.991635	0	16	38	乡镇
654026516207	八连	80.728107	42.990079	1	80	100	政府机构
654027100002	博斯坦居委会	81.836282	43.208819	1	80	100	政府机构
654028103203	兴富村	82.855890	43.520990	0	30	100	村庄
654025405507	牛队	82.674750	43.442850	0	30	100	UNKNOWN
654002401598	伊宁市园艺场虚拟生活区	81.425713	43.974852	1	80	95	旅游景点
654023103201	老城村委会	80.968810	43.991635	0	16	65	乡镇
654028204205	墩买里村	82.700340	43.811329	0	30	100	村庄
654022200200	堆齐牛录村	80.857447	43.835551	0	30	100	村庄
654002205201	克伯克圩孜村村委会	81.277700	43.909401	0	14	25	区县
654026206201	察汗乌苏下村民委员会	80.756930	42.793030	0	30	72	UNKNOWN
654023509520	六十六团二十连	81.046999	43.950771	1	80	97	UNKNOWN
654024400203	四队	82.206820	43.433769	0	30	100	UNKNOWN
654022207204	琼塔木村	81.390770	43.554490	0	30	100	村庄
654002202205	英买里村村委会	81.336093	43.875609	0	30	72	乡镇
654026201205	赛克散村民委员会	81.430680	43.152229	0	25	55	乡镇
654027102204	翁库尔塔斯村委会	82.101577	42.952157	0	14	32	乡镇
654002100001	新桥社区居委会	81.248519	43.964902	1	80	100	政府机构
654022100202	乌宗布拉克农村社区	81.146832	43.848761	0	18	49	乡镇
654002009007	佳和社区	81.279653	43.937162	0	30	72	乡镇
654023104205	开力木库勒村委会	81.040629	44.210541	0	25	43	乡镇
654027101202	阿克塔木村委会	81.865807	42.914912	0	14	64	乡镇
654003510001	夏哈拉居委会	84.914858	44.441331	0	50	82	UNKNOWN
654002201203	汉宾村村委会	81.249790	43.935219	0	30	58	村庄
654022204202	寨牛录村	81.302870	43.800240	0	30	100	村庄
654003003008	同济里居委会	84.903965	44.424545	1	80	97	政府机构
654026514503	三连	80.644159	42.743659	1	80	100	政府机构
654021401203	农四队	81.653113	43.789236	1	80	100	政府机构
654022502502	二连	80.717008	43.814950	1	80	100	UNKNOWN
654023200205	文化村委会	80.857440	44.055591	0	30	72	村庄
654002009011	火车站社区	81.279653	43.937162	0	30	72	乡镇
654027201200	阔克苏村委会	81.980180	43.218900	0	25	47	乡镇
654004401200	阿不都瓦依提村委会	80.658647	44.280187	0	16	38	UNKNOWN
654004003003	红桥社区	80.420700	44.229199	0	14	37	区县
654028207203	阔克托干村	82.640130	43.755179	0	30	100	村庄
654026513507	林场	80.289913	42.573085	0	14	64	乡镇
654025512509	十连	82.919993	43.465682	1	80	100	政府机构
654025406501	台勒哈拉牧场	83.260599	43.429801	0	12	46	区县
654022104200	下加尕斯台村	81.242132	43.602703	0	30	100	村庄
654002101201	中潘津村村委会	81.409485	43.996813	0	18	35	乡镇
654026102201	阔图尔海村民委员会	81.365841	43.059470	0	16	65	乡镇
654002008010	萨孜勒克社区	81.324390	43.938630	1	80	97	政府机构
654022503503	三连	81.019567	43.864208	1	80	100	UNKNOWN
654026203202	阔额尔墩村民委员会	81.181390	42.829780	0	25	47	乡镇
654024402204	农田五队	82.286157	43.505737	1	80	100	政府机构
654025108204	坎苏新村委会	83.780295	43.319963	0	14	46	乡镇
654028201206	加尔托汗村	82.195990	43.860711	0	25	55	乡镇
654026515502	二连	80.564578	43.017332	0	16	65	乡镇
654021400202	农三队	81.723510	43.873090	1	80	100	政府机构
654003002009	火车东站居委会	84.964717	44.403979	0	18	40	乡镇
654023507504	四连	81.003910	43.920030	0	30	100	UNKNOWN
654026104204	喀拉苏村民委员会	80.859712	42.856537	0	50	82	UNKNOWN
654021209203	阿同村委会	81.822025	43.770119	0	18	40	乡镇
654027100203	古勒巴格农业村委会	81.814908	43.201967	0	18	35	乡镇
654026103200	巴尔格勒津村民委员会	80.859712	42.856537	0	50	65	UNKNOWN
654027404598	军马场虚拟生活区	81.836200	43.218000	0	12	29	区县
654023101206	西卡子村委会	80.810406	44.179193	0	16	47	乡镇
654002100200	新村村委会	81.214343	43.938768	1	80	100	政府机构
654022100003	查鲁西街社区	81.146832	43.848761	0	18	66	乡镇
654022105201	索墩布拉克村	80.994765	43.536487	0	30	100	村庄
654028101204	阔克铁热烈村	83.152512	43.812509	0	50	68	UNKNOWN
654026516400	团部	81.131001	43.157299	0	12	44	区县
654022504507	十一连	81.468437	43.774188	1	80	100	政府机构
654004002002	丝路社区	80.420700	44.229199	0	14	46	区县
654004400201	开干村委会	80.556925	44.543161	0	14	37	乡镇
654028206202	阔依塔斯村	82.207081	43.746660	0	30	100	村庄
654027200201	呼吉尔特村委会	81.894460	43.228089	0	25	70	乡镇
654026207200	新尼孙上村民委员会	80.897444	42.607373	0	14	37	乡镇
654023507400	团部	80.878900	44.056000	0	14	46	区县
654023205206	阿克加子村委会	80.775310	44.320149	0	25	47	乡镇
654023101210	农科站村委会	80.810406	44.179193	0	16	65	乡镇
654002204200	上托格拉克村村委会	81.441393	43.856527	1	80	100	政府机构
654027203207	齐巴尔塔勒村委会	81.641300	42.963721	0	25	43	乡镇
654003508519	十九连	85.050419	44.585246	0	14	64	乡镇
654023102200	长山梁子村委会	80.855970	44.238991	0	25	47	乡镇
654025404506	农场五队	83.460900	43.510328	1	80	95	UNKNOWN
654025101208	阔克英村委会	83.280720	43.536790	0	25	43	乡镇
654028102202	吐尔克买里村	82.497529	43.815217	0	30	100	村庄
654027101003	克孜勒布拉克居委会	81.865807	42.914912	0	14	46	乡镇
654027104201	喀拉托海村委会	82.169551	43.145978	0	16	38	乡镇
654002103206	上诺改图村	81.277700	43.909401	0	14	32	区县
654023100006	新荣居委会	80.898485	44.095520	0	18	49	乡镇
654002008006	玉奇代尔瓦扎社区居委会	81.324390	43.938630	1	80	94	政府机构
654023507512	十五连	80.878900	44.056000	0	14	46	区县
654028100004	第四社区	82.562959	43.772512	0	18	66	乡镇
654022101203	纳旦芒坎村	80.794180	43.797930	0	30	100	村庄
654027103205	喀默斯提布拉克村委会	81.836200	43.218000	0	12	34	区县
654024402212	巴本库热队	82.313292	43.539482	0	18	49	UNKNOWN
654002005008	吉格代勒克社区居委会	81.339679	43.898233	1	80	100	政府机构
654002203204	东梁村村委会	81.363199	43.916840	1	80	100	政府机构
654022206205	阿勒玛勒村	81.541560	43.680370	0	30	100	村庄
654028202200	加哈乌拉斯台村	83.162450	43.812490	0	30	100	村庄
654026516504	四连	80.849069	43.044270	0	16	65	乡镇
654023508521	二十一连	80.878900	44.056000	0	14	37	区县
654026402202	农业三队村委会	81.207734	43.217129	0	16	65	UNKNOWN
654028204209	托普村	82.644590	43.791970	0	30	100	村庄
654025511503	三连	83.288624	43.490633	1	80	100	政府机构
654002003001	伊犁河路社区居委会	81.316041	43.905359	1	80	97	政府机构
654021201202	下吐鲁番于孜村委会	81.527299	43.977101	0	12	24	区县
654021106204	下十三户村委会	81.527299	43.977101	0	12	24	区县
654025512513	十四连	82.976167	43.482101	1	80	100	政府机构
654024104202	阔斯阿尕什村委会	82.402928	43.452641	0	16	65	乡镇
654025107201	吾瑞克特阿热勒村委会	83.522390	43.425070	0	25	47	乡镇
654023508501	一连	80.878900	44.056000	0	14	46	区县
654027102208	喀拉峻村委会	82.101577	42.952157	0	14	37	乡镇
654021101200	墩麻扎村委会	81.874540	43.820101	0	30	72	村庄
654002007015	麦吉农塔勒社区	81.331090	43.919920	1	80	94	政府机构
654024103206	克热森布拉克村委会	82.293390	43.403551	0	30	58	UNKNOWN
654023104209	下莫家庄子村委会	81.040629	44.210541	0	25	41	乡镇
654028518503	五连	83.220053	43.698652	0	14	64	乡镇
654021205216	下愉群翁村委会	81.527299	43.977101	0	12	29	区县
654025104211	拜依盖托别村委会	84.003920	43.328440	0	25	47	乡镇
654022207208	库木墩村	81.416060	43.756610	0	25	70	乡镇
654025200207	巴特巴克特村委会	83.262529	43.445071	0	25	43	乡镇
654024204200	克孜勒尤勒吐孜村委会	82.145790	43.470880	0	25	41	乡镇
654023508517	十七连	80.686921	44.014050	1	80	100	UNKNOWN
654003003004	阿克塔木居委会	84.903965	44.424545	1	80	97	政府机构
654002007003	托乎勒科瑞克社区居委会	81.330980	43.920470	1	80	97	政府机构
654024103210	巴格塆村委会	82.231700	43.482500	0	12	26	区县
654023200209	阳光村委会	80.865254	44.049874	0	30	72	村庄
654021215200	曲鲁海村委会	81.669559	43.958444	1	80	95	政府机构
654025200211	喀拉奥依新村委会	83.262529	43.445071	0	25	55	乡镇
654025104207	阿尔善村委会	84.003920	43.328440	0	25	47	乡镇
654028402503	牧二队	82.511401	43.798799	0	10	43	区县
654024100200	塔什干巴依萨孜村委会	82.232228	43.487991	0	25	41	乡镇
654021102206	夏合勒克塔木村委会	81.646490	43.705841	0	30	58	村庄
654025106001	苹果社区居民委员会	82.601639	43.373168	0	16	38	乡镇
654025103203	切格尔布拉克村委会	82.974359	43.433568	1	80	95	UNKNOWN
654026208205	喀拉布拉克村民委员会	80.530301	42.556132	0	14	46	乡镇
654021105202	依孜别克塔木村委会	81.551917	43.794909	0	18	32	乡镇
654023403202	第三村委会	80.802856	44.092813	0	25	47	乡镇
654021202204	潘津布拉克村委会	81.476220	44.057610	0	25	43	乡镇
654002402204	奶牛场五连	81.178900	43.902420	0	30	100	UNKNOWN
654021212204	塔尔村委会	81.939180	43.856031	0	25	47	村庄
654025512505	六连	82.847618	43.488273	1	80	100	政府机构
654021103207	下他郡村委会	81.505510	43.919300	0	30	58	UNKNOWN
654024101201	阿克加孜克村委会	81.755511	43.510120	0	30	58	村庄
654002005012	托甫其买里社区居委会	81.347232	43.893075	0	30	72	乡镇
654026104208	赛克散村民委员会	81.131001	43.157299	0	12	29	区县
654025105206	塔斯库买村委会	82.952140	43.452190	0	25	43	乡镇
654025100004	新源县天山街社区	83.253200	43.437251	0	40	100	道路
654021501511	十二连	81.529517	43.849734	0	18	66	乡镇
654022208201	阿热吾斯塘村	81.317560	43.732559	0	30	100	村庄
654022401200	农一连	81.202302	43.830334	1	80	95	UNKNOWN
654002006002	东梁社区居委会	81.352250	43.903041	1	80	95	政府机构
654021214201	克孜勒布拉克村委会	81.708958	44.038969	1	80	95	UNKNOWN
654021204201	下萨地克于孜村委会	81.527299	43.977101	0	12	34	区县
654024510507	四连	82.103703	43.565466	1	80	100	政府机构
654023507508	十一连	80.984273	43.872943	1	80	100	政府机构
654003002005	东晖苑居委会	84.964717	44.403979	0	18	40	乡镇
654024402208	马队	82.313292	43.539482	0	18	66	UNKNOWN
654004505506	六连	80.558690	44.251551	0	60	87	UNKNOWN
654023509516	六十六团十六连	81.046999	43.950771	1	80	97	UNKNOWN
654002001006	英买里社区居委会	81.311891	43.922339	1	80	97	政府机构
654021213205	维吾尔布力开村委会	81.866908	43.904086	1	80	95	UNKNOWN
654024201203	阔克加孜克村委会	82.549670	43.278101	0	25	47	乡镇
654023402203	农业村委会	80.938620	44.316850	0	25	47	UNKNOWN
654003005001	居安园居委会	84.887990	44.405601	0	60	87	地产小区
654021104203	喀勒其塔木村委会	81.777979	43.637346	1	80	100	政府机构
654025102202	喀拉苏村委会	83.766340	43.412119	0	25	70	乡镇
654003508503	四连	84.935755	44.454200	1	80	100	UNKNOWN
654024105203	萨尔布群村委会	81.943970	43.474341	0	30	58	UNKNOWN
654002001010	利群社区居委会	81.311891	43.922339	1	80	97	政府机构
654024100001	大营盘居委会	82.232228	43.487991	0	25	55	乡镇
654021107205	其巴尔吐别克村委会	81.527299	43.977101	0	12	24	区县
654028208206	索孜木特村	82.705010	43.793840	0	25	47	乡镇
654003508515	十六连	85.050419	44.585246	0	14	64	乡镇
654004200200	加尔苏村委会	80.420700	44.229199	0	14	46	区县
654002005004	托特科瑞克社区居委会	81.347232	43.893075	0	30	51	乡镇
654021501507	八连	81.529517	43.849734	0	18	66	乡镇
654003001003	芙蓉里东居委会	84.918164	44.427022	0	50	73	地产小区
654022206209	阿拉尔村	81.544320	43.687140	0	25	70	村庄
654021100201	吉里于孜村委会	81.532539	43.975579	0	18	35	乡镇
654004505510	十连	80.558690	44.251551	0	60	87	UNKNOWN
654025106200	喀拉布拉村委会	82.612550	43.455401	0	30	58	UNKNOWN
654026516503	三连	80.750320	42.988361	0	30	100	UNKNOWN
654024401205	羊二队	82.231700	43.482500	0	12	44	区县
654002203203	花果山村村委会	81.427212	43.898443	0	18	66	乡镇
654003001008	金桥里居委会	84.898804	44.427096	0	50	82	地产小区
654022206202	库勒特克其村	81.544320	43.687140	0	25	47	村庄
654023100001	东关居委会	80.898485	44.095520	0	18	66	乡镇
654002008001	巴什科瑞克社区居委会	81.308229	43.942910	1	80	100	政府机构
654022503512	十三连	80.876671	43.878272	1	80	100	UNKNOWN
654027103202	科博村委会	81.736048	43.160604	1	80	95	UNKNOWN
654028100003	第三社区	82.562959	43.772512	0	18	66	乡镇
654023102207	敦买里村委会	80.855970	44.238991	0	25	43	乡镇
654026100201	库尔吾泽克村民委员会	81.119543	43.155071	0	30	58	乡镇
654002103201	乌拉斯台村村委会	81.277700	43.909401	0	14	37	区县
654027104206	达根别里牧业村委会	82.169551	43.145978	0	16	38	乡镇
654025404501	吐尔根农场	83.460900	43.510328	1	80	100	UNKNOWN
654028102205	什布克其村	82.470860	43.809100	0	30	100	村庄
654026207207	别斯喀拉盖村民委员会	80.897444	42.607373	0	14	64	乡镇
654023205201	上村委会	80.775310	44.320149	0	25	70	乡镇
654004001003	沙彦社区	80.420700	44.229199	0	14	46	区县
654024406201	牧业队	82.771229	43.264612	1	80	97	UNKNOWN
654022503400	团部	81.151400	43.840700	0	12	44	区县
654027203200	玛热勒塔斯村委会	81.641300	42.963721	0	25	47	乡镇
654002101400	皮里青煤矿区社区	81.409485	43.996813	0	18	40	乡镇
654023103400	四方实业社区	80.968810	43.991635	0	16	65	乡镇
654027200206	托斯坝村委会	81.894460	43.228089	0	25	43	乡镇
654002202003	新路街社区	81.336093	43.875609	0	30	72	乡镇
654028206205	群吉村	82.352750	43.809980	0	30	100	村庄
654021104208	阿热温村委会	81.732009	43.680024	0	16	38	乡镇
654026103207	阿克萨依村民委员会	80.892138	42.803348	0	14	46	乡镇
654023101201	二宫村委会	80.701887	44.186369	1	80	100	政府机构
654028101203	克孜勒塔斯村	83.213510	43.786651	0	30	100	村庄
654025407507	五队	83.559293	43.422460	0	80	72	村庄
654003508508	九连	84.855257	44.447344	1	80	100	UNKNOWN
654022100004	查鲁东街社区	81.146832	43.848761	0	18	49	乡镇
654021209204	下阿同村委会	81.527299	43.977101	0	12	29	区县
654026104203	上洪纳海村民委员会	81.131001	43.157299	0	12	26	区县
654022102202	雀尔盘村	81.070920	43.834819	0	25	55	乡镇
654002006009	吐排店社区居委会	81.352250	43.903041	1	80	97	政府机构
654022503504	四连	81.044899	43.874419	1	80	100	UNKNOWN
654026203205	库尔克勒德克村民委员会	81.181390	42.829780	0	25	43	乡镇
654023507503	三连	80.655445	44.158650	1	80	100	政府机构
654025108203	坎苏村委会	83.780295	43.319963	0	14	37	乡镇
654024402203	农田四队	82.332252	43.519509	1	80	100	政府机构
654021400205	种籽队	81.676304	43.898464	1	80	100	UNKNOWN
654026515505	五连	80.667137	43.014525	1	80	100	政府机构
654028201201	乔拉克布拉克村	82.219780	43.844750	0	30	100	村庄
654002101206	苏拉宫村村委会	81.383151	44.025380	1	80	100	政府机构
654025406506	农五队	82.554660	43.499661	0	30	100	村庄
654028100202	多尔布津村	82.538610	43.779831	0	30	100	村庄
654023100200	柳树巷子村委会	80.898485	44.095520	0	18	40	乡镇
654026102206	康萨依村民委员会	81.131001	43.157299	0	12	29	区县
654021105209	奥依曼巴依托海村委会	81.551917	43.794909	0	18	32	乡镇
654002203002	伊勒力干也尔社区	81.427212	43.898443	0	18	66	乡镇
654022203201	清泉村	81.191101	43.807719	0	30	100	村庄
654027517507	牧业中心生活区	81.880203	43.185215	1	80	94	政府机构
654021401204	英塔木村委会	81.636090	43.764210	0	25	70	UNKNOWN
654026514504	五连	80.619379	42.743472	0	16	65	乡镇
654028200200	尤喀克买里村	82.084350	43.916220	0	30	100	村庄
654024403202	牧业队	82.223901	43.471422	1	80	100	UNKNOWN
654002201204	城盘子村	81.250909	43.932320	0	18	66	村庄
654002007008	克孜勒科瑞克社区居委会	81.331090	43.919920	1	80	94	政府机构
654023200202	五一牧场村委会	80.803601	44.045026	1	80	97	UNKNOWN
654022502505	五连	80.743447	43.750358	1	80	100	UNKNOWN
654022103203	布占村	81.044020	43.884141	0	30	100	村庄
654027101205	齐巴尔托布勒格村委会	81.865807	42.914912	0	14	32	乡镇
654003510006	英华里居委会	84.897239	44.437894	0	60	87	UNKNOWN
654027102203	喀拉尕什特村委会	82.101577	42.952157	0	14	37	乡镇
654023104202	切特萨尔布拉克村委会	80.996705	44.216797	0	30	58	村庄
654022207203	亚尔胡斯亚尕奇村	81.505010	43.759260	0	30	100	村庄
654002202202	塔什科瑞克村村委会	81.339420	43.885941	0	30	58	村庄
654024400204	五队	82.163335	43.465893	1	80	100	政府机构
654003510010	玫瑰园居委会	84.907995	44.439681	0	25	70	UNKNOWN
654026201202	米斯村民委员会	81.430680	43.152229	0	25	55	乡镇
654022200207	柏尔哈舍里村	80.954475	43.833488	0	18	66	乡镇
654028204202	恰合那木村	82.587150	43.804940	0	30	100	村庄
654023204200	下三宫村委会	80.878900	44.056000	0	14	37	区县
654025511508	八连	83.269494	43.497637	0	18	66	乡镇
654026206206	巴尔格勒津村民委员会	80.632036	42.832130	0	16	38	乡镇
654003201201	开干齐村委会	85.139960	44.431950	0	30	58	UNKNOWN
654026102210	塔勒德萨依二村民委员会	81.365841	43.059470	0	16	47	乡镇
654026514400	团部	81.131001	43.157299	0	12	44	区县
654028103204	托铁村	82.789674	43.549189	0	30	100	村庄
654002102200	英也尔村村委会	81.277700	43.909401	0	14	46	区县
654027100005	阿克奇居委会	81.814908	43.201967	0	18	49	乡镇
654026101200	萨尔乌孜克村民委员会	81.576474	42.580888	0	12	34	乡镇
654024102200	莫乎尔村委会	82.679740	43.277600	0	25	47	乡镇
654002006013	拜合特社区居委会	81.352250	43.903041	1	80	95	政府机构
654003508400	团部	84.902800	44.426300	0	14	46	区县
654025106207	阿克其村委会	82.601639	43.373168	0	16	65	乡镇
654023509507	六十六团七连	81.046999	43.950771	1	80	97	UNKNOWN
654002005003	塔克其买里社区居委会	81.347232	43.893075	0	30	47	乡镇
654026404200	卡日卡特服务站村委会	81.002149	43.087617	0	16	38	乡镇
654003001004	芙蓉里西居委会	84.918164	44.427022	0	50	73	地产小区
654004506507	八连	80.487463	44.186719	1	80	100	UNKNOWN
654024401209	新羊一队	82.361721	43.486508	0	25	55	乡镇
654003508512	十三连	84.998987	44.460594	1	80	100	UNKNOWN
654024100006	同干买里居委会	82.622140	43.220970	0	30	72	村庄
654024105204	奥尔塔买里村委会	81.950510	43.433996	0	16	38	乡镇
654021107202	喀拉巴格村委会	81.527299	43.977101	0	12	29	区县
654025104001	那拉提社区	84.012480	43.325107	0	50	100	UNKNOWN
654028208201	铁尔斯托干村	82.731620	43.781681	0	30	100	村庄
654021104204	下也台温村委会	81.732009	43.680024	0	16	33	乡镇
654003508504	五连	85.050419	44.585246	0	14	64	乡镇
654025102205	玉什开普台尔村委会	83.662910	43.474780	0	30	58	UNKNOWN
654024201204	奥夏干德村委会	82.549670	43.278101	0	25	43	乡镇
654021203202	上武功村委会	81.581802	43.974384	0	18	35	乡镇
654021213202	贺加希村委会	81.836819	43.843592	0	18	35	乡镇
654002001001	普夏依曼社区居委会	81.307365	43.923990	1	80	100	政府机构
654025200001	文化路社区	83.262529	43.445071	0	25	70	乡镇
654022503508	八连	80.847391	43.899219	1	80	100	UNKNOWN
654026515509	九连	80.564578	43.017332	0	16	65	乡镇
654023509511	六十六团十一连	81.046999	43.950771	1	80	97	UNKNOWN
654004505501	一连	80.558690	44.251551	0	60	87	UNKNOWN
654003002002	东旭苑居委会	84.964717	44.403979	0	18	40	乡镇
654021103200	胡地亚于孜村委会	81.527299	43.977101	0	12	24	区县
654004506511	十二连	80.435701	44.234871	1	80	100	UNKNOWN
654021501516	灌溉渔业科	81.529517	43.849734	0	18	40	乡镇
654025100003	新源县光明路社区	83.262889	43.418201	0	25	70	乡镇
654025105201	肖尔布拉克村委会	82.958370	43.443161	0	30	58	UNKNOWN
654003004007	鹏程园居委会	84.888192	44.432826	0	60	87	地产小区
654025204202	喀拉奥依村委会	83.406572	43.578013	0	16	65	乡镇
654021212203	怕勒特外村委会	81.939180	43.856031	0	25	41	村庄
654002402203	奶牛场四连	81.219210	43.880551	0	30	100	UNKNOWN
654025512502	二连	82.752018	43.484633	0	16	65	乡镇
654021202203	胡吉尔特村委会	81.476220	44.057610	0	25	47	乡镇
654025103204	玉什托别村委会	83.062870	43.419919	0	25	47	乡镇
654028518400	团部	82.511401	43.798799	0	10	43	区县
654021100007	五道桥居委会	81.532539	43.975579	0	18	49	乡镇
654021105205	库台买里村委会	81.551917	43.794909	0	18	35	乡镇
654026208202	木扎尔特村民委员会	80.274380	42.676500	0	30	72	UNKNOWN
654028402504	牧三队	82.511401	43.798799	0	10	43	区县
654027101209	莫因卓勒村委会	81.813220	43.038770	0	30	58	UNKNOWN
654021102201	喀拉苏村委会	81.672782	43.748881	0	16	65	乡镇
654025511400	团部	83.260599	43.429801	0	12	44	区县
654003003003	哈英德居委会	84.899834	44.424613	1	80	95	地产小区
654023508510	十连	81.053749	43.921612	1	80	100	政府机构
654022502509	畜牧公司生活区	80.756313	43.799045	1	80	95	政府机构
654002007004	阿勒玛巴扎社区居委会	81.331090	43.919920	1	80	94	政府机构
654021205207	斯拉木于孜村委会	81.657280	43.876225	0	30	58	村庄
654028404203	阿克吐别克村	83.300631	43.760099	0	30	100	村庄
654025200200	阿合西村委会	83.262529	43.445071	0	25	47	乡镇
654024204207	库克塔拉村委会	82.145790	43.470880	0	25	47	乡镇
654002004002	莫依克买里社区居委会	81.324480	43.912420	1	80	97	政府机构
654023508506	六连	81.164270	43.900298	1	80	100	UNKNOWN
654028518504	牛场	83.255062	43.767174	1	80	100	UNKNOWN
654021205211	新户村委会	81.584814	43.889593	0	16	65	乡镇
654024103201	乌图布拉克村委会	82.263590	43.457980	0	25	47	乡镇
654002007012	阿勒吞勒克社区居委会	81.331090	43.919920	1	80	94	政府机构
654025100202	团结村委会	83.251610	43.441910	0	30	72	村庄
654028103208	阿克吾孜克村	82.975140	43.550791	0	30	100	村庄
654025512514	七十二团焦化厂生活区	82.752018	43.484633	0	16	38	乡镇
654021106203	十三户村委会	81.527299	43.977101	0	12	34	区县
654024104205	头道湾村委会	82.402928	43.452641	0	16	65	乡镇
654026402205	牧业一队村委会	81.207734	43.217129	0	16	65	UNKNOWN
654025511504	四连	83.247787	43.482984	1	80	100	政府机构
654002003006	萨依库尤鲁西社区居委会	81.316041	43.905359	1	80	97	政府机构
654026402204	农业五队村委会	81.240879	43.166272	1	80	95	政府机构
654025511505	五连	83.217972	43.479889	1	80	100	政府机构
654021100010	阳光社区居委会	81.532539	43.975579	0	18	66	乡镇
654027100008	阔克阿尕什居委会	81.854280	43.228179	0	30	72	UNKNOWN
654025100203	恰普河阿吾孜村委会	83.257634	43.436687	0	50	68	UNKNOWN
654025105001	伊力特社区	82.952140	43.452190	0	25	70	乡镇
654021106202	撒拉村委会	81.527299	43.977101	0	12	26	区县
654024104204	萨尔乌泽克村委会	82.340210	43.559029	0	30	58	UNKNOWN
654023508507	七连	80.969087	43.943799	1	80	100	政府机构
654028518505	羊场	83.261138	43.771861	1	80	97	政府机构
654021205210	下皇宫村委会	81.527299	43.977101	0	12	26	区县
654002007013	英阿亚提小区社区居委会	81.334299	43.917665	1	80	100	政府机构
654024103200	东买里村委会	82.231700	43.482500	0	12	26	区县
654025200201	喀拉苏村委会	83.262529	43.445071	0	25	70	乡镇
654024204206	伊勒格代村委会	82.165150	43.407890	0	30	58	UNKNOWN
654002004003	喀赞其社区居委会	81.324480	43.912420	1	80	95	政府机构
654003003002	乌孙居委会	84.903965	44.424545	1	80	97	政府机构
654023508511	十一连	80.984273	43.872943	1	80	100	政府机构
654022502508	十一连	80.724093	43.749516	1	80	100	UNKNOWN
654002007005	北苑社区居委会	81.331090	43.919920	1	80	97	政府机构
654021205206	伊克温村委会	81.584814	43.889593	0	16	38	乡镇
654028404202	牧业队	83.399255	43.749456	0	18	66	乡镇
654025104201	喀拉奥依村委会	84.003920	43.328440	0	25	70	乡镇
654027101208	塔斯巴斯陶村委会	81.865807	42.914912	0	14	37	乡镇
654021102200	英塔木村委会	81.672782	43.748881	0	16	65	乡镇
654025103205	木斯村委会	83.062870	43.419919	0	25	47	乡镇
654021100006	弓月社区居委会	81.532539	43.975579	0	18	66	乡镇
654021105204	海勒潘买里村委会	81.551917	43.794909	0	18	35	乡镇
654026208203	喀拉苏村民委员会	80.530301	42.556132	0	14	46	乡镇
654023403204	第五村委会	80.802856	44.092813	0	25	70	乡镇
654002402202	奶牛场三连	81.273510	43.868960	0	50	82	UNKNOWN
654021212202	阿热买里村委会	81.939180	43.856031	0	25	70	村庄
654025512503	三连	82.752018	43.484633	0	16	65	乡镇
654021202202	喀拉亚尕奇村委会	81.476220	44.057610	0	25	70	乡镇
654021103201	下胡地亚于孜村委会	81.527299	43.977101	0	12	24	区县
654021501517	七十团拜什墩社区	81.529517	43.849734	0	18	49	乡镇
654004506510	十一连	80.520045	44.129459	1	80	100	UNKNOWN
654025100002	新源县劳动街社区	83.262889	43.418201	0	25	70	乡镇
654025105200	肖尔布拉克新村委会	82.958370	43.443161	0	30	72	UNKNOWN
654022503509	九连	80.807166	43.870608	1	80	100	UNKNOWN
654002006004	英阿瓦提社区居委会	81.352250	43.903041	1	80	97	政府机构
654026515508	八连	80.728107	42.990079	1	80	100	政府机构
654023509510	六十六团十连	81.046999	43.950771	1	80	97	UNKNOWN
654022408498	口岸机关虚拟社区	81.151400	43.840700	0	12	44	区县
654024510501	一连	81.959253	43.529795	0	16	65	乡镇
654003002003	乌尔迈克北居委会	84.924710	44.428010	0	60	87	地产小区
654024201205	沙尕村委会	82.549670	43.278101	0	25	47	乡镇
654021203203	武功村委会	81.581802	43.974384	0	18	40	乡镇
654021213203	上伊地力于孜村委会	81.836819	43.843592	0	18	32	乡镇
654021104205	也台温村委会	81.732009	43.680024	0	16	38	乡镇
654003508505	六连	85.048097	44.423479	1	80	100	UNKNOWN
654025102204	喀拉盖勒苏村委会	83.766340	43.412119	0	25	43	乡镇
654024100007	西公园居委会	82.232228	43.487991	0	25	55	乡镇
654024105205	阔那桑村委会	82.038040	43.547889	0	30	58	UNKNOWN
654021107203	石桥村委会	81.980540	43.662479	0	30	72	村庄
654025101202	铁木里克村委会	83.280720	43.536790	0	25	43	乡镇
654028208200	塔斯托干村	82.687020	43.784739	0	30	100	村庄
654002002006	新华西路社区居委会	81.314451	43.918049	1	80	95	政府机构
654003508513	十四连	85.004092	44.444616	1	80	100	UNKNOWN
654002005002	契利克社区居委会	81.347232	43.893075	0	30	72	乡镇
654003001005	启明里居委会	84.899012	44.430039	0	40	51	乡镇
654026404201	苦都尔站村委会	81.002149	43.087617	0	16	38	乡镇
654004506506	七连	80.449022	44.213038	1	80	100	UNKNOWN
654021501501	二连	81.529517	43.849734	0	18	66	乡镇
654024401208	新农一队	82.361721	43.486508	0	25	55	乡镇
654024102201	库热村委会	82.679740	43.277600	0	25	47	乡镇
654025106206	吉也克村委会	82.601639	43.373168	0	16	38	乡镇
654023509506	六十六团六连	81.046999	43.950771	1	80	97	UNKNOWN
654004505516	水管所生活区	80.542143	44.235493	0	18	49	乡镇
654028103205	阿克吐别克村	83.300631	43.760099	0	30	100	村庄
654025405501	马场	83.260599	43.429801	0	12	63	区县
654002102201	阿拉木图亚村村委会	81.153386	43.957297	0	30	58	村庄
654027100004	阿扎提居委会	81.814908	43.201967	0	18	49	乡镇
654024104208	阿克塔木村委会	82.402928	43.452641	0	16	65	乡镇
654026101201	乌克里加尔村民委员会	81.576474	42.580888	0	12	63	乡镇
654022200206	托海依村	80.954475	43.833488	0	18	66	乡镇
654022502400	团部	81.151400	43.840700	0	12	44	区县
654028204203	恰勒格尔村	82.643140	43.791200	0	25	70	乡镇
654023204201	沙湾村委会	80.827449	44.139117	0	30	72	村庄
654025511509	九连	83.355049	43.482412	1	80	100	政府机构
654022207202	玉尔坦村	81.416060	43.756610	0	25	70	乡镇
654002202203	果园村村委会	81.328550	43.899430	0	30	58	村庄
654024400205	六队	82.171581	43.457775	0	18	66	UNKNOWN
654003510011	紫金苑居委会	84.907995	44.439681	0	25	55	UNKNOWN
654026201203	东升村民委员会	81.430680	43.152229	0	25	55	乡镇
654027102202	加尔阔拉村委会	82.101577	42.952157	0	14	37	乡镇
654002009001	黄河社区	81.279653	43.937162	0	30	72	乡镇
654023104203	恰特尔塔勒村委会	81.040629	44.210541	0	25	43	乡镇
654023101001	城东社区	80.810406	44.179193	0	16	65	乡镇
654022103202	龙沟村	81.194320	43.872599	0	30	100	村庄
654002103001	布拉克社区居委会	81.277700	43.909401	0	14	32	区县
654027101204	萨尔阔布村委会	81.793350	43.029339	0	30	58	UNKNOWN
654026100001	墩买里社区居民委员会	81.119543	43.155071	0	30	51	乡镇
654003510007	酒香园居委会	84.872704	44.432369	0	50	82	地产小区
654004004001	英塔尔社区	80.420700	44.229199	0	14	37	区县
654028200201	克其克苏布台村	82.050860	43.923170	0	30	100	村庄
654026514505	六连	80.695511	42.770039	1	80	100	政府机构
654024403203	农二队	82.223901	43.471422	1	80	97	UNKNOWN
654002201205	英买里村	81.323480	43.893120	0	30	100	村庄
654022204204	纳尔洪村	81.251140	43.805449	0	25	55	乡镇
654023200203	中心村委会	80.871439	44.037481	0	30	72	村庄
654002007009	东站社区居委会	81.331090	43.919920	1	80	97	政府机构
654022502504	四连	80.755198	43.802903	1	80	100	UNKNOWN
654026513501	一连	80.306197	42.816576	1	80	100	UNKNOWN
654002203003	花果山社区	81.427212	43.898443	0	18	66	乡镇
654022203200	纳达齐牛录村	81.184060	43.830510	0	30	100	村庄
654022104206	伊纳克村	81.151400	43.840700	0	12	26	区县
654025406507	牛队	83.260599	43.429801	0	12	44	区县
654028100203	艾米热买里村	82.631411	43.799849	0	30	100	村庄
654025103209	喀拉托别村委会	83.062870	43.419919	0	25	47	乡镇
654023100201	沙海庄子村委会	80.898485	44.095520	0	18	49	乡镇
654026102207	朱万托别村民委员会	81.300300	42.997730	0	30	72	UNKNOWN
654021105208	库孜列克村委会	81.551917	43.794909	0	18	35	乡镇
654023201202	沙门子村委会	80.755830	44.033330	0	30	58	村庄
654002006008	新星社区居委会	81.352250	43.903041	1	80	97	政府机构
654022503505	五连	80.927142	43.883553	1	80	100	UNKNOWN
654026203204	阔里布拉克村民委员会	81.181390	42.829780	0	25	43	乡镇
654023507502	二连	81.261920	43.873799	0	30	100	UNKNOWN
654024402202	农田三队	82.253433	43.514623	1	80	100	政府机构
654025108202	库尔乌泽克村委会	82.713910	43.293850	0	30	58	UNKNOWN
654021400204	农五队	81.724195	43.874740	1	80	100	政府机构
654028201200	赛普勒村	82.197910	43.861700	0	30	100	村庄
654026515504	四连	80.607973	42.993307	1	80	100	政府机构
654021209205	英阿亚提村委会	81.527299	43.977101	0	12	29	区县
654026104202	克孜勒加尔村民委员会	81.131001	43.157299	0	12	29	区县
654022102203	郎喀村	81.070920	43.834819	0	25	70	乡镇
654021104209	下喀勒其塔木村委会	81.777979	43.637346	1	80	100	政府机构
654026103206	克西萨尔阔布村民委员会	81.180538	42.832195	1	80	97	政府机构
654023101200	牧场村委会	80.673720	44.193011	0	30	72	UNKNOWN
654028101202	乌拉斯台村	83.152512	43.812509	0	50	100	UNKNOWN
654025407506	四队	83.559293	43.422460	0	80	72	村庄
654002100206	苏勒阿勒玛塔村村委会	81.281448	44.123278	0	25	55	村庄
654022100005	法里春社区	81.146832	43.848761	0	18	49	乡镇
654003508509	十连	84.839510	44.458000	0	30	100	UNKNOWN
654022504501	一连	81.407648	43.789911	1	80	100	政府机构
654023102210	喀拉苏村委会	80.855970	44.238991	0	25	70	乡镇
654002202002	唐努尔社区	81.336093	43.875609	0	30	58	乡镇
654028206204	萨尔阿尕什村	82.318210	43.810710	0	30	100	村庄
654023101216	泉水村委会	80.810406	44.179193	0	16	47	乡镇
654026515400	团部	81.131001	43.157299	0	12	44	区县
654026207206	塔勒德塔斯阿尔纳村民委员会	80.897444	42.607373	0	14	32	乡镇
654023205200	下村委会	80.775310	44.320149	0	25	47	乡镇
654004001002	阿力麻里社区	80.420700	44.229199	0	14	37	区县
654024406200	农业队	82.771229	43.264612	1	80	97	UNKNOWN
654025407510	畜牧队	83.559293	43.422460	0	80	100	村庄
654027203201	科克铁热克村委会	81.641300	42.963721	0	25	70	乡镇
654023102206	农科站村委会	80.855970	44.238991	0	25	70	乡镇
654026100200	吐格勒勤布拉克村民委员会	81.047959	43.144267	0	50	82	UNKNOWN
654027104207	也什克里克村委会	82.169551	43.145978	0	16	33	乡镇
654002103200	布拉克村村委会	81.277700	43.909401	0	14	37	区县
654028102204	尼勒克乌赞村	82.565510	43.880330	0	30	100	村庄
654027103203	托提库勒村委会	81.664550	43.204330	0	25	47	乡镇
654024402214	牛场羊队	82.313292	43.539482	0	18	66	UNKNOWN
654028100002	第二社区	82.562959	43.772512	0	18	66	乡镇
654026516502	二连	80.849069	43.044270	0	16	65	乡镇
654002203202	吉尔格朗村村委会	81.367181	43.890297	0	30	58	村庄
654022206203	格拉木村	81.544320	43.687140	0	25	55	村庄
654003001009	云岫里居委会	84.899012	44.430039	0	40	72	乡镇
