654223503536	三十六连	85.322905	45.047007	0	14	64	乡镇
654225204203	吉兰德村委会	82.936070	46.188768	0	25	47	乡镇
654202402202	赛力克提村委会	84.467009	44.148481	0	30	47	UNKNOWN
654224200204	阿勒玛勒村委会	83.616900	46.108029	0	25	47	乡镇
654223101220	许家庄村委会	85.705840	44.690440	0	25	70	乡镇
654221202202	巴克新布鲁克村委会	83.987789	46.655211	0	25	41	乡镇
654226403403	迭伦队	86.279640	46.864663	1	80	97	UNKNOWN
654223510526	二十七连	85.448009	44.436552	0	14	64	乡镇
654221105204	塔斯别依提村委会	84.304830	46.748509	0	25	43	乡镇
654221100006	阿格勒克路社区居委会	83.618993	46.519630	0	25	47	乡镇
654201100205	头工村委会	82.956350	46.672150	0	30	58	UNKNOWN
654223102230	七角地村委会	85.784319	44.639161	0	25	47	乡镇
654201204213	阿克塔木村委会	82.997512	46.658028	1	80	100	政府机构
654202108211	饶家庄子村委会	84.631030	44.531570	0	25	43	乡镇
654223507522	二十四连	85.619500	44.326200	0	12	34	区县
654221102200	阔达尔村委会	83.905830	46.547459	0	30	58	UNKNOWN
654201203217	玉什托别西村委会	83.275350	46.848740	0	25	47	乡镇
654223107209	头坪村委会	86.048120	44.506199	0	30	58	村庄
654201404208	克什吉也克村委会	83.242280	46.681329	0	60	76	UNKNOWN
654226202209	塔本乌拉森村委会	85.954250	46.815020	0	25	41	乡镇
654221101210	喀拉尕什村委会	84.150358	46.673851	0	16	38	乡镇
654202507509	十连	84.158240	44.587281	0	30	100	UNKNOWN
654221507400	团部	83.612976	46.517517	1	80	95	政府机构
654201200207	托勒克库拉克村委会	83.158930	46.752100	0	25	47	乡镇
654202106219	喇嘛寺村委会	84.214071	44.410677	0	16	65	乡镇
654225200201	南哈拉布拉村委会	82.981210	46.194529	0	25	43	乡镇
654223100020	伊宁路社区居委会	85.621219	44.334749	0	50	82	道路
654201203201	窝尔塔阿不都拉东村委会	83.275350	46.848740	0	25	47	乡镇
654221102216	中杰勒阿尕什村委会	83.936553	46.572847	0	16	33	乡镇
654202105209	东梁村委会	84.446450	44.451120	0	30	72	村庄
654223506519	十八连	85.285667	44.755849	0	16	65	乡镇
654201200211	柳泉村委会	83.190940	46.764430	0	30	72	村庄
654202505522	水工连	84.713700	44.417801	0	10	33	区县
654221101206	阿克布拉克村委会	84.150358	46.673851	0	16	38	乡镇
654223503520	二十连	85.491876	44.826647	1	80	100	UNKNOWN
654223101236	沙窝道村委会	85.705840	44.690440	0	25	47	乡镇
654224200212	加尔巴斯村委会	83.667590	46.109959	0	30	58	UNKNOWN
654223510530	三十二连	85.448009	44.436552	0	14	64	乡镇
654221507504	四连	83.857230	46.812010	1	80	97	政府机构
654201002009	拜格托别街社区居委会	82.973222	46.748097	1	80	97	政府机构
654201502505	一六二团五连	82.942860	46.643729	1	70	92	UNKNOWN
654223400202	三个泉子村委会	85.540800	43.981951	0	25	47	UNKNOWN
654224203202	新林村委会	83.342330	46.248519	0	30	72	村庄
654201204205	巴斯六升村委会	83.077930	46.647660	0	25	43	乡镇
654223102226	太平渠村委会	85.816621	44.819669	0	30	58	UNKNOWN
654225501505	六连	82.982800	46.201699	0	12	29	区县
654202401204	牧业四队村委会	83.908844	44.471531	1	80	100	政府机构
654202003007	北园春社区	84.714970	44.413870	1	80	97	政府机构
654201100213	八里村委会	83.005950	46.741559	0	25	70	乡镇
654221100010	西郊社区居委会	83.618993	46.519630	0	25	70	乡镇
654221105212	交勒布拉克三村委会	84.304830	46.748509	0	25	47	乡镇
654224102201	萨尔喀木斯村委会	83.868480	45.517220	0	25	47	地产小区
654223507518	沙门子镇区生活区	85.619500	44.326200	0	12	29	区县
654223509506	六连	85.310230	44.627244	1	80	100	UNKNOWN
654202104208	头道场子村委会	84.524539	44.459091	0	25	43	乡镇
654223108200	南五宫村委会	85.624050	44.262490	0	30	58	村庄
654223202208	肯阿根村委会	85.384860	44.052750	0	25	43	乡镇
654202100498	虚拟白杨沟村委会	84.361480	44.173560	0	25	55	乡镇
654201202200	曼古奴尔村委会	83.148570	46.858251	0	25	47	乡镇
654223104223	元兴宫村委会	85.437680	44.240710	0	30	58	UNKNOWN
654221207201	喀拉布拉克村委会	84.350890	46.249450	0	25	47	乡镇
654221511501	一连	83.491739	46.506120	0	18	66	乡镇
654225201200	新地北村委会	83.063380	46.230949	0	25	55	村庄
654221104213	加吾尔开占村委会	83.736496	46.472347	0	16	38	乡镇
654202002006	幸福社区	84.679600	44.435199	1	80	97	政府机构
654202400205	加拉哈西村委会	84.425100	44.963489	0	30	58	UNKNOWN
654201101212	阔克塔勒村委会	82.978900	46.748600	0	12	29	区县
654224202203	喀拉托别村委会	83.318060	45.826849	0	25	47	村庄
654221200205	八里营村委会	83.627029	46.538340	0	25	70	乡镇
654223401203	阔克阿拉乔克村委会	85.363760	44.040541	0	25	41	UNKNOWN
654201503504	四连	82.905721	46.714636	0	25	70	乡镇
654221506505	五连	83.612976	46.517517	1	80	95	政府机构
654223511531	紫泥泉种羊场三连	85.751105	43.989080	0	60	87	UNKNOWN
654201003008	喀拉墩街社区居委会	83.006140	46.736329	1	80	95	政府机构
654224201213	达尔布特村委会	83.927799	46.105410	0	25	43	乡镇
654225101202	窝尔塔吉也克北村委会	82.762034	46.349931	0	14	46	乡镇
654226401404	伊克托里队	85.573794	46.767099	0	14	46	乡镇
654221200213	喀拉墩村委会	83.627029	46.538340	0	25	70	乡镇
654224202215	也斯道吾列提村委会	83.318060	45.826849	0	25	47	村庄
654201101204	恰夏村委会	83.470198	46.838750	0	14	64	乡镇
654221104205	六户村委会	83.736496	46.472347	0	16	65	乡镇
654223511527	金管处生活区	85.870002	44.182811	0	14	37	乡镇
654226402402	乌兰哈德队	85.728400	46.792901	0	10	28	区县
654221506513	十三连	83.611098	46.870865	0	16	65	乡镇
654224201205	喀赞库木村委会	83.927799	46.105410	0	25	47	乡镇
654221505503	三连	83.612976	46.517517	1	80	95	政府机构
654201503400	团部	83.612976	46.517517	1	80	95	政府机构
654223105218	东山沟村委会	85.800240	44.067570	0	25	47	乡镇
654201405209	哈落依队村委会	83.133870	47.023981	1	80	94	UNKNOWN
654223509510	十一连	85.330615	44.561260	1	80	100	UNKNOWN
654224510501	一连	84.652827	46.297337	1	80	97	政府机构
654202200208	庙村委会	84.711302	44.500052	0	16	38	村庄
654223106208	西戈壁村委会	85.536370	44.075690	0	30	58	UNKNOWN
654201202216	上一棵树村委会	83.148570	46.858251	0	25	47	乡镇
654202505518	基建连	84.713700	44.417801	0	10	43	区县
654221103201	直属二村委会	83.783107	46.712608	0	14	37	乡镇
654202109210	河坝沿子村委会	84.577300	44.330271	0	25	43	乡镇
654223506523	二十二连	85.285667	44.755849	0	16	65	乡镇
654225100002	工业街社区	82.996405	46.200030	0	40	100	道路
654224402598	老风口林场虚拟生活区	83.552979	46.154538	1	80	95	UNKNOWN
654202101207	喇嘛查次村委会	84.266396	44.480857	0	18	35	乡镇
654201100209	满城村委会	83.005950	46.741559	0	25	47	乡镇
654202503511	十二连	84.222677	45.043963	1	80	100	UNKNOWN
654221105208	布拉克托别村委会	84.304830	46.748509	0	25	43	乡镇
654201001003	商业街社区居委会	82.980785	46.747825	1	80	97	政府机构
654201403200	园林队村委会	83.369611	46.763997	0	18	66	UNKNOWN
654223511507	七连	85.870002	44.182811	0	14	64	乡镇
654221406201	牧业二队	83.632606	46.509263	1	80	95	UNKNOWN
654202206201	乌木克村委会	84.265511	44.217921	0	25	47	乡镇
654223103211	城庄子村委会	85.863607	44.324923	0	16	47	地产小区
654224200208	加玛特村委会	83.616900	46.108029	0	25	43	乡镇
654202500501	二连	84.539644	44.931961	0	16	65	乡镇
654201404204	皇工村委会	83.242280	46.681329	0	60	76	UNKNOWN
654223506503	二连	85.177240	44.684860	0	30	100	UNKNOWN
654223104215	葡萄园子村委会	85.351250	44.357490	0	25	47	乡镇
654223200203	居士堂村委会	85.885944	44.495319	0	16	65	乡镇
654202507505	六连	84.454330	44.821010	0	30	100	UNKNOWN
654221103221	吾巴勒四村委会	83.755989	46.717869	0	50	68	UNKNOWN
654226202205	色居尔村委会	85.954250	46.815020	0	25	47	乡镇
654202106203	哈勒干布勒格村委会	84.214071	44.410677	0	16	30	乡镇
654226100001	巴音托洛盖社区居委会	85.738356	46.798895	1	80	100	政府机构
654223107205	新户村委会	85.911609	44.631321	0	25	70	地产小区
654221208204	阔克萨依村委会	83.847048	46.365228	0	25	47	乡镇
654202504515	三连	84.713700	44.417801	0	10	33	区县
654223506515	十四连	85.247393	44.706650	1	80	100	政府机构
654202105205	道兰莫墩村委会	84.374490	44.501003	0	16	38	乡镇
654202507513	十四连	84.501260	44.744209	0	30	100	UNKNOWN
654223200215	泻水渠村委会	85.885944	44.495319	0	16	33	乡镇
654223104203	四旗村委会	85.351250	44.357490	0	25	47	乡镇
654223511546	工三队	85.825935	44.287325	1	80	100	政府机构
654221402203	江格孜塔勒村	83.778887	46.596613	0	30	100	UNKNOWN
654202106215	河坝沿子村委会	84.214071	44.410677	0	16	33	乡镇
654202504503	五连	84.416537	45.103533	0	16	65	乡镇
654226201203	明根布拉格村委会	85.389461	46.800869	0	25	43	乡镇
654223107213	徐家庄村委会	85.914630	44.693641	0	30	72	村庄
654202205207	拜尔其村委会	84.184325	44.352443	0	25	47	乡镇
654221405207	新建村	83.792459	46.377217	0	16	65	乡镇
654202101211	特格里克布拉格村委会	84.266396	44.480857	0	18	35	乡镇
654201002005	光明街社区居委会	82.973222	46.748097	1	80	97	政府机构
654223512501	一连	85.798280	44.488580	0	30	100	UNKNOWN
654221507508	八连	83.857230	46.812010	1	80	97	政府机构
654202503507	八连	84.222966	45.088095	1	80	100	UNKNOWN
654202401208	阔克塔勒村委会	84.953610	44.008631	0	25	70	UNKNOWN
654225501509	十连	82.590462	46.099816	0	16	65	乡镇
654201204209	四工村委会	83.077930	46.647660	0	25	70	乡镇
654223511511	十一连	85.870002	44.182811	0	14	64	乡镇
654202500517	十九连	84.447239	44.854679	1	80	100	政府机构
654223103207	泉源村委会	85.863607	44.324923	0	16	65	地产小区
654226101201	查斯图村委会	86.017130	46.518100	0	25	47	地产小区
654223202204	库勒逊托海村委会	85.384860	44.052750	0	25	41	乡镇
654202505502	三连	84.581372	45.101922	0	16	65	乡镇
654226200202	布恩布特恩敖包村委会	86.238241	46.340898	0	25	41	乡镇
654202107214	哈哈提村委会	83.913150	44.551351	0	25	43	乡镇
654201406203	农四队村委会	82.970532	46.753927	1	80	97	UNKNOWN
654221403202	新褐村	84.025860	46.746899	0	25	100	UNKNOWN
654202203202	梭梭村委会	84.309761	45.003882	0	25	47	乡镇
654223105202	上东地村委会	85.800240	44.067570	0	25	43	乡镇
654202104204	杨家庄子村委会	84.524539	44.459091	0	25	70	乡镇
654223507514	十七连	85.619500	44.326200	0	12	34	区县
654202200212	康家庄子村委会	84.711302	44.500052	0	16	38	村庄
654223102206	红山庙村委会	85.784319	44.639161	0	25	70	乡镇
654202501516	十八连	84.108719	44.681884	1	80	100	政府机构
654223510510	十一连	85.448009	44.436552	0	14	64	乡镇
654202103200	车排子村委会	84.479210	44.914900	0	25	55	乡镇
654221200209	吐尔宫村委会	83.627029	46.538340	0	25	43	乡镇
654223101216	西大渠村委会	85.705840	44.690440	0	25	70	乡镇
654202502506	七连	84.413139	44.820730	0	30	100	UNKNOWN
654221506509	九连	83.607920	46.893070	0	30	100	UNKNOWN
654221404206	牧业二队	84.377511	46.511508	1	80	95	UNKNOWN
654201503508	大果园生活区	82.905721	46.714636	0	25	55	乡镇
654221508517	南区七连	83.612976	46.517517	1	80	93	政府机构
654202204206	沙枣窝子二村委会	84.649736	44.715313	0	16	33	村庄
654226204200	莫特格村委会	85.753641	46.802789	0	25	43	乡镇
654202501500	青年连	84.713700	44.417801	0	10	33	区县
654223102210	汤家庄村委会	85.784319	44.639161	0	25	70	乡镇
654224201209	吐孜托浪格村委会	83.927799	46.105410	0	25	47	乡镇
654223510506	七连	85.619500	44.326200	0	12	34	区县
654202502510	十二连	84.191980	44.566279	0	30	100	UNKNOWN
654221104209	库尔吉拉村委会	83.736496	46.472347	0	16	38	乡镇
654201101208	阿树塔斯村委会	83.470198	46.838750	0	14	32	乡镇
654224202219	萨尔窝孜克村委会	83.318060	45.826849	0	25	43	村庄
654223101200	下庄子村委会	85.705840	44.690440	0	25	70	乡镇
654223503516	十六连	85.680884	44.801371	1	80	100	UNKNOWN
654221508501	一连	83.987953	46.757912	1	80	100	政府机构
654202505514	十五连	84.581372	45.101922	0	16	65	乡镇
654221209205	莫因牧业村	83.563939	46.392280	0	25	55	乡镇
654223202212	喀拉巴斯陶村委会	85.384860	44.052750	0	25	47	乡镇
654223106204	曾家庄村委会	85.523010	44.056319	0	25	70	乡镇
654225400502	喀拉克米尔村委会	82.719870	46.091390	1	80	93	UNKNOWN
654202107202	扩克沙拉村委会	83.913150	44.551351	0	25	43	乡镇
654226203204	尕格茨呼都格村委会	86.138920	46.844961	0	25	43	乡镇
654223201202	东泉村委会	85.649180	44.387290	0	30	72	村庄
654226501402	嘎顺乌散矿区社区	87.627000	43.793200	0	0	15	省
654223105214	南湾村委会	85.800240	44.067570	0	25	70	乡镇
654223100016	少年路社区居委会	85.618380	44.327930	0	40	77	道路
654202200204	巴海村委会	84.711302	44.500052	0	16	38	村庄
654223507502	三连	85.427043	44.873076	1	80	100	政府机构
654201405205	那尔太村委会	83.133870	47.023981	1	80	93	UNKNOWN
654226203205	乔鲁呼都格村委会	86.567219	46.863661	1	80	95	UNKNOWN
654223201203	杨家庄村委会	85.623070	44.367690	0	30	72	村庄
654223105215	青山村委会	85.821860	44.048470	0	30	72	村庄
654223100017	体育场路社区居委会	85.618060	44.332430	0	40	77	道路
654202200205	五道桥村委会	84.711302	44.500052	0	16	65	村庄
654223507503	四连	85.619500	44.326200	0	12	34	区县
654221400205	切恩格勒德哈仁村	83.588190	46.460741	0	20	100	UNKNOWN
654201405204	铁热克特村委会	83.131225	47.021985	1	80	95	UNKNOWN
654202505515	十六连	84.581372	45.101922	0	16	65	乡镇
654223202213	克孜勒阿根村委会	85.384860	44.052750	0	25	47	乡镇
654223106205	罗家庄村委会	85.496920	44.088540	0	30	72	村庄
654226101001	查斯托洛盖社区居委会	85.978080	46.564765	1	80	100	政府机构
654225400503	库勒村委会	82.719870	46.091390	1	80	94	UNKNOWN
654202107203	沙尔营村委会	83.913150	44.551351	0	25	47	乡镇
654202502511	十三连	84.341992	44.743904	0	14	64	乡镇
654221104208	吐孜哈那村委会	83.736496	46.472347	0	16	33	乡镇
654201101209	牛圈子村委会	83.402990	46.717399	0	30	72	村庄
654223101201	八分地村委会	85.705840	44.690440	0	25	70	乡镇
654224202218	别拉什村委会	83.318060	45.826849	0	25	43	村庄
654223503517	十七连	85.633006	44.808994	1	80	100	UNKNOWN
654226204201	规德格村委会	85.753641	46.802789	0	25	43	乡镇
654202501501	二连	84.713700	44.417801	0	10	33	区县
654224201208	萨尔塔勒村委会	83.927799	46.105410	0	25	47	乡镇
654223102211	头沟村委会	85.784319	44.639161	0	25	70	乡镇
654223510507	八连	85.448009	44.436552	0	14	64	乡镇
654221200208	霍斯巴斯陶村委会	83.627029	46.538340	0	25	47	乡镇
654223101217	桐树村委会	85.705840	44.690440	0	25	70	乡镇
654202502507	八连	84.341992	44.743904	0	14	64	乡镇
654201003005	伊宁街社区居委会	83.006140	46.736329	1	80	95	政府机构
654221506508	八连	83.544320	46.858849	0	30	100	UNKNOWN
654221404207	牧业三队	84.377511	46.511508	1	80	95	UNKNOWN
654223503501	东野镇区生活区	85.619500	44.326200	0	12	26	区县
654221508516	南区六连	83.612976	46.517517	1	80	93	政府机构
654202204207	大泉村委会	84.649736	44.715313	0	16	65	村庄
654223102207	东渠村委会	85.784319	44.639161	0	25	70	乡镇
654202501517	十九连	84.108880	44.542152	0	16	65	乡镇
654223510511	十二连	85.448009	44.436552	0	14	64	乡镇
654202103201	榆树村委会	84.479210	44.914900	0	25	70	乡镇
654201203220	乔拉克布拉克村委会	83.275350	46.848740	0	25	47	乡镇
654202104205	郝家庄子村委会	84.524539	44.459091	0	25	43	乡镇
654223507515	十八连	85.619500	44.326200	0	12	34	区县
654202200213	陈家庄子村委会	84.711302	44.500052	0	16	65	村庄
654223106213	五道沟村委会	85.523010	44.056319	0	25	70	乡镇
654223202205	加尔苏瓦特村委会	85.384860	44.052750	0	25	43	乡镇
654202505503	四连	84.581372	45.101922	0	16	65	乡镇
654226200203	查干恩格村委会	86.238241	46.340898	0	25	47	乡镇
654201406202	农三队村委会	82.970532	46.753927	1	80	97	UNKNOWN
654202107215	东达村委会	84.713700	44.417801	0	10	25	区县
654221403203	哈拉苏村	84.025860	46.746899	0	25	100	UNKNOWN
654202203203	石桥村委会	84.294010	45.006673	0	30	72	村庄
654223511510	十连	85.870002	44.182811	0	14	64	乡镇
654202500516	十八连	84.539644	44.931961	0	16	65	乡镇
654223103206	北湖村委会	85.863607	44.324923	0	16	65	地产小区
654221200224	霍斯吉拉村委会	83.627029	46.538340	0	25	55	乡镇
654226101200	和什托洛盖村委会	86.017130	46.518100	0	25	47	地产小区
654226500506	九连	86.388867	46.134463	1	80	100	UNKNOWN
654202205206	库鲁木村委会	84.184325	44.352443	0	25	43	乡镇
654202507400	团部	84.713700	44.417801	0	10	43	区县
654221405206	加依尔村	83.792459	46.377217	0	16	65	乡镇
654201002004	林南街社区居委会	82.973222	46.748097	1	80	95	政府机构
654202101210	布尔曾村委会	84.266396	44.480857	0	18	35	乡镇
654221507509	九连	83.857230	46.812010	1	80	97	政府机构
654202503506	七连	84.413139	44.820730	0	30	100	UNKNOWN
654202401209	牧业三队村委会	84.953610	44.008631	0	25	47	UNKNOWN
654225501508	九连	82.982800	46.201699	0	12	29	区县
654201204208	阔克加依达克村委会	83.061670	46.708179	0	30	58	UNKNOWN
654202202202	邢家庄子村委会	84.829716	44.590297	0	18	35	乡镇
654223511547	一四三团第一中学生活区	85.860140	44.289640	0	30	72	UNKNOWN
654221402202	别斯塔勒村	83.778887	46.596613	0	30	100	UNKNOWN
654202504502	四连	84.416537	45.103533	0	16	65	乡镇
654223107212	二坪村委会	85.911609	44.631321	0	25	70	地产小区
654223506514	十三连	85.224349	44.688795	1	80	100	UNKNOWN
654202105204	托古里克莫墩村委会	84.374490	44.501003	0	16	28	乡镇
654226202212	道兰特村委会	85.954250	46.815020	0	25	47	乡镇
654202507512	十三连	84.713700	44.417801	0	10	33	区县
654223104202	三旗村委会	85.351250	44.357490	0	25	47	乡镇
654202106202	赛布库里村委会	84.214071	44.410677	0	16	47	乡镇
654223107204	陶家庄村委会	85.911609	44.631321	0	25	70	地产小区
654202504514	十六连	84.416537	45.103533	0	16	65	乡镇
654201404205	拜格托别村委会	83.335190	46.736530	0	50	73	UNKNOWN
654221401204	酒花村	83.700733	46.604616	0	25	100	UNKNOWN
654223506502	一连	85.285667	44.755849	0	16	65	乡镇
654202201204	奎河村委会	84.793253	44.487645	0	18	40	乡镇
654223104214	肃州户村委会	85.351250	44.357490	0	25	43	乡镇
654223200202	杨李村委会	85.885944	44.495319	0	16	38	乡镇
654202507504	五连	84.713700	44.417801	0	10	33	区县
654226202204	伊克库热村委会	85.991678	46.805374	0	30	58	村庄
654221103220	吾巴勒三村委会	83.755989	46.717869	0	50	68	UNKNOWN
654201403201	农一队村委会	83.369611	46.763997	0	18	66	UNKNOWN
654223511506	六连	85.870002	44.182811	0	14	64	乡镇
654221406200	牧业一队	83.632606	46.509263	1	80	95	UNKNOWN
654202206200	塔布勒合特村委会	84.265511	44.217921	0	25	41	乡镇
654224200209	塔克勒根村委会	83.616900	46.108029	0	25	47	乡镇
654223103210	头浮村委会	85.863607	44.324923	0	16	38	地产小区
654202500500	一连	84.539644	44.931961	0	16	65	乡镇
654223512516	二砖厂生活区	85.658600	44.525430	0	16	47	乡镇
654202101206	浩特浩尔村委会	84.266396	44.480857	0	18	40	乡镇
654201100208	下喀浪古尔村委会	83.005950	46.741559	0	25	41	乡镇
654202503510	十一连	84.176723	45.092645	1	80	100	UNKNOWN
654221105209	加拉克村委会	84.304830	46.748509	0	25	47	乡镇
654223106209	北山村委会	85.470580	44.088890	0	30	72	村庄
654201202217	下一棵树村委会	83.148570	46.858251	0	25	47	乡镇
654202505519	砖厂生活区	84.713700	44.417801	0	10	28	区县
654221103200	直属一村委会	83.783107	46.712608	0	14	37	乡镇
654202109211	下店村委会	84.577300	44.330271	0	25	70	乡镇
654223506522	二十一连	85.285667	44.755849	0	16	65	乡镇
654225100003	加依勒玛街社区	82.991708	46.204249	0	30	58	乡镇
654223105219	宁家河村委会	85.800240	44.067570	0	25	47	乡镇
654221506400	团部	83.590298	46.773084	1	80	100	政府机构
654201405208	喀尔格曼吉克队村委会	83.133870	47.023981	1	80	91	UNKNOWN
654223509511	十二连	85.260038	44.591485	1	80	100	UNKNOWN
654202200209	林家戈壁村委会	84.672831	44.506949	0	30	58	UNKNOWN
654224201204	井什克苏村委会	83.927799	46.105410	0	25	47	乡镇
654202001001	塔城路社区居委会	84.673721	44.426569	1	80	100	政府机构
654221505502	二连	84.377720	46.915429	0	30	100	UNKNOWN
654221200212	甘泉村委会	83.603520	46.566779	0	30	72	村庄
654224202214	喀拉乔克村委会	82.985790	46.163448	0	30	58	UNKNOWN
654201101205	朱日设尔村委会	83.470198	46.838750	0	14	32	乡镇
654221104204	直属五村委会	83.736496	46.472347	0	16	38	乡镇
654223511526	水一站生活区	85.870002	44.182811	0	14	37	乡镇
654221506512	十二连	83.611098	46.870865	0	16	65	乡镇
654224100006	复兴路社区居委会	83.606880	45.931999	0	25	55	乡镇
654225101203	恰勒根巴依库勒村委会	82.762034	46.349931	0	14	27	乡镇
654226401405	额木根队	85.307059	46.661671	0	30	72	UNKNOWN
654221104212	吐普克尔村委会	83.736496	46.472347	0	16	38	乡镇
654201101213	萨热吉也克村委会	82.978900	46.748600	0	12	24	区县
654202400204	哈拉吾巴村委会	84.425100	44.963489	0	30	51	UNKNOWN
654224202202	加木布勒村委会	83.318060	45.826849	0	25	55	村庄
654221200204	七里堡村委会	83.627029	46.538340	0	25	47	乡镇
654223401202	大桥村委会	85.374940	44.296011	0	30	72	村庄
654201503505	五连	82.905721	46.714636	0	25	70	乡镇
654221506504	四连	83.611098	46.870865	0	16	65	乡镇
654223511530	紫泥泉种羊场二连	85.751105	43.989080	0	60	87	UNKNOWN
654202102220	林家庄子村委会	84.772109	44.586381	0	25	70	乡镇
654223108201	二道湾村委会	85.734826	44.355840	0	16	65	乡镇
654221103216	麦海因村委会	83.783107	46.712608	0	14	37	乡镇
654223202209	阿热勒托别村委会	85.384860	44.052750	0	25	47	乡镇
654201202201	上满致巴克村委会	83.148570	46.858251	0	25	41	乡镇
654223104222	王家渠村委会	85.351250	44.357490	0	25	70	乡镇
654221207200	哈拉苏村委会	84.350890	46.249450	0	25	47	乡镇
654202109207	西大沟村委会	84.552400	44.329579	0	30	72	村庄
654225201201	新地南村委会	83.063380	46.230949	0	25	55	村庄
654201504501	一连	82.934641	46.863336	0	16	65	乡镇
654224102200	登格克村委会	83.868480	45.517220	0	25	47	地产小区
654223507519	二十一连	85.619500	44.326200	0	12	34	区县
654223509507	七连	85.308437	44.606046	1	80	100	UNKNOWN
654202104209	二道场子村委会	84.524539	44.459091	0	25	43	乡镇
654223510531	巴管处生活区	85.619500	44.326200	0	12	29	区县
654221507505	五连	83.857230	46.812010	1	80	97	政府机构
654201002008	发展街社区居委会	82.973222	46.748097	1	80	95	政府机构
654201502504	一六二团四连	82.942860	46.643729	1	70	92	UNKNOWN
654223400203	克孜勒乔克村委会	85.533100	43.960792	0	30	45	村庄
654201204204	萨热吾林村委会	83.077930	46.647660	0	25	47	乡镇
654223102227	黄家庄村委会	85.784319	44.639161	0	25	70	乡镇
654224203203	喀拉库木村委会	83.444619	46.274210	0	30	58	村庄
654225501504	五连	82.590462	46.099816	0	16	65	乡镇
654201100212	马依海村委会	82.955237	46.727734	1	80	95	UNKNOWN
654202401205	安集海队村委会	85.099461	43.994569	0	30	58	村庄
654202003006	宜宾路社区	84.714970	44.413870	1	80	97	政府机构
654221100011	南园社区居委会	83.618993	46.519630	0	25	70	乡镇
654221105213	交勒布拉克四村委会	84.304830	46.748509	0	25	47	乡镇
654226400404	洪古尔沃伦队	86.393819	46.904219	1	80	93	UNKNOWN
654223503521	二十一连	85.322905	45.047007	0	14	64	乡镇
654224200213	喀拉苏村委会	83.616900	46.108029	0	25	70	乡镇
654202105208	圪垯泉村委会	84.374490	44.501003	0	16	33	乡镇
654223506518	十七连	85.207790	44.774612	1	80	100	UNKNOWN
654201200210	青冈村委会	83.158930	46.752100	0	25	70	乡镇
654221101207	喀拉开门村委会	84.150358	46.673851	0	16	33	乡镇
654202106218	河坝北村委会	84.214071	44.410677	0	16	47	乡镇
654225200200	喀拉乔克村委会	82.985790	46.163448	0	30	58	UNKNOWN
654202108206	柳墩村委会	84.631030	44.531570	0	25	70	乡镇
654223100021	乌鲁木齐东路社区居委会	85.636431	44.326848	0	30	72	道路
654201203200	窝尔塔阿不都拉村委会	83.277482	46.848732	1	80	95	政府机构
654221102217	下杰勒阿尕什村委会	83.928229	46.601047	1	80	95	UNKNOWN
654202201208	三道坪村	84.740870	44.496149	0	30	100	村庄
654225501400	团部	82.971909	46.202079	1	80	100	政府机构
654201404209	玛勒乌尔村委会	83.242280	46.681329	0	60	74	UNKNOWN
654221101211	巴拉拜村委会	83.626999	46.525700	0	12	24	区县
654226202208	巴音查干村委会	85.954250	46.815020	0	25	47	乡镇
654202507508	九连	84.202120	44.585929	0	30	100	UNKNOWN
654223104218	榆树沟村委会	85.351250	44.357490	0	25	70	乡镇
654201200206	喀拉哈巴克村委会	83.159748	46.754440	1	80	95	政府机构
654201502400	一六二团团部	82.942860	46.643729	1	70	88	UNKNOWN
654224403598	巴尔鲁克山塔斯特林场虚拟生活区	82.995827	45.800599	1	80	95	UNKNOWN
654223507523	二十五连	85.619500	44.326200	0	12	34	区县
654221102201	阿克努拉村委会	83.671332	46.833111	1	80	100	政府机构
654201203216	玉什托别村委会	83.275350	46.848740	0	25	47	乡镇
654223107208	王家庄村委会	85.911609	44.631321	0	25	70	地产小区
654226403402	乌兰哈德队	86.279640	46.864663	1	80	95	UNKNOWN
654223510527	二十九连	85.448009	44.436552	0	14	64	乡镇
654221105205	玛勒塔尕什村委会	84.292364	46.747137	1	80	95	UNKNOWN
654221100007	桥西社区居委会	83.618993	46.519630	0	25	55	乡镇
654202003010	信江路社区	84.714970	44.413870	1	80	97	政府机构
654201100204	上塔斯肯村委会	82.955750	46.750310	1	80	100	政府机构
654224102001	团结社区居委会	83.868480	45.517220	0	25	70	地产小区
654225501512	二连	82.982800	46.201699	0	12	29	区县
654223102231	十坪口村委会	85.784319	44.639161	0	25	55	乡镇
654201204212	加尔苏村委会	83.077930	46.647660	0	25	70	乡镇
654223503537	三十七连	85.322905	45.047007	0	14	64	乡镇
654225204202	切格尔村委会	82.881779	46.163665	1	80	100	政府机构
654202402203	道兰莫墩村委会	84.467009	44.148481	0	30	51	UNKNOWN
654223101221	四道河子村委会	85.705840	44.690440	0	25	70	乡镇
654224200205	萨依巴克村委会	83.463500	46.060079	0	30	58	UNKNOWN
654221202203	毕依克加尔东村委会	83.987789	46.655211	0	25	47	乡镇
654202101201	托斯图村委会	84.266396	44.480857	0	18	35	乡镇
654223512511	十一连	85.645221	44.599869	1	80	100	UNKNOWN
654223511501	一连	85.591423	44.232963	1	80	100	政府机构
654202102211	石桥村委会	84.709910	44.607251	0	30	72	村庄
654201403206	牧二队村委会	83.369611	46.763997	0	18	40	UNKNOWN
654202500507	九连	84.539644	44.931961	0	16	65	乡镇
654221202208	喀拉尕什库热西村委会	83.987789	46.655211	0	25	43	乡镇
654223103217	下四宫村委会	85.863607	44.324923	0	16	38	地产小区
654223506505	四连	85.285667	44.755849	0	16	65	乡镇
654201404202	三园子村委会	83.242280	46.681329	0	60	76	UNKNOWN
654221401203	果园村	83.700733	46.604616	0	25	100	UNKNOWN
654223200205	五户村委会	85.885944	44.495319	0	16	38	乡镇
654226202203	买代尼村委会	85.954250	46.815020	0	25	47	乡镇
654202507503	四连	84.542210	44.740170	0	30	100	UNKNOWN
654223507528	良繁连	85.619500	44.326200	0	12	34	区县
654221208202	京什克苏村委会	83.847048	46.365228	0	25	47	乡镇
654202504513	十五连	84.464826	45.081724	1	80	100	UNKNOWN
654223107203	叶家庄村委会	85.911609	44.631321	0	25	70	地产小区
654202105203	白杨树村委会	84.374490	44.501003	0	16	65	乡镇
654223506513	十二连	85.255438	44.708737	1	80	100	UNKNOWN
654202507515	十六连	84.529049	44.827831	0	30	100	UNKNOWN
654223200213	蘑菇湖村委会	85.937881	44.494238	1	80	95	UNKNOWN
654221402205	百户村	83.778887	46.596613	0	30	100	UNKNOWN
654223511540	石南农场三连	85.870002	44.182811	0	14	37	乡镇
654223107215	雷家庄村委会	85.911609	44.631321	0	25	70	地产小区
654226201205	查干阿德尔格村委会	85.389461	46.800869	0	25	43	乡镇
654202504505	七连	84.379580	45.079389	1	80	100	UNKNOWN
654221405201	奇朗村	83.830556	46.414911	0	30	100	村庄
654223512507	七连	85.610118	44.576792	1	80	100	UNKNOWN
654201002003	花园街社区居委会	82.973222	46.748097	1	80	97	政府机构
654202205201	库鲁曼索都尔村委会	84.184325	44.352443	0	25	43	乡镇
654226500501	一连	86.249447	46.350548	1	80	100	UNKNOWN
654202503501	二连	84.277486	45.053015	1	80	100	UNKNOWN
654221105218	牧业一队	84.304830	46.748509	0	25	55	乡镇
654202102207	沙枣林村委会	84.791860	44.495619	0	30	72	村庄
654223511517	十七连	85.870002	44.182811	0	14	64	乡镇
654223103201	乌兰乌苏村委会	85.825920	44.329050	0	30	58	UNKNOWN
654226101207	昆得令村委会	86.017130	46.518100	0	25	47	地产小区
654221200223	锡伯特村委会	83.627029	46.538340	0	25	43	乡镇
654202500511	十三连	84.491509	45.040692	1	80	100	UNKNOWN
654223202202	塔斯萨依村委会	85.384860	44.052750	0	25	47	乡镇
654226200204	谢仁托热村委会	86.238241	46.340898	0	25	41	乡镇
654202505504	五连	84.581372	45.101922	0	16	65	乡镇
654223106214	上八家户村委会	85.523010	44.056319	0	25	43	乡镇
654202203204	一棵树村委会	84.309761	45.003882	0	25	70	乡镇
654202107212	古尔图村委会	83.769364	44.321265	0	14	37	乡镇
654201406205	牛二队村委会	82.970532	46.753927	1	80	94	UNKNOWN
654221403204	牧业一队	84.025860	46.746899	0	25	55	UNKNOWN
654223201212	二道河子村委会	85.615270	44.373241	0	25	70	村庄
654223105204	胡家庄村委会	85.816020	44.076249	0	30	72	村庄
654223507512	十四连	85.619500	44.326200	0	12	34	区县
654202200214	党家庄子村委会	84.702003	44.440548	0	50	63	UNKNOWN
654202104202	刘家庄子村委会	84.524539	44.459091	0	25	70	乡镇
654202501510	十二连	84.191980	44.566279	0	30	100	UNKNOWN
654226205401	赛尔社区	86.449100	46.197620	0	30	72	UNKNOWN
654223102200	上坑湾村委会	85.784319	44.639161	0	25	43	乡镇
654225101208	库萨克北村委会	82.762034	46.349931	0	14	46	乡镇
654202103206	红柳村委会	84.479210	44.914900	0	25	70	乡镇
654223510516	十七连	85.448009	44.436552	0	14	64	乡镇
654202502500	一连	84.341992	44.743904	0	14	64	乡镇
654223507400	团部	85.619500	44.326200	0	12	44	区县
654223101210	龙口村委会	85.741340	44.866100	0	30	72	村庄
654224202209	布尔合斯台村委会	83.318060	45.826849	0	25	43	村庄
654223503506	五连	85.322905	45.047007	0	14	64	乡镇
654221508511	南区一连	83.612976	46.517517	1	80	93	政府机构
654202204200	头台一村委会	84.649736	44.715313	0	16	38	村庄
654201003002	边城街社区居委会	83.006140	46.736329	1	80	97	政府机构
654223102216	小东渠村委会	85.784319	44.639161	0	25	55	乡镇
654202501506	七连	84.413139	44.820730	0	30	100	UNKNOWN
654226204206	哈尔尕特村委会	85.753641	46.802789	0	25	47	乡镇
654202505400	团部	84.609711	45.025290	0	30	100	村庄
654223101206	新地村委会	85.705840	44.690440	0	25	70	乡镇
654221200219	霍尤尔莫墩村委会	83.627029	46.538340	0	25	47	乡镇
654202502516	十九连	84.447239	44.854679	1	80	100	政府机构
654223503510	十连	85.322905	45.047007	0	14	64	乡镇
654221508507	七连	84.174820	46.860610	0	30	100	UNKNOWN
654223106202	白滩村委会	85.523010	44.056319	0	25	70	乡镇
654201200221	菲尔玛村委会	83.158930	46.752100	0	25	47	乡镇
654202505512	十三连	84.581372	45.101922	0	16	65	乡镇
654221209203	萨尔巴斯村委会	83.563939	46.392280	0	25	43	乡镇
654223202214	托普铁热克村委会	85.384860	44.052750	0	25	47	乡镇
654202107204	艾木台村委会	83.913150	44.551351	0	25	47	乡镇
654223506529	二十八连	85.285667	44.755849	0	16	65	乡镇
654223100010	凯旋路社区居委会	85.594727	44.305521	0	18	66	乡镇
654223105212	潘家庄村委会	85.800240	44.067570	0	25	70	乡镇
654226203202	谢木尼仁库热村委会	86.138920	46.844961	0	25	40	乡镇
654223201204	大泉村委会	85.615270	44.373241	0	25	70	村庄
654221400202	哈拉苏村	83.766830	46.673589	1	80	97	UNKNOWN
654201405203	大畜队村委会	83.133870	47.023981	1	80	94	UNKNOWN
654202200202	墩买里村委会	84.711302	44.500052	0	16	65	村庄
654223507504	五连	85.619500	44.326200	0	12	34	区县
654225204205	白铁克村委会	82.936070	46.188768	0	25	43	乡镇
654201001009	营盘街社区居委会	82.980785	46.747825	1	80	95	政府机构
654223503530	三十连	85.609089	44.820161	0	60	87	UNKNOWN
654224200202	居马拜村委会	83.616900	46.108029	0	25	47	乡镇
654223101226	东三岔坪村委会	85.711480	44.655370	0	30	47	村庄
654221202204	比依克加尔西村委会	83.987789	46.655211	0	25	47	乡镇
654202402204	查干奥娃牧民新村村委会	84.467009	44.148481	0	30	51	UNKNOWN
654223510520	二十一连	85.448009	44.436552	0	14	64	乡镇
654223102236	沙窝道村委会	85.784319	44.639161	0	25	47	乡镇
654201204215	沃布孙村委会	83.077930	46.647660	0	25	43	乡镇
654224203212	拉巴村委会	83.606400	45.936799	0	10	43	区县
654221105202	阿克阔迈村委会	84.304830	46.748509	0	25	43	乡镇
654201100203	塔斯肯村委会	82.901119	46.811670	0	30	58	UNKNOWN
654223507524	二十六连	85.619500	44.326200	0	12	34	区县
654201203211	阔尔勒拜村委会	83.275350	46.848740	0	25	47	乡镇
654221102206	纳仁恰汗库勒村委会	83.936553	46.572847	0	16	33	乡镇
654224100200	城郊村委会	83.618439	45.950860	0	30	72	村庄
654223506509	八连	85.296045	44.650487	1	80	100	UNKNOWN
654201200201	墩格勒克奇村委会	83.158930	46.752100	0	25	41	乡镇
654223200209	蒲秧沟村委会	85.885944	44.495319	0	16	33	乡镇
654202108201	马场湖村委会	84.631030	44.531570	0	25	70	乡镇
654202504509	十一连	84.336845	45.027293	1	80	100	UNKNOWN
654226201209	巴音温都尔村委会	85.389461	46.800869	0	25	47	乡镇
654221102210	阔克塔斯村委会	83.936553	46.572847	0	16	65	乡镇
654201203207	巴斯阿不都拉村委会	83.277482	46.848732	1	80	95	政府机构
654221101200	喀拉苏一村委会	84.150358	46.673851	0	16	38	乡镇
654202507519	二十连	84.713700	44.417801	0	10	33	区县
654201200217	巴斯博孜达克村委会	83.158930	46.752100	0	25	41	乡镇
654223104209	西沟村委会	85.351250	44.357490	0	25	70	乡镇
654223503526	二十六连	85.395876	44.866860	1	80	100	UNKNOWN
654226400403	塔塔勒队	86.543660	46.799329	1	80	97	UNKNOWN
654202502520	五分公司生活区	84.713700	44.417801	0	10	25	区县
654223101230	沙包村委会	85.705840	44.690440	0	25	70	乡镇
654224200214	冬古列克村委会	83.616900	46.108029	0	25	47	乡镇
654223400204	什巴塔勒村委会	85.540800	43.981951	0	25	41	UNKNOWN
654221507502	二连	83.857230	46.812010	1	80	97	政府机构
654201502503	一六二团三连	82.942860	46.643729	1	70	92	UNKNOWN
654202003001	工业区社区居委会	84.718540	44.444740	1	80	100	政府机构
654201100215	五里村委会	83.005950	46.741559	0	25	70	乡镇
654221105214	铁另直拉一村委会	84.304830	46.748509	0	25	43	乡镇
654225501503	四连	82.982800	46.201699	0	12	29	区县
654224203204	江布勒阔拉村委会	83.371100	46.228809	0	25	41	乡镇
654201204203	阿亚克六升村委会	83.077930	46.647660	0	25	43	乡镇
654223102220	窟窿湾村委会	85.784319	44.639161	0	25	47	乡镇
654223105208	下东地村委会	85.800240	44.067570	0	25	43	乡镇
654221100201	桥南村委会	83.618993	46.519630	0	25	47	乡镇
654202200218	沙梁子村委会	84.711302	44.500052	0	16	65	村庄
654224401598	白杨河林场虚拟生活区	85.226367	46.174317	1	80	95	UNKNOWN
654201202206	下阿西尔村委会	83.148570	46.858251	0	25	47	乡镇
654223104225	南戈壁村委会	85.351250	44.357490	0	25	47	乡镇
654223106218	小平原村委会	85.523010	44.056319	0	25	47	乡镇
654202505508	九连	84.581372	45.101922	0	16	65	乡镇
654226200208	开尔德格村委会	86.238241	46.340898	0	25	43	乡镇
654223108206	曹家坡村委会	85.734826	44.355840	0	16	65	乡镇
654221103211	库尔布拉克三村委会	83.783107	46.712608	0	14	32	乡镇
654201504506	六连	83.014302	46.845975	1	80	100	政府机构
654225201206	木乎尔村委会	83.063380	46.230949	0	25	47	村庄
654202203208	托浪格勒村委会	84.309761	45.003882	0	25	55	乡镇
654202109200	科克萨拉村委会	84.577300	44.330271	0	25	47	乡镇
654224202205	朗古特勒村委会	83.318060	45.826849	0	25	47	村庄
654223103221	下三宫村委会	85.863607	44.324923	0	16	33	地产小区
654221200203	三里庄村委会	83.604660	46.502599	0	30	72	村庄
654221104215	阿克米克特甫村委会	83.736496	46.472347	0	16	33	乡镇
654202400203	马房子村委会	84.425100	44.963489	0	30	51	UNKNOWN
654201101214	窝尔塔锡伯图村委会	83.470198	46.838750	0	14	29	乡镇
654201503502	二连	82.905721	46.714636	0	25	70	乡镇
654221506503	三连	83.581490	46.736869	0	30	100	UNKNOWN
654223511537	紫泥泉种羊场十连	85.751105	43.989080	0	60	87	UNKNOWN
654223401205	开干齐村委会	85.363760	44.040541	0	25	47	UNKNOWN
654224100001	镜泉居委会	83.607101	45.930430	1	80	100	政府机构
654226401402	布德恩江队	85.573794	46.767099	0	14	37	乡镇
654225101204	加依勒玛村委会	82.762034	46.349931	0	14	37	乡镇
654201101202	官店村委会	82.978900	46.748600	0	12	29	区县
654221104203	直属四村委会	83.736496	46.472347	0	16	38	乡镇
654221200215	阿尔夏特村委会	83.627029	46.538340	0	25	47	乡镇
654224202213	阿合塔因恰村委会	83.318060	45.826849	0	25	47	村庄
654223511521	二十一连	85.870002	44.182811	0	14	64	乡镇
654202001006	长征路社区居委会	84.678126	44.430666	1	80	97	政府机构
654224201203	库木托别村委会	83.927799	46.105410	0	25	47	乡镇
654221505505	五连	84.263181	46.907320	0	16	65	乡镇
654223201208	五道河子村委会	85.615270	44.373241	0	25	70	村庄
654223507508	十连	85.619500	44.326200	0	12	34	区县
654224510507	七连	84.657523	46.303592	1	80	100	政府机构
654225202200	白布谢村委会	83.174800	46.075388	0	30	58	UNKNOWN
654224101201	阿尔帕萨勒干村村民委员会	84.156960	46.076789	0	30	72	村庄
654223108210	北头道河子村委会	85.734826	44.355840	0	16	33	乡镇
654201202210	下满致巴克村委会	83.148570	46.858251	0	25	41	乡镇
654223506525	二十四连	85.285667	44.755849	0	16	65	乡镇
654225100004	文化街社区	82.991708	46.204249	0	30	72	乡镇
654202109216	查干敖包村委会	84.577300	44.330271	0	25	47	乡镇
654202107208	坎斯瓦提村委会	83.913150	44.551351	0	25	47	乡镇
654225201210	乌尔吉也克村委会	83.063380	46.230949	0	25	47	村庄
654224101200	南湾村委会	84.431450	46.166308	0	25	70	乡镇
654223108211	三道湾村委会	85.734826	44.355840	0	16	65	乡镇
654221103206	直属七村委会	83.783107	46.712608	0	14	37	乡镇
654202507522	二十三连	84.713700	44.417801	0	10	33	区县
654201202211	江木尔扎村委会	83.148570	46.858251	0	25	41	乡镇
654223506524	二十三连	85.285667	44.755849	0	16	65	乡镇
654225100005	团结街社区	82.978818	46.208301	0	50	100	道路
654202109217	乌兰祖湖村委会	84.577300	44.330271	0	25	43	乡镇
654202107209	托列其村委会	83.913150	44.551351	0	25	47	乡镇
654225201211	乌尔吉也克东村委会	83.063380	46.230949	0	25	43	村庄
654223201209	城郊西村委会	85.623450	44.339130	0	30	72	村庄
654223507509	十一连	85.619500	44.326200	0	12	34	区县
654224510506	六连	84.664325	46.303906	1	80	100	政府机构
654225202201	克孜不拉克村委会	83.216350	46.158789	0	25	43	乡镇
654202001007	海河路社区	84.678126	44.430666	1	80	97	政府机构
654224201202	布尔克塔勒村委会	83.927799	46.105410	0	25	43	乡镇
654221505504	四连	84.593540	46.942210	0	30	100	UNKNOWN
654201101203	切特吉也克村委会	83.470198	46.838750	0	14	37	乡镇
654221104202	直属三村委会	83.736496	46.472347	0	16	38	乡镇
654221200214	加依勒玛村委会	83.627029	46.538340	0	25	47	乡镇
654224202212	阔克哈达村委会	83.318060	45.826849	0	25	47	村庄
654223511520	二十连	85.870002	44.182811	0	14	64	乡镇
654221506514	牧二连	83.703453	46.863944	1	80	100	UNKNOWN
654226401403	图拉队	85.573794	46.767099	0	14	46	乡镇
654225101205	吉也克村委会	82.993721	46.355098	0	30	58	UNKNOWN
654223103220	三宫殿村委会	85.863607	44.324923	0	16	65	地产小区
654224202204	克孜勒加尔村委会	83.318060	45.826849	0	25	47	村庄
654221104214	布尔汗德喀拉苏村委会	83.736496	46.472347	0	16	38	乡镇
654201101215	巴斯恰夏村委会	82.978900	46.748600	0	12	26	区县
654202002001	和平路社区居委会	84.678953	44.436018	1	80	100	政府机构
654202400202	萨尔林村委会	84.425100	44.963489	0	30	51	UNKNOWN
654201503503	三连	82.905721	46.714636	0	25	70	乡镇
654221506502	二连	83.679697	46.798054	1	80	100	政府机构
654223511536	紫泥泉种羊场八连	85.751105	43.989080	0	60	87	UNKNOWN
654223401204	阿克加尔村委会	85.363760	44.040541	0	25	70	UNKNOWN
654201202207	喀拉达拉村委会	83.148570	46.858251	0	25	47	乡镇
654223106219	独山村委会	85.460180	43.974540	0	30	72	村庄
654223104224	红土庄子村委会	85.351250	44.357490	0	25	55	乡镇
654221505400	团部	83.612976	46.517517	1	80	95	政府机构
654202505509	十连	84.581372	45.101922	0	16	65	乡镇
654223108207	泉水沟村委会	85.734826	44.355840	0	16	65	乡镇
654221103210	库尔布拉克二村委会	83.783107	46.712608	0	14	32	乡镇
654226200209	阿格湾呼勒呼村委会	86.238241	46.340898	0	25	40	乡镇
654201504507	七连	82.910510	46.846141	0	30	100	UNKNOWN
654225201207	木乎尔一村委会	83.063380	46.230949	0	25	47	村庄
654201406208	玉石海齐村委会	82.970532	46.753927	1	80	93	UNKNOWN
654202203209	苏布尔干村委会	84.309761	45.003882	0	25	55	乡镇
654202109201	塔克里更村委会	84.577300	44.330271	0	25	47	乡镇
654221511506	六连	83.491739	46.506120	0	18	66	乡镇
654223105209	夹山子村委会	85.800240	44.067570	0	25	47	乡镇
654221100200	塔斯尔海村委会	85.169040	46.810970	0	30	58	UNKNOWN
654223509501	一连	85.394509	44.604102	1	80	100	UNKNOWN
654202200219	大榆树村委会	84.711302	44.500052	0	16	65	村庄
654223400205	沙尔托干村委会	85.540800	43.981951	0	25	43	UNKNOWN
654221507503	三连	83.857230	46.812010	1	80	97	政府机构
654201502502	一六二团二连	82.942860	46.643729	1	70	92	UNKNOWN
654201100214	园艺村委会	83.005950	46.741559	0	25	70	乡镇
654221105215	铁另直拉二村委会	84.304830	46.748509	0	25	43	乡镇
654225501502	三连	82.982800	46.201699	0	12	29	区县
654201204202	泉水村委会	83.042820	46.643169	0	30	72	村庄
654223102221	贾家庄村委会	85.784319	44.639161	0	25	70	乡镇
654224203205	航勒村委会	83.606400	45.936799	0	10	33	区县
654223503527	二十七连	85.322905	45.047007	0	14	64	乡镇
654226400402	巴音达拉队	86.393819	46.904219	1	80	94	UNKNOWN
654224101001	同心居委会	84.432011	46.165667	1	80	100	政府机构
654202502521	农一连	84.511100	44.787210	0	30	58	UNKNOWN
654223101231	新垦村委会	85.705840	44.690440	0	25	47	乡镇
654221101201	喀拉苏二村委会	84.150358	46.673851	0	16	38	乡镇
654202507518	十九连	84.447239	44.854679	1	80	100	政府机构
654201200216	肯杰拜村委会	83.158930	46.752100	0	25	47	乡镇
654223104208	夹河子村委会	85.351250	44.357490	0	25	47	乡镇
654202108200	一家地村委会	84.590487	44.459248	1	80	100	政府机构
654202202208	毕家庄子村委会	84.829716	44.590297	0	18	35	乡镇
654202504508	十连	84.416537	45.103533	0	16	65	乡镇
654221102211	喀拉苏村委会	83.936553	46.572847	0	16	65	乡镇
654226201208	夏尔呼尔根村委会	85.372420	46.883040	0	30	58	UNKNOWN
654223107218	沙门子村委会	85.911609	44.631321	0	25	47	地产小区
654201203206	五户村委会	83.275350	46.848740	0	25	47	乡镇
654223506508	七连	85.285667	44.755849	0	16	65	乡镇
654201200200	别肯托和德村委会	83.158930	46.752100	0	25	41	乡镇
654202007002	佛山路社区	84.693257	44.436359	1	80	97	政府机构
654223507525	二十七连	85.619500	44.326200	0	12	34	区县
654201203210	巴斯阿不都拉西村委会	83.275350	46.848740	0	25	55	乡镇
654221102207	喀尔尕勒东村委会	83.936553	46.572847	0	16	38	乡镇
654224100201	铁斯巴汗村委会	83.498109	45.827820	0	30	58	UNKNOWN
654223510521	二十二连	85.448009	44.436552	0	14	64	乡镇
654201204214	喀拉窝依村委会	83.077930	46.647660	0	25	47	乡镇
654221100001	阿尔夏特路社区居委会	83.614700	46.526920	0	40	77	道路
654221105203	阿克霍依玛村委会	84.304830	46.748509	0	25	47	乡镇
654201100202	左公祠村委会	83.005950	46.741559	0	25	47	乡镇
654225204204	均朱热克村委会	82.936070	46.188768	0	25	43	乡镇
654201001008	广场街社区居委会	82.980785	46.747825	1	80	97	政府机构
654223503531	三十一连	85.322905	45.047007	0	14	64	乡镇
654223101227	西三岔坪村委会	85.705840	44.690440	0	25	43	乡镇
654224200203	拜格托别村委会	83.616900	46.108029	0	25	47	乡镇
654221202205	恰尔格阿吉尔干东村委会	83.987789	46.655211	0	25	41	乡镇
654202402205	绒山羊村委会	84.467009	44.148481	0	30	51	UNKNOWN
654223100011	塔城路社区居委会	85.594727	44.305521	0	18	66	乡镇
654223105213	宽沟村委会	85.800240	44.067570	0	25	70	乡镇
654226203203	布呼特村委会	86.696500	46.949440	0	30	58	UNKNOWN
654223201205	三道沟村委会	85.615270	44.373241	0	25	70	村庄
654201405202	牧业三队村委会	83.133870	47.023981	1	80	94	UNKNOWN
654202200203	杨家庄子村委会	84.711302	44.500052	0	16	65	村庄
654223507505	六连	85.619500	44.326200	0	12	34	区县
654223106203	夹槽子村委会	85.523010	44.056319	0	25	70	乡镇
654201200220	库勒村委会	83.158930	46.752100	0	25	47	乡镇
654202505513	十四连	84.581372	45.101922	0	16	65	乡镇
654221209202	库尔特村委会	83.563939	46.392280	0	25	47	乡镇
654223202215	喀拉萨依村委会	85.384860	44.052750	0	25	47	乡镇
654202107205	卡拉布拉克村委会	83.913150	44.551351	0	25	47	乡镇
654225400505	牧业新村	82.719870	46.091390	1	80	97	UNKNOWN
654223506528	二十七连	85.285667	44.755849	0	16	65	乡镇
654223101207	三个庄子村委会	85.705840	44.690440	0	25	70	乡镇
654226404498	赛尔煤业有限责任公司虚拟村	85.995360	46.510766	1	80	97	UNKNOWN
654221200218	宫塔木村委会	83.627029	46.538340	0	25	43	乡镇
654202502517	二十连	84.341992	44.743904	0	14	64	乡镇
654223503511	十一连	85.322905	45.047007	0	14	64	乡镇
654221508506	六连	84.067990	46.779729	0	30	100	UNKNOWN
654223102217	魏家庄村委会	85.766220	44.663869	0	30	72	村庄
654202501507	八连	84.713700	44.417801	0	10	33	区县
654226204207	吉木格尔村委会	85.761092	46.804835	1	80	100	政府机构
654221505508	八连	84.295520	46.843210	0	30	100	UNKNOWN
654223510501	一连	85.619500	44.326200	0	12	34	区县
654202502501	二连	84.341992	44.743904	0	14	64	乡镇
654221104218	乌兰布哈村委会	83.736496	46.472347	0	16	33	乡镇
654224202208	新村委会	83.318060	45.826849	0	25	70	村庄
654223101211	草湖村委会	85.705840	44.690440	0	25	70	乡镇
654223503507	七连	85.526099	44.919442	1	80	100	UNKNOWN
654221508510	十连	83.612976	46.517517	1	80	94	政府机构
654202204201	杨家庄子村委会	84.649736	44.715313	0	16	65	村庄
654201003003	东门外街社区居委会	83.006140	46.736329	1	80	95	政府机构
654221404201	努尔恰西特村	83.710542	46.533507	0	25	100	UNKNOWN
654202501511	十三连	84.108880	44.542152	0	16	65	乡镇
654226205400	蒙根敖包社区	86.449100	46.197620	0	30	58	UNKNOWN
654223102201	渠西村委会	85.784319	44.639161	0	25	70	乡镇
654225101209	毕替库勒村委会	82.958130	46.433110	0	30	58	UNKNOWN
654223510517	十八连	85.448009	44.436552	0	14	64	乡镇
654223105205	田家庄村委会	85.800240	44.067570	0	25	70	乡镇
654223507513	十六连	85.619500	44.326200	0	12	34	区县
654202200215	转湾湖村委会	84.711302	44.500052	0	16	33	村庄
654202104203	王乡庄子村委会	84.521369	44.465351	0	30	58	村庄
654223202203	下西湾村委会	85.393830	44.090699	0	30	72	村庄
654226200205	托热特村委会	86.612760	46.517790	0	30	58	UNKNOWN
654202505505	六连	84.581372	45.101922	0	16	65	乡镇
654223106215	二层台子村委会	85.470260	44.016790	0	30	72	村庄
654202203205	杨树村委会	84.309761	45.003882	0	25	70	乡镇
654201406204	牛一队村委会	82.970532	46.753927	1	80	94	UNKNOWN
654221403205	牧业二队	84.025860	46.746899	0	25	55	UNKNOWN
654223511516	十六连	85.870002	44.182811	0	14	64	乡镇
654223103200	黄家梁村委会	85.863607	44.324923	0	16	65	地产小区
654221200222	巴尔鲁克库热二村委会	83.627029	46.538340	0	25	43	乡镇
654226101206	夏尔托热村委会	86.017130	46.518100	0	25	47	地产小区
654202500510	十二连	84.456890	44.946080	0	30	100	UNKNOWN
654221405200	多拉那布拉克村	83.911188	46.346168	0	30	100	村庄
654223512506	六连	85.754789	44.488352	1	80	100	UNKNOWN
654201002002	公园街社区居委会	82.973222	46.748097	1	80	97	政府机构
654202205200	榆树村委会	84.184325	44.352443	0	25	70	乡镇
654224203209	玛依勒村委会	83.371100	46.228809	0	25	47	乡镇
654202503500	一连	84.713700	44.417801	0	10	33	区县
654223506400	团部	85.272058	44.665098	1	80	100	政府机构
654221105219	牧业二队	84.304830	46.748509	0	25	55	乡镇
654201100218	奇巴尔拉尕什村委会	83.005950	46.741559	0	25	41	乡镇
654221402204	吾尔塔上户村	83.778887	46.596613	0	30	100	UNKNOWN
654223511541	良繁连	85.619500	44.326200	0	12	34	区县
654223107214	杨家湾村委会	85.911609	44.631321	0	25	70	地产小区
654226201204	科克莫墩村委会	85.389461	46.800869	0	25	43	乡镇
654202504504	六连	84.416537	45.103533	0	16	65	乡镇
654202105202	榆树村委会	84.374490	44.501003	0	16	65	乡镇
654223506512	十一连	85.269950	44.654066	1	80	100	UNKNOWN
654223104204	安家庄村委会	85.351250	44.357490	0	25	70	乡镇
654202507514	十五连	84.404321	44.854468	1	80	100	政府机构
654223200212	中渠村委会	85.885944	44.495319	0	16	65	乡镇
654202106204	哈达生布勒格村委会	84.214071	44.410677	0	16	30	乡镇
654221208203	阿克加尔卓塔村委会	83.847048	46.365228	0	25	47	乡镇
654202504512	十四连	84.347163	45.063390	1	80	100	UNKNOWN
654223107202	秦家渠村委会	85.911609	44.631321	0	25	47	地产小区
654223506504	三连	85.284243	44.673324	1	80	100	UNKNOWN
654201404203	别尔致喀拉苏村委会	83.242280	46.681329	0	60	80	UNKNOWN
654221401202	苏木村	83.700733	46.604616	0	25	100	UNKNOWN
654223200204	湖西村委会	85.885944	44.495319	0	16	65	乡镇
654226202202	哈布图哈夏尔村委会	85.954250	46.815020	0	25	43	乡镇
654202507502	三连	84.713700	44.417801	0	10	33	区县
654223104212	套叶铁格村委会	85.351250	44.357490	0	25	43	乡镇
654202504400	团部	84.713700	44.417801	0	10	43	区县
654201001004	文化街社区居委会	82.980785	46.747825	1	80	97	政府机构
654201403207	牧三队村委会	83.369611	46.763997	0	18	40	UNKNOWN
654225204208	牧业新村村委会	82.936070	46.188768	0	25	47	乡镇
654202500506	八连	84.713700	44.417801	0	10	33	区县
654221202209	牧业队	83.987789	46.655211	0	25	70	乡镇
654223103216	三道桥村委会	85.863607	44.324923	0	16	65	地产小区
654202101200	哈图布呼村委会	84.266396	44.480857	0	18	40	乡镇
654223512510	十连	85.658600	44.525430	0	16	65	乡镇
654202200200	其格勒克村委会	84.711302	44.500052	0	16	38	村庄
654223507506	八连	85.420719	44.673732	1	80	100	UNKNOWN
654221400200	斯海因村	83.766830	46.673589	1	80	97	UNKNOWN
654201405201	牧业二队村委会	83.133870	47.023981	1	80	97	UNKNOWN
654223503400	团部	85.583161	44.822644	1	80	100	政府机构
654226203200	阿拉腾布拉格村委会	86.138920	46.844961	0	25	43	乡镇
654223201206	中泉村委会	85.615270	44.373241	0	25	70	村庄
654223100012	人民路社区居委会	85.631247	44.327473	1	80	100	政府机构
654223105210	阔克萨孜村委会	85.800240	44.067570	0	25	70	乡镇
654202109218	二台子村委会	84.577300	44.330271	0	25	70	乡镇
654221403210	萨尔也木勒村	84.025860	46.746899	0	25	100	UNKNOWN
654202107206	赛特尔莫墩村委会	83.913150	44.551351	0	25	43	乡镇
654202505510	十一连	84.589886	45.019916	1	80	100	UNKNOWN
654221103209	萨铁克村委会	83.783107	46.712608	0	14	37	乡镇
654226200210	哈尔苏哈村委会	86.238241	46.340898	0	25	47	乡镇
654223202216	加尔肯加尕村委会	85.384860	44.052750	0	25	43	乡镇
654221209201	阔克苏村委会	83.563939	46.392280	0	25	47	乡镇
654223106200	白土崖子村委会	85.523010	44.056319	0	25	70	乡镇
654226101004	那木德格社区居委会	85.995799	46.511777	1	80	100	政府机构
654221508505	五连	84.074160	46.842429	0	30	100	UNKNOWN
654223503512	十二连	85.477417	44.873475	1	80	100	UNKNOWN
654202502514	十六连	84.529049	44.827831	0	30	100	UNKNOWN
654223101204	河滩村委会	85.705840	44.690440	0	25	70	乡镇
654223510502	二连	85.448009	44.436552	0	14	64	乡镇
654202501504	五连	84.713700	44.417801	0	10	33	区县
654226204204	敖包特村委会	85.753641	46.802789	0	25	47	乡镇
654202001008	塔里木河西路社区	84.678126	44.430666	1	80	94	政府机构
654223102214	蒋家庄村委会	85.784319	44.639161	0	25	70	乡镇
654223511539	石南农场场部	85.860140	44.289640	0	30	58	UNKNOWN
654221404202	京什克阿克苏村	83.710542	46.533507	0	25	100	UNKNOWN
654221508513	南区三连	83.612976	46.517517	1	80	93	政府机构
654223503504	三连	85.427391	44.875182	1	80	100	UNKNOWN
654202204202	头台二村委会	84.649736	44.715313	0	16	38	村庄
654223101212	邓家渠村委会	85.705840	44.690440	0	25	43	乡镇
654202502502	三连	84.341992	44.743904	0	14	64	乡镇
654202103204	沙枣村委会	84.479210	44.914900	0	25	47	乡镇
654223510514	十五连	85.448009	44.436552	0	14	64	乡镇
654226205403	查干屯格社区	86.347547	46.279333	1	80	100	UNKNOWN
654223102202	大梁坡村委会	85.784319	44.639161	0	25	47	乡镇
654202501512	十四连	84.501260	44.744209	0	30	100	UNKNOWN
654202104200	大树庄子村委会	84.524539	44.459091	0	25	55	乡镇
654223507510	十二连	85.619500	44.326200	0	12	34	区县
654202200216	麦家梁村委会	84.711302	44.500052	0	16	33	村庄
654223105206	张家庄村委会	85.802080	44.085200	0	30	72	村庄
654223201210	城郊东村委会	85.615270	44.373241	0	25	47	村庄
654201406207	育种中心村委会	82.970532	46.753927	1	80	94	UNKNOWN
654202107210	桐柳村委会	83.913150	44.551351	0	25	47	乡镇
654225201208	木乎尔二村委会	83.063380	46.230949	0	25	47	村庄
654221403206	牧业三队	84.025860	46.746899	0	25	55	UNKNOWN
654201504508	八连	83.019827	46.883092	1	80	100	政府机构
654202501400	团部	84.713700	44.417801	0	10	43	区县
654223106216	西河沿村委会	85.523010	44.056319	0	25	70	乡镇
654201202208	赤汗格尔村委会	83.148570	46.858251	0	25	43	乡镇
654223202200	博尔通古村委会	85.377411	44.051955	0	30	58	村庄
654226200206	桑布根拜兴村委会	86.254530	46.325679	0	30	58	UNKNOWN
654223108208	金沟河村委会	85.734826	44.355840	0	16	38	乡镇
654202505506	七连	84.581372	45.101922	0	16	65	乡镇
654202500513	十五连	84.404321	44.854468	1	80	100	政府机构
654223103203	老榆树村委会	85.863607	44.324923	0	16	38	地产小区
654221200221	新村委会	83.627029	46.538340	0	25	70	乡镇
654226101205	夏尔甫村委会	86.017130	46.518100	0	25	47	地产小区
654223503528	二十八连	85.322905	45.047007	0	14	64	乡镇
654223511515	十五连	85.870002	44.182811	0	14	64	乡镇
654202503503	四连	84.120720	45.045942	0	14	64	乡镇
654202205203	浩图呼尔村委会	84.184325	44.352443	0	25	47	乡镇
654226500503	五连	86.402535	46.244028	1	80	100	UNKNOWN
654221405203	察哈尔库热村	83.875854	46.359617	0	30	100	村庄
654223512505	五连	85.779736	44.464046	1	80	100	UNKNOWN
654201002001	杜别克街社区居委会	82.973222	46.748097	1	80	97	政府机构
654202101215	乔龙布拉格村委会	84.266396	44.480857	0	18	35	乡镇
654226201207	钦登村委会	85.280481	46.950289	0	30	58	UNKNOWN
654202504507	九连	84.320007	45.041360	1	80	100	UNKNOWN
654201203209	水蘑村委会	83.275350	46.848740	0	25	47	乡镇
654223511542	水二站生活区	85.870002	44.182811	0	14	37	乡镇
654202202207	七户地村委会	84.829716	44.590297	0	18	35	乡镇
654202106211	四棵树村委会	84.230078	44.404444	1	80	100	政府机构
654202507517	十八连	84.108719	44.681884	1	80	100	政府机构
654223200211	西梁村委会	85.852819	44.582111	0	30	72	村庄
654223104207	古道村委会	85.351250	44.357490	0	25	70	乡镇
654201200219	阿热散村委会	83.158930	46.752100	0	25	47	乡镇
654223506511	十连	85.285667	44.755849	0	16	65	乡镇
654202105201	普尔塔村委会	84.374490	44.501003	0	16	38	乡镇
654226100005	巴音西尔格社区	85.718329	46.783280	0	18	49	乡镇
654223107201	板桥村委会	85.930691	44.581429	0	30	72	村庄
654221208200	布尔汗村委会	83.847048	46.365228	0	25	43	乡镇
654202504511	十三连	84.431133	45.059214	1	80	100	UNKNOWN
654221102208	桑墩西村委会	83.936553	46.572847	0	16	38	乡镇
654202106207	金库克村委会	84.214071	44.410677	0	16	33	乡镇
654202202211	黄渠村委会	84.829716	44.590297	0	18	49	乡镇
654223104211	梧桐树村委会	85.351250	44.357490	0	25	70	乡镇
654223200207	新桥湾村委会	85.885944	44.495319	0	16	65	乡镇
654226202201	拉卜楞村委会	85.954250	46.815020	0	25	47	乡镇
654221103225	企业队	83.783107	46.712608	0	14	46	乡镇
654202507501	二连	84.713700	44.417801	0	10	33	区县
654201404200	炮台村委会	83.274712	46.671363	0	16	65	UNKNOWN
654221401201	杨柳村	83.700733	46.604616	0	25	100	UNKNOWN
654223506507	六连	85.285667	44.755849	0	16	65	乡镇
654223101228	永胜村委会	85.645370	44.766449	0	30	72	村庄
654223103215	庙公地村委会	85.863607	44.324923	0	16	47	地产小区
654202500505	六连	84.454330	44.821010	0	30	100	UNKNOWN
654223511503	三连	85.860140	44.289640	0	30	72	UNKNOWN
654201403204	牧四队村委会	83.369611	46.763997	0	18	49	UNKNOWN
654201001007	塔尔巴哈台街社区居委会	82.980785	46.747825	1	80	95	政府机构
654202102213	海子湾村委会	84.772109	44.586381	0	25	70	乡镇
654202206205	牧民新村村委会	84.265511	44.217921	0	25	47	乡镇
654202101203	布苏勒得克布拉格村委会	84.266396	44.480857	0	18	30	乡镇
654223512513	十三连	85.611580	44.554394	1	80	100	UNKNOWN
654225201212	阿克托别村委会	83.148540	46.494870	0	30	58	UNKNOWN
654223506527	二十六连	85.285667	44.755849	0	16	65	乡镇
654201202212	别勒塔木村委会	83.148570	46.858251	0	25	47	乡镇
654224101203	哈图村委会	84.431450	46.166308	0	25	47	乡镇
654221103205	直属六村委会	83.783107	46.712608	0	14	37	乡镇
654202507521	二十二连	84.534470	44.670961	0	30	100	UNKNOWN
654223509514	十六连	85.362046	44.615412	1	80	100	UNKNOWN
654225202202	阿勒腾也木勒村委会	83.216350	46.158789	0	25	41	乡镇
654224510505	五连	84.652827	46.297337	1	80	97	政府机构
654221505507	七连	83.612976	46.517517	1	80	95	政府机构
654225101210	萨热布拉克村委会	82.762034	46.349931	0	14	37	乡镇
654223402201	二分场村委会	85.759681	44.427689	0	25	70	UNKNOWN
654201504400	团部	83.612976	46.517517	1	80	95	政府机构
654223102218	包家庄村委会	85.784319	44.639161	0	25	70	乡镇
654224201201	莫德纳巴村委会	83.865980	46.019890	0	30	58	UNKNOWN
654202001004	朝阳路居委会	84.678126	44.430666	1	80	97	政府机构
654202501508	九连	84.202120	44.585929	0	30	100	UNKNOWN
654223511523	四砖厂生活区	85.870002	44.182811	0	14	37	乡镇
654221508509	九连	83.612976	46.517517	1	80	94	政府机构
654221200217	阔克加依达克村委会	83.627029	46.538340	0	25	47	乡镇
654224202211	萨尔巴斯陶村委会	83.318060	45.826849	0	25	43	村庄
654223101208	桥头村委会	85.720800	44.734281	0	30	72	村庄
654201101200	恩喀德克村委会	82.978900	46.748600	0	12	29	区县
654202502518	二十一连	84.341992	44.743904	0	14	64	乡镇
654221104201	直属二村委会	83.736496	46.472347	0	16	38	乡镇
654225101206	库木托别村委会	82.762034	46.349931	0	14	37	乡镇
654226401400	库尔丹夏尔队	85.573794	46.767099	0	14	32	乡镇
654223510518	十九连	85.448009	44.436552	0	14	64	乡镇
654202103208	西戈壁村委会	84.479210	44.914900	0	25	47	乡镇
654224100003	喀拉盖巴斯陶居委会	83.598128	45.932300	1	80	100	政府机构
654223503508	八连	85.554322	44.864883	1	80	100	UNKNOWN
654223511535	紫泥泉种羊场七连	85.751105	43.989080	0	60	87	UNKNOWN
654221506501	一连	83.672680	46.835610	0	30	100	村庄
654221104217	多拉台村委会	83.736496	46.472347	0	16	33	乡镇
654201101216	窝尔塔阿树塔斯村委会	83.470198	46.838750	0	14	29	乡镇
654202400201	康苏瓦特村委会	84.425100	44.963489	0	30	51	UNKNOWN
654202002002	明珠社区居委会	84.683278	44.436470	1	80	100	政府机构
654224202207	呼喀拉盖村委会	83.318060	45.826849	0	25	47	村庄
654221200201	依萨塔木村委会	83.627029	46.538340	0	25	47	乡镇
654202109202	查干乔龙村委会	84.577300	44.330271	0	25	43	乡镇
654223506531	三十连	85.285667	44.755849	0	16	65	乡镇
654221511505	五连	83.491739	46.506120	0	18	66	乡镇
654201504504	四连	82.998181	46.914839	0	30	100	UNKNOWN
654225201204	团结西村委会	83.063380	46.230949	0	25	47	村庄
654221103213	库玛克一村委会	83.927959	46.718061	0	30	51	UNKNOWN
654223108204	南头道河子村委会	85.734826	44.355840	0	16	38	乡镇
654201202204	上阿西尔村委会	83.148570	46.858251	0	25	47	乡镇
654223509502	二连	85.441759	44.613851	1	80	100	UNKNOWN
654225501501	一连	82.663290	46.179451	1	80	100	政府机构
654223102222	八坪口村委会	85.784319	44.639161	0	25	47	乡镇
654201204201	五井村委会	83.077930	46.647660	0	25	70	乡镇
654201100217	喀拉苏村委会	83.005950	46.741559	0	25	70	乡镇
654202003003	文景路社区居委会	84.714970	44.413870	1	80	97	政府机构
654202401200	牧业一队村委会	84.953610	44.008631	0	25	70	UNKNOWN
654221100014	华凌社区居委会	83.618993	46.519630	0	25	55	乡镇
654223512509	九连	85.649608	44.545419	1	80	100	UNKNOWN
654201502501	一六二团一连	82.942860	46.643729	1	70	92	UNKNOWN
654223101232	下八户村委会	85.705840	44.690440	0	25	70	乡镇
654224101002	利民居委会	84.431450	46.166308	0	25	70	乡镇
654202502522	农二连	84.511100	44.787210	0	30	58	UNKNOWN
654223511519	十九连	85.870002	44.182811	0	14	64	乡镇
654226400401	勃热生呼都格队	86.393819	46.904219	1	80	94	UNKNOWN
654202102209	老庄子村委会	84.772109	44.586381	0	25	70	乡镇
654223503524	二十四连	85.583999	44.835350	1	80	100	UNKNOWN
654201200215	山北东村委会	83.158930	46.752100	0	25	47	乡镇
654221101202	喀拉苏三村委会	84.150358	46.673851	0	16	38	乡镇
654201203205	阿亚克阿不都拉东村委会	83.275350	46.848740	0	25	43	乡镇
654221102212	布呼图村委会	83.936553	46.572847	0	16	38	乡镇
654225200205	加勒帕克塔勒村委会	82.981210	46.194529	0	25	47	乡镇
654221101214	牧业队	84.150358	46.673851	0	16	65	乡镇
654202007001	金穗园社区居委会	84.693257	44.436359	1	80	95	政府机构
654201200203	阿不拉村委会	83.158930	46.752100	0	25	47	乡镇
654221102204	桑墩东村委会	83.936553	46.572847	0	16	47	乡镇
654201203213	库吉拜南村委会	83.275350	46.848740	0	25	43	乡镇
654223507526	二十九连	85.619500	44.326200	0	12	34	区县
654221100002	塔城路社区居委会	83.632644	46.532801	1	80	100	政府机构
654221105200	喀拉也木勒一村委会	84.304830	46.748509	0	25	41	乡镇
654201100201	上二工村委会	83.005950	46.741559	0	25	70	乡镇
654224203210	也格孜库勒村委会	83.371100	46.228809	0	25	47	乡镇
654223102234	胡家渠村委会	85.784319	44.639161	0	25	47	乡镇
654223510522	二十三连	85.448009	44.436552	0	14	64	乡镇
654202500509	十一连	84.542300	44.946339	0	30	100	UNKNOWN
654223103219	苏家庄村委会	85.863607	44.324923	0	16	65	地产小区
654223101224	野地村委会	85.705840	44.690440	0	25	70	乡镇
654224200200	多拉特村委会	83.638890	45.963989	0	30	58	道路
654221202206	恰尔格阿吉尔干西村委会	83.987789	46.655211	0	25	43	乡镇
654223503532	三十二连	85.609089	44.820161	0	60	87	UNKNOWN
654225204207	铁日斯布拉克村委会	82.936070	46.188768	0	25	43	乡镇
654202500508	十连	84.539644	44.931961	0	16	65	乡镇
654224200201	拜亭奇村委会	83.616900	46.108029	0	25	47	乡镇
654223101225	沙梁村委会	85.682750	44.642790	0	30	72	村庄
654223103218	小庙村委会	85.863607	44.324923	0	16	65	地产小区
654221202207	喀拉尕什库热东村委会	83.987789	46.655211	0	25	43	乡镇
654223503533	三十三连	85.609089	44.820161	0	60	87	UNKNOWN
654225204206	塔斯特布拉克村委会	82.936070	46.188768	0	25	43	乡镇
654221100003	上户路社区居委会	83.628845	46.524716	0	30	72	道路
654221105201	喀拉也木勒二村委会	84.304830	46.748509	0	25	41	乡镇
654201100200	二工村委会	82.992074	46.737562	0	30	58	村庄
654223102235	榆树庄村委会	85.784319	44.639161	0	25	70	乡镇
654223510523	二十四连	85.448009	44.436552	0	14	64	乡镇
654221102205	农中村委会	83.936553	46.572847	0	16	65	乡镇
654201203212	库吉拜西村委会	83.275350	46.848740	0	25	43	乡镇
654223507527	三十连	85.619500	44.326200	0	12	34	区县
654202108214	西湖村委会	84.630929	44.546243	0	30	72	村庄
654201200202	五工村委会	83.158930	46.752100	0	25	47	乡镇
654201203204	阿亚克阿不都拉村委会	83.277482	46.848732	1	80	95	政府机构
654221102213	上杰勒阿尕什村委会	83.928229	46.601047	1	80	95	UNKNOWN
654225200204	加勒格孜阿尕什村委会	82.981210	46.194529	0	25	47	乡镇
654202108202	大庄子村委会	84.624817	44.485560	1	80	100	政府机构
654201200214	上山北村委会	83.158930	46.752100	0	25	70	乡镇
654221101203	铁列克特一村委会	84.150358	46.673851	0	16	38	乡镇
654226101208	伊森托洛盖村委会	86.017130	46.518100	0	25	43	地产小区
654223101233	下沙门子村委会	85.705840	44.690440	0	25	43	乡镇
654224101003	准噶尔社区居民委员会	84.431450	46.166308	0	25	43	乡镇
654202502523	农三连	84.511100	44.787210	0	30	72	UNKNOWN
654223511518	十八连	85.870002	44.182811	0	14	64	乡镇
654226400400	伊克乌图布拉格队	86.397738	46.895023	1	80	94	UNKNOWN
654202102208	皇宫村委会	84.772109	44.586381	0	25	47	乡镇
654223503525	二十五连	85.588482	44.776727	1	80	100	UNKNOWN
654223102223	芦湾村委会	85.784319	44.639161	0	25	70	乡镇
654201204200	喀拉尕什村委会	83.077930	46.647660	0	25	47	乡镇
654202003002	文德路社区居委会	84.714970	44.413870	1	80	97	政府机构
654202401201	牧业二队村委会	84.119719	45.230431	1	80	100	政府机构
654201100216	吐马克齐村委会	83.005950	46.741559	0	25	47	乡镇
654221100015	北郊社区居委会	83.618993	46.519630	0	25	70	乡镇
654221507501	一连	83.857230	46.812010	1	80	97	政府机构
654223512508	八连	85.649489	44.491839	1	80	100	UNKNOWN
654223509503	三连	85.432153	44.571036	1	80	100	UNKNOWN
654224102204	恰勒尕依村委会	83.868480	45.517220	0	25	47	地产小区
654223100009	天山路社区居委会	85.594727	44.305521	0	18	66	乡镇
654202109203	查干拜兴东村委会	84.582759	44.291211	0	30	72	村庄
654223506530	二十九连	85.285667	44.755849	0	16	65	乡镇
654221511504	四连	83.491739	46.506120	0	18	66	乡镇
654201504505	五连	82.982980	46.869160	0	30	100	UNKNOWN
654225201205	前进村委会	83.034249	46.201669	0	30	72	村庄
654221103212	库尔布拉克四村委会	83.783107	46.712608	0	14	32	乡镇
654223108205	东戈壁村委会	85.734826	44.355840	0	16	65	乡镇
654201202205	中阿西尔村委会	83.148570	46.858251	0	25	47	乡镇
654223503509	九连	85.516482	44.869476	1	80	100	UNKNOWN
654201503501	一连	82.905721	46.714636	0	25	70	乡镇
654223511534	紫泥泉种羊场六连	85.751105	43.989080	0	60	87	UNKNOWN
654221104216	克孜勒阿更村委会	83.736496	46.472347	0	16	33	乡镇
654202400200	柯棵林村委会	84.425100	44.963489	0	30	51	UNKNOWN
654202002003	团结路社区居委会	84.679600	44.435199	1	80	97	政府机构
654224510400	团部	83.606400	45.936799	0	10	33	区县
654223103222	南渠村委会	85.863607	44.324923	0	16	65	地产小区
654221200200	郊东村委会	83.627029	46.538340	0	25	70	乡镇
654225101207	库萨克南村委会	82.762034	46.349931	0	14	46	乡镇
654226401401	乌兰浩硕队	85.573794	46.767099	0	14	46	乡镇
654223510519	二十连	85.448009	44.436552	0	14	64	乡镇
654202103209	康苏瓦特村委会	84.479210	44.914900	0	25	47	乡镇
654224100002	拜格托别居委会	82.923760	45.572809	0	30	72	UNKNOWN
654223511522	二十三连	85.870002	44.182811	0	14	64	乡镇
654221508508	八连	84.007051	46.765438	1	80	100	政府机构
654221200216	萨斯克阔普尔村委会	83.627029	46.538340	0	25	41	乡镇
654223101209	下野地村委会	85.561540	44.702470	0	30	58	UNKNOWN
654224202210	苏吾尔村委会	83.318060	45.826849	0	25	47	村庄
654201101201	喀依克巴斯村委会	82.978900	46.748600	0	12	29	区县
654202502519	二十二连	84.534470	44.670961	0	30	100	UNKNOWN
654221104200	直属一村委会	83.736496	46.472347	0	16	38	乡镇
654221505506	六连	84.246500	46.895099	0	30	100	UNKNOWN
654225101211	哈拉赛村委会	82.762034	46.349931	0	14	37	乡镇
654223402200	一分场村委会	85.759681	44.427689	0	25	70	UNKNOWN
654224201200	克孜勒克亚村委会	83.986069	46.087097	1	80	100	政府机构
654223102219	坑湾村委会	85.784319	44.639161	0	25	70	乡镇
654202001005	军民路社区居委会	84.678126	44.430666	1	80	95	政府机构
654221511400	场部	83.475730	46.518319	1	80	100	UNKNOWN
654202501509	十一连	84.713700	44.417801	0	10	33	区县
654225202203	吉也克齐村委会	83.216350	46.158789	0	25	43	乡镇
654224510504	四连	84.652827	46.297337	1	80	97	政府机构
654202006001	物流园社区居委会	84.713700	44.417801	0	10	28	区县
654223506526	二十五连	85.285667	44.755849	0	16	65	乡镇
654202109215	扎哈山村委会	84.577300	44.330271	0	25	47	乡镇
654201202213	新肯巴克村委会	83.148570	46.858251	0	25	47	乡镇
654221103204	直属五村委会	83.783107	46.712608	0	14	37	乡镇
654223108213	洪沟村委会	85.734826	44.355840	0	16	65	乡镇
654202507520	二十一连	84.713700	44.417801	0	10	33	区县
654202503514	砖厂生活区	84.713700	44.417801	0	10	28	区县
654202101202	乌苏查次村委会	84.266396	44.480857	0	18	40	乡镇
654223512512	十二连	85.607964	44.603160	1	80	100	UNKNOWN
654223103214	鸭子泉村委会	85.863607	44.324923	0	16	65	地产小区
654223101229	渠边村委会	85.705840	44.690440	0	25	70	乡镇
654202500504	五连	84.539644	44.931961	0	16	65	乡镇
654221104220	牧业村	83.736496	46.472347	0	16	65	乡镇
654223511502	二连	85.870002	44.182811	0	14	64	乡镇
654201403205	牧一队村委会	83.369611	46.763997	0	18	40	UNKNOWN
654201001006	新华街社区居委会	82.980785	46.747825	1	80	97	政府机构
654223104210	阔克吉迭村委会	85.351250	44.357490	0	25	41	乡镇
654223512400	团部	85.677463	44.486975	1	80	100	政府机构
654223200206	聂家渠村委会	85.885944	44.495319	0	16	38	乡镇
654221103224	知青村	83.783107	46.712608	0	14	64	乡镇
654226202200	查干库勒村委会	85.957971	46.820446	0	30	58	村庄
654202507500	一连	84.713700	44.417801	0	10	43	区县
654201404201	窝尔塔博孜达克村委会	83.242280	46.681329	0	60	74	UNKNOWN
654221401200	下大渠村	83.700733	46.604616	0	25	100	UNKNOWN
654223506506	五连	85.285667	44.755849	0	16	65	乡镇
654202201200	夹河子村委会	84.793253	44.487645	0	18	40	乡镇
654226100004	幸福家园社区	85.729200	46.799591	1	80	100	地产小区
654223107200	柳毛湾村委会	85.911609	44.631321	0	25	55	地产小区
654221208201	阿热勒苏村委会	83.847048	46.365228	0	25	47	乡镇
654202504510	十二连	84.494739	45.096493	1	80	100	UNKNOWN
654221102209	木呼苏村委会	83.936553	46.572847	0	16	33	乡镇
654202507516	十七连	84.490545	44.854528	1	80	100	政府机构
654223104206	头渠村委会	85.351250	44.357490	0	25	47	乡镇
654201200218	巴斯博孜达克东村委会	83.158930	46.752100	0	25	40	乡镇
654223506510	九连	85.285667	44.755849	0	16	65	乡镇
654202105200	百泉村委会	84.329640	44.414650	0	30	72	村庄
654226201206	乌兰布热村委会	85.389461	46.800869	0	25	43	乡镇
654202504506	八连	84.366247	45.011441	1	80	100	UNKNOWN
654201203208	巴斯阿不都拉东村委会	83.275350	46.848740	0	25	47	乡镇
654223107216	黄渠庙村委会	85.911609	44.631321	0	25	47	地产小区
654223511543	水三站生活区	85.870002	44.182811	0	14	37	乡镇
654202500400	团部	84.713700	44.417801	0	10	43	区县
654202106210	查干布勒格村委会	84.214071	44.410677	0	16	33	乡镇
654202503502	三连	84.120720	45.045942	0	14	64	乡镇
654202205202	扎根塔拉村委会	84.219743	44.329588	1	80	100	政府机构
654226500502	三连	86.327488	46.349688	0	18	66	乡镇
654221405202	柯克苏村	83.651349	46.351847	0	30	100	村庄
654223512504	四连	85.658600	44.525430	0	16	65	乡镇
654202500512	十四连	84.539644	44.931961	0	16	65	乡镇
654223103202	万家槽子村委会	85.863607	44.324923	0	16	33	地产小区
654226101204	乌兰浩达村委会	86.017130	46.518100	0	25	43	地产小区
654221200220	巴尔鲁克库热一村委会	83.627029	46.538340	0	25	43	乡镇
654223503529	二十九连	85.322905	45.047007	0	14	64	乡镇
654223511514	十四连	85.870002	44.182811	0	14	64	乡镇
654202107211	乌兰叶尔格村委会	83.913150	44.551351	0	25	41	乡镇
654201406206	白羊队村委会	82.970532	46.753927	1	80	93	UNKNOWN
654225201209	乌尔吉也克西村委会	83.063380	46.230949	0	25	43	村庄
654201504509	九连	82.972643	46.893222	1	80	100	政府机构
654202203207	塔勒德村委会	84.309761	45.003882	0	25	47	乡镇
654223106217	东山村委会	85.468530	43.984550	0	30	72	村庄
654201202209	奴拉村委会	83.148570	46.858251	0	25	47	乡镇
654223108209	沙河子村委会	85.706080	44.406070	0	30	72	村庄
654226200207	巴音托洛盖村委会	86.238241	46.340898	0	25	43	乡镇
654202505507	八连	84.581372	45.101922	0	16	65	乡镇
654202403498	虚拟干雄布拉村委会	84.297915	44.504397	1	80	100	政府机构
654202104201	包家庄子村委会	84.524539	44.459091	0	25	47	乡镇
654223507511	十三连	85.619500	44.326200	0	12	34	区县
654202200217	太阳沟村委会	84.711302	44.500052	0	16	65	村庄
654223105207	下戈壁村委会	85.800240	44.067570	0	25	47	乡镇
654223201211	叶家湖村委会	85.615270	44.373241	0	25	70	村庄
654221508400	团部	83.612976	46.517517	1	80	95	政府机构
654202103205	苇湖村委会	84.479210	44.914900	0	25	70	乡镇
654223510515	十六连	85.448009	44.436552	0	14	64	乡镇
654226205402	哈同社区	86.449100	46.197620	0	30	72	UNKNOWN
654223102203	海子湾村委会	85.784319	44.639161	0	25	70	乡镇
654202501513	十五连	84.108880	44.542152	0	16	65	乡镇
654223511538	紫泥泉种羊场水管所	85.751105	43.989080	0	60	87	UNKNOWN
654201003001	新城街社区居委会	83.006140	46.736329	1	80	95	政府机构
654221404203	托布塔勒村	83.710542	46.533507	0	25	100	UNKNOWN
654223503505	四连	85.541721	44.831058	1	80	100	UNKNOWN
654202204203	榆树村委会	84.649736	44.715313	0	16	65	村庄
654223101213	北沙沟村委会	85.711480	44.655370	0	30	51	村庄
654202502503	四连	84.542210	44.740170	0	30	100	UNKNOWN
654223510503	三连	85.448009	44.436552	0	14	64	乡镇
654202501505	六连	84.454330	44.821010	0	30	100	UNKNOWN
654226204205	哈尔萨拉村委会	85.761084	46.804837	1	80	100	政府机构
654202001009	颖河路社区	84.678126	44.430666	1	80	97	政府机构
654223102215	老沙湾村委会	85.784319	44.639161	0	25	70	乡镇
654221508504	四连	84.088880	46.818530	0	30	100	UNKNOWN
654223503513	十三连	85.372091	44.885766	1	80	100	UNKNOWN
654202502515	十七连	84.490545	44.854528	1	80	100	政府机构
654223101205	中心村委会	85.731800	44.743551	0	30	72	村庄
654202107207	喀拉巴斯桃村委会	83.913150	44.551351	0	25	43	乡镇
654202505511	十二连	84.456890	44.946080	0	30	100	UNKNOWN
654221103208	吾巴勒一村委会	83.755989	46.717869	0	50	68	UNKNOWN
654223202217	玛依托别村委会	85.384860	44.052750	0	25	47	乡镇
654221209200	吉也克村委会	83.608310	46.344829	0	30	58	UNKNOWN
654223106201	十三户村委会	85.523010	44.056319	0	25	70	乡镇
654226101005	阳光社区	86.017130	46.518100	0	25	70	地产小区
654202200201	兰干买里村委会	84.711302	44.500052	0	16	38	村庄
654223507507	九连	85.367056	44.748520	1	80	100	UNKNOWN
654221400201	吐尔滚村	83.766830	46.673589	1	80	97	UNKNOWN
654201405200	牧业一队村委会	83.133870	47.023981	1	80	97	UNKNOWN
654226203201	克勒根特村委会	86.138920	46.844961	0	25	43	乡镇
654223201207	西泉村委会	85.615270	44.373241	0	25	70	村庄
654223100013	沙城路社区居委会	85.620690	44.340140	0	40	77	道路
654223105211	西地村委会	85.800240	44.067570	0	25	70	乡镇
654223506521	二十连	85.285667	44.755849	0	16	65	乡镇
654221103203	直属四村委会	83.783107	46.712608	0	14	37	乡镇
654223108214	南干梁村委会	85.734826	44.355840	0	16	33	乡镇
654201202214	克浅村委会	83.148570	46.858251	0	25	47	乡镇
654224510503	三连	84.652827	46.297337	1	80	97	政府机构
654223509512	十三连	85.323082	44.590011	1	80	100	UNKNOWN
654225202204	江阿不拉克村委会	83.216350	46.158789	0	25	47	乡镇
654223100018	奎屯路社区居委会	85.611849	44.333331	0	40	77	道路
654223510508	十连	85.448009	44.436552	0	14	64	乡镇
654221505501	一连	84.272370	46.863940	0	30	100	UNKNOWN
654202001002	振兴路居委会	84.678126	44.430666	1	80	95	政府机构
654224201207	旦木村委会	83.927799	46.105410	0	25	47	乡镇
654223503518	十八连	85.322905	45.047007	0	14	64	乡镇
654221506511	十一连	83.611098	46.870865	0	16	65	乡镇
654226402400	巴尕乌图布拉格队	85.728400	46.792901	0	10	25	区县
654223511525	天顺木业生活区	85.870002	44.182811	0	14	46	乡镇
654201101206	哈巴克村委会	83.470198	46.838750	0	14	37	乡镇
654221104207	别斯塔因恰村委会	83.600720	46.474944	0	30	58	村庄
654221200211	清泉村委会	83.627029	46.538340	0	25	70	乡镇
654223509400	团部	85.363452	44.607228	1	80	100	政府机构
654224202217	多拉特村委会	83.638890	45.963989	0	30	58	道路
654226401406	阿尔哈拉特队	85.573794	46.767099	0	14	46	乡镇
654225101200	窝尔塔吉也克东村委会	82.762034	46.349931	0	14	32	乡镇
654224201211	井什克苏中村委会	83.927799	46.105410	0	25	47	乡镇
654223102208	胡家海子村委会	85.816021	44.693509	0	30	58	村庄
654202501518	二十连	84.108880	44.542152	0	16	65	乡镇
654224100005	文化街社区居委会	83.606880	45.931999	0	25	70	乡镇
654201503506	六连	82.905721	46.714636	0	25	70	乡镇
654221404208	牧业四队	84.377511	46.511508	1	80	95	UNKNOWN
654223511533	紫泥泉种羊场五连	85.751105	43.989080	0	60	87	UNKNOWN
654221506507	七连	83.595030	46.842409	0	30	100	UNKNOWN
654223401201	喀拉阔勒村委会	85.363760	44.040541	0	25	47	UNKNOWN
654221508519	南区生活区	83.612976	46.517517	1	80	94	政府机构
654223101218	三道坪村委会	85.705840	44.690440	0	25	70	乡镇
654224202201	杰特窝巴村委会	83.318060	45.826849	0	25	43	村庄
654221200207	吾守尔台巴斯陶村委会	83.627029	46.538340	0	25	47	乡镇
654202502508	九连	84.511100	44.787210	0	30	72	UNKNOWN
654221104211	赛特尔开村委会	83.736496	46.472347	0	16	33	乡镇
654201101210	阿热勒村委会	83.470198	46.838750	0	14	64	乡镇
654202002004	解放路社区居委会	84.679600	44.435199	1	80	97	政府机构
654225201202	新地西村委会	83.063380	46.230949	0	25	47	村庄
654201504502	二连	82.826936	46.701367	1	80	100	UNKNOWN
654221511503	三连	83.491739	46.506120	0	18	66	乡镇
654202109204	查干拜兴西村委会	84.575380	44.298150	0	30	72	村庄
654223104221	营盘村委会	85.362350	44.359961	0	30	72	村庄
654201202202	克孜贝提村委会	83.148570	46.858251	0	25	47	乡镇
654221103215	库玛克三村委会	83.927959	46.718061	0	30	51	UNKNOWN
654223108202	兴奋村委会	85.737337	44.302777	0	30	58	村庄
654223509504	四连	85.404590	44.561969	0	30	100	UNKNOWN
654224102203	萨尔加克村委会	83.868480	45.517220	0	25	55	地产小区
654201100211	喀浪古尔村委会	83.005950	46.741559	0	25	43	乡镇
654202003005	柳江路社区	84.714970	44.413870	1	80	97	政府机构
654202401206	库来村委会	84.953610	44.008631	0	25	47	UNKNOWN
654202503509	十连	84.120720	45.045942	0	14	64	乡镇
654221100012	东城社区居委会	83.618993	46.519630	0	25	70	乡镇
654221105210	阿布拉托尕木村委会	84.304830	46.748509	0	25	43	乡镇
654223102224	白家庄村委会	85.784319	44.639161	0	25	70	乡镇
654201204207	园林村委会	83.084091	46.667014	0	30	72	村庄
654224203200	玛依拉根村委会	83.371100	46.228809	0	25	43	乡镇
654225501507	八连	82.982800	46.201699	0	12	29	区县
654223400200	交勒萨依村委会	85.540800	43.981951	0	25	47	UNKNOWN
654221507506	六连	83.857230	46.812010	1	80	97	政府机构
654201502507	一六二团七连	82.942860	46.643729	1	70	92	UNKNOWN
654202500519	试验站生活区	84.539644	44.931961	0	16	47	乡镇
654224200210	阿克赛村委会	83.616900	46.108029	0	25	47	乡镇
654223103209	李家坪村委会	85.863607	44.324923	0	16	65	地产小区
654223101234	杨家道村委会	85.705840	44.690440	0	25	47	乡镇
654223503522	二十二连	85.603943	44.820076	1	80	100	UNKNOWN
654202505520	十九连	84.581372	45.101922	0	16	65	乡镇
654221101204	铁列克特二村委会	84.150358	46.673851	0	16	38	乡镇
654201200213	山北村委会	83.204220	46.764390	0	30	72	村庄
654221102214	喀尔尕勒西村委会	83.936553	46.572847	0	16	38	乡镇
654223100022	老沙湾路社区居委会	85.635574	44.347734	0	30	72	道路
654201203203	沙沃村委会	83.275350	46.848740	0	25	70	乡镇
654223105220	家什窑村委会	85.716570	43.951591	0	30	58	UNKNOWN
654202108205	巴扎街村委会	84.631030	44.531570	0	25	47	乡镇
654225200203	北哈拉布拉村委会	82.981210	46.194529	0	25	43	乡镇
654201200205	克孜勒加尔村委会	83.129710	46.773680	0	30	58	UNKNOWN
654221101212	齐勒布拉克村委会	84.150358	46.673851	0	16	38	乡镇
654201203215	叶留拜村委会	83.275350	46.848740	0	25	47	乡镇
654221102202	吉也尼铁克村委会	83.936553	46.572847	0	16	38	乡镇
654202108213	大泉村委会	84.631030	44.531570	0	25	70	乡镇
654223507520	二十二连	85.619500	44.326200	0	12	34	区县
654225501511	鹿场	82.590462	46.099816	0	16	65	乡镇
654201204211	三工村委会	83.077930	46.647660	0	25	47	乡镇
654223102232	西坑湾村委会	85.784319	44.639161	0	25	47	乡镇
654221105206	吾音克村委会	84.304830	46.748509	0	25	47	乡镇
654221100004	红花路社区居委会	83.639950	46.531549	0	40	77	道路
654201100207	哈拉墩村委会	83.005950	46.741559	0	25	47	乡镇
654202101209	哈尔布拉格村委会	84.266396	44.480857	0	18	35	乡镇
654223510524	二十五连	85.448009	44.436552	0	14	64	乡镇
654226403401	布呼特恩呼都格队	86.279640	46.864663	1	80	94	UNKNOWN
654223101222	小树庄村委会	85.705840	44.690440	0	25	43	乡镇
654224200206	乎吉尔台村委会	83.703810	46.015558	0	30	58	UNKNOWN
654221202200	多尔加甫村委会	83.987789	46.655211	0	25	47	乡镇
654202402200	托斯台村委会	84.467009	44.148481	0	30	47	UNKNOWN
654225204201	江格斯南村委会	82.936070	46.188768	0	25	47	乡镇
654223511509	九连	85.870002	44.182811	0	14	64	乡镇
654202102219	加拿斯拜村委会	84.772109	44.586381	0	25	47	乡镇
654223503534	三十四连	85.322905	45.047007	0	14	64	乡镇
654221400206	汇干村	83.588190	46.460741	0	20	100	UNKNOWN
654201405207	农业二队村委会	83.133870	47.023981	1	80	97	UNKNOWN
654202104210	三道场子村委会	84.524539	44.459091	0	25	43	乡镇
654202200206	莲花池村委会	84.711302	44.500052	0	16	65	村庄
654202502400	团部	84.713700	44.417801	0	10	43	区县
654223105216	卡子湾村委会	85.800240	44.067570	0	25	47	乡镇
654223100014	光明路社区居委会	85.594727	44.305521	0	18	66	乡镇
654226501400	矿部社区	85.728400	46.792901	0	10	33	区县
654223201200	河西村委会	85.673010	44.364031	0	30	72	村庄
654202107200	桥牛布拉克村委会	83.913150	44.551351	0	25	43	乡镇
654225400500	察汗托海村委会	82.719870	46.091390	1	80	93	UNKNOWN
654201202218	阔克扩甫尔村委会	83.148570	46.858251	0	25	43	乡镇
654223106206	庙台子村委会	85.523010	44.056319	0	25	70	乡镇
654226101002	佐斯腾社区居委会	86.001762	46.522330	1	80	100	政府机构
654202505516	十七连	84.581372	45.101922	0	16	65	乡镇
654223202210	齐勒乌则克村委会	85.384860	44.052750	0	25	47	乡镇
654223511529	紫泥泉种羊场场部	85.751105	43.989080	0	60	87	UNKNOWN
654221508503	三连	84.025690	46.850460	0	30	100	UNKNOWN
654223503514	十四连	85.479105	44.849859	1	80	100	UNKNOWN
654223101202	油坊庄子村委会	85.705840	44.690440	0	25	70	乡镇
654202502512	十四连	84.501260	44.744209	0	30	100	UNKNOWN
654223510504	四连	85.448009	44.436552	0	14	64	乡镇
654223102212	郭家庄村委会	85.784319	44.639161	0	25	70	乡镇
654226204202	夏尔古村委会	85.753641	46.802789	0	25	47	乡镇
654202501502	三连	84.108880	44.542152	0	16	65	乡镇
654221508515	南区五连	83.612976	46.517517	1	80	93	政府机构
654223503502	一连	85.571441	44.830412	1	80	100	政府机构
654202204204	汪家庄子村委会	84.649736	44.715313	0	16	38	村庄
654201003006	爱国街社区居委会	83.006140	46.736329	1	80	95	政府机构
654221404204	别勒其尔一村	84.377511	46.511508	1	80	95	UNKNOWN
654202502504	五连	84.341992	44.743904	0	14	64	乡镇
654223101214	新窦村委会	85.705840	44.690440	0	25	47	乡镇
654223510512	十三连	85.448009	44.436552	0	14	64	乡镇
654202103202	三道桥村委会	84.479210	44.914900	0	25	70	乡镇
654202501514	十六连	84.529049	44.827831	0	30	100	UNKNOWN
654223102204	西野地村委会	85.784319	44.639161	0	25	55	乡镇
654223507516	西三站生活区	85.619500	44.326200	0	12	29	区县
654202200210	八十四户村委会	84.702003	44.440548	0	50	73	UNKNOWN
654223509508	八连	85.381095	44.554223	1	80	100	UNKNOWN
654223105200	东湾村委会	85.806500	44.063980	0	30	72	村庄
654202109208	苏里更村委会	84.577300	44.330271	0	25	43	乡镇
654201406201	农二队村委会	82.970532	46.753927	1	80	97	UNKNOWN
654223202206	杰勒阿尕什村委会	85.384860	44.052750	0	25	43	乡镇
654202505500	一连	84.581372	45.101922	0	16	65	乡镇
654226200200	夏孜盖村委会	86.239652	46.341049	1	80	95	政府机构
654223510400	团部	85.399114	44.431806	1	80	100	政府机构
654223106210	金河畔村委会	85.523010	44.056319	0	25	47	乡镇
654223103205	水磨沟村委会	85.863607	44.324923	0	16	65	地产小区
654226101203	西特木恩哈布其克村委会	86.017130	46.518100	0	25	43	地产小区
654202500515	十七连	84.490545	44.854528	1	80	100	政府机构
654223511513	十三连	85.870002	44.182811	0	14	64	乡镇
654202102203	阿克其村委会	84.772109	44.586381	0	25	70	乡镇
654223102228	黄沙梁村委会	85.769730	44.676930	0	30	58	UNKNOWN
654202503505	六连	84.254256	45.065874	1	80	100	UNKNOWN
654202003009	中山路社区	84.714970	44.413870	1	80	97	政府机构
654221405205	赛尔墩村	83.792459	46.377217	0	16	47	乡镇
654201002007	宏图街社区居委会	82.973222	46.748097	1	80	97	政府机构
654202101213	草原新村委会	84.266396	44.480857	0	18	49	乡镇
654223512503	三连	85.658600	44.525430	0	16	65	乡镇
654226500505	八连	86.402463	46.166958	1	80	100	UNKNOWN
654202205205	哈尔扎木村委会	84.184325	44.352443	0	25	47	乡镇
654223107211	皇渠村委会	85.911609	44.631321	0	25	47	地产小区
654202504501	二连	84.416537	45.103533	0	16	65	乡镇
654221102218	牧业队	83.936553	46.572847	0	16	65	乡镇
654221402201	哈萨克拜村	83.778887	46.596613	0	30	100	UNKNOWN
654202106217	更生村委会	84.214071	44.410677	0	16	65	乡镇
654202202201	詹家庄子村委会	84.829716	44.590297	0	18	35	乡镇
654223511544	紫泥泉种羊场一连	85.751105	43.989080	0	60	87	UNKNOWN
654223104201	新渠村委会	85.351250	44.357490	0	25	70	乡镇
654221101208	拉斯拜村委会	84.222263	46.709205	1	80	100	政府机构
654226202211	道兰莫敦村委会	85.954250	46.815020	0	25	47	乡镇
654202507511	十二连	84.191980	44.566279	0	30	100	UNKNOWN
654223200217	硝坑村委会	85.885944	44.495319	0	16	38	乡镇
654201404210	阿克奇村委会	83.272324	46.704833	1	80	100	政府机构
654223506517	十六连	85.153555	44.827726	1	80	100	UNKNOWN
654221208206	牧业队	83.847048	46.365228	0	25	70	乡镇
654226100003	巴格茨社区居委会	85.725548	46.789624	1	80	100	政府机构
654223107207	葫芦峪村委会	85.911609	44.631321	0	25	70	地产小区
654201203219	阔涅阔梅村委会	83.275350	46.848740	0	25	47	乡镇
654223200201	商户地西村委会	85.885944	44.495319	0	16	47	乡镇
654202507507	八连	84.713700	44.417801	0	10	33	区县
654226202207	布林村委会	85.954250	46.815020	0	25	47	乡镇
654221103223	牧场牧业队	83.783107	46.712608	0	14	46	乡镇
654201200209	阔斯哈巴克村委会	83.158930	46.752100	0	25	43	乡镇
654223104217	马家庄村委会	85.323810	44.380340	0	30	72	村庄
654223506501	红光镇区生活区	85.285667	44.755849	0	16	38	乡镇
654202201207	邓家湖村委会	84.793253	44.487645	0	18	40	乡镇
654201404206	克什吉也克二村委会	83.242280	46.681329	0	60	76	UNKNOWN
654202500503	四连	84.539644	44.931961	0	16	65	乡镇
654223103213	王家梁村委会	85.863607	44.324923	0	16	65	地产小区
654223503538	三十八连	85.609089	44.820161	0	60	87	UNKNOWN
654202206203	更生村委会	84.265511	44.217921	0	25	70	乡镇
654201403202	农二队村委会	83.369611	46.763997	0	18	66	UNKNOWN
654201001001	建设街社区居委会	82.980785	46.747825	1	80	97	政府机构
654202102215	西海子村委会	84.772109	44.586381	0	25	70	乡镇
654223511505	五连	85.870002	44.182811	0	14	64	乡镇
654202503513	十四连	84.207801	45.063479	1	80	100	UNKNOWN
654221100008	桥东社区居委会	83.618993	46.519630	0	25	55	乡镇
654223512515	十五连	85.677413	44.471167	1	80	100	UNKNOWN
654223510528	三十连	85.448009	44.436552	0	14	64	乡镇
654202101205	赛克腾呼苏木村委会	84.266396	44.480857	0	18	40	乡镇
654221100009	朝阳新村社区居委会	83.618993	46.519630	0	25	70	乡镇
654202503512	十三连	84.299569	45.096280	1	80	100	UNKNOWN
654223510529	三十一连	85.448009	44.436552	0	14	64	乡镇
654223512514	十四连	85.610463	44.517840	1	80	100	UNKNOWN
654202101204	梧桐村委会	84.266396	44.480857	0	18	66	乡镇
654202500502	三连	84.568220	44.892630	0	30	100	UNKNOWN
654223103212	皇宫村委会	85.863607	44.324923	0	16	38	地产小区
654201403203	农三队村委会	83.369611	46.763997	0	18	66	UNKNOWN
654223511504	四连	85.870002	44.182811	0	14	64	乡镇
654221406202	牧业三队	83.632606	46.509263	1	80	95	UNKNOWN
654223200200	商户地东村委会	85.885944	44.495319	0	16	33	乡镇
654226500400	团部	86.352815	46.279277	1	80	100	UNKNOWN
654202507506	七连	84.413139	44.820730	0	30	100	UNKNOWN
654221103222	牧场农业队	83.783107	46.712608	0	14	46	乡镇
654226202206	布恩布特村委会	85.954250	46.815020	0	25	43	乡镇
654201200208	上喀拉哈巴克村委会	83.191316	46.763267	1	80	95	UNKNOWN
654223104216	安集海村委会	85.351250	44.357490	0	25	47	乡镇
654202503400	团部	84.713700	44.417801	0	10	43	区县
654202201206	红房子村委会	84.762015	44.483000	1	80	100	政府机构
654202105210	橙槽村委会	84.374490	44.501003	0	16	65	乡镇
654201404207	路南村委会	83.242280	46.681329	0	60	87	UNKNOWN
654221401206	牧业队	83.700733	46.604616	0	25	70	UNKNOWN
654226100002	巴音布拉克社区居委会	85.720892	46.792888	1	80	100	政府机构
654223107206	汇民渠村委会	85.911609	44.631321	0	25	43	地产小区
654201203218	阿亚克库吉拜村委会	83.275350	46.848740	0	25	41	乡镇
654202106200	哈尔毛墩村委会	84.214071	44.410677	0	16	47	乡镇
654223104200	农庄村委会	85.351250	44.357490	0	25	70	乡镇
654226202210	江根科克村委会	85.954250	46.815020	0	25	43	乡镇
654221101209	萨尔吾楞村委会	84.150358	46.673851	0	16	33	乡镇
654202507510	十一连	84.713700	44.417801	0	10	33	区县
654223200216	二桥村委会	85.885944	44.495319	0	16	65	乡镇
654201404211	托别库拉村委会	83.242280	46.681329	0	60	76	UNKNOWN
654202105206	葫麻梁村委会	84.387367	44.429777	1	80	100	政府机构
654223506516	十五连	85.236998	44.726823	1	80	100	UNKNOWN
654223107210	窦家庄村委会	85.911609	44.631321	0	25	70	地产小区
654223511400	团部	85.859874	44.286895	1	80	100	政府机构
654202504500	一连	84.416537	45.103533	0	16	65	乡镇
654226201200	铁布肯乌散村委会	85.389461	46.800869	0	25	47	乡镇
654221402200	阔什比克村	83.778887	46.596613	0	30	100	UNKNOWN
654202106216	榆树泉村委会	84.214071	44.410677	0	16	38	乡镇
654223511545	石南农场一连	85.591423	44.232963	1	80	100	政府机构
654223102229	沙沟沿村委会	85.784319	44.639161	0	25	70	乡镇
654202503504	五连	84.120720	45.045942	0	14	64	乡镇
654202003008	洛河路社区	84.714970	44.413870	1	80	97	政府机构
654221405204	莫合台村	83.792459	46.377217	0	16	65	乡镇
654202101212	喇嘛布楞村委会	84.266396	44.480857	0	18	35	乡镇
654223512502	二连	85.764925	44.505233	1	80	100	UNKNOWN
654226500504	六连	86.424283	46.210728	1	80	100	UNKNOWN
654202205204	白杨树村委会	84.184325	44.352443	0	25	70	乡镇
654223103204	西树窝村委会	85.863607	44.324923	0	16	38	地产小区
654226101202	查斯托洛盖村委会	86.017130	46.518100	0	25	43	地产小区
654202500514	十六连	84.529049	44.827831	0	30	100	UNKNOWN
654223511512	十二连	85.870002	44.182811	0	14	64	乡镇
654202102202	泉水沟村委会	84.772109	44.586381	0	25	70	乡镇
654202109209	巴音阿蒙村委会	84.577300	44.330271	0	25	43	乡镇
654202203201	昌德村委会	84.309761	45.003882	0	25	47	乡镇
654201406200	农一队村委会	82.970532	46.753927	1	80	97	UNKNOWN
654223202207	阔克柯牙村委会	85.384860	44.052750	0	25	43	乡镇
654202505501	二连	84.581372	45.101922	0	16	65	乡镇
654221103218	吾巴勒二村委会	83.755989	46.717869	0	50	68	UNKNOWN
654226200201	科克莫敦尼布呼村委会	86.238241	46.340898	0	25	43	乡镇
654223106211	小分地村委会	85.523010	44.056319	0	25	47	乡镇
654223509509	十连	85.361150	44.586074	0	16	65	乡镇
654223105201	串庄子村委会	85.800240	44.067570	0	25	55	乡镇
654223510513	十四连	85.619500	44.326200	0	12	34	区县
654202103203	哈拉苏村委会	84.479210	44.914900	0	25	47	乡镇
654202501515	十七连	84.108880	44.542152	0	16	65	乡镇
654223102205	南梁村委会	85.790699	44.525321	0	30	72	村庄
654221508514	南区四连	83.612976	46.517517	1	80	93	政府机构
654223503503	二连	85.583281	44.903380	1	80	100	UNKNOWN
654202204205	沙枣窝子一村委会	84.649736	44.715313	0	16	33	村庄
654221404205	牧业一队	84.377511	46.511508	1	80	95	UNKNOWN
654202502505	六连	84.454330	44.821010	0	30	100	UNKNOWN
654223101215	杨树庄村委会	85.705840	44.690440	0	25	70	乡镇
654223510505	六连	85.448009	44.436552	0	14	64	乡镇
654223102213	林家庄村委会	85.784319	44.639161	0	25	70	乡镇
654226204203	套瓦契村委会	85.864209	46.698752	1	80	95	UNKNOWN
654202501503	四连	84.108880	44.542152	0	16	65	乡镇
654221404213	别勒其二村	84.377511	46.511508	1	80	97	UNKNOWN
654223511528	工二队	85.860140	44.289640	0	30	58	UNKNOWN
654221508502	二连	84.027750	46.776679	0	30	100	UNKNOWN
654223503515	十五连	85.722499	44.832301	0	30	100	UNKNOWN
654223101203	苹果园子村委会	85.705840	44.690440	0	25	55	乡镇
654202502513	十五连	84.404321	44.854468	1	80	100	政府机构
654202107201	克孜加尔村委会	83.913150	44.551351	0	25	43	乡镇
654225400501	克什玛布拉克村委会	82.719870	46.091390	1	80	94	UNKNOWN
654201202219	楚坎村委会	83.148570	46.858251	0	25	47	乡镇
654223106207	白碱台子村委会	85.523010	44.056319	0	25	43	乡镇
654226101003	迭仑社区居委会	86.017130	46.518100	0	25	70	地产小区
654202505517	十八连	84.581372	45.101922	0	16	65	乡镇
654223202211	阿克吉也克村委会	85.384860	44.052750	0	25	47	乡镇
654201405206	农业一队村委会	83.133870	47.023981	1	80	97	UNKNOWN
654202200207	水磨沟村委会	84.711302	44.500052	0	16	65	村庄
654223507501	一连	85.418329	44.660011	1	80	100	UNKNOWN
654223105217	双桥村委会	85.800030	44.067830	0	30	72	村庄
654223100015	广场路社区居委会	85.612841	44.324436	0	50	82	道路
654226501401	沙吉海矿区社区	87.627000	43.793200	0	0	15	省
654223201201	烧房庄子村委会	85.615270	44.373241	0	25	47	村庄
654224200207	加朗阿什村委会	83.829861	45.740468	0	30	72	村庄
654223101223	李家庄村委会	85.692161	44.682489	0	30	72	村庄
654221202201	吐鲁巴苏瓦提村委会	83.987789	46.655211	0	25	47	乡镇
654202402201	艾力其村委会	84.467009	44.148481	0	30	47	UNKNOWN
654225204200	江格斯村委会	82.936070	46.188768	0	25	47	乡镇
654223511508	八连	85.860140	44.289640	0	30	72	UNKNOWN
654202102218	盐池村委会	84.732231	44.702091	0	30	72	村庄
654223503535	三十五连	85.609089	44.820161	0	60	87	UNKNOWN
654225501510	十一连	82.590462	46.099816	0	16	65	乡镇
654201204210	下三工村委会	83.077930	46.647660	0	25	43	乡镇
654223102233	丁家庄村委会	85.784319	44.639161	0	25	70	乡镇
654221105207	克什克尼托别村委会	84.304830	46.748509	0	25	43	乡镇
654221100005	中心路社区居委会	83.628970	46.530330	0	40	77	道路
654201100206	萨孜村委会	83.005950	46.741559	0	25	47	乡镇
654202101208	水磨沟村委会	84.266396	44.480857	0	18	66	乡镇
654223510525	二十六连	85.448009	44.436552	0	14	64	乡镇
654226403400	布斯屯格队	86.279640	46.864663	1	80	95	UNKNOWN
654201203214	库吉拜北村委会	83.275350	46.848740	0	25	55	乡镇
654221102203	乌勒肯托尕木村委会	83.936553	46.572847	0	16	33	乡镇
654202108212	大湾村委会	84.671913	44.553298	0	30	72	村庄
654223507521	二十三连	85.619500	44.326200	0	12	34	区县
654201200204	先锋村委会	83.092489	46.734590	0	30	72	村庄
654221102215	克孜勒黑亚村委会	84.057533	46.592459	1	80	95	UNKNOWN
654201203202	窝尔塔阿不都拉北村委会	83.277482	46.848732	1	80	97	政府机构
654225200202	霍斯喀巴克村委会	82.981210	46.194529	0	25	47	乡镇
654202505521	青年连	84.587751	45.027432	1	80	100	UNKNOWN
654221101205	加勒格孜塔勒村委会	84.221773	46.612019	0	50	73	UNKNOWN
654201200212	美什特村委会	83.158930	46.752100	0	25	47	乡镇
654202500518	二十一连	84.516480	45.067822	0	30	100	UNKNOWN
654223101235	上野地村委会	85.705840	44.690440	0	25	55	乡镇
654224200211	吉也克村委会	83.553100	46.297269	0	30	58	UNKNOWN
654223503523	二十三连	85.431926	44.901377	1	80	100	UNKNOWN
654202003004	文林路社区	84.714970	44.413870	1	80	100	政府机构
654201100210	乌宗阿尕什村委会	83.005950	46.741559	0	25	41	乡镇
654221100013	新城社区居委会	83.618993	46.519630	0	25	70	乡镇
654202503508	九连	84.183999	45.043705	1	80	100	UNKNOWN
654221105211	直兰提勒村委会	83.626999	46.525700	0	12	23	区县
654224203201	阿克别里斗村委会	83.371100	46.228809	0	25	47	乡镇
654223102225	闸板口村委会	85.784319	44.639161	0	25	47	乡镇
654201204206	六升村委会	83.077930	46.647660	0	25	47	乡镇
654225501506	七连	82.982800	46.201699	0	12	29	区县
654223400201	喀拉乔克村委会	85.540800	43.981951	0	25	47	UNKNOWN
654202205208	莫墩塔拉村委会	84.184325	44.352443	0	25	43	乡镇
654221507507	七连	83.857230	46.812010	1	80	97	政府机构
654201502506	一六二团六连	82.942860	46.643729	1	70	92	UNKNOWN
654223509505	五连	85.361150	44.586074	0	16	65	乡镇
654224102202	阿克开乃热村委会	83.868480	45.517220	0	25	47	地产小区
654225201203	团结东村委会	83.063380	46.230949	0	25	47	村庄
654201504503	三连	82.934641	46.863336	0	16	65	乡镇
654221511502	二连	83.491739	46.506120	0	18	66	乡镇
654202109205	道兰莫墩村委会	84.577300	44.330271	0	25	47	乡镇
654223104220	古家沟村委会	85.351250	44.357490	0	25	70	乡镇
654201202203	德日则加甫克村委会	83.148570	46.858251	0	25	47	乡镇
654221207202	玛依塔斯村委会	84.071013	46.255477	1	80	100	政府机构
654221103214	库玛克二村委会	83.927959	46.718061	0	30	51	UNKNOWN
654223108203	宋圣宫村委会	85.734826	44.355840	0	16	33	乡镇
654201503507	七连	82.905721	46.714636	0	25	70	乡镇
654221404209	牧业五队	84.377511	46.511508	1	80	95	UNKNOWN
654223511532	紫泥泉种羊场四连	85.751105	43.989080	0	60	87	UNKNOWN
654221506506	六连	83.590490	46.773299	0	50	100	UNKNOWN
654223401200	阔斯托别村委会	85.363760	44.040541	0	25	47	UNKNOWN
654221508518	南区林管站生活区	83.612976	46.517517	1	80	92	政府机构
654224202200	库普村委会	83.318060	45.826849	0	25	47	村庄
654223101219	高头庄村委会	85.705840	44.690440	0	25	70	乡镇
654221200206	九家户村委会	83.627029	46.538340	0	25	43	乡镇
654202502509	十一连	84.341992	44.743904	0	14	64	乡镇
654221104210	塔斯吾特开勒村委会	83.736496	46.472347	0	16	33	乡镇
654202400206	铁架子牧民新村村委会	84.425100	44.963489	0	30	58	UNKNOWN
654202002005	繁荣路社区居委会	84.679600	44.435199	1	80	97	政府机构
654201101211	禾斯阔甫尔村委会	82.978900	46.748600	0	12	29	区县
654226401407	那仁和布克队	85.573794	46.767099	0	14	32	乡镇
654225101201	窝尔塔吉也克西村委会	82.762034	46.349931	0	14	32	乡镇
654223102209	陈家庄村委会	85.784319	44.639161	0	25	70	乡镇
654224201210	玛依哈巴克村委会	83.927799	46.105410	0	25	43	乡镇
654202501519	十连	84.158240	44.587281	0	30	100	UNKNOWN
654224100004	铁斯巴汗居委会	83.597607	45.939000	1	80	100	政府机构
654223503519	十九连	85.633816	44.852550	1	80	100	UNKNOWN
654226402401	加林塔然队	85.956540	46.649380	0	30	72	UNKNOWN
654221506510	十连	83.516950	46.819680	0	30	100	UNKNOWN
654223511524	水泥厂生活区	85.870002	44.182811	0	14	64	乡镇
654201101207	上阿树塔斯村委会	83.470198	46.838750	0	14	29	乡镇
654221104206	阿克苏村委会	83.872037	46.565543	1	80	100	政府机构
654221200210	北郊村委会	83.618709	46.537160	0	30	72	村庄
654224202216	也木其村委会	83.318060	45.826849	0	25	47	村庄
654223510509	良种连	85.448009	44.436552	0	14	46	乡镇
654202001003	黄河路社区居委会	84.678126	44.430666	1	80	97	政府机构
654224201206	喀拉苏村委会	83.927799	46.105410	0	25	70	乡镇
654224510502	二连	83.857151	45.521274	1	80	100	UNKNOWN
654223509513	十四连	85.396632	44.585672	1	80	100	UNKNOWN
654223100019	乌鲁木齐西路社区居委会	85.598249	44.326976	1	80	100	政府机构
654202109213	东戈壁村委会	84.577300	44.330271	0	25	70	乡镇
654225100001	喀拉乔克街社区	82.980378	46.193830	0	50	100	道路
654223506520	十九连	85.251060	44.668766	1	80	100	UNKNOWN
654221103202	直属三村委会	83.783107	46.712608	0	14	37	乡镇
654223108215	柳树沟村委会	85.734826	44.355840	0	16	65	乡镇
654201202215	库尔托别村委会	83.148570	46.858251	0	25	43	乡镇
