659001005008	四十一小区社区居委会	86.091920	44.310041	1	80	95	政府机构
659002506537	十七连	81.487317	40.624639	0	16	65	乡镇
659001100241	双泉集六连	85.986674	44.329431	0	18	40	乡镇
659002509504	四连	81.015494	40.453111	0	16	65	乡镇
659002520517	十九连	81.280800	40.547401	0	12	44	城市
659003504519	十九连	79.177618	39.830972	0	16	65	乡镇
659002523507	十一连	81.280800	40.547401	0	12	34	城市
659004500506	四连	87.524335	44.317282	0	16	65	乡镇
659003509517	二十连	78.847649	39.685613	1	80	100	UNKNOWN
659002003002	塔河社区	81.266330	40.556960	0	40	59	道路
659002520501	一连	81.280800	40.547401	0	12	44	城市
659002510508	八连	81.093669	40.596973	0	16	65	乡镇
659002500508	十连	80.714046	40.583748	0	16	65	乡镇
659003509501	一连	78.914500	39.685929	0	30	100	UNKNOWN
659002509400	团部	81.280800	40.547401	0	12	44	城市
659002523511	十八连	81.280800	40.547401	0	12	34	城市
659002519400	团部	81.280800	40.547401	0	12	44	城市
659002503518	十五连	81.190208	40.562194	1	80	100	UNKNOWN
659002516521	二十三连	81.280800	40.547401	0	12	44	城市
659002506521	一连	81.487317	40.624639	0	16	65	乡镇
659002509512	十三连	81.015494	40.453111	0	16	65	乡镇
659001100257	朱家庄一连	85.986674	44.329431	0	18	49	乡镇
659001101201	五道湾村委会	86.035540	44.286690	0	25	47	乡镇
659002500524	畜牧兽医工作站	80.714046	40.583748	0	16	65	乡镇
659002522510	十连	81.280800	40.547401	0	12	44	城市
659003504523	原种场	79.177618	39.830972	0	16	65	乡镇
659002001005	第五社区	81.273147	40.548320	0	40	58	乡镇
659002501509	九连	80.890677	40.570600	1	80	100	UNKNOWN
659004502501	一连	87.500719	44.552206	0	16	65	乡镇
659001500507	五连	86.032222	44.200235	0	18	66	乡镇
659001100001	文化宫社区	85.986674	44.329431	0	18	66	乡镇
659003510521	十四连	79.496840	39.909670	0	30	100	UNKNOWN
659001101217	六宫村委会	86.035540	44.286690	0	25	43	乡镇
659002002003	桃园社区	81.285200	40.545771	0	40	59	道路
659004501507	七连	87.652592	44.320139	0	16	65	乡镇
659002522506	六连	81.280800	40.547401	0	12	44	城市
659006101498	双丰镇虚拟社区	85.680500	41.857400	0	14	37	区县
659002503522	十九连	81.303992	40.562911	1	80	100	UNKNOWN
659002521516	园林站	81.280800	40.547401	0	12	44	城市
659003513511	十九连	79.453885	40.045555	0	16	65	乡镇
659002509508	八连	81.015494	40.453111	0	16	65	乡镇
659002519508	十连	81.280800	40.547401	0	12	34	城市
659003510501	一连	79.466542	39.903773	0	16	65	乡镇
659002510400	团部	81.280800	40.547401	0	12	44	城市
659001005004	四十八小区社区居委会	86.091920	44.310041	1	80	95	政府机构
659002500400	团部	81.280800	40.547401	0	12	44	城市
659002503502	二连	81.307205	40.641884	0	16	65	乡镇
659001001010	南山石场社区	86.027640	44.293133	1	80	95	政府机构
659003504515	十五连	79.177618	39.830972	0	16	65	乡镇
659002510512	十二连	81.093669	40.596973	0	16	65	乡镇
659002500512	十四连	80.714046	40.583748	0	16	65	乡镇
659002521520	养殖一场	81.280800	40.547401	0	12	44	城市
659003504503	三连	79.177618	39.830972	0	16	65	乡镇
659001001006	十六小区社区居委会	86.027640	44.293133	1	80	95	政府机构
659003514503	南闸水管站生活区	78.876500	39.685430	0	25	47	乡镇
659002500504	五连	80.691554	40.610324	1	80	100	UNKNOWN
659002510504	四连	81.093669	40.596973	0	16	65	乡镇
659003513507	七连	79.453885	40.045555	0	16	65	乡镇
659003510517	农四队	79.421250	40.026531	1	80	97	UNKNOWN
659002501505	五连	80.818759	40.563759	1	80	100	UNKNOWN
659004002001	天山南路社区居民委员会	87.534061	44.169009	1	80	95	政府机构
659003509521	青年连	79.009176	39.739463	0	16	65	乡镇
659002512515	多浪养殖场	81.280800	40.547401	0	12	22	城市
659002520521	二十四连	81.280800	40.547401	0	12	44	城市
659002505511	十一连	81.289738	40.498642	0	16	65	乡镇
659003511516	农三队	79.151460	39.952390	1	80	97	UNKNOWN
659001004013	望月坪社区居委会	86.080300	44.306101	0	16	38	城市
659002516501	一连	81.280800	40.547401	0	12	44	城市
659002506501	十四连	81.487317	40.624639	0	16	65	乡镇
659002200201	纳格热哈纳村委会	81.117270	40.538020	0	25	47	乡镇
659002505507	七连	81.289738	40.498642	0	16	65	乡镇
659002519524	二连	81.280800	40.547401	0	12	34	城市
659001100261	朱家庄五连	85.986674	44.329431	0	18	49	乡镇
659001004005	六小区第二社区居委会	86.016600	44.305620	0	80	95	地产小区
659002511401	团部	81.280800	40.547401	0	12	26	城市
659002516517	十七连	81.280800	40.547401	0	12	44	城市
659001100236	双泉集一连	85.986674	44.329431	0	18	40	乡镇
659002506540	十三团第二社区	81.504830	40.634429	0	50	82	UNKNOWN
659001003001	三小区社区居委会	86.052025	44.296168	1	80	95	政府机构
659004001007	西林路社区居民委员会	87.521718	44.158887	1	80	95	政府机构
659004001006	军垦北路社区居民委员会	87.521718	44.158887	1	80	95	政府机构
659001100237	双泉集二连	85.986674	44.329431	0	18	40	乡镇
659002501512	农四队	80.856330	40.595190	1	80	97	UNKNOWN
659002506516	十六连	81.482729	40.541225	1	80	100	UNKNOWN
659002516516	十六连	81.280800	40.547401	0	12	44	城市
659001100260	朱家庄四连	85.986674	44.329431	0	18	49	乡镇
659002501400	团部	80.856330	40.595190	1	80	100	UNKNOWN
659003501501	一连	78.914500	39.685929	0	30	100	UNKNOWN
659001004004	六小区第一社区居委会	86.016600	44.305620	0	80	95	地产小区
659003511501	二连	79.129554	39.985305	0	16	65	乡镇
659002200200	喀拉墩村委会	81.117270	40.538020	0	25	70	乡镇
659001100276	石河子总场双泉集七连	86.016440	44.333091	0	30	51	村庄
659001004012	十二小区社区第二居委会	86.033638	44.311573	1	80	95	地产小区
659002520520	二十二连	81.280800	40.547401	0	12	44	城市
659002501504	四连	80.883498	40.591497	0	16	65	乡镇
659003509520	四十九机务二站生活区	79.009176	39.739463	0	16	33	乡镇
659003510516	农三队	79.421250	40.026531	1	80	97	UNKNOWN
659002518498	西工业园区虚拟社区	81.280800	40.547401	0	12	26	城市
659002504511	农三队	81.280800	40.547401	0	12	34	城市
659003513506	六连	79.453885	40.045555	0	16	65	乡镇
659002507501	一连	81.736160	40.704434	1	80	100	UNKNOWN
659002517501	水库管理所生活区	81.280800	40.547401	0	12	23	城市
659003504502	二连	79.177618	39.830972	0	16	65	乡镇
659001001007	十七小区社区居委会	86.027640	44.293133	1	80	95	政府机构
659004003001	青湖南路社区居民委员会	87.549055	44.156484	0	50	65	道路
659003514502	北闸水管站生活区	78.876500	39.685430	0	25	47	乡镇
659001101220	五宫村委会	86.035540	44.286690	0	25	47	乡镇
659002500505	六连	80.656835	40.589946	1	80	100	UNKNOWN
659002510505	五连	81.093669	40.596973	0	16	65	乡镇
659002521521	养殖二场	81.280800	40.547401	0	12	44	城市
659002503515	农二队	81.280800	40.547401	0	12	34	城市
659001001011	南山煤矿社区	86.027640	44.293133	1	80	95	政府机构
659003504514	十四连	79.099330	39.874780	1	80	97	UNKNOWN
659002510513	十三连	81.093669	40.596973	0	16	65	乡镇
659001002001	一小区社区居委会	86.053760	44.307039	1	80	97	政府机构
659002503503	三连	81.278521	40.621859	1	80	100	UNKNOWN
659001005005	七十八小区社区居委会	86.091920	44.310041	1	80	95	政府机构
659003513510	十八连	79.453885	40.045555	0	16	65	乡镇
659002402498	工业园区虚拟社区	81.280800	40.547401	0	12	34	城市
659002509509	九连	81.015494	40.453111	0	16	65	乡镇
659002002002	花园路社区	81.285200	40.545771	0	40	59	道路
659001101216	东桥村委会	86.053451	44.323639	0	30	72	村庄
659004501506	六连	87.652592	44.320139	0	16	65	乡镇
659002522507	七连	81.280800	40.547401	0	12	44	城市
659001004008	十一小区第二社区居委会	86.080300	44.306101	0	16	38	城市
659003001001	锦绣社区	79.103820	39.877496	1	80	94	UNKNOWN
659003510520	十一连	79.466542	39.903773	0	16	65	乡镇
659002001004	第四社区	81.273147	40.548320	0	40	58	乡镇
659002501508	八连	80.861780	40.567810	1	80	100	UNKNOWN
659002521501	一连	81.280800	40.547401	0	12	34	城市
659001500506	十连	86.069710	44.207000	0	30	100	UNKNOWN
659001101200	洞子渠村委会	86.116120	44.211689	0	30	58	UNKNOWN
659002512518	塔河种业九连	81.280800	40.547401	0	12	21	城市
659003504522	良种连	79.177618	39.830972	0	16	47	乡镇
659002509513	园林二队	81.015494	40.453111	0	16	47	乡镇
659001100256	朱家庄社区村委会	85.986674	44.329431	0	18	40	乡镇
659002519513	十五连	81.280800	40.547401	0	12	34	城市
659002516520	二十二连	81.280800	40.547401	0	12	44	城市
659004500511	二连	87.524335	44.317282	0	16	65	乡镇
659002523510	十四连	81.280800	40.547401	0	12	34	城市
659002503519	十六连	81.219335	40.580439	1	80	100	UNKNOWN
659002510509	九连	81.093669	40.596973	0	16	65	乡镇
659002500509	十一连	80.781195	40.534740	1	80	100	UNKNOWN
659002523506	九连	81.280800	40.547401	0	12	44	城市
659006100498	博古其镇虚拟社区	85.680500	41.857400	0	14	32	区县
659004500507	五连	87.524335	44.317282	0	16	65	乡镇
659003509516	十八连	79.009176	39.739463	0	16	65	乡镇
659002003003	第三社区	81.266330	40.556960	0	40	59	道路
659003504518	十八连	79.177618	39.830972	0	16	65	乡镇
659002520516	十八连	81.280800	40.547401	0	12	44	城市
659001101001	镇居委会	86.035540	44.286690	0	25	70	乡镇
659002505526	二十六连	81.289738	40.498642	0	16	65	乡镇
659002519505	六连	81.280800	40.547401	0	12	44	城市
659001100240	双泉集五连	85.986674	44.329431	0	18	40	乡镇
659002509505	五连	81.015494	40.453111	0	16	65	乡镇
659001005009	凤凰嘉苑社区居委会	86.091920	44.310041	1	80	95	政府机构
659002506536	二十五连	81.487317	40.624639	0	16	65	乡镇
659003513517	良种连	79.450551	40.025649	0	30	100	UNKNOWN
659002507510	十连	81.809246	40.575943	0	16	65	乡镇
659002517510	七连	81.280800	40.547401	0	12	24	城市
659003510507	八连	79.466542	39.903773	0	16	65	乡镇
659001005002	五十六小区社区居委会	86.088740	44.307891	1	80	95	地产小区
659001002006	二十三小区社区居委会	86.053760	44.307039	1	80	95	政府机构
659002503504	四连	81.307205	40.641884	0	16	65	乡镇
659003504513	十三连	79.177618	39.830972	0	16	65	乡镇
659002500514	农业排并入十三连	80.714046	40.583748	0	16	38	乡镇
659002510514	十四连	81.093669	40.596973	0	16	65	乡镇
659001002010	龙岩社区	86.053760	44.307039	1	80	97	政府机构
659002521526	园林二队	81.280800	40.547401	0	12	34	城市
659002503512	十二连	81.313931	40.635334	1	80	100	UNKNOWN
659003514505	林管站生活区	78.876500	39.685430	0	25	55	乡镇
659003504505	五连	79.177618	39.830972	0	16	65	乡镇
659002510502	二连	81.093669	40.596973	0	16	65	乡镇
659002500502	三连	80.714046	40.583748	0	16	65	乡镇
659003513501	一连	79.453885	40.045555	0	16	65	乡镇
659002503400	团部	81.280800	40.547401	0	12	34	城市
659002517506	棉花加工生活区	81.280800	40.547401	0	12	23	城市
659002519518	二十连	81.280800	40.547401	0	12	34	城市
659002507506	六连	81.809246	40.575943	0	16	65	乡镇
659003510511	十六连	79.435720	39.907921	0	30	100	UNKNOWN
659002504516	八连	81.648651	40.540832	0	16	65	乡镇
659002501503	三连	80.883498	40.591497	0	16	65	乡镇
659001100226	清泉集二连	85.986674	44.329431	0	18	49	乡镇
659002505540	新五连	81.289738	40.498642	0	16	47	乡镇
659002512513	多浪水库管理所生活区	88.137440	47.842891	0	80	94	政府机构
659003504529	农一队	79.099330	39.874780	1	80	97	UNKNOWN
659001003011	四小区社区居委会	86.052025	44.296168	1	80	97	政府机构
659003501510	良种连	79.450551	40.025649	0	30	100	UNKNOWN
659003511510	十六连	79.207257	39.986565	1	80	100	UNKNOWN
659001004015	小白杨社区	86.080300	44.306101	0	16	47	城市
659002516507	七连	81.280800	40.547401	0	12	44	城市
659002200207	科克库勒村委会	81.117270	40.538020	0	25	47	乡镇
659002509522	十四连	81.015494	40.453111	0	16	65	乡镇
659001100267	朱家庄十二连	85.986674	44.329431	0	18	49	乡镇
659002519522	二十四连	81.280800	40.547401	0	12	34	城市
659001004003	五小区第三社区居委会	86.080300	44.306101	0	16	38	城市
659003511506	十二连	79.141454	39.985787	1	80	100	UNKNOWN
659003501506	六连	79.069200	39.865001	0	14	37	城市
659002516511	十一连	81.280800	40.547401	0	12	44	城市
659002506511	十一连	81.480717	40.619927	1	80	100	UNKNOWN
659001100230	清泉集六连	85.986674	44.329431	0	18	49	乡镇
659001003007	三十四小区社区居委会	86.052025	44.296168	1	80	97	政府机构
659004001001	军垦南路社区居民委员会	87.521718	44.158887	1	80	95	政府机构
659002506531	三连	81.487317	40.624639	0	16	65	乡镇
659002509502	二连	81.015494	40.453111	0	16	65	乡镇
659002505521	二十一连	81.289738	40.498642	0	16	65	乡镇
659002519502	三连	81.280800	40.547401	0	12	44	城市
659002520511	十一连	81.280800	40.547401	0	12	44	城市
659002510518	十八连	81.093669	40.596973	0	16	65	乡镇
659002500518	二连	80.714046	40.583748	0	16	65	乡镇
659003509511	十二连	79.009176	39.739463	0	16	65	乡镇
659002523501	一连	81.280800	40.547401	0	12	44	城市
659002503508	八连	81.275088	40.602238	1	80	100	UNKNOWN
659003504509	九连	78.929950	39.708360	0	30	100	UNKNOWN
659002520507	七连	81.280800	40.547401	0	12	44	城市
659003509507	八连	79.009176	39.739463	0	16	65	乡镇
659002506527	七连	81.487317	40.624639	0	16	65	乡镇
659002516527	二十四连	81.280800	40.547401	0	12	34	城市
659003003001	永安坝社区	79.018750	39.848950	0	30	58	村庄
659002519514	十六连	81.280800	40.547401	0	12	34	城市
659001100251	泉水地五连	85.986674	44.329431	0	18	49	乡镇
659001101207	上三宫村委会	86.035540	44.286690	0	25	43	乡镇
659002500522	水工六连	80.680360	40.590791	1	80	95	UNKNOWN
659003504525	种羊场	79.177618	39.830972	0	16	65	乡镇
659002001003	胡杨社区	81.273147	40.548320	0	40	58	乡镇
659004502507	七连	87.500719	44.552206	0	16	65	乡镇
659001500501	二连	86.106420	44.213409	0	30	100	UNKNOWN
659002521506	六连	81.280800	40.547401	0	12	44	城市
659003513521	农三队	79.069200	39.865001	0	14	37	城市
659001101211	霍斯阿尔克村委会	86.035540	44.286690	0	25	47	乡镇
659002002005	大学社区	81.285200	40.545771	0	40	65	道路
659004501501	一连	87.652592	44.320139	0	16	65	乡镇
659002521510	十五连	81.280800	40.547401	0	12	34	城市
659002521511	十六连	81.280800	40.547401	0	12	34	城市
659004502510	十连	87.500719	44.552206	0	16	65	乡镇
659002002004	第四社区	81.285200	40.545771	0	40	59	道路
659001101210	四宫村委会	86.035540	44.286690	0	25	47	乡镇
659002522501	一连	81.280800	40.547401	0	12	34	城市
659002504521	十三连	81.648651	40.540832	0	16	65	乡镇
659001100006	白杨社区	85.986674	44.329431	0	18	66	乡镇
659003513520	农二队	79.069200	39.865001	0	14	37	城市
659003002001	前海社区	79.092610	39.855721	0	30	58	乡镇
659002001002	绿园社区	81.273147	40.548320	0	40	58	乡镇
659004502506	六连	87.500719	44.552206	0	16	65	乡镇
659002521507	十二连	81.280800	40.547401	0	12	34	城市
659001101206	十户窑村委会	86.035540	44.286690	0	25	43	乡镇
659002500523	林业工作站	80.714046	40.583748	0	16	65	乡镇
659003504524	畜牧站生活区	79.177618	39.830972	0	16	47	乡镇
659002519515	十七连	81.280800	40.547401	0	12	34	城市
659002505536	六连	81.289738	40.498642	0	16	65	乡镇
659001100250	泉水地四连	85.986674	44.329431	0	18	49	乡镇
659002506526	六连	81.487317	40.624639	0	16	65	乡镇
659002516526	二十一连	81.280800	40.547401	0	12	34	城市
659002523516	三牛场	81.280800	40.547401	0	12	44	城市
659003509506	七连	79.009176	39.739463	0	16	65	乡镇
659001100207	大泉沟村委会	85.986674	44.329431	0	18	49	乡镇
659002505561	农一队	81.306850	40.505119	0	50	82	UNKNOWN
659002520506	六连	81.280800	40.547401	0	12	44	城市
659003504508	八连	79.177618	39.830972	0	16	65	乡镇
659003509510	十一连	79.009176	39.739463	0	16	65	乡镇
659002503509	九连	81.372659	40.645658	1	80	100	UNKNOWN
659002520510	十连	81.280800	40.547401	0	12	44	城市
659002510519	十九连	81.093669	40.596973	0	16	65	乡镇
659002500519	七连	80.629579	40.610564	1	80	100	UNKNOWN
659002509503	三连	81.015494	40.453111	0	16	65	乡镇
659002519503	四连	81.280800	40.547401	0	12	34	城市
659002516530	新皇宫社区	81.280800	40.547401	0	12	34	城市
659002004001	青年路社区	81.276991	40.526343	0	25	55	乡镇
659002506530	十连	81.487317	40.624639	0	16	65	乡镇
659001003006	三十三小区社区居委会	86.052025	44.296168	1	80	95	政府机构
659001100231	清泉集七连	85.986674	44.329431	0	18	49	乡镇
659002516510	十连	81.280800	40.547401	0	12	34	城市
659002506510	二十一连	81.487317	40.624639	0	16	65	乡镇
659002519523	园林站生活区	81.280800	40.547401	0	12	34	城市
659001004002	五小区第二社区居委会	86.080300	44.306101	0	16	38	城市
659003511507	十三连	79.165693	39.994098	1	80	100	UNKNOWN
659003501507	七连	79.069200	39.865001	0	14	37	城市
659002516506	六连	81.280800	40.547401	0	12	44	城市
659002512400	团部	81.280800	40.547401	0	12	23	城市
659003511511	十九连	79.129554	39.985305	0	16	65	乡镇
659001004014	龙泉社区	86.080300	44.306101	0	16	47	城市
659002506551	农一队	81.504830	40.634429	0	50	82	UNKNOWN
659002501502	二连	80.883498	40.591497	0	16	65	乡镇
659001100227	清泉集三连	85.986674	44.329431	0	18	49	乡镇
659002505541	十连	81.289738	40.498642	0	16	65	乡镇
659003510510	十三连	79.559887	39.917384	1	80	100	UNKNOWN
659002504517	九连	81.648651	40.540832	0	16	65	乡镇
659002517507	四连	81.280800	40.547401	0	12	24	城市
659002509519	十五连	81.015494	40.453111	0	16	65	乡镇
659002519519	二十一连	81.280800	40.547401	0	12	34	城市
659002507507	七连	81.809246	40.575943	0	16	65	乡镇
659001001001	七小区社区居委会	86.025260	44.291721	1	80	95	地产小区
659003514504	渔业公司生活区	78.876500	39.685430	0	25	55	乡镇
659003504504	四连	79.177618	39.830972	0	16	65	乡镇
659002510503	三连	81.093669	40.596973	0	16	65	乡镇
659002500503	四连	80.714046	40.583748	0	16	65	乡镇
659002503513	十三连	81.327272	40.641211	1	80	100	UNKNOWN
659003504512	十二连	79.099330	39.874780	1	80	97	UNKNOWN
659002500515	科技连	80.714046	40.583748	0	16	47	乡镇
659002510515	十五连	81.093669	40.596973	0	16	65	乡镇
659001002007	二十九小区社区居委会	86.053760	44.307039	1	80	95	政府机构
659002503505	五连	81.307205	40.641884	0	16	65	乡镇
659003510506	七连	79.466542	39.903773	0	16	65	乡镇
659001005003	六十三小区社区居委会	86.091920	44.310041	1	80	97	政府机构
659002504501	一连	81.648651	40.540832	0	16	65	乡镇
659003504400	团部	79.069200	39.865001	0	14	46	城市
659003514400	喀拉拜勒社区	78.876500	39.685430	0	25	70	乡镇
659003513516	二十四连	79.453885	40.045555	0	16	65	乡镇
659002517511	八连	81.280800	40.547401	0	12	24	城市
659001003005	三十二小区社区居委会	86.057548	44.297052	1	80	100	政府机构
659004001003	振兴街社区居民委员会	87.521718	44.158887	1	80	95	政府机构
659002512507	胜利水库管理所生活区	88.137440	47.842891	0	80	94	政府机构
659001100232	清泉集八连	85.986674	44.329431	0	18	40	乡镇
659002505554	二十四连	81.459005	40.525880	1	80	100	UNKNOWN
659002506513	二十二连	81.487317	40.624639	0	16	65	乡镇
659002516513	十三连	81.280800	40.547401	0	12	44	城市
659003501504	四连	79.069200	39.865001	0	14	37	城市
659001004001	五小区第一社区居委会	86.080300	44.306101	0	16	38	城市
659003511504	六连	79.129554	39.985305	0	16	65	乡镇
659002519520	二十二连	81.280800	40.547401	0	12	34	城市
659002505503	三连	81.289738	40.498642	0	16	65	乡镇
659002509520	十二连	81.015494	40.453111	0	16	65	乡镇
659001100265	朱家庄九连	85.986674	44.329431	0	18	49	乡镇
659002200205	亚苏克村委会	81.148360	40.523800	0	30	58	UNKNOWN
659002516505	五连	81.280800	40.547401	0	12	44	城市
659003511512	二十连	79.112210	39.934430	0	30	100	UNKNOWN
659003501512	林畜站生活区	79.069200	39.865001	0	14	32	城市
659002520525	奶牛场	81.280800	40.547401	0	12	44	城市
659002506552	农二队	81.504830	40.634429	0	50	82	UNKNOWN
659001101209	努尔巴克村委会	86.035540	44.286690	0	25	47	乡镇
659001005201	上六宫村委会	86.091920	44.310041	1	80	93	政府机构
659004502509	九连	87.500719	44.552206	0	16	65	乡镇
659002521508	十三连	81.280800	40.547401	0	12	34	城市
659003511400	团部	79.069200	39.865001	0	14	46	城市
659002501501	一连	80.883498	40.591497	0	16	65	乡镇
659003501400	团部	79.069200	39.865001	0	14	46	城市
659002506529	九连	81.487317	40.624639	0	16	65	乡镇
659002504514	六连	81.648651	40.540832	0	16	65	乡镇
659002516529	二十六连	81.280800	40.547401	0	12	34	城市
659003510513	二十连	79.466542	39.903773	0	16	65	乡镇
659002507504	四连	81.809246	40.575943	0	16	65	乡镇
659002505539	四连	81.289738	40.498642	0	16	65	乡镇
659002517504	三连	81.280800	40.547401	0	12	24	城市
659003513503	三连	79.453885	40.045555	0	16	65	乡镇
659003504507	七连	79.177618	39.830972	0	16	65	乡镇
659002520509	九连	81.280800	40.547401	0	12	44	城市
659001001002	八小区第一社区居委会	86.027640	44.293133	1	80	95	政府机构
659004003004	北海东街社区居民委员会	87.547511	44.175819	0	40	65	道路
659002503510	十连	81.307205	40.641884	0	16	65	乡镇
659002521524	农一队	81.280800	40.547401	0	12	34	城市
659003509509	十连	79.009176	39.739463	0	16	65	乡镇
659002510516	十六连	81.093669	40.596973	0	16	65	乡镇
659003504511	十一连	79.177618	39.830972	0	16	65	乡镇
659002503506	六连	81.307205	40.641884	0	16	65	乡镇
659002517400	机关社区	81.280800	40.547401	0	12	24	城市
659001002004	二十二小区第一社区居委会	86.053760	44.307039	1	80	95	政府机构
659002507400	团部	81.280800	40.547401	0	12	44	城市
659002504502	二连	81.648651	40.540832	0	16	65	乡镇
659003510505	六连	79.466542	39.903773	0	16	65	乡镇
659001100249	泉水地三连	85.986674	44.329431	0	18	49	乡镇
659003513515	二十三连	79.449177	39.985851	1	80	100	UNKNOWN
659004502513	十三连	87.500719	44.552206	0	16	65	乡镇
659002521512	十七连	81.280800	40.547401	0	12	34	城市
659002505558	二十八连	81.426026	40.556697	1	80	100	UNKNOWN
659001003009	火车站小区社区居委会	86.052025	44.296168	1	80	95	政府机构
659004501503	三连	87.652592	44.320139	0	16	65	乡镇
659002522502	二连	81.280800	40.547401	0	12	44	城市
659001101213	马家坪村委会	86.094180	44.282111	0	30	72	村庄
659003511508	十四连	79.129554	39.985305	0	16	65	乡镇
659003501508	八连	79.069200	39.865001	0	14	37	城市
659002521400	团部	81.280800	40.547401	0	12	44	城市
659003510525	机二连	79.421250	40.026531	1	80	95	UNKNOWN
659002504522	十四连	81.648651	40.540832	0	16	65	乡镇
659001100005	小林场社区	85.986674	44.329431	0	18	66	乡镇
659002506509	二十连	81.487317	40.624639	0	16	65	乡镇
659002516509	九连	81.280800	40.547401	0	12	44	城市
659002521504	四连	81.280800	40.547401	0	12	34	城市
659001500503	四连	86.032222	44.200235	0	18	66	乡镇
659002001001	南公园社区	81.273147	40.548320	0	40	58	乡镇
659001100228	清泉集四连	85.986674	44.329431	0	18	40	乡镇
659003504527	社区中心	79.177618	39.830972	0	16	65	乡镇
659001101205	二宫村委会	86.035540	44.286690	0	25	70	乡镇
659002500520	依玛帕夏	80.714046	40.583748	0	16	47	乡镇
659002510520	二十连	81.093669	40.596973	0	16	65	乡镇
659001100253	泉水地七连	85.986674	44.329431	0	18	49	乡镇
659002509516	农一队	81.280800	40.547401	0	12	34	城市
659002517508	五连	81.280800	40.547401	0	12	24	城市
659002507508	八连	81.809246	40.575943	0	16	65	乡镇
659002519516	十八连	81.280800	40.547401	0	12	34	城市
659002516525	二十连	81.280800	40.547401	0	12	34	城市
659002504518	十连	81.648651	40.540832	0	16	65	乡镇
659002506525	五连	81.487317	40.624639	0	16	65	乡镇
659002505562	农二队	81.306850	40.505119	0	50	82	UNKNOWN
659003509505	六连	79.009176	39.739463	0	16	65	乡镇
659002523515	二牛场	81.280800	40.547401	0	12	34	城市
659002520505	五连	81.280800	40.547401	0	12	44	城市
659002523503	六连	81.280800	40.547401	0	12	44	城市
659001002008	三十一小区社区居委会	86.053760	44.307039	1	80	95	政府机构
659004500502	一连	87.524335	44.317282	0	16	65	乡镇
659003509513	十四连	78.895811	39.708751	1	80	100	UNKNOWN
659002520513	十四连	81.280800	40.547401	0	12	44	城市
659002505523	二十三连	81.289738	40.498642	0	16	65	乡镇
659003513519	农一队	79.069200	39.865001	0	14	37	城市
659002004002	长安路社区	81.305570	40.507309	0	40	100	道路
659002506533	十三连	81.470263	40.599694	1	80	100	UNKNOWN
659003510509	十二连	79.553861	39.899314	1	80	100	UNKNOWN
659002520400	团部	81.280800	40.547401	0	12	44	城市
659002004003	台州新村社区	81.276991	40.526343	0	25	47	乡镇
659002506532	十二连	81.445513	40.613958	1	80	100	UNKNOWN
659003510508	九连	79.466542	39.903773	0	16	65	乡镇
659002519501	一连	81.280800	40.547401	0	12	44	城市
659003509400	团部	79.069200	39.865001	0	14	46	城市
659002509501	一连	81.015494	40.453111	0	16	65	乡镇
659001100244	泉水地社区村委会	85.986674	44.329431	0	18	40	乡镇
659003513518	林业站生活区	79.453885	40.045555	0	16	47	乡镇
659002520512	十三连	81.280800	40.547401	0	12	44	城市
659002523502	五连	81.280800	40.547401	0	12	44	城市
659001002009	北子午路社区	86.053760	44.307039	1	80	97	政府机构
659003509512	十三连	79.009176	39.739463	0	16	65	乡镇
659002520504	四连	81.280800	40.547401	0	12	44	城市
659003509504	四连	79.009176	39.739463	0	16	65	乡镇
659002523514	一牛场	81.280800	40.547401	0	12	44	城市
659002506524	四连	81.487317	40.624639	0	16	65	乡镇
659002504519	十一连	81.670495	40.660314	1	80	100	UNKNOWN
659001100252	泉水地六连	85.986674	44.329431	0	18	49	乡镇
659002509517	农二队	81.280800	40.547401	0	12	34	城市
659002517509	六连	81.280800	40.547401	0	12	24	城市
659002507509	九连	81.809246	40.575943	0	16	65	乡镇
659002519517	十九连	81.280800	40.547401	0	12	34	城市
659001101204	南湾村委会	86.035540	44.286690	0	25	70	乡镇
659002521505	五连	81.280800	40.547401	0	12	44	城市
659001500502	三连	86.032222	44.200235	0	18	66	乡镇
659001100229	清泉集五连	85.986674	44.329431	0	18	49	乡镇
659002200208	阿尕登村委会	81.117270	40.538020	0	25	47	乡镇
659002516508	八连	81.280800	40.547401	0	12	44	城市
659003513522	农四队	79.069200	39.865001	0	14	37	城市
659003510524	机一连	79.466542	39.903773	0	16	47	乡镇
659002504523	十五连	81.648651	40.540832	0	16	65	乡镇
659001100004	纪念碑社区	85.986674	44.329431	0	18	66	乡镇
659003511509	十五连	79.129554	39.985305	0	16	65	乡镇
659003501509	九连	78.929950	39.708360	0	30	100	UNKNOWN
659004502400	团部	87.543300	44.166700	0	14	46	城市
659001100268	畜牧公司村委会	85.986674	44.329431	0	18	40	乡镇
659001003008	四十二小区社区居委会	86.052025	44.296168	1	80	95	政府机构
659004501502	二连	87.652592	44.320139	0	16	65	乡镇
659003504530	农二队	79.099330	39.874780	1	80	97	UNKNOWN
659002522503	三连	81.280800	40.547401	0	12	44	城市
659001101212	三十户村委会	86.035540	44.286690	0	25	47	乡镇
659004502512	十二连	87.500719	44.552206	0	16	65	乡镇
659002521513	十八连	81.280800	40.547401	0	12	34	城市
659001100248	泉水地二连	85.986674	44.329431	0	18	49	乡镇
659003513514	二十二连	79.453885	40.045555	0	16	65	乡镇
659002504503	三连	81.648651	40.540832	0	16	65	乡镇
659003510504	四连	79.466542	39.903773	0	16	65	乡镇
659001005001	四十小区社区居委会	86.091920	44.310041	1	80	95	政府机构
659002503507	七连	81.307205	40.641884	0	16	65	乡镇
659001002005	二十二小区第二社区居委会	86.053760	44.307039	1	80	95	政府机构
659002510517	十七连	81.093669	40.596973	0	16	65	乡镇
659002500517	十五连	80.671257	40.595689	1	80	100	UNKNOWN
659003504510	十连	79.177618	39.830972	0	16	65	乡镇
659002503511	十一连	81.328332	40.684337	1	80	100	UNKNOWN
659002521525	园林一队	80.806720	40.434021	0	30	100	UNKNOWN
659002523518	社区	81.280800	40.547401	0	12	63	城市
659003509508	九连	78.929950	39.708360	0	30	100	UNKNOWN
659002500501	一连	80.714046	40.583748	0	16	65	乡镇
659003510400	团部	79.069200	39.865001	0	14	46	城市
659002510501	一连	81.093669	40.596973	0	16	65	乡镇
659002520508	八连	81.280800	40.547401	0	12	44	城市
659003504506	六连	79.177618	39.830972	0	16	65	乡镇
659001001003	八小区第二社区居委会	86.027640	44.293133	1	80	95	政府机构
659002505538	八连	81.289738	40.498642	0	16	65	乡镇
659002507505	五连	81.809246	40.575943	0	16	65	乡镇
659003513502	二连	79.453885	40.045555	0	16	65	乡镇
659002504515	七连	81.648651	40.540832	0	16	65	乡镇
659002506528	八连	81.487317	40.624639	0	16	65	乡镇
659002516528	二十五连	81.280800	40.547401	0	12	34	城市
659003510512	十七连	79.466542	39.903773	0	16	65	乡镇
659004002004	友谊路社区居民委员会	87.534061	44.169009	1	80	94	政府机构
659004502508	八连	87.500719	44.552206	0	16	65	乡镇
659001005200	河畔村委会	86.091920	44.310041	1	80	94	政府机构
659002521509	十四连	81.280800	40.547401	0	12	34	城市
659001100225	清泉集一连	85.986674	44.329431	0	18	49	乡镇
659002506553	农三队	81.504830	40.634429	0	50	82	UNKNOWN
659001101208	三宫村委会	86.035540	44.286690	0	25	70	乡镇
659003511513	二十二连	79.129554	39.985305	0	16	65	乡镇
659003501513	机耕连	79.069200	39.865001	0	14	46	城市
659002505514	十四连	81.187677	40.489378	1	80	100	UNKNOWN
659002200204	海勒克库都克村委会	81.117270	40.538020	0	25	55	乡镇
659002516504	四连	81.280800	40.547401	0	12	44	城市
659003501505	五连	79.069200	39.865001	0	14	37	城市
659003511505	十连	79.129554	39.985305	0	16	65	乡镇
659002519521	二十三连	81.280800	40.547401	0	12	34	城市
659002505502	二连	81.289738	40.498642	0	16	65	乡镇
659002509521	十六连	81.015494	40.453111	0	16	65	乡镇
659001100264	朱家庄八连	85.986674	44.329431	0	18	49	乡镇
659002506512	十九连	81.487317	40.624639	0	16	65	乡镇
659002516512	十二连	81.280800	40.547401	0	12	44	城市
659001100233	清泉集九连	85.986674	44.329431	0	18	49	乡镇
659002506400	团部	81.280800	40.547401	0	12	44	城市
659001003004	二十七小区社区居委会	86.052025	44.296168	1	80	95	政府机构
659002516400	团部	81.280800	40.547401	0	12	44	城市
659004001002	前进西街社区居民委员会	87.521718	44.158887	1	80	95	政府机构
659002512506	塔水处小学生活区	81.280800	40.547401	0	12	21	城市
659002521514	十连	81.280800	40.547401	0	12	34	城市
659002503520	十七连	81.199655	40.557924	1	80	100	UNKNOWN
659002522504	四连	81.280800	40.547401	0	12	44	城市
659004501505	五连	87.652592	44.320139	0	16	65	乡镇
659002002001	新苑社区	81.285200	40.545771	0	40	59	道路
659001101215	大庙村委会	86.077100	44.336651	0	30	72	村庄
659002505509	九连	81.289738	40.498642	0	16	65	乡镇
659003510523	十八连	79.424600	39.927491	0	30	100	UNKNOWN
659001100003	军垦社区	85.986674	44.329431	0	18	66	乡镇
659002516519	十九连	81.280800	40.547401	0	12	44	城市
659002522400	团部	81.280800	40.547401	0	12	44	城市
659004502503	三连	87.500719	44.552206	0	16	65	乡镇
659001500505	七连	86.080300	44.306101	0	16	38	城市
659002521502	二连	81.280800	40.547401	0	12	34	城市
659003504521	值班连	79.177618	39.830972	0	16	65	乡镇
659001101203	下二宫村委会	86.035540	44.286690	0	25	55	乡镇
659002519510	十二连	81.280800	40.547401	0	12	44	城市
659002509510	十连	81.015494	40.453111	0	16	65	乡镇
659001100255	泉水地九连	85.986674	44.329431	0	18	49	乡镇
659004500400	团部	87.543300	44.166700	0	14	46	城市
659003513509	九连	79.453885	40.045555	0	16	65	乡镇
659002506523	二十四连	81.487317	40.624639	0	16	65	乡镇
659002516523	园林队	81.280800	40.547401	0	12	44	城市
659003510519	十连	79.466542	39.903773	0	16	65	乡镇
659002523513	畜牧连	81.280800	40.547401	0	12	34	城市
659003509503	三连	79.009176	39.739463	0	16	65	乡镇
659004500512	六连	87.524335	44.317282	0	16	65	乡镇
659002520503	三连	81.280800	40.547401	0	12	44	城市
659001001008	工二三小区社区居委会	86.027640	44.293133	1	80	94	政府机构
659004500504	三连	87.524335	44.317282	0	16	65	乡镇
659003509515	十六连	78.915365	39.759116	1	80	100	UNKNOWN
659002512521	拦河闸管理站生活区	81.280800	40.547401	0	12	21	城市
659002520515	十七连	81.280800	40.547401	0	12	44	城市
659002509506	六连	81.015494	40.453111	0	16	65	乡镇
659002519506	七连	81.280800	40.547401	0	12	44	城市
659002004004	文明路社区	81.276991	40.526343	0	25	55	乡镇
659002504508	林牧站生活区	81.648651	40.540832	0	16	47	乡镇
659002506535	二十三连	81.487317	40.624639	0	16	65	乡镇
659001003003	二十五小区社区居委会	86.052025	44.296168	1	80	95	政府机构
659004001005	天山北路社区居民委员会	87.521718	44.158887	1	80	95	政府机构
659002522508	八连	81.280800	40.547401	0	12	34	城市
659002512501	上游水库管理所生活区	88.137440	47.842891	0	80	94	政府机构
659001101219	袁家沟村委会	86.035540	44.286690	0	25	70	乡镇
659002521518	兽医站生活区	81.280800	40.547401	0	12	34	城市
659002505552	二十二连	81.423350	40.502773	1	80	100	UNKNOWN
659001100234	清泉集十连	85.986674	44.329431	0	18	49	乡镇
659002501511	农二队	80.856330	40.595190	1	80	97	UNKNOWN
659002516515	十五连	81.280800	40.547401	0	12	44	城市
659001004007	十一小区第一社区居委会	86.080300	44.306101	0	16	38	城市
659003511502	三连	79.129554	39.985305	0	16	65	乡镇
659003501502	二连	79.069200	39.865001	0	14	37	城市
659001100263	朱家庄七连	85.986674	44.329431	0	18	49	乡镇
659002505505	五连	81.289738	40.498642	0	16	65	乡镇
659002200203	托帕克喀其提村委会	81.559760	40.728329	0	30	58	UNKNOWN
659002516503	三连	81.280800	40.547401	0	12	44	城市
659003511514	农一队	79.151460	39.952390	1	80	97	UNKNOWN
659001004011	十二小区社区第一居委会	86.033638	44.311573	1	80	95	地产小区
659001100275	石大实验场村委会	85.986674	44.329431	0	18	49	乡镇
659002520523	科技连	81.280800	40.547401	0	12	34	城市
659002506554	农四队	81.504830	40.634429	0	50	82	UNKNOWN
659004002003	龙河湾社区居民委员会	87.534061	44.169009	1	80	94	政府机构
659002501507	七连	80.869491	40.615520	1	80	100	UNKNOWN
659003510515	农二队	79.421250	40.026531	1	80	97	UNKNOWN
659002517502	一连	81.280800	40.547401	0	12	24	城市
659002507502	二连	81.809246	40.575943	0	16	65	乡镇
659003513505	五连	79.453885	40.045555	0	16	65	乡镇
659002510506	六连	81.093669	40.596973	0	16	65	乡镇
659002500506	八连	80.775527	40.579506	1	80	100	UNKNOWN
659001001004	十四小区社区居委会	86.027640	44.293133	1	80	97	政府机构
659004003002	东城社区居民委员会	87.549055	44.156484	0	50	63	道路
659002504400	团部	81.560740	40.625219	0	50	100	UNKNOWN
659003504501	一连	79.099330	39.874780	1	80	97	UNKNOWN
659002503516	农三队	81.280800	40.547401	0	12	34	城市
659002521522	养殖三场	81.280800	40.547401	0	12	29	城市
659002500510	十二连	80.758469	40.560403	1	80	100	UNKNOWN
659002510510	十连	81.093669	40.596973	0	16	65	乡镇
659002520519	二十一连	81.280800	40.547401	0	12	44	城市
659003504517	十七连	79.177618	39.830972	0	16	65	乡镇
659001001012	材料厂社区	86.027640	44.293133	1	80	95	政府机构
659001100218	泉水地十一连	85.986674	44.329431	0	18	49	乡镇
659002523509	十三连	81.280800	40.547401	0	12	34	城市
659003509519	园林站生活区	79.009176	39.739463	0	16	47	乡镇
659001002002	二十小区社区居委会	86.053760	44.307039	1	80	95	政府机构
659002504504	四连	81.648651	40.540832	0	16	65	乡镇
659003510503	三连	79.466542	39.903773	0	16	65	乡镇
659001005006	明珠社区居委会	86.091920	44.310041	1	80	97	政府机构
659002505529	二十九连	81.289738	40.498642	0	16	65	乡镇
659003513513	二十一连	79.453885	40.045555	0	16	65	乡镇
659003513512	二十连	79.453885	40.045555	0	16	65	乡镇
659002504505	五连	81.648651	40.540832	0	16	65	乡镇
659003510502	二连	79.466542	39.903773	0	16	65	乡镇
659001005007	三十九小区社区居委会	86.091920	44.310041	1	80	95	政府机构
659002503501	一连	81.307205	40.641884	0	16	65	乡镇
659003513400	团部	79.420790	40.028691	1	80	100	UNKNOWN
659002523508	十二连	81.280800	40.547401	0	12	34	城市
659003509518	二十一连	78.802315	39.646226	1	80	100	UNKNOWN
659001002003	二十一小区社区居委会	86.053760	44.307039	1	80	95	政府机构
659002500511	十三连	80.628125	40.624948	1	80	100	UNKNOWN
659002510511	十一连	81.093669	40.596973	0	16	65	乡镇
659003504516	十六连	79.177618	39.830972	0	16	65	乡镇
659002520518	二十连	81.280800	40.547401	0	12	44	城市
659002503517	十四连	81.239645	40.575983	1	80	100	UNKNOWN
659002510507	七连	81.093669	40.596973	0	16	65	乡镇
659002500507	九连	80.759963	40.543237	1	80	100	UNKNOWN
659001001005	十五小区社区居委会	86.027640	44.293133	1	80	95	政府机构
659004003003	龙泉社区居民委员会	87.549055	44.156484	0	50	63	道路
659001100258	朱家庄二连	85.986674	44.329431	0	18	49	乡镇
659002517503	二连	81.280800	40.547401	0	12	24	城市
659002507503	三连	81.809246	40.575943	0	16	65	乡镇
659003513504	四连	79.453885	40.045555	0	16	65	乡镇
659003510514	农一队	79.421250	40.026531	1	80	97	UNKNOWN
659002505400	团部	81.308640	40.506119	0	60	100	UNKNOWN
659004002002	猛进社区居民委员会	87.534061	44.169009	1	80	94	政府机构
659003509522	十九连	78.767357	39.812328	1	80	100	UNKNOWN
659002501506	六连	80.911327	40.599141	1	80	100	UNKNOWN
659001100223	清泉集社区村委会	86.077400	44.371571	0	60	80	UNKNOWN
659002511506	塔河种业六连	81.280800	40.547401	0	12	23	城市
659002520522	良繁站生活区	81.280800	40.547401	0	12	34	城市
659003511515	农二队	79.151460	39.952390	1	80	97	UNKNOWN
659001004010	十三小区社区居委会	86.080300	44.306101	0	16	38	城市
659002200202	达利亚阿格孜村委会	81.117270	40.538020	0	25	47	乡镇
659002516502	二连	81.280800	40.547401	0	12	44	城市
659001004006	六小区第三社区居委会	86.016600	44.305620	0	80	95	地产小区
659003511503	四连	79.129554	39.985305	0	16	65	乡镇
659003501503	三连	79.069200	39.865001	0	14	37	城市
659001100262	朱家庄六连	85.986674	44.329431	0	18	49	乡镇
659002516514	十四连	81.280800	40.547401	0	12	44	城市
659001100235	双泉集社区村委会	85.986674	44.329431	0	18	35	乡镇
659002501510	十连	80.883498	40.591497	0	16	65	乡镇
659001003002	二十四小区社区居委会	86.052025	44.296168	1	80	95	政府机构
659004501508	八连	87.652592	44.320139	0	16	65	乡镇
659004001004	向阳路社区居民委员会	87.521718	44.158887	1	80	94	政府机构
659002522509	九连	81.280800	40.547401	0	12	34	城市
659001101218	沙依巴克村委会	86.035540	44.286690	0	25	47	乡镇
659002506534	十五连	81.487317	40.624639	0	16	65	乡镇
659002509507	七连	81.015494	40.453111	0	16	65	乡镇
659002519507	八连	81.280800	40.547401	0	12	44	城市
659002512520	南管站生活区	81.280800	40.547401	0	12	22	城市
659002520514	十六连	81.280800	40.547401	0	12	44	城市
659001100215	清泉集十一连	85.986674	44.329431	0	18	49	乡镇
659002003001	阳光社区	81.266330	40.556960	0	40	59	道路
659003509514	十五连	79.009176	39.739463	0	16	65	乡镇
659002523504	七连	81.280800	40.547401	0	12	44	城市
659002520502	二连	81.280800	40.547401	0	12	44	城市
659001001009	西公园小区社区居委会	86.027640	44.293133	1	80	97	政府机构
659002523512	十五连	81.280800	40.547401	0	12	34	城市
659003509502	二连	79.009176	39.739463	0	16	65	乡镇
659002506522	二连	81.487317	40.624639	0	16	65	乡镇
659003510518	五连	79.466542	39.903773	0	16	65	乡镇
659002519511	十三连	81.280800	40.547401	0	12	34	城市
659002523400	团部	81.280800	40.547401	0	12	44	城市
659002509511	十一连	81.015494	40.453111	0	16	65	乡镇
659001100254	泉水地八连	85.986674	44.329431	0	18	49	乡镇
659003513508	八连	79.453885	40.045555	0	16	65	乡镇
659004501512	九连	87.652592	44.320139	0	16	65	乡镇
659003504520	二十连	79.177618	39.830972	0	16	65	乡镇
659001101202	河沿村委会	86.035540	44.286690	0	25	70	乡镇
659004502502	二连	87.500719	44.552206	0	16	65	乡镇
659001500504	六连	86.032222	44.200235	0	18	66	乡镇
659002521503	三连	81.280800	40.547401	0	12	34	城市
659004501400	团部	87.543300	44.166700	0	14	46	城市
659003510522	十五连	79.466542	39.903773	0	16	65	乡镇
659002506518	十八连	81.490018	40.561718	1	80	100	UNKNOWN
659001100002	北泉花园社区	86.020623	44.332796	0	60	100	地产小区
659002516518	十八连	81.280800	40.547401	0	12	44	城市
659001500400	团部	86.080300	44.306101	0	16	47	城市
659002522505	五连	81.280800	40.547401	0	12	34	城市
659004501504	四连	87.652592	44.320139	0	16	65	乡镇
659001101214	山丹湖村委会	86.035540	44.286690	0	25	43	乡镇
659002521515	十一连	81.280800	40.547401	0	12	34	城市
659004502514	十四连	87.500719	44.552206	0	16	65	乡镇
659002503521	十八连	81.149837	40.588389	1	80	100	UNKNOWN
659001100239	双泉集四连	85.986674	44.329431	0	18	40	乡镇
